1.000000000 0.000000000 0.000000000 0.000000000 0.000000000 0.999999940 0.000000000 0.000000000 0.000000000 0.000000000 0.999999940 -0.000015259
0.999991357 -0.002494996 -0.003332555 -0.003998917 0.002487700 0.999994457 -0.002191790 -0.004838754 0.003338005 0.002183480 0.999992013 0.666382611
0.999971151 -0.001324769 -0.007471532 -0.009646242 0.001298171 0.999992728 -0.003563115 -0.009727685 0.007476180 0.003553314 0.999965608 1.373551488
0.999934673 -0.001104329 -0.011378138 -0.023292549 0.001047198 0.999986827 -0.005026260 -0.012105116 0.011383563 0.005014013 0.999922574 2.075289011
0.999866605 0.000146936 -0.016333992 -0.042550113 -0.000240787 0.999983430 -0.005744205 -0.014273634 0.016332900 0.005747369 0.999850094 2.805875063
0.999786735 -0.000756648 -0.020631762 -0.057168454 0.000636782 0.999983013 -0.005815746 -0.028459709 0.020635840 0.005801363 0.999770164 3.544085741
0.999684572 0.000998453 -0.025090650 -0.083017550 -0.001180537 0.999973059 -0.007243316 -0.031013804 0.025082776 0.007270647 0.999658823 4.298098564
0.999552488 0.003686290 -0.029685913 -0.118211105 -0.003923100 0.999960840 -0.007922900 -0.038990837 0.029655607 0.008035813 0.999527872 5.063834190
0.999415576 0.003975996 -0.033951513 -0.151186690 -0.004187563 0.999972105 -0.006162634 -0.047849763 0.033926129 0.006301202 0.999404430 5.847287655
0.999247730 0.003319979 -0.038638026 -0.182795733 -0.003464412 0.999987125 -0.003671752 -0.053969212 0.038625404 0.003802844 0.999246478 6.655501366
0.999121606 0.003208522 -0.041780438 -0.221122876 -0.003245383 0.999994338 -0.000814477 -0.065056451 0.041777547 0.000949355 0.999126375 7.459977150
0.999004424 0.004661736 -0.044366937 -0.264338553 -0.004739359 0.999987364 -0.001644543 -0.070586160 0.044358678 0.001853177 0.999013960 8.275753021
0.998914063 0.003909022 -0.046425264 -0.312384188 -0.003994934 0.999990463 -0.001757910 -0.077558190 0.046417911 0.001941467 0.998920143 9.100295067
0.998829424 0.001507744 -0.048347026 -0.345228195 -0.001636743 0.999995232 -0.002628650 -0.082097076 0.048342824 0.002704706 0.998827100 9.937069893
0.998718441 0.001257942 -0.050594728 -0.387138128 -0.001354659 0.999997377 -0.001877291 -0.088465944 0.050592225 0.001943425 0.998717427 10.777700424
0.998654425 -0.000305595 -0.051856227 -0.437694609 0.000178145 0.999997020 -0.002462318 -0.092723675 0.051856812 0.002449768 0.998651445 11.619153023
0.998543561 0.001925580 -0.053914625 -0.489389300 -0.002168495 0.999987841 -0.004447339 -0.108611435 0.053905398 0.004557777 0.998535573 12.479476929
0.998471498 0.002040423 -0.055233780 -0.537239611 -0.002421931 0.999973655 -0.006841091 -0.117497139 0.055218432 0.006964406 0.998449981 13.354753494
0.998370171 0.005860101 -0.056768067 -0.597166121 -0.006340522 0.999945581 -0.008286485 -0.131188050 0.056716483 0.008632920 0.998352945 14.229166985
0.998284876 0.006850177 -0.058140554 -0.649927258 -0.007313624 0.999943137 -0.007762127 -0.144903600 0.058084141 0.008174031 0.998278201 15.123328209
0.998199105 0.006375667 -0.059649382 -0.703356981 -0.006770365 0.999956489 -0.006417190 -0.157383502 0.059605900 0.006809479 0.998198748 16.000274658
0.998133361 0.007099031 -0.060657565 -0.767922938 -0.007433551 0.999958336 -0.005291019 -0.166235179 0.060617514 0.005732041 0.998144627 16.896526337
0.998089731 0.006817194 -0.061402090 -0.830962777 -0.007140270 0.999961793 -0.005043725 -0.184960932 0.061365388 0.005472515 0.998100340 17.800308228
0.997948647 0.006782137 -0.063661098 -0.882954717 -0.007161324 0.999957919 -0.005730022 -0.198698491 0.063619532 0.006174164 0.997955084 18.711059570
0.997895718 0.005295374 -0.064623259 -0.945792079 -0.005700326 0.999965131 -0.006083558 -0.214094251 0.064588763 0.006439129 0.997891128 19.624105453
0.997856021 0.004949541 -0.065260984 -1.003714681 -0.005259881 0.999975562 -0.004584401 -0.222790062 0.065236665 0.004917837 0.997857630 20.546249390
0.997856021 0.006926439 -0.065078445 -1.073330879 -0.007044496 0.999973893 -0.001584737 -0.231104687 0.065065853 0.002039784 0.997878850 21.471403122
0.997917771 0.007916711 -0.064008638 -1.137574911 -0.007796465 0.999967396 0.002128186 -0.240615189 0.064023502 -0.001624713 0.997946978 22.399665833
0.998027444 0.007215581 -0.062360365 -1.203006029 -0.006927054 0.999964297 0.004841757 -0.245571703 0.062393170 -0.004400233 0.998041868 23.335798264
0.998113632 0.006743345 -0.061021123 -1.257485986 -0.006396260 0.999962211 0.005881429 -0.254693180 0.061058488 -0.005480030 0.998119056 24.285562515
0.998195827 0.007256222 -0.059600033 -1.314864397 -0.007082619 0.999970078 0.003123464 -0.263125896 0.059620928 -0.002695707 0.998217404 25.227851868
0.998238504 0.007718232 -0.058823194 -1.375360489 -0.007828043 0.999968052 -0.001636675 -0.267169863 0.058808688 0.002094259 0.998266995 26.169532776
0.998306453 0.007438287 -0.057695232 -1.425334096 -0.007717128 0.999959469 -0.004611667 -0.280148417 0.057658557 0.005049096 0.998323500 27.119235992
0.998360157 0.004692597 -0.057052191 -1.479960799 -0.004911994 0.999980986 -0.003705878 -0.289765298 0.057033673 0.003980039 0.998364210 28.078849792
0.998368144 0.003073346 -0.057021756 -1.544311404 -0.003018880 0.999994874 0.001041331 -0.297101438 0.057024613 -0.000867493 0.998372316 29.060810089
0.998339415 -0.000215970 -0.057605322 -1.595337987 0.000488874 0.999988616 0.004723382 -0.313260347 0.057603657 -0.004743699 0.998328149 30.012207031
0.998226702 -0.007606745 -0.059037615 -1.641270041 0.007863786 0.999960542 0.004122710 -0.319997907 0.059003919 -0.004579657 0.998247206 30.989938736
0.998144746 -0.010052878 -0.060048312 -1.700462461 0.010085484 0.999949038 0.000239922 -0.325352371 0.060042880 -0.000845095 0.998195350 31.953702927
0.998057604 -0.009862030 -0.061511122 -1.762784600 0.009641204 0.999945998 -0.003885820 -0.331296206 0.061546173 0.003285228 0.998098731 32.934757233
0.997951388 -0.008651954 -0.063388556 -1.835322142 0.008372946 0.999954104 -0.004665916 -0.338769794 0.063426055 0.004125607 0.997978032 33.921207428
0.997890949 -0.008678962 -0.064329505 -1.890207171 0.008509174 0.999959588 -0.002912806 -0.358686388 0.064352214 0.002359273 0.997924328 34.893745422
0.997834861 -0.005845686 -0.065509573 -1.961100340 0.005860472 0.999982834 0.000033598 -0.372709423 0.065508284 -0.000417441 0.997851789 35.892662048
0.997735262 -0.005467240 -0.067040198 -2.025453568 0.005564924 0.999983609 0.001270460 -0.387224168 0.067032158 -0.001640655 0.997749388 36.883224487
0.997682393 -0.004183566 -0.067913145 -2.096663713 0.004450608 0.999982893 0.003781310 -0.394747406 0.067896150 -0.004074800 0.997684002 37.859611511
0.997684956 -0.004213873 -0.067874670 -2.164235830 0.004691254 0.999965250 0.006875435 -0.403093994 0.067843378 -0.007177934 0.997670174 38.865921021
0.997656941 0.001652001 -0.068395458 -2.242271662 -0.001026622 0.999957204 0.009177718 -0.407075435 0.068407744 -0.009085996 0.997616053 39.847824097
0.997641981 0.001462682 -0.068616420 -2.322886705 -0.000897473 0.999965370 0.008267352 -0.409319520 0.068626158 -0.008186275 0.997608840 40.849876404
0.997634947 0.001534499 -0.068715863 -2.376728773 -0.001063313 0.999975562 0.006893110 -0.418066621 0.068724789 -0.006803740 0.997612596 41.837055206
0.997643054 0.003980498 -0.068500727 -2.459583998 -0.003677760 0.999982774 0.004545063 -0.421885550 0.068517648 -0.004282420 0.997640729 42.829769135
0.997589767 0.003409930 -0.069302879 -2.531767845 -0.003100036 0.999984622 0.004578685 -0.428282380 0.069317430 -0.004352807 0.997585177 43.803977966
0.997501969 0.001387555 -0.070624053 -2.598743200 -0.000964165 0.999981344 0.006028729 -0.441216737 0.070631117 -0.005945576 0.997484803 44.797218323
0.997439802 0.001755202 -0.071488023 -2.671240091 -0.001247471 0.999973714 0.007146356 -0.449003339 0.071498707 -0.007038882 0.997415781 45.782928467
0.997434855 0.004454920 -0.071439199 -2.756995440 -0.004212680 0.999984801 0.003541170 -0.459415108 0.071453907 -0.003231137 0.997438788 46.758762360
0.997352481 0.005102664 -0.072538398 -2.827676296 -0.005164537 0.999986410 -0.000665429 -0.468404114 0.072534025 0.001038294 0.997365475 47.715480804
0.997289896 0.005806025 -0.073341154 -2.891061068 -0.005970731 0.999980092 -0.002026711 -0.474590182 0.073327929 0.002459120 0.997304857 48.686008453
0.997297466 0.004724070 -0.073316030 -2.966964245 -0.004602899 0.999987721 0.001821593 -0.490144610 0.073323734 -0.001479203 0.997307122 49.667678833
0.997293711 0.002717765 -0.073469907 -3.038483143 -0.002377703 0.999986053 0.004715635 -0.501072705 0.073481694 -0.004528183 0.997286320 50.629367828
0.997258365 0.000428777 -0.073995322 -3.100565195 -0.000023626 0.999985039 0.005476200 -0.510676861 0.073996596 -0.005459439 0.997243524 51.583446503
0.997224808 -0.002885851 -0.074391961 -3.169965029 0.003205990 0.999986112 0.004184392 -0.519051552 0.074378893 -0.004411281 0.997220278 52.543151855
0.997191072 -0.005998883 -0.074658401 -3.239140749 0.006244745 0.999975801 0.003060118 -0.531321764 0.074638277 -0.003517747 0.997204542 53.488086700
0.997105181 -0.007192086 -0.075693183 -3.312503815 0.007511648 0.999964058 0.003937921 -0.538695633 0.075662188 -0.004495105 0.997123301 54.442241669
0.996972799 -0.011093494 -0.076955304 -3.376556158 0.011773113 0.999895573 0.008383273 -0.546213150 0.076854266 -0.009263901 0.996999204 55.376010895
0.996937037 -0.011783916 -0.077315010 -3.455073833 0.012843088 0.999830186 0.013216514 -0.549041212 0.077146120 -0.014168998 0.996919036 56.318653107
0.996872365 -0.010182308 -0.078369692 -3.528676033 0.011425873 0.999815643 0.015435882 -0.550013602 0.078198031 -0.016283046 0.996804833 57.272430420
0.996783137 -0.009130605 -0.079622813 -3.604099512 0.010100412 0.999879479 0.011785741 -0.556459129 0.079505637 -0.012552052 0.996755362 58.199394226
0.996725917 -0.006954822 -0.080554672 -3.688440323 0.007288503 0.999965966 0.003848929 -0.560407400 0.080525205 -0.004423451 0.996742725 59.108646393
0.996644497 -0.005165569 -0.081687644 -3.765557766 0.005102725 0.999986470 -0.000978104 -0.569904745 0.081691645 0.000557992 0.996657491 60.017787933
0.996587873 -0.001132384 -0.082530975 -3.846192360 0.001139149 0.999999285 0.000034846 -0.578022778 0.082530916 -0.000128744 0.996588409 60.923587799
0.996496141 0.001743596 -0.083621502 -3.933412552 -0.001530154 0.999995351 0.002616455 -0.595847785 0.083625712 -0.002479335 0.996494055 61.811786652
0.996375859 0.003876929 -0.084971681 -4.006186008 -0.003546531 0.999985635 0.004038895 -0.607898593 0.084986158 -0.003722904 0.996375084 62.686382294
0.996304512 0.005127699 -0.085737549 -4.085979462 -0.004823010 0.999981284 0.003760478 -0.620576560 0.085755229 -0.003333071 0.996310532 63.544395447
0.996158242 0.006745236 -0.087309830 -4.169123650 -0.006374242 0.999969423 0.004527254 -0.628928423 0.087337688 -0.003953332 0.996170819 64.395492554
0.996024013 0.007631801 -0.088758081 -4.243764400 -0.007196656 0.999960423 0.005221576 -0.641619623 0.088794410 -0.004562052 0.996039510 65.234718323
0.995896578 0.007324553 -0.090202138 -4.319076061 -0.006855275 0.999961257 0.005511214 -0.647228956 0.090239011 -0.004870237 0.995908201 66.058242798
0.995794892 0.007181089 -0.091328382 -4.398267746 -0.006592694 0.999955475 0.006742689 -0.658417404 0.091372751 -0.006112238 0.995797992 66.864341736
0.995649576 0.009758750 -0.092663683 -4.480082512 -0.008914121 0.999914944 0.009524541 -0.665094852 0.092748754 -0.008657092 0.995651960 67.664840698
0.995497584 0.011579867 -0.094076753 -4.556421280 -0.010342868 0.999853611 0.013625830 -0.671874464 0.094220817 -0.012591458 0.995471716 68.447914124
0.995311618 0.014860928 -0.095571868 -4.640649319 -0.013477029 0.999794960 0.015109483 -0.672359228 0.095776871 -0.013750619 0.995307863 69.222846985
0.995142698 0.017584646 -0.096859455 -4.720475197 -0.016579047 0.999800026 0.011177180 -0.683084905 0.097036570 -0.009517053 0.995235205 69.964256287
0.994985819 0.017705685 -0.098435909 -4.794013023 -0.017412411 0.999840915 0.003837727 -0.690171540 0.098488130 -0.002104479 0.995135903 70.688415527
0.994859457 0.016659563 -0.099884659 -4.866411209 -0.016932696 0.999854863 -0.001887292 -0.698211491 0.099838674 0.003568906 0.994997144 71.395027161
0.994793236 0.017308403 -0.100432135 -4.938930988 -0.017712919 0.999838233 -0.003137385 -0.702654421 0.100361533 0.004899995 0.994938910 72.083671570
0.994684279 0.020033075 -0.101003267 -5.019249916 -0.020090131 0.999798000 0.000452358 -0.713650882 0.100991964 0.001579214 0.994886100 72.762504578
0.994542241 0.020249335 -0.102350287 -5.091370583 -0.020073574 0.999794662 0.002747065 -0.729762971 0.102384947 -0.000677538 0.994744658 73.415298462
0.994507670 0.017095355 -0.103258125 -5.154885292 -0.017223915 0.999851465 -0.000353396 -0.744321644 0.103236832 0.002129962 0.994654536 74.043937683
0.994591117 0.009064358 -0.103472166 -5.203993797 -0.009696559 0.999937236 -0.005608449 -0.756368876 0.103414901 0.006581435 0.994616568 74.650329590
0.994753599 0.004926900 -0.102181368 -5.270226479 -0.006019704 0.999927819 -0.010389128 -0.767077804 0.102122881 0.010949720 0.994711518 75.246444702
0.995019913 0.007290944 -0.099409275 -5.319313526 -0.008375255 0.999909818 -0.010494587 -0.780769765 0.099323839 0.011274898 0.994991183 75.821685791
0.995402575 0.012371742 -0.094977766 -5.387218952 -0.013135707 0.999886155 -0.007422595 -0.795624197 0.094875164 0.008636069 0.995451629 76.391784668
0.995846808 0.010790009 -0.090403780 -5.432311058 -0.011210566 0.999928594 -0.004145499 -0.807265162 0.090352632 0.005141756 0.995896518 76.944862366
0.996347427 0.007421412 -0.085068718 -5.464058399 -0.007451696 0.999972284 -0.000038488 -0.819100499 0.085066117 0.000672251 0.996375024 77.493499756
0.997062564 0.002781991 -0.076539449 -5.500402451 -0.002560097 0.999992371 0.002997056 -0.825485945 0.076547176 -0.002792303 0.997062087 78.016456604
0.997813523 0.006466936 -0.065772980 -5.536686897 -0.006277400 0.999975562 0.003087947 -0.837652743 0.065791309 -0.002668311 0.997829914 78.530120850
0.998641074 0.011551872 -0.050818041 -5.560815811 -0.011432227 0.999931216 0.002644467 -0.845996737 0.050845049 -0.002059910 0.998704433 79.035568237
0.999333799 0.016704716 -0.032447156 -5.579201698 -0.016622188 0.999857903 0.002811631 -0.845574737 0.032489493 -0.002270414 0.999469578 79.531181335
0.999829710 0.015057978 -0.010659419 -5.564907551 -0.015023113 0.999881625 0.003343550 -0.852732539 0.010708474 -0.003182842 0.999937654 80.009956360
0.999813914 0.011526920 0.015463620 -5.529338360 -0.011596981 0.999922752 0.004448988 -0.861967921 -0.015411168 -0.004627490 0.999870479 80.457382202
0.998938680 0.010270278 0.044899169 -5.484493256 -0.010559199 0.999924958 0.006202569 -0.872591734 -0.044832125 -0.006670086 0.998972297 80.913131714
0.996895194 0.009828164 0.078123644 -5.430145264 -0.010457891 0.999915957 0.007655629 -0.878553689 -0.078041881 -0.008448867 0.996914268 81.367195129
0.993270159 0.009747496 0.115408912 -5.352716446 -0.010706187 0.999913037 0.007689982 -0.878880978 -0.115323953 -0.008873819 0.993288219 81.804679871
0.987547457 0.009704631 0.157021701 -5.262039185 -0.011116714 0.999905229 0.008117145 -0.890552521 -0.156928033 -0.009761636 0.987561762 82.211212158
0.979310393 0.009474726 0.202142343 -5.147937775 -0.011296038 0.999905288 0.007858289 -0.894485950 -0.202048734 -0.009979114 0.979324639 82.627914429
0.967862666 0.011581943 0.251212835 -5.017585754 -0.013510316 0.999891043 0.005952907 -0.905027509 -0.251116514 -0.009155562 0.967913449 83.027503967
0.952483177 0.012545828 0.304332912 -4.863361359 -0.014204047 0.999893963 0.003235328 -0.913978696 -0.304260015 -0.007404358 0.952560246 83.411689758
0.932735384 0.013317523 0.360315591 -4.686502457 -0.014558703 0.999893785 0.000730771 -0.915260911 -0.360267520 -0.005927346 0.932830095 83.780364990
0.908473074 0.013130357 0.417737186 -4.495828629 -0.014187813 0.999899209 -0.000574025 -0.929166079 -0.417702585 -0.005405295 0.908567727 84.121147156
0.880280554 0.012674222 0.474284142 -4.270584106 -0.012960400 0.999912441 -0.002665756 -0.933581531 -0.474276364 -0.003800299 0.880367756 84.420486450
0.846922934 0.011626898 0.531588316 -4.029850006 -0.010604435 0.999931395 -0.004975584 -0.937277913 -0.531609595 -0.001423257 0.846988201 84.723464966
0.809727013 0.011094837 0.586701751 -3.774551392 -0.009486661 0.999938071 -0.005816495 -0.950606346 -0.586730003 -0.000856068 0.809782088 85.019210815
0.770350099 0.009920359 0.637543917 -3.493095398 -0.008424025 0.999950051 -0.005380676 -0.954719424 -0.637565374 -0.001225682 0.770395219 85.283126831
0.728079796 0.009792453 0.685422361 -3.200233459 -0.010162979 0.999942243 -0.003490444 -0.959805608 -0.685416937 -0.004424611 0.728137374 85.526863098
0.683434844 0.008623702 0.729960561 -2.898883820 -0.008594365 0.999955952 -0.003766829 -0.961978316 -0.729960918 -0.003699165 0.683478832 85.742813110
0.637554049 0.007096704 0.770372987 -2.571849823 -0.005684798 0.999973655 -0.004507107 -0.974979341 -0.770384669 -0.001505890 0.637577534 85.944091797
0.592044294 0.003498915 0.805897832 -2.234489441 0.001138564 0.999985874 -0.005178018 -0.983703613 -0.805904567 0.003983183 0.592032015 86.112777710
0.545440316 0.005315264 0.838132858 -1.902381897 -0.001014435 0.999983251 -0.005681520 -0.995708942 -0.838149011 0.002248699 0.545436621 86.281288147
0.498551637 0.008650174 0.866816759 -1.563621521 -0.004348332 0.999962449 -0.007477921 -0.997111320 -0.866849005 -0.000041077 0.498570710 86.438934326
0.453157425 0.010395475 0.891369820 -1.225635529 -0.004932927 0.999945819 -0.009153917 -1.008526325 -0.891416848 -0.000248895 0.453184277 86.571701050
0.410668135 0.008394272 0.911746264 -0.869739532 0.001766297 0.999948382 -0.010001913 -1.011985779 -0.911783159 0.005717883 0.410632193 86.686576843
0.370452136 0.000418267 0.928851366 -0.495294571 0.016289605 0.999843121 -0.006946988 -1.022406697 -0.928708673 0.017704152 0.370387286 86.794662476
0.335131109 -0.002961372 0.942166805 -0.129171371 0.020319730 0.999785185 -0.004085300 -1.023751736 -0.941952348 0.020513685 0.335119367 86.886444092
0.301865757 0.000773657 0.953349948 0.235229492 0.017820733 0.999820292 -0.006454067 -1.033080697 -0.953183830 0.018937662 0.301797807 86.983673096
0.271036059 0.008428902 0.962532222 0.604185104 0.006968579 0.999918222 -0.010718549 -1.046428680 -0.962543964 0.009612596 0.270955235 87.083908081
0.242613748 0.012981992 0.970036030 0.987064362 0.001888241 0.999902189 -0.013853951 -1.064080954 -0.970121145 0.005192822 0.242565557 87.173599243
0.216878965 0.014499688 0.976090729 1.377616882 0.003259452 0.999873340 -0.015577193 -1.078166008 -0.976193070 0.006559888 0.216804296 87.240684509
0.193374529 0.015942426 0.980995476 1.786981583 0.010375903 0.999778807 -0.018292982 -1.086629272 -0.981070101 0.013716111 0.193166435 87.297912598
0.173487142 0.021906760 0.984592378 2.198564529 0.017213831 0.999532402 -0.025272276 -1.089103460 -0.984685719 0.021333024 0.173028961 87.338989258
0.153518185 0.029022079 0.987719417 2.627151489 0.019202031 0.999292135 -0.032346636 -1.084993482 -0.987959146 0.023932017 0.152852297 87.397499084
0.135877892 0.029624529 0.990282416 3.066628456 0.016851027 0.999339044 -0.032207604 -1.098003983 -0.990582168 0.021063581 0.135288909 87.453880310
0.120542377 0.025440343 0.992382050 3.528118134 0.014766843 0.999514878 -0.027416892 -1.120638847 -0.992598176 0.017959250 0.120108269 87.504318237
0.105968259 0.022384996 0.994117498 3.999129295 0.014870271 0.999599099 -0.024093533 -1.137533903 -0.994258285 0.017335948 0.105592944 87.548637390
0.092808999 0.019817069 0.995486736 4.481581688 0.017216971 0.999620438 -0.021504493 -1.153186440 -0.995535076 0.019135073 0.092432603 87.581008911
0.081170924 0.018938093 0.996520221 4.973355293 0.020772783 0.999570191 -0.020688087 -1.168108463 -0.996483743 0.022379769 0.080742665 87.607192993
0.070835963 0.019675955 0.997293890 5.493630409 0.023752658 0.999488652 -0.021406367 -1.183295846 -0.997205079 0.025204722 0.070332423 87.641067505
0.063217223 0.020268530 0.997793853 6.024908066 0.025973829 0.999421656 -0.021947214 -1.192940950 -0.997661710 0.027303968 0.062654190 87.662780762
0.057625797 0.020483015 0.998128057 6.575138092 0.027595794 0.999374688 -0.022101812 -1.208150864 -0.997956812 0.028817771 0.057024505 87.690437317
0.051998537 0.021575071 0.998414040 7.137594223 0.029213285 0.999305785 -0.023115803 -1.223504066 -0.998219788 0.030368939 0.051332165 87.717155457
0.046148151 0.022313260 0.998685241 7.728581429 0.029321387 0.999289393 -0.023681657 -1.237978101 -0.998504162 0.030375710 0.045461144 87.738281250
0.041698053 0.022262910 0.998882234 8.330820084 0.031926356 0.999211431 -0.023603002 -1.254040122 -0.998620093 0.032874864 0.040954441 87.758293152
0.038830966 0.022245949 0.998998165 8.952567101 0.033453748 0.999162614 -0.023549957 -1.272753477 -0.998685598 0.034334701 0.038054198 87.778198242
0.035726465 0.021876045 0.999122202 9.592586517 0.034503937 0.999137223 -0.023110157 -1.288778067 -0.998765767 0.035299290 0.034940790 87.797538757
0.033329543 0.021104049 0.999221563 10.252034187 0.036365438 0.999089420 -0.022314243 -1.307970285 -0.998782516 0.037080854 0.032531675 87.818023682
0.032796066 0.020720197 0.999247253 10.926969528 0.041084327 0.998912096 -0.022061663 -1.325419188 -0.998617172 0.041776933 0.031909052 87.831329346
0.033784062 0.020407254 0.999220729 11.620992661 0.044130564 0.998785853 -0.021890448 -1.342536569 -0.998454332 0.044835713 0.032842491 87.850891113
0.036146328 0.020441553 0.999137402 12.324616432 0.046039004 0.998695135 -0.022098085 -1.359046698 -0.998285413 0.046798047 0.035158083 87.875289917
0.039881818 0.020337870 0.998997271 13.050644875 0.048413411 0.998579204 -0.022262111 -1.377769351 -0.998030901 0.049252711 0.038840551 87.904571533
0.044458419 0.019602146 0.998818874 13.785470963 0.049016926 0.998560429 -0.021778867 -1.403846383 -0.997807980 0.049927287 0.043433577 87.934616089
0.048139967 0.018085804 0.998676777 14.537165642 0.050437018 0.998516560 -0.020514155 -1.421346903 -0.997566402 0.051357824 0.047156349 87.978744507
0.052119054 0.016326370 0.998507321 15.310862541 0.050354157 0.998551548 -0.018955426 -1.443021536 -0.997370541 0.051266935 0.051221453 88.023757935
0.056429185 0.014252503 0.998304904 16.096700668 0.047385551 0.998733163 -0.016937088 -1.461057425 -0.997281492 0.048260976 0.055682324 88.074440002
0.060359061 0.013369627 0.998087108 16.883543015 0.045877632 0.998816431 -0.016153829 -1.479737401 -0.997121811 0.046764903 0.059674229 88.125389099
0.064293161 0.014472469 0.997826099 17.683666229 0.043153279 0.998919129 -0.017268829 -1.498279333 -0.996997535 0.044169731 0.063599117 88.189460754
0.067546502 0.018112356 0.997551680 18.478906631 0.040985178 0.998940885 -0.020912774 -1.528753161 -0.996873975 0.042297415 0.066732593 88.243247986
0.068924628 0.023518607 0.997344673 19.281751633 0.035007041 0.999049306 -0.025978075 -1.554278255 -0.997007489 0.036704615 0.068035766 88.312133789
0.068467341 0.026688755 0.997296333 20.095535278 0.032351576 0.999056995 -0.028956899 -1.580659032 -0.997128606 0.034246713 0.067539342 88.381423950
0.068242416 0.026615562 0.997313678 20.902963638 0.030243086 0.999129534 -0.028733436 -1.604182720 -0.997210145 0.032122690 0.067378037 88.452789307
0.068252236 0.024943516 0.997356236 21.715808868 0.027443325 0.999262214 -0.026869208 -1.634161472 -0.997290492 0.029204663 0.067517310 88.513191223
0.068338901 0.023350224 0.997388721 22.553602219 0.027920993 0.999289513 -0.025307814 -1.671949506 -0.997271359 0.029577591 0.067638330 88.574119568
0.068758652 0.022351159 0.997382879 23.365352631 0.025647681 0.999378800 -0.024164021 -1.708341837 -0.997303545 0.027242042 0.068142645 88.634071350
0.068678051 0.022678481 0.997381091 24.183273315 0.023764353 0.999420643 -0.024361236 -1.740226984 -0.997355700 0.025375199 0.068099253 88.703002930
0.069036067 0.023287119 0.997342288 25.000600815 0.020680021 0.999479234 -0.024768490 -1.772466660 -0.997399688 0.022334984 0.068518460 88.761222839
0.067925066 0.025053199 0.997375727 25.793415070 0.018068595 0.999489784 -0.026336839 -1.795464993 -0.997526765 0.019810118 0.067437708 88.820587158
0.064846680 0.024955301 0.997583032 26.605253220 0.014724894 0.999554455 -0.025961787 -1.823311806 -0.997786582 0.016372850 0.064450286 88.885292053
0.060795687 0.023513189 0.997873127 27.417648315 0.012479644 0.999626458 -0.024314819 -1.857096195 -0.998072207 0.013931349 0.060479514 88.943412781
0.055658326 0.020943450 0.998230100 28.236600876 0.010385327 0.999713719 -0.021553628 -1.888179541 -0.998395860 0.011566592 0.055424865 88.999496460
0.050188392 0.019080933 0.998557389 29.026582718 0.008187955 0.999776125 -0.019515745 -1.913908482 -0.998706162 0.009155610 0.050020929 89.029464722
0.042159680 0.019352082 0.998923302 29.827177048 0.008031976 0.999773502 -0.019707542 -1.940178633 -0.999078631 0.008854192 0.041994698 89.069488525
0.034024734 0.020118074 0.999218345 30.635486603 0.007566269 0.999763548 -0.020386690 -1.969888091 -0.999392450 0.008254009 0.033864476 89.092201233
0.023866814 0.020583153 0.999503136 31.431716919 0.007307907 0.999757707 -0.020762898 -1.999122858 -0.999688506 0.007799821 0.023710616 89.108581543
0.013808519 0.019521240 0.999714017 32.222511292 0.009154984 0.999765038 -0.019648690 -2.026104689 -0.999862790 0.009423684 0.013626575 89.121047974
0.002702469 0.018744372 0.999820590 33.016441345 0.007777476 0.999793649 -0.018764887 -2.052873373 -0.999966145 0.007826794 0.002556144 89.128189087
-0.008125301 0.017407395 0.999815464 33.801582336 0.009329705 0.999806285 -0.017331416 -2.081982136 -0.999923527 0.009187162 -0.008286118 89.116958618
-0.019276232 0.018321903 0.999646306 34.579059601 0.009807485 0.999787450 -0.018135365 -2.101794720 -0.999766052 0.009454434 -0.019451827 89.103561401
-0.030571938 0.019060304 0.999350786 35.357295990 0.009962265 0.999774337 -0.018763617 -2.125647068 -0.999482810 0.009382158 -0.030754916 89.080963135
-0.040843904 0.019956017 0.998966217 36.126041412 0.009585224 0.999762297 -0.019580022 -2.154530525 -0.999119520 0.008775590 -0.041025490 89.041580200
-0.051303230 0.021041892 0.998461366 36.889938354 0.010294706 0.999736071 -0.020539790 -2.177211285 -0.998630047 0.009225108 -0.051506322 89.002731323
-0.060710397 0.021615343 0.997921288 37.646148682 0.011458330 0.999714673 -0.020957103 -2.208817244 -0.998089671 0.010162200 -0.060940761 88.948005676
-0.070558824 0.021976797 0.997265399 38.396415710 0.011599468 0.999707699 -0.021209925 -2.236792564 -0.997440100 0.010071200 -0.070793137 88.899726868
-0.079784535 0.022616254 0.996555448 39.134777069 0.012217217 0.999689579 -0.021709267 -2.260951042 -0.996737182 0.010443069 -0.080036126 88.838775635
-0.088427171 0.021960916 0.995840490 39.865512848 0.013731008 0.999688745 -0.020826511 -2.285547018 -0.995987952 0.011832264 -0.088701226 88.767471313
-0.095527977 0.020771038 0.995209932 40.588176727 0.015583550 0.999690890 -0.019368725 -2.313485384 -0.995304644 0.013658658 -0.095822148 88.687927246
-0.100811496 0.019206585 0.994720042 41.310558319 0.018278034 0.999680638 -0.017449947 -2.338290215 -0.994737506 0.016422380 -0.101130374 88.613929749
-0.104656622 0.017542550 0.994353592 42.019363403 0.021664074 0.999647260 -0.015355777 -2.360737085 -0.994272351 0.019934671 -0.104999781 88.534553528
-0.107245035 0.016667807 0.994092941 42.713615417 0.022923637 0.999635100 -0.014287680 -2.378533125 -0.993968248 0.021255948 -0.107587971 88.454620361
-0.109039962 0.015665149 0.993913829 43.400474548 0.022771390 0.999652743 -0.013257408 -2.400581360 -0.993776441 0.021187220 -0.109358788 88.382369995
-0.109742790 0.016156781 0.993828654 44.076400757 0.023877721 0.999622166 -0.013614284 -2.419859648 -0.993673086 0.022236291 -0.110087067 88.304672241
-0.108816668 0.017196961 0.993913054 44.728927612 0.024497038 0.999593139 -0.014613222 -2.437639475 -0.993759811 0.022757763 -0.109193623 88.235671997
-0.105634555 0.018561495 0.994231761 45.348896027 0.025462160 0.999548435 -0.015955463 -2.461739540 -0.994078934 0.023629840 -0.106059432 88.169685364
-0.100604810 0.019314013 0.994738936 45.968414307 0.025531434 0.999532402 -0.016824914 -2.479949236 -0.994598746 0.023704443 -0.101050846 88.107940674
-0.092672408 0.020251060 0.995490611 46.565048218 0.025401464 0.999515831 -0.017968263 -2.496264935 -0.995372534 0.023621757 -0.093141913 88.057922363
-0.081459120 0.020101655 0.996473908 47.150928497 0.023666555 0.999553621 -0.018229106 -2.520974398 -0.996395588 0.022098178 -0.081898466 88.021606445
-0.067960650 0.020100452 0.997485518 47.697753906 0.023260156 0.999557137 -0.018557440 -2.544747829 -0.997416794 0.021940490 -0.068398073 87.996177673
-0.050857428 0.021365330 0.998477280 48.258647919 0.022063628 0.999551117 -0.020264495 -2.570668221 -0.998462021 0.020999433 -0.051305976 87.984138489
-0.029426305 0.023902602 0.999281168 48.758945465 0.020538149 0.999517441 -0.023303462 -2.590827942 -0.999355853 0.019837653 -0.029902996 87.980522156
-0.004597371 0.026942473 0.999626398 49.285655975 0.018487532 0.999468386 -0.026853193 -2.613231897 -0.999818385 0.018357171 -0.005093003 87.995750427
0.023483166 0.028716937 0.999311745 49.798641205 0.016821388 0.999434590 -0.029115761 -2.633232355 -0.999582648 0.017493542 0.022986846 88.033828735
0.056769084 0.028170848 0.997989833 50.309703827 0.014005302 0.999481022 -0.029009614 -2.656416416 -0.998288989 0.015623998 0.056345101 88.079711914
0.095491186 0.024905153 0.995118678 50.775272369 0.012577848 0.999577045 -0.026223702 -2.688586235 -0.995350718 0.015020586 0.095137544 88.125091553
0.137285933 0.022130411 0.990284145 51.300987244 0.011581781 0.999646127 -0.023945244 -2.694949865 -0.990463674 0.014756603 0.136981025 88.230598450
0.183011860 0.018033333 0.982945263 51.790382385 0.009105282 0.999757707 -0.020037068 -2.712197304 -0.983068466 0.012617018 0.182803318 88.343345642
0.231562734 0.014893348 0.972705960 52.273872375 0.004865806 0.999852657 -0.016467350 -2.727446556 -0.972807825 0.008546227 0.231456101 88.485076904
0.283197194 0.013327017 0.958969057 52.735099792 0.001021283 0.999898672 -0.014197425 -2.745868683 -0.959061146 0.005000051 0.283154845 88.655097961
0.337820768 0.012865703 0.941122413 53.184509277 -0.000475879 0.999908745 -0.013498527 -2.763013840 -0.941210330 0.004112226 0.337796092 88.851623535
0.394465357 0.013852309 0.918806374 53.595252991 0.002650467 0.999864995 -0.016212292 -2.770861149 -0.918906868 0.008830456 0.394375503 89.066772461
0.454864264 0.016275750 0.890412033 54.011253357 0.003829037 0.999787867 -0.020231074 -2.794623613 -0.890552461 0.012611816 0.454705507 89.307266235
0.515162885 0.019781880 0.856863976 54.411697388 0.004738196 0.999652565 -0.025927044 -2.809642076 -0.857079089 0.017416643 0.514890194 89.572380066
0.573941469 0.024782833 0.818521261 54.766235352 0.001246559 0.999514401 -0.031136937 -2.808774710 -0.818895340 0.018891118 0.573631763 89.855804443
0.626780033 0.028469933 0.778675973 55.079299927 -0.003275926 0.999419749 -0.033903878 -2.817077398 -0.779189348 0.018699382 0.626509488 90.199905396
0.680040240 0.028781125 0.732609510 55.404102325 -0.004706953 0.999380052 -0.034892205 -2.838626146 -0.733159721 0.020279743 0.679754019 90.542457581
0.728941977 0.026487805 0.684062898 55.699138641 -0.004724165 0.999422073 -0.033664826 -2.858224392 -0.684559226 0.021308076 0.728645742 90.902976990
0.773229957 0.023657959 0.633684218 55.947162628 -0.007261056 0.999568641 -0.028457845 -2.872079372 -0.634084165 0.017403243 0.773068070 91.284324646
0.814330041 0.020154577 0.580052137 56.190990448 -0.008651186 0.999707341 -0.022590654 -2.870658875 -0.580337644 0.013378113 0.814266086 91.694068909
0.850850999 0.018274106 0.525089324 56.409252167 -0.011349865 0.999801099 -0.016403740 -2.878506660 -0.525284529 0.007997446 0.850889146 92.119216919
0.881533504 0.014999796 0.471883237 56.589454651 -0.012145689 0.999884784 -0.009093857 -2.887866020 -0.471965343 0.002285194 0.881614208 92.552856445
0.906964242 0.016063305 0.420901418 56.747421265 -0.016173281 0.999863684 -0.003308447 -2.901862621 -0.420897096 -0.003806715 0.907100439 92.985328674
0.926517844 0.017539278 0.375842035 56.859649658 -0.019317690 0.999812961 0.000963664 -2.921963453 -0.375754833 -0.008153250 0.926683247 93.395950317
0.941568017 0.023233056 0.336021185 56.981491089 -0.025872011 0.999659538 0.003378058 -2.926049471 -0.335828304 -0.011874212 0.941848397 93.847991943
0.953310609 0.027502242 0.300736815 57.090835571 -0.029636199 0.999557376 0.002535183 -2.928077459 -0.300534010 -0.011329514 0.953703821 94.307785034
0.962327123 0.030044852 0.270229280 57.192935944 -0.031921253 0.999487042 0.002550571 -2.926620722 -0.270014077 -0.011080539 0.962792575 94.773277283
0.968298972 0.024885291 0.248551726 57.299938202 -0.026461409 0.999645293 0.003001718 -2.934834242 -0.248388886 -0.009483589 0.968614042 95.239578247
0.972192287 0.022267692 0.233123600 57.405128479 -0.023827979 0.999708533 0.003878477 -2.945307255 -0.232969269 -0.009325488 0.972439408 95.726585388
0.975066006 0.026201468 0.220363021 57.498275757 -0.027679645 0.999610245 0.003622287 -2.948843241 -0.220182195 -0.009631538 0.975411296 96.217994690
0.976990998 0.031707469 0.210910857 57.583000183 -0.033419058 0.999431014 0.004554928 -2.950775862 -0.210646436 -0.011498567 0.977494657 96.731689453
0.978182077 0.037790567 0.204283029 57.685985565 -0.039078198 0.999233425 0.002271327 -2.935350418 -0.204040632 -0.010204785 0.978909135 97.238891602
0.978525996 0.043541409 0.201472133 57.777191162 -0.044215910 0.999021232 -0.001153446 -2.940930843 -0.201325178 -0.007779592 0.979493618 97.757881165
0.978642821 0.045061834 0.200568140 57.882972717 -0.045197118 0.998970389 -0.003906970 -2.946664810 -0.200537711 -0.005241571 0.979671896 98.296974182
0.978086233 0.044052489 0.203485981 57.991336823 -0.043453086 0.999027848 -0.007414787 -2.957736015 -0.203614861 -0.001589791 0.979049742 98.831794739
0.977359951 0.042424709 0.207286552 58.112335205 -0.040311489 0.999083221 -0.014409919 -2.957125187 -0.207707912 0.005727650 0.978174090 99.387939453
0.976585865 0.042115841 0.210964903 58.243080139 -0.039022561 0.999061286 -0.018806096 -2.964204788 -0.211558893 0.010133375 0.977312684 99.957542419
0.975334823 0.046954356 0.215678632 58.357978821 -0.043988157 0.998860121 -0.018535214 -2.973711014 -0.216303095 0.008590731 0.976288378 100.542694092
0.973918736 0.050137870 0.221288294 58.485885620 -0.048111163 0.998736084 -0.014542725 -2.985874414 -0.221737757 0.003516992 0.975100040 101.131164551
0.973004937 0.046800949 0.225989014 58.629684448 -0.045715619 0.998904109 -0.010036448 -2.996444702 -0.226211086 -0.000565718 0.974078178 101.727462769
0.972287238 0.042754512 0.229846835 58.777828217 -0.042904548 0.999069810 -0.004347160 -3.008928299 -0.229818910 -0.005634787 0.973217010 102.350891113
0.971538186 0.040395021 0.233413339 58.934890747 -0.041680597 0.999130785 0.000575705 -3.022335529 -0.233187139 -0.010288126 0.972377419 102.980735779
0.970943511 0.035673548 0.236634880 59.088310242 -0.037005663 0.999314368 0.001188828 -3.028676987 -0.236430168 -0.009911116 0.971597910 103.618186951
0.970948875 0.032212887 0.237108678 59.246421814 -0.032629829 0.999465227 -0.002166780 -3.033328533 -0.237051606 -0.005632984 0.971480668 104.261253357
0.971107423 0.031564180 0.236546099 59.408435822 -0.030306641 0.999500632 -0.008951382 -3.044324160 -0.236710444 0.001523835 0.971578956 104.905372620
0.971328855 0.033966042 0.235300735 59.566947937 -0.031179188 0.999392748 -0.015555265 -3.055833817 -0.235686198 0.007772791 0.971798003 105.553459167
0.971945345 0.036652185 0.232333750 59.723976135 -0.033036463 0.999265134 -0.019435890 -3.063087940 -0.232875392 0.011215134 0.972441852 106.230445862
0.972482502 0.035454426 0.230262846 59.880393982 -0.032808576 0.999344409 -0.015310392 -3.070916176 -0.230654761 0.007334488 0.973007917 106.927589417
0.972865582 0.031479541 0.229219273 60.041969299 -0.030559594 0.999504268 -0.007562861 -3.088311672 -0.229343742 0.000352797 0.973345280 107.633476257
0.973466754 0.031856425 0.226599976 60.214164734 -0.032362733 0.999475062 -0.001481285 -3.105727911 -0.226528212 -0.005891416 0.973986745 108.369598389
0.973698258 0.035402603 0.225073889 60.369953156 -0.035803754 0.999356151 -0.002300369 -3.114720106 -0.225010395 -0.005818629 0.974338889 109.101211548
0.974064827 0.040744878 0.222569883 60.526550293 -0.040194679 0.999167323 -0.007003298 -3.123425007 -0.222669870 -0.002124460 0.974891543 109.829414368
0.974871039 0.041752029 0.218822360 60.687820435 -0.040081795 0.999123514 -0.012068462 -3.135050058 -0.219134361 0.002994401 0.975690067 110.572769165
0.975822449 0.040251739 0.214826211 60.852844238 -0.037908863 0.999168396 -0.015016455 -3.145943642 -0.215251878 0.006509576 0.976536810 111.328804016
0.976765215 0.038207591 0.210878909 61.020095825 -0.036153279 0.999253869 -0.013589813 -3.157577991 -0.211240709 0.005650092 0.977417707 112.104019165
0.977566481 0.034740593 0.207742929 61.184509277 -0.033114646 0.999387622 -0.011300342 -3.176121235 -0.208008319 0.004167502 0.978118181 112.882308960
0.978012681 0.033383548 0.205856368 61.349075317 -0.032327231 0.999441147 -0.008493596 -3.190183640 -0.206024915 0.001652078 0.978545368 113.675483704
0.978317618 0.030555457 0.204843789 61.513019562 -0.029889947 0.999533057 -0.006343036 -3.200757980 -0.204941943 0.000082735 0.978774130 114.475257874
0.978554070 0.025299555 0.204430073 61.683959961 -0.024784977 0.999679863 -0.005077576 -3.212839365 -0.204493120 -0.000098114 0.978868008 115.271087646
0.978646815 0.026134273 0.203880340 61.846015930 -0.025956113 0.999656737 -0.003548299 -3.223117590 -0.203903124 -0.001819411 0.978989363 116.074691772
0.978454232 0.031326171 0.204073638 62.008251190 -0.030841267 0.999508798 -0.005556891 -3.233468056 -0.204147518 -0.000856729 0.978939772 116.899139404
0.978161216 0.036784325 0.204566658 62.171707153 -0.035735592 0.999322295 -0.008819805 -3.248624086 -0.204752445 0.001316883 0.978812873 117.718490601
0.977588415 0.045609586 0.205525443 62.330921173 -0.044416837 0.998958707 -0.010415837 -3.258805752 -0.205786481 0.001053614 0.978596389 118.552940369
0.976698637 0.051392969 0.208370835 62.494285583 -0.050412893 0.998678207 -0.010015009 -3.272583485 -0.208610073 -0.000722929 0.977998614 119.377090454
0.975888550 0.053873394 0.211516231 62.661071777 -0.053405050 0.998541415 -0.007930583 -3.292967558 -0.211634979 -0.003556667 0.977342248 120.225990295
0.975350559 0.054475475 0.213830680 62.845073700 -0.053876679 0.998510301 -0.008631479 -3.314023018 -0.213982329 -0.003101769 0.976832628 121.063545227
0.974981964 0.052805461 0.215920776 63.023365021 -0.051481809 0.998604774 -0.011754101 -3.323713779 -0.216240183 0.000344045 0.976340115 121.897521973
0.974984586 0.046705663 0.217310175 63.213134766 -0.045570511 0.998908699 -0.010234949 -3.342052460 -0.217551067 0.000075981 0.976049066 122.745956421
0.975296438 0.040126566 0.217225343 63.414535522 -0.038483698 0.999189615 -0.011789839 -3.364219427 -0.217522413 0.003138954 0.976050317 123.562042236
0.975032687 0.039448325 0.218528748 63.596138000 -0.037829760 0.999216974 -0.011587379 -3.387830257 -0.218814731 0.003031182 0.975761592 124.407447815
0.974514425 0.041969784 0.220363155 63.782546997 -0.041003086 0.999118805 -0.008961089 -3.401496410 -0.220545053 -0.000302860 0.975376606 125.255157471
0.974056661 0.044208243 0.221943721 63.959045410 -0.044627551 0.998998880 -0.003127869 -3.418592930 -0.221859768 -0.006858081 0.975054443 126.095718384
0.973673642 0.048013233 0.222832516 64.142387390 -0.049477935 0.998774767 0.000991578 -3.436516523 -0.222511828 -0.011990764 0.974856138 126.939315796
0.973387539 0.047643907 0.224157527 64.325759888 -0.047710497 0.998848140 -0.005122350 -3.457453012 -0.224143341 -0.005708635 0.974539459 127.769226074
0.973780632 0.042713683 0.223442927 64.523330688 -0.039321873 0.999034166 -0.019609230 -3.477527142 -0.224064693 0.010308893 0.974519670 128.581314087
