0.564249158 0.038598318 -0.824701726 193.377441406 -0.007679612 0.999108672 0.041506764 -9.335248947 0.825568736 -0.017086769 0.564042687 204.216674805
0.554563224 0.032029256 -0.831524909 192.849166870 -0.003968011 0.999349356 0.035847273 -9.309724808 0.832132041 -0.016580079 0.554329515 204.561187744
0.543811679 0.028952172 -0.838707626 192.299285889 -0.002213498 0.999450684 0.033065803 -9.286306381 0.839204252 -0.016125092 0.543577075 204.911041260
0.533219159 0.023932448 -0.845638454 191.732086182 0.002731504 0.999545813 0.030010540 -9.267042160 0.845972598 -0.018312067 0.532911658 205.266906738
0.522471011 0.018812008 -0.852449477 191.151702881 0.008585279 0.999589801 0.027321097 -9.249393463 0.852613807 -0.021592997 0.522095203 205.627151489
0.512937725 0.015328647 -0.858289003 190.556381226 0.016989442 0.999463439 0.028003329 -9.230992317 0.858257771 -0.028945813 0.512402058 205.986129761
0.503505826 0.013467042 -0.863886952 189.943435669 0.022072334 0.999351680 0.028443383 -9.216207504 0.863709688 -0.033389412 0.502882242 206.352996826
0.495207042 0.013618305 -0.868668258 189.315078735 0.024075473 0.999278128 0.029390756 -9.196734428 0.868441284 -0.035468113 0.494521618 206.705429077
0.487872839 0.016856011 -0.872751951 188.663101196 0.024935607 0.999136388 0.033236090 -9.178467751 0.872558415 -0.037977595 0.487031162 207.062820435
0.482124954 0.020077311 -0.875872314 188.016143799 0.031312063 0.998703778 0.040128700 -9.155033112 0.875542581 -0.046772428 0.480871379 207.421844482
0.477637827 0.023278847 -0.878248274 187.347595215 0.036905166 0.998234868 0.046530195 -9.131495476 0.877781272 -0.054636486 0.475935638 207.796981812
0.475227445 0.024827776 -0.879512608 186.675842285 0.037750583 0.998105824 0.048573337 -9.105527878 0.879052758 -0.056285489 0.473390013 208.152603149
0.473351926 0.022218481 -0.880593181 185.996337891 0.038246829 0.998220563 0.045745485 -9.077496529 0.880042672 -0.055333607 0.471659839 208.518432617
0.471904486 0.017669387 -0.881472647 185.312713623 0.039327797 0.998382151 0.041067369 -9.047954559 0.880772054 -0.054046258 0.470446050 208.882690430
0.470788330 0.018319000 -0.882055998 184.611907959 0.037715975 0.998452365 0.040866897 -9.016401291 0.881439626 -0.052507255 0.469368815 209.251831055
0.470166564 0.021660138 -0.882311761 183.903320312 0.035391890 0.998431921 0.043370437 -8.991992950 0.881867766 -0.051618017 0.468662649 209.626953125
0.469416261 0.024890229 -0.882626116 183.185485840 0.031403475 0.998499572 0.044859517 -8.964156151 0.882418334 -0.048775312 0.467930257 209.996368408
0.468485355 0.024965160 -0.883118570 182.452911377 0.026391938 0.998759031 0.042234901 -8.938680649 0.883076966 -0.043093640 0.467245162 210.380126953
0.468290806 0.022098258 -0.883298039 181.723693848 0.024419937 0.998981655 0.037938938 -8.915349007 0.883236825 -0.039336536 0.467274308 210.759857178
0.467579752 0.017671457 -0.883774221 180.982894897 0.022760337 0.999227941 0.032021858 -8.885031700 0.883657694 -0.035087768 0.466816574 211.149414062
0.467723846 0.016748974 -0.883715987 180.231567383 0.022173354 0.999283433 0.030674992 -8.862667084 0.883596480 -0.033942372 0.467017293 211.537796021
0.468040198 0.018386766 -0.883515894 179.462768555 0.022855606 0.999197185 0.032901902 -8.843731880 0.883411527 -0.035592698 0.467244238 211.935104370
0.467978477 0.022601219 -0.883450925 178.705993652 0.024085205 0.998975396 0.038315006 -8.819474220 0.883411527 -0.039208688 0.466954648 212.349121094
0.468067944 0.027170578 -0.883274734 177.937118530 0.025957312 0.998673141 0.044475764 -8.795170784 0.883311033 -0.043745115 0.466741621 212.761550903
0.468612909 0.030548725 -0.882875264 177.159683228 0.026068291 0.998488426 0.048385646 -8.764708519 0.883018732 -0.045689188 0.467108220 213.166107178
0.469090015 0.031925168 -0.882573128 176.373352051 0.021868289 0.998619974 0.047745977 -8.738389969 0.882879555 -0.041697524 0.467744529 213.576629639
0.470126897 0.031845845 -0.882024109 175.592941284 0.016915128 0.998840034 0.045079462 -8.705766678 0.882436693 -0.036112621 0.469042927 213.980682373
0.470318645 0.028243866 -0.882044554 174.817901611 0.017405886 0.998996317 0.041269839 -8.676685333 0.882324934 -0.034762748 0.469355017 214.397155762
0.470444083 0.028300406 -0.881975949 174.055221558 0.017384287 0.998994410 0.041327987 -8.650145531 0.882258534 -0.034775026 0.469479024 214.801132202
0.470265478 0.028567288 -0.882062376 173.284149170 0.017824052 0.998964667 0.041856155 -8.625338554 0.882344961 -0.035405435 0.469269305 215.208175659
0.469736516 0.029741488 -0.882305443 172.514190674 0.019276951 0.998848438 0.043932997 -8.598464012 0.882596135 -0.037645094 0.468622237 215.623550415
0.469256282 0.029232522 -0.882578015 171.735916138 0.019837704 0.998850703 0.043631148 -8.570087433 0.882839143 -0.037982509 0.468137056 216.039581299
0.469127357 0.031834390 -0.882556498 170.958923340 0.017220581 0.998830318 0.045182146 -8.545846939 0.882962525 -0.036394320 0.468030453 216.442245483
0.469218969 0.033389349 -0.882450402 170.194503784 0.018104564 0.998711109 0.047414929 -8.520266533 0.882896245 -0.038224369 0.468009740 216.850967407
0.469301432 0.031807180 -0.882465005 169.431259155 0.022669466 0.998587668 0.048048444 -8.493725777 0.882747114 -0.042554218 0.467917562 217.262207031
0.468694896 0.027493693 -0.882932127 168.667419434 0.023506168 0.998773336 0.043578874 -8.471761703 0.883047283 -0.041179541 0.467473656 217.668853760
0.467997283 0.019381693 -0.883517265 167.911392212 0.023790697 0.999120891 0.034519561 -8.448362350 0.883409560 -0.037174553 0.467124641 218.065078735
0.466475487 0.014673048 -0.884412348 167.150421143 0.026457643 0.999183536 0.030532029 -8.422966003 0.884138405 -0.037641909 0.465706289 218.466537476
0.465385288 0.016191827 -0.884959996 166.408355713 0.030507863 0.998945177 0.034320932 -8.404145241 0.884582222 -0.042970702 0.464400381 218.864562988
0.464931905 0.023257896 -0.885040879 165.652694702 0.028292002 0.998754084 0.041108571 -8.395098686 0.884894311 -0.044152260 0.463694632 219.255538940
0.464388400 0.024988852 -0.885279000 164.914108276 0.024391698 0.998861909 0.040990047 -8.373556137 0.885295749 -0.040628761 0.463250250 219.631500244
0.463607877 0.021656161 -0.885775805 164.191390991 0.025651084 0.998954177 0.037848800 -8.353950500 0.885669112 -0.040268112 0.462567449 220.008773804
0.462397009 0.018530713 -0.886479318 163.486419678 0.030635657 0.998850703 0.036859568 -8.333859444 0.886143565 -0.044201627 0.461297840 220.387039185
0.461468577 0.020736611 -0.886914134 162.793609619 0.030410584 0.998769522 0.039174728 -8.320968628 0.886635184 -0.045049492 0.460270047 220.742782593
0.460062861 0.023386505 -0.887578309 162.116424561 0.030773202 0.998632431 0.042263456 -8.305545807 0.887352943 -0.046757475 0.458713919 221.091995239
0.457397640 0.021422399 -0.889004171 161.458587646 0.033226915 0.998599887 0.041158769 -8.288148880 0.888641238 -0.048364785 0.456045419 221.433410645
0.453885883 0.021159304 -0.890808582 160.820495605 0.034254320 0.998564661 0.041172132 -8.272546768 0.890401125 -0.049201492 0.452509582 221.757843018
0.449577957 0.023825318 -0.892923295 160.200805664 0.031197676 0.998615384 0.042353161 -8.255971909 0.892696083 -0.046898182 0.448212206 222.062927246
0.443660498 0.024387129 -0.895863056 159.595092773 0.030134931 0.998658359 0.042109221 -8.235118866 0.895688117 -0.045678973 0.442330420 222.355346680
0.436335564 0.028462220 -0.899333775 159.013763428 0.027143652 0.998628199 0.044774175 -8.223107338 0.899374485 -0.043947771 0.434964448 222.626068115
0.428467721 0.030656986 -0.903036833 158.439361572 0.025761144 0.998603404 0.046124354 -8.212224960 0.903189719 -0.043026060 0.427079588 222.885391235
0.418985903 0.029206648 -0.907522917 157.889480591 0.023334865 0.998806000 0.042917658 -8.199169159 0.907692850 -0.039158817 0.417804122 223.126190186
0.407300234 0.022757517 -0.913010657 157.348937988 0.026112195 0.998990536 0.036549464 -8.190826416 0.912920952 -0.038727321 0.406294852 223.362319946
0.392065436 0.014423304 -0.919824243 156.817687988 0.031167513 0.999094784 0.028951135 -8.174966812 0.919409156 -0.040019374 0.391260952 223.587158203
0.372114480 0.010676072 -0.928125501 156.278244019 0.034443289 0.999086320 0.025301717 -8.166199684 0.927547514 -0.041382816 0.371406764 223.792495728
0.346569300 0.012242049 -0.937944472 155.732086182 0.033557545 0.999113023 0.025439890 -8.152085304 0.937423885 -0.040291794 0.345851004 223.977188110
0.317082882 0.018434683 -0.948218703 155.169799805 0.030570293 0.999092937 0.029646410 -8.138436317 0.947904944 -0.038387690 0.316231638 224.145965576
0.285666764 0.024733152 -0.958009839 154.600128174 0.027265454 0.999052346 0.033922985 -8.130508423 0.957941055 -0.035811238 0.284721673 224.305633545
0.251682013 0.029245833 -0.967368066 154.045135498 0.024747675 0.999021888 0.036641460 -8.113317490 0.967493534 -0.033162106 0.250712067 224.430267334
0.217210948 0.034591757 -0.975511611 153.497680664 0.020877076 0.998978555 0.040072467 -8.112573624 0.975901425 -0.029069999 0.216266900 224.511718750
0.181404561 0.037403446 -0.982696950 152.944305420 0.018874766 0.998959899 0.041506708 -8.096299171 0.983227372 -0.026077678 0.180509746 224.599456787
0.146388054 0.039490379 -0.988438606 152.395294189 0.017019171 0.998954475 0.042431049 -8.084436417 0.989080787 -0.023033803 0.145562768 224.649475098
0.111588910 0.041142628 -0.992902398 151.845581055 0.015587958 0.998947203 0.043144982 -8.069447517 0.993632257 -0.020291818 0.110829972 224.679336548
0.076463759 0.042653680 -0.996159494 151.290908813 0.013465912 0.998949170 0.043806754 -8.055202484 0.996981382 -0.016763827 0.075809084 224.700942993
0.041804910 0.041449215 -0.998265564 150.722167969 0.008769804 0.999085367 0.041850511 -8.037429810 0.999087334 -0.010504152 0.041403159 224.692901611
0.009851344 0.041369401 -0.999095321 150.149200439 0.001411776 0.999142289 0.041385263 -8.012969971 0.999950409 -0.001818203 0.009784549 224.660140991
-0.017292321 0.043127269 -0.998919845 149.575027466 -0.002860680 0.999063015 0.043182973 -7.987983704 0.999846399 0.003604329 -0.017152786 224.625183105
-0.039605130 0.047437768 -0.998088658 148.978775024 -0.002543965 0.998864353 0.047575586 -7.958646297 0.999212265 0.004423345 -0.039439499 224.584304810
-0.057496917 0.054560892 -0.996853650 148.373825073 -0.003760739 0.998486459 0.054867186 -7.934176922 0.998338580 0.006903607 -0.057204753 224.533279419
-0.071248956 0.061395764 -0.995567203 147.754440308 -0.006543648 0.998053491 0.062017404 -7.908393860 0.997437119 0.010933325 -0.070708573 224.476455688
-0.082902491 0.062215224 -0.994613647 147.115707397 -0.011458204 0.997923791 0.063377351 -7.879824638 0.996491790 0.016650625 -0.082017332 224.408660889
-0.092344865 0.062781796 -0.993745804 146.480850220 -0.015195072 0.997805178 0.064450279 -7.840359688 0.995611072 0.021051696 -0.091188125 224.335266113
-0.097038060 0.063423179 -0.993257761 145.822738647 -0.014316147 0.997775316 0.065110289 -7.803239346 0.995177686 0.020537805 -0.095914178 224.262741089
-0.099707752 0.063020594 -0.993018925 145.151504517 -0.010281298 0.997873724 0.064361028 -7.758587360 0.994963646 0.016626822 -0.098847710 224.196746826
-0.101450339 0.063234612 -0.992828846 144.440093994 -0.005592291 0.997925818 0.064130694 -7.721977234 0.994824767 0.012058273 -0.100886375 224.125518799
-0.102506205 0.060665265 -0.992880762 143.732818604 -0.003588330 0.998109639 0.061355207 -7.680540085 0.994725823 0.009852079 -0.102094747 224.051010132
-0.102622464 0.056309137 -0.993125319 143.019958496 0.000167227 0.998397529 0.056590788 -7.644541740 0.994720399 0.005641414 -0.102467462 223.974411011
-0.103035271 0.051995862 -0.993317723 142.281402588 0.005130831 0.998647273 0.051742624 -7.605572701 0.994664431 0.000234769 -0.103162766 223.908355713
-0.102646284 0.049933355 -0.993463695 141.532119751 0.007714862 0.998749197 0.049401887 -7.564729214 0.994687915 -0.002593515 -0.102903135 223.832061768
-0.101765953 0.052185610 -0.993438542 140.760635376 0.007833302 0.998634219 0.051656101 -7.525604725 0.994777441 -0.002525074 -0.102035791 223.749633789
-0.100352049 0.057916410 -0.993264914 139.972015381 0.008405291 0.998318017 0.057361856 -7.487889290 0.994916439 -0.002592298 -0.100670010 223.670501709
-0.098714456 0.060691394 -0.993263364 139.164154053 0.009304009 0.998151004 0.060065389 -7.445185661 0.995072246 -0.003312007 -0.099096648 223.591995239
-0.095738709 0.056334235 -0.993811071 138.348236084 0.006788787 0.998410881 0.055940986 -7.405688286 0.995383322 -0.001391052 -0.095969066 223.506362915
-0.091918379 0.047775719 -0.994619787 137.539611816 0.004794742 0.998857915 0.047536194 -7.366046906 0.995754957 -0.000399495 -0.092042476 223.419204712
-0.087944932 0.042019378 -0.995238721 136.696380615 0.008558157 0.999104738 0.041426376 -7.320724964 0.996088564 -0.004874168 -0.088225849 223.349426270
-0.083254635 0.043046508 -0.995598137 135.837768555 0.014113242 0.999017239 0.042014163 -7.287185669 0.996428311 -0.010553244 -0.083780326 223.278503418
-0.078147739 0.045897126 -0.995884776 134.945251465 0.019552847 0.998818040 0.044497997 -7.254975319 0.996749997 -0.015994964 -0.078952730 223.209808350
-0.074055389 0.048909225 -0.996054113 134.045883179 0.020488603 0.998660266 0.047513910 -7.217262745 0.997043610 -0.016889092 -0.074958354 223.144149780
-0.069654845 0.050891943 -0.996272206 133.134613037 0.021865996 0.998535633 0.049478810 -7.171082973 0.997331500 -0.018338040 -0.070665687 223.082534790
-0.065739483 0.054999501 -0.996319890 132.204147339 0.024537874 0.998266876 0.053487919 -7.131452084 0.997534990 -0.020931302 -0.066975206 223.026870728
-0.062643729 0.056537468 -0.996433258 131.270919800 0.022678971 0.998217046 0.055212896 -7.088466644 0.997778237 -0.019139338 -0.063814342 222.964096069
-0.059731424 0.052779086 -0.996818185 130.305358887 0.029704617 0.998252869 0.051075093 -7.041477680 0.997772336 -0.026559310 -0.061194927 222.910018921
-0.058095120 0.048268475 -0.997143447 129.341369629 0.038736571 0.998187125 0.046062149 -6.994452000 0.997559249 -0.035949923 -0.059859652 222.863174438
-0.057916101 0.040282492 -0.997508407 128.383392334 0.037961256 0.998551905 0.038120560 -6.962720394 0.997599363 -0.035658877 -0.059361465 222.810104370
-0.057949424 0.034595065 -0.997719824 127.385856628 0.041329965 0.998625636 0.032225952 -6.925408363 0.997463644 -0.039368253 -0.059299584 222.751205444
-0.058018990 0.033097558 -0.997766614 126.390388489 0.044156209 0.998557150 0.030556155 -6.892084122 0.997338474 -0.042284757 -0.059396755 222.694732666
-0.057296723 0.040713452 -0.997526646 125.367263794 0.037642024 0.998545766 0.038592935 -6.865329742 0.997647285 -0.035337675 -0.058745891 222.623138428
-0.057029508 0.052406766 -0.996996045 124.337402344 0.034253314 0.998136163 0.050507348 -6.827667236 0.997784674 -0.031270009 -0.058718391 222.546569824
-0.059029430 0.061961494 -0.996331334 123.303321838 0.031885900 0.997679532 0.060156204 -6.784706116 0.997746885 -0.028217942 -0.060868025 222.478698730
-0.061534416 0.061880831 -0.996184766 122.284080505 0.033065137 0.997654796 0.059929706 -6.739236832 0.997557044 -0.029251255 -0.063436106 222.411102295
-0.064273119 0.051894620 -0.996582031 121.276390076 0.036864873 0.998088837 0.049595535 -6.693577766 0.997251153 -0.033551216 -0.066063292 222.343933105
-0.066791475 0.042926740 -0.996843100 120.256347656 0.038051926 0.998456776 0.040446647 -6.659173012 0.997041106 -0.035230305 -0.068321824 222.280532837
-0.069610439 0.040107939 -0.996767640 119.237472534 0.039385557 0.998522758 0.037428033 -6.632259846 0.996796429 -0.036652867 -0.071087338 222.207611084
-0.072396785 0.041845158 -0.996497691 118.214027405 0.040067442 0.998434842 0.039015558 -6.599282742 0.996570826 -0.037102509 -0.073960118 222.131011963
-0.074576542 0.045865428 -0.996160030 117.196083069 0.037979439 0.998347580 0.043122850 -6.571620464 0.996491909 -0.034617644 -0.076195411 222.040725708
-0.076587059 0.052947354 -0.995656013 116.165420532 0.038950421 0.997985601 0.050075117 -6.532207966 0.996301830 -0.034946110 -0.078495234 221.966735840
-0.077893607 0.061298132 -0.995075405 115.138015747 0.038357373 0.997553170 0.058448188 -6.493992329 0.996223450 -0.033615738 -0.080054328 221.882385254
-0.078630030 0.061497748 -0.995005131 114.140083313 0.035569396 0.997633100 0.058849297 -6.451006413 0.996269047 -0.030764416 -0.080631346 221.788833618
-0.079699643 0.054496802 -0.995328009 113.131072998 0.033273797 0.998093486 0.051983852 -6.407984257 0.996263385 -0.028975252 -0.081361003 221.699890137
-0.080476224 0.047496248 -0.995624304 112.145263672 0.035573989 0.998364449 0.044751540 -6.371159077 0.996121526 -0.031816889 -0.082034290 221.618865967
-0.080717415 0.046212599 -0.995665193 111.146408081 0.034855761 0.998444438 0.043515895 -6.333523750 0.996127367 -0.031192178 -0.082202651 221.526809692
-0.079966336 0.050764989 -0.995503962 110.143287659 0.037537307 0.998147249 0.047884505 -6.303726196 0.996090531 -0.033539388 -0.081723832 221.441268921
-0.080021016 0.057516232 -0.995132387 109.148933411 0.036897413 0.997820556 0.054704603 -6.262417793 0.996110022 -0.032340292 -0.081968851 221.357009888
-0.079924971 0.059804454 -0.995005190 108.145385742 0.038892098 0.997625530 0.056837905 -6.227063179 0.996041894 -0.034155067 -0.082061142 221.279937744
-0.078184664 0.056896221 -0.995313883 107.167015076 0.037926733 0.997817099 0.054060064 -6.186340332 0.996217191 -0.033522338 -0.080171913 221.191726685
-0.077217542 0.051508345 -0.995682836 106.193786621 0.038470533 0.998074770 0.048648607 -6.151882172 0.996271670 -0.034547929 -0.079050541 221.117874146
-0.076122016 0.047828291 -0.995950699 105.224525452 0.040427975 0.998175502 0.044845156 -6.120049953 0.996278524 -0.036850572 -0.077916801 221.042831421
-0.075487047 0.039954387 -0.996345937 104.262725830 0.043704487 0.998369217 0.036724299 -6.091311455 0.996188462 -0.040772591 -0.077110097 220.971984863
-0.074402720 0.038714867 -0.996476471 103.289268494 0.045123793 0.998353243 0.035418585 -6.063691616 0.996206760 -0.042329557 -0.076027155 220.898162842
-0.073100835 0.044399865 -0.996335745 102.314651489 0.048161440 0.998000145 0.040940456 -6.033659935 0.996160984 -0.044992175 -0.075092912 220.828536987
-0.071734451 0.052035477 -0.996065497 101.346664429 0.052465431 0.997452557 0.048329495 -6.008172512 0.996042907 -0.048792116 -0.074281707 220.761962891
-0.070421666 0.052038707 -0.996159017 100.379989624 0.051470552 0.997497559 0.048470013 -5.976463318 0.996188402 -0.047859520 -0.072923928 220.691345215
-0.069649607 0.050976384 -0.996268094 99.420341492 0.051319920 0.997554183 0.047454379 -5.940953732 0.996250510 -0.047823235 -0.072095297 220.619705200
-0.069564372 0.049687348 -0.996339202 98.468460083 0.056796279 0.997336030 0.045771543 -5.910255909 0.995959282 -0.053404298 -0.072201088 220.555740356
-0.069937468 0.048215695 -0.996385455 97.517250061 0.059198245 0.997271478 0.044103380 -5.880558968 0.995793343 -0.055899791 -0.072600901 220.494796753
-0.070979953 0.046789151 -0.996379733 96.573249817 0.059709877 0.997307301 0.042579107 -5.850661278 0.995688975 -0.056471448 -0.073582575 220.426574707
-0.072127186 0.050638154 -0.996109128 95.623870850 0.063735120 0.996903181 0.046063535 -5.817611694 0.995357037 -0.060164694 -0.075131252 220.359008789
-0.073501050 0.056188539 -0.995710969 94.671257019 0.066146210 0.996487737 0.051349606 -5.777317524 0.995099008 -0.062088251 -0.076959699 220.288375854
-0.075673446 0.056969937 -0.995503783 93.741111755 0.064944252 0.996528268 0.052091807 -5.742217541 0.995015323 -0.060710281 -0.079110682 220.210693359
-0.077986360 0.056243777 -0.995366573 92.825988770 0.065364599 0.996547759 0.051189221 -5.715076447 0.994809270 -0.061069690 -0.081393480 220.132553101
-0.081382789 0.057429519 -0.995026946 91.904869080 0.064785451 0.996532083 0.052217618 -5.675821304 0.994575083 -0.060213655 -0.084821098 220.056549072
-0.084522188 0.061361827 -0.994530439 90.987373352 0.061944038 0.996495008 0.056218609 -5.642538548 0.994494259 -0.056853503 -0.088027008 219.972045898
-0.087902516 0.062117036 -0.994190395 90.082519531 0.058942866 0.996629357 0.057057913 -5.605490208 0.994383633 -0.053584892 -0.091267616 219.886337280
-0.090466760 0.059905890 -0.994096100 89.203750610 0.057032548 0.996862590 0.054882415 -5.570734978 0.994265020 -0.051730793 -0.093599610 219.788772583
-0.093481362 0.057633758 -0.993951440 88.329658508 0.057921089 0.996946990 0.052359976 -5.526370049 0.993934751 -0.052676070 -0.096534073 219.711807251
-0.095468521 0.056455448 -0.993830144 87.469520569 0.057613961 0.997030139 0.051102754 -5.496088982 0.993763685 -0.052379798 -0.098437592 219.621414185
-0.096667975 0.056102537 -0.993734241 86.626678467 0.055655651 0.997152686 0.050881486 -5.465936184 0.993759394 -0.050388314 -0.099515259 219.537902832
-0.097287446 0.054943599 -0.993738651 85.814224243 0.054180250 0.997286797 0.049835511 -5.439582825 0.993780375 -0.048992634 -0.100000396 219.453109741
-0.097592667 0.055995036 -0.993649960 85.005935669 0.053805567 0.997252643 0.050913468 -5.410336494 0.993770838 -0.048495118 -0.100337386 219.371368408
-0.097329482 0.058167275 -0.993550956 84.218910217 0.051121030 0.997264922 0.053376846 -5.382709503 0.993938267 -0.045596212 -0.100036830 219.290512085
-0.095425315 0.058968134 -0.993688464 83.455612183 0.048000202 0.997355103 0.054576218 -5.354501724 0.994278610 -0.042489290 -0.098003417 219.207427979
-0.093170404 0.060215913 -0.993827581 82.720283508 0.047070689 0.997319818 0.056014668 -5.334213257 0.994536877 -0.041561238 -0.095755130 219.140808105
-0.088671699 0.061460175 -0.994162917 82.000679016 0.047954924 0.997200608 0.057370748 -5.301461697 0.994905829 -0.042587843 -0.091370806 219.079299927
-0.081955485 0.062660992 -0.994664192 81.308799744 0.046404622 0.997179091 0.058995914 -5.275607109 0.995555103 -0.041321974 -0.084632076 219.015090942
-0.074374959 0.062964484 -0.995240569 80.631149292 0.045105133 0.997195780 0.059717443 -5.247323990 0.996209681 -0.040448975 -0.077006459 218.973800659
-0.064367563 0.062247671 -0.995982885 79.972984314 0.043105714 0.997294486 0.059543841 -5.218781948 0.996994853 -0.039099865 -0.066876620 218.945907593
-0.050528385 0.059511926 -0.996947825 79.330764771 0.042496927 0.997447014 0.057387840 -5.187988758 0.997818053 -0.039467510 -0.052928451 218.916122437
-0.033167019 0.056441996 -0.997854769 78.712211609 0.043328229 0.997546613 0.054984398 -5.159161568 0.998510242 -0.041411616 -0.035531260 218.897933960
-0.012409318 0.055650912 -0.998373091 78.114440918 0.045662388 0.997439861 0.055031322 -5.141310692 0.998879910 -0.044905197 -0.014918722 218.891799927
0.010862142 0.055542815 -0.998397112 77.514831543 0.045212068 0.997407556 0.055979650 -5.116419315 0.998918355 -0.045747660 0.008322768 218.900924683
0.037024029 0.056068897 -0.997740090 76.924743652 0.043587115 0.997383893 0.057666294 -5.093887806 0.998363376 -0.045623656 0.034483232 218.917953491
0.064978711 0.058134727 -0.996191800 76.345817566 0.039437152 0.997372091 0.060775977 -5.075464725 0.997106969 -0.043236118 0.062515318 218.972534180
0.095701352 0.058690075 -0.993678391 75.765350342 0.036319923 0.997389793 0.062407255 -5.050399780 0.994747221 -0.042062782 0.093319938 219.044448853
0.130051315 0.056908131 -0.989872754 75.187133789 0.035207871 0.997456908 0.061969817 -5.022991180 0.990881920 -0.042910572 0.127716959 219.135803223
0.167463228 0.052988313 -0.984453261 74.618652344 0.030118246 0.997813582 0.058830775 -4.988874912 0.985418200 -0.039502002 0.165501148 219.244125366
0.208118424 0.049370602 -0.976856828 74.046569824 0.021944979 0.998238266 0.055126574 -4.963536739 0.977857351 -0.032909967 0.206668347 219.354766846
0.250567436 0.046426248 -0.966985345 73.483535767 0.014908454 0.998546064 0.051804632 -4.933883190 0.967984319 -0.027396815 0.249510929 219.497665405
0.294935316 0.045607053 -0.954428136 72.948768616 0.007121848 0.998727620 0.049924664 -4.919492245 0.955490708 -0.021521840 0.294235289 219.675613403
0.343070567 0.044009641 -0.938277960 72.422119141 -0.001892712 0.998932183 0.046162546 -4.886364460 0.939307690 -0.014061123 0.342787564 219.876113892
0.390818357 0.044740364 -0.919379771 71.964248657 -0.013742478 0.998990238 0.042772725 -4.875123501 0.920365036 -0.004081812 0.391038656 220.124023438
0.443142802 0.045062013 -0.895317614 71.463287354 -0.013857669 0.998960793 0.043419514 -4.853038311 0.896343887 -0.006834027 0.443306744 220.395828247
0.495494574 0.047785234 -0.867295563 70.970497131 -0.017325453 0.998830736 0.045134194 -4.837241173 0.868438125 -0.007337462 0.495743155 220.705108643
0.548114359 0.050967123 -0.834849000 70.505249023 -0.020297108 0.998658240 0.047641668 -4.806735516 0.836156964 -0.009168063 0.548413455 221.046432495
0.599164724 0.052496310 -0.798902690 70.053604126 -0.021145167 0.998537540 0.049755860 -4.792222023 0.800346375 -0.012919027 0.599398613 221.418457031
0.646973789 0.050545443 -0.760835052 69.677665710 -0.020258717 0.998587608 0.049113408 -4.780767918 0.762242973 -0.016361546 0.647084117 221.784790039
0.690300226 0.045835208 -0.722069681 69.291793823 -0.020213529 0.998823404 0.044078689 -4.767975807 0.723240495 -0.015831953 0.690414667 222.206329346
0.730755150 0.044331022 -0.681198657 68.915153503 -0.026656976 0.998980999 0.036415420 -4.762588024 0.682118952 -0.008452060 0.731192350 222.640563965
0.767365456 0.042854559 -0.639776170 68.571128845 -0.036124513 0.999068677 0.023592537 -4.743402481 0.640191257 0.005007502 0.768199086 223.091186523
0.801171064 0.036175735 -0.597340941 68.254966736 -0.035095099 0.999293506 0.013447937 -4.728482723 0.597405314 0.010189645 0.801874697 223.579376221
0.834682345 0.025537498 -0.550139189 67.937469482 -0.025735583 0.999641716 0.007356885 -4.708245277 0.550130010 0.008017492 0.835040450 224.079040527
0.864008844 0.020311721 -0.503066659 67.669662476 -0.019764038 0.999784052 0.006422668 -4.707206249 0.503088534 0.004393387 0.864223659 224.622985840
0.889866471 0.020181462 -0.455774605 67.418006897 -0.018680435 0.999795020 0.007798237 -4.708211422 0.455838740 0.001574680 0.890061021 225.185272217
0.912254274 0.020221064 -0.409125000 67.184532166 -0.019163735 0.999793887 0.006684274 -4.714170933 0.409175843 0.001742604 0.912453830 225.766906738
0.931434631 0.017479593 -0.363488674 66.978973389 -0.015995862 0.999846876 0.007091877 -4.718079090 0.363556981 -0.000791305 0.931571603 226.379928589
0.948196411 0.017797982 -0.317185611 66.769836426 -0.016822862 0.999841630 0.005812947 -4.712923050 0.317238837 -0.000175847 0.948345602 226.987442017
0.961924970 0.021348879 -0.272478580 66.603851318 -0.021135869 0.999769807 0.003717140 -4.715113163 0.272495091 0.002183464 0.962154746 227.624710083
0.972838819 0.020714357 -0.230554968 66.469093323 -0.021340931 0.999772310 -0.000224004 -4.726663589 0.230497837 0.005138174 0.973059297 228.276947021
0.981039107 0.009897159 -0.193557113 66.364791870 -0.012053636 0.999877572 -0.009966719 -4.732369423 0.193434626 0.012110818 0.981038332 228.926177979
0.986630201 0.003807698 -0.162930191 66.275131226 -0.006963708 0.999798775 -0.018803645 -4.740367413 0.162825882 0.019686835 0.986458302 229.600280762
0.990776300 0.002167576 -0.135490283 66.193756104 -0.005161495 0.999750078 -0.021749562 -4.751732349 0.135409415 0.022248268 0.990539789 230.285568237
0.993587673 0.002790519 -0.113030821 66.122375488 -0.004763348 0.999840856 -0.017187620 -4.762937546 0.112964846 0.017615810 0.993442714 230.992950439
0.995488942 0.003030751 -0.094828874 66.066291809 -0.003702785 0.999969244 -0.006911742 -4.777240753 0.094804846 0.007231702 0.995469570 231.726440430
0.996884286 0.005850228 -0.078661524 66.003395081 -0.005632950 0.999979615 0.002983850 -4.789072990 0.078677371 -0.002531455 0.996896863 232.462036133
0.997804642 0.002535457 -0.066177376 65.962020874 -0.002108737 0.999976516 0.006517180 -4.793857098 0.066192284 -0.006363316 0.997786522 233.204635620
0.998248577 -0.006410356 -0.058808714 65.939651489 0.006765466 0.999960065 0.005841320 -4.797208786 0.058768928 -0.006228957 0.998252153 233.962463379
0.998487115 -0.012199519 -0.053615429 65.908279419 0.012341809 0.999921262 0.002323557 -4.799432755 0.053582922 -0.002981755 0.998558939 234.709182739
0.998644769 -0.015335150 -0.049731307 65.864349365 0.015282586 0.999882221 -0.001437068 -4.805309296 0.049747542 0.000675097 0.998761535 235.475067139
0.998672307 -0.016801937 -0.048695683 65.831932068 0.016587649 0.999850750 -0.004801242 -4.812274933 0.048769057 0.003987126 0.998802125 236.237472534
0.998655856 -0.018169098 -0.048540771 65.795143127 0.018005693 0.999830484 -0.003801396 -4.816574097 0.048601624 0.002922280 0.998813927 237.019042969
0.998692751 -0.019060897 -0.047426417 65.756126404 0.019070342 0.999818027 -0.000253389 -4.824218750 0.047422718 -0.000651386 0.998874664 237.819778442
0.998575926 -0.023888674 -0.047701664 65.719123840 0.024006328 0.999709904 0.001894989 -4.836459637 0.047642633 -0.003037440 0.998859823 238.619049072
0.998417258 -0.026755949 -0.049467236 65.696044922 0.026581239 0.999637842 -0.004186527 -4.843673229 0.049561262 0.002865001 0.998766899 239.408355713
0.998322487 -0.029604960 -0.049755245 65.655517578 0.029047694 0.999507368 -0.011886267 -4.854433060 0.050082617 0.010421056 0.998690665 240.220809937
0.997932315 -0.039313354 -0.050846934 65.622901917 0.038425907 0.999093533 -0.018314883 -4.867829323 0.051520914 0.016323179 0.998538435 241.043350220
0.997430742 -0.048893530 -0.052357227 65.599586487 0.047860011 0.998637199 -0.020815730 -4.890523434 0.053303748 0.018256435 0.998411417 241.834228516
0.996850789 -0.058045540 -0.054030154 65.567001343 0.056990251 0.998156428 -0.020872749 -4.912951469 0.055142198 0.017727820 0.998321056 242.672897339
0.996431649 -0.062957101 -0.056217179 65.523323059 0.062129077 0.997933984 -0.016359178 -4.926810265 0.057130970 0.012808081 0.998284459 243.541290283
0.996316791 -0.062036671 -0.059196670 65.477813721 0.061618153 0.998060226 -0.008871206 -4.946471214 0.059632178 0.005190942 0.998206913 244.395431519
0.996340752 -0.058883581 -0.061949700 65.427322388 0.058979813 0.998259127 -0.000275571 -4.965231895 0.061858118 -0.003379229 0.998079181 245.255538940
0.996609449 -0.051769335 -0.063948683 65.362991333 0.052116800 0.998633802 0.003776319 -4.969891071 0.063665733 -0.007096311 0.997945964 246.129089355
0.996866226 -0.045294628 -0.064852700 65.291961670 0.045890190 0.998916686 0.007722664 -4.975107670 0.064432628 -0.010674567 0.997864902 247.016250610
0.997100532 -0.037644502 -0.066131428 65.221923828 0.038283721 0.999231398 0.008424956 -4.979874134 0.065763399 -0.010932282 0.997775376 247.918457031
0.997172534 -0.035549995 -0.066204667 65.160240173 0.035816040 0.999354303 0.002835654 -4.987859726 0.066061050 -0.005198825 0.997802019 248.792678833
0.997175813 -0.034172561 -0.066877671 65.098320007 0.033797860 0.999406040 -0.006726418 -4.994390965 0.067067817 0.004447096 0.997738421 249.691116333
0.997246802 -0.032211564 -0.066792518 65.033988953 0.031442475 0.999426961 -0.012534114 -5.004355907 0.067157894 0.010399489 0.997688055 250.613265991
0.997280955 -0.031840343 -0.066459388 64.974098206 0.031096794 0.999442041 -0.012192762 -5.020994186 0.066810459 0.010092929 0.997714639 251.541152954
0.997449517 -0.027992511 -0.065657988 64.907615662 0.027627524 0.999597490 -0.006460429 -5.034599781 0.065812260 0.004629987 0.997821331 252.485031128
0.997677743 -0.023382969 -0.063971274 64.835212708 0.023313595 0.999726593 -0.001830831 -5.049851894 0.063996516 0.000335182 0.997950017 253.440902710
0.997869134 -0.018984308 -0.062424928 64.764442444 0.019228905 0.999809504 0.003319802 -5.059589386 0.062349945 -0.004513084 0.998044074 254.412170410
0.997989655 -0.016427629 -0.061211977 64.703994751 0.016927531 0.999827325 0.007657253 -5.057610989 0.061075483 -0.008678023 0.998095334 255.380828857
0.998126030 -0.013765570 -0.059623647 64.634346008 0.014294750 0.999861956 0.008457932 -5.063281536 0.059499044 -0.009294390 0.998185039 256.368255615
0.998166382 -0.013897102 -0.058911111 64.579444885 0.014015793 0.999900460 0.001602050 -5.076567650 0.058883008 -0.002424799 0.998261809 257.347778320
0.998156548 -0.014925756 -0.058826536 64.516517639 0.014392216 0.999851406 -0.009483153 -5.078291893 0.058959335 0.008619029 0.998223066 258.348236084
0.998029828 -0.018098706 -0.060072973 64.461120605 0.017431516 0.999780595 -0.011612000 -5.088357449 0.060270011 0.010541966 0.998126268 259.353332520
0.997955680 -0.015979264 -0.061878622 64.398124695 0.015891112 0.999871910 -0.001916623 -5.100280762 0.061901361 0.000929382 0.998081803 260.389495850
0.997903049 -0.015738975 -0.062781967 64.328788757 0.016280355 0.999834538 0.008120840 -5.112154961 0.062643871 -0.009125930 0.997994244 261.430328369
0.997833610 -0.015289959 -0.063985825 64.256187439 0.015920516 0.999829471 0.009356437 -5.114860058 0.063831896 -0.010354856 0.997906923 262.486907959
0.997740507 -0.015810777 -0.065298587 64.192405701 0.016087459 0.999863684 0.003713515 -5.113791466 0.065231025 -0.004755609 0.997858822 263.511779785
0.997612059 -0.018674400 -0.066492282 64.125564575 0.018618375 0.999825597 -0.001462234 -5.121051311 0.066508070 0.000220766 0.997785866 264.571716309
0.997576535 -0.017244119 -0.067405932 64.048774719 0.017100839 0.999850154 -0.002702106 -5.137391090 0.067442380 0.001542855 0.997721851 265.615966797
0.997543037 -0.017273337 -0.067893155 63.969314575 0.017265271 0.999850750 -0.000705655 -5.151501179 0.067895219 -0.000468280 0.997692227 266.681488037
0.997505963 -0.016470641 -0.068632670 63.896297455 0.016612263 0.999860942 0.001493147 -5.160494804 0.068598628 -0.002629575 0.997640729 267.738952637
0.997530997 -0.013272651 -0.068960398 63.816268921 0.013579304 0.999899864 0.003979880 -5.174832344 0.068900697 -0.004906490 0.997611403 268.800048828
0.997498095 -0.012299341 -0.069614351 63.738716125 0.012840755 0.999890625 0.007335071 -5.183200836 0.069516592 -0.008210628 0.997546971 269.870452881
0.997506380 -0.011776740 -0.069586210 63.659423828 0.012491317 0.999873519 0.009842828 -5.190155029 0.069461495 -0.010687508 0.997527301 270.926116943
0.997477531 -0.012987614 -0.069784515 63.579563141 0.013649639 0.999866188 0.009018297 -5.189960957 0.069658101 -0.009948086 0.997521162 272.008087158
0.997390151 -0.016505660 -0.070287660 63.510765076 0.016835678 0.999849856 0.004105478 -5.192984581 0.070209384 -0.005278109 0.997518301 273.076599121
0.997353435 -0.016856657 -0.070724569 63.433074951 0.016821176 0.999857903 -0.001097120 -5.195651054 0.070733078 -0.000095457 0.997495234 274.130340576
0.997297525 -0.016238846 -0.071651243 63.363571167 0.016270868 0.999867558 -0.000136811 -5.228008270 0.071643889 -0.001029387 0.997429609 275.180084229
0.997154891 -0.018829469 -0.072989024 63.289680481 0.018747739 0.999822617 -0.001804844 -5.243544579 0.073009953 0.000431332 0.997331023 276.234222412
0.997062922 -0.018597741 -0.074294820 63.205905914 0.018179562 0.999814808 -0.006301065 -5.264162064 0.074398197 0.004931907 0.997216463 277.274353027
0.997002423 -0.018343197 -0.075163782 63.118896484 0.017825162 0.999812484 -0.007557163 -5.272531033 0.075288206 0.006194702 0.997142553 278.337158203
0.996935606 -0.017250128 -0.076300979 63.043060303 0.017287418 0.999850571 -0.000171882 -5.284558296 0.076292694 -0.001147698 0.997084737 279.356079102
0.996922076 -0.016577903 -0.076624185 62.957248688 0.017296571 0.999812365 0.008725016 -5.296828270 0.076465234 -0.010023500 0.997021794 280.410644531
0.996960223 -0.015167938 -0.076422013 62.868194580 0.015891014 0.999834418 0.008862450 -5.301778793 0.076274969 -0.010049938 0.997036040 281.456115723
0.997012198 -0.014721601 -0.075827926 62.806373596 0.015005190 0.999882281 0.003171513 -5.330745697 0.075772434 -0.004299849 0.997115850 282.474609375
0.997113526 -0.012048698 -0.074962668 62.722724915 0.012032322 0.999927342 -0.000670047 -5.338227272 0.074965358 -0.000233859 0.997186005 283.514770508
0.997261345 -0.009762016 -0.073310442 62.629024506 0.009616354 0.999951005 -0.002339586 -5.348529816 0.073329784 0.001628198 0.997306406 284.553588867
0.997370005 -0.005997329 -0.072228551 62.557785034 0.006087996 0.999980927 0.001035079 -5.368189335 0.072220922 -0.001472084 0.997387469 285.598114014
0.997438014 -0.004391936 -0.071401231 62.478340149 0.004589144 0.999986172 0.002598082 -5.378841877 0.071388803 -0.002919099 0.997444212 286.639007568
0.997477114 -0.000727989 -0.070985168 62.400329590 0.001084002 0.999987066 0.004976803 -5.384406090 0.070980594 -0.005041195 0.997464836 287.669891357
0.997490525 -0.000795569 -0.070795648 62.321861267 0.000982061 0.999996066 0.002599464 -5.400294781 0.070793211 -0.002662463 0.997487366 288.696655273
0.997470796 -0.000746570 -0.071072973 62.246940613 0.000694285 0.999999404 -0.000760295 -5.410987377 0.071073472 0.000709026 0.997470737 289.722778320
0.997459829 0.001688800 -0.071210831 62.163513184 -0.001960036 0.999991059 -0.003739172 -5.420674324 0.071203813 0.003869249 0.997454166 290.746673584
0.997469783 0.003118448 -0.071022987 62.084579468 -0.003185030 0.999994576 -0.000824398 -5.435205936 0.071020126 0.001048520 0.997474313 291.773529053
0.997511208 0.004553156 -0.070359930 62.003448486 -0.004401788 0.999987602 0.002306171 -5.445688248 0.070369668 -0.001990723 0.997518957 292.811157227
0.997529507 0.007116752 -0.069885276 61.923904419 -0.006654903 0.999954522 0.006839315 -5.456872463 0.069930829 -0.006357343 0.997531533 293.835815430
0.997468591 0.008585156 -0.070586480 61.848518372 -0.008130225 0.999944448 0.006729717 -5.469108582 0.070640303 -0.006138800 0.997482955 294.851165771
0.997463822 0.004124178 -0.071055651 61.796150208 -0.003677702 0.999972761 0.006413307 -5.476885796 0.071080118 -0.006135724 0.997451663 295.840789795
0.997341394 -0.002064855 -0.072842635 61.732101440 0.002371421 0.999988675 0.004122508 -5.487371922 0.072833247 -0.004284290 0.997334898 296.845001221
0.997200012 -0.002022607 -0.074753262 61.655487061 0.002271082 0.999992192 0.003239203 -5.494639397 0.074746028 -0.003399903 0.997196734 297.848724365
0.997004509 0.000567425 -0.077339828 61.565948486 -0.000592589 0.999999821 -0.000302428 -5.514062405 0.077339672 0.000347352 0.997004747 298.876129150
0.996862233 -0.003161681 -0.079092324 61.484123230 0.003299329 0.999993265 0.001609780 -5.513760567 0.079086713 -0.001865677 0.996865988 299.908142090
0.996592641 0.001509766 -0.082466654 61.392745972 -0.000616597 0.999940813 0.010855073 -5.524199009 0.082478173 -0.010767241 0.996534765 300.934020996
0.996351779 0.005582936 -0.085158467 61.300792694 -0.004071182 0.999831200 0.017915510 -5.527351856 0.085244179 -0.017503453 0.996206284 301.938842773
0.996090889 0.006544410 -0.088091105 61.206638336 -0.005008883 0.999831796 0.017640807 -5.521154404 0.088191822 -0.017130606 0.995956123 302.951568604
0.995819092 0.003231437 -0.091290206 61.110351562 -0.002020577 0.999908805 0.013353175 -5.521514893 0.091325171 -0.013112893 0.995734692 303.954986572
0.995516717 -0.001544073 -0.094572425 61.032196045 0.002048820 0.999984145 0.005240381 -5.534986496 0.094562888 -0.005410647 0.995504141 304.925140381
0.995162308 -0.004742112 -0.098130129 60.937034607 0.004618219 0.999988198 -0.001489576 -5.541216850 0.098136023 0.001029186 0.995172381 305.907623291
0.994782627 -0.007793265 -0.101718605 60.836074829 0.007761690 0.999969602 -0.000706140 -5.549219131 0.101721101 -0.000087056 0.994812965 306.893493652
0.994311929 -0.008901614 -0.106134146 60.733337402 0.009184781 0.999955416 0.002179522 -5.563737392 0.106110126 -0.003141947 0.994349360 307.893493652
0.993723214 -0.008067870 -0.111575194 60.619579315 0.007888961 0.999966860 -0.002044898 -5.578422546 0.111588083 0.001151850 0.993753850 308.878753662
0.993175566 -0.009671886 -0.116226643 60.500789642 0.008868615 0.999933064 -0.007426362 -5.589250565 0.116290681 0.006344911 0.993194938 309.853912354
0.992594779 -0.006094905 -0.121319301 60.374996185 0.005256447 0.999960005 -0.007230003 -5.595797539 0.121358573 0.006538753 0.992587209 310.833221436
