0.999999940 -0.000000000 0.000000000 0.000000954 -0.000000000 1.000000000 0.000000000 -0.000000238 0.000000000 0.000000000 1.000000000 -0.000000477
0.999996305 -0.002342645 -0.001359915 -0.005303070 0.002346563 0.999993086 0.002886440 -0.015488365 0.001353143 -0.002889621 0.999994874 1.523574352
0.999991596 -0.002810848 -0.002939608 -0.008762368 0.002822003 0.999988794 0.003797679 -0.033797164 0.002928901 -0.003805944 0.999988377 3.046698093
0.999988914 -0.001864688 -0.004320604 -0.026449330 0.001879667 0.999992192 0.003465474 -0.046932980 0.004314108 -0.003473557 0.999984562 4.557655334
0.999982536 -0.001043522 -0.005817000 -0.043135457 0.001062927 0.999993861 0.003333837 -0.062478706 0.005813483 -0.003339962 0.999977469 6.054522991
0.999972880 -0.001312498 -0.007236759 -0.058648411 0.001337542 0.999993086 0.003456935 -0.073932961 0.007232170 -0.003466522 0.999967813 7.554452419
0.999958515 -0.001407649 -0.008992878 -0.079263404 0.001444357 0.999990642 0.004076816 -0.092687294 0.008987054 -0.004089636 0.999951184 9.059545517
0.999938846 -0.003186296 -0.010580236 -0.102636002 0.003219847 0.999989867 0.003155509 -0.105775394 0.010570074 -0.003189384 0.999939084 10.556262016
0.999918818 -0.004197443 -0.012031421 -0.118340388 0.004238361 0.999985337 0.003377507 -0.116631858 0.012017068 -0.003428227 0.999921858 12.043524742
0.999904811 -0.003609756 -0.013311952 -0.142085642 0.003653465 0.999987960 0.003260570 -0.132514194 0.013300018 -0.003308894 0.999906003 13.526165009
0.999889731 -0.003517446 -0.014424897 -0.174193978 0.003565996 0.999988019 0.003341362 -0.147849828 0.014412968 -0.003392432 0.999890327 15.012191772
0.999882996 -0.002033866 -0.015150546 -0.193641871 0.002094315 0.999989808 0.003975135 -0.164056644 0.015142299 -0.004006401 0.999877274 16.475439072
0.999875307 -0.000777937 -0.015770180 -0.227070749 0.000850003 0.999989212 0.004563540 -0.175991774 0.015766451 -0.004576376 0.999865174 17.948806763
0.999864757 -0.000089750 -0.016444055 -0.253417969 0.000181318 0.999984384 0.005567054 -0.193274885 0.016443295 -0.005569281 0.999849200 19.438798904
0.999859095 -0.000090739 -0.016780801 -0.285005897 0.000183511 0.999984682 0.005527013 -0.205034956 0.016780054 -0.005529313 0.999843895 20.905458450
0.999846995 0.001079962 -0.017451476 -0.317535043 -0.000985967 0.999984980 0.005393780 -0.213851392 0.017457046 -0.005375749 0.999833167 22.362989426
0.999845922 0.001111192 -0.017512474 -0.344933063 -0.001004305 0.999980748 0.006111067 -0.229191348 0.017518926 -0.006092537 0.999828100 23.812534332
0.999845922 0.002189954 -0.017416313 -0.378128290 -0.002064166 0.999971688 0.007237130 -0.236057624 0.017431665 -0.007200064 0.999822199 25.251527786
0.999844968 0.002625760 -0.017405218 -0.406253517 -0.002522560 0.999979138 0.005948534 -0.248811036 0.017420471 -0.005903706 0.999830782 26.693479538
0.999844611 0.002996838 -0.017365457 -0.438581884 -0.002930633 0.999988317 0.003836690 -0.258063644 0.017376749 -0.003785202 0.999841809 28.122343063
0.999854386 0.001269585 -0.017017240 -0.470128864 -0.001206810 0.999992371 0.003698603 -0.272847682 0.017021814 -0.003677527 0.999848306 29.536832809
0.999856770 0.000386213 -0.016918367 -0.496774346 -0.000277979 0.999979436 0.006399332 -0.287379920 0.016920485 -0.006393713 0.999836385 30.961685181
0.999861240 -0.001074177 -0.016624989 -0.531747341 0.001201385 0.999970019 0.007643491 -0.301519215 0.016616276 -0.007662402 0.999832571 32.375175476
0.999857366 -0.002063512 -0.016756697 -0.543949127 0.002177971 0.999974370 0.006815312 -0.310056537 0.016742209 -0.006850836 0.999836326 33.771053314
0.999864578 -0.002226072 -0.016300980 -0.576916575 0.002309671 0.999984145 0.005111385 -0.324720085 0.016289344 -0.005148341 0.999854028 35.155162811
0.999875426 -0.001019034 -0.015746871 -0.605166137 0.001088826 0.999989629 0.004424125 -0.338338345 0.015742199 -0.004440720 0.999866188 36.502807617
0.999892831 -0.000194821 -0.014635110 -0.640424073 0.000244666 0.999994159 0.003404116 -0.352988213 0.014634361 -0.003407332 0.999886990 37.851459503
0.999908328 0.000252888 -0.013538543 -0.660372674 -0.000191065 0.999989510 0.004567478 -0.371685982 0.013539558 -0.004564472 0.999897838 39.191165924
0.999925256 0.000641353 -0.012208953 -0.686590791 -0.000559662 0.999977410 0.006693307 -0.387826681 0.012212973 -0.006685973 0.999902964 40.514511108
0.999945402 0.000241482 -0.010438339 -0.701979518 -0.000162227 0.999971151 0.007592808 -0.402379274 0.010439869 -0.007590702 0.999916673 41.821445465
0.999965847 0.000421568 -0.008247360 -0.719468951 -0.000355357 0.999967694 0.008028008 -0.413329035 0.008250476 -0.008024803 0.999933779 43.105503082
0.999988616 0.000178053 -0.004771294 -0.725367188 -0.000141152 0.999970019 0.007733234 -0.428658754 0.004772525 -0.007732471 0.999958694 44.376621246
0.999999344 -0.000263208 -0.001103294 -0.737360656 0.000269665 0.999982774 0.005856501 -0.439016223 0.001101730 -0.005856793 0.999982238 45.637119293
0.999997258 -0.000437903 0.002306985 -0.742291689 0.000428028 0.999990761 0.004279288 -0.457770586 -0.002308836 -0.004278289 0.999988139 46.846263885
0.999979854 0.000040994 0.006355417 -0.739538014 -0.000072356 0.999987781 0.004934512 -0.472222775 -0.006355136 -0.004934873 0.999967575 48.061511993
0.999926925 0.000193182 0.012082958 -0.737414300 -0.000250730 0.999988556 0.004761416 -0.486683071 -0.012081901 -0.004764097 0.999915540 49.277484894
0.999828398 0.002030988 0.018411558 -0.725288510 -0.002100294 0.999990702 0.003745695 -0.497951090 -0.018403780 -0.003783721 0.999823332 50.465499878
0.999670446 0.003103498 0.025480747 -0.697983384 -0.003201364 0.999987602 0.003800889 -0.513425648 -0.025468636 -0.003881209 0.999667943 51.681453705
0.999402523 0.004149411 0.034311298 -0.669910669 -0.004314165 0.999979496 0.004729101 -0.526684642 -0.034290966 -0.004874299 0.999399960 52.861667633
0.998978376 0.006670001 0.044695251 -0.625576973 -0.006909400 0.999962568 0.005203910 -0.536642075 -0.044658858 -0.005507411 0.998987079 54.033435822
0.998300493 0.008681258 0.057624727 -0.574441195 -0.009003880 0.999945104 0.005341413 -0.552200019 -0.057575196 -0.005851182 0.998323977 55.170654297
0.997319400 0.010746901 0.072376370 -0.501712799 -0.011194140 0.999920607 0.005776565 -0.562748432 -0.072308540 -0.006571271 0.997360587 56.303562164
0.995973110 0.013006551 0.088703886 -0.417635918 -0.013682171 0.999881685 0.007012790 -0.576257348 -0.088602200 -0.008198210 0.996033370 57.422210693
0.994252026 0.013071504 0.106264561 -0.304850578 -0.013984638 0.999871254 0.007852394 -0.588132262 -0.106148250 -0.009293327 0.994306862 58.527587891
0.992021441 0.012828405 0.125414521 -0.174387932 -0.013820086 0.999879658 0.007040313 -0.598176956 -0.125309125 -0.008717380 0.992079496 59.625984192
0.989259839 0.012310847 0.145647734 -0.018119812 -0.013314482 0.999893844 0.005918007 -0.602281153 -0.145559430 -0.007793672 0.989318848 60.722160339
0.985990763 0.009020270 0.166555360 0.153411865 -0.010142198 0.999931157 0.005886714 -0.619071484 -0.166490838 -0.007493483 0.986014485 61.759166718
0.982151091 0.003990609 0.188050553 0.354134560 -0.005595291 0.999952316 0.008003196 -0.627466679 -0.188009664 -0.008912546 0.982126713 62.795562744
0.977385700 -0.001225109 0.211460635 0.570781708 -0.000800663 0.999954522 0.009494018 -0.637970567 -0.211462647 -0.009448624 0.977340460 63.825435638
0.971940219 -0.006332786 0.235142916 0.821527481 0.004378251 0.999951363 0.008833262 -0.646582305 -0.235187426 -0.007555888 0.971920669 64.837211609
0.965415776 -0.012362317 0.260421723 1.090743065 0.010853777 0.999914885 0.007230041 -0.659106016 -0.260488987 -0.004153436 0.965467870 65.821556091
0.957925677 -0.016058240 0.286566764 1.391365051 0.014387317 0.999864936 0.007935643 -0.663144290 -0.286655515 -0.003478830 0.958027363 66.799942017
0.949272454 -0.018578852 0.313905329 1.699857712 0.016131081 0.999815881 0.010393700 -0.675340950 -0.314040720 -0.004802820 0.949397326 67.754997253
0.939633548 -0.023127520 0.341399789 2.046075821 0.019824138 0.999716878 0.013162111 -0.677417278 -0.341607541 -0.005599603 0.939825952 68.697448730
0.928628623 -0.025931256 0.370103210 2.408966064 0.022794031 0.999657631 0.012848272 -0.685525417 -0.370309651 -0.003495132 0.928901732 69.606033325
0.916450441 -0.024890250 0.399373055 2.795343399 0.023199894 0.999689698 0.009066632 -0.688230336 -0.399474800 0.000956292 0.916743696 70.502876282
0.903481841 -0.026595561 0.427800447 3.210872650 0.027572636 0.999612153 0.003912737 -0.699764967 -0.427738577 0.008260499 0.903864741 71.355331421
0.889331341 -0.028552787 0.456370920 3.655109406 0.031306028 0.999508739 0.001527989 -0.707344651 -0.456190348 0.012928270 0.889788330 72.202438354
0.873642564 -0.029172111 0.485692859 4.120756149 0.030589571 0.999519467 0.005010871 -0.719248176 -0.485605687 0.010479427 0.874115169 73.040100098
0.856014967 -0.028194699 0.516181409 4.617965698 0.026538674 0.999591649 0.010588685 -0.726841390 -0.516269147 0.004634695 0.856413901 73.861953735
0.836275518 -0.028342590 0.547576368 5.133462906 0.024508765 0.999597192 0.014308670 -0.734205663 -0.547761381 0.001454434 0.836633384 74.666183472
0.815268457 -0.022273602 0.578654528 5.671703339 0.020513862 0.999743760 0.009580124 -0.739128768 -0.578719616 0.004060067 0.815516531 75.431320190
0.793324888 -0.015304702 0.608606040 6.234596252 0.017633861 0.999842107 0.002157234 -0.739293575 -0.608543038 0.009020694 0.793469548 76.175270081
0.770759225 -0.012813918 0.636997581 6.824405670 0.016641190 0.999861419 -0.000022302 -0.742239535 -0.636909127 0.010617591 0.770865738 76.892684937
0.747388780 -0.015419457 0.664207876 7.446434021 0.017729573 0.999837458 0.003261133 -0.752319694 -0.664150238 0.009338791 0.747540712 77.590377808
0.723004580 -0.015991278 0.690658033 8.084114075 0.018197075 0.999826014 0.004100337 -0.765580773 -0.690603435 0.009603392 0.723169863 78.251129150
0.697553515 -0.013756784 0.716400445 8.738899231 0.018568158 0.999826908 0.001119651 -0.775203109 -0.716291964 0.012521223 0.697688222 78.892181396
0.671736002 -0.011387968 0.740702987 9.421672821 0.018461835 0.999828577 -0.001370948 -0.781636119 -0.740560412 0.014595655 0.671831071 79.489456177
0.644255698 -0.008817865 0.764759183 10.113029480 0.016646890 0.999858320 -0.002495215 -0.790014148 -0.764628828 0.014338423 0.644311309 80.093338013
0.616385221 -0.007273894 0.787410975 10.830795288 0.016597947 0.999855101 -0.003756477 -0.803995669 -0.787269592 0.015384846 0.616416872 80.649337769
0.587269485 -0.001059758 0.809390664 11.560974121 0.015217583 0.999836802 -0.009732308 -0.823555052 -0.809248388 0.018032458 0.587189913 81.201232910
0.557189107 0.008333676 0.830343783 12.319869995 0.013975018 0.999713898 -0.019411258 -0.839414418 -0.830267966 0.022419814 0.556913257 81.714218140
0.526209831 0.016734524 0.850189984 13.085357666 0.012715772 0.999539614 -0.027544413 -0.863402724 -0.850259662 0.025304968 0.525754869 82.196975708
0.494508088 0.021817135 0.868899107 13.902576447 0.010125455 0.999472439 -0.030858293 -0.889123976 -0.869114041 0.024057675 0.494026333 82.664192200
0.461836487 0.021033231 0.886715591 14.735446930 0.008670856 0.999563932 -0.028226160 -0.920234621 -0.886922657 0.020724457 0.461452752 83.101127625
0.428675085 0.020151982 0.903233945 15.581230164 0.003786735 0.999702275 -0.024101466 -0.951251149 -0.903450727 0.013752008 0.428471208 83.513504028
0.394346476 0.021162258 0.918718040 16.436090469 -0.000574133 0.999740124 -0.022782126 -0.986701548 -0.918961644 0.008456585 0.394256234 83.887145996
0.359044641 0.024284374 0.933004439 17.316883087 -0.007585687 0.999704301 -0.023101280 -1.014034390 -0.933289528 0.001216909 0.359122694 84.246643066
0.323874772 0.026256736 0.945735633 18.217363358 -0.012482074 0.999646246 -0.023478897 -1.042346835 -0.946017623 -0.004200520 0.324088007 84.545837402
0.286790818 0.025657116 0.957649589 19.130929947 -0.015241237 0.999636889 -0.022217682 -1.072276473 -0.957871914 -0.008223938 0.287077814 84.859245300
0.250496000 0.025138492 0.967791200 20.062955856 -0.015844574 0.999635339 -0.021864556 -1.101255894 -0.967987895 -0.009857257 0.250802994 85.102775574
0.215044290 0.024705162 0.976291776 21.014120102 -0.015166556 0.999643922 -0.021955412 -1.128847599 -0.976486504 -0.010085598 0.215342462 85.304458618
0.179385215 0.023479529 0.983498693 21.972236633 -0.013384107 0.999680817 -0.021424662 -1.157697439 -0.983687758 -0.009319982 0.179642260 85.483146667
0.145022601 0.022503987 0.989172339 22.936321259 -0.005064866 0.999745011 -0.022001956 -1.186362267 -0.989415348 -0.001819242 0.145099640 85.609725952
0.111121893 0.025787119 0.993472219 23.890438080 -0.002418590 0.999667346 -0.025677405 -1.221437335 -0.993803799 0.000450523 0.111147285 85.711463928
0.078283206 0.030717384 0.996457756 24.892274857 -0.002080656 0.999527931 -0.030648576 -1.256346941 -0.996928990 0.000325983 0.078310177 85.801467896
0.049191587 0.034804985 0.998182654 25.866939545 0.004906283 0.999372125 -0.035088237 -1.289181232 -0.998777270 0.006623414 0.048989944 85.839454651
0.023852281 0.033048004 0.999169052 26.854038239 0.006819635 0.999424756 -0.033219267 -1.327599049 -0.999692261 0.007606324 0.023613200 85.856758118
0.001414282 0.029975664 0.999549568 27.879779816 0.008087127 0.999517620 -0.029986147 -1.367262363 -0.999966264 0.008125893 0.001171185 85.863952637
-0.017228723 0.027356688 0.999477208 28.872602463 0.008297315 0.999595165 -0.027216887 -1.404836655 -0.999817073 0.007824064 -0.017448731 85.841415405
-0.034037452 0.030354926 0.998959482 29.862974167 0.010465811 0.999494731 -0.030014589 -1.447007895 -0.999365747 0.009433300 -0.034337934 85.812599182
-0.048765477 0.034975059 0.998197615 30.897478104 0.012616431 0.999328554 -0.034398317 -1.480868578 -0.998730540 0.010916241 -0.049173996 85.761131287
-0.060759082 0.040324897 0.997337520 31.891323090 0.016613510 0.999086022 -0.039383471 -1.521144629 -0.998014271 0.014176369 -0.061373487 85.697425842
-0.069388546 0.043717183 0.996631444 32.898857117 0.022412164 0.998855412 -0.042254340 -1.568914533 -0.997337878 0.019404696 -0.070288926 85.616737366
-0.075590737 0.049018770 0.995933354 33.901336670 0.025927834 0.998549759 -0.047179639 -1.618448377 -0.996801734 0.022256052 -0.076752082 85.538009644
-0.079007208 0.053734243 0.995424747 34.905380249 0.027919587 0.998273730 -0.051672049 -1.676915050 -0.996482968 0.023709381 -0.080371082 85.451911926
-0.081669547 0.057731535 0.994985998 35.914325714 0.030242525 0.998004794 -0.055424351 -1.737627268 -0.996200442 0.025564410 -0.083252557 85.364242554
-0.084258296 0.060522150 0.994604170 36.927295685 0.031239951 0.997823477 -0.058071531 -1.803765535 -0.995954037 0.026178388 -0.085965618 85.271766663
-0.086869933 0.064151563 0.994151950 37.938407898 0.032117505 0.997586071 -0.061566696 -1.868051767 -0.995701790 0.026581392 -0.088720620 85.185455322
-0.088540390 0.067877926 0.993757129 38.939323425 0.033494316 0.997314095 -0.065136641 -1.937100887 -0.995509207 0.027517987 -0.090576120 85.085899353
-0.091069065 0.069573618 0.993411243 39.954559326 0.036130700 0.997130513 -0.066521898 -2.004432201 -0.995188832 0.029834548 -0.093321510 84.992172241
-0.093395337 0.067705035 0.993324339 40.972133636 0.036365613 0.997251332 -0.064553514 -2.088266611 -0.994964600 0.030093851 -0.095600761 84.907669067
-0.095236003 0.067626834 0.993155003 42.005176544 0.035638221 0.997281730 -0.064490408 -2.158009291 -0.994816661 0.029252462 -0.097387210 84.802474976
-0.097372480 0.068929404 0.992858171 43.036109924 0.035513304 0.997204065 -0.065748222 -2.229233027 -0.994614124 0.028857602 -0.099548146 84.693542480
-0.099630579 0.071125440 0.992479086 44.062320709 0.034979351 0.997075737 -0.067943402 -2.307450771 -0.994409442 0.027947040 -0.101827174 84.587135315
-0.102062099 0.073168859 0.992083490 45.096408844 0.033242516 0.996985137 -0.070110485 -2.388632298 -0.994222462 0.025823731 -0.104186714 84.478729248
-0.104603484 0.076860651 0.991539478 46.125679016 0.030657103 0.996784389 -0.074033000 -2.465999603 -0.994041383 0.022653615 -0.106623456 84.373657227
-0.106959186 0.081023015 0.990956664 47.164833069 0.027085522 0.996541560 -0.078556180 -2.546732187 -0.993894458 0.018438270 -0.108783849 84.271507263
-0.109543473 0.083698727 0.990451753 48.212806702 0.024660591 0.996370435 -0.081471436 -2.626950026 -0.993676007 0.015500460 -0.111209966 84.151794434
-0.112810768 0.082058132 0.990222275 49.261405945 0.022488203 0.996539474 -0.080019668 -2.715516329 -0.993361950 0.013241240 -0.114265755 84.041816711
-0.115070671 0.078006096 0.990289688 50.316177368 0.020225165 0.996889353 -0.076175816 -2.804467678 -0.993151307 0.011263175 -0.116290428 83.911903381
-0.117445499 0.076591246 0.990121305 51.367744446 0.020379189 0.996997356 -0.074705832 -2.887730122 -0.992870152 0.011404007 -0.118653715 83.791313171
-0.119569793 0.076555319 0.989869952 52.407752991 0.019970544 0.997006416 -0.074694939 -2.982047081 -0.992624938 0.010836983 -0.120740727 83.673194885
-0.120754883 0.079658955 0.989480972 53.458129883 0.020828582 0.996758938 -0.077702969 -3.060306787 -0.992463768 0.011226476 -0.122022703 83.548423767
-0.121506050 0.082393929 0.989165008 54.520484924 0.021514477 0.996533275 -0.080364905 -3.149214745 -0.992357433 0.011516546 -0.122857504 83.413742065
-0.121671237 0.083085738 0.989086807 55.578586578 0.020108867 0.996492147 -0.081234142 -3.239023447 -0.992366672 0.010005554 -0.122915216 83.285041809
-0.121723965 0.081645578 0.989200354 56.639118195 0.017238265 0.996634662 -0.080137983 -3.332380772 -0.992414236 0.007297385 -0.122721747 83.155364990
-0.121969178 0.080825031 0.989237487 57.708980560 0.013546865 0.996721447 -0.079766236 -3.427820683 -0.992441356 0.003672044 -0.122664228 83.035301208
-0.121741906 0.082132131 0.989157915 58.774436951 0.009799999 0.996621370 -0.081545711 -3.517828941 -0.992513418 -0.000233786 -0.122135505 82.907676697
-0.122092366 0.082286045 0.989101887 59.854129791 0.005359597 0.996597409 -0.082248047 -3.609264374 -0.992504299 -0.004740675 -0.122117981 82.784103394
-0.122233026 0.081726409 0.989130795 60.935333252 0.002054122 0.996622622 -0.082091577 -3.704818964 -0.992499352 -0.008002508 -0.121988080 82.653732300
-0.122560538 0.076483674 0.989509523 62.023956299 0.002736163 0.997048378 -0.076727457 -3.797837734 -0.992457271 -0.006696300 -0.122408047 82.526779175
-0.122739404 0.068104550 0.990099430 63.116321564 0.005618460 0.997674406 -0.067929097 -3.881755590 -0.992423058 -0.002774743 -0.122836612 82.395393372
-0.122725189 0.062640898 0.990461826 64.215675354 0.011625951 0.998028398 -0.061678890 -3.967169046 -0.992372572 0.003945508 -0.123211466 82.255981445
-0.121750012 0.064913020 0.990435839 65.320579529 0.020093674 0.997815847 -0.062926672 -4.041544437 -0.992357314 0.012240175 -0.122788422 82.103622437
-0.120497376 0.070449226 0.990210712 66.408622742 0.025791436 0.997364223 -0.067819625 -4.117515087 -0.992378533 0.017366871 -0.121996753 81.965774536
-0.119634926 0.076288521 0.989882648 67.512252808 0.029427435 0.996877849 -0.073271111 -4.197481155 -0.992381692 0.020363921 -0.121506386 81.827125549
-0.119567223 0.080558337 0.989552379 68.599746704 0.029841291 0.996543884 -0.077521801 -4.285482407 -0.992377520 0.020260457 -0.121557951 81.704635620
-0.119132623 0.077592477 0.989841759 69.717636108 0.026697338 0.996831477 -0.074927233 -4.373322964 -0.992519379 0.017499870 -0.120826684 81.575439453
-0.119119123 0.073320955 0.990168869 70.821502686 0.026276512 0.997152984 -0.070677005 -4.462730408 -0.992532253 0.017599206 -0.120706618 81.454193115
-0.118473314 0.071095891 0.990408659 71.988288879 0.023967352 0.997347593 -0.068726987 -4.547670364 -0.992667913 0.015595161 -0.119863018 81.297737122
-0.118437238 0.071954280 0.990351021 73.116050720 0.021987405 0.997316480 -0.069830850 -4.628099918 -0.992718041 0.013504678 -0.119701482 81.169357300
-0.118229873 0.076934144 0.990001380 74.246757507 0.023159847 0.996936500 -0.074707232 -4.717733383 -0.992716134 0.014095653 -0.119649470 81.034019470
-0.117378213 0.079821013 0.989874184 75.392639160 0.022762541 0.996718884 -0.077673808 -4.804261208 -0.992826462 0.013414838 -0.118810013 80.890968323
-0.116675667 0.078538410 0.990059853 76.535598755 0.022537671 0.996820986 -0.076418787 -4.894137383 -0.992914319 0.013397429 -0.118074849 80.753433228
-0.115993999 0.072137088 0.990626872 77.689064026 0.024133639 0.997269332 -0.069794968 -4.982800007 -0.992956698 0.015811633 -0.117418185 80.616821289
-0.116827399 0.070346184 0.990657628 78.840965271 0.023239309 0.997408807 -0.068085000 -5.069953918 -0.992880285 0.015068011 -0.118159465 80.485717773
-0.116059817 0.073342487 0.990530610 79.979606628 0.021040730 0.997227728 -0.071373053 -5.156797886 -0.993019283 0.012557949 -0.117281243 80.356132507
-0.116149977 0.076639354 0.990270495 81.144104004 0.020034207 0.996996522 -0.074810028 -5.238319397 -0.993029594 0.011150097 -0.117336519 80.226676941
-0.115877353 0.075940460 0.990356266 82.311416626 0.018742705 0.997062624 -0.074261695 -5.329802036 -0.993086636 0.009956706 -0.116960295 80.092964172
-0.115539163 0.072550192 0.990649879 83.484336853 0.018981256 0.997308195 -0.070824027 -5.421970367 -0.993121505 0.010620828 -0.116605237 79.956077576
-0.115045048 0.071275927 0.990799844 84.667175293 0.018333443 0.997404873 -0.069622338 -5.514852524 -0.993191004 0.010155063 -0.116053246 79.821945190
-0.113787338 0.071582243 0.990922987 85.853080750 0.019938685 0.997364581 -0.069758028 -5.605969429 -0.993304908 0.011820121 -0.114914723 79.687820435
-0.112694979 0.071938448 0.991021991 87.046554565 0.022279657 0.997307777 -0.069861196 -5.695639610 -0.993379712 0.014206625 -0.113994360 79.548965454
-0.111400649 0.071452513 0.991203368 88.247627258 0.022234578 0.997341394 -0.069396064 -5.780808926 -0.993526936 0.014308226 -0.112693183 79.404014587
-0.110387459 0.072362043 0.991250813 89.446380615 0.023199640 0.997261941 -0.070217311 -5.868182659 -0.993617833 0.015245555 -0.111763969 79.275596619
-0.109055042 0.070789121 0.991511762 90.634986877 0.022749111 0.997377574 -0.068705775 -5.954997063 -0.993775308 0.015063305 -0.110379465 79.146232605
-0.107845962 0.069441207 0.991739392 91.852272034 0.021768877 0.997483253 -0.067476161 -6.051345348 -0.993929207 0.014312022 -0.109086223 79.008155823
-0.106253468 0.069144577 0.991931975 93.064819336 0.022914138 0.997484505 -0.067077115 -6.135260582 -0.994075000 0.015602091 -0.107570596 78.880050659
-0.104144730 0.069370836 0.992139816 94.293243408 0.020995598 0.997495413 -0.067541406 -6.231566906 -0.994340599 0.013796487 -0.105340406 78.748161316
-0.103658848 0.072173201 0.991990805 95.520156860 0.021040829 0.997299671 -0.070360772 -6.316768646 -0.994390309 0.013578793 -0.104897507 78.632781982
-0.102735236 0.070805900 0.992185414 96.742515564 0.018479109 0.997426987 -0.069266550 -6.405277252 -0.994537055 0.011218587 -0.103779316 78.513984680
-0.102037750 0.069540918 0.992346823 97.990829468 0.015393851 0.997544408 -0.068322286 -6.503518581 -0.994661391 0.008304588 -0.102857687 78.389503479
-0.102073193 0.070657134 0.992264330 99.229827881 0.012511278 0.997486532 -0.069741979 -6.590891838 -0.994698226 0.005295712 -0.102700636 78.269012451
-0.102000013 0.070037380 0.992315769 100.451446533 0.009625079 0.997541308 -0.069416814 -6.683464050 -0.994737744 0.002470600 -0.102423318 78.142097473
-0.103136227 0.067503095 0.992374063 101.696243286 0.006778341 0.997719049 -0.067162223 -6.775496960 -0.994644105 -0.000200209 -0.103358515 78.019195557
-0.104265995 0.066062421 0.992353022 102.959884644 0.004868259 0.997813284 -0.065914445 -6.866992950 -0.994537532 -0.002041602 -0.104359649 77.890686035
-0.106251128 0.065477818 0.992181063 104.220703125 0.002513362 0.997843981 -0.065582380 -6.954949379 -0.994336128 -0.004474490 -0.106186621 77.773780823
-0.107248180 0.065380462 0.992080331 105.476104736 0.003106870 0.997852564 -0.065425023 -7.049773216 -0.994227409 -0.003934449 -0.107221015 77.633033752
-0.109583497 0.064098746 0.991908610 106.734207153 0.002552725 0.997933447 -0.064206049 -7.137939453 -0.993974268 -0.004503854 -0.109520666 77.500091553
-0.113010876 0.059189897 0.991829157 108.002815247 -0.000409822 0.998221219 -0.059618048 -7.228673935 -0.993593633 -0.007143963 -0.112785570 77.370468140
-0.117477573 0.059064098 0.991317511 109.260757446 -0.001236786 0.998220265 -0.059621941 -7.313488960 -0.993074775 -0.008230289 -0.117195435 77.228683472
-0.122787043 0.065271758 0.990284324 110.496414185 -0.005390701 0.997776270 -0.066433974 -7.396589279 -0.992418349 -0.013495556 -0.122162148 77.080963135
-0.130206689 0.068368897 0.989126861 111.716606140 -0.004655221 0.997566521 -0.069565065 -7.484716892 -0.991475940 -0.013662440 -0.129571602 76.933670044
-0.138551190 0.064539209 0.988250017 112.972961426 -0.002592947 0.997847259 -0.065529481 -7.576732159 -0.990351856 -0.011641671 -0.138085574 76.748657227
-0.149408251 0.062657043 0.986788332 114.201721191 -0.000315550 0.997987211 -0.063415892 -7.667235374 -0.988775432 -0.009786238 -0.149087772 76.567657471
-0.162457034 0.063326098 0.984681308 115.418891907 -0.000325142 0.997934937 -0.064232089 -7.758203983 -0.986715496 -0.010755116 -0.162100986 76.376762390
-0.176420733 0.063394405 0.982271314 116.635131836 0.001905847 0.997944057 -0.064063609 -7.848420620 -0.984312952 -0.009430089 -0.176178858 76.160751343
-0.190900743 0.061509129 0.979680300 117.847755432 0.002164521 0.998058915 -0.062241234 -7.935086250 -0.981607020 -0.009761360 -0.190663308 75.931228638
-0.206070602 0.063989043 0.976442695 119.047210693 0.006389660 0.997926354 -0.064048424 -8.026052475 -0.978516340 -0.006959364 -0.206052169 75.677635193
-0.221611485 0.067349724 0.972806454 120.224822998 0.006027858 0.997687519 -0.067699127 -8.115354538 -0.975116372 -0.009138968 -0.221505046 75.421112061
-0.237006724 0.071195856 0.968895793 121.392555237 0.005654320 0.997395337 -0.071906924 -8.205320358 -0.971491516 -0.011563976 -0.236791983 75.144348145
-0.252650440 0.069198996 0.965079904 122.558586121 0.002540645 0.997483134 -0.070857279 -8.304900169 -0.967554271 -0.015450200 -0.252190381 74.845054626
-0.268975049 0.063316412 0.961063683 123.721527100 -0.003206073 0.997772336 -0.066632129 -8.399792671 -0.963141799 -0.021003621 -0.268172920 74.542068481
-0.284636647 0.059207015 0.956805408 124.909828186 -0.007231060 0.997929931 -0.063902944 -8.488948822 -0.958608091 -0.025107842 -0.283619344 74.207405090
-0.300071180 0.060633745 0.951987863 126.057472229 -0.009251266 0.997745812 -0.066464208 -8.575857162 -0.953871965 -0.028751086 -0.298833877 73.863601685
-0.313884854 0.062704533 0.947388172 127.213111877 -0.008822406 0.997581065 -0.068949655 -8.665566444 -0.949420035 -0.030000499 -0.312572449 73.485000610
-0.327933550 0.064963691 0.942464471 128.347610474 -0.007305599 0.997428536 -0.071294360 -8.757068634 -0.944672525 -0.030265074 -0.326615721 73.102188110
-0.342134863 0.064537443 0.937431872 129.479217529 -0.005063993 0.997497439 -0.070520863 -8.859930038 -0.939637125 -0.028874800 -0.340951860 72.699035645
-0.356261939 0.062506735 0.932293057 130.603195190 -0.005464592 0.997603536 -0.068973772 -8.953683853 -0.934370100 -0.029667333 -0.355066568 72.283584595
-0.370567411 0.061383013 0.926774979 131.725616455 -0.005191887 0.997661293 -0.068153970 -9.049021721 -0.928790987 -0.030067356 -0.369382113 71.837684631
-0.385482848 0.062811799 0.920574546 132.824951172 -0.006665780 0.997464836 -0.070849322 -9.141078949 -0.922690868 -0.033447549 -0.384086877 71.391235352
-0.400793314 0.065077327 0.913854241 133.908660889 -0.005706439 0.997277439 -0.073520735 -9.233098030 -0.916150630 -0.034681469 -0.399330735 70.933395386
-0.415125906 0.066564709 0.907325506 135.016036987 -0.004426818 0.997159958 -0.075180680 -9.333283424 -0.909753263 -0.035226021 -0.413652241 70.438186646
-0.429314256 0.069251314 0.900496244 136.094039917 -0.001100348 0.997015059 -0.077198543 -9.434295654 -0.903154612 -0.034133289 -0.427956611 69.923843384
-0.444617927 0.072198249 0.892805874 137.175613403 -0.001921778 0.996667206 -0.081554204 -9.536673546 -0.895718277 -0.037976243 -0.442997217 69.406539917
-0.459325314 0.074730888 0.885118961 138.239837646 -0.000649400 0.996426165 -0.084465601 -9.636232376 -0.888267875 -0.039371975 -0.457635224 68.856025696
-0.475068808 0.071663439 0.877025604 139.319549561 -0.002366612 0.996570468 -0.082713626 -9.744451523 -0.879945457 -0.041370247 -0.473270088 68.297515869
-0.491417110 0.067131780 0.868333220 140.393951416 -0.005157275 0.996783078 -0.079981036 -9.850277901 -0.870909095 -0.043782283 -0.489490002 67.713012695
-0.506982684 0.067731962 0.859290898 141.473083496 -0.005247132 0.996646881 -0.081654586 -9.946959496 -0.861940265 -0.045906279 -0.504927337 67.090591431
-0.522897482 0.066978812 0.849759996 142.524108887 -0.006230629 0.996581018 -0.082385369 -10.048021317 -0.852372885 -0.048373632 -0.520692348 66.461059570
-0.538654923 0.066091932 0.839930117 143.545700073 -0.006817620 0.996543884 -0.082787693 -10.148745537 -0.842498839 -0.050320320 -0.536342740 65.808105469
-0.554185152 0.065489121 0.829813242 144.574661255 -0.008049854 0.996432006 -0.084014773 -10.258464813 -0.832354426 -0.053239617 -0.551680684 65.133750916
-0.569727778 0.065016232 0.819257677 145.621063232 -0.008141745 0.996370316 -0.084733821 -10.368199348 -0.821792960 -0.054945391 -0.567130506 64.425086975
-0.585153341 0.062392429 0.808518887 146.633728027 -0.008410326 0.996515095 -0.082986735 -10.475862503 -0.810879052 -0.055359859 -0.582589388 63.712017059
-0.599970043 0.058868967 0.797853649 147.644561768 -0.008782418 0.996744215 -0.080148168 -10.575700760 -0.799974203 -0.055093586 -0.597499609 62.966243744
-0.614868224 0.057207666 0.786552250 148.639144897 -0.007746121 0.996879160 -0.078560561 -10.684291840 -0.788591683 -0.054397125 -0.612506092 62.201229095
-0.629543066 0.055449825 0.774984419 149.615341187 -0.008613664 0.996890664 -0.078324258 -10.790372849 -0.776917875 -0.055983935 -0.627107978 61.418983459
-0.644304693 0.056637127 0.762668788 150.578079224 -0.009623109 0.996574581 -0.082136989 -10.897626877 -0.764708400 -0.060260493 -0.641552627 60.621372223
-0.659656644 0.055933252 0.749482930 151.536941528 -0.011879687 0.996326208 -0.084810846 -11.004732132 -0.751473188 -0.064849652 -0.656568766 59.802494049
-0.675585449 0.052631672 0.735400796 152.489135742 -0.013712556 0.996379256 -0.083906785 -11.116189003 -0.737154126 -0.066770427 -0.672417521 58.961879730
-0.691805542 0.045112699 0.720673084 153.420074463 -0.017224664 0.996731579 -0.078928091 -11.226409912 -0.721878290 -0.067016259 -0.688767314 58.095375061
-0.708519280 0.042700022 0.704398334 154.342468262 -0.017938629 0.996755242 -0.078466028 -11.333778381 -0.705463469 -0.068230636 -0.705454409 57.197750092
-0.726017296 0.040028777 0.686510324 155.243041992 -0.019635791 0.996690571 -0.078880444 -11.442665100 -0.687395990 -0.070748746 -0.722828686 56.272575378
-0.743527412 0.036154903 0.667727351 156.123748779 -0.022872970 0.996577919 -0.079430409 -11.549450874 -0.668314219 -0.074331596 -0.740155995 55.330764771
-0.760310769 0.034800664 0.648626566 156.975799561 -0.021908961 0.996621728 -0.079152942 -11.656390190 -0.649189949 -0.074391581 -0.756979704 54.367641449
-0.776176572 0.036305290 0.629469335 157.810424805 -0.020021230 0.996418238 -0.082156904 -11.775218010 -0.630197465 -0.076371029 -0.772669733 53.368858337
-0.791404724 0.035900731 0.610237300 158.616607666 -0.016732436 0.996627688 -0.080332324 -11.879688263 -0.611063361 -0.073786154 -0.788135231 52.358818054
-0.806101739 0.036992967 0.590619624 159.396011353 -0.012564430 0.996749341 -0.079578996 -12.003158569 -0.591643572 -0.071569562 -0.803016543 51.326503754
-0.820081532 0.038302768 0.570963323 160.125900269 -0.010701137 0.996556461 -0.082223602 -12.113437653 -0.572146654 -0.073540017 -0.816847682 50.260169983
-0.833966255 0.039736081 0.550382793 160.844848633 -0.009791286 0.996181369 -0.086757690 -12.229302406 -0.551728547 -0.077741936 -0.830392599 49.206840515
-0.846794724 0.040053062 0.530409575 161.540130615 -0.007200309 0.996206522 -0.086722255 -12.343669891 -0.531870961 -0.077255063 -0.843294263 48.122840881
-0.858521104 0.037930835 0.511373341 162.209960938 -0.006202170 0.996419311 -0.084321402 -12.460103989 -0.512740612 -0.075563326 -0.855211794 47.024311066
-0.868844986 0.039976604 0.493467659 162.844512939 -0.002951467 0.996298611 -0.085908368 -12.582958221 -0.495075554 -0.076097511 -0.865511060 45.910037994
-0.878285766 0.042769834 0.476219237 163.459350586 -0.000197569 0.995958686 -0.089812644 -12.697564125 -0.478135914 -0.078975260 -0.874727905 44.789291382
-0.887345910 0.040292546 0.459340394 164.063446045 -0.002109969 0.995809555 -0.091426678 -12.818595886 -0.461099386 -0.082096301 -0.883542597 43.656147003
-0.895656407 0.037489798 0.443163604 164.651062012 -0.003136897 0.995883465 -0.090587452 -12.945837021 -0.444735408 -0.082525387 -0.891851962 42.513092041
-0.902774453 0.035559479 0.428641647 165.213104248 -0.003940595 0.995850921 -0.090913720 -13.070716858 -0.430096090 -0.083763689 -0.898888648 41.353946686
-0.909317255 0.033602312 0.414744377 165.753540039 -0.004361387 0.995909512 -0.090250172 -13.198555946 -0.416080505 -0.083874919 -0.905451179 40.186519623
-0.915635645 0.030823374 0.400825560 166.280151367 -0.005596172 0.995982349 -0.089374520 -13.324241638 -0.401970059 -0.084077597 -0.911784530 39.026401520
-0.921089709 0.026047545 0.388478309 166.795425415 -0.007773024 0.996330619 -0.085234202 -13.461793900 -0.389272898 -0.081527963 -0.917507529 37.797557831
-0.926535606 0.022719603 0.375520617 167.302841187 -0.009126415 0.996523678 -0.082809225 -13.570629120 -0.376096517 -0.080152854 -0.923107266 36.618598938
-0.930875719 0.023583943 0.364574015 167.780761719 -0.005959016 0.996801317 -0.079697430 -13.687022209 -0.365287453 -0.076360896 -0.927757561 35.406555176
-0.933822393 0.027686005 0.356663913 168.249694824 -0.001408277 0.996708572 -0.081056572 -13.799753189 -0.357734054 -0.076194741 -0.930709660 34.195960999
-0.936301112 0.032684859 0.349673837 168.709655762 0.003988062 0.996585190 -0.082474634 -13.912281990 -0.351175398 -0.075826570 -0.933234155 33.002162933
-0.938316762 0.035970613 0.343900710 169.166198730 0.007071333 0.996362507 -0.084921651 -14.031243324 -0.345704526 -0.077251568 -0.935158014 31.781663895
-0.939982355 0.033114504 0.339612216 169.610137939 0.004966808 0.996502280 -0.083418533 -14.152311325 -0.341186762 -0.076725177 -0.936858952 30.565544128
-0.941908598 0.025625134 0.334890336 170.057861328 -0.001252694 0.996810436 -0.079797208 -14.265599251 -0.335867018 -0.075581208 -0.938872039 29.363550186
-0.943720698 0.018991102 0.330197811 170.502136230 -0.007085927 0.996960104 -0.077591375 -14.382106781 -0.330667645 -0.075564355 -0.940717220 28.159627914
-0.945243835 0.012725800 0.326116741 170.943450928 -0.013902043 0.996762514 -0.079190716 -14.491224289 -0.326068729 -0.079388224 -0.942006707 26.891054153
-0.946671784 0.009956338 0.322045594 171.377136230 -0.017438184 0.996474206 -0.082067482 -14.598478317 -0.321727186 -0.083306871 -0.943160415 25.687274933
-0.947356224 0.010141296 0.320020676 171.793884277 -0.017854929 0.996269643 -0.084427185 -14.712638855 -0.319683045 -0.085696578 -0.943641245 24.476140976
-0.947638750 0.011077678 0.319151789 172.210403442 -0.017487541 0.996098399 -0.086499050 -14.827350616 -0.318864822 -0.087551050 -0.943747759 23.273567200
-0.947623968 0.013514777 0.319101691 172.624984741 -0.015324124 0.996029794 -0.087691858 -14.954809189 -0.319019914 -0.087988891 -0.943654716 22.066490173
-0.946907341 0.014343420 0.321186185 173.044586182 -0.015400253 0.995834053 -0.089873984 -15.074474335 -0.321137249 -0.090048701 -0.942741692 20.797790527
-0.946714938 0.015458956 0.321701139 173.470367432 -0.014709624 0.995729744 -0.091136642 -15.205255508 -0.321736306 -0.091012530 -0.942444861 19.591442108
-0.945880830 0.016676432 0.324085742 173.886825562 -0.013719341 0.995730817 -0.091278642 -15.322832108 -0.324224293 -0.090784930 -0.941613853 18.388858795
-0.944978118 0.016410017 0.326721758 174.308914185 -0.014193463 0.995743811 -0.091064304 -15.454667091 -0.326825559 -0.090691075 -0.940723181 17.176132202
-0.943907082 0.014815192 0.329878747 174.740234375 -0.016295519 0.995685935 -0.091344833 -15.578445435 -0.329809040 -0.091596596 -0.939593613 15.997467041
-0.942500770 0.013243616 0.333941340 175.179290771 -0.017461412 0.995898306 -0.088778093 -15.705718994 -0.333747447 -0.089504518 -0.938403726 14.812248230
-0.940336108 0.011018162 0.340068370 175.617660522 -0.019451533 0.996100068 -0.086059682 -15.827398300 -0.339690357 -0.087539859 -0.936454535 13.613571167
-0.937998891 0.008828669 0.346525639 176.067947388 -0.021244500 0.996332228 -0.082890272 -15.947509766 -0.345986515 -0.085112751 -0.934370995 12.435100555
-0.935234189 0.010894122 0.353861600 176.513641357 -0.019592859 0.996401846 -0.082458340 -16.066509247 -0.353486687 -0.084051028 -0.931655765 11.255432129
-0.932007670 0.011292697 0.362262458 176.962051392 -0.020031272 0.996381819 -0.082595192 -16.180881500 -0.361884534 -0.084235936 -0.928409278 10.117206573
-0.928296447 0.013978189 0.371578127 177.429092407 -0.019073494 0.996187687 -0.085125454 -16.293930054 -0.371351480 -0.086108945 -0.924490929 8.963573456
-0.924157023 0.014970598 0.381719619 177.914993286 -0.018409515 0.996325552 -0.083644815 -16.413093567 -0.381569266 -0.084328219 -0.920485556 7.799415588
-0.919157803 0.017166836 0.393515259 178.411071777 -0.017787090 0.996221662 -0.085005917 -16.528146744 -0.393487632 -0.085133307 -0.915379584 6.633396149
-0.913817823 0.018561788 0.405699939 178.930572510 -0.017950257 0.996132791 -0.086007580 -16.647726059 -0.405727416 -0.085877672 -0.909950793 5.510314941
-0.907824636 0.021255299 0.418810993 179.464828491 -0.015755821 0.996280611 -0.084715448 -16.771951675 -0.419053912 -0.083505481 -0.904113173 4.368530273
-0.901244938 0.020264290 0.432835758 180.011917114 -0.017595217 0.996370554 -0.083284087 -16.875902176 -0.432952464 -0.082675233 -0.897617340 3.198623657
-0.894973218 0.022526586 0.445550650 180.581817627 -0.016316639 0.996403158 -0.083152227 -16.998504639 -0.445821196 -0.081688903 -0.891386688 2.070808411
-0.887947440 0.024963744 0.459266871 181.151153564 -0.014575081 0.996497273 -0.082344741 -17.107973099 -0.459713787 -0.079811662 -0.884473324 0.950439453
-0.880440354 0.026449658 0.473418623 181.747253418 -0.013584393 0.996626019 -0.080944575 -17.207904816 -0.473962218 -0.077697985 -0.877110481 -0.171348572
-0.873026609 0.028080072 0.486863613 182.358383179 -0.011635155 0.996857345 -0.078357935 -17.316089630 -0.487533927 -0.074073285 -0.869956195 -1.257881165
-0.864544809 0.030988531 0.501599371 182.972351074 -0.008648312 0.997031868 -0.076502085 -17.425125122 -0.502481282 -0.070477478 -0.861710727 -2.331550598
-0.856183052 0.033902116 0.515558839 183.609939575 -0.006087835 0.997113585 -0.075678177 -17.524925232 -0.516636491 -0.067933038 -0.853505492 -3.357872009
-0.845188081 0.037117515 0.533178508 184.245223999 -0.002764207 0.997268617 -0.073807202 -17.632072449 -0.534461796 -0.063854776 -0.842777014 -4.406593323
-0.834535956 0.039803792 0.549513757 184.903091431 -0.000096326 0.997376204 -0.072390810 -17.735807419 -0.550953448 -0.060465679 -0.832342565 -5.405769348
-0.823201835 0.041362129 0.566240013 185.579406738 0.001059360 0.997452855 -0.071320817 -17.842098236 -0.567747831 -0.058111575 -0.821148813 -6.407508850
-0.812159300 0.043062944 0.581844330 186.294372559 0.001463666 0.997419655 -0.071777083 -17.935916901 -0.583433986 -0.057442799 -0.810126603 -7.377990723
-0.798933685 0.046125792 0.599647582 187.019042969 0.004521709 0.997487128 -0.070703775 -18.038217545 -0.601402044 -0.053776205 -0.797134697 -8.362251282
-0.785322070 0.047082346 0.617294312 187.770751953 0.005694174 0.997611165 -0.068845779 -18.126823425 -0.619061112 -0.050551146 -0.783714175 -9.320762634
-0.769953310 0.049238306 0.636197627 188.522277832 0.008461319 0.997718632 -0.066977851 -18.221115112 -0.638044119 -0.046186764 -0.768613338 -10.250579834
