-0.993234634 -0.022559253 -0.113912016 138.035171509 -0.019134875 0.999334097 -0.031066215 -18.591295242 0.114537001 -0.028676350 -0.993004978 455.626953125
-0.993257046 -0.021966610 -0.113832399 137.899078369 -0.018490773 0.999332607 -0.031501275 -18.649423599 0.114448413 -0.029184017 -0.993000388 454.337890625
-0.993353784 -0.021995451 -0.112979241 137.758911133 -0.018548531 0.999332488 -0.031470563 -18.700775146 0.113596052 -0.029165804 -0.993098795 453.045074463
-0.993431926 -0.021355610 -0.112413898 137.618682861 -0.018059202 0.999378800 -0.030261034 -18.755418777 0.112990320 -0.028032169 -0.993200600 451.754791260
-0.993591428 -0.019900357 -0.111264959 137.475708008 -0.016576203 0.999390543 -0.030721756 -18.809957504 0.111808516 -0.028680524 -0.993315816 450.473327637
-0.993680060 -0.019670861 -0.110512123 137.341323853 -0.016028054 0.999301553 -0.033755254 -18.869998932 0.111098930 -0.031770632 -0.993301392 449.194641113
-0.993856490 -0.019815782 -0.108887702 137.207580566 -0.015917933 0.999204993 -0.036550399 -18.923538208 0.109525412 -0.034592591 -0.993381858 447.924316406
-0.994044185 -0.017823184 -0.107510537 137.068862915 -0.014082799 0.999272168 -0.035450377 -18.978927612 0.108064130 -0.033725191 -0.993571699 446.652221680
-0.994243383 -0.016105486 -0.105927847 136.935699463 -0.012688558 0.999379575 -0.032852378 -19.038642883 0.106391236 -0.031319182 -0.993830979 445.382873535
-0.994440854 -0.015349524 -0.104171291 136.809982300 -0.011894196 0.999360800 -0.033710260 -19.092403412 0.104622141 -0.032283824 -0.993987918 444.117248535
-0.994642437 -0.014825048 -0.102307469 136.688674927 -0.011239024 0.999305010 -0.035539355 -19.147615433 0.102763250 -0.034199107 -0.994117737 442.857269287
-0.994856000 -0.014955553 -0.100189425 136.563705444 -0.011429056 0.999297798 -0.035680313 -19.207782745 0.100652702 -0.034351699 -0.994328380 441.584472656
-0.995041609 -0.015729928 -0.098207347 136.438629150 -0.012315778 0.999301672 -0.035274655 -19.269077301 0.098693639 -0.033890251 -0.994540513 440.314422607
-0.995193303 -0.016557828 -0.096519269 136.324783325 -0.013312044 0.999327064 -0.034175854 -19.326587677 0.097020201 -0.032726716 -0.994744122 439.040618896
-0.995374799 -0.018564807 -0.094255596 136.214797974 -0.015638083 0.999375224 -0.031695224 -19.379516602 0.094785109 -0.030074652 -0.995043397 437.767395020
-0.995493531 -0.021093668 -0.092453636 136.098434448 -0.018545942 0.999426484 -0.028329972 -19.434074402 0.092998207 -0.026487663 -0.995313942 436.476531982
-0.995617867 -0.023878977 -0.090414368 135.997009277 -0.021404307 0.999371827 -0.028241863 -19.486339569 0.091031983 -0.026182849 -0.995503724 435.212127686
-0.995804667 -0.025026945 -0.088015825 135.893402100 -0.022355853 0.999262869 -0.031203959 -19.532577515 0.088731900 -0.029105378 -0.995630205 433.931427002
-0.996008873 -0.025419978 -0.085557312 135.796768188 -0.022602567 0.999175072 -0.033739358 -19.580486298 0.086344399 -0.031670883 -0.995761812 432.637908936
-0.996264577 -0.024442565 -0.082820848 135.698379517 -0.021748353 0.999209464 -0.033278205 -19.636283875 0.083568797 -0.031352673 -0.996008635 431.356658936
-0.996584117 -0.022840634 -0.079361826 135.593643188 -0.020284284 0.999253750 -0.032869615 -19.697494507 0.080053382 -0.031147534 -0.996303797 430.090240479
-0.996760845 -0.022014175 -0.077352911 135.502639771 -0.019374901 0.999209762 -0.034706354 -19.752742767 0.078055821 -0.033095226 -0.996399462 428.820983887
-0.996964037 -0.022990782 -0.074391626 135.417480469 -0.020259762 0.999100208 -0.037260093 -19.807657242 0.075181335 -0.035639819 -0.996532679 427.540100098
-0.997223318 -0.024391126 -0.070359573 135.331466675 -0.021742929 0.999034941 -0.038161539 -19.869739532 0.071222477 -0.036525760 -0.996791482 426.262084961
-0.997432947 -0.028293665 -0.065780133 135.256805420 -0.025591370 0.998807847 -0.041566718 -19.929794312 0.066877797 -0.039776612 -0.996968031 424.981811523
-0.997649252 -0.030683059 -0.061272454 135.181915283 -0.028318584 0.998834133 -0.039092232 -19.990674973 0.062400494 -0.037265189 -0.997355163 423.696716309
-0.997776151 -0.034210939 -0.057203669 135.120742798 -0.032462191 0.998985052 -0.031225614 -20.045135498 0.058213860 -0.029299214 -0.997874081 422.409149170
-0.997935772 -0.036453113 -0.052871525 135.055130005 -0.034866616 0.998922527 -0.030625200 -20.098285675 0.053930946 -0.028718529 -0.998131514 421.125549316
-0.998171926 -0.035661973 -0.048796561 134.996841431 -0.034051389 0.998860061 -0.033448923 -20.146450043 0.049933784 -0.031726185 -0.998248398 419.843780518
-0.998382449 -0.035247918 -0.044611163 134.953964233 -0.033495877 0.998660684 -0.039430156 -20.206155777 0.045941245 -0.037872083 -0.998225927 418.573333740
-0.998609841 -0.034473982 -0.039872374 134.893981934 -0.032748278 0.998531640 -0.043152887 -20.271627426 0.041301481 -0.041787155 -0.998272479 417.299713135
-0.998786330 -0.033685405 -0.035930939 134.854553223 -0.032150880 0.998580575 -0.042462859 -20.333957672 0.037310325 -0.041256115 -0.998451710 416.015686035
-0.998892903 -0.034027487 -0.032479025 134.813995361 -0.032819774 0.998775363 -0.037020084 -20.406467438 0.033698954 -0.035913143 -0.998786569 414.706512451
-0.998959541 -0.034776188 -0.029501772 134.790161133 -0.033775177 0.998858452 -0.033776350 -20.461345673 0.030642712 -0.032744780 -0.998993874 413.420257568
-0.999101937 -0.033472721 -0.025974603 134.761932373 -0.032591879 0.998902917 -0.033624407 -20.516994476 0.027071608 -0.032747656 -0.999096811 412.125946045
-0.999184370 -0.033678062 -0.022278598 134.742706299 -0.032875832 0.998830676 -0.035444722 -20.571243286 0.023446249 -0.034683388 -0.999123156 410.842437744
-0.999299467 -0.032545771 -0.018471623 134.718963623 -0.031863153 0.998839378 -0.036118302 -20.634944916 0.019625684 -0.035504442 -0.999176741 409.549224854
-0.999341786 -0.033023752 -0.015012226 134.705383301 -0.032461513 0.998814642 -0.036268335 -20.694828033 0.016192161 -0.035757143 -0.999229312 408.259796143
-0.999361813 -0.033957388 -0.011080975 134.697036743 -0.033519711 0.998732567 -0.037544806 -20.755535126 0.012341855 -0.037149422 -0.999233365 406.977020264
-0.999329925 -0.035851702 -0.007367396 134.696899414 -0.035545837 0.998640180 -0.038132731 -20.819263458 0.008724513 -0.037845299 -0.999245405 405.706390381
-0.999230087 -0.039009124 -0.004193424 134.704910278 -0.038816702 0.998487115 -0.038943153 -20.880237579 0.005706227 -0.038750399 -0.999232531 404.431091309
-0.999085009 -0.042752925 -0.001142340 134.715805054 -0.042680625 0.998392344 -0.037300061 -20.952388763 0.002735205 -0.037217181 -0.999303460 403.193389893
-0.998846531 -0.047990706 0.001590229 134.737976074 -0.048016716 0.998170018 -0.036754508 -21.015666962 0.000176560 -0.036788471 -0.999323010 401.941009521
-0.998630524 -0.052121464 0.004518544 134.760314941 -0.052254789 0.997925878 -0.037593890 -21.075771332 -0.002549726 -0.037778523 -0.999282837 400.680786133
-0.998588562 -0.052612055 0.007262589 134.777236938 -0.052863207 0.997786582 -0.040344521 -21.150806427 -0.005123906 -0.040671505 -0.999159396 399.469116211
-0.998603284 -0.051898763 0.009891525 134.801193237 -0.052285876 0.997661352 -0.044023376 -21.211738586 -0.007583641 -0.044479072 -0.998981535 398.231842041
-0.998717546 -0.048796643 0.013491243 134.822875977 -0.049347535 0.997809052 -0.044067141 -21.280332565 -0.011311360 -0.044676382 -0.998937488 397.000762939
-0.998899758 -0.043445304 0.017658155 134.825103760 -0.044173781 0.998089194 -0.043202721 -21.348079681 -0.015747428 -0.043935213 -0.998910248 395.765380859
-0.998917162 -0.041827459 0.020370767 134.859771729 -0.042673770 0.998161077 -0.043052848 -21.415666580 -0.018532518 -0.043875530 -0.998865068 394.544494629
-0.998843491 -0.041604452 0.024097234 134.884719849 -0.042625058 0.998143077 -0.043514013 -21.485107422 -0.022242082 -0.044490837 -0.998762131 393.325744629
-0.998700202 -0.043565668 0.026455326 134.933822632 -0.044689309 0.998054206 -0.043481756 -21.547637939 -0.024509512 -0.044607509 -0.998703897 392.124694824
-0.998568714 -0.044866167 0.029111510 134.975585938 -0.046047732 0.998086214 -0.041272905 -21.614715576 -0.027204040 -0.042554349 -0.998723686 390.912506104
-0.998504400 -0.043959200 0.032503862 135.013275146 -0.045237955 0.998186588 -0.039712701 -21.678009033 -0.030699177 -0.041123714 -0.998682261 389.718353271
-0.998525262 -0.042154279 0.034208518 135.062637329 -0.043476615 0.998297572 -0.038878642 -21.745380402 -0.032511387 -0.040308576 -0.998658180 388.526702881
-0.998448491 -0.041655309 0.036950707 135.109741211 -0.043125216 0.998271823 -0.039917652 -21.806083679 -0.035224065 -0.041449226 -0.998519421 387.352478027
-0.998397589 -0.041240230 0.038749203 135.170776367 -0.042852707 0.998208761 -0.041747462 -21.866592407 -0.036958117 -0.043341074 -0.998376489 386.182556152
-0.998299122 -0.041250702 0.041196004 135.223937988 -0.042994462 0.998175979 -0.042379685 -21.927721024 -0.039372668 -0.044078801 -0.998251855 385.015045166
-0.998179734 -0.042142835 0.043141607 135.286376953 -0.043961678 0.998144984 -0.042116906 -21.990127563 -0.041286640 -0.043936819 -0.998180807 383.856658936
-0.998024821 -0.043054510 0.045745820 135.346984863 -0.045004722 0.998082578 -0.042492684 -22.054576874 -0.043828636 -0.044467527 -0.998048961 382.700012207
-0.997939944 -0.042554934 0.048009306 135.411788940 -0.044578381 0.998127043 -0.041894194 -22.112806320 -0.046136595 -0.043948065 -0.997967958 381.552459717
-0.997866452 -0.041512351 0.050391346 135.476928711 -0.043507542 0.998285115 -0.039164543 -22.178501129 -0.048679087 -0.041273385 -0.997961283 380.404144287
-0.997822344 -0.039455034 0.052856546 135.543945312 -0.041531600 0.998384237 -0.038781878 -22.236455917 -0.051240981 -0.040892642 -0.997848630 379.267242432
-0.997776151 -0.036728833 0.055622399 135.607757568 -0.039106339 0.998340249 -0.042276036 -22.293094635 -0.053977314 -0.044357203 -0.997556388 378.155029297
-0.997721076 -0.033027243 0.058837771 135.664291382 -0.035677098 0.998368919 -0.044570241 -22.357294083 -0.057269737 -0.046567824 -0.997272193 377.053741455
-0.997623563 -0.031704195 0.061173037 135.742370605 -0.034372024 0.998480856 -0.043063190 -22.417562485 -0.059714824 -0.045063492 -0.997197807 375.943542480
-0.997476399 -0.030626563 0.064056337 135.818344116 -0.033170983 0.998686790 -0.039042424 -22.480678558 -0.062776491 -0.041068695 -0.997182310 374.841796875
-0.997269154 -0.030026354 0.067474149 135.900604248 -0.032612093 0.998762310 -0.037552737 -22.532161713 -0.066263087 -0.039650649 -0.997014105 373.747100830
-0.996954858 -0.030649450 0.071704499 135.978729248 -0.033490915 0.998686790 -0.038766485 -22.593534470 -0.070422195 -0.041049879 -0.996672392 372.667358398
-0.996656954 -0.031675655 0.075309545 136.069290161 -0.034906223 0.998508632 -0.041974951 -22.649017334 -0.073867656 -0.044463396 -0.996276438 371.598846436
-0.996341527 -0.033170592 0.078760818 136.163757324 -0.036686089 0.998374641 -0.043615494 -22.707740784 -0.077186048 -0.046345353 -0.995938957 370.545227051
-0.995959759 -0.033461910 0.083334126 136.255889893 -0.037180569 0.998362243 -0.043478370 -22.766992569 -0.081742771 -0.046401110 -0.995572805 369.492156982
-0.995526433 -0.033115584 0.088490255 136.355804443 -0.037016463 0.998397291 -0.042810917 -22.826908112 -0.086930722 -0.045894995 -0.995156586 368.442413330
-0.995063663 -0.030964766 0.094282895 136.457046509 -0.034940287 0.998555660 -0.040810913 -22.884002686 -0.092883058 -0.043903727 -0.994708598 367.411712646
-0.994392812 -0.027420780 0.102131277 136.557296753 -0.031382967 0.998807728 -0.037392210 -22.940208435 -0.100984193 -0.040387731 -0.994067967 366.379791260
-0.993545711 -0.026371367 0.110323995 136.680938721 -0.030342653 0.998944938 -0.034473676 -22.990921021 -0.109298497 -0.037598699 -0.993297637 365.358337402
-0.992440462 -0.025145845 0.120123252 136.805374146 -0.029518612 0.998959482 -0.034762476 -23.043014526 -0.119124129 -0.038045555 -0.992150187 364.365509033
-0.991020977 -0.023272192 0.131666005 136.939788818 -0.028202150 0.998964369 -0.035702683 -23.088329315 -0.130698740 -0.039095368 -0.990651071 363.373962402
-0.989469707 -0.022455506 0.142987847 137.099380493 -0.027992411 0.998929322 -0.036829513 -23.139461517 -0.142007738 -0.040444255 -0.989039004 362.396148682
-0.987365961 -0.022684891 0.156824633 137.252044678 -0.028906267 0.998878300 -0.037504435 -23.187164307 -0.155797988 -0.041563816 -0.986914098 361.409057617
-0.984901428 -0.021876369 0.171728432 137.425567627 -0.028923342 0.998834491 -0.038641091 -23.235198975 -0.170682952 -0.043024633 -0.984386206 360.444885254
-0.982058823 -0.021401925 0.187357053 137.618713379 -0.029189123 0.998816550 -0.038903471 -23.282901764 -0.186302677 -0.043674283 -0.981521189 359.493530273
-0.978848040 -0.020804467 0.203528106 137.817504883 -0.029256072 0.998826146 -0.038605019 -23.329963684 -0.202485979 -0.043742880 -0.978307724 358.535217285
-0.975405931 -0.021544063 0.219360724 138.036529541 -0.030735835 0.998782873 -0.038576085 -23.377006531 -0.218262643 -0.044369578 -0.974880874 357.593048096
-0.971889317 -0.021126458 0.234488145 138.264892578 -0.030970862 0.998783112 -0.038379338 -23.425643921 -0.233391955 -0.044562768 -0.971361041 356.657318115
-0.968146384 -0.022688290 0.249354690 138.511093140 -0.033623043 0.998646557 -0.039680205 -23.467891693 -0.248116866 -0.046800308 -0.967598975 355.735870361
-0.964564085 -0.023858100 0.262768000 138.771209717 -0.035562202 0.998571575 -0.039875470 -23.515159607 -0.261441261 -0.047807049 -0.964034736 354.815155029
-0.961268187 -0.027063070 0.274282575 139.050445557 -0.039551158 0.998412490 -0.040101599 -23.562961578 -0.272761881 -0.049396586 -0.960812628 353.893554688
-0.958023190 -0.029600332 0.285158366 139.331512451 -0.042793635 0.998277009 -0.040146004 -23.610872269 -0.283478707 -0.050663769 -0.957639217 352.982971191
-0.954916894 -0.032647613 0.295072645 139.637771606 -0.046476778 0.998119175 -0.039974049 -23.653738022 -0.293212712 -0.051885918 -0.954638243 352.052429199
-0.951860070 -0.034292921 0.304608375 139.925933838 -0.048370313 0.998076022 -0.038786925 -23.702342987 -0.302692324 -0.051653728 -0.951687574 351.139465332
-0.948867679 -0.037168030 0.313478023 140.244720459 -0.051463954 0.997972310 -0.037450206 -23.750331879 -0.311450541 -0.051668108 -0.948856652 350.227722168
-0.945808113 -0.038572270 0.322426766 140.560516357 -0.053214811 0.997907639 -0.036719769 -23.793117523 -0.320335895 -0.051887743 -0.945881903 349.326660156
-0.942347586 -0.040372808 0.332191259 140.884674072 -0.054953057 0.997888863 -0.034610502 -23.842002869 -0.330092698 -0.050870053 -0.942576826 348.414459229
-0.938667953 -0.041162223 0.342356503 141.221008301 -0.055800561 0.997895896 -0.033014085 -23.886020660 -0.340277225 -0.050092954 -0.938989937 347.526977539
-0.934331536 -0.041614994 0.353967220 141.554565430 -0.056393672 0.997910380 -0.031534970 -23.929866791 -0.351915270 -0.049425632 -0.934726059 346.649261475
-0.930285573 -0.041873991 0.364438355 141.906143188 -0.056877557 0.997914195 -0.030528406 -23.966419220 -0.362399846 -0.049128499 -0.930726945 345.768707275
-0.925716758 -0.043237194 0.375738084 142.261718750 -0.057936743 0.997930110 -0.027905911 -24.005695343 -0.373753786 -0.047602009 -0.926305711 344.897827148
-0.921781540 -0.044218600 0.385179847 142.636093140 -0.058356006 0.997980475 -0.025084848 -24.045600891 -0.383292824 -0.045600303 -0.922500551 344.053588867
-0.917324722 -0.043277457 0.395780772 142.998352051 -0.056941196 0.998116493 -0.022834949 -24.080146790 -0.394046962 -0.043483306 -0.918061018 343.202575684
-0.912233055 -0.042416200 0.407469988 143.373626709 -0.055785343 0.998222411 -0.020979311 -24.109798431 -0.405855775 -0.041868884 -0.912977517 342.369812012
-0.906440556 -0.042042390 0.420235574 143.765686035 -0.054518934 0.998355508 -0.017716065 -24.143478394 -0.418799728 -0.038969360 -0.907242000 341.538024902
-0.900105953 -0.039581157 0.433869332 144.154983521 -0.051841520 0.998519599 -0.016457234 -24.169006348 -0.432575732 -0.037305698 -0.900825441 340.716583252
-0.893511772 -0.037139386 0.447501183 144.569549561 -0.050450824 0.998566747 -0.017859723 -24.196022034 -0.446196556 -0.038534679 -0.894104898 339.916015625
-0.886082351 -0.033431213 0.462320685 144.981933594 -0.047990520 0.998652220 -0.019764187 -24.221347809 -0.461036891 -0.039699711 -0.886492431 339.120056152
-0.877934754 -0.029537274 0.477868348 145.405838013 -0.044530097 0.998806357 -0.020073524 -24.245594025 -0.476705015 -0.038902763 -0.878202200 338.333465576
-0.869507313 -0.026850626 0.493189663 145.851898193 -0.041177399 0.998985946 -0.018209327 -24.270545959 -0.492200613 -0.036141407 -0.869731247 337.560485840
-0.859582424 -0.022385376 0.510506690 146.303222656 -0.035580479 0.999237239 -0.016093915 -24.301206589 -0.509756863 -0.031998117 -0.859723151 336.772644043
-0.848429918 -0.018970843 0.528967619 146.772994995 -0.031578671 0.999391615 -0.014808066 -24.325315475 -0.528364837 -0.029267702 -0.848512769 336.010589600
-0.836883247 -0.014472928 0.547189951 147.258056641 -0.026853612 0.999532282 -0.014633267 -24.346717834 -0.546722293 -0.026940361 -0.836880505 335.256958008
-0.824985981 -0.009963928 0.565065265 147.760833740 -0.022048507 0.999650836 -0.014563383 -24.369001389 -0.564722896 -0.024473436 -0.824917555 334.517028809
-0.812468171 -0.007000556 0.582963407 148.286773682 -0.017968019 0.999753594 -0.013036179 -24.385082245 -0.582728624 -0.021066181 -0.812393725 333.779998779
-0.799721956 -0.007679625 0.600321412 148.835235596 -0.016591707 0.999818921 -0.009312543 -24.403026581 -0.600141287 -0.017407803 -0.799704611 333.056213379
-0.786185980 -0.006032612 0.617960453 149.388153076 -0.013537688 0.999880433 -0.007462048 -24.416723251 -0.617841601 -0.014232317 -0.786173582 332.340667725
-0.772299349 -0.003898393 0.635246933 149.966491699 -0.010962254 0.999913990 -0.007191031 -24.430587769 -0.635164261 -0.012517367 -0.772275627 331.633941650
-0.758124411 -0.001595173 0.652108133 150.571014404 -0.008828483 0.999930382 -0.007817753 -24.440601349 -0.652050316 -0.011683949 -0.758085608 330.938262939
-0.743137002 0.000020323 0.669139147 151.188796997 -0.006477510 0.999952912 -0.007224211 -24.454965591 -0.669107795 -0.009702937 -0.743101954 330.251373291
-0.727125049 0.001914058 0.686502337 151.831146240 -0.003004309 0.999977708 -0.005970150 -24.467678070 -0.686498523 -0.006403508 -0.727102995 329.576507568
-0.710027814 0.002707858 0.704168439 152.497161865 -0.000271189 0.999991477 -0.004118882 -24.480503082 -0.704173625 -0.003115480 -0.710020959 328.913604736
-0.692530990 0.004132059 0.721376300 153.162414551 0.004051059 0.999990046 -0.001838894 -24.487823486 -0.721376717 0.001648846 -0.692540944 328.257385254
-0.674733996 0.003026014 0.738054812 153.864700317 0.005661039 0.999983311 0.001075434 -24.498950958 -0.738039255 0.004903788 -0.674739897 327.616027832
-0.657760978 0.002655097 0.753221989 154.583068848 0.005730716 0.999982536 0.001479498 -24.509267807 -0.753204882 0.005289655 -0.657764733 327.005065918
-0.639896572 0.006116641 0.768436790 155.308364868 0.007997255 0.999967217 -0.001300069 -24.518581390 -0.768419445 0.005313473 -0.639924526 326.394958496
-0.622386038 0.005894635 0.782688081 156.070114136 0.007584805 0.999970078 -0.001499679 -24.524541855 -0.782673478 0.005003162 -0.622412324 325.803619385
-0.603228331 0.004246662 0.797557294 156.851623535 0.007745343 0.999969959 0.000533721 -24.536857605 -0.797531009 0.006499315 -0.603242993 325.213836670
-0.583928585 -0.000456240 0.811804831 157.619384766 0.006740535 0.999962687 0.005410430 -24.553386688 -0.811776996 0.008631304 -0.583903670 324.657104492
-0.563693166 -0.002462960 0.825980544 158.415390015 0.005197554 0.999965250 0.006528846 -24.556783676 -0.825967848 0.007973346 -0.563660741 324.122650146
-0.542149246 -0.004371554 0.840270758 159.238418579 0.003689119 0.999964356 0.007582618 -24.560270309 -0.840274096 0.007210774 -0.542113781 323.602752686
-0.518581212 -0.004980016 0.855013788 160.072906494 0.001981375 0.999973357 0.007026069 -24.565177917 -0.855026007 0.005337691 -0.518557549 323.095825195
-0.494588286 -0.007414232 0.869095743 160.906204224 0.004828840 0.999924719 0.011278344 -24.565151215 -0.869113922 0.009774862 -0.494515270 322.641479492
-0.467890680 -0.014313419 0.883670390 161.780273438 0.004932556 0.999811053 0.018806342 -24.561122894 -0.883772552 0.013158064 -0.467731655 322.186035156
-0.440367281 -0.019896358 0.897597253 162.639785767 0.007935370 0.999629200 0.026051169 -24.553846359 -0.897782624 0.018594844 -0.440046102 321.765930176
-0.411792248 -0.019063089 0.911078393 163.542617798 0.012010816 0.999580860 0.026343575 -24.538805008 -0.911198616 0.021790881 -0.411390632 321.357910156
-0.383753985 -0.018331753 0.923253477 164.450714111 0.013648278 0.999581158 0.025520254 -24.518564224 -0.923334479 0.022394318 -0.383343160 320.981445312
-0.357029200 -0.020144347 0.933875918 165.383529663 0.013690231 0.999547124 0.026794821 -24.497875214 -0.933992863 0.022351513 -0.356591731 320.631927490
-0.331984103 -0.023371946 0.942995369 166.309020996 0.014650071 0.999444664 0.029928628 -24.488025665 -0.943171203 0.023750780 -0.331457347 320.325683594
-0.306565732 -0.027495874 0.951452255 167.265075684 0.013871091 0.999347627 0.033349365 -24.468191147 -0.951748550 0.023421450 -0.305984259 320.031097412
-0.282126755 -0.030081714 0.958905280 168.241729736 0.014353170 0.999264002 0.035570756 -24.447740555 -0.959269702 0.023798803 -0.281487375 319.754211426
-0.259228379 -0.031953670 0.965287268 169.230590820 0.013627165 0.999231994 0.036736920 -24.423086166 -0.965719879 0.022677390 -0.258593857 319.500488281
-0.238709807 -0.032482740 0.970547497 170.230712891 0.013795843 0.999226093 0.036835708 -24.398815155 -0.970992923 0.022182565 -0.238076955 319.261352539
-0.220521733 -0.033097852 0.974820316 171.249298096 0.013139439 0.999232531 0.036899094 -24.370008469 -0.975293517 0.020945653 -0.219917625 319.041229248
-0.204200923 -0.033829987 0.978344202 172.268402100 0.012693752 0.999227166 0.037201546 -24.342826843 -0.978846729 0.020015458 -0.203613684 318.833374023
-0.190101340 -0.034834210 0.981146216 173.292480469 0.013019443 0.999193013 0.037997510 -24.308917999 -0.981678069 0.019997358 -0.189494401 318.644866943
-0.177976191 -0.036173973 0.983369529 174.338348389 0.013171637 0.999146998 0.039138235 -24.281974792 -0.983946502 0.019918259 -0.177347913 318.461151123
-0.167524427 -0.036872510 0.985178053 175.388458252 0.012160724 0.999146998 0.039463188 -24.249244690 -0.985792816 0.018591534 -0.166933134 318.299835205
-0.157949165 -0.038967066 0.986678123 176.456314087 0.012412053 0.999063730 0.041443162 -24.218050003 -0.987369120 0.018792612 -0.157317653 318.130035400
-0.149339572 -0.039569832 0.987993836 177.538696289 0.012965124 0.999034584 0.041971758 -24.183429718 -0.988700807 0.019077512 -0.148682386 317.972961426
-0.142422616 -0.040330011 0.988983929 178.601348877 0.014265873 0.998982072 0.042792149 -24.147470474 -0.989703238 0.020203283 -0.141702279 317.824218750
-0.136417031 -0.041175254 0.989795387 179.697174072 0.015709724 0.998920262 0.043720011 -24.105659485 -0.990526855 0.021513563 -0.135622889 317.675384521
-0.131483987 -0.042519424 0.990405977 180.803924561 0.016459385 0.998848379 0.045066979 -24.067375183 -0.991181612 0.022227062 -0.130632728 317.528320312
-0.127278313 -0.043626774 0.990907133 181.922927856 0.016415253 0.998802722 0.046082873 -24.025390625 -0.991731167 0.022131335 -0.126409784 317.390838623
-0.123461828 -0.044895466 0.991333187 183.052932739 0.017266046 0.998727679 0.047380678 -23.980993271 -0.992199063 0.022966109 -0.122529574 317.249755859
-0.120812804 -0.047524542 0.991536915 184.183700562 0.016327264 0.998623133 0.049853552 -23.933906555 -0.992541015 0.022212032 -0.119870506 317.118255615
-0.119989097 -0.051788535 0.991423428 185.316085815 0.014087264 0.998449206 0.053860463 -23.885528564 -0.992675245 0.020429118 -0.119073451 316.991485596
-0.119611844 -0.056552906 0.991208673 186.467498779 0.012359533 0.998214126 0.058444053 -23.831922531 -0.992743731 0.019241475 -0.118699282 316.856658936
-0.119525135 -0.060445104 0.990989387 187.629943848 0.011525588 0.997993171 0.062262416 -23.771020889 -0.992764294 0.018863665 -0.118588611 316.726287842
-0.119629472 -0.064591013 0.990715325 188.795120239 0.011901611 0.997716486 0.066484585 -23.710247040 -0.992747247 0.019744620 -0.118587568 316.588653564
-0.120107442 -0.065976851 0.990566075 189.978454590 0.010461207 0.997649848 0.067717083 -23.640748978 -0.992705762 0.018495845 -0.119134955 316.451385498
-0.121514492 -0.064109623 0.990517080 191.144439697 0.009552318 0.997790277 0.065752223 -23.576019287 -0.992543697 0.017451584 -0.120633580 316.320007324
-0.122845940 -0.062582336 0.990450561 192.317016602 0.009677052 0.997886777 0.064252444 -23.510673523 -0.992378533 0.017477794 -0.121980719 316.177642822
-0.125093579 -0.065109864 0.990006208 193.496643066 0.009206132 0.997725070 0.066780776 -23.447040558 -0.992102146 0.017467972 -0.124209598 316.033630371
-0.127965212 -0.069109485 0.989367843 194.676620483 0.010681037 0.997415245 0.071053118 -23.378013611 -0.991721094 0.019659808 -0.126896307 315.884918213
-0.130996034 -0.075608738 0.988495469 195.865264893 0.011551168 0.996903360 0.077782623 -23.307100296 -0.991315603 0.021607488 -0.129717007 315.723480225
-0.135054529 -0.081348807 0.987493098 197.055343628 0.013587704 0.996378243 0.083939068 -23.228633881 -0.990745008 0.024754118 -0.133460045 315.562561035
-0.139844626 -0.086228266 0.986411810 198.244613647 0.015907757 0.995876849 0.089310922 -23.143894196 -0.990045667 0.028181251 -0.137896314 315.391906738
-0.145168200 -0.088623993 0.985429823 199.422454834 0.018127738 0.995574832 0.092206880 -23.052642822 -0.989240885 0.031249119 -0.142919242 315.224151611
-0.150273278 -0.089738540 0.984563291 200.611557007 0.018870793 0.995430171 0.093609251 -22.958181381 -0.988464355 0.032646455 -0.147893101 315.053009033
-0.155765742 -0.089959204 0.983689189 201.792068481 0.021106826 0.995314002 0.094364539 -22.864477158 -0.987568378 0.035461318 -0.153137058 314.867950439
-0.161416695 -0.091286674 0.982655287 202.983169556 0.021523144 0.995150089 0.095982932 -22.770666122 -0.986651659 0.036643077 -0.158669084 314.667816162
-0.167842001 -0.094481714 0.981275856 204.169723511 0.020330442 0.994853020 0.099266425 -22.664688110 -0.985604346 0.036610842 -0.165057272 314.477264404
-0.174441695 -0.099640138 0.979613185 205.364486694 0.019312717 0.994329333 0.104576051 -22.564769745 -0.984478056 0.037161410 -0.171528190 314.264770508
-0.181968316 -0.103598982 0.977831662 206.544052124 0.018417673 0.993900776 0.108728901 -22.455753326 -0.983131886 0.037794601 -0.178950429 314.056243896
-0.189695910 -0.104218289 0.976296008 207.734802246 0.018481264 0.993795395 0.109677285 -22.339885712 -0.981668890 0.038848512 -0.186592847 313.830657959
-0.197615474 -0.107113346 0.974409938 208.917938232 0.017958362 0.993449926 0.112848379 -22.221445084 -0.980115056 0.039799403 -0.194397494 313.596405029
-0.206738010 -0.108802535 0.972327769 210.115447998 0.017971292 0.993207514 0.114960037 -22.101715088 -0.978231251 0.041240603 -0.203378394 313.349945068
-0.215607032 -0.111304037 0.970116019 211.303588867 0.017700432 0.992873669 0.117849000 -21.979209900 -0.976319671 0.042580541 -0.212100431 313.092041016
-0.225001395 -0.111447051 0.967963755 212.485656738 0.017585225 0.992810786 0.118395500 -21.858638763 -0.974199712 0.043661021 -0.221423998 312.828948975
-0.234465644 -0.111564793 0.965701401 213.658416748 0.017788699 0.992734134 0.119006783 -21.734043121 -0.971961617 0.045081574 -0.230777457 312.553527832
-0.243818134 -0.108253434 0.963760197 214.824615479 0.015916498 0.993170202 0.115583539 -21.619213104 -0.969690382 0.043521039 -0.240429863 312.270385742
-0.253804326 -0.102236293 0.961837292 215.965362549 0.018092353 0.993722558 0.110399552 -21.503715515 -0.967086375 0.045421772 -0.250361383 311.967071533
-0.263836235 -0.097995244 0.959576547 217.118194580 0.018496837 0.994128823 0.106609538 -21.390853882 -0.964390159 0.045876604 -0.260474652 311.654876709
-0.275766492 -0.096669771 0.956351280 218.253479004 0.020389261 0.994117856 0.106366590 -21.266956329 -0.961008370 0.048831638 -0.272173375 311.347625732
-0.286300957 -0.099788621 0.952929139 219.362960815 0.019426879 0.993752778 0.109900229 -21.165447235 -0.957942843 0.049976978 -0.282573760 311.012573242
-0.299073905 -0.099217989 0.949057758 220.466110229 0.018546477 0.993787289 0.109738685 -21.053833008 -0.954049706 0.050421659 -0.295375735 310.670135498
-0.313872337 -0.096777089 0.944520175 221.572265625 0.018653199 0.993971229 0.108042553 -20.940210342 -0.949281871 0.051529896 -0.310174882 310.309143066
-0.329156935 -0.096550398 0.939326286 222.667770386 0.016157489 0.994037390 0.107835867 -20.835643768 -0.944136977 0.050672077 -0.325634241 309.931304932
-0.344000190 -0.095692098 0.934080780 223.735534668 0.015526195 0.994077623 0.107556410 -20.731706619 -0.938841164 0.051502168 -0.340477169 309.547943115
-0.359035194 -0.094354838 0.928542376 224.792388916 0.014798386 0.994176030 0.106746309 -20.628898621 -0.933206677 0.052066613 -0.355547965 309.147399902
-0.373802930 -0.092892416 0.922844708 225.825592041 0.014128678 0.994286180 0.105806530 -20.525348663 -0.927400529 0.052589376 -0.370354682 308.728515625
-0.388937294 -0.093655407 0.916491330 226.876678467 0.011425772 0.994252443 0.106450550 -20.426685333 -0.921193302 0.051874209 -0.385631740 308.302978516
-0.404118031 -0.093974948 0.909866571 227.889358521 0.007879172 0.994313896 0.106196567 -20.324443817 -0.914672792 0.050084949 -0.401079744 307.863189697
-0.418995321 -0.093844950 0.903125703 228.901428223 0.005379244 0.994370520 0.105821975 -20.222904205 -0.907972455 0.049197055 -0.416131675 307.403167725
-0.433717608 -0.093271457 0.896208346 229.882812500 0.003161835 0.994464219 0.105027460 -20.129476547 -0.901043236 0.048385922 -0.431021780 306.932861328
-0.448647022 -0.091702312 0.888991833 230.864013672 0.002017007 0.994615257 0.103615634 -20.034027100 -0.893706799 0.048279941 -0.446046203 306.449157715
-0.462591767 -0.089166872 0.882076025 231.873001099 0.004177168 0.994699240 0.102742307 -19.930143356 -0.886561513 0.051212337 -0.459767252 305.916992188
-0.477042705 -0.086384378 0.874624550 232.827407837 0.005280470 0.994858146 0.101139650 -19.836332321 -0.878864288 0.052866366 -0.474133700 305.402587891
-0.490665644 -0.082921639 0.867393374 233.773620605 0.007580903 0.995017588 0.099410705 -19.740634918 -0.871314883 0.055353049 -0.487592340 304.857513428
-0.504765511 -0.079775825 0.859562337 234.706878662 0.009465641 0.995149314 0.097918190 -19.663902283 -0.863204479 0.057562042 -0.501562059 304.329864502
-0.517817974 -0.077388383 0.851983309 235.612457275 0.010950729 0.995218694 0.097054571 -19.579015732 -0.855420709 0.059586443 -0.514494717 303.780334473
-0.530448973 -0.075834952 0.844317913 236.510971069 0.010655781 0.995315313 0.096091829 -19.488586426 -0.847649872 0.059968673 -0.527156055 303.217620850
-0.542705715 -0.073274031 0.836720645 237.387496948 0.010536809 0.995515049 0.094014399 -19.420181274 -0.839856803 0.059838519 -0.539499640 302.658081055
-0.554945767 -0.069985941 0.828937471 238.251525879 0.009976105 0.995823324 0.090754531 -19.341529846 -0.831826687 0.058633402 -0.551929772 302.084014893
-0.566949606 -0.067095697 0.821015418 239.100357056 0.007753087 0.996198475 0.086766012 -19.266937256 -0.823716044 0.055557366 -0.564274132 301.515838623
-0.578711271 -0.062619820 0.813124835 239.932464600 0.008363763 0.996539593 0.082697414 -19.199764252 -0.815489650 0.054658715 -0.576184928 300.924621582
-0.590405464 -0.057197511 0.805077553 240.741592407 0.010609365 0.996849597 0.078602545 -19.126281738 -0.807037115 0.054948732 -0.587938607 300.326660156
-0.602436244 -0.058789972 0.795998931 241.533554077 0.009821054 0.996662199 0.081043206 -19.066730499 -0.798106670 0.056640916 -0.599847913 299.735534668
-0.613916218 -0.061376464 0.786981463 242.307846069 0.008370631 0.996410370 0.084239624 -19.005908966 -0.789326847 0.058303617 -0.611198723 299.132781982
-0.625000775 -0.062466677 0.778120816 243.056228638 0.006021641 0.996377647 0.084824793 -18.942356110 -0.780601025 0.057701103 -0.622360528 298.530639648
-0.637368977 -0.057230372 0.768430471 243.777603149 0.004425884 0.996949792 0.077920817 -18.885816574 -0.770546019 0.053065293 -0.635171592 297.946777344
-0.649024606 -0.055984147 0.758704782 244.494537354 0.001260953 0.997208178 0.074661747 -18.829013824 -0.760766387 0.049414013 -0.647141993 297.337829590
-0.659984231 -0.057351805 0.749087274 245.178100586 -0.002709787 0.997257113 0.073964782 -18.774536133 -0.751274586 0.046785723 -0.658329427 296.741973877
-0.671370387 -0.059723645 0.738711655 245.848190308 -0.004003473 0.997025371 0.076969378 -18.723642349 -0.741111100 0.048717555 -0.669612467 296.156372070
-0.681413174 -0.058226060 0.729579151 246.475128174 -0.003425589 0.997073293 0.076374702 -18.678396225 -0.731890917 0.049543500 -0.679618359 295.558135986
-0.692131996 -0.057117030 0.719507396 247.082015991 -0.004013754 0.997153044 0.075296469 -18.630813599 -0.721759677 0.049227178 -0.690390885 294.971496582
-0.703284621 -0.056648757 0.708647728 247.674911499 -0.005897706 0.997250676 0.073866382 -18.585258484 -0.710883856 0.047769696 -0.701685190 294.398406982
-0.714050591 -0.056008287 0.697850168 248.232101440 -0.006593295 0.997288525 0.073294364 -18.543310165 -0.700063109 0.047734760 -0.712483704 293.816497803
-0.726099074 -0.055058062 0.685382247 248.765060425 -0.004831388 0.997172892 0.074986391 -18.499423981 -0.687573195 0.051136211 -0.724312246 293.245544434
-0.738574922 -0.052586429 0.672117293 249.271942139 -0.000862823 0.997026145 0.077059142 -18.459754944 -0.674170911 0.056334045 -0.736423850 292.679595947
-0.751389384 -0.049090710 0.658030450 249.749908447 0.004679287 0.996807277 0.079707466 -18.418960571 -0.659842491 0.062970459 -0.748760700 292.108337402
-0.764095783 -0.045548685 0.643492639 250.186035156 0.009024625 0.996651828 0.081262536 -18.384788513 -0.645039618 0.067899652 -0.761126339 291.566711426
-0.776840031 -0.040342230 0.628404379 250.605987549 0.011995905 0.996816456 0.078822963 -18.344839096 -0.629583776 0.068771124 -0.773882866 291.026550293
-0.790463924 -0.032662615 0.611637056 251.001205444 0.015743393 0.997163773 0.073596850 -18.310783386 -0.612306237 0.067804895 -0.787707746 290.493591309
-0.804816067 -0.023690891 0.593051195 251.372589111 0.020713957 0.997473121 0.067956977 -18.282630920 -0.593162596 0.066977300 -0.802291811 289.956665039
-0.819885910 -0.015287744 0.572322726 251.714340210 0.025322575 0.997696877 0.062926315 -18.244396210 -0.571966648 0.066085093 -0.817610383 289.417968750
-0.836289465 -0.011193482 0.548174024 252.029968262 0.026966805 0.997741818 0.061513811 -18.216602325 -0.547624588 0.066225864 -0.834099054 288.925445557
-0.852643907 -0.005849871 0.522459626 252.328186035 0.031568885 0.997533619 0.062688984 -18.189743042 -0.521537840 0.069944866 -0.850356340 288.400177002
-0.868883729 0.000780942 0.495015442 252.590698242 0.036664762 0.997353435 0.062782966 -18.162313461 -0.493656337 0.072700739 -0.866612911 287.884460449
-0.885410070 0.007779046 0.464745581 252.823699951 0.040860049 0.997291803 0.061151590 -18.140110016 -0.463011205 0.073133789 -0.883330047 287.366394043
-0.902948260 0.012784544 0.429558873 253.072082520 0.041731719 0.997441828 0.058035702 -18.115249634 -0.427718073 0.070329495 -0.901171982 286.829345703
-0.919397473 0.019388618 0.392851710 253.254394531 0.043801963 0.997618735 0.053274464 -18.092958450 -0.390883207 0.066188082 -0.918057382 286.317749023
-0.934984148 0.025869559 0.353744715 253.407592773 0.046165574 0.997728527 0.049055927 -18.075407028 -0.351672232 0.062197331 -0.934054673 285.799530029
-0.949666321 0.033377204 0.311479837 253.544891357 0.050235558 0.997665644 0.046255730 -18.050443649 -0.309208870 0.059574887 -0.949126184 285.261291504
-0.962797999 0.038946204 0.267400622 253.663940430 0.052403621 0.997683644 0.043373551 -18.033599854 -0.265092015 0.055772752 -0.962608755 284.720153809
-0.974384904 0.039186902 0.221446484 253.763397217 0.049293786 0.997971117 0.040297382 -18.017208099 -0.219418049 0.050181109 -0.974339604 284.172729492
-0.984567642 0.038509943 0.170714930 253.844329834 0.045705941 0.998215795 0.038422871 -18.003231049 -0.168930739 0.045632616 -0.984570980 283.634429932
-0.992299736 0.037019681 0.118197635 253.875305176 0.041498087 0.998502195 0.035654791 -17.977668762 -0.116700664 0.040285204 -0.992349803 283.111389160
-0.997296453 0.038944744 0.062313180 253.882720947 0.041176334 0.998540819 0.034938116 -17.960348129 -0.060861614 0.037409477 -0.997444987 282.553924561
-0.999314368 0.036731813 0.004634894 253.858749390 0.036879238 0.998625338 0.037246216 -17.945310593 -0.003260404 0.037391618 -0.999295413 281.991699219
-0.997827470 0.035552744 -0.055462293 253.820449829 0.033321340 0.998617530 0.040651638 -17.922788620 0.056830905 0.038715255 -0.997632921 281.428527832
-0.992612958 0.036057476 -0.115841456 253.737197876 0.031202365 0.998567998 0.043455627 -17.890930176 0.117242463 0.039520100 -0.992316663 280.834625244
-0.983698130 0.036896896 -0.176001459 253.596328735 0.028690422 0.998389244 0.048947051 -17.877748489 0.177523971 0.043099541 -0.983172178 280.266693115
-0.970392644 0.036008406 -0.238833636 253.437072754 0.023404503 0.998189807 0.055401206 -17.862991333 0.240396246 0.048171137 -0.969478846 279.690246582
-0.953138709 0.036233924 -0.300355732 253.215148926 0.018255968 0.997881293 0.062448218 -17.825956345 0.301982105 0.054038540 -0.951780856 279.117370605
-0.931357682 0.029996360 -0.362867922 252.983093262 0.005163372 0.997588515 0.069212712 -17.797950745 0.364068985 0.062588163 -0.929266751 278.527679443
-0.905742645 0.027706753 -0.422921479 252.694366455 -0.003906708 0.997272730 0.073700815 -17.759319305 0.423810065 0.068406194 -0.903164148 277.958709717
-0.877296388 0.026877439 -0.479195893 252.360137939 -0.011731341 0.996931553 0.077393882 -17.719192505 0.479805619 0.073518977 -0.874289095 277.403289795
-0.845967531 0.028136250 -0.532491446 251.998016357 -0.017433155 0.996613860 0.080355935 -17.680000305 0.532949269 0.077261537 -0.842612505 276.856658936
-0.812994182 0.027946094 -0.581600726 251.582519531 -0.022712156 0.996565402 0.079633594 -17.634878159 0.581828594 0.077951074 -0.809567273 276.314361572
-0.780357599 0.022912560 -0.624913573 251.130981445 -0.031080278 0.996672332 0.075354487 -17.585058212 0.624560714 0.078225940 -0.777048826 275.779388428
-0.749088466 0.020957746 -0.662138224 250.662994385 -0.036365204 0.996691525 0.072687469 -17.540271759 0.661471069 0.078528143 -0.745848000 275.264312744
-0.720144570 0.024089491 -0.693405628 250.136367798 -0.036040049 0.996749103 0.072057717 -17.489070892 0.692887247 0.076882362 -0.716935337 274.752227783
-0.693199575 0.028274152 -0.720190763 249.574844360 -0.035032533 0.996727407 0.072850361 -17.437786102 0.719893694 0.075729951 -0.689940631 274.241973877
-0.669265151 0.030812651 -0.742384493 249.005096436 -0.034962889 0.996727109 0.072888434 -17.393085480 0.742200553 0.074737608 -0.665997446 273.734832764
-0.649809659 0.033207335 -0.759371221 248.391769409 -0.033883844 0.996786535 0.072584614 -17.339422226 0.759341359 0.072896615 -0.646596313 273.228668213
-0.635403275 0.037770782 -0.771256149 247.754592896 -0.026451714 0.997152090 0.070625998 -17.288028717 0.771727145 0.065277062 -0.632594705 272.724822998
-0.626028121 0.043741919 -0.778572679 247.094665527 -0.017763484 0.997366428 0.070317335 -17.243036270 0.779598057 0.057850812 -0.623602509 272.216735840
-0.620978177 0.046604227 -0.782441199 246.428985596 -0.012968166 0.997483313 0.069704764 -17.187294006 0.783720613 0.053431947 -0.618810952 271.688903809
-0.619415402 0.049244396 -0.783517480 245.742019653 -0.010365260 0.997430742 0.070883259 -17.129768372 0.784995019 0.052027535 -0.617313504 271.157531738
