1.000000000 -0.000000004 0.000000000 0.000000000 -0.000000004 1.000000000 0.000000001 0.000000000 0.000000000 0.000000001 1.000000000 0.000000000
0.999997556 -0.001677619 -0.001434221 -0.002483064 0.001676343 0.999998212 -0.000885231 -0.008486160 0.001435704 0.000882827 0.999998569 0.564135015
0.999995530 -0.001790366 -0.002399948 -0.008059548 0.001784180 0.999995112 -0.002573942 -0.017668711 0.002404545 0.002569650 0.999993801 1.119321108
0.999986589 -0.002511312 -0.004524112 -0.009343235 0.002495307 0.999990642 -0.003538075 -0.035362653 0.004532955 0.003526741 0.999983490 1.684703588
0.999970257 -0.004350263 -0.006371362 -0.020176359 0.004315100 0.999975443 -0.005521171 -0.041652791 0.006395224 0.005493515 0.999964476 2.251550436
0.999944627 -0.006904133 -0.007936641 -0.022193706 0.006843462 0.999947250 -0.007645383 -0.054097198 0.007989005 0.007590645 0.999939263 2.808937311
0.999921918 -0.008137941 -0.009483448 -0.027677456 0.008059907 0.999933541 -0.008237721 -0.067459866 0.009549849 0.008160645 0.999921024 3.381528378
0.999908090 -0.008097462 -0.010869775 -0.038952623 0.008015675 0.999939501 -0.007546875 -0.080588244 0.010930218 0.007459054 0.999912381 3.965090036
0.999893069 -0.008644563 -0.011791337 -0.050874814 0.008551353 0.999931991 -0.007932754 -0.094942532 0.011859102 0.007831072 0.999898970 4.557649136
0.999882758 -0.007965002 -0.013075717 -0.059649102 0.007822797 0.999909997 -0.010890901 -0.108832128 0.013161279 0.010787340 0.999855220 5.148179531
0.999878943 -0.006327016 -0.014211476 -0.077386849 0.006118471 0.999873579 -0.014670278 -0.124419697 0.014302491 0.014581556 0.999791384 5.750190735
0.999865294 -0.005151175 -0.015579648 -0.092420153 0.004864758 0.999819338 -0.018366460 -0.136906803 0.015671434 0.018288201 0.999709964 6.368118763
0.999853790 -0.003158861 -0.016797477 -0.108019039 0.002851655 0.999828637 -0.018281432 -0.152438790 0.016852340 0.018230867 0.999691844 6.992231369
0.999835253 -0.001219876 -0.018111395 -0.118588373 0.001012076 0.999933660 -0.011478362 -0.160842478 0.018124191 0.011458146 0.999769986 7.633685589
0.999829054 -0.000117849 -0.018493695 -0.139869779 0.000101713 0.999999642 -0.000873635 -0.174533755 0.018493786 0.000871609 0.999828517 8.292488098
0.999809802 0.000620005 -0.019493937 -0.156191617 -0.000508007 0.999983370 0.005749601 -0.185805216 0.019497175 -0.005738598 0.999793351 8.977490425
0.999779165 0.003045223 -0.020795133 -0.176617563 -0.002946410 0.999984264 0.004780578 -0.201595023 0.020809364 -0.004718243 0.999772251 9.669598579
0.999759018 0.005034309 -0.021365305 -0.201273441 -0.005085330 0.999984503 -0.002334337 -0.210227102 0.021353245 0.002442424 0.999769032 10.350413322
0.999736369 0.004495394 -0.022519637 -0.221083075 -0.004679773 0.999955952 -0.008141357 -0.212791741 0.022482065 0.008244597 0.999713302 11.061346054
0.999724507 0.002339460 -0.023356410 -0.245337427 -0.002501384 0.999973118 -0.006905901 -0.212804258 0.023339638 0.006962422 0.999703407 11.799973488
0.999713600 0.001787906 -0.023866618 -0.266104877 -0.001733694 0.999995947 0.002292003 -0.221625358 0.023870643 -0.002249968 0.999712527 12.567636490
0.999702215 0.001483485 -0.024355888 -0.285200804 -0.001242246 0.999950051 0.009916808 -0.229754433 0.024369396 -0.009883593 0.999654174 13.344201088
0.999689937 0.000550951 -0.024893291 -0.306260765 -0.000241055 0.999922514 0.012450190 -0.232585564 0.024898235 -0.012440323 0.999612629 14.131710052
0.999687612 -0.001081795 -0.024967970 -0.327368975 0.001363850 0.999935448 0.011282342 -0.233091444 0.024954166 -0.011312867 0.999624550 14.931495667
0.999700367 -0.001559209 -0.024428979 -0.352490157 0.001779609 0.999957860 0.009002865 -0.234651238 0.024413927 -0.009043636 0.999660969 15.761882782
0.999705672 0.001031340 -0.024239246 -0.378955781 -0.000899762 0.999984801 0.005438540 -0.234199196 0.024244500 -0.005415123 0.999691427 16.601812363
0.999727249 -0.002515603 -0.023218639 -0.397985786 0.002507679 0.999996722 -0.000370346 -0.234838963 0.023219503 0.000312021 0.999730349 17.479562759
0.999732077 -0.005406992 -0.022505932 -0.414769411 0.005260509 0.999964535 -0.006562726 -0.244748786 0.022540623 0.006442576 0.999725163 18.350076675
0.999759018 -0.004185090 -0.021552473 -0.435038298 0.003931075 0.999922395 -0.011814783 -0.260185003 0.021600256 0.011727214 0.999697864 19.243234634
0.999761879 -0.002838321 -0.021638513 -0.457995743 0.002563820 0.999915957 -0.012702937 -0.274106652 0.021672761 0.012644438 0.999685109 20.156028748
0.999758303 -0.002706609 -0.021818448 -0.489161968 0.002444154 0.999924362 -0.012046729 -0.298600197 0.021849411 0.011990493 0.999689281 21.099153519
0.999762177 -0.001199652 -0.021776194 -0.508935928 0.000902366 0.999906421 -0.013656211 -0.321067780 0.021790523 0.013633313 0.999669552 22.050594330
0.999766409 0.001404717 -0.021569815 -0.537081003 -0.001745444 0.999873817 -0.015785402 -0.341642946 0.021544911 0.015819361 0.999642730 23.004066467
0.999748111 0.005021309 -0.021877008 -0.566672385 -0.005386349 0.999846637 -0.016658869 -0.363345087 0.021789996 0.016772509 0.999621868 23.967947006
0.999744296 0.007106081 -0.021467358 -0.608426392 -0.007460206 0.999836683 -0.016461011 -0.394168884 0.021346882 0.016616957 0.999634027 24.950107574
0.999731958 0.007523972 -0.021895085 -0.630897820 -0.007889240 0.999830306 -0.016644159 -0.421850085 0.021766145 0.016812434 0.999621689 25.928155899
0.999726653 0.007797230 -0.022040857 -0.652182043 -0.008161523 0.999830723 -0.016486522 -0.451611757 0.021908579 0.016661905 0.999621093 26.917221069
0.999705791 0.009132867 -0.022471888 -0.683240473 -0.009475218 0.999839902 -0.015175370 -0.483479798 0.022329701 0.015383832 0.999632239 27.917013168
0.999693990 0.009718561 -0.022749074 -0.707413197 -0.010020490 0.999862731 -0.013195990 -0.512609363 0.022617698 0.013419908 0.999654114 28.940809250
0.999684751 0.010448524 -0.022831095 -0.740638435 -0.010723954 0.999870777 -0.011974756 -0.542078733 0.022703018 0.012215818 0.999667645 29.962497711
0.999673486 0.010365678 -0.023358906 -0.767164826 -0.010668241 0.999860346 -0.012865534 -0.570761681 0.023222279 0.013110528 0.999644339 30.979164124
0.999667346 0.011461130 -0.023103403 -0.801954687 -0.011783985 0.999834061 -0.013886863 -0.597782850 0.022940408 0.014154492 0.999636650 32.022945404
0.999661326 0.011371805 -0.023405425 -0.833340287 -0.011678219 0.999847233 -0.012996763 -0.625691414 0.023254044 0.013265698 0.999641538 33.102462769
0.999635458 0.010976886 -0.024665102 -0.853619039 -0.011247292 0.999877870 -0.010851269 -0.645474076 0.024542967 0.011124730 0.999636829 34.152946472
0.999627769 0.011753144 -0.024617134 -0.889867663 -0.011935377 0.999902308 -0.007268982 -0.666957796 0.024529284 0.007560092 0.999670506 35.210479736
0.999620616 0.011325836 -0.025108378 -0.922698975 -0.011444903 0.999923825 -0.004603312 -0.696807981 0.025054321 0.004888929 0.999674261 36.292850494
0.999605834 0.011543148 -0.025592856 -0.954861224 -0.011655249 0.999922991 -0.004235149 -0.714451373 0.025541991 0.004531771 0.999663532 37.366504669
0.999594986 0.011001287 -0.026248429 -0.982307196 -0.011148862 0.999922752 -0.005482270 -0.740767360 0.026186081 0.005772690 0.999640405 38.449916840
0.999572217 0.011466467 -0.026906440 -1.022251129 -0.011638461 0.999912739 -0.006244207 -0.757487535 0.026832486 0.006554686 0.999618471 39.529796600
0.999561369 0.010831442 -0.027563760 -1.055411696 -0.010972176 0.999927521 -0.004959753 -0.781803846 0.027508026 0.005260014 0.999607742 40.625301361
0.999530852 0.011538565 -0.028371876 -1.093493462 -0.011631350 0.999927521 -0.003107572 -0.798497617 0.028333951 0.003436120 0.999592602 41.711814880
0.999529004 0.010945772 -0.028671103 -1.135591149 -0.010957529 0.999939978 -0.000253099 -0.827001274 0.028666602 0.000567147 0.999588788 42.805858612
0.999496400 0.012588515 -0.029127756 -1.177120566 -0.012602453 0.999920547 -0.000295070 -0.851054192 0.029121714 0.000662004 0.999575675 43.883483887
0.999462306 0.013717062 -0.029778846 -1.203927994 -0.013852486 0.999894559 -0.004345972 -0.871779501 0.029716073 0.004756146 0.999547064 44.967361450
0.999455988 0.014964187 -0.029388502 -1.248107553 -0.015223812 0.999846756 -0.008630334 -0.891174614 0.029254839 0.009073045 0.999530733 46.047817230
0.999443769 0.015218245 -0.029671859 -1.285679460 -0.015484233 0.999841690 -0.008755092 -0.918720543 0.029533910 0.009209667 0.999521315 47.128726959
0.999446332 0.015548705 -0.029413611 -1.325365543 -0.015719196 0.999860883 -0.005573913 -0.949338019 0.029322833 0.006033184 0.999551833 48.229492188
0.999435544 0.016332516 -0.029355839 -1.357001185 -0.016458159 0.999856353 -0.004043446 -0.966843724 0.029285578 0.004524312 0.999560773 49.327018738
0.999462008 0.014841301 -0.029247619 -1.393849730 -0.014930179 0.999884546 -0.002822735 -0.988769770 0.029202348 0.003257894 0.999568105 50.414543152
0.999468565 0.014930990 -0.028978538 -1.428676009 -0.015037749 0.999880850 -0.003469499 -1.014377832 0.028923277 0.003903432 0.999573946 51.499847412
0.999484003 0.014023000 -0.028896287 -1.468293071 -0.014184440 0.999884844 -0.005389380 -1.037713885 0.028817363 0.005796477 0.999567866 52.606170654
0.999493003 0.013754417 -0.028715717 -1.497166991 -0.013974576 0.999874413 -0.007480173 -1.060509562 0.028609201 0.007877671 0.999559581 53.694419861
0.999501824 0.013530458 -0.028510626 -1.536086082 -0.013819075 0.999855042 -0.009950396 -1.094664812 0.028371837 0.010339430 0.999543905 54.795185089
0.999539375 0.011382300 -0.028134860 -1.574133754 -0.011755653 0.999844551 -0.013140474 -1.127879500 0.027980914 0.013465167 0.999517679 55.880325317
0.999551177 0.009734787 -0.028334338 -1.602098584 -0.010158702 0.999838054 -0.014855810 -1.160069346 0.028185133 0.015136986 0.999488056 56.968212128
0.999591589 0.007542953 -0.027563997 -1.637779474 -0.007881052 0.999894738 -0.012177938 -1.195174336 0.027469238 0.012390203 0.999545813 58.048580170
0.999601364 0.006733667 -0.027417645 -1.671299696 -0.006924078 0.999952555 -0.006855464 -1.216985226 0.027370177 0.007042572 0.999600530 59.152858734
0.999612689 0.005110236 -0.027356077 -1.699180484 -0.005138719 0.999986351 -0.000970648 -1.238303185 0.027350741 0.001110848 0.999625206 60.244739532
0.999625444 0.003708586 -0.027119303 -1.732240438 -0.003719803 0.999992967 -0.000363117 -1.260382295 0.027117776 0.000463859 0.999632120 61.349277496
0.999623895 0.000444140 -0.027422713 -1.756455660 -0.000542442 0.999993324 -0.003577274 -1.275362611 0.027420955 0.003590802 0.999617517 62.444660187
0.999633312 -0.000948433 -0.027061921 -1.792788863 0.000762739 0.999976039 -0.006871248 -1.296081662 0.027067795 0.006848086 0.999610126 63.532302856
0.999635160 0.001278930 -0.026977582 -1.831764102 -0.001556754 0.999945939 -0.010279660 -1.334828377 0.026962981 0.010317908 0.999583185 64.630775452
0.999633431 0.001337409 -0.027039368 -1.861343861 -0.001733411 0.999891460 -0.014627042 -1.360792398 0.027016874 0.014668549 0.999527395 65.723861694
0.999644160 0.004719957 -0.026252760 -1.902253509 -0.005126690 0.999867499 -0.015447076 -1.391346693 0.026176374 0.015576170 0.999535918 66.806884766
0.999651015 0.008250970 -0.025092481 -1.954445124 -0.008548367 0.999894261 -0.011768093 -1.424364328 0.024992734 0.011978488 0.999615788 67.923110962
0.999651492 0.009601806 -0.024586957 -1.994061828 -0.009841270 0.999905169 -0.009637124 -1.451967478 0.024492096 0.009875732 0.999651194 69.014633179
0.999650955 0.008721743 -0.024934832 -2.019262552 -0.008943181 0.999921501 -0.008783101 -1.480697751 0.024856271 0.009003034 0.999650419 70.111824036
0.999653876 0.007795904 -0.025126889 -2.046524286 -0.008000880 0.999935448 -0.008067423 -1.511714220 0.025062382 0.008265669 0.999651730 71.219978333
0.999655902 0.006663955 -0.025372829 -2.077166319 -0.006828998 0.999956131 -0.006423566 -1.541052699 0.025328912 0.006594629 0.999657452 72.312446594
0.999660373 0.005082291 -0.025560901 -2.111438990 -0.005201083 0.999975979 -0.004583015 -1.567009926 0.025536982 0.004714405 0.999662697 73.418785095
0.999639094 0.004210055 -0.026534287 -2.139163017 -0.004296959 0.999985695 -0.003218955 -1.587088108 0.026520343 0.003331813 0.999642670 74.511848450
0.999625564 0.003079284 -0.027191393 -2.163192749 -0.003195228 0.999985933 -0.004221506 -1.617424369 0.027178004 0.004306810 0.999621332 75.582626343
0.999613464 0.003517125 -0.027576311 -2.204731464 -0.003736306 0.999961972 -0.007900745 -1.647013903 0.027547492 0.008000726 0.999588430 76.685440063
0.999583960 0.004285057 -0.028522659 -2.234776974 -0.004569277 0.999940515 -0.009907070 -1.673265100 0.028478535 0.010033276 0.999544024 77.764480591
0.999563873 0.006148398 -0.028888047 -2.279166460 -0.006387108 0.999946177 -0.008178232 -1.701854944 0.028836224 0.008359175 0.999549270 78.852363586
0.999540925 0.007130350 -0.029447122 -2.317832947 -0.007247595 0.999966264 -0.003876720 -1.724779844 0.029418495 0.004088360 0.999558926 79.929557800
0.999518871 0.008306074 -0.029882520 -2.356424332 -0.008303158 0.999965429 0.000222024 -1.754078627 0.029883347 0.000026206 0.999553442 81.015663147
0.999488950 0.009672654 -0.030464301 -2.397792578 -0.009653034 0.999953032 0.000791352 -1.772243261 0.030470541 -0.000496871 0.999535561 82.085723877
0.999477804 0.009575948 -0.030856546 -2.439109802 -0.009629144 0.999952376 -0.001575561 -1.789172411 0.030839998 0.001871864 0.999522567 83.152290344
0.999457061 0.009213362 -0.031631961 -2.473544836 -0.009285661 0.999954581 -0.002139319 -1.815869212 0.031610809 0.002431882 0.999497294 84.235977173
0.999453545 0.008410544 -0.031965859 -2.513257742 -0.008481628 0.999961853 -0.002088599 -1.841474771 0.031947084 0.002358581 0.999486864 85.289970398
0.999432027 0.007286610 -0.032901850 -2.551462412 -0.007356725 0.999970913 -0.002010304 -1.856643081 0.032886248 0.002251213 0.999456644 86.326843262
0.999417245 0.006179084 -0.033569816 -2.583112717 -0.006199032 0.999980688 -0.000490050 -1.885030389 0.033566140 0.000697870 0.999436200 87.359848022
0.999409318 0.006541920 -0.033734374 -2.626626968 -0.006470534 0.999976575 0.002224993 -1.906679153 0.033748139 -0.002005394 0.999428391 88.364524841
0.999369264 0.005343245 -0.035107452 -2.663892746 -0.005225113 0.999980450 0.003455931 -1.930682182 0.035125244 -0.003270305 0.999377549 89.340286255
0.999294043 0.004474409 -0.037301641 -2.701026678 -0.004352059 0.999984860 0.003360568 -1.952537060 0.037316136 -0.003195854 0.999298334 90.319869995
0.999168575 0.003493549 -0.040621195 -2.742146254 -0.003399946 0.999991357 0.002373160 -1.970910788 0.040629152 -0.002233075 0.999171793 91.251670837
0.999030232 0.003302628 -0.043906033 -2.791498661 -0.003246688 0.999993801 0.001345366 -1.989767313 0.043910224 -0.001201510 0.999034762 92.176109314
0.998888433 0.003419265 -0.047013044 -2.840141296 -0.003321934 0.999992192 0.002148436 -2.012740612 0.047020011 -0.001989875 0.998892009 93.073516846
0.998731673 0.004588463 -0.050140575 -2.890141964 -0.004426951 0.999984682 0.003331951 -2.031428337 0.050155085 -0.003105756 0.998736680 93.938919067
0.998575747 0.005313803 -0.053086575 -2.943200827 -0.005085826 0.999977231 0.004428691 -2.048769712 0.053108905 -0.004152391 0.998580098 94.784011841
0.998396039 0.006640523 -0.056223366 -2.994162798 -0.006319064 0.999962687 0.005893467 -2.062291861 0.056260418 -0.005528732 0.998400807 95.599960327
0.998251200 0.008101142 -0.058556076 -3.052069664 -0.007724791 0.999948025 0.006650796 -2.078054905 0.058606923 -0.006186829 0.998261988 96.392059326
0.998072565 0.009972934 -0.061250426 -3.103346586 -0.009555984 0.999929190 0.007096567 -2.092164040 0.061316866 -0.006497579 0.998097181 97.157737732
0.997864306 0.011703324 -0.064263299 -3.153435230 -0.011339502 0.999917567 0.006023322 -2.110774994 0.064328507 -0.005281742 0.997914851 97.882026672
0.997699916 0.013294781 -0.066469781 -3.216083527 -0.013165146 0.999910474 0.002388033 -2.125847101 0.066495568 -0.001507460 0.997785509 98.581588745
0.997472644 0.015812403 -0.069271266 -3.270756245 -0.015940040 0.999872148 -0.001290098 -2.140892982 0.069242008 0.002391019 0.997596979 99.244842529
0.997326493 0.017523197 -0.070942387 -3.331316948 -0.017852411 0.999832571 -0.004009069 -2.155150890 0.070860259 0.005264839 0.997472346 99.888557434
0.997230649 0.019495744 -0.071769662 -3.384562016 -0.019906016 0.999789298 -0.005005610 -2.170445919 0.071656942 0.006420392 0.997408688 100.516326904
0.997243524 0.021948438 -0.070879236 -3.428138018 -0.022303393 0.999742329 -0.004220219 -2.190970182 0.070768304 0.005789433 0.997475982 101.090629578
0.997366190 0.026009122 -0.067707404 -3.475071907 -0.026259629 0.999651253 -0.002812321 -2.205194235 0.067610621 0.004582885 0.997701228 101.659339905
0.997661829 0.028415849 -0.062157068 -3.515470982 -0.028564066 0.999590814 -0.001497077 -2.217847347 0.062089089 0.003269036 0.998065233 102.196243286
0.998067021 0.029293580 -0.054810110 -3.541656733 -0.029298373 0.999570429 0.000716277 -2.234674454 0.054807536 0.000890955 0.998496532 102.716583252
0.998556495 0.029161403 -0.045105644 -3.563472748 -0.029050918 0.999573112 0.003103171 -2.247667313 0.045176849 -0.001788331 0.998977423 103.224464417
0.999033391 0.028533941 -0.033437774 -3.568517208 -0.028405154 0.999587119 0.004320604 -2.259476900 0.033547252 -0.003366620 0.999431431 103.695091248
0.999415159 0.027655885 -0.020112291 -3.568130970 -0.027569856 0.999609470 0.004542536 -2.271719456 0.020230070 -0.003985384 0.999787390 104.152351379
0.999605954 0.027651148 -0.004847469 -3.560874939 -0.027634906 0.999612272 0.003387165 -2.279983759 0.004939253 -0.003251869 0.999982476 104.596275330
0.999569476 0.026270181 0.013064202 -3.538914680 -0.026277868 0.999654591 0.000416902 -2.292788982 -0.013048738 -0.000760019 0.999914527 105.019371033
0.999074101 0.025828950 0.034404565 -3.512247086 -0.025709031 0.999661744 -0.003923519 -2.306697845 -0.034494270 0.003035381 0.999400258 105.434707642
0.998014987 0.023581786 0.058394298 -3.463518143 -0.023087788 0.999691844 -0.009120146 -2.314720392 -0.058591370 0.007753850 0.998251975 105.843551636
0.996110201 0.021407763 0.085476339 -3.403105736 -0.020457182 0.999718904 -0.011981570 -2.326038837 -0.085708812 0.010186363 0.996268213 106.247032166
0.993162036 0.018499743 0.115268081 -3.329753876 -0.017096728 0.999767363 -0.013148632 -2.338360071 -0.115484528 0.011088016 0.993247390 106.639419556
0.988886297 0.016273113 0.147780597 -3.240430832 -0.014241148 0.999789059 -0.014797655 -2.358684540 -0.147990242 0.012528637 0.988909483 107.011062622
0.982859790 0.013943448 0.183826610 -3.144918442 -0.011197258 0.999809861 -0.015968643 -2.376520634 -0.184014291 0.013636585 0.982828975 107.381423950
0.974947572 0.010515830 0.222186327 -3.029317856 -0.006944101 0.999833882 -0.016850492 -2.388419151 -0.222326607 0.014885465 0.974858642 107.744804382
0.964992344 0.008466890 0.262141168 -2.899179459 -0.004014520 0.999838471 -0.017515542 -2.405415297 -0.262247145 0.015849996 0.964870632 108.099884033
0.952671468 0.009079897 0.303866208 -2.771001816 -0.003687452 0.999825418 -0.018315246 -2.424283981 -0.303979456 0.016327923 0.952538729 108.417739868
0.937448561 0.011325591 0.347939312 -2.625713348 -0.005029346 0.999807000 -0.018993692 -2.437133789 -0.348087281 0.016055709 0.937324584 108.742408752
0.919684052 0.011658250 0.392486095 -2.450874329 -0.004908346 0.999822378 -0.018196963 -2.445544720 -0.392628580 0.014809004 0.919577837 109.065170288
0.899377227 0.010267524 0.437052846 -2.273113251 -0.003182547 0.999851346 -0.016940042 -2.457220793 -0.437161833 0.013844549 0.899276316 109.366477966
0.876289487 0.009149943 0.481697917 -2.078605652 -0.000915280 0.999849439 -0.017327284 -2.471351385 -0.481783986 0.014742832 0.876165986 109.643676758
0.851340294 0.009655070 0.524524987 -1.868873596 0.000314377 0.999821067 -0.018914226 -2.494840145 -0.524613738 0.016267341 0.851184905 109.906410217
0.823408604 0.011862787 0.567324817 -1.650470734 0.001058057 0.999747694 -0.022440417 -2.510205507 -0.567447841 0.019077893 0.823188245 110.175270081
0.792259157 0.016368249 0.609965086 -1.416522980 -0.000371889 0.999652982 -0.026342385 -2.529359102 -0.610184550 0.020643158 0.791990221 110.445755005
0.758515000 0.022482023 0.651267588 -1.165958405 -0.003829338 0.999541163 -0.030044638 -2.542568684 -0.651644289 0.020295378 0.758253098 110.688568115
0.721135736 0.027631311 0.692242622 -0.887893677 -0.005117468 0.999389589 -0.034560218 -2.537824392 -0.692775011 0.021380071 0.720836818 110.941680908
0.681961715 0.027961854 0.730853140 -0.595588684 -0.003663823 0.999387026 -0.034817021 -2.561921597 -0.731378675 0.021066155 0.681646109 111.165649414
0.641288579 0.025429657 0.766878247 -0.281627655 0.000256586 0.999443471 -0.033356082 -2.576681137 -0.767299712 0.021587644 0.640925169 111.362037659
0.599368989 0.023380395 0.800131261 0.045944214 0.002642862 0.999510109 -0.031186121 -2.578900576 -0.800468326 0.020806639 0.599013627 111.516113281
0.553138614 0.021846691 0.832802653 0.388244629 0.003952800 0.999576151 -0.028847020 -2.587117195 -0.833079755 0.019248312 0.552817762 111.700561523
0.505226374 0.019508328 0.862766266 0.741149902 0.005533879 0.999650657 -0.025844056 -2.600451708 -0.862969041 0.017831545 0.504942000 111.861816406
0.454508603 0.015408775 0.890608966 1.110599518 0.008288233 0.999733865 -0.021526558 -2.620103836 -0.890703678 0.017165586 0.454259932 112.010307312
0.402039886 0.015876479 0.915484607 1.468040466 0.004801448 0.999799252 -0.019447275 -2.638071060 -0.915609479 0.012214227 0.401883006 112.138725281
0.350607127 0.020888537 0.936289728 1.849067688 0.001060005 0.999741673 -0.022701086 -2.652228355 -0.936522007 0.008951632 0.350494385 112.252189636
0.300674409 0.025715215 0.953380108 2.233386993 0.000884202 0.999628425 -0.027241521 -2.667039871 -0.953726470 0.009033808 0.300539911 112.335250854
0.254015803 0.027805809 0.966800272 2.637632370 0.002473851 0.999564588 -0.029398117 -2.679409504 -0.967196882 0.009859302 0.253836423 112.408981323
0.213030025 0.027631149 0.976654828 3.057519913 0.009446420 0.999494970 -0.030337814 -2.696873665 -0.976999879 0.015688755 0.212661460 112.457420349
0.177381277 0.027793409 0.983749747 3.490356445 0.016866047 0.999368370 -0.031275827 -2.705283642 -0.983997643 0.022139709 0.176800534 112.510375977
0.147009015 0.028578542 0.988722265 3.919149399 0.022162639 0.999236465 -0.032177724 -2.726236820 -0.988886833 0.026643112 0.146263421 112.544273376
0.119048946 0.026832372 0.992525697 4.390324593 0.020398967 0.999357700 -0.029463839 -2.745150328 -0.992678821 0.023754142 0.118425161 112.583915710
0.093379632 0.023377132 0.995356083 4.881896973 0.014416119 0.999587834 -0.024828974 -2.757030010 -0.995526195 0.016667698 0.093004145 112.627899170
0.069792077 0.019425530 0.997372389 5.386672020 0.009526883 0.999751925 -0.020138528 -2.773851871 -0.997516155 0.010907365 0.069589704 112.655693054
0.047149360 0.017037161 0.998742580 5.912881851 0.012969133 0.999759912 -0.017666770 -2.795568705 -0.998803675 0.013785806 0.046917103 112.664428711
0.027045809 0.017425340 0.999482334 6.449881554 0.021857301 0.999598801 -0.018018825 -2.816110373 -0.999395192 0.022333322 0.026654109 112.647880554
0.009464748 0.020199222 0.999751151 7.010816574 0.025390934 0.999468744 -0.020433895 -2.832885265 -0.999632776 0.025578022 0.008946858 112.647476196
-0.004921947 0.025558176 0.999661207 7.581262589 0.025915114 0.999340832 -0.025422387 -2.843508959 -0.999652088 0.025781209 -0.005581029 112.638237000
-0.015882773 0.030289456 0.999414980 8.188059807 0.024276897 0.999258101 -0.029898886 -2.851586819 -0.999579012 0.023787824 -0.016606309 112.637229919
-0.022610098 0.030031621 0.999293089 8.811413765 0.024940301 0.999254584 -0.029466162 -2.875772238 -0.999433219 0.024256445 -0.023342222 112.620529175
-0.024626454 0.027057895 0.999330461 9.454398155 0.032181744 0.999136925 -0.026259609 -2.891804934 -0.999178588 0.031513512 -0.025475971 112.586868286
-0.023883298 0.025339479 0.999393582 10.109806061 0.034103997 0.999117434 -0.024517475 -2.910694599 -0.999132872 0.033497751 -0.024726398 112.562812805
-0.022344254 0.024838060 0.999441683 10.781458855 0.032380499 0.999184847 -0.024107756 -2.939416647 -0.999225855 0.031823751 -0.023130305 112.557228088
-0.020322023 0.025214590 0.999475420 11.480329514 0.029553328 0.999260247 -0.024608262 -2.963371515 -0.999356568 0.029037733 -0.021052169 112.543464661
-0.019231897 0.026405575 0.999466240 12.196042061 0.029017378 0.999244869 -0.025841366 -2.979958534 -0.999393880 0.028504910 -0.019983597 112.536857605
-0.018484982 0.027227100 0.999458253 12.913260460 0.028211223 0.999245286 -0.026699532 -3.009803295 -0.999431074 0.027702402 -0.019239141 112.532783508
-0.017495498 0.026890628 0.999485254 13.666580200 0.027498880 0.999273062 -0.026403563 -3.034156322 -0.999468684 0.027022783 -0.018222235 112.522003174
-0.017213024 0.025484305 0.999526978 14.425593376 0.026141580 0.999344945 -0.025029475 -3.059404612 -0.999509990 0.025698384 -0.017867941 112.516578674
-0.016804662 0.024400275 0.999561012 15.187501907 0.026828807 0.999353290 -0.023944158 -3.085284710 -0.999498844 0.026414655 -0.017448414 112.509956360
-0.016932344 0.022048755 0.999613464 15.981876373 0.027481865 0.999389410 -0.021578304 -3.113965034 -0.999478877 0.027105875 -0.017527947 112.491378784
-0.018140780 0.020129560 0.999632776 16.768716812 0.024942499 0.999495208 -0.019674148 -3.144129515 -0.999524236 0.024576435 -0.018633703 112.484703064
-0.019575529 0.019287074 0.999622285 17.559061050 0.024293153 0.999527872 -0.018809522 -3.166686535 -0.999513209 0.023915770 -0.020034827 112.475082397
-0.020363173 0.016757870 0.999652207 18.365142822 0.026908195 0.999506474 -0.016207304 -3.190185308 -0.999430418 0.026568802 -0.020804049 112.450347900
-0.021871615 0.015374092 0.999642670 19.183141708 0.028124103 0.999495506 -0.014756495 -3.209581852 -0.999365032 0.027791306 -0.022292964 112.437934875
-0.023519814 0.014491214 0.999618351 20.010978699 0.025627656 0.999575019 -0.013887607 -3.237920523 -0.999394774 0.025291244 -0.023881197 112.423294067
-0.024380382 0.019258264 0.999517322 20.833028793 0.022209106 0.999578059 -0.018717712 -3.261786699 -0.999455929 0.021742044 -0.024797801 112.408653259
-0.025037801 0.023703404 0.999405384 21.660690308 0.024494059 0.999433279 -0.023090426 -3.291459560 -0.999386370 0.023901364 -0.025604194 112.388442993
-0.026457336 0.025364604 0.999328017 22.504539490 0.024577316 0.999392450 -0.024715550 -3.318679571 -0.999347806 0.023906890 -0.027064642 112.373046875
-0.028206518 0.023131028 0.999334455 23.348073959 0.021213077 0.999520957 -0.022536602 -3.347551107 -0.999377072 0.020563280 -0.028683677 112.361061096
-0.029312169 0.018953674 0.999390602 24.200201035 0.018036639 0.999667406 -0.018429913 -3.379875183 -0.999407589 0.017485425 -0.029644275 112.347145081
-0.029010085 0.013378195 0.999489665 25.051637650 0.017289413 0.999767601 -0.012880096 -3.413849354 -0.999429464 0.016906939 -0.029234637 112.315185547
-0.029158184 0.007614036 0.999545753 25.901165009 0.013386042 0.999884307 -0.007226125 -3.436907768 -0.999485135 0.013169264 -0.029256722 112.296478271
-0.029207224 0.006112142 0.999554634 26.750783920 0.010982169 0.999922931 -0.005793492 -3.463679075 -0.999512911 0.010808070 -0.029272083 112.283317566
-0.028516561 0.013091494 0.999507546 27.584373474 0.013445158 0.999828815 -0.012712105 -3.492136955 -0.999502838 0.013076034 -0.028687684 112.265167236
-0.027120156 0.024104439 0.999341547 28.409805298 0.016050978 0.999590874 -0.023674864 -3.520647764 -0.999503195 0.015398348 -0.027495950 112.235450745
-0.026485920 0.030174427 0.999193668 29.255550385 0.018475872 0.999388337 -0.029690567 -3.537712097 -0.999478459 0.017674591 -0.027027220 112.219818115
-0.025100071 0.024637220 0.999381304 30.092430115 0.020141231 0.999505758 -0.024134437 -3.570822954 -0.999482095 0.019522993 -0.025583893 112.197471619
-0.024266321 0.016945869 0.999561846 30.938978195 0.022956589 0.999602258 -0.016389232 -3.604942083 -0.999441922 0.022548828 -0.024645688 112.179222107
-0.023989407 0.013736133 0.999617815 31.767702103 0.023417521 0.999638975 -0.013174437 -3.636584759 -0.999437869 0.023092527 -0.024302416 112.160453796
-0.024148833 0.014328185 0.999605656 32.586185455 0.023003947 0.999640524 -0.013772946 -3.664253235 -0.999443769 0.022662280 -0.024469748 112.146926880
-0.025119239 0.015488617 0.999564469 33.403358459 0.020058222 0.999686539 -0.014986438 -3.688218355 -0.999483228 0.019673040 -0.025422037 112.133918762
-0.027404835 0.015531877 0.999503791 34.224697113 0.018415716 0.999717474 -0.015030267 -3.715703011 -0.999454796 0.017994676 -0.027683113 112.125526428
-0.029509548 0.015231605 0.999448419 35.026798248 0.017338654 0.999741256 -0.014724127 -3.747318029 -0.999414086 0.016894592 -0.029766001 112.105094910
-0.031744305 0.015809737 0.999370933 35.853870392 0.016221246 0.999751329 -0.015300499 -3.772203207 -0.999364376 0.015725339 -0.031992875 112.088760376
-0.033886999 0.016209394 0.999294221 36.659187317 0.014188856 0.999775410 -0.015736047 -3.798364639 -0.999324977 0.013645596 -0.034109388 112.067146301
-0.035928581 0.015456386 0.999234796 37.458648682 0.012535186 0.999808669 -0.015014550 -3.821954727 -0.999275625 0.011986145 -0.036115460 112.042991638
-0.037741389 0.014306063 0.999185264 38.254661560 0.013045001 0.999819338 -0.013822416 -3.848490238 -0.999202311 0.012512692 -0.037921183 112.011512756
-0.039844424 0.014018614 0.999107599 39.046836853 0.012215532 0.999833643 -0.013541655 -3.878674984 -0.999131143 0.011665071 -0.040009029 111.987342834
-0.041565880 0.015159947 0.999020755 39.828765869 0.012174514 0.999818325 -0.014665518 -3.904103279 -0.999061525 0.011553006 -0.041742880 111.956428528
-0.042754769 0.015301885 0.998968422 40.616809845 0.012572901 0.999811709 -0.014776706 -3.929803133 -0.999006391 0.011928156 -0.042939104 111.930992126
-0.044005409 0.014375044 0.998927891 41.395038605 0.014159551 0.999804974 -0.013763910 -3.953728914 -0.998930871 0.013538683 -0.044200361 111.900360107
-0.045414302 0.013633635 0.998875141 42.164089203 0.014886565 0.999805093 -0.012969504 -3.980226040 -0.998857439 0.014280819 -0.045608398 111.865188599
-0.046957046 0.013235342 0.998809159 42.931591034 0.013583309 0.999828219 -0.012610255 -4.004105568 -0.998804569 0.012974994 -0.047128752 111.838424683
-0.048350073 0.012404385 0.998753428 43.681388855 0.012246179 0.999855042 -0.011825228 -4.026330471 -0.998755395 0.011659162 -0.048494965 111.810028076
-0.049030587 0.010896719 0.998737812 44.419532776 0.010691714 0.999888837 -0.010384399 -4.053150654 -0.998740017 0.010169066 -0.049141645 111.779273987
-0.049801167 0.010320950 0.998705924 45.131118774 0.011011343 0.999891520 -0.009784119 -4.080545425 -0.998698413 0.010509831 -0.049909409 111.745033264
-0.049530696 0.013311666 0.998683870 45.840358734 0.011206425 0.999855638 -0.012771491 -4.099605560 -0.998709738 0.010559093 -0.049672734 111.707046509
-0.049537856 0.016271297 0.998639703 46.543651581 0.011452703 0.999810874 -0.015722262 -4.122883797 -0.998706520 0.010658275 -0.049714845 111.678833008
-0.049779911 0.017888129 0.998599946 47.244003296 0.009593623 0.999801993 -0.017431423 -4.145327091 -0.998714149 0.008712453 -0.049941674 111.649635315
-0.050010242 0.018631943 0.998574853 47.943195343 0.009739668 0.999787509 -0.018166790 -4.171991825 -0.998701155 0.008817265 -0.050181087 111.618057251
-0.049710941 0.018136002 0.998598933 48.640102386 0.011128762 0.999783099 -0.017603509 -4.197429180 -0.998701632 0.010238085 -0.049901985 111.582046509
-0.050186031 0.017607674 0.998584628 49.329036713 0.011433088 0.999789119 -0.017054318 -4.224269867 -0.998674452 0.010561019 -0.050376751 111.551811218
-0.049991332 0.018219922 0.998583376 50.008224487 0.008640198 0.999804080 -0.017809644 -4.241744518 -0.998712301 0.007737632 -0.050138950 111.517707825
-0.050351251 0.017979348 0.998569608 50.704875946 0.005753128 0.999826491 -0.017711885 -4.273345470 -0.998715043 0.004853085 -0.050445944 111.501800537
-0.050623000 0.016941918 0.998574138 51.391849518 0.007502137 0.999834299 -0.016582975 -4.297195911 -0.998689651 0.006651961 -0.050741710 111.473472595
-0.051568352 0.016573219 0.998531938 52.075977325 0.008412230 0.999834001 -0.016160386 -4.316944599 -0.998634040 0.007566517 -0.051699210 111.442291260
-0.055091824 0.015679739 0.998358190 52.737239838 0.004736604 0.999869585 -0.015442098 -4.343748093 -0.998470068 0.003878095 -0.055158906 111.411483765
-0.060566377 0.015561980 0.998042881 53.421535492 0.001395491 0.999878764 -0.015505924 -4.366156578 -0.998163223 0.000453623 -0.060580738 111.381919861
-0.065851450 0.019336587 0.997642100 54.063209534 0.005231731 0.999805212 -0.019033182 -4.388024330 -0.997815788 0.003966034 -0.065939769 111.321876526
-0.072630785 0.022068685 0.997114599 54.736255646 0.007457621 0.999739230 -0.021583548 -4.414190292 -0.997331023 0.005868474 -0.072776437 111.274291992
-0.079893246 0.023429001 0.996527970 55.404060364 0.006754817 0.999713480 -0.022962347 -4.441028595 -0.996780574 0.004896829 -0.080028616 111.220420837
-0.085681699 0.022411032 0.996070445 56.077819824 0.003036862 0.999748170 -0.022232549 -4.467759609 -0.996317923 0.001120006 -0.085728198 111.162796021
-0.092183553 0.021867715 0.995501816 56.780654907 0.002796612 0.999760509 -0.021702297 -4.487872124 -0.995738029 0.000783437 -0.092222631 111.117446899
-0.096362367 0.021857407 0.995106280 57.460830688 -0.000049883 0.999758780 -0.021964425 -4.519162178 -0.995346248 -0.002166182 -0.096338034 111.050415039
-0.100798406 0.022066411 0.994662046 58.166267395 -0.001397017 0.999749780 -0.022320855 -4.528840065 -0.994905889 -0.003639467 -0.100742362 110.992195129
-0.102872230 0.018303277 0.994526148 58.857803345 -0.001731228 0.999825895 -0.018579889 -4.561075211 -0.994693041 -0.003633107 -0.102822632 110.910896301
-0.104712918 0.015378916 0.994383574 59.571945190 0.000243148 0.999880850 -0.015438330 -4.582554340 -0.994502425 -0.001374808 -0.104704179 110.838600159
-0.105673328 0.012334516 0.994324386 60.282005310 -0.000141068 0.999922872 -0.012418958 -4.607855320 -0.994400859 -0.001452619 -0.105663426 110.759834290
-0.107235782 0.011765176 0.994163990 61.007122040 -0.001632441 0.999926567 -0.012009455 -4.632164478 -0.994232237 -0.002910756 -0.107208699 110.690269470
-0.107409947 0.015321086 0.994096696 61.725242615 0.000358175 0.999881804 -0.015371546 -4.652930260 -0.994214714 -0.001294995 -0.107402734 110.609886169
-0.107782185 0.019604804 0.993981183 62.479900360 0.006673609 0.999797285 -0.018995872 -4.674878120 -0.994152129 0.004586027 -0.107891172 110.528854370
-0.108331338 0.025014929 0.993799984 63.221557617 0.014444395 0.999617517 -0.023586817 -4.696660042 -0.994009852 0.011799651 -0.108651236 110.441047668
-0.108893543 0.025279069 0.993731856 63.961868286 0.014174204 0.999614477 -0.023875497 -4.727133751 -0.993952394 0.011485473 -0.109209865 110.357788086
-0.109937593 0.023053452 0.993671119 64.729034424 0.012390384 0.999685109 -0.021822132 -4.755865574 -0.993861258 0.009912895 -0.110188618 110.289932251
-0.109434314 0.018508932 0.993821800 65.470611572 0.012709695 0.999770820 -0.017220214 -4.777668953 -0.993912816 0.010746689 -0.109644488 110.202209473
-0.109243765 0.016625183 0.993875921 66.216537476 0.014931337 0.999774694 -0.015082652 -4.802015305 -0.993902862 0.013192212 -0.109467410 110.118217468
-0.110236757 0.015668552 0.993781805 66.954978943 0.014218261 0.999798179 -0.014186233 -4.831896782 -0.993803680 0.012566006 -0.110437304 110.039215088
-0.112110436 0.016986907 0.993550599 67.700790405 0.013643354 0.999785841 -0.015554027 -4.854801655 -0.993602037 0.011811592 -0.112318195 109.962310791
-0.114015162 0.017699057 0.993321419 68.439567566 0.013065708 0.999781489 -0.016314464 -4.877924442 -0.993393123 0.011118351 -0.114221498 109.880607605
-0.116517439 0.017952364 0.993026316 69.177627563 0.014214735 0.999764323 -0.016406277 -4.903638363 -0.993086934 0.012203990 -0.116745159 109.795249939
-0.118191682 0.018214902 0.992823720 69.919075012 0.014528178 0.999756336 -0.016612571 -4.925793648 -0.992884517 0.012460450 -0.118427530 109.706993103
-0.120184802 0.017871438 0.992590666 70.665512085 0.014512516 0.999762654 -0.016243380 -4.950131893 -0.992645442 0.012452779 -0.120415643 109.616828918
-0.121778451 0.018106969 0.992392123 71.415481567 0.012230506 0.999785066 -0.016741030 -4.974448681 -0.992481947 0.010098765 -0.121973731 109.528724670
-0.122817159 0.019561749 0.992236435 72.165138245 0.012250386 0.999759614 -0.018193735 -5.000969887 -0.992353737 0.009920782 -0.123027220 109.439498901
-0.123710074 0.019822210 0.992120326 72.929260254 0.011467552 0.999762297 -0.018544976 -5.023504257 -0.992252171 0.009082994 -0.123907976 109.351135254
-0.125096574 0.020173673 0.991939306 73.694229126 0.010901886 0.999760926 -0.018957872 -5.047479630 -0.992084682 0.008442448 -0.125286594 109.257598877
-0.126284376 0.018714625 0.991817415 74.472724915 0.011442930 0.999782979 -0.017407941 -5.067378044 -0.991928041 0.009150948 -0.126471087 109.166831970
-0.127096117 0.016085351 0.991759837 75.252204895 0.009412752 0.999843001 -0.015010189 -5.093128204 -0.991845787 0.007427454 -0.127227560 109.070747375
-0.129052073 0.014390474 0.991533279 76.038406372 0.005812136 0.999888420 -0.013755263 -5.112212658 -0.991620779 0.003987784 -0.129121333 108.978683472
-0.131281167 0.013405301 0.991254568 76.812103271 0.006900177 0.999896586 -0.012608319 -5.140229702 -0.991321325 0.005184596 -0.131360099 108.873352051
-0.132947698 0.014182510 0.991021633 77.609039307 0.008233132 0.999878824 -0.013204776 -5.160248756 -0.991088927 0.006403667 -0.133048356 108.771072388
-0.134967268 0.015873611 0.990722895 78.400749207 0.007980499 0.999856591 -0.014932761 -5.177926540 -0.990818024 0.005891029 -0.135074601 108.661148071
-0.136846825 0.018647470 0.990416646 79.194122314 0.008754478 0.999806464 -0.017614648 -5.211659431 -0.990553617 0.006260073 -0.136983618 108.557365417
-0.136923268 0.022560310 0.990324736 79.994827271 0.011106576 0.999712706 -0.021238569 -5.239573479 -0.990519404 0.008091063 -0.137134507 108.441711426
-0.138143182 0.026326705 0.990062237 80.815292358 0.012009118 0.999617577 -0.024905160 -5.276564121 -0.990339458 0.008449294 -0.138406530 108.326217651
-0.138123184 0.028133014 0.990015328 81.641639709 0.014403474 0.999547780 -0.026394373 -5.299938679 -0.990310311 0.010613985 -0.138465926 108.214683533
-0.137293518 0.026953567 0.990163445 82.473518372 0.017784784 0.999535620 -0.024742695 -5.336576462 -0.990370691 0.014212835 -0.137709141 108.096008301
-0.137118638 0.025134161 0.990235567 83.299430847 0.018356958 0.999570787 -0.022829207 -5.366312027 -0.990384519 0.015047404 -0.137521178 107.976211548
-0.136132956 0.023316741 0.990416110 84.137100220 0.017680531 0.999620855 -0.021103252 -5.400204182 -0.990532815 0.014638232 -0.136493593 107.864395142
-0.134779394 0.020734187 0.990658641 84.992485046 0.016669007 0.999687016 -0.018655324 -5.430341721 -0.990735352 0.013998946 -0.135082826 107.765808105
-0.133402541 0.017761238 0.990902662 85.849182129 0.017142303 0.999731243 -0.015611656 -5.455183029 -0.990913689 0.014903725 -0.133671135 107.660255432
-0.131652743 0.014193760 0.991194248 86.698516846 0.017420603 0.999776185 -0.012002806 -5.483908653 -0.991142809 0.015687002 -0.131870553 107.547576904
-0.129680946 0.014177503 0.991454303 87.538650513 0.015815850 0.999800146 -0.012228154 -5.509438038 -0.991429627 0.014094935 -0.129879236 107.440307617
-0.128402278 0.018158412 0.991555929 88.392341614 0.016382284 0.999734759 -0.016186755 -5.539632320 -0.991586804 0.014165535 -0.128665686 107.334808350
-0.126432747 0.024628803 0.991669416 89.239616394 0.017569132 0.999590576 -0.022585556 -5.565827370 -0.991819620 0.014567215 -0.126813680 107.228897095
-0.125153035 0.028087933 0.991739810 90.098098755 0.015584523 0.999531627 -0.026341917 -5.593861103 -0.992015064 0.012159018 -0.125532150 107.129135132
-0.123573072 0.025556143 0.992006242 90.946670532 0.013929421 0.999614477 -0.024016969 -5.626492977 -0.992237747 0.010850225 -0.123881407 107.024459839
