0.145136744 0.055688828 -0.987843096 145.096847534 -0.042456910 0.997845650 0.050014820 -9.005139351 0.988500297 0.034681782 0.147188425 161.991180420
0.143871441 0.051187560 -0.988271594 144.147216797 -0.041612558 0.998090923 0.045638241 -8.965671539 0.988721132 0.034558471 0.145726815 162.126403809
0.142814308 0.050023459 -0.988484561 143.197753906 -0.042065877 0.998126268 0.044433795 -8.938819885 0.988855124 0.035235692 0.144650996 162.263061523
0.140342653 0.050337125 -0.988822639 142.232940674 -0.043833479 0.998043358 0.044585288 -8.909593582 0.989132226 0.037086319 0.142274514 162.390899658
0.137301862 0.050918646 -0.989219725 141.259216309 -0.043224666 0.998034477 0.045372877 -8.877647400 0.989585698 0.036528915 0.139232934 162.524063110
0.132660940 0.051429596 -0.989826202 140.286071777 -0.041525785 0.998064458 0.046292163 -8.848253250 0.990291238 0.034962147 0.134539798 162.655273438
0.127713248 0.051050827 -0.990496337 139.301376343 -0.039459828 0.998145282 0.046357159 -8.815336227 0.991025746 0.033164393 0.129490823 162.779769897
0.122353271 0.051349010 -0.991157353 138.302032471 -0.040010605 0.998104155 0.046769798 -8.785930634 0.991679788 0.033934377 0.124175794 162.892028809
0.117113478 0.051472150 -0.991783738 137.314483643 -0.040568087 0.998070359 0.047007989 -8.754396439 0.992289603 0.034729499 0.118975624 163.010894775
0.112116225 0.053081784 -0.992276371 136.312255859 -0.041849818 0.997938454 0.048656125 -8.716627121 0.992813408 0.036071438 0.114106581 163.114212036
0.107575342 0.054243132 -0.992716134 135.300628662 -0.043408953 0.997814536 0.049817726 -8.684337616 0.993248820 0.037733600 0.109694883 163.216979980
0.103742555 0.053534664 -0.993162334 134.291397095 -0.044512346 0.997799754 0.049135014 -8.650205612 0.993607640 0.039110597 0.105897240 163.312103271
0.101083182 0.050044917 -0.993618488 133.273788452 -0.044005051 0.997981369 0.045787930 -8.614938736 0.993904293 0.039095845 0.103081368 163.408996582
0.099076264 0.046410471 -0.993996978 132.249893188 -0.045085251 0.998095274 0.042107970 -8.582489014 0.994057894 0.040642709 0.100979984 163.503234863
0.097644471 0.044835042 -0.994210958 131.214660645 -0.043509789 0.998221934 0.040742695 -8.554333687 0.994269788 0.039279614 0.099421620 163.602600098
0.096128374 0.044606801 -0.994368970 130.172729492 -0.040775884 0.998333216 0.040842727 -8.524729729 0.994533360 0.036620129 0.097787045 163.704147339
0.095992513 0.045981098 -0.994319439 129.126434326 -0.038261142 0.998364687 0.042474400 -8.495236397 0.994646490 0.033966575 0.097594820 163.800842285
0.095804177 0.049120612 -0.994187474 128.069335938 -0.037409779 0.998253763 0.045716550 -8.461067200 0.994696975 0.032812499 0.097474456 163.896820068
0.095153563 0.052096218 -0.994098485 127.014717102 -0.036185808 0.998150587 0.048844934 -8.428146362 0.994804621 0.031324491 0.096862748 163.998107910
0.094681248 0.053681470 -0.994059265 125.958145142 -0.036187138 0.998070717 0.050451387 -8.390085220 0.994849741 0.031195365 0.096441150 164.092269897
0.094038881 0.054672532 -0.994066238 124.883003235 -0.038205102 0.997953653 0.051272135 -8.352859497 0.994835138 0.033156831 0.095935240 164.186340332
0.093630761 0.055535939 -0.994056821 123.823196411 -0.038707670 0.997891188 0.052104264 -8.315740585 0.994854271 0.033599060 0.095582977 164.282958984
0.092547536 0.055779919 -0.994144559 122.759155273 -0.040178776 0.997825563 0.052246109 -8.274225235 0.994897306 0.035108257 0.094587453 164.383789062
0.093268864 0.055252429 -0.994106650 121.690788269 -0.040829323 0.997831285 0.051628772 -8.238445282 0.994803429 0.035773341 0.095322512 164.473144531
0.093464598 0.054280169 -0.994141817 120.613861084 -0.042811338 0.997808337 0.050455440 -8.205799103 0.994701743 0.037844747 0.095583558 164.567047119
0.093939967 0.053610895 -0.994133294 119.539733887 -0.043717287 0.997808039 0.049678028 -8.167690277 0.994617522 0.038794059 0.096077770 164.661300659
0.094772741 0.053250220 -0.994073629 118.470428467 -0.043099880 0.997851431 0.049343549 -8.137514114 0.994565427 0.038168035 0.096864201 164.756500244
0.095133744 0.053457558 -0.994027972 117.403976440 -0.044054512 0.997804821 0.049444415 -8.101953506 0.994489193 0.039087594 0.097279944 164.854583740
0.095851861 0.053341843 -0.993965268 116.332084656 -0.043810364 0.997821569 0.049323995 -8.068362236 0.994431019 0.038818192 0.097979970 164.952239990
0.095778450 0.053094931 -0.993985593 115.259246826 -0.042498689 0.997883976 0.049208082 -8.033669472 0.994495094 0.037530009 0.097832248 165.052658081
0.096463703 0.052733056 -0.993938625 114.206741333 -0.043170281 0.997877538 0.048752278 -8.001854897 0.994399846 0.038205788 0.098535478 165.148773193
0.096728288 0.052607954 -0.993919492 113.133544922 -0.043785535 0.997860372 0.048555329 -7.963963509 0.994347215 0.038822621 0.098824799 165.247024536
0.096657991 0.054448679 -0.993827224 112.080368042 -0.043853879 0.997765958 0.050399311 -7.934731960 0.994351089 0.038711689 0.098829843 165.351379395
0.096598797 0.054349266 -0.993838429 111.005004883 -0.043519080 0.997783720 0.050335072 -7.899376392 0.994371593 0.038388625 0.098749951 165.447799683
0.096608013 0.053530555 -0.993881941 109.913932800 -0.044112645 0.997801721 0.049453814 -7.871559143 0.994344473 0.039065130 0.098757021 165.545257568
0.096338004 0.053441159 -0.993912995 108.842727661 -0.044584054 0.997787058 0.049328025 -7.833711624 0.994349658 0.039560515 0.098507434 165.643081665
0.095316753 0.055123623 -0.993919551 107.776756287 -0.044929400 0.997686267 0.051023811 -7.797292233 0.994432509 0.039792791 0.097572885 165.745147705
0.095278099 0.057257663 -0.993802547 106.708129883 -0.044675108 0.997584462 0.053192444 -7.760548592 0.994447649 0.039330166 0.097605929 165.833740234
0.094322450 0.057400420 -0.993885458 105.641731262 -0.045372985 0.997546971 0.053305849 -7.721753120 0.994507134 0.040067617 0.096695483 165.932144165
0.094445787 0.056799218 -0.993908346 104.571815491 -0.046485201 0.997533739 0.052589152 -7.681844234 0.994444132 0.041235209 0.096853167 166.024673462
0.094589517 0.056902692 -0.993888795 103.497116089 -0.046893273 0.997511506 0.052647218 -7.649526119 0.994411290 0.041626822 0.097022496 166.118209839
0.095869943 0.058816843 -0.993654668 102.422561646 -0.050626699 0.997248650 0.054145027 -7.608299732 0.994105577 0.045114566 0.098583907 166.210632324
0.098026082 0.058218725 -0.993479550 101.363876343 -0.055017885 0.997077584 0.053000998 -7.571771622 0.993661880 0.049463660 0.100942709 166.298034668
0.100158736 0.054675564 -0.993468106 100.305541992 -0.057069961 0.997160852 0.049125161 -7.540291786 0.993333340 0.051776879 0.102994710 166.402679443
0.103803508 0.050176099 -0.993331313 99.253044128 -0.060820874 0.997177839 0.044014584 -7.507161617 0.992736340 0.055846415 0.106562309 166.507644653
0.106993958 0.049207397 -0.993041277 98.175590515 -0.062736966 0.997118413 0.042649914 -7.473048210 0.992278337 0.057737112 0.109772764 166.611068726
0.110723227 0.051545992 -0.992513716 97.099693298 -0.062254906 0.997052729 0.044836666 -7.440258026 0.991899490 0.056824382 0.113605879 166.725234985
0.113858655 0.054754365 -0.991987050 96.032814026 -0.060826205 0.996991158 0.048049051 -7.409080029 0.991633117 0.054868009 0.116846591 166.851806641
0.117064349 0.056285657 -0.991528094 94.965866089 -0.059221655 0.997011602 0.049604971 -7.377665043 0.991357028 0.052912954 0.120047852 166.973663330
0.120278932 0.058085900 -0.991039276 93.897552490 -0.057546034 0.997016132 0.051452052 -7.338675499 0.991070867 0.050841782 0.123262651 167.106033325
0.123387069 0.058824420 -0.990613520 92.816452026 -0.056635592 0.997031987 0.052151233 -7.303532600 0.990741193 0.049669199 0.126352400 167.241668701
0.126512140 0.059514213 -0.990178108 91.739639282 -0.058156807 0.996926606 0.052489303 -7.266714096 0.990258753 0.050945066 0.129584461 167.376434326
0.129127607 0.058432847 -0.989904821 90.663864136 -0.056923378 0.997053027 0.051429451 -7.229185581 0.989992738 0.049707770 0.132073238 167.514678955
0.131054848 0.055598456 -0.989814818 89.581192017 -0.057028092 0.997195661 0.048462331 -7.193056107 0.989733517 0.050096031 0.133857995 167.655715942
0.132779509 0.051666547 -0.989798009 88.499176025 -0.055144008 0.997478604 0.044670016 -7.156372070 0.989610314 0.048650175 0.135293826 167.803985596
0.134137347 0.050134785 -0.989693701 87.415344238 -0.054265857 0.997592449 0.043180034 -7.126837254 0.989475787 0.047914520 0.136535004 167.943572998
0.133863896 0.050912041 -0.989691019 86.333679199 -0.052400209 0.997645974 0.044233706 -7.094191074 0.989613235 0.045938719 0.136216596 168.093704224
0.134040430 0.052458402 -0.989586413 85.237205505 -0.048024695 0.997768462 0.046387143 -7.067810059 0.989811540 0.041306835 0.136260599 168.238754272
0.133598208 0.052606739 -0.989638329 84.148147583 -0.045171469 0.997875512 0.046946604 -7.029826164 0.990005553 0.038431443 0.135690704 168.386108398
0.132808328 0.051729739 -0.989790916 83.066642761 -0.042790703 0.998005211 0.046417475 -7.003852367 0.990217626 0.036189221 0.134756967 168.527694702
0.131832823 0.052588381 -0.989876032 81.943809509 -0.040397946 0.998047233 0.047642238 -6.962908745 0.990448475 0.033708148 0.133699819 168.675216675
0.129596874 0.056909524 -0.989932299 80.842147827 -0.038556650 0.997885823 0.052319117 -6.919071198 0.990816832 0.031388082 0.131517112 168.826629639
0.127525657 0.061028454 -0.989955962 79.719436646 -0.037526280 0.997687399 0.056670967 -6.872114182 0.991125107 0.029922362 0.129520908 168.959289551
0.124424353 0.059285920 -0.990456283 78.610366821 -0.035322286 0.997845352 0.055290896 -6.837617874 0.991600215 0.028105646 0.126250356 169.102874756
0.121078812 0.051095527 -0.991326869 77.508880615 -0.034342531 0.998292029 0.047259994 -6.794041157 0.992048621 0.028322492 0.122626767 169.233428955
0.118013501 0.045307685 -0.991977870 76.390663147 -0.032969795 0.998586595 0.041687187 -6.758495808 0.992464542 0.027785650 0.119340479 169.360778809
0.114591561 0.046605498 -0.992318809 75.269119263 -0.032361165 0.998543799 0.043160852 -6.725531101 0.992885411 0.027166720 0.115932912 169.486923218
0.111269832 0.050909456 -0.992485404 74.135269165 -0.031858433 0.998356402 0.047638893 -6.688973427 0.993279397 0.026318258 0.112708844 169.611129761
0.108397141 0.052799821 -0.992704570 73.005363464 -0.032232702 0.998250127 0.049575180 -6.655051708 0.993584931 0.026623743 0.109909356 169.728988647
0.105631202 0.052922778 -0.992996037 71.875007629 -0.033843040 0.998195648 0.049599800 -6.612297058 0.993829250 0.028366726 0.107231677 169.837127686
0.103661723 0.053932209 -0.993149221 70.722702026 -0.035128534 0.998104393 0.050534688 -6.565344810 0.993992031 0.029649369 0.105359770 169.942260742
0.101488642 0.055225048 -0.993302643 69.587738037 -0.034147266 0.998063147 0.052000791 -6.523697853 0.994250417 0.028641095 0.103177868 170.057678223
0.099253841 0.055660665 -0.993504167 68.424926758 -0.032916378 0.998071551 0.052628115 -6.488029003 0.994517446 0.027479025 0.100894585 170.173522949
0.097177975 0.054362345 -0.993781209 67.276252747 -0.031172531 0.998183548 0.051554926 -6.447144032 0.994778633 0.025968678 0.098696060 170.283325195
0.095178977 0.053055409 -0.994045317 66.121376038 -0.030249987 0.998271585 0.050384585 -6.403970242 0.995000362 0.025274307 0.096619412 170.393249512
0.093217112 0.052250605 -0.994273782 64.952613831 -0.030227495 0.998310208 0.049628776 -6.362548828 0.995186806 0.025428163 0.094639003 170.495513916
0.091103278 0.052172553 -0.994473755 63.788433075 -0.031008009 0.998291075 0.049532183 -6.322504520 0.995358527 0.026324114 0.092565343 170.594741821
0.088657707 0.053999182 -0.994597256 62.618873596 -0.031034427 0.998194337 0.051428087 -6.278130531 0.995578587 0.026307261 0.090173446 170.691833496
0.085934512 0.057499729 -0.994640231 61.451339722 -0.031309322 0.997996092 0.054988682 -6.242456913 0.995808661 0.026416095 0.087562583 170.791275024
0.082354277 0.057554957 -0.994939804 60.278808594 -0.031562716 0.997980893 0.055118334 -6.193892956 0.996103108 0.026863780 0.084004596 170.891387939
0.079560928 0.056872893 -0.995206237 59.108184814 -0.032218486 0.997996151 0.054456659 -6.146439552 0.996309161 0.027731422 0.081233852 170.987289429
0.078353986 0.056761522 -0.995308340 57.954208374 -0.032958541 0.997979522 0.054319248 -6.108367920 0.996380687 0.028547782 0.080066428 171.059402466
0.076610111 0.056381736 -0.995465696 56.786918640 -0.033421122 0.997984052 0.053952310 -6.063101768 0.996500909 0.029136285 0.078339994 171.148452759
0.075185515 0.056586035 -0.995562732 55.630073547 -0.033857983 0.997957766 0.054165192 -6.027095795 0.996594489 0.029635312 0.076947868 171.228210449
0.073232293 0.057753630 -0.995641351 54.471633911 -0.033952646 0.997887433 0.055386625 -5.990268707 0.996736765 0.029748561 0.075038478 171.314270020
0.072426766 0.057913989 -0.995690882 53.313755035 -0.033775523 0.997882545 0.055584628 -5.950059891 0.996801615 0.029604165 0.074229471 171.381683350
0.071484178 0.057138357 -0.995803773 52.157951355 -0.032734949 0.997954488 0.054911867 -5.907050133 0.996904314 0.028672257 0.073208347 171.459304810
0.070319556 0.056212507 -0.995939434 51.005638123 -0.033250365 0.997988224 0.053980466 -5.866027832 0.996970177 0.029319465 0.072047174 171.537948608
0.068762496 0.055419296 -0.996092618 49.854423523 -0.032113951 0.998061359 0.053311948 -5.824638367 0.997116029 0.028322600 0.070408911 171.622802734
0.067913756 0.053332150 -0.996264696 48.721641541 -0.033809483 0.998119652 0.051126715 -5.785598755 0.997118175 0.030210983 0.069589183 171.685455322
0.067268260 0.048668843 -0.996547222 47.574874878 -0.031633832 0.998411357 0.046624564 -5.750045776 0.997233391 0.028388243 0.068700969 171.761795044
0.066324264 0.045770667 -0.996747792 46.460620880 -0.031656832 0.998540938 0.043746546 -5.723923206 0.997295856 0.028652411 0.067676447 171.816513062
0.064971924 0.045749933 -0.996837735 45.308650970 -0.029689178 0.998594820 0.043895494 -5.690839291 0.997445345 0.026743323 0.066238895 171.902206421
0.063162759 0.049732119 -0.996763349 44.179756165 -0.027846912 0.998456538 0.048052005 -5.658561230 0.997614682 0.024721688 0.064450137 171.972381592
0.061883215 0.052694742 -0.996691406 43.040225983 -0.026995033 0.998328328 0.051105212 -5.625195026 0.997718215 0.023743168 0.063202262 172.033142090
0.060455024 0.053648148 -0.996728182 41.915187836 -0.026530407 0.998288155 0.052122962 -5.594044685 0.997818291 0.023292510 0.061774824 172.109069824
0.059246883 0.054077946 -0.996777415 40.798641205 -0.027035955 0.998252213 0.052550979 -5.559075832 0.997877181 0.023835350 0.060605370 172.171478271
0.058601934 0.055430900 -0.996741295 39.688819885 -0.029470103 0.998118222 0.053774819 -5.519945145 0.997846305 0.026222765 0.060125209 172.212081909
0.056773901 0.058311332 -0.996682763 38.592277527 -0.032169994 0.997881353 0.056548968 -5.482420921 0.997868598 0.028852776 0.058529496 172.274948120
0.055372257 0.059283026 -0.996704280 37.508903503 -0.033878636 0.997772515 0.057464428 -5.440113068 0.997890830 0.030585049 0.057257351 172.327224731
0.054563262 0.058907956 -0.996771157 36.427299500 -0.035248395 0.997749627 0.057036288 -5.405323029 0.997887969 0.032022499 0.056516901 172.373687744
0.053475056 0.058894958 -0.996830881 35.370223999 -0.036417231 0.997710109 0.056993309 -5.365098476 0.997904897 0.033254102 0.055497397 172.422836304
0.051650051 0.059748445 -0.996876359 34.326225281 -0.038130160 0.997598708 0.057816166 -5.326436520 0.997937143 0.035024840 0.053804245 172.471679688
0.049726978 0.060029104 -0.996957183 33.284706116 -0.038053203 0.997581244 0.058168635 -5.292610168 0.998037755 0.035044868 0.051890999 172.522644043
0.047847364 0.061703172 -0.996947050 32.284099579 -0.038919859 0.997447312 0.059866227 -5.256306648 0.998096108 0.035936598 0.050126694 172.562850952
0.046178456 0.061600413 -0.997032106 31.275764465 -0.039762266 0.997419178 0.059782699 -5.216737270 0.998141527 0.036883589 0.048508629 172.600051880
0.044833731 0.061668929 -0.997089207 30.289300919 -0.040421441 0.997387409 0.059869841 -5.182769775 0.998176396 0.037619594 0.047209322 172.629714966
0.042379119 0.061046645 -0.997234821 29.333061218 -0.041585788 0.997374475 0.059287924 -5.145520210 0.998235762 0.038958229 0.044806510 172.673660278
0.040716171 0.060155280 -0.997358263 28.386764526 -0.041570898 0.997423708 0.058462139 -5.108023643 0.998305619 0.039080724 0.043111976 172.705184937
0.039171778 0.060328670 -0.997409642 27.443189621 -0.041861482 0.997398496 0.058683954 -5.076179504 0.998355269 0.039454285 0.041595299 172.731582642
0.037426114 0.059504133 -0.997526288 26.525413513 -0.041803133 0.997444987 0.057930883 -5.042296410 0.998424590 0.039531596 0.039817952 172.763916016
0.036470771 0.060534872 -0.997499466 25.618659973 -0.043819353 0.997300446 0.058920655 -5.009194374 0.998373568 0.041560899 0.039024893 172.791717529
0.036385749 0.060482606 -0.997505784 24.731861115 -0.045256536 0.997242570 0.058815822 -4.972871780 0.998312533 0.043003604 0.039022643 172.818008423
0.037813984 0.060123678 -0.997474313 23.869794846 -0.047221102 0.997180820 0.058315825 -4.943805695 0.998168409 0.044896688 0.040546473 172.841613770
0.040028177 0.059966974 -0.997397482 23.013469696 -0.049206533 0.997104764 0.057974569 -4.916766167 0.997986197 0.046757858 0.042863041 172.877471924
0.043968141 0.058703650 -0.997306645 22.178840637 -0.051078275 0.997098565 0.056439511 -4.886715889 0.997726321 0.048459165 0.046839043 172.912200928
0.049752064 0.058375541 -0.997054279 21.351795197 -0.051979892 0.997088850 0.055783838 -4.859809875 0.997408032 0.049051404 0.052641600 172.949752808
0.056247894 0.057848867 -0.996739507 20.544931412 -0.054335348 0.997017920 0.054798786 -4.831668377 0.996937156 0.051075872 0.059223387 172.996582031
0.065553337 0.057921093 -0.996166646 19.737575531 -0.055336833 0.996988535 0.054327428 -4.809693336 0.996313632 0.051563352 0.068561070 173.040832520
0.076027960 0.057481922 -0.995447457 18.946025848 -0.055356815 0.997040451 0.053346012 -4.782220840 0.995567799 0.051049016 0.078984976 173.102416992
0.087101668 0.057053469 -0.994564354 18.153142929 -0.055004083 0.997111082 0.052382443 -4.752074242 0.994679809 0.050142497 0.089988217 173.179870605
0.098761819 0.055626176 -0.993555129 17.397684097 -0.053268474 0.997300446 0.050540846 -4.729864120 0.993684351 0.047933660 0.101458311 173.262786865
0.110191874 0.056400035 -0.992308855 16.637710571 -0.051861044 0.997354925 0.050927881 -4.706223488 0.992556393 0.045850340 0.112825371 173.352142334
0.121462286 0.057129916 -0.990950584 15.882904053 -0.050431110 0.997408152 0.051320788 -4.675951958 0.991314113 0.043741200 0.124028586 173.450119019
0.132527068 0.058577452 -0.989447057 15.160772324 -0.047494836 0.997480869 0.052691590 -4.663918018 0.990040839 0.040010564 0.134975344 173.547927856
0.142452851 0.058945820 -0.988044798 14.436564445 -0.043901283 0.997619033 0.053187475 -4.649109364 0.988827467 0.035799734 0.144701496 173.658370972
0.151975274 0.057670034 -0.986700356 13.737907410 -0.039533410 0.997852087 0.052232739 -4.621006489 0.987593353 0.031069547 0.153928742 173.777877808
0.160818040 0.056815207 -0.985347450 13.037746429 -0.037225366 0.997980535 0.051468112 -4.596809387 0.986281812 0.028402921 0.162608281 173.895507812
0.167744234 0.057085879 -0.984176278 12.350000381 -0.033843849 0.998066902 0.052123204 -4.580485344 0.985249400 0.024564946 0.169351980 174.015304565
0.172438204 0.057073805 -0.983365476 11.673322678 -0.029859610 0.998163998 0.052696671 -4.555054665 0.984567583 0.020275990 0.173825830 174.141738892
0.174687743 0.057609241 -0.982937098 11.003808975 -0.024996147 0.998224676 0.054062910 -4.539767265 0.984306574 0.015125517 0.175817609 174.266815186
0.175150156 0.057819910 -0.982842386 10.351703644 -0.021562001 0.998259842 0.054884393 -4.511902332 0.984305680 0.011579041 0.176092073 174.385086060
0.174116671 0.057537027 -0.983042657 9.717298508 -0.017125506 0.998317480 0.055397782 -4.496119976 0.984576046 0.007189425 0.174809068 174.501312256
0.171226665 0.057603195 -0.983546257 9.091459274 -0.014648580 0.998327792 0.055918716 -4.473674774 0.985122740 0.004832785 0.171784163 174.611083984
0.167814806 0.058436271 -0.984085023 8.496469498 -0.012117198 0.998288393 0.057213362 -4.457302094 0.985743999 0.002323111 0.168235675 174.705947876
0.163385093 0.058800697 -0.984808505 7.909971237 -0.009750916 0.998269677 0.057986714 -4.433155060 0.986514151 0.000128623 0.163675770 174.804687500
0.158971518 0.059812192 -0.985469699 7.336177826 -0.007437886 0.998207450 0.059385449 -4.414544106 0.987255096 -0.002110783 0.159131423 174.894592285
0.154776603 0.060673088 -0.986084640 6.771522522 -0.005222683 0.998148739 0.060595624 -4.392356873 0.987935722 -0.004228783 0.154806927 174.971527100
0.150451392 0.061289195 -0.986715734 6.242311478 -0.003560199 0.998103619 0.061453689 -4.373900890 0.988610983 -0.005732892 0.150384277 175.049240112
0.145531535 0.061054610 -0.987468004 5.729309082 -0.002119046 0.998110950 0.061400361 -4.351614952 0.989351392 -0.006843203 0.145385996 175.126296997
0.141037926 0.061163515 -0.988112926 5.257404327 -0.001639971 0.998102725 0.061547797 -4.340940475 0.990002871 -0.007060103 0.140870646 175.185241699
0.136817679 0.059661619 -0.988797903 4.794118881 -0.001241730 0.998194158 0.060056753 -4.323330879 0.990595579 -0.006989005 0.136644691 175.248764038
0.132914945 0.057038110 -0.989484847 4.359476089 -0.001366823 0.998352289 0.057365671 -4.306856632 0.991126597 -0.006272308 0.132773906 175.296737671
0.128877565 0.055153430 -0.990125537 3.945898056 -0.001920688 0.998464167 0.055367924 -4.295447350 0.991658747 -0.005233965 0.128785565 175.340209961
0.124790095 0.054191299 -0.990702093 3.562227249 -0.002465433 0.998521149 0.054308452 -4.281846523 0.992180169 -0.004334649 0.124739155 175.382156372
0.121209241 0.053310663 -0.991194367 3.202365875 -0.001979344 0.998567700 0.053465195 -4.272508621 0.992625058 -0.004518559 0.121141173 175.427032471
0.118200243 0.052296359 -0.991611600 2.886274338 -0.003000147 0.998626471 0.052308690 -4.260042191 0.992985249 -0.003207915 0.118194781 175.457717896
0.114988036 0.051140629 -0.992049515 2.573648453 -0.003754036 0.998689234 0.051047776 -4.244496822 0.993359864 -0.002145689 0.115029283 175.489547729
0.111941971 0.051311053 -0.992389023 2.278228760 -0.005399598 0.998682737 0.051027376 -4.239271164 0.993700147 -0.000353602 0.112071551 175.520217896
0.109998517 0.051440507 -0.992599666 2.010545731 -0.006892574 0.998675346 0.050991546 -4.233044624 0.993907809 0.001232575 0.110207364 175.537170410
0.107271850 0.051205590 -0.992910147 1.761827469 -0.007177011 0.998686731 0.050728105 -4.228481770 0.994203806 0.001684429 0.107498467 175.562438965
0.104875222 0.050298940 -0.993212521 1.526210785 -0.006744873 0.998733103 0.049866315 -4.220602989 0.994462490 0.001469355 0.105081618 175.587722778
0.102908060 0.048649412 -0.993500352 1.306262970 -0.006546850 0.998814702 0.048231509 -4.215633392 0.994669437 0.001540885 0.103104576 175.612075806
0.101192951 0.046599366 -0.993774831 1.086566925 -0.007025424 0.998911083 0.046124831 -4.214960098 0.994841993 0.002314185 0.101410136 175.623458862
0.099237233 0.044913128 -0.994049668 0.874332428 -0.006860170 0.998987973 0.044451393 -4.206038475 0.995040119 0.002408116 0.099444918 175.645034790
0.097399198 0.044600882 -0.994245470 0.679885864 -0.005926453 0.999003649 0.044233754 -4.202636242 0.995227695 0.001584021 0.097566478 175.661483765
0.095383450 0.043144286 -0.994505107 0.470436096 -0.004815052 0.999068618 0.042880442 -4.190734863 0.995428920 0.000698511 0.095502354 175.678970337
0.093821183 0.041853301 -0.994708896 0.274687767 -0.005610312 0.999122381 0.041509833 -4.196561813 0.995573163 0.001686128 0.093973666 175.683609009
0.091226354 0.040630575 -0.995000958 0.075431824 -0.006335889 0.999170780 0.040219944 -4.187381744 0.995810091 0.002635096 0.091408126 175.706619263
0.089043498 0.040961798 -0.995185137 -0.109296799 -0.005753502 0.999158502 0.040610559 -4.186477661 0.996011198 0.002109692 0.089204237 175.730957031
0.087194346 0.041386209 -0.995331347 -0.310488701 -0.004118123 0.999143064 0.041183956 -4.177831650 0.996182799 0.000507886 0.087290056 175.748397827
0.085411839 0.041713487 -0.995472252 -0.512481689 -0.002815868 0.999129415 0.041625138 -4.170957565 0.996341884 -0.000752165 0.085454933 175.761367798
0.083332583 0.042255811 -0.995625496 -0.712848663 -0.001790655 0.999105334 0.042253628 -4.168193817 0.996520281 -0.001738286 0.083333686 175.776016235
0.080915347 0.042705987 -0.995805740 -0.906687737 -0.001505889 0.999085784 0.042724296 -4.160917759 0.996719897 -0.001957477 0.080905683 175.789596558
0.078428343 0.043138750 -0.995986044 -1.103642464 -0.001373326 0.999067128 0.043164063 -4.156769753 0.996918917 -0.002017471 0.078414425 175.801666260
0.076094136 0.044177078 -0.996121585 -1.306783676 -0.003114399 0.999023676 0.044067886 -4.154688358 0.997095823 -0.000250987 0.076157428 175.809127808
0.073259011 0.044407211 -0.996323884 -1.508285522 -0.006594868 0.999007940 0.044041935 -4.151502132 0.997291207 0.003344151 0.073479183 175.814224243
0.069974616 0.040365409 -0.996731818 -1.717013359 -0.010973465 0.999151647 0.039693035 -4.143079281 0.997488439 0.008160092 0.070358194 175.816848755
0.066561699 0.035883695 -0.997136891 -1.944855690 -0.012482698 0.999304891 0.035128471 -4.137475491 0.997704327 0.010108749 0.066963360 175.827926636
0.063597560 0.033939216 -0.997398376 -2.194368362 -0.013319871 0.999361396 0.033156704 -4.135225773 0.997886837 0.011176533 0.064009026 175.835632324
0.060094908 0.034096580 -0.997610271 -2.463001251 -0.013891337 0.999348223 0.033319198 -4.131497383 0.998096049 0.011855823 0.060529396 175.846023560
0.056318033 0.033550207 -0.997849047 -2.763399124 -0.013941357 0.999364257 0.032814320 -4.121607304 0.998315573 0.012063330 0.056749947 175.856872559
0.052952569 0.031887900 -0.998087883 -3.054195404 -0.013561881 0.999420822 0.031210989 -4.116528511 0.998504996 0.011883245 0.053354375 175.867202759
0.049503937 0.029789036 -0.998329580 -3.351669312 -0.013759654 0.999480605 0.029141087 -4.107719421 0.998679101 0.012294070 0.049888119 175.881484985
0.046805963 0.027226707 -0.998532891 -3.695688248 -0.015730241 0.999524593 0.026516402 -4.096181393 0.998780072 0.014466037 0.047211975 175.889251709
0.045324821 0.025632918 -0.998643458 -4.065669537 -0.019135568 0.999509573 0.024786660 -4.086983681 0.998788893 0.017986156 0.045793124 175.893905640
0.045225639 0.023974560 -0.998689115 -4.458055496 -0.022808557 0.999476194 0.022960573 -4.075620651 0.998716295 0.021740254 0.045748785 175.907394409
0.046278022 0.023446137 -0.998653412 -4.876728058 -0.026162311 0.999410033 0.022251531 -4.067480564 0.998585880 0.025097322 0.046864137 175.917541504
0.047625944 0.025382977 -0.998542607 -5.317546844 -0.027434913 0.999333143 0.024094559 -4.052886963 0.998488307 0.026247406 0.048290569 175.931213379
0.047970392 0.029965900 -0.998399138 -5.792912483 -0.026817344 0.999228239 0.028702285 -4.048676014 0.998488605 0.025397550 0.048736989 175.957183838
0.049346466 0.035021286 -0.998167455 -6.279385567 -0.028304620 0.999032676 0.033652350 -4.035902500 0.998380423 0.026592126 0.050290007 175.977142334
0.051458582 0.039574564 -0.997890711 -6.763284683 -0.030197896 0.998819292 0.038054164 -4.021478176 0.998218417 0.028175987 0.052592903 175.992019653
0.052118137 0.044965323 -0.997628212 -7.293133736 -0.029618675 0.998615921 0.043462507 -4.002506733 0.998201609 0.027283238 0.053377815 176.016921997
0.052788340 0.049992312 -0.997353494 -7.839925766 -0.021284521 0.998575568 0.048927002 -3.991111279 0.998378813 0.018645417 0.053777210 176.059661865
0.053994976 0.049410075 -0.997317910 -8.400629044 -0.011636788 0.998738348 0.048850428 -3.971003532 0.998473406 0.008967902 0.054501835 176.104873657
0.054338105 0.048421439 -0.997347891 -8.973766327 -0.005806498 0.998821914 0.048176657 -3.950391769 0.998505652 0.003173270 0.054555248 176.139816284
0.052909292 0.046587184 -0.997511983 -9.578175545 -0.007790639 0.998900056 0.046238780 -3.928735495 0.998568952 0.005324798 0.053214021 176.155136108
0.050877873 0.044603348 -0.997708321 -10.180347443 -0.009793844 0.998976588 0.044160604 -3.896471262 0.998656809 0.007524602 0.051262625 176.190765381
0.049118061 0.045018461 -0.997777879 -10.819314003 -0.005114133 0.998982012 0.044821035 -3.865431547 0.998779833 0.002901252 0.049298268 176.224411011
0.046522811 0.048729338 -0.997727931 -11.479398727 0.004067202 0.998791993 0.048970953 -3.841039658 0.998908937 -0.006336228 0.046268400 176.262344360
0.043458197 0.049504146 -0.997828007 -12.159485817 0.005697259 0.998743117 0.049797684 -3.808300972 0.999039054 -0.007849004 0.043121524 176.298797607
0.041229341 0.046577509 -0.998063385 -12.854245186 0.005368834 0.998888075 0.046837781 -3.793099880 0.999135315 -0.007289529 0.040933426 176.315841675
0.037392579 0.038067855 -0.998575211 -13.567195892 0.001155226 0.999271810 0.038137674 -3.767792225 0.999300003 -0.002579648 0.037321363 176.331497192
0.035653111 0.027179440 -0.998994529 -14.273481369 -0.000500976 0.999630511 0.027178865 -3.744002342 0.999364018 -0.000468540 0.035653554 176.352325439
0.035144255 0.022312967 -0.999133050 -15.021360397 -0.002871281 0.999748886 0.022225723 -3.719703674 0.999378145 0.002087683 0.035199478 176.373962402
0.034038257 0.026752604 -0.999062359 -15.786389351 -0.000925203 0.999642074 0.026736606 -3.702784061 0.999420047 0.000014278 0.034050833 176.397552490
0.033677470 0.033357274 -0.998875856 -16.567722321 0.000659969 0.999441922 0.033398427 -3.687306643 0.999432445 -0.001783996 0.033636659 176.409759521
0.031907111 0.037911702 -0.998771548 -17.392335892 0.002290499 0.999274909 0.038003989 -3.666273832 0.999488235 -0.003500284 0.031797118 176.445480347
0.029991999 0.035558462 -0.998917401 -18.206394196 -0.001829598 0.999367237 0.035519548 -3.642072201 0.999548495 0.000762314 0.030038062 176.464492798
0.029432461 0.031071864 -0.999083698 -19.037128448 -0.004201567 0.999511778 0.030961407 -3.618534803 0.999557972 0.003286442 0.029548630 176.472137451
0.028443635 0.028497558 -0.999189079 -19.886178970 -0.004347002 0.999587595 0.028385190 -3.597223282 0.999585986 0.003536097 0.028555792 176.490936279
0.027563957 0.030001093 -0.999169707 -20.761528015 -0.005336438 0.999539673 0.029864993 -3.572470665 0.999605775 0.004508815 0.027711371 176.510437012
0.027035071 0.033771992 -0.999063790 -21.646316528 -0.006610513 0.999413252 0.033604920 -3.554720402 0.999612570 0.005695821 0.027242450 176.529647827
0.026423849 0.036926106 -0.998968601 -22.542018890 -0.006612705 0.999302030 0.036763519 -3.531492949 0.999628901 0.005634451 0.026649594 176.546386719
0.025498409 0.039048843 -0.998911858 -23.447973251 -0.006333044 0.999222994 0.038899340 -3.506159067 0.999654770 0.005334282 0.025725901 176.569702148
0.025385626 0.041276664 -0.998825192 -24.378044128 -0.006227799 0.999134362 0.041131161 -3.483135700 0.999658346 0.005176338 0.025620699 176.586242676
0.025546333 0.042530522 -0.998768508 -25.305427551 -0.006546151 0.999080241 0.042376366 -3.459502697 0.999652207 0.005455530 0.025801241 176.608337402
0.026042486 0.040307283 -0.998847902 -26.233448029 -0.008193841 0.999161780 0.040106323 -3.434812784 0.999627292 0.007139936 0.026350938 176.633010864
0.028373316 0.037333500 -0.998899996 -27.190528870 -0.008825617 0.999272704 0.037096746 -3.403807640 0.999558449 0.007763351 0.028682165 176.646453857
0.029553585 0.036992107 -0.998878419 -28.152986526 -0.010066753 0.999275267 0.036708962 -3.374430418 0.999512553 0.008970582 0.029904550 176.673004150
0.031443160 0.039227128 -0.998735428 -29.126625061 -0.009434224 0.999196708 0.038948223 -3.349876404 0.999460936 0.008197643 0.031787980 176.695190430
0.032875914 0.040672075 -0.998631537 -30.115463257 -0.009786939 0.999136865 0.040370461 -3.320620537 0.999411464 0.008446335 0.033245597 176.731033325
0.034533087 0.041120794 -0.998557270 -31.111236572 -0.009310391 0.999123096 0.040822115 -3.293939590 0.999360144 0.007887246 0.034885656 176.760375977
0.036228828 0.041622877 -0.998476386 -32.104026794 -0.008957865 0.999105632 0.041324083 -3.269628525 0.999303341 0.007447091 0.036569282 176.791503906
0.036358625 0.041072566 -0.998494506 -33.115951538 -0.006643530 0.999142826 0.040857330 -3.243501902 0.999316633 0.005148011 0.036600333 176.839675903
0.037764620 0.040529899 -0.998464406 -34.119995117 -0.006760924 0.999164641 0.040302612 -3.213253975 0.999263704 0.005228534 0.038007095 176.863616943
0.037396960 0.039284043 -0.998528063 -35.140579224 -0.006130425 0.999217212 0.039081566 -3.183766842 0.999281645 0.004659872 0.037608515 176.906356812
0.036684237 0.039938234 -0.998528540 -36.167053223 -0.006308359 0.999190390 0.039732959 -3.158092499 0.999306977 0.004841506 0.036906488 176.940887451
0.036269765 0.041008014 -0.998500228 -37.203609467 -0.005141637 0.999152124 0.040848020 -3.131421089 0.999328732 0.003652382 0.036449868 176.974243164
0.035227973 0.041605078 -0.998512924 -38.237152100 -0.007953928 0.999113083 0.041349474 -3.103677273 0.999347508 0.006485447 0.035527650 177.002426147
0.034116648 0.039811995 -0.998624504 -39.279701233 -0.009855089 0.999171019 0.039497096 -3.080896139 0.999369264 0.008494020 0.034480698 177.029846191
0.033555314 0.037865628 -0.998719275 -40.328662872 -0.009401011 0.999249756 0.037569884 -3.053757668 0.999392629 0.008128300 0.033886090 177.059341431
0.032929007 0.039366953 -0.998682201 -41.374629974 -0.011485375 0.999172866 0.039007604 -3.025177002 0.999391735 0.010185758 0.033353906 177.085235596
0.032327347 0.041901290 -0.998598635 -42.434593201 -0.013135633 0.999052286 0.041495100 -3.000613928 0.999390960 0.011775799 0.032847095 177.113235474
0.031716481 0.043419309 -0.998553395 -43.509105682 -0.012129147 0.998999178 0.043053441 -2.977276087 0.999423325 0.010746101 0.032211386 177.151092529
0.031992450 0.043777786 -0.998528898 -44.568164825 -0.010076957 0.999003649 0.043475740 -2.946208954 0.999437273 0.008671242 0.032401733 177.186859131
0.032251120 0.045233943 -0.998455763 -45.627712250 -0.009959490 0.998940229 0.044934202 -2.914369583 0.999430239 0.008494936 0.032667447 177.216583252
0.032822363 0.046667743 -0.998371124 -46.688247681 -0.008110590 0.998888791 0.046425305 -2.891402960 0.999428272 0.006573592 0.033164397 177.242294312
0.032968637 0.046416167 -0.998378038 -47.749271393 -0.009011483 0.998894155 0.046142589 -2.851502419 0.999415696 0.007475608 0.033350449 177.268386841
0.032707781 0.045677450 -0.998420715 -48.821624756 -0.010127669 0.998918951 0.045368470 -2.821830750 0.999413610 0.008627772 0.033135030 177.298202515
0.032232556 0.044686440 -0.998480916 -49.900928497 -0.013210115 0.998931766 0.044280183 -2.790583611 0.999393225 0.011762777 0.032788429 177.333923340
0.032543533 0.041753404 -0.998597741 -50.959960938 -0.015216773 0.999031901 0.041275658 -2.763708591 0.999354601 0.013852178 0.033147369 177.356842041
0.032496288 0.040820390 -0.998638034 -52.018806458 -0.018514851 0.999018788 0.040233485 -2.738424063 0.999300361 0.017182192 0.033220179 177.379058838
0.031953238 0.044843554 -0.998483002 -53.112895966 -0.021304347 0.998796642 0.044175863 -2.711183071 0.999262333 0.019860459 0.032870162 177.408401489
0.032141060 0.052713871 -0.998092353 -54.187240601 -0.020883642 0.998425663 0.052058965 -2.675036430 0.999265194 0.019170567 0.033191316 177.430511475
0.031304415 0.059573133 -0.997732997 -55.262947083 -0.021023972 0.998040617 0.058931854 -2.636782408 0.999288797 0.019131484 0.032495540 177.467376709
0.030989766 0.058602016 -0.997800231 -56.330341339 -0.023561543 0.998045206 0.057884622 -2.594413519 0.999242008 0.021715885 0.032309931 177.490005493
0.030539209 0.052509449 -0.998153329 -57.383865356 -0.025448114 0.998336315 0.051740468 -2.552977800 0.999209583 0.023821009 0.031824671 177.517166138
0.030907243 0.045184415 -0.998500407 -58.444263458 -0.025368152 0.998691320 0.044407822 -2.521636248 0.999200344 0.023957588 0.032013044 177.544601440
0.031797141 0.039983414 -0.998694181 -59.496601105 -0.025165468 0.998914778 0.039191000 -2.493383884 0.999177516 0.023886451 0.032768812 177.566650391
0.032279141 0.041193899 -0.998629570 -60.559059143 -0.023956211 0.998895109 0.040430505 -2.467079401 0.999191821 0.022618325 0.033230316 177.598281860
0.032322019 0.041827161 -0.998601854 -61.638610840 -0.023209628 0.998885930 0.041087825 -2.439336538 0.999208093 0.021849141 0.033256788 177.629882812
0.032937143 0.043555696 -0.998507917 -62.693805695 -0.020851765 0.998862386 0.042883344 -2.409235239 0.999239981 0.019408192 0.033807866 177.664047241
0.032597959 0.043060128 -0.998540521 -63.756263733 -0.019275388 0.998912752 0.042446923 -2.379235268 0.999282598 0.017863577 0.033392522 177.696365356
0.032295406 0.042621844 -0.998569191 -64.824134827 -0.017086823 0.998967826 0.042086251 -2.357002020 0.999332309 0.015703181 0.032990359 177.731872559
0.030943500 0.040041387 -0.998718798 -65.890754700 -0.016015662 0.999088824 0.039560013 -2.330350876 0.999392867 0.014771015 0.031556588 177.766479492
0.030587547 0.039658580 -0.998744965 -66.957511902 -0.015984075 0.999104083 0.039183319 -2.305074453 0.999404371 0.014765493 0.031194039 177.790298462
0.029846910 0.041873708 -0.998677015 -68.023971558 -0.014173362 0.999039352 0.041465316 -2.279342413 0.999454141 0.012916996 0.030411705 177.815994263
0.028952619 0.046186280 -0.998513103 -69.106277466 -0.012850640 0.998866439 0.045830015 -2.248887062 0.999498248 0.011504631 0.029513316 177.841491699
0.028239414 0.049195562 -0.998389900 -70.194694519 -0.013435171 0.998716593 0.048831657 -2.216503620 0.999510825 0.012034561 0.028864108 177.871032715
0.027394574 0.046165176 -0.998558223 -71.261657715 -0.013217824 0.998862326 0.045816630 -2.185695171 0.999537289 0.011943633 0.027973620 177.896179199
0.026471220 0.041389652 -0.998792291 -72.334739685 -0.016357817 0.999026597 0.040965825 -2.155225515 0.999515772 0.015253647 0.027122511 177.915512085
0.026014503 0.038203325 -0.998931289 -73.400253296 -0.018200370 0.999121904 0.037736639 -2.126328707 0.999495864 0.017199220 0.026686979 177.934402466
0.025578840 0.039834850 -0.998878717 -74.490844727 -0.018619010 0.999051452 0.039364941 -2.100328207 0.999499321 0.017591229 0.026296256 177.955459595
0.025376864 0.044765856 -0.998675048 -75.581893921 -0.018710157 0.998843193 0.044297948 -2.068581104 0.999502778 0.017561231 0.026185069 177.976669312
0.024573971 0.047790755 -0.998555005 -76.685874939 -0.018704625 0.998703778 0.047337566 -2.034025669 0.999522865 0.017514329 0.025436029 178.001663208
0.023851700 0.047019619 -0.998609126 -77.770767212 -0.018835310 0.998737156 0.046575770 -2.001162052 0.999538004 0.017698200 0.024707217 178.025711060
0.023053957 0.044453766 -0.998745382 -78.842666626 -0.020523675 0.998821437 0.043983407 -1.971899748 0.999523520 0.019483931 0.023939136 178.036758423
0.021026440 0.043341171 -0.998839021 -79.937011719 -0.023815695 0.998798251 0.042838048 -1.939962626 0.999495208 0.022887319 0.022033362 178.056610107
0.019292001 0.042762756 -0.998898983 -81.016181946 -0.028170688 0.998711526 0.042210661 -1.910650015 0.999416888 0.027325347 0.020471802 178.064483643
0.017389853 0.043052923 -0.998921454 -82.096511841 -0.027262926 0.998721421 0.042569693 -1.881690264 0.999477029 0.026493240 0.018541373 178.084289551
0.014453081 0.039752677 -0.999105036 -83.197830200 -0.027753294 0.998840332 0.039340664 -1.853749990 0.999510348 0.027159862 0.015539595 178.089447021
0.011219449 0.040496364 -0.999116719 -84.300651550 -0.026304247 0.998845935 0.040190000 -1.825192451 0.999590993 0.025830103 0.012271717 178.093368530
0.007925548 0.039042041 -0.999206185 -85.396980286 -0.021400129 0.999015391 0.038864844 -1.801625729 0.999739587 0.021075115 0.008753248 178.110671997
0.006737459 0.035270389 -0.999355137 -86.493415833 -0.020497886 0.999172688 0.035125762 -1.773540974 0.999767125 0.020248005 0.007454867 178.107833862
