1.000000000 0.000000000 0.000000000 0.000000000 0.000000000 1.000000000 0.000000000 0.000000000 0.000000000 0.000000000 1.000000000 0.000000000
0.999997318 0.001039006 0.002066517 -0.009280416 -0.001036778 0.999998868 -0.001078757 -0.016977478 -0.002067636 0.001076611 0.999997258 1.205656886
0.999994695 0.000937544 0.003115911 -0.006270111 -0.000935133 0.999999285 -0.000775083 -0.037515428 -0.003116636 0.000772165 0.999994874 2.405494213
0.999990761 0.000389030 0.004267922 -0.006755715 -0.000387023 0.999999821 -0.000471014 -0.056640305 -0.004268104 0.000469358 0.999990761 3.604349852
0.999986291 0.000077301 0.005251109 -0.005637800 -0.000074366 0.999999881 -0.000559164 -0.076965623 -0.005251152 0.000558765 0.999986112 4.801271915
0.999981701 0.000106268 0.006039304 -0.001627490 -0.000105830 1.000000000 -0.000072844 -0.102269784 -0.006039312 0.000072204 0.999981701 6.003497124
0.999977231 0.000484476 0.006724083 0.003668588 -0.000477468 0.999999285 -0.001043758 -0.124478824 -0.006724583 0.001040524 0.999976754 7.202633858
0.999971986 -0.000003328 0.007485108 0.008459203 0.000013760 0.999998987 -0.001393680 -0.146641389 -0.007485095 0.001393744 0.999971032 8.391571045
0.999970853 -0.000434169 0.007621290 0.014061917 0.000433258 0.999999881 0.000121252 -0.168893114 -0.007621342 -0.000117947 0.999970973 9.590134621
0.999978960 -0.000981519 0.006411582 0.014444895 0.000973159 0.999998629 0.001306843 -0.193630159 -0.006412854 -0.001300576 0.999978662 10.782545090
0.999989331 -0.002394791 0.003951331 0.015319329 0.002392472 0.999996960 0.000591701 -0.210605904 -0.003952736 -0.000582242 0.999991953 11.984924316
0.999995768 -0.002069045 0.002069715 0.008641778 0.002069006 0.999997854 0.000021376 -0.227891296 -0.002069755 -0.000017094 0.999997854 13.180468559
0.999997675 -0.002072707 0.000666866 0.006323905 0.002072753 0.999997854 -0.000068325 -0.249807164 -0.000666724 0.000069707 0.999999762 14.376365662
0.999999642 -0.000695891 -0.000281893 0.004922387 0.000695820 0.999999642 -0.000253544 -0.270178676 0.000282069 0.000253347 0.999999940 15.560841560
0.999999285 -0.000880680 -0.000778878 -0.002278529 0.000880552 0.999999523 -0.000165227 -0.290790826 0.000779023 0.000164541 0.999999702 16.760780334
0.999997377 -0.001627703 -0.001573112 -0.004836399 0.001628049 0.999998629 0.000218528 -0.308081388 0.001572754 -0.000221089 0.999998748 17.945133209
0.999996543 -0.001814514 -0.001912895 -0.011960601 0.001815715 0.999998093 0.000626179 -0.333147854 0.001911755 -0.000629650 0.999997973 19.154113770
0.999994278 -0.001684742 -0.002906361 -0.019369405 0.001684148 0.999998569 -0.000206672 -0.356130928 0.002906706 0.000201776 0.999995768 20.349742889
0.999993205 -0.001924681 -0.003122209 -0.030132383 0.001920477 0.999997258 -0.001348717 -0.373617798 0.003124796 0.001342712 0.999994218 21.556716919
0.999991953 -0.001053867 -0.003867217 -0.041001681 0.001050644 0.999999106 -0.000835366 -0.393634140 0.003868095 0.000831297 0.999992192 22.753206253
0.999989331 -0.001236118 -0.004450412 -0.057706304 0.001232240 0.999998868 -0.000874093 -0.420922041 0.004451487 0.000868600 0.999989688 23.949214935
0.999986172 -0.001119452 -0.005144788 -0.072133906 0.001111413 0.999998212 -0.001565202 -0.442112029 0.005146531 0.001559463 0.999985576 25.146244049
0.999980986 -0.000875774 -0.006100215 -0.087881975 0.000872045 0.999999404 -0.000613882 -0.469141781 0.006100750 0.000608551 0.999981225 26.332458496
0.999973655 -0.002489804 -0.006805653 -0.101081394 0.002496938 0.999996305 0.001039964 -0.488398761 0.006803039 -0.001056930 0.999976337 27.534372330
0.999966323 -0.002634408 -0.007767098 -0.113146760 0.002643282 0.999996006 0.001132389 -0.511299789 0.007764083 -0.001152882 0.999969184 28.724214554
0.999957681 -0.003323577 -0.008587007 -0.128880963 0.003325861 0.999994457 0.000251667 -0.530808151 0.008586124 -0.000280216 0.999963105 29.923210144
0.999947727 -0.003518612 -0.009601342 -0.139362022 0.003513663 0.999993682 -0.000532258 -0.552540362 0.009603152 0.000498494 0.999953747 31.111253738
0.999942839 -0.002838819 -0.010310224 -0.159648016 0.002833671 0.999995828 -0.000513815 -0.572165310 0.010311640 0.000484569 0.999946713 32.305793762
0.999935687 -0.003287056 -0.010849323 -0.175604120 0.003287296 0.999994576 0.000004287 -0.593483746 0.010849248 -0.000039951 0.999941170 33.504497528
0.999924541 -0.003784886 -0.011692042 -0.186958268 0.003783934 0.999992847 -0.000103556 -0.612788618 0.011692349 0.000059307 0.999931693 34.696647644
0.999919474 -0.004340414 -0.011926559 -0.215058908 0.004341971 0.999990582 0.000104739 -0.635311365 0.011925990 -0.000156515 0.999928892 35.911819458
0.999914408 -0.004272819 -0.012367077 -0.235936224 0.004273976 0.999990880 0.000067129 -0.655053556 0.012366675 -0.000119980 0.999923587 37.115501404
0.999907851 -0.005429443 -0.012441915 -0.254208684 0.005440617 0.999984741 0.000864491 -0.684528351 0.012437033 -0.000932102 0.999922216 38.302883148
0.999909759 -0.005085621 -0.012433708 -0.267643034 0.005110973 0.999984860 0.002008049 -0.698431790 0.012423309 -0.002071416 0.999920666 39.507472992
0.999912143 -0.004518816 -0.012455693 -0.288860857 0.004553320 0.999985874 0.002743224 -0.719540894 0.012443120 -0.002799698 0.999918640 40.711750031
0.999912202 -0.003910387 -0.012656330 -0.308686733 0.003940598 0.999989390 0.002362905 -0.739209950 0.012646957 -0.002412571 0.999917150 41.917201996
0.999920845 -0.002664238 -0.012291061 -0.331866473 0.002691842 0.999993861 0.002229856 -0.753523827 0.012285044 -0.002262765 0.999921978 43.099193573
0.999930084 -0.000304236 -0.011818022 -0.346947163 0.000355990 0.999990344 0.004377385 -0.777835667 0.011816578 -0.004381287 0.999920607 44.311874390
0.999948859 -0.000367674 -0.010114579 -0.366930485 0.000440723 0.999973834 0.007220888 -0.789156795 0.010111661 -0.007224976 0.999922872 45.520145416
0.999965668 -0.000366880 -0.008277131 -0.383856267 0.000450616 0.999948680 0.010117011 -0.801989555 0.008272995 -0.010120395 0.999914646 46.724521637
0.999975383 0.000393644 -0.007005000 -0.392533779 -0.000299493 0.999909639 0.013436506 -0.809411824 0.007009658 -0.013434077 0.999885142 47.931762695
0.999983191 -0.000514807 -0.005773257 -0.404924214 0.000598816 0.999893844 0.014559153 -0.813748658 0.005765148 -0.014562366 0.999877334 49.139198303
0.999990106 -0.001667133 -0.004117901 -0.408113718 0.001720616 0.999913752 0.013018751 -0.813978016 0.004095843 -0.013025708 0.999906778 50.354450226
0.999995410 -0.000409085 -0.002983097 -0.420625329 0.000442795 0.999935985 0.011308477 -0.819000781 0.002978280 -0.011309746 0.999931633 51.560237885
0.999998152 -0.000463253 -0.001888667 -0.433280855 0.000483390 0.999942839 0.010675533 -0.823619306 0.001883613 -0.010676426 0.999941230 52.767631531
0.999997675 -0.000778776 -0.001993928 -0.433073521 0.000799489 0.999945521 0.010408222 -0.839071095 0.001985714 -0.010409792 0.999943852 53.953689575
0.999994993 -0.001452971 -0.002804060 -0.444123745 0.001478737 0.999956429 0.009208521 -0.845553517 0.002790559 -0.009212621 0.999953628 55.164924622
0.999990106 -0.001422020 -0.004209786 -0.455662847 0.001464133 0.999948740 0.010017447 -0.859664917 0.004195326 -0.010023512 0.999940991 56.368175507
0.999982893 -0.001755848 -0.005590085 -0.466417134 0.001815732 0.999940872 0.010725500 -0.862992167 0.005570923 -0.010735467 0.999926865 57.576301575
0.999975264 -0.001871825 -0.006783165 -0.475812614 0.001952451 0.999927223 0.011899162 -0.882379234 0.006760398 -0.011912110 0.999906182 58.761859894
0.999970973 -0.001063327 -0.007557152 -0.491175711 0.001147572 0.999937177 0.011152120 -0.882701516 0.007544818 -0.011160469 0.999909282 59.958599091
0.999964476 -0.000548228 -0.008414618 -0.506903768 0.000645776 0.999932587 0.011594332 -0.898216128 0.008407696 -0.011599355 0.999897361 61.174880981
0.999963284 -0.001759558 -0.008392070 -0.520973742 0.001849318 0.999940991 0.010700004 -0.901204348 0.008372749 -0.010715132 0.999907494 62.371452332
0.999957204 -0.002713496 -0.008841530 -0.531336904 0.002801557 0.999946356 0.009962884 -0.917553902 0.008814021 -0.009987228 0.999911249 63.579254150
0.999953091 -0.002935470 -0.009228353 -0.542697787 0.003039832 0.999931335 0.011315248 -0.927173436 0.009194507 -0.011342770 0.999893308 64.781951904
0.999948621 -0.003641726 -0.009456653 -0.561035216 0.003761870 0.999911964 0.012718255 -0.935228705 0.009409506 -0.012753176 0.999874294 65.982635498
0.999947488 -0.002729689 -0.009869060 -0.575987995 0.002839928 0.999933481 0.011173463 -0.943720341 0.009837905 -0.011200907 0.999888897 67.177635193
0.999954641 -0.000741302 -0.009490374 -0.599423170 0.000838317 0.999947369 0.010222566 -0.954435825 0.009482296 -0.010230063 0.999902725 68.373924255
0.999949336 0.001038559 -0.010013970 -0.613970459 -0.000934128 0.999945223 0.010427478 -0.963420153 0.010024252 -0.010417597 0.999895513 69.570678711
0.999945939 0.003113325 -0.009924686 -0.633926690 -0.003008163 0.999939442 0.010593365 -0.970859528 0.009957064 -0.010562937 0.999894679 70.760597229
0.999940932 0.004455046 -0.009911417 -0.649664164 -0.004344988 0.999928951 0.011098190 -0.980046511 0.009960156 -0.011054470 0.999889314 71.961486816
0.999949157 0.005052134 -0.008725878 -0.669621050 -0.004944833 0.999912381 0.012274943 -0.990287364 0.008787128 -0.012231169 0.999886632 73.154869080
0.999952614 0.006859448 -0.006904201 -0.681905866 -0.006770048 0.999894023 0.012889711 -0.994483948 0.006991883 -0.012842360 0.999893069 74.348045349
0.999971688 0.006082780 -0.004426984 -0.690389395 -0.006035538 0.999925494 0.010607534 -1.005255938 0.004491178 -0.010580515 0.999933958 75.531204224
0.999991596 0.003411474 -0.002264949 -0.694247425 -0.003398743 0.999978542 0.005601414 -1.015478253 0.002284009 -0.005593669 0.999981761 76.707122803
0.999991655 0.004027331 0.000621738 -0.700996935 -0.004030394 0.999979436 0.005006533 -1.026142716 -0.000601562 -0.005008997 0.999987245 77.884452820
0.999991715 0.002638718 0.003081352 -0.698400021 -0.002665499 0.999958456 0.008719690 -1.040541530 -0.003058215 -0.008727832 0.999957204 79.065208435
0.999971271 0.003369405 0.006793909 -0.697400093 -0.003437547 0.999943614 0.010043247 -1.053655624 -0.006759687 -0.010066313 0.999926507 80.238075256
0.999936819 0.003350138 0.010729193 -0.690097153 -0.003440154 0.999958992 0.008382312 -1.063785076 -0.010700671 -0.008418693 0.999907315 81.407211304
0.999895990 0.002227859 0.014247512 -0.675686002 -0.002304743 0.999982834 0.005382116 -1.079417586 -0.014235279 -0.005414393 0.999883950 82.570106506
0.999843836 0.000809420 0.017648811 -0.659606099 -0.000843630 0.999997795 0.001931017 -1.093521714 -0.017647209 -0.001945605 0.999842346 83.730697632
0.999768198 0.000738907 0.021517191 -0.641624928 -0.000757033 0.999999344 0.000834252 -1.110661626 -0.021516567 -0.000850348 0.999768138 84.883941650
0.999702036 0.000384390 0.024407402 -0.607287645 -0.000452615 0.999995947 0.002789810 -1.135211825 -0.024406232 -0.002800025 0.999698222 86.047180176
0.999596298 0.001689545 0.028359640 -0.585132122 -0.001782727 0.999993205 0.003260757 -1.154558063 -0.028353937 -0.003309998 0.999592483 87.212501526
0.999476492 0.001140174 0.032334279 -0.556959152 -0.001171023 0.999998927 0.000935161 -1.170315623 -0.032333180 -0.000972536 0.999476671 88.371643066
0.999378145 0.000940803 0.035247467 -0.514371872 -0.000900216 0.999999046 -0.001167310 -1.193542361 -0.035248518 0.001134853 0.999377906 89.526329041
0.999257326 0.000835959 0.038524225 -0.474142790 -0.000775920 0.999998450 -0.001573398 -1.212102890 -0.038525473 0.001542338 0.999256372 90.678878784
0.999147177 -0.000251053 0.041292343 -0.422924995 0.000261271 0.999999940 -0.000242044 -1.238970280 -0.041292284 0.000252626 0.999147058 91.825363159
0.999034166 -0.000735914 0.043932833 -0.376916409 0.000683869 0.999999046 0.001199670 -1.256055832 -0.043933671 -0.001168467 0.999033689 92.988891602
0.998897552 -0.001641341 0.046914596 -0.329710960 0.001498132 0.999994099 0.003087561 -1.276896954 -0.046919383 -0.003013873 0.998894095 94.156509399
0.998786449 -0.003365917 0.049135681 -0.272333145 0.003166656 0.999986470 0.004132590 -1.295695662 -0.049148917 -0.003971979 0.998783588 95.305053711
0.998677313 -0.004555504 0.051215384 -0.214922905 0.004474217 0.999988496 0.001701704 -1.310436845 -0.051222552 -0.001470304 0.998686194 96.460723877
0.998522282 -0.005526314 0.054061916 -0.162117004 0.005621891 0.999982893 -0.001615988 -1.330257654 -0.054052066 0.001917530 0.998536229 97.633316040
0.998425424 -0.004776139 0.055890989 -0.102677345 0.005029867 0.999977648 -0.004399899 -1.348251104 -0.055868730 0.004674096 0.998427153 98.792861938
0.998329580 -0.004964156 0.057562266 -0.036398411 0.005271952 0.999972582 -0.005196570 -1.373876095 -0.057534885 0.005491355 0.998328388 99.964675903
0.998313606 -0.004774576 0.057854172 0.029860497 0.005055182 0.999976158 -0.004704866 -1.393404007 -0.057830330 0.004989396 0.998313963 101.148185730
0.998353302 -0.004606998 0.057178546 0.088187218 0.004773655 0.999984860 -0.002778437 -1.421784639 -0.057164870 0.003046813 0.998360097 102.329589844
0.998437345 -0.005221905 0.055638652 0.150931358 0.005315657 0.999984682 -0.001537139 -1.439502954 -0.055629771 0.001830492 0.998449743 103.531829834
0.998532772 -0.004826807 0.053937726 0.201990604 0.004869297 0.999987900 -0.000656357 -1.459033251 -0.053933915 0.000918032 0.998544097 104.688873291
0.998680770 -0.004738935 0.051129576 0.261331081 0.004751734 0.999988675 -0.000128763 -1.477453232 -0.051128384 0.000371547 0.998692036 105.891677856
0.998832166 -0.004242779 0.048126347 0.314980984 0.004252112 0.999990940 -0.000091562 -1.502167702 -0.048125520 0.000296094 0.998841226 107.091766357
0.999000251 -0.002632513 0.044625111 0.350033760 0.002669163 0.999996126 -0.000761713 -1.515819430 -0.044622928 0.000880064 0.999003470 108.281715393
0.999179780 -0.002357567 0.040425532 0.404716015 0.002372701 0.999997139 -0.000326381 -1.534616351 -0.040424656 0.000422031 0.999182522 109.504760742
0.999343932 -0.001793292 0.036174159 0.451639414 0.001763575 0.999998152 0.000853396 -1.553843856 -0.036175624 -0.000789041 0.999345183 110.735542297
0.999484122 -0.001485353 0.032080818 0.478044271 0.001429238 0.999997437 0.001772017 -1.581804395 -0.032083366 -0.001725252 0.999483705 111.931938171
0.999616086 -0.001613308 0.027656682 0.504871845 0.001553140 0.999996364 0.002196863 -1.595995426 -0.027660120 -0.002153065 0.999615014 113.150680542
0.999743819 -0.000996916 0.022612048 0.534659386 0.000948291 0.999997199 0.002160997 -1.609915376 -0.022614136 -0.002139000 0.999741971 114.379188538
0.999842286 -0.000342027 0.017759871 0.542723775 0.000305304 0.999997735 0.002070437 -1.625301600 -0.017760541 -0.002064688 0.999840140 115.597145081
0.999917209 0.000088066 0.012862836 0.554410696 -0.000109642 0.999998569 0.001676683 -1.643388987 -0.012862670 -0.001677955 0.999915779 116.834495544
0.999966800 0.001271609 0.008050690 0.556317568 -0.001280950 0.999998510 0.001155237 -1.664323807 -0.008049210 -0.001165512 0.999966919 118.062805176
0.999984980 0.003120464 0.004509134 0.559310257 -0.003125167 0.999994576 0.001036265 -1.680433035 -0.004505875 -0.001050341 0.999989271 119.300552368
0.999984920 0.005004722 0.002236391 0.557643652 -0.005007257 0.999986827 0.001129433 -1.698761225 -0.002230709 -0.001140614 0.999996841 120.541763306
0.999981463 0.006004053 0.001027649 0.553947389 -0.006004922 0.999981582 0.000845489 -1.717904568 -0.001022553 -0.000851644 0.999999106 121.784767151
0.999965787 0.008277293 -0.000047735 0.543993652 -0.008277234 0.999965131 0.001120591 -1.734704375 0.000057009 -0.001120157 0.999999404 123.027641296
0.999952972 0.009644360 -0.000999971 0.534133673 -0.009642466 0.999951661 0.001885681 -1.753418326 0.001018109 -0.001875950 0.999997675 124.284477234
0.999953747 0.009492828 -0.001539190 0.520135522 -0.009489630 0.999952793 0.002071986 -1.767421603 0.001558787 -0.002057284 0.999996662 125.531524658
0.999908090 0.013300561 -0.002625281 0.515117645 -0.013289687 0.999903321 0.004116362 -1.781153560 0.002679777 -0.004081096 0.999988079 126.788627625
0.999891162 0.014416893 -0.003134699 0.499400795 -0.014393712 0.999869764 0.007295595 -1.793529153 0.003239471 -0.007249680 0.999968469 128.042144775
0.999906540 0.013114904 -0.003853891 0.491407871 -0.013087546 0.999889553 0.007039957 -1.810964108 0.003945793 -0.006988861 0.999967813 129.299407959
0.999906719 0.012794127 -0.004772242 0.482523024 -0.012767520 0.999903023 0.005564698 -1.819668055 0.004842974 -0.005503249 0.999973178 130.551132202
0.999931216 0.010205913 -0.005777433 0.479501605 -0.010166728 0.999925435 0.006771958 -1.836819410 0.005846116 -0.006712755 0.999960423 131.805191040
0.999947131 0.008282206 -0.006086180 0.464517415 -0.008232340 0.999932706 0.008173038 -1.837179422 0.006153462 -0.008122503 0.999948084 133.073715210
0.999970317 0.004634129 -0.006143472 0.449998021 -0.004572805 0.999939919 0.009958893 -1.846328735 0.006189254 -0.009930504 0.999931574 134.348251343
0.999973714 0.002900698 -0.006647159 0.443078220 -0.002824254 0.999930084 0.011481008 -1.862884998 0.006679998 -0.011461933 0.999911964 135.613082886
0.999978662 -0.001354097 -0.006402328 0.433324277 0.001416484 0.999951482 0.009750023 -1.872248888 0.006388815 -0.009758882 0.999931991 136.883789062
0.999973714 -0.003856601 -0.006128340 0.421359837 0.003908202 0.999956846 0.008430511 -1.875625253 0.006095562 -0.008454239 0.999945700 138.157852173
0.999967754 -0.005286848 -0.006045093 0.410373509 0.005336638 0.999951780 0.008250266 -1.886012793 0.006001185 -0.008282261 0.999947727 139.434310913
0.999967813 -0.005177327 -0.006120161 0.405175090 0.005232528 0.999945521 0.009038431 -1.901603818 0.006073032 -0.009070165 0.999940455 140.707611084
0.999976516 -0.004739132 -0.004945177 0.390241504 0.004790774 0.999933541 0.010483737 -1.902473330 0.004895165 -0.010507183 0.999932826 141.990310669
0.999988914 -0.001978006 -0.004271723 0.372293293 0.002030895 0.999920905 0.012412602 -1.913136363 0.004246833 -0.012421140 0.999913871 143.267913818
0.999989629 -0.002649879 -0.003684744 0.368811905 0.002688956 0.999939680 0.010640834 -1.926928759 0.003656325 -0.010650632 0.999936581 144.557785034
0.999993026 -0.001885167 -0.003210340 0.354322731 0.001914303 0.999956727 0.009096782 -1.937397480 0.003193052 -0.009102863 0.999953449 145.831817627
0.999993920 -0.002124676 -0.002764275 0.347103119 0.002141726 0.999978542 0.006179643 -1.947054982 0.002751086 -0.006185527 0.999977052 147.115585327
0.999991000 -0.003468212 -0.002422166 0.343017936 0.003473060 0.999991894 0.002000468 -1.959102511 0.002415208 -0.002008861 0.999995053 148.396392822
0.999993503 -0.003130529 -0.001749766 0.329507828 0.003128007 0.999994040 -0.001442315 -1.984110355 0.001754271 0.001436832 0.999997437 149.663116455
0.999991834 -0.003638306 -0.001682118 0.323225766 0.003634328 0.999990582 -0.002362436 -2.006000280 0.001690697 0.002356303 0.999995828 150.936523438
0.999991775 -0.003741067 -0.001650213 0.316211343 0.003737680 0.999990940 -0.002050813 -2.033198357 0.001657870 0.002044628 0.999996543 152.208679199
0.999993145 -0.003240045 -0.001793973 0.309066951 0.003237047 0.999993384 -0.001671440 -2.055096626 0.001799377 0.001665621 0.999997020 153.473709106
0.999995589 -0.002240666 -0.001909045 0.299527168 0.002239638 0.999997318 -0.000540410 -2.082999945 0.001910251 0.000536132 0.999997973 154.728057861
0.999994934 -0.001969456 -0.002507611 0.292140514 0.001969894 0.999998033 0.000172747 -2.106313944 0.002507266 -0.000177685 0.999996781 155.999786377
0.999992907 -0.002112050 -0.003090673 0.287377805 0.002111616 0.999997735 -0.000143765 -2.133129835 0.003090970 0.000137237 0.999995232 157.256195068
0.999991953 -0.001528769 -0.003716319 0.270926476 0.001528718 0.999998748 -0.000016816 -2.152101517 0.003716341 0.000011134 0.999993086 158.521987915
0.999988854 -0.002144308 -0.004190953 0.262100637 0.002149602 0.999996841 0.001259260 -2.175248384 0.004188239 -0.001268255 0.999990404 159.790725708
0.999989510 -0.001058348 -0.004459861 0.240776598 0.001065167 0.999998152 0.001526876 -2.194515705 0.004458237 -0.001531611 0.999988854 161.041137695
0.999984682 -0.000676646 -0.005489529 0.241274774 0.000679675 0.999999583 0.000549896 -2.219156265 0.005489156 -0.000553619 0.999984741 162.323852539
0.999980986 -0.000604034 -0.006135457 0.226381779 0.000600918 0.999999702 -0.000509574 -2.243162394 0.006135764 0.000505878 0.999981046 163.589965820
0.999976635 0.000828124 -0.006784619 0.207633495 -0.000830273 0.999999583 -0.000313966 -2.268909216 0.006784356 0.000319592 0.999976933 164.858383179
0.999970078 0.000561787 -0.007713640 0.191323400 -0.000570342 0.999999225 -0.001106937 -2.291090250 0.007713012 0.001111304 0.999969602 166.134735107
0.999965012 0.000830024 -0.008320227 0.175411224 -0.000848839 0.999997079 -0.002258087 -2.314224958 0.008318329 0.002265071 0.999962807 167.392410278
0.999957263 0.001232020 -0.009157308 0.158861518 -0.001251711 0.999996901 -0.002144883 -2.333717823 0.009154636 0.002156253 0.999955773 168.664581299
0.999953449 0.001373620 -0.009545367 0.137642503 -0.001378634 0.999998868 -0.000518691 -2.364957571 0.009544645 0.000531827 0.999954283 169.938446045
0.999944210 0.000665747 -0.010540760 0.122775316 -0.000668263 0.999999702 -0.000235189 -2.386276245 0.010540601 0.000242220 0.999944389 171.205291748
0.999936998 0.001896277 -0.011062710 0.100674868 -0.001895785 0.999998212 0.000054912 -2.408464909 0.011062796 -0.000033936 0.999938786 172.471984863
0.999927759 0.002258671 -0.011803035 0.076980591 -0.002254021 0.999997377 0.000407302 -2.431198597 0.011803924 -0.000380668 0.999930203 173.742706299
0.999918997 0.002317269 -0.012515623 0.055109024 -0.002322996 0.999997139 -0.000443009 -2.457303286 0.012514563 0.000472047 0.999921620 175.004135132
0.999909997 0.003737640 -0.012879783 0.032088518 -0.003752729 0.999992311 -0.001147574 -2.476742983 0.012875395 0.001195805 0.999916315 176.263504028
0.999908566 0.003252426 -0.013124612 0.006000996 -0.003260738 0.999994516 -0.000611981 -2.502696514 0.013122549 0.000654721 0.999913633 177.529785156
0.999906182 0.003183709 -0.013330333 -0.017037630 -0.003206889 0.999993384 -0.001717837 -2.524660349 0.013324775 0.001760425 0.999909699 178.789779663
0.999909163 0.002087859 -0.013317266 -0.042054415 -0.002132450 0.999992132 -0.003335016 -2.546044350 0.013310199 0.003363112 0.999905765 180.054794312
0.999905765 -0.001025866 -0.013686739 -0.057757854 0.000981187 0.999994159 -0.003270691 -2.572371721 0.013690013 0.003256954 0.999900937 181.322128296
0.999898195 -0.000710959 -0.014249546 -0.078612328 0.000716963 0.999999583 0.000416241 -2.595365524 0.014249243 -0.000426415 0.999898374 182.588912964
0.999901235 -0.001505964 -0.013970633 -0.105743170 0.001573916 0.999986947 0.004854219 -2.617836475 0.013963140 -0.004875727 0.999890625 183.855606079
0.999898672 -0.000383111 -0.014236917 -0.128684759 0.000442947 0.999991059 0.004200001 -2.634549141 0.014235183 -0.004205881 0.999889791 185.112030029
0.999904931 0.001237687 -0.013731371 -0.156270981 -0.001223422 0.999998689 0.001047198 -2.654856443 0.013732649 -0.001030299 0.999905169 186.336074829
0.999902844 0.001338157 -0.013866603 -0.179097176 -0.001349919 0.999998689 -0.000838913 -2.675649881 0.013865463 0.000857550 0.999903500 187.583312988
0.999893010 0.001379886 -0.014560965 -0.200855255 -0.001385051 0.999998987 -0.000344624 -2.701973915 0.014560473 0.000364755 0.999893844 188.830200195
0.999895811 0.001525400 -0.014352655 -0.225933075 -0.001520758 0.999998808 0.000334374 -2.720154762 0.014353149 -0.000312512 0.999896944 190.074279785
0.999897599 0.001254609 -0.014252433 -0.247611284 -0.001214849 0.999995351 0.002798036 -2.743092537 0.014255877 -0.002780436 0.999894440 191.325286865
0.999907136 0.000320573 -0.013619287 -0.270336866 -0.000266972 0.999992251 0.003937359 -2.767914295 0.013620442 -0.003933358 0.999899447 192.574569702
0.999924123 0.000574491 -0.012299067 -0.287982941 -0.000535767 0.999994874 0.003151562 -2.785796881 0.012300812 -0.003144733 0.999919415 193.808074951
0.999942422 -0.001042925 -0.010676274 -0.310392857 0.001062557 0.999997795 0.001833256 -2.807626486 0.010674336 -0.001844494 0.999941349 195.041992188
0.999953389 -0.000662516 -0.009630573 -0.321006775 0.000665370 0.999999762 0.000293092 -2.830978870 0.009630376 -0.000299486 0.999953568 196.267501831
0.999962926 -0.001691526 -0.008439198 -0.332906723 0.001688963 0.999998569 -0.000310817 -2.851347446 0.008439712 0.000296552 0.999964297 197.484008789
0.999975979 -0.001064369 -0.006848828 -0.352001786 0.001067237 0.999999464 0.000415094 -2.874854088 0.006848382 -0.000422393 0.999976456 198.712036133
0.999982178 -0.001561136 -0.005767765 -0.359935045 0.001574559 0.999996066 0.002323547 -2.898649693 0.005764115 -0.002332587 0.999980688 199.928283691
0.999989927 -0.000745625 -0.004424139 -0.374254227 0.000757572 0.999996066 0.002699315 -2.923576593 0.004422109 -0.002702639 0.999986589 201.146102905
0.999995232 -0.000500311 -0.003068164 -0.389872640 0.000508988 0.999995828 0.002828117 -2.940983057 0.003066737 -0.002829664 0.999991298 202.357055664
0.999996960 -0.000708332 -0.002371314 -0.391274810 0.000715182 0.999995589 0.002888976 -2.963545322 0.002369258 -0.002890664 0.999993026 203.556365967
0.999998450 -0.001053846 -0.001416665 -0.398699611 0.001058203 0.999994695 0.003078354 -2.984286070 0.001413413 -0.003079848 0.999994338 204.743286133
0.999999940 -0.000316373 -0.000101459 -0.413351983 0.000316711 0.999994338 0.003349628 -3.009371996 0.000100398 -0.003349660 0.999994397 205.941940308
0.999999583 -0.000657616 0.000534244 -0.421587259 0.000655943 0.999994874 0.003124963 -3.026525259 -0.000536296 -0.003124611 0.999994934 207.100189209
0.999998510 -0.001552019 0.000709399 -0.422523826 0.001549983 0.999994755 0.002862289 -3.044420958 -0.000713838 -0.002861186 0.999995589 208.264907837
0.999997675 -0.001667559 0.001444398 -0.432988137 0.001661742 0.999990523 0.004019143 -3.068420649 -0.001451087 -0.004016733 0.999990880 209.414993286
0.999996781 -0.002215975 0.001240783 -0.438250571 0.002210108 0.999986470 0.004709925 -3.082642555 -0.001251204 -0.004707168 0.999988079 210.554443359
0.999997377 -0.002157210 0.000653856 -0.444098085 0.002153938 0.999985337 0.004963833 -3.105964661 -0.000664555 -0.004962414 0.999987423 211.672119141
0.999998391 -0.001773370 -0.000004851 -0.448137313 0.001773376 0.999991238 0.003793182 -3.122944355 -0.000001876 -0.003793185 0.999992847 212.772186279
0.999998987 -0.001397427 -0.000305362 -0.455836564 0.001398365 0.999994338 0.003093768 -3.142835140 0.000301037 -0.003094192 0.999995172 213.854934692
0.999998331 -0.001509938 -0.001081180 -0.460108906 0.001513026 0.999994755 0.002860978 -3.160395861 0.001076855 -0.002862609 0.999995291 214.923492432
0.999996603 -0.001557791 -0.002091669 -0.470146060 0.001564180 0.999994099 0.003056280 -3.186091423 0.002086895 -0.003059541 0.999993086 215.987197876
0.999991536 -0.002024686 -0.003609452 -0.476975977 0.002038877 0.999990225 0.003932217 -3.204476833 0.003601456 -0.003939542 0.999985754 217.045379639
0.999980628 -0.002635993 -0.005642969 -0.490886807 0.002667424 0.999980867 0.005569527 -3.219519138 0.005628180 -0.005584471 0.999968588 218.080551147
0.999967396 -0.002235937 -0.007756731 -0.505507827 0.002290590 0.999972582 0.007044249 -3.232818604 0.007740768 -0.007061788 0.999945104 219.106735229
0.999946296 -0.002134283 -0.010148516 -0.519799352 0.002208987 0.999970496 0.007355597 -3.252606869 0.010132520 -0.007377619 0.999921501 220.110687256
0.999915242 -0.001878381 -0.012879108 -0.532929182 0.001965097 0.999975383 0.006723680 -3.266555309 0.012866163 -0.006748418 0.999894381 221.107025146
0.999876082 -0.001836477 -0.015628817 -0.553864479 0.001945035 0.999974012 0.006933674 -3.281303883 0.015615677 -0.006963214 0.999853790 222.074539185
0.999826193 -0.001473264 -0.018584372 -0.579864025 0.001609262 0.999971926 0.007305042 -3.295236826 0.018573090 -0.007333680 0.999800563 223.025299072
0.999770880 -0.000911464 -0.021385470 -0.600830078 0.001061924 0.999974728 0.007025309 -3.311851025 0.021378525 -0.007046409 0.999746621 223.945770264
0.999695659 -0.001048336 -0.024645794 -0.626398563 0.001200575 0.999980271 0.006163105 -3.321290970 0.024638847 -0.006190819 0.999677241 224.849548340
0.999626338 -0.001407300 -0.027295038 -0.664238453 0.001564387 0.999982357 0.005734648 -3.340556622 0.027286489 -0.005775205 0.999610960 225.725311279
0.999528766 -0.000514443 -0.030695841 -0.695691586 0.000690188 0.999983430 0.005715074 -3.359796047 0.030692395 -0.005733567 0.999512434 226.580398560
0.999439478 -0.000082391 -0.033477873 -0.732836246 0.000254178 0.999986768 0.005127144 -3.374988079 0.033477001 -0.005132779 0.999426365 227.409988403
0.999352753 0.001516266 -0.035941675 -0.771767139 -0.001338115 0.999986708 0.004980212 -3.390548229 0.035948746 -0.004928894 0.999341428 228.229965210
0.999326229 0.002138221 -0.036642846 -0.802250862 -0.001937120 0.999982893 0.005522779 -3.405064106 0.036654025 -0.005448076 0.999313176 229.022933960
0.999339163 0.002065538 -0.036290802 -0.836346149 -0.001829537 0.999976993 0.006535092 -3.418007374 0.036303468 -0.006464378 0.999319971 229.804534912
0.999356031 0.002226305 -0.035811689 -0.868314743 -0.001970077 0.999972224 0.007188565 -3.430402517 0.035826694 -0.007113384 0.999332726 230.570770264
0.999363124 0.001874103 -0.035634458 -0.896286011 -0.001623095 0.999973655 0.007071575 -3.446622372 0.035646774 -0.007009234 0.999339879 231.312438965
0.999379456 0.002568970 -0.035130672 -0.927114964 -0.002384569 0.999983132 0.005289884 -3.459707260 0.035143673 -0.005202829 0.999368787 232.046752930
0.999405205 0.002662009 -0.034381960 -0.952252865 -0.002563009 0.999992430 0.002923178 -3.468661785 0.034389485 -0.002833318 0.999404550 232.774246216
0.999445260 0.002215126 -0.033230849 -0.978849888 -0.002174014 0.999996781 0.001273259 -3.478912354 0.033233564 -0.001200309 0.999446929 233.506668091
0.999486625 0.003063537 -0.031892180 -1.006830215 -0.003024825 0.999994636 0.001262017 -3.497366428 0.031895880 -0.001164901 0.999490440 234.241241455
0.999539614 0.002675717 -0.030222772 -1.028281689 -0.002646062 0.999996006 0.001021163 -3.507992029 0.030225379 -0.000940721 0.999542654 234.961227417
0.999597311 0.002626234 -0.028254246 -1.054380417 -0.002594174 0.999996006 0.001171276 -3.524455786 0.028257208 -0.001097508 0.999600053 235.669815063
0.999649227 0.002613485 -0.026355460 -1.075839996 -0.002589268 0.999996185 0.000952968 -3.537646294 0.026357850 -0.000884393 0.999652207 236.394088745
0.999693871 0.002105216 -0.024651272 -1.088551521 -0.002084854 0.999997497 0.000851684 -3.552828789 0.024653001 -0.000800029 0.999695778 237.099685669
0.999764502 0.002159141 -0.021589359 -1.112116337 -0.002126161 0.999996424 0.001550425 -3.567318916 0.021592630 -0.001504157 0.999765694 237.810638428
0.999827504 0.000750730 -0.018557426 -1.121438503 -0.000704006 0.999996543 0.002524246 -3.583505630 0.018559255 -0.002510747 0.999824703 238.516052246
0.999882698 0.000688390 -0.015302037 -1.139205933 -0.000658475 0.999997973 0.001959922 -3.586877823 0.015303356 -0.001949616 0.999880970 239.207473755
0.999922693 0.000251456 -0.012435569 -1.147763371 -0.000224771 0.999997675 0.002147256 -3.600738764 0.012436081 -0.002144295 0.999920368 239.906219482
0.999956548 0.000006615 -0.009332558 -1.155650735 0.000009403 0.999998510 0.001716332 -3.611194134 0.009332556 -0.001716345 0.999954998 240.592086792
0.999981463 -0.000093927 -0.006088934 -1.165228367 0.000103335 0.999998748 0.001544666 -3.625361443 0.006088781 -0.001545267 0.999980271 241.290328979
0.999993861 0.000816160 -0.003399008 -1.165975928 -0.000814697 0.999999642 0.000431589 -3.632846832 0.003399358 -0.000428817 0.999994218 241.982360840
0.999999344 0.001081008 -0.000273614 -1.169852972 -0.001081075 0.999999344 -0.000246787 -3.643146038 0.000273347 0.000247083 0.999999940 242.669250488
0.999996126 0.001238218 0.002486738 -1.169657469 -0.001241128 0.999998510 0.001169040 -3.660077095 -0.002485288 -0.001172122 0.999996245 243.373229980
0.999988377 0.001454279 0.004590031 -1.166420221 -0.001461744 0.999997616 0.001623518 -3.669516802 -0.004587659 -0.001630208 0.999988079 244.077133179
0.999974728 0.001396756 0.006975136 -1.164438367 -0.001405384 0.999998271 0.001232104 -3.679654360 -0.006973403 -0.001241876 0.999974906 244.783432007
0.999952137 0.001363093 0.009683877 -1.162709713 -0.001362641 0.999999046 -0.000053295 -3.692022324 -0.009683940 0.000040097 0.999953091 245.492553711
0.999929905 0.001595125 0.011737323 -1.160106182 -0.001564969 0.999995351 -0.002578028 -3.701479673 -0.011741384 0.002559479 0.999927700 246.200790405
0.999921381 0.000330534 0.012537822 -1.148925304 -0.000274137 0.999989808 -0.004499606 -3.711518049 -0.012539183 0.004495814 0.999911249 246.919860840
0.999924421 0.000454987 0.012287843 -1.137088299 -0.000398780 0.999989450 -0.004576252 -3.727380991 -0.012289795 0.004571006 0.999913990 247.644653320
0.999926627 -0.001007079 0.012077128 -1.126064062 0.001067669 0.999986887 -0.005011546 -3.742847443 -0.012071924 0.005024072 0.999914527 248.375045776
0.999924362 0.000646080 0.012282904 -1.121590614 -0.000579430 0.999985039 -0.005429068 -3.756465673 -0.012286229 0.005421540 0.999909818 249.102478027
0.999920785 0.000967941 0.012549659 -1.116554976 -0.000893649 0.999982059 -0.005924151 -3.770266056 -0.012555171 0.005912466 0.999903619 249.841415405
0.999917865 0.000060077 0.012827911 -1.108654261 0.000040631 0.999969184 -0.007850247 -3.784860611 -0.012827992 0.007850120 0.999886930 250.588104248
0.999904096 -0.003508137 0.013395944 -1.099953413 0.003641102 0.999944210 -0.009914292 -3.803559065 -0.013360417 0.009962117 0.999861121 251.334091187
0.999881029 -0.007100821 0.013694044 -1.082843065 0.007246998 0.999916971 -0.010654563 -3.818823814 -0.013617250 0.010752535 0.999849379 252.107421875
0.999886751 -0.004829999 0.014250222 -1.075586081 0.004926973 0.999964952 -0.006777853 -3.831549644 -0.014216982 0.006847298 0.999875426 252.884887695
0.999889731 -0.000924260 0.014822731 -1.072509289 0.000931192 0.999999464 -0.000460751 -3.848691225 -0.014822297 0.000474503 0.999890029 253.671020508
0.999876738 -0.001726216 0.015600506 -1.061777115 0.001677073 0.999993563 0.003162631 -3.864665270 -0.015605864 -0.003136078 0.999873340 254.457077026
0.999833047 -0.002798842 0.018056093 -1.047274113 0.002788225 0.999995887 0.000613160 -3.871310234 -0.018057737 -0.000562713 0.999836922 255.261428833
0.999753237 -0.001965132 0.022128616 -1.034934044 0.002086778 0.999982834 -0.005475465 -3.881022453 -0.022117475 0.005520291 0.999740243 256.052673340
0.999660194 -0.000022076 0.026065607 -1.025156021 0.000261747 0.999957800 -0.009191575 -3.893485785 -0.026064301 0.009195276 0.999617994 256.869781494
0.999572694 0.002301427 0.029140474 -1.002771378 -0.002047334 0.999959767 -0.008746395 -3.909502745 -0.029159429 0.008682996 0.999537051 257.687286377
0.999478936 0.000645248 0.032273471 -0.975171089 -0.000424836 0.999976575 -0.006835897 -3.920950890 -0.032277122 0.006818623 0.999455750 258.515777588
0.999365449 -0.002519427 0.035529986 -0.948194504 0.002633357 0.999991536 -0.003160166 -3.943639040 -0.035521727 0.003251722 0.999363601 259.347320557
0.999272168 -0.005189985 0.037790686 -0.904590607 0.005267482 0.999984205 -0.001951420 -3.956063509 -0.037779965 0.002149062 0.999283791 260.203216553
0.999155581 -0.004993389 0.040782537 -0.872522354 0.005050084 0.999986410 -0.001287269 -3.972414494 -0.040775556 0.001492137 0.999167204 261.044647217
0.999064922 -0.002635204 0.043154575 -0.835244179 0.002774047 0.999991119 -0.003157743 -3.989872932 -0.043145873 0.003274504 0.999063432 261.889984131
0.998944223 -0.001862644 0.045901209 -0.807159424 0.002132455 0.999980748 -0.005829822 -3.999763489 -0.045889471 0.005921550 0.998928905 262.744140625
0.998823702 -0.001253044 0.048472788 -0.772051811 0.001546094 0.999980807 -0.006008631 -4.013971329 -0.048464324 0.006076507 0.998806417 263.585144043
0.998667181 -0.000610439 0.051610108 -0.738844872 0.000804674 0.999992728 -0.003742801 -4.034580231 -0.051607445 0.003779341 0.998660326 264.433441162
0.998513997 0.001000249 0.054486550 -0.693755150 -0.000899145 0.999997854 -0.001880066 -4.058126450 -0.054488320 0.001828280 0.998512864 265.299743652
0.998349130 0.001746312 0.057411615 -0.650956154 -0.001629922 0.999996543 -0.002074065 -4.072387218 -0.057415035 0.001977065 0.998348534 266.144226074
0.998193026 0.002310328 0.060044069 -0.606632233 -0.002144780 0.999993801 -0.002821408 -4.081379414 -0.060050208 0.002687529 0.998191714 266.982910156
0.998042285 0.000162555 0.062542662 -0.546051025 0.000038256 0.999994874 -0.003209573 -4.103765011 -0.062542878 0.003205683 0.998037159 267.854217529
0.997929215 -0.002857018 0.064258203 -0.491235733 0.003033703 0.999991953 -0.002652218 -4.116127968 -0.064250112 0.002841666 0.997929752 268.700500488
0.997886837 -0.003492993 0.064881861 -0.431619644 0.003674413 0.999989688 -0.002677048 -4.133535385 -0.064871848 0.002909794 0.997889340 269.559722900
0.997848153 -0.004800648 0.065391056 -0.380498886 0.004988271 0.999983907 -0.002706267 -4.153646946 -0.065377027 0.003026632 0.997856021 270.411346436
0.997840822 -0.004795631 0.065503143 -0.320671082 0.004988960 0.999983668 -0.002788192 -4.166744232 -0.065488704 0.003108964 0.997848392 271.263214111
0.997841954 -0.004933961 0.065476142 -0.277658463 0.005080987 0.999984920 -0.002079158 -4.185158730 -0.065464906 0.002407354 0.997851968 272.129577637
0.997871220 -0.003920127 0.065097451 -0.218246460 0.004036205 0.999990463 -0.001651732 -4.196965694 -0.065090358 0.001910962 0.997877538 273.004058838
0.997985780 -0.004009325 0.063310727 -0.160652161 0.004165780 0.999988556 -0.002339411 -4.213282585 -0.063300624 0.002598437 0.997991085 273.859313965
0.998062193 -0.004307687 0.062077273 -0.115379333 0.004508731 0.999985039 -0.003098881 -4.234458923 -0.062063005 0.003372765 0.998066545 274.729644775
0.998181105 -0.003706822 0.060174115 -0.060693741 0.003958063 0.999983966 -0.004056580 -4.248496532 -0.060158119 0.004287374 0.998179674 275.587249756
0.998260200 -0.002597371 0.058904763 -0.023561478 0.002833397 0.999988317 -0.003923735 -4.273347378 -0.058893874 0.004083811 0.998255849 276.446014404
0.998342097 -0.001262193 0.057545766 0.017984390 0.001505925 0.999990106 -0.004192290 -4.289190769 -0.057539903 0.004271999 0.998334110 277.298767090
0.998478115 0.000120439 0.055149581 0.062191963 0.000095941 0.999992311 -0.003920845 -4.302362442 -0.055149641 0.003920170 0.998470366 278.165985107
0.998629034 -0.000154961 0.052345522 0.099152565 0.000295749 0.999996424 -0.002681869 -4.318373680 -0.052344918 0.002693673 0.998625398 279.018829346
0.998846948 -0.001640477 0.047980320 0.146601677 0.001652277 0.999998629 -0.000206278 -4.336059570 -0.047979914 0.000285317 0.998848259 279.881927490
0.999064803 -0.003156920 0.043121252 0.178363800 0.003092002 0.999993980 0.001572088 -4.353848457 -0.043125961 -0.001437287 0.999068677 280.719604492
0.999248743 -0.003134193 0.038627136 0.203354836 0.003033972 0.999991894 0.002652913 -4.364657879 -0.038635138 -0.002533726 0.999250114 281.550476074
0.999424160 -0.003916547 0.033703454 0.230291367 0.003793708 0.999985874 0.003707868 -4.377866745 -0.033717494 -0.003577872 0.999425113 282.389495850
0.999573529 -0.004358410 0.028876830 0.252015591 0.004243353 0.999982834 0.004044516 -4.388305187 -0.028893961 -0.003920256 0.999574840 283.199493408
0.999688327 -0.005098884 0.024439275 0.261306763 0.004998957 0.999978900 0.004148154 -4.402818680 -0.024459908 -0.004024690 0.999692678 284.008636475
0.999778211 -0.005596108 0.020301074 0.271284580 0.005513912 0.999976397 0.004102475 -4.419124603 -0.020323554 -0.003989628 0.999785483 284.793151855
0.999853611 -0.005195244 0.016303491 0.282117844 0.005134850 0.999979913 0.003744032 -4.429172993 -0.016322609 -0.003659768 0.999860108 285.564178467
0.999909818 -0.004960828 0.012479500 0.284519196 0.004914788 0.999980986 0.003717292 -4.442968845 -0.012497704 -0.003655623 0.999915242 286.310485840
