-0.998430371 0.054589543 -0.012519974 -13.154571533 0.054168217 0.998024404 0.031829398 1.453318596 0.014232792 0.031101253 -0.999414921 16.746942520
-0.998483896 0.053487651 -0.012997954 -13.161590576 0.053094450 0.998170733 0.028916270 1.473665595 0.014520840 0.028182307 -0.999497354 15.355997086
-0.998598218 0.051173195 -0.013526222 -13.175624847 0.050825339 0.998396635 0.024918459 1.482753873 0.014779692 0.024196055 -0.999597967 13.986480713
-0.998781145 0.047493521 -0.013432614 -13.184758186 0.047172286 0.998615026 0.023297600 1.492665291 0.014520494 0.022635559 -0.999638319 12.608455658
-0.998910666 0.044709206 -0.013363792 -13.190090179 0.044357765 0.998689413 0.025529739 1.501536727 0.014487693 0.024909141 -0.999584734 11.243808746
-0.998962224 0.043685794 -0.012895688 -13.200515747 0.043313917 0.998673737 0.027831394 1.509569049 0.014094425 0.027243946 -0.999529362 9.857114792
-0.998913229 0.044797201 -0.012875573 -13.211067200 0.044401180 0.998576581 0.029553602 1.527704358 0.014181165 0.028949792 -0.999480188 8.490225792
-0.998712182 0.049176522 -0.012477790 -13.229084015 0.048751757 0.998287737 0.032324817 1.536887050 0.014046047 0.031674873 -0.999399543 7.109179974
-0.998450518 0.054299437 -0.012167733 -13.245264053 0.053861778 0.997976243 0.033796534 1.554331064 0.013978241 0.033088788 -0.999354661 5.724557400
-0.998329580 0.056514811 -0.012004073 -13.259462357 0.056095708 0.997887313 0.032773130 1.575301170 0.013830879 0.032045007 -0.999390721 4.358486652
-0.998295248 0.057170887 -0.011751584 -13.279943466 0.056792967 0.997925878 0.030307395 1.597397447 0.013459910 0.029588321 -0.999471545 2.988891602
-0.998360872 0.055958673 -0.012013893 -13.288907051 0.055602707 0.998055696 0.028161531 1.615403533 0.013566417 0.027447363 -0.999531209 1.618518114
-0.998477995 0.053698167 -0.012578085 -13.295634270 0.053342517 0.998208940 0.027083734 1.635149121 0.014009905 0.026371568 -0.999553978 0.238464296
-0.998549461 0.052227885 -0.013085181 -13.301380157 0.051854726 0.998278797 0.027395897 1.657050848 0.014493488 0.026677627 -0.999539077 -1.135190964
-0.998570144 0.051819395 -0.013130495 -13.317001343 0.051449873 0.998308659 0.027070098 1.665285349 0.014511043 0.026355829 -0.999547303 -2.506531954
-0.998548627 0.052170213 -0.013374541 -13.327191353 0.051817369 0.998331130 0.025494952 1.679906964 0.014682299 0.024764918 -0.999585450 -3.891511202
-0.998609543 0.051016428 -0.013276302 -13.344478607 0.050674412 0.998403847 0.024935268 1.694119453 0.014527220 0.024227826 -0.999600887 -5.262568474
-0.998614788 0.050811462 -0.013659937 -13.351965904 0.050450753 0.998399258 0.025567167 1.707336426 0.014937175 0.024842598 -0.999579787 -6.648914814
-0.998684466 0.049397983 -0.013756176 -13.364515305 0.049045101 0.998485982 0.024906104 1.719045162 0.014965661 0.024198666 -0.999595165 -8.032076836
-0.998780429 0.047289278 -0.014189309 -13.372417450 0.046919763 0.998577356 0.025332998 1.735463500 0.015367103 0.024636343 -0.999578416 -9.430993080
-0.998865724 0.045403477 -0.014347039 -13.385364532 0.044982981 0.998584390 0.028385408 1.741752386 0.015615526 0.027707839 -0.999494076 -10.841425896
-0.998948514 0.043518063 -0.014430718 -13.397121429 0.043098886 0.998673081 0.028186793 1.759789348 0.015638204 0.027535204 -0.999498487 -12.238961220
-0.998956919 0.043155383 -0.014920902 -13.413839340 0.042773291 0.998770893 0.025043126 1.773684859 0.015983310 0.024378788 -0.999575019 -13.650578499
-0.999005854 0.041984208 -0.014988307 -13.426104546 0.041606680 0.998829484 0.024669062 1.789017200 0.016006475 0.024020925 -0.999583244 -15.056215286
-0.999018073 0.041845523 -0.014553764 -13.444243431 0.041466307 0.998815775 0.025448781 1.794104338 0.015601446 0.024820300 -0.999570191 -16.453601837
-0.999068558 0.040682487 -0.014388035 -13.456032753 0.040340852 0.998914599 0.023287097 1.805047989 0.015319795 0.022684978 -0.999625325 -17.863925934
-0.999132156 0.039190121 -0.014109021 -13.469066620 0.038909674 0.999050021 0.019631162 1.815007687 0.014864963 0.019065151 -0.999707758 -19.276681900
-0.999141991 0.038983535 -0.013982791 -13.484416008 0.038717952 0.999073565 0.018786503 1.823882580 0.014702202 0.018228998 -0.999725759 -20.686405182
-0.999103487 0.040063143 -0.013678064 -13.498126030 0.039776932 0.998996377 0.020592067 1.829081774 0.014489319 0.020029537 -0.999694347 -22.104965210
-0.998976350 0.043344144 -0.012942420 -13.515388489 0.043065839 0.998850286 0.021059023 1.840247512 0.013840325 0.020480094 -0.999694407 -23.525157928
-0.998932064 0.044506375 -0.012405655 -13.529138565 0.044242807 0.998804927 0.020766957 1.842715383 0.013315092 0.020195918 -0.999707401 -24.963127136
-0.998940766 0.044447049 -0.011914132 -13.546478271 0.044190314 0.998802185 0.021009486 1.846487999 0.012833672 0.020460740 -0.999708354 -26.388055801
-0.998984993 0.043295387 -0.012430072 -13.548760414 0.043062996 0.998902977 0.018391650 1.861875415 0.013212712 0.017837707 -0.999753535 -27.818433762
-0.999038398 0.042148642 -0.012075895 -13.554175377 0.041898061 0.998915493 0.020302366 1.866294384 0.012918517 0.019776888 -0.999720931 -29.243499756
-0.999048531 0.042167395 -0.011134353 -13.569619179 0.041897956 0.998847485 0.023414463 1.877166748 0.012108848 0.022925677 -0.999663830 -30.685178757
-0.998956680 0.044440228 -0.010521285 -13.580275536 0.044176832 0.998733759 0.024066877 1.887268066 0.011577501 0.023576967 -0.999654949 -32.129642487
-0.998860061 0.046774853 -0.009517013 -13.597756386 0.046549082 0.998658001 0.022702022 1.896219969 0.010566125 0.022233136 -0.999696970 -33.547016144
-0.998763621 0.048897605 -0.008958550 -13.609429359 0.048677888 0.998542905 0.023291143 1.904204965 0.010084379 0.022826260 -0.999688566 -34.976657867
-0.998712361 0.049994815 -0.008612805 -13.615645409 0.049773835 0.998467147 0.024202187 1.914348602 0.009809587 0.023742326 -0.999669969 -36.410934448
-0.998634040 0.051549286 -0.008535552 -13.621829033 0.051328126 0.998384416 0.024368949 1.922696233 0.009777964 0.023897544 -0.999666572 -37.834011078
-0.998477638 0.054565243 -0.008061446 -13.635479927 0.054348335 0.998207986 0.025040818 1.931798697 0.009413358 0.024564572 -0.999653935 -39.255603790
-0.998363733 0.056702714 -0.007385746 -13.648038864 0.056489386 0.998052835 0.026448822 1.939584613 0.008871084 0.025988331 -0.999622881 -40.669345856
-0.998266697 0.058421526 -0.007105690 -13.656805992 0.058207940 0.997932434 0.027256297 1.950060368 0.008683352 0.026795449 -0.999603212 -42.097305298
-0.998139501 0.060600981 -0.006712696 -13.668736458 0.060427736 0.997894764 0.023550080 1.957795501 0.008125722 0.023100635 -0.999700069 -43.508888245
-0.998042583 0.062166579 -0.006806853 -13.677907944 0.062027287 0.997892499 0.019053733 1.968121529 0.007977013 0.018594224 -0.999795318 -44.910583496
-0.998008668 0.062740684 -0.006517405 -13.687411308 0.062616184 0.997878730 0.017814340 1.976053715 0.007621264 0.017370770 -0.999820054 -46.310302734
-0.997986078 0.063069396 -0.006782450 -13.682156563 0.062916912 0.997803330 0.020737289 1.965973616 0.008075439 0.020268796 -0.999761939 -47.720066071
-0.998032510 0.062359497 -0.006492780 -13.688219070 0.062206957 0.997831464 0.021514382 1.975008249 0.007820325 0.021068163 -0.999747455 -49.118495941
-0.998066902 0.061777789 -0.006780426 -13.690485954 0.061624527 0.997881234 0.020868206 1.973206043 0.008055252 0.020410025 -0.999759257 -50.533714294
-0.998049915 0.062046908 -0.006832806 -13.695363045 0.061893620 0.997867346 0.020733740 1.983227491 0.008104699 0.020270398 -0.999761701 -51.942932129
-0.998094440 0.061342113 -0.006685362 -13.700736046 0.061186027 0.997895241 0.021476373 1.987935185 0.007988698 0.021026395 -0.999746978 -53.350341797
-0.998072863 0.061632823 -0.007211807 -13.709801674 0.061483547 0.997920334 0.019355875 1.992614031 0.008389766 0.018875165 -0.999786556 -54.750080109
-0.998111546 0.060856793 -0.008351400 -13.709086418 0.060689613 0.997976005 0.018992350 1.996860981 0.009490309 0.018449640 -0.999784768 -56.158809662
-0.998102367 0.060879048 -0.009239648 -13.719336510 0.060688332 0.997962713 0.019681323 2.004117727 0.010419004 0.019083237 -0.999763608 -57.563365936
-0.998037398 0.061803289 -0.010086946 -13.730080605 0.061595283 0.997905374 0.019771840 2.002617598 0.011287782 0.019111728 -0.999753654 -58.963115692
-0.997988641 0.062508538 -0.010553353 -13.747605324 0.062305614 0.997884333 0.018571418 2.007284403 0.011691900 0.017876536 -0.999771774 -60.367977142
-0.997997940 0.062189296 -0.011511650 -13.757556915 0.061966680 0.997901559 0.018778320 2.001835585 0.012655305 0.018027388 -0.999757349 -61.757022858
-0.998016357 0.061716415 -0.012429125 -13.760087013 0.061464727 0.997914732 0.019705063 2.001036644 0.013619333 0.018902021 -0.999728560 -63.171012878
-0.998041451 0.061120372 -0.013332188 -13.773091316 0.060845550 0.997944295 0.020128051 2.006476879 0.014535015 0.019277422 -0.999708533 -64.568122864
-0.998105228 0.059954219 -0.013835785 -13.791430473 0.059665408 0.998009562 0.020420192 2.012296438 0.015032522 0.019555982 -0.999695718 -65.980834961
-0.998109519 0.059803795 -0.014177632 -13.809284210 0.059504822 0.998014450 0.020647530 2.014874458 0.015384283 0.019764856 -0.999686301 -67.385772705
-0.998105049 0.059759423 -0.014668417 -13.827744484 0.059449393 0.998016000 0.020733066 2.017101288 0.015878310 0.019821750 -0.999677420 -68.792892456
-0.998043597 0.060785666 -0.014628688 -13.840520859 0.060496762 0.997979045 0.019442026 2.017266989 0.015780918 0.018519003 -0.999703944 -70.186790466
-0.998033285 0.060825448 -0.015161905 -13.845829010 0.060565636 0.998018682 0.017043572 2.020858049 0.016168548 0.016091760 -0.999739766 -71.559226990
-0.998061419 0.060387090 -0.015064393 -13.859394073 0.060133327 0.998049557 0.016764900 2.017795086 0.016047394 0.015826525 -0.999746025 -72.945426941
-0.997944593 0.062558763 -0.013902197 -13.886370659 0.062306523 0.997896612 0.017892592 2.014621735 0.014992297 0.016989613 -0.999743283 -74.347602844
-0.997868836 0.063948639 -0.012978818 -13.900495529 0.063688956 0.997778773 0.019522661 2.017342091 0.014198439 0.018654445 -0.999725223 -75.737274170
-0.997853220 0.064343117 -0.012201296 -13.910074234 0.064065620 0.997704983 0.021913689 2.013567448 0.013583290 0.021084959 -0.999685407 -77.126419067
-0.997815788 0.065149590 -0.010916882 -13.925875664 0.064905055 0.997661352 0.021429151 2.013941288 0.012287451 0.020673782 -0.999710739 -78.500839233
-0.997856200 0.064632490 -0.010281924 -13.939646721 0.064445749 0.997766674 0.017561102 2.018609047 0.011393979 0.016860826 -0.999792933 -79.863479614
-0.997961462 0.063037731 -0.009956284 -13.946743011 0.062882654 0.997905374 0.015188589 2.015059710 0.010892885 0.014531550 -0.999835014 -81.236320496
-0.998038769 0.061746277 -0.010295732 -13.947907448 0.061566953 0.997959793 0.016908800 2.013765097 0.011318782 0.016241765 -0.999804020 -82.592018127
-0.998023868 0.062019262 -0.010093075 -13.952919006 0.061793912 0.997861922 0.021287171 2.012104034 0.011391709 0.020621415 -0.999722481 -83.949607849
-0.997987390 0.062651463 -0.009791005 -13.959170341 0.062407814 0.997774661 0.023473175 2.021995306 0.011239845 0.022814900 -0.999676526 -85.311698914
-0.997951508 0.063210383 -0.009863043 -13.975415230 0.062961385 0.997732401 0.023789562 2.026575565 0.011344426 0.023119841 -0.999668300 -86.656616211
-0.997955859 0.063046411 -0.010452178 -13.985368729 0.062806033 0.997785032 0.021920158 2.028848648 0.011811016 0.021218890 -0.999705076 -87.983505249
-0.997972310 0.062647283 -0.011253155 -13.995947838 0.062411841 0.997846365 0.020179825 2.034040213 0.012493134 0.019436575 -0.999732971 -89.339912415
-0.998014748 0.061751854 -0.012382382 -14.003194809 0.061510019 0.997924745 0.019043567 2.036670208 0.013532663 0.018244119 -0.999741971 -90.675148010
-0.998075426 0.060673062 -0.012815616 -14.018932343 0.060404804 0.997965932 0.020374153 2.036234617 0.014025711 0.019560814 -0.999710262 -92.013832092
-0.998071015 0.060708314 -0.012991366 -14.038227081 0.060416002 0.997934759 0.021820625 2.040915966 0.014289230 0.020993646 -0.999677479 -93.342048645
-0.998088956 0.060105685 -0.014340901 -14.038739204 0.059799951 0.997992098 0.020872375 2.034521103 0.015566654 0.019974900 -0.999679267 -94.653358459
-0.998064578 0.060380995 -0.014871512 -14.054913521 0.060078874 0.997993410 0.019987706 2.036671162 0.016048549 0.019055557 -0.999689579 -95.987052917
-0.998080075 0.060013860 -0.015312768 -14.071532249 0.059682600 0.997991323 0.021243423 2.041590214 0.016556909 0.020288732 -0.999657035 -97.311553955
-0.998044133 0.060486980 -0.015788034 -14.094206810 0.060124699 0.997937441 0.022492955 2.039922237 0.017116001 0.021499716 -0.999622285 -98.623016357
-0.998051941 0.060163178 -0.016517989 -14.114527702 0.059790447 0.997963965 0.022201577 2.050751448 0.017820075 0.021170709 -0.999617040 -99.929504395
-0.998012543 0.060495272 -0.017641012 -14.124711037 0.060095932 0.997942328 0.022350946 2.049646139 0.018956838 0.021246374 -0.999594450 -101.258865356
-0.998004675 0.060410291 -0.018364802 -14.143723488 0.060002670 0.997955918 0.021991264 2.056244850 0.019655762 0.020845449 -0.999589503 -102.580146790
-0.998004913 0.060166776 -0.019133788 -14.160677910 0.059744049 0.997972369 0.021947067 2.061751127 0.020415479 0.020760151 -0.999575973 -103.887908936
-0.997978151 0.060414661 -0.019738182 -14.182445526 0.059977662 0.997956574 0.022028800 2.065140724 0.021028711 0.020800410 -0.999562502 -105.183364868
-0.997997761 0.059897892 -0.020316426 -14.208417892 0.059457283 0.997996211 0.021639761 2.073496819 0.021571893 0.020388471 -0.999559402 -106.477775574
-0.997973442 0.060109921 -0.020875623 -14.228141785 0.059682496 0.998006344 0.020527931 2.077717781 0.022067936 0.019240422 -0.999571323 -107.777603149
-0.997929811 0.060671508 -0.021332545 -14.254926682 0.060268153 0.998000026 0.019068895 2.069932461 0.022446819 0.017743744 -0.999590576 -109.041374207
-0.997931957 0.060569689 -0.021522319 -14.283618927 0.060134199 0.997983098 0.020336866 2.071997166 0.022710709 0.019000582 -0.999561489 -110.329277039
-0.997887075 0.061125986 -0.022020875 -14.300204277 0.060622752 0.997899354 0.022838484 2.066021204 0.023370640 0.021455260 -0.999496639 -111.591506958
-0.997894049 0.061117332 -0.021731796 -14.327693939 0.060652018 0.997928023 0.021463089 2.073536873 0.022998540 0.020099804 -0.999533474 -112.860412598
-0.997902751 0.060817335 -0.022167647 -14.343957901 0.060347401 0.997950375 0.021285808 2.076829672 0.023416759 0.019903405 -0.999527633 -114.125495911
-0.997859597 0.061641980 -0.021830345 -14.372703552 0.061170284 0.997892380 0.021653907 2.080188274 0.023119126 0.020272190 -0.999527156 -115.396606445
-0.997792184 0.063035242 -0.020917658 -14.393421173 0.062581450 0.997804224 0.021683641 2.077710629 0.022238566 0.020326708 -0.999545991 -116.673835754
-0.997784734 0.063323990 -0.020388650 -14.419920921 0.062854514 0.997759998 0.022898553 2.079792976 0.021793008 0.021566307 -0.999529898 -117.931480408
-0.997828782 0.062796228 -0.019856974 -14.456565857 0.062335659 0.997789681 0.023020606 2.116263866 0.021258691 0.021732826 -0.999537766 -119.209213257
-0.997802496 0.063023590 -0.020450417 -14.467018127 0.062549658 0.997775853 0.023041749 2.105742216 0.021857105 0.021711949 -0.999525309 -120.426994324
-0.997831643 0.062677339 -0.020085176 -14.488135338 0.062200390 0.997785807 0.023551052 2.091427088 0.021516820 0.022250682 -0.999520838 -121.674507141
-0.997798622 0.063113846 -0.020360585 -14.506842613 0.062649071 0.997777104 0.022710782 2.101713657 0.021748692 0.021385213 -0.999534726 -122.915100098
-0.997834146 0.062323824 -0.021044862 -14.528829575 0.061849128 0.997831762 0.022501105 2.105535030 0.022401586 0.021150764 -0.999525249 -124.136428833
-0.997903049 0.060694709 -0.022483807 -14.551568031 0.060176615 0.997921705 0.023044690 2.102921486 0.023835767 0.021643369 -0.999481559 -125.350028992
-0.997922957 0.059834428 -0.023866741 -14.574089050 0.059247341 0.997940481 0.024590889 2.104146957 0.025288966 0.023125771 -0.999412656 -126.551460266
-0.997938991 0.059304368 -0.024510290 -14.615674019 0.058705948 0.997975767 0.024453638 2.109267235 0.025910884 0.022964340 -0.999400437 -127.713905334
-0.997939408 0.058682609 -0.025944520 -14.641252518 0.058076426 0.998034775 0.023531595 2.115246296 0.027274428 0.021976344 -0.999386311 -128.906265259
-0.997920573 0.058524292 -0.027007975 -14.670038223 0.057937786 0.998077512 0.022010973 2.110404015 0.028244231 0.020400424 -0.999392807 -130.096130371
-0.997877240 0.058946691 -0.027681960 -14.695789337 0.058343839 0.998051882 0.022103090 2.113636732 0.028930936 0.020441104 -0.999372303 -131.273132324
-0.997842550 0.059481598 -0.027791729 -14.715833664 0.058818422 0.997977734 0.024100704 2.114784956 0.029169079 0.022414040 -0.999323130 -132.439010620
-0.997818530 0.060140785 -0.027225029 -14.747519493 0.059435226 0.997892976 0.026023231 2.117297411 0.028732721 0.024348339 -0.999290466 -133.581039429
-0.997678101 0.062467720 -0.027133662 -14.776935577 0.061742034 0.997732103 0.026807141 2.120306015 0.028746707 0.025069607 -0.999272287 -134.693008423
-0.997516513 0.065141201 -0.026784727 -14.816268921 0.064437032 0.997573495 0.026363177 2.115939856 0.028437063 0.024571776 -0.999293506 -135.813049316
-0.997578025 0.064218178 -0.026725352 -14.843045235 0.063476235 0.997597754 0.027741736 2.123819351 0.028442675 0.025978120 -0.999257803 -136.895706177
-0.997582734 0.064502656 -0.025847673 -14.891208649 0.063717432 0.997512996 0.030131230 2.128065109 0.027726935 0.028411448 -0.999211669 -137.989288330
-0.997587621 0.063238703 -0.028630845 -14.889917374 0.062386341 0.997608721 0.029745199 2.137749195 0.030443426 0.027887270 -0.999147415 -139.002807617
-0.997660220 0.060973071 -0.030924669 -14.903432846 0.060106639 0.997793078 0.028214175 2.147751331 0.032576725 0.026289377 -0.999123573 -140.011398315
-0.997641206 0.060701232 -0.032053057 -14.933960915 0.059798136 0.997805774 0.028420443 2.150425911 0.033707879 0.026436688 -0.999082088 -140.990615845
-0.997507691 0.061469316 -0.034637939 -14.914881706 0.060461491 0.997736573 0.029429451 2.141285896 0.036368538 0.027261844 -0.998966515 -141.929992676
-0.997386694 0.063055404 -0.035267338 -14.946810722 0.062012807 0.997626960 0.029914929 2.143944502 0.037069943 0.027649727 -0.998930097 -142.864013672
-0.997338831 0.063783988 -0.035308979 -14.955165863 0.062744632 0.997584581 0.029801264 2.143050909 0.037124537 0.027506512 -0.998931944 -143.755203247
-0.997232795 0.066536032 -0.033159971 -14.983631134 0.065579899 0.997421920 0.029133132 2.141788483 0.035012882 0.026877888 -0.999025345 -144.619750977
-0.997223437 0.069697410 -0.026224524 -15.032640457 0.068972990 0.997237027 0.027583878 2.155704498 0.028074594 0.025698503 -0.999275446 -145.517639160
-0.997161567 0.073968612 -0.014052489 -15.047652245 0.073579930 0.996939540 0.026412176 2.156186104 0.015963154 0.025303226 -0.999552369 -146.328247070
-0.996972203 0.077652141 0.004076009 -15.043446541 0.077730872 0.996651649 0.025360120 2.157703638 -0.002093093 0.025600163 -0.999670088 -147.111221313
-0.996596992 0.078050733 0.026506150 -15.012481689 0.078716688 0.996581316 0.025084745 2.157803774 -0.024457656 0.027085857 -0.999333799 -147.865615845
-0.995603919 0.077463619 0.052652363 -14.964643478 0.078967519 0.996508539 0.027106183 2.156098843 -0.050368786 0.031144846 -0.998244941 -148.588088989
-0.993836761 0.075314492 0.081340432 -14.894140244 0.077911839 0.996531367 0.029240061 2.155564547 -0.078856111 0.035397228 -0.996257365 -149.280715942
-0.990855038 0.074423745 0.112549603 -14.802278519 0.078053512 0.996550560 0.028189253 2.150923729 -0.110063411 0.036716357 -0.993246198 -149.936614990
-0.986030757 0.075536497 0.148450062 -14.693340302 0.079962045 0.996507406 0.024064461 2.146490574 -0.146113887 0.035598673 -0.988627076 -150.566146851
-0.979008615 0.076828517 0.188784316 -14.557161331 0.081789196 0.996475756 0.018616864 2.142172337 -0.186688676 0.033666592 -0.981842041 -151.154708862
-0.969465911 0.077319965 0.232717305 -14.399940491 0.082701854 0.996483624 0.013443607 2.137790203 -0.230859488 0.032279275 -0.972451508 -151.710525513
-0.956978738 0.076399736 0.279919177 -14.220867157 0.082478836 0.996542811 0.009984616 2.133229256 -0.278188616 0.032642476 -0.959971666 -152.242599487
-0.940830469 0.076901093 0.330036730 -14.014366150 0.083937831 0.996445715 0.007100752 2.117076635 -0.328317553 0.034383170 -0.943941414 -152.735290527
-0.920409381 0.077456802 0.383206427 -13.785373688 0.085245632 0.996354282 0.003357052 2.100991726 -0.381549478 0.035756532 -0.923656523 -153.209197998
-0.895979822 0.075889170 0.437562525 -13.521907806 0.084067464 0.996459842 -0.000680501 2.085816860 -0.436065167 0.036175057 -0.899187684 -153.653381348
-0.867191553 0.074632376 0.492350340 -13.235153198 0.083438858 0.996504486 -0.004090642 2.069307804 -0.490934610 0.037533779 -0.870387495 -154.076522827
-0.833634198 0.072725929 0.547507942 -12.940727234 0.082295343 0.996582866 -0.007074237 2.052011728 -0.546151519 0.039160032 -0.836770594 -154.464080811
-0.795531809 0.071527399 0.601675153 -12.607894897 0.081664704 0.996604562 -0.010500120 2.033857822 -0.600383222 0.040782444 -0.798671901 -154.845153809
-0.752689064 0.069366738 0.654711604 -12.251770020 0.080117092 0.996694088 -0.013493213 2.011563301 -0.653483272 0.042297397 -0.755758226 -155.194213867
-0.704175353 0.066686228 0.706887543 -11.877952576 0.078776360 0.996770799 -0.015559077 1.992825985 -0.705642402 0.044729706 -0.707154810 -155.511047363
-0.651110590 0.062487870 0.756406128 -11.497947693 0.075741537 0.996979773 -0.017164094 1.971706152 -0.755194128 0.046115637 -0.653877020 -155.789321899
-0.595227480 0.056449648 0.801571965 -11.116188049 0.069919728 0.997384429 -0.018318817 1.950611353 -0.800509393 0.045141835 -0.597617626 -156.034484863
-0.537113488 0.052236598 0.841890991 -10.694068909 0.064904004 0.997681081 -0.020495117 1.930137992 -0.841009259 0.043633893 -0.539258242 -156.248504639
-0.476716459 0.048640512 0.877710462 -10.262481689 0.060210891 0.997929811 -0.022600045 1.894202352 -0.876992583 0.042073920 -0.478658289 -156.428222656
-0.414061278 0.047752365 0.908995688 -9.803535461 0.058220755 0.997967482 -0.025905911 1.878569722 -0.908385158 0.042195775 -0.415999919 -156.582214355
-0.349299073 0.047478449 0.935807645 -9.367855072 0.056941491 0.997945189 -0.029377062 1.849244356 -0.935279489 0.043024901 -0.351284862 -156.698715210
-0.284254879 0.048460130 0.957523227 -8.896923065 0.053925790 0.997948885 -0.034497399 1.825582385 -0.957230926 0.041829146 -0.286285102 -156.768966675
-0.217127025 0.048221398 0.974951506 -8.465869904 0.050302375 0.998004735 -0.038159002 1.800776124 -0.974846303 0.040757027 -0.219119504 -156.821914673
-0.148909211 0.044920914 0.987829983 -7.970273972 0.044610925 0.998255730 -0.038670193 1.784831524 -0.987844050 0.038309664 -0.150653422 -156.833084106
-0.078362375 0.037074219 0.996235311 -7.508242607 0.042242061 0.998534203 -0.033837069 1.761639476 -0.996029675 0.039431475 -0.079813607 -156.832931519
-0.006949842 0.026369631 0.999628127 -7.064655304 0.041060310 0.998816729 -0.026062755 1.737543941 -0.999132395 0.040863905 -0.008024365 -156.814697266
0.064622506 0.013663473 0.997816205 -6.616337776 0.038678065 0.999120593 -0.016186273 1.707827210 -0.997159898 0.039639600 0.064037219 -156.764419556
0.137562200 0.002679312 0.990489483 -6.081439972 0.036200579 0.999314666 -0.007730826 1.696955442 -0.989831507 0.036919758 0.137370884 -156.674194336
0.208998516 -0.006214954 0.977896214 -5.616022110 0.032164417 0.999482453 -0.000522118 1.675794363 -0.977386951 0.031562578 0.209090218 -156.535156250
0.280356586 -0.010697246 0.959836245 -5.150165558 0.031816993 0.999492109 0.001845850 1.665544510 -0.959368467 0.030021612 0.280554563 -156.366806030
0.349783093 -0.013976261 0.936726451 -4.699493408 0.031796467 0.999489725 0.003039590 1.654874206 -0.936290920 0.028721392 0.350049049 -156.155044556
0.416545808 -0.019616317 0.908903062 -4.239601135 0.033306520 0.999425292 0.006305783 1.649218440 -0.908504426 0.027645746 0.416959763 -155.900375366
0.481608242 -0.025237016 0.876023114 -3.775329590 0.034470562 0.999357283 0.009839330 1.656563640 -0.875708520 0.025458304 0.482168674 -155.605850220
0.543901980 -0.030015713 0.838611782 -3.328262329 0.035085626 0.999299645 0.013011441 1.655668497 -0.838414967 0.022346267 0.544574201 -155.274566650
0.602288425 -0.032287743 0.797625363 -2.936706543 0.034347843 0.999304593 0.014515560 1.639014721 -0.797539294 0.018654153 0.602978587 -154.928604126
0.656502724 -0.031947032 0.753646791 -2.528030396 0.033792343 0.999345303 0.012925613 1.629173517 -0.753566384 0.016981788 0.657152414 -154.534820557
0.705899715 -0.030797236 0.707642019 -2.112419128 0.035453033 0.999338329 0.008126389 1.634922504 -0.707424045 0.019351633 0.706524491 -154.088577271
0.750701249 -0.030290121 0.659947217 -1.722023010 0.037304692 0.999298036 0.003430848 1.640306473 -0.659587860 0.022043593 0.751304150 -153.610229492
0.791519701 -0.031081039 0.610352874 -1.339851379 0.037850875 0.999281764 0.001800599 1.636489391 -0.609970450 0.021677183 0.792127728 -153.084381104
0.828878582 -0.033268470 0.558438420 -1.050582886 0.038008720 0.999272525 0.003115237 1.624384165 -0.558135808 0.018643370 0.829540133 -152.567077637
0.863636255 -0.033751842 0.502984405 -0.754470825 0.036418442 0.999326348 0.004526632 1.612761259 -0.502798259 0.014408537 0.864283681 -151.985107422
0.894654930 -0.035663322 0.445332021 -0.486976624 0.037385512 0.999288857 0.004919535 1.609763980 -0.445190698 0.012247679 0.895352006 -151.375579834
0.921453357 -0.035587251 0.386855632 -0.257110596 0.036434982 0.999322772 0.005144076 1.601293683 -0.386776626 0.009355051 0.922125936 -150.767639160
0.942695320 -0.034661848 0.331849337 -0.060119629 0.034971174 0.999375641 0.005041604 1.596781015 -0.331816852 0.006852465 0.943318844 -150.098999023
0.959285498 -0.028858781 0.280960023 0.107673645 0.029157503 0.999569952 0.003117894 1.591865420 -0.280929178 0.005201143 0.959714353 -149.410720825
0.971501350 -0.023564139 0.235859886 0.259178162 0.024127070 0.999708772 0.000499387 1.587456584 -0.235802948 0.005205452 0.971786857 -148.687530518
0.980437934 -0.018646939 0.195943549 0.376502991 0.019126248 0.999816835 -0.000554084 1.581706524 -0.195897371 0.004290910 0.980614960 -147.938262939
0.986986458 -0.018511882 0.159734428 0.482494354 0.018713528 0.999824822 0.000241918 1.578173161 -0.159710944 0.002750424 0.987159967 -147.170257568
0.991805911 -0.019116879 0.126315176 0.575723648 0.019091874 0.999816716 0.001408705 1.568923712 -0.126318961 0.001014431 0.991989136 -146.375076294
0.995205462 -0.018029086 0.096129529 0.640030861 0.017899828 0.999837339 0.002206836 1.563615441 -0.096153684 -0.000475552 0.995366395 -145.548309326
0.997455120 -0.015474332 0.069598041 0.682611465 0.015389358 0.999880016 0.001757072 1.556327939 -0.069616884 -0.000681527 0.997573495 -144.696411133
0.998772562 -0.009382739 0.048634827 0.701638699 0.009355431 0.999955952 0.000789308 1.555025578 -0.048640084 -0.000333340 0.998816252 -143.826309204
0.999437928 -0.004181123 0.033264380 0.708263874 0.004209432 0.999990880 -0.000781096 1.551880598 -0.033260815 0.000920688 0.999446213 -142.926712036
0.999714613 0.000668377 0.023879234 0.716761351 -0.000623848 0.999998033 -0.001872078 1.542349339 -0.023880439 0.001856650 0.999713123 -142.016616821
0.999793231 0.004095141 0.019916402 0.721734524 -0.004057975 0.999989927 -0.001905962 1.534205317 -0.019924005 0.001824748 0.999799848 -141.078414917
0.999820113 0.003885044 0.018562283 0.736487627 -0.003863550 0.999991834 -0.001193878 1.527444005 -0.018566769 0.001121943 0.999826968 -140.108352661
0.999842942 0.002322328 0.017565867 0.748955011 -0.002327067 0.999997318 0.000249302 1.518027902 -0.017565237 -0.000290140 0.999845624 -139.129653931
0.999869585 0.002480349 0.015958881 0.761554241 -0.002497063 0.999996364 0.001027386 1.511367679 -0.015956275 -0.001067103 0.999872088 -138.133636475
0.999895573 0.001125613 0.014413966 0.769145966 -0.001131841 0.999999225 0.000423542 1.503747106 -0.014413478 -0.000439811 0.999896049 -137.120086670
0.999927223 0.001833082 0.011917001 0.783180237 -0.001836031 0.999998271 0.000237171 1.494397044 -0.011916544 -0.000259034 0.999928951 -136.077041626
0.999950290 0.001040134 0.009911302 0.786655664 -0.001052125 0.999998748 0.001205862 1.491662025 -0.009910035 -0.001216228 0.999950111 -135.021972656
0.999966204 0.001567865 0.008071668 0.789959073 -0.001597975 0.999991775 0.003725087 1.485475302 -0.008065762 -0.003737852 0.999960482 -133.944290161
0.999981940 0.000150035 0.006010450 0.793515861 -0.000176179 0.999990463 0.004349662 1.482289433 -0.006009742 -0.004350640 0.999972463 -132.855072021
0.999989927 -0.001062039 0.004360483 0.799186110 0.001048488 0.999994576 0.003111415 1.469302297 -0.004363764 -0.003106811 0.999985754 -131.744171143
0.999991000 -0.002619094 0.003320219 0.791253090 0.002612265 0.999994576 0.002061425 1.455205917 -0.003325600 -0.002052730 0.999992311 -130.629165649
0.999996066 -0.002015308 0.001955078 0.796469808 0.002011640 0.999996245 0.001872055 1.454820156 -0.001958845 -0.001868115 0.999996364 -129.466690063
0.999998987 -0.000813847 0.001226152 0.794175506 0.000812231 0.999998868 0.001321122 1.450262547 -0.001227225 -0.001320126 0.999998391 -128.298324585
0.999999404 -0.000632621 0.000869059 0.793949962 0.000632658 0.999999821 -0.000045817 1.443450689 -0.000869032 0.000046367 0.999999583 -127.115455627
0.999999344 -0.000500874 0.001035742 0.786327481 0.000501591 0.999999642 -0.000695965 1.434264183 -0.001035394 0.000696487 0.999999225 -125.921272278
0.999998331 -0.000268238 0.001816251 0.784496903 0.000267503 0.999999881 0.000407362 1.412190914 -0.001816358 -0.000406875 0.999998271 -124.710281372
0.999996424 -0.000183326 0.002658375 0.780759811 0.000180693 0.999999523 0.000992126 1.399280548 -0.002658555 -0.000991640 0.999995947 -123.483123779
0.999989986 0.000504439 0.004448057 0.780181706 -0.000499622 0.999999285 -0.001082695 1.386476874 -0.004448599 0.001080465 0.999989510 -122.240196228
0.999980330 0.000892179 0.006194836 0.780429542 -0.000865387 0.999990284 -0.004325492 1.367917657 -0.006198634 0.004320048 0.999971449 -120.987991333
0.999967873 0.000166394 0.008011718 0.789183795 -0.000111261 0.999976337 -0.006881355 1.354922891 -0.008012674 0.006880239 0.999944210 -119.721412659
0.999959469 -0.001978805 0.008780888 0.800867081 0.002046946 0.999967813 -0.007757837 1.336110115 -0.008765254 0.007775496 0.999931395 -118.445610046
0.999958634 -0.002398615 0.008768862 0.805895209 0.002455142 0.999976158 -0.006440625 1.314529181 -0.008753204 0.006461883 0.999940813 -117.142204285
0.999964297 -0.003714749 0.007592575 0.813615799 0.003767897 0.999968410 -0.006997253 1.294269800 -0.007566342 0.007025612 0.999946713 -115.806518555
0.999971569 -0.003232878 0.006811115 0.803206861 0.003296613 0.999950707 -0.009366442 1.268946052 -0.006780497 0.009388628 0.999932945 -114.466827393
0.999984562 -0.003670583 0.004156955 0.812081873 0.003714363 0.999937177 -0.010573202 1.231227994 -0.004117885 0.010588483 0.999935448 -113.125640869
0.999993205 -0.003678516 0.000250076 0.818723321 0.003680820 0.999943793 -0.009943660 1.209712029 -0.000213485 0.009944514 0.999950469 -111.754554749
0.999990284 -0.004221586 -0.001284369 0.800734699 0.004211643 0.999961913 -0.007645852 1.182537317 0.001316597 0.007640365 0.999969959 -110.409179688
0.999992490 -0.003087134 -0.002356066 0.782320559 0.003068272 0.999963582 -0.007968893 1.151240349 0.002380582 0.007961605 0.999965429 -109.026245117
0.999985099 -0.004013841 -0.003706323 0.775558710 0.003981679 0.999954700 -0.008644047 1.131315708 0.003740852 0.008629161 0.999955773 -107.625816345
0.999975264 -0.004856946 -0.005077159 0.763633728 0.004806291 0.999939084 -0.009942424 1.105072379 0.005125142 0.009917778 0.999937594 -106.218894958
0.999969125 -0.004977247 -0.006073515 0.756891370 0.004909641 0.999926507 -0.011096537 1.076559305 0.006128298 0.011066377 0.999920011 -104.781822205
0.999965847 -0.003610754 -0.007422899 0.742475152 0.003528009 0.999931872 -0.011130643 1.048323154 0.007462586 0.011104077 0.999910533 -103.335182190
0.999968946 -0.003610053 -0.006999276 0.717234135 0.003540982 0.999945164 -0.009856350 1.014017701 0.007034477 0.009831260 0.999926925 -101.866638184
0.999977231 -0.002137066 -0.006409650 0.695276201 0.002094540 0.999975801 -0.006635054 0.987128854 0.006423675 0.006621479 0.999957383 -100.385513306
0.999978960 -0.002005803 -0.006169261 0.678454816 0.001973823 0.999984622 -0.005185943 0.965029597 0.006179569 0.005173653 0.999967456 -98.881202698
0.999975264 -0.002710790 -0.006486330 0.669119895 0.002696938 0.999994099 -0.002143090 0.943441868 0.006492101 0.002125547 0.999976635 -97.378715515
0.999984860 -0.002295369 -0.004996969 0.642406046 0.002313684 0.999990642 0.003660900 0.927001059 0.004988519 -0.003672406 0.999980807 -95.880584717
0.999987006 -0.001880275 -0.004715852 0.629620910 0.001921735 0.999959350 0.008801964 0.917311549 0.004699109 -0.008810910 0.999950171 -94.366462708
0.999987066 -0.000317865 -0.005071645 0.617266059 0.000379326 0.999926448 0.012123303 0.904640913 0.005067415 -0.012125071 0.999913633 -92.834732056
0.999985039 0.000997452 -0.005375561 0.602092266 -0.000922916 0.999903679 0.013850281 0.897615194 0.005388855 -0.013845124 0.999889612 -91.327880859
0.999985814 0.000806122 -0.005257044 0.588218689 -0.000730206 0.999895632 0.014427236 0.891702175 0.005268124 -0.014423202 0.999882102 -89.798828125
0.999985039 0.000758316 -0.005417464 0.573431253 -0.000689603 0.999919355 0.012675084 0.883445978 0.005426636 -0.012671161 0.999904990 -88.300338745
0.999988616 -0.000138593 -0.004770209 0.557229996 0.000188054 0.999946237 0.010369862 0.870746017 0.004768511 -0.010370641 0.999934852 -86.795837402
0.999992490 -0.000957448 -0.003753336 0.541489959 0.000996768 0.999944508 0.010489509 0.857921243 0.003743084 -0.010493170 0.999937952 -85.284523010
0.999995708 -0.000855171 -0.002800382 0.532935143 0.000890786 0.999918342 0.012742317 0.850245357 0.002789253 -0.012744750 0.999914825 -83.769981384
0.999993920 -0.002720198 -0.002186143 0.523710072 0.002746691 0.999921739 0.012204422 0.844134212 0.002152773 -0.012210352 0.999923110 -82.261444092
0.999995589 -0.002405672 -0.001729105 0.516443729 0.002423891 0.999940813 0.010610887 0.837673247 0.001703477 -0.010615034 0.999942183 -80.757362366
0.999994397 -0.003229091 -0.000858925 0.508961558 0.003238549 0.999931395 0.011255332 0.822573483 0.000822522 -0.011258051 0.999936283 -79.241409302
0.999993980 -0.003459123 -0.000326441 0.504525125 0.003463032 0.999910951 0.012885272 0.812054992 0.000281841 -0.012886323 0.999916911 -77.741218567
0.999992788 -0.003789654 0.000074287 0.500537634 0.003788095 0.999878824 0.015093902 0.803502917 -0.000131479 -0.015093513 0.999886036 -76.235305786
0.999990463 -0.004360400 0.000135610 0.492301196 0.004357520 0.999850512 0.016733177 0.795102358 -0.000208555 -0.016732428 0.999859929 -74.733268738
0.999989569 -0.004559749 -0.000335830 0.486930549 0.004564428 0.999868572 0.015564564 0.788094759 0.000264814 -0.015565929 0.999878764 -73.239952087
0.999988139 -0.004758659 -0.001054529 0.484558910 0.004770536 0.999921799 0.011564131 0.777059019 0.000999417 -0.011569025 0.999932587 -71.759109497
0.999997854 -0.001134895 -0.001740500 0.462737381 0.001151287 0.999954760 0.009443198 0.768632174 0.001729704 -0.009445182 0.999953926 -70.260581970
0.999998152 -0.000130615 -0.001915763 0.445839673 0.000150832 0.999944329 0.010555048 0.761819363 0.001914276 -0.010555322 0.999942482 -68.757690430
0.999997497 0.000782685 -0.002153132 0.438440233 -0.000757163 0.999929667 0.011829835 0.748042524 0.002162242 -0.011828173 0.999927700 -67.267440796
0.999994993 -0.001766241 -0.002618518 0.430167645 0.001791187 0.999952734 0.009554863 0.739357293 0.002601521 -0.009559510 0.999950945 -65.778915405
0.999987841 -0.003175767 -0.003779233 0.429197073 0.003216493 0.999936223 0.010820196 0.725530446 0.003744628 -0.010832220 0.999934256 -64.297348022
0.999974966 -0.005109737 -0.004893552 0.427104890 0.005173639 0.999900341 0.013136712 0.714376569 0.004825939 -0.013161699 0.999901712 -62.813827515
0.999974072 -0.004913152 -0.005265128 0.402372122 0.004974400 0.999919355 0.011682416 0.699305654 0.005207306 -0.011708296 0.999917924 -61.321315765
0.999962509 -0.004962459 -0.007093377 0.389052540 0.005018486 0.999956191 0.007902491 0.697030067 0.007053849 -0.007937788 0.999943674 -59.837753296
0.999951899 -0.005729995 -0.007956868 0.364315391 0.005798616 0.999945939 0.008627686 0.683243573 0.007906998 -0.008673410 0.999931097 -58.341754913
0.999937892 -0.005615185 -0.009630537 0.347126603 0.005744962 0.999892294 0.013501463 0.673913598 0.009553687 -0.013555953 0.999862432 -56.850547791
0.999928176 -0.005839351 -0.010467564 0.328685343 0.005980475 0.999890983 0.013501159 0.660045743 0.010387584 -0.013562798 0.999854088 -55.383792877
0.999923706 -0.004771792 -0.011401384 0.304645121 0.004916083 0.999907792 0.012660784 0.653388023 0.011339916 -0.012715868 0.999854863 -53.924392700
0.999930680 -0.003540311 -0.011242745 0.275426537 0.003676636 0.999919713 0.012128850 0.649387419 0.011198900 -0.012169343 0.999863148 -52.442604065
0.999931037 -0.002574689 -0.011458920 0.251421094 0.002713669 0.999922812 0.012130068 0.641758561 0.011426803 -0.012160326 0.999860764 -50.986454010
0.999929547 -0.002468812 -0.011612252 0.225146085 0.002606350 0.999926448 0.011843979 0.626975596 0.011582159 -0.011873404 0.999862373 -49.518928528
0.999929368 -0.002580587 -0.011606883 0.203501582 0.002711576 0.999932647 0.011283776 0.617867351 0.011576985 -0.011314448 0.999868989 -48.045364380
0.999927700 -0.004201660 -0.011267199 0.178670645 0.004332898 0.999922752 0.011648146 0.593939543 0.011217395 -0.011696123 0.999868691 -46.627216339
0.999926746 -0.004976400 -0.011031853 0.158389270 0.005105145 0.999918818 0.011672474 0.583436608 0.010972871 -0.011727933 0.999871075 -45.176696777
0.999931097 -0.006131966 -0.010019914 0.131451517 0.006251278 0.999909401 0.011920669 0.570159912 0.009945911 -0.011982485 0.999878705 -43.713497162
0.999936223 -0.006701007 -0.009081873 0.109138072 0.006822521 0.999886692 0.013415979 0.561753452 0.008990945 -0.013477084 0.999868751 -42.265209198
0.999942601 -0.006557045 -0.008466763 0.094371557 0.006669254 0.999889374 0.013293331 0.550774038 0.008378658 -0.013349023 0.999875724 -40.829959869
0.999953091 -0.005874861 -0.007699617 0.079842523 0.005968092 0.999908388 0.012141773 0.540542603 0.007627585 -0.012187154 0.999896646 -39.389137268
0.999961078 -0.005492339 -0.006895463 0.063638240 0.005562072 0.999933124 0.010134785 0.529711962 0.006839335 -0.010172744 0.999924898 -37.959709167
0.999974191 -0.003872667 -0.006046626 0.050363764 0.003931739 0.999944329 0.009788872 0.521480441 0.006008377 -0.009812401 0.999933779 -36.506832123
0.999983907 -0.002803899 -0.004920955 0.030744195 0.002861993 0.999925852 0.011838165 0.511561155 0.004887400 -0.011852065 0.999917924 -35.072185516
0.999988914 -0.001963927 -0.004278509 0.017238960 0.002021282 0.999907553 0.013444068 0.501727462 0.004251711 -0.013452567 0.999900460 -33.636940002
0.999994695 -0.001135365 -0.003055370 0.006234631 0.001176377 0.999908805 0.013454290 0.493107885 0.003039817 -0.013457813 0.999904752 -32.203079224
0.999997675 -0.000895641 -0.001981611 -0.003630329 0.000918884 0.999930501 0.011759401 0.485914022 0.001970941 -0.011761194 0.999928832 -30.776123047
0.999997258 -0.002273232 -0.000448533 -0.015319855 0.002277309 0.999954164 0.009300063 0.468476057 0.000427370 -0.009301067 0.999956667 -29.351045609
0.999997675 -0.001892894 0.001049228 -0.024960564 0.001881856 0.999943912 0.010422789 0.462560594 -0.001068899 -0.010420792 0.999945223 -27.918731689
0.999996126 -0.001537508 0.002309067 -0.019919485 0.001509867 0.999927759 0.011923996 0.447803259 -0.002327235 -0.011920457 0.999926269 -26.491600037
