1.000000000 0.000000000 0.000000000 0.000000000 0.000000000 1.000000000 0.000000000 0.000000000 0.000000000 0.000000000 1.000000000 0.000000000
0.999978900 0.000356236 -0.006483169 -0.008000228 -0.000353460 0.999999821 0.000429214 -0.002480439 0.006483321 -0.000426913 0.999978900 0.092252955
0.999907374 0.000962830 -0.013578094 -0.016465317 -0.000960490 0.999999523 0.000178835 -0.002040611 0.013578259 -0.000165777 0.999907792 0.188544810
0.999772549 0.001380414 -0.021282908 -0.026098276 -0.001392714 0.999998868 -0.000563136 -0.002118601 0.021282107 0.000592649 0.999773324 0.285389125
0.999541819 0.001718230 -0.030218329 -0.043003410 -0.001778866 0.999996483 -0.001979851 -0.001962984 0.030214820 0.002032698 0.999541342 0.390545219
0.999125302 0.001928924 -0.041771747 -0.058941897 -0.002074048 0.999991953 -0.003431140 -0.004863077 0.041764792 0.003514775 0.999121308 0.501262009
0.998479605 0.001741860 -0.055094421 -0.084377460 -0.001967971 0.999989867 -0.004050076 -0.007822992 0.055086806 0.004152343 0.998472929 0.626058102
0.997428179 0.001852928 -0.071649007 -0.108749375 -0.002176115 0.999987781 -0.004432907 -0.004040580 0.071639918 0.004577423 0.997420073 0.761195779
0.995906293 0.000195663 -0.090391465 -0.135052338 -0.000574674 0.999991179 -0.004166987 -0.009467011 0.090389848 0.004201875 0.995897591 0.916460454
0.993912935 -0.000759460 -0.110165738 -0.176088840 0.000280209 0.999990404 -0.004365684 -0.012664005 0.110168003 0.004308240 0.993903637 1.075490475
0.991243660 -0.000780889 -0.132043108 -0.219966754 0.000176261 0.999989569 -0.004590651 -0.014791558 0.132045269 0.004527180 0.991233349 1.224676847
0.987737179 0.002821401 -0.156100482 -0.276108921 -0.003804581 0.999974787 -0.005999953 -0.018443950 0.156079605 0.006520275 0.987722933 1.392264128
0.983363092 0.007253272 -0.181506544 -0.343084335 -0.008746875 0.999934196 -0.007429805 -0.024923617 0.181440681 0.008893810 0.983361661 1.567312002
0.977984786 0.010186635 -0.208427519 -0.416680753 -0.012227511 0.999889076 -0.008505657 -0.027850576 0.208317727 0.010866953 0.978000820 1.748331666
0.971278608 0.010849310 -0.237697661 -0.494009405 -0.013323241 0.999872506 -0.008803843 -0.029286519 0.237571836 0.011717889 0.971299291 1.934372663
0.963244140 0.012725953 -0.268325984 -0.584615946 -0.015527470 0.999844849 -0.008321088 -0.032508697 0.268178493 0.012181660 0.963292241 2.131233692
0.953782737 0.014680645 -0.300138324 -0.681552052 -0.017712053 0.999815881 -0.007381627 -0.033451300 0.299974680 0.012356535 0.953867078 2.321550131
0.942471445 0.016805321 -0.333863705 -0.752385080 -0.019896122 0.999785125 -0.005840168 -0.043732263 0.333693743 0.012146784 0.942603290 2.465728521
0.929946363 0.018955886 -0.367206514 -0.861795187 -0.022420291 0.999735236 -0.005170918 -0.048071951 0.367011249 0.013041552 0.930125117 2.651316166
0.916040361 0.021601822 -0.400503993 -0.982518792 -0.025622461 0.999660611 -0.004685883 -0.045652281 0.400266886 0.014554355 0.916283011 2.834373951
0.899926066 0.021921620 -0.435491264 -1.097968817 -0.026328739 0.999644995 -0.004087523 -0.044496320 0.435247064 0.015144403 0.900183737 3.010299206
0.881553233 0.017442787 -0.471762359 -1.234460950 -0.022339264 0.999739051 -0.004779975 -0.042715430 0.471555889 0.014752626 0.881712794 3.205240011
0.860339284 0.012789358 -0.509561419 -1.362672329 -0.017806318 0.999829173 -0.004969570 -0.049674150 0.509410858 0.013348928 0.860419989 3.368672848
0.835400164 0.014351633 -0.549454808 -1.514932394 -0.018286735 0.999831378 -0.001688091 -0.055416863 0.549337924 0.011457965 0.835521698 3.536286116
0.806159377 0.019977078 -0.591361105 -1.696298122 -0.022999648 0.999732614 0.002418746 -0.062356539 0.591251254 0.011651205 0.806403160 3.707370043
0.773746252 0.023182997 -0.633071423 -1.897489309 -0.026603756 0.999637663 0.004091235 -0.063335106 0.632936835 0.013676497 0.774082601 3.876929998
0.737472951 0.021865379 -0.675022602 -2.102775097 -0.025329258 0.999668121 0.004708699 -0.064617954 0.674901426 0.013625284 0.737781942 4.042599678
0.697934508 0.018154528 -0.715931416 -2.329210520 -0.019677375 0.999787271 0.006169796 -0.066592321 0.715891182 0.009781534 0.698143363 4.216016293
0.654829085 0.014367220 -0.755640447 -2.565321445 -0.014181398 0.999876857 0.006721532 -0.065054819 0.755643964 0.006314582 0.654952109 4.378844738
0.610126793 0.014000026 -0.792180002 -2.824565649 -0.011609894 0.999894440 0.008729128 -0.064261436 0.792218685 0.003871252 0.610224962 4.524280071
0.562046468 0.014309225 -0.826981843 -3.099669933 -0.009326292 0.999896348 0.010962673 -0.057658151 0.827053070 0.001551143 0.562121689 4.660614491
0.510762274 0.014978356 -0.859591484 -3.394915581 -0.007694676 0.999887824 0.012850900 -0.054030977 0.859687626 0.000050526 0.510820091 4.789539337
0.458763659 0.016296266 -0.888408720 -3.713390589 -0.007150732 0.999867022 0.014648215 -0.045912281 0.888529480 -0.000367296 0.458819300 4.886915207
0.403590053 0.018446384 -0.914753973 -4.017344952 -0.005669203 0.999827981 0.017660679 -0.045371942 0.914922357 -0.001941749 0.403625190 4.981261253
0.348045051 0.020364245 -0.937256634 -4.368979454 -0.005411329 0.999791026 0.019713493 -0.038929097 0.937462151 -0.001789380 0.348082483 5.062869072
0.292892873 0.023474859 -0.955856979 -4.742544174 -0.003139860 0.999716759 0.023589894 -0.034884378 0.956140101 -0.003908055 0.292883605 5.132546425
0.238877431 0.025408410 -0.970717192 -5.079747677 0.001660279 0.999645472 0.026574172 -0.037521318 0.971048295 -0.007959630 0.238750592 5.191700935
0.188037023 0.025833109 -0.981822193 -5.469596863 0.004076004 0.999624908 0.027082155 -0.033287928 0.982153475 -0.009094358 0.187861174 5.227092266
0.140462369 0.026911439 -0.989720225 -5.892710686 0.001561418 0.999623239 0.027402312 -0.025229260 0.990084708 -0.005394361 0.140367448 5.248460770
0.098055676 0.027236087 -0.994808137 -6.323344231 -0.000131353 0.999625742 0.027355039 -0.015026689 0.995180905 -0.002551645 0.098022535 5.250410080
0.059956528 0.025681056 -0.997870564 -6.742444038 -0.000773023 0.999669850 0.025680915 -0.006700814 0.998200834 -0.000768362 0.059956580 5.243823051
0.025554731 0.022818398 -0.999412894 -7.202825069 0.000001532 0.999739468 0.022825893 0.002297074 0.999673426 -0.000584840 0.025548026 5.228317738
-0.005492684 0.020152550 -0.999781847 -7.675844193 0.000140702 0.999796927 0.020152081 0.006631911 0.999984980 -0.000029982 -0.005494408 5.195390224
-0.032353941 0.018213669 -0.999310493 -8.171111107 0.000020512 0.999834001 0.018222542 0.013504282 0.999476492 0.000569073 -0.032348949 5.162098408
-0.053096890 0.015858941 -0.998463452 -8.674176216 -0.000767399 0.999872923 0.015922135 0.023465298 0.998589098 0.001611636 -0.053077973 5.121263504
-0.069519900 0.015006306 -0.997467697 -9.195316315 -0.000635648 0.999885917 0.015086994 0.035113908 0.997580349 0.001682885 -0.069502428 5.071990490
-0.082660519 0.015367080 -0.996459305 -9.734651566 0.000224106 0.999881327 0.015401265 0.041155435 0.996577799 0.001049764 -0.082654156 5.017545700
-0.092065722 0.016645603 -0.995613754 -10.290929794 0.000066291 0.999860287 0.016710468 0.043219157 0.995752931 0.001472462 -0.092053980 4.954376698
-0.098932855 0.017959358 -0.994932115 -10.859169960 -0.002071211 0.999831200 0.018253751 0.043614507 0.995091915 0.003866609 -0.098878965 4.889929771
-0.103240289 0.019044932 -0.994474113 -11.449976921 -0.001748541 0.999811590 0.019328676 0.049547181 0.994654953 0.003734376 -0.103187554 4.820149899
-0.104547717 0.019687889 -0.994324982 -12.069190979 0.000101963 0.999804378 0.019785658 0.059385717 0.994520009 0.001967161 -0.104529262 4.751071453
-0.103763588 0.021896712 -0.994360864 -12.689524651 0.002390342 0.999760270 0.021766173 0.068036824 0.994599044 -0.000118327 -0.103791043 4.690105915
-0.102007464 0.024325073 -0.994486153 -13.326851845 0.001536186 0.999703586 0.024295121 0.071427092 0.994782448 0.000950568 -0.102014601 4.619533539
-0.100263320 0.024319205 -0.994663656 -13.977988243 -0.000835899 0.999698758 0.024526570 0.076113701 0.994960606 0.003290553 -0.100212798 4.547662258
-0.098666206 0.021836011 -0.994880974 -14.636315346 -0.002315091 0.999751508 0.022172507 0.084967524 0.995118022 0.004490917 -0.098591104 4.480154991
-0.097540423 0.021600721 -0.994997203 -15.315542221 -0.002963917 0.999753714 0.021994539 0.098034903 0.995227158 0.005094446 -0.097452380 4.415997505
-0.095886506 0.024266560 -0.995096505 -16.019670486 -0.002365552 0.999694467 0.024606625 0.112707704 0.995389462 0.004713397 -0.095799789 4.344564438
-0.093896896 0.027870376 -0.995191753 -16.739107132 -0.003838674 0.999590576 0.028355744 0.120331615 0.995574534 0.006482733 -0.093751468 4.268587112
-0.092070237 0.030143240 -0.995296180 -17.452510834 -0.004117778 0.999521554 0.030652130 0.125084162 0.995743930 0.006920557 -0.091902092 4.202261925
-0.090320319 0.029393664 -0.995478868 -18.191167831 -0.005771257 0.999532104 0.030036971 0.140214711 0.995896041 0.008458113 -0.090108424 4.131845951
-0.088485114 0.026127009 -0.995734811 -18.948537827 -0.008332076 0.999601543 0.026968891 0.157953769 0.996042609 0.010682883 -0.088232167 4.051772594
-0.087019302 0.025653495 -0.995876253 -19.710453033 -0.008998106 0.999607325 0.026535857 0.170555085 0.996166110 0.011270133 -0.086754292 3.986028671
-0.085579768 0.027926853 -0.995939910 -20.495071411 -0.006304534 0.999571860 0.028570443 0.187905401 0.996311367 0.008723990 -0.085367076 3.917581558
-0.084556036 0.030415028 -0.995954514 -21.290830612 -0.004075009 0.999515057 0.030869735 0.194116443 0.996410310 0.006668746 -0.084391095 3.851659298
-0.083112590 0.032299940 -0.996016622 -22.090681076 -0.003502432 0.999458909 0.032703843 0.205189228 0.996533990 0.006206580 -0.082954504 3.780619621
-0.082381889 0.027444046 -0.996222854 -22.892515182 -0.003285854 0.999607861 0.027809016 0.220053524 0.996595383 0.005564402 -0.082259402 3.705128670
-0.082169212 0.020150898 -0.996414661 -23.697580338 -0.001781799 0.999791086 0.020366112 0.232568473 0.996616781 0.003448877 -0.082116127 3.639387131
-0.082510635 0.015834954 -0.996464372 -24.516811371 0.001411151 0.999874592 0.015772298 0.238892630 0.996589184 -0.000104779 -0.082522623 3.577957153
-0.082982071 0.016354570 -0.996416807 -25.347358704 0.002618501 0.999865413 0.016193099 0.252008319 0.996547580 -0.001265382 -0.083013728 3.508267641
-0.083036713 0.023997694 -0.996257484 -26.190874100 0.001957473 0.999711990 0.023917750 0.256087661 0.996544600 0.000035904 -0.083059780 3.431311846
-0.083822779 0.030966572 -0.995999396 -27.046630859 0.000322068 0.999517798 0.031048857 0.265909851 0.996480644 0.002281822 -0.083792329 3.359963894
-0.083684094 0.036378484 -0.995828092 -27.871612549 -0.001945438 0.999325573 0.036669724 0.276808202 0.996490538 0.005005995 -0.083556861 3.276743174
-0.083956875 0.037114445 -0.995778024 -28.715522766 -0.003541281 0.999288678 0.037543878 0.284130871 0.996463060 0.006678396 -0.083765723 3.197535038
-0.084387176 0.033171970 -0.995880723 -29.556755066 -0.003611724 0.999428928 0.033596203 0.305108666 0.996426523 0.006431934 -0.084219180 3.118004799
-0.084495284 0.030259978 -0.995964289 -30.402675629 -0.003668602 0.999522567 0.030679315 0.324188828 0.996417165 0.006246054 -0.084343925 3.031561852
-0.084601760 0.031924110 -0.995903432 -31.229923248 -0.005220565 0.999458671 0.032481566 0.331525922 0.996401191 0.007947175 -0.084389329 2.957059383
-0.084539495 0.034050658 -0.995838165 -32.071517944 -0.006339943 0.999377251 0.034709889 0.342697978 0.996399939 0.009247912 -0.084270984 2.881885052
-0.084448852 0.032741502 -0.995889843 -32.897598267 -0.006879491 0.999416947 0.033440839 0.352405250 0.996404052 0.009675251 -0.084174395 2.806509495
-0.084192492 0.027623085 -0.996066630 -33.720512390 -0.007568362 0.999569058 0.028359938 0.363919079 0.996420741 0.009926284 -0.083947167 2.735669851
-0.083715037 0.023311771 -0.996217012 -34.555263519 -0.009155471 0.999666095 0.024161838 0.376437992 0.996447682 0.011143543 -0.083473660 2.651980162
-0.083347648 0.024133401 -0.996228278 -35.378547668 -0.008922511 0.999648571 0.024962746 0.382628441 0.996480584 0.010969443 -0.083103031 2.586776495
-0.082722977 0.026603982 -0.996217430 -36.207660675 -0.007554078 0.999598145 0.027321534 0.389668882 0.996543944 0.009785623 -0.082488783 2.514438391
-0.082175121 0.031638108 -0.996115685 -37.053482056 -0.007304443 0.999450028 0.032346599 0.399600506 0.996591151 0.009934154 -0.081898823 2.436589003
-0.081621997 0.037044097 -0.995974660 -37.888946533 -0.006813734 0.999264896 0.037724864 0.418149352 0.996640086 0.009865485 -0.081309579 2.367480516
-0.081725925 0.040370811 -0.995836973 -38.738040924 -0.007339092 0.999127805 0.041106530 0.429486990 0.996627808 0.010668007 -0.081358373 2.288083792
-0.081210598 0.040373202 -0.995878994 -39.571922302 -0.006871935 0.999132812 0.041065499 0.448157787 0.996673226 0.010178568 -0.080862731 2.211615801
-0.081212737 0.035775568 -0.996054530 -40.396812439 -0.007285133 0.999307573 0.036486398 0.468601942 0.996670127 0.010219550 -0.080895886 2.142675161
-0.080911584 0.031517912 -0.996222794 -41.224365234 -0.007843127 0.999448836 0.032256979 0.482876718 0.996690392 0.010423464 -0.080619790 2.067485332
-0.080431752 0.029042780 -0.996336937 -42.050861359 -0.012625013 0.999465525 0.030153170 0.489565611 0.996680200 0.015004037 -0.080022104 1.981720448
-0.081087694 0.026750270 -0.996348023 -42.871433258 -0.015405635 0.999486685 0.028088333 0.507351935 0.996587873 0.017626990 -0.080633976 1.909160852
-0.081979446 0.025265433 -0.996313691 -43.685909271 -0.013798407 0.999554038 0.026482971 0.506677926 0.996538520 0.015918601 -0.081594281 1.852559805
-0.083483063 0.021525461 -0.996276677 -44.513500214 -0.010250854 0.999695241 0.022458289 0.515282154 0.996456444 0.012087574 -0.083236977 1.791167498
-0.083722368 0.019939791 -0.996289551 -45.334140778 -0.005846512 0.999772727 0.020500807 0.525160909 0.996472001 0.007541194 -0.083586760 1.712022781
-0.086118869 0.023474842 -0.996008217 -46.161159515 -0.005663214 0.999694705 0.024051387 0.530024588 0.996268809 0.007711884 -0.085959636 1.642230988
-0.087611631 0.029951753 -0.995704234 -46.981548309 -0.003747837 0.999530852 0.030396629 0.529427946 0.996147692 0.006394836 -0.087458275 1.562339306
-0.089544348 0.033744559 -0.995411038 -47.785861969 -0.001422873 0.999420524 0.034008481 0.542764425 0.995981872 0.004461606 -0.089444444 1.493688583
-0.090535335 0.033307809 -0.995336115 -48.587776184 -0.001820671 0.999433339 0.033610530 0.540226579 0.995891511 0.004855120 -0.090423398 1.413432121
-0.091181517 0.029239327 -0.995404959 -49.385990143 -0.005058955 0.999542415 0.029824277 0.551814318 0.995821476 0.007755131 -0.090991855 1.324939251
-0.092333153 0.025835959 -0.995392978 -50.178344727 -0.009882936 0.999590218 0.026861655 0.557127237 0.995679080 0.012317627 -0.092039995 1.237145901
-0.093725316 0.024403581 -0.995299041 -50.969253540 -0.014026975 0.999567986 0.025829140 0.565789700 0.995499253 0.016381878 -0.093342520 1.147198677
-0.094980679 0.025192922 -0.995160282 -51.765026093 -0.015761582 0.999516368 0.026807521 0.573880255 0.995354354 0.018231496 -0.094537660 1.069786072
-0.095960364 0.026951334 -0.995020151 -52.551975250 -0.015726289 0.999467611 0.028588446 0.580014586 0.995260954 0.018391334 -0.095485426 0.989309311
-0.096904114 0.026219621 -0.994948149 -53.335388184 -0.017584221 0.999451816 0.028050935 0.588787377 0.995138347 0.020213638 -0.096389957 0.905015469
-0.097468540 0.026173150 -0.994894385 -54.111137390 -0.018296434 0.999438167 0.028085159 0.592318058 0.995070338 0.020940438 -0.096934900 0.823146820
-0.098003134 0.027876718 -0.994795561 -54.884181976 -0.016316466 0.999428213 0.029613968 0.601758599 0.995052338 0.019133808 -0.097492240 0.745572567
-0.098194465 0.031077482 -0.994681895 -55.664760590 -0.015967907 0.999334335 0.032799188 0.608182073 0.995039105 0.019103684 -0.097632848 0.663224697
-0.098504804 0.035298645 -0.994510353 -56.436630249 -0.016239338 0.999180555 0.037072890 0.620613098 0.995004058 0.019802047 -0.097850859 0.583200932
-0.099098340 0.037502468 -0.994370639 -57.201766968 -0.015969533 0.999100864 0.039272379 0.627527595 0.994949520 0.019771462 -0.098410323 0.505112648
-0.099822760 0.037419423 -0.994301379 -57.949974060 -0.015703758 0.999108911 0.039176922 0.641120076 0.994881332 0.019525018 -0.099146172 0.429461002
-0.100071430 0.035344262 -0.994352281 -58.703693390 -0.014946603 0.999202728 0.037020892 0.653537750 0.994867921 0.018566925 -0.099463388 0.348985672
-0.100414410 0.031843469 -0.994436026 -59.437183380 -0.014750815 0.999330223 0.033489667 0.662450433 0.994836330 0.018031588 -0.099877447 0.273845196
-0.099749006 0.028837984 -0.994594634 -60.161159515 -0.015290495 0.999417424 0.030511316 0.672956824 0.994895220 0.018251318 -0.099249952 0.188258171
-0.098400876 0.026609108 -0.994790971 -60.861518860 -0.015949463 0.999471962 0.028311972 0.680797338 0.995019019 0.018652307 -0.097924516 0.113275051
-0.096543290 0.026245872 -0.994982660 -61.561847687 -0.018083403 0.999441028 0.028118109 0.679746389 0.995164454 0.020707285 -0.096014701 0.050849915
-0.092095196 0.027082235 -0.995381832 -62.245056152 -0.018446650 0.999412119 0.028898621 0.685622096 0.995579302 0.021022882 -0.091541484 -0.021895409
-0.086362265 0.028783035 -0.995847881 -62.911975861 -0.017856188 0.999377310 0.030433571 0.690791011 0.996103764 0.020410361 -0.085794516 -0.078730583
-0.079169959 0.030099116 -0.996406555 -63.560173035 -0.017502915 0.999348044 0.031578671 0.696825981 0.996707439 0.019940106 -0.078591540 -0.126891136
-0.070453793 0.031613257 -0.997013986 -64.201118469 -0.018100860 0.999292552 0.032964606 0.699822903 0.997350872 0.020369291 -0.069831729 -0.173350334
-0.058404122 0.033117060 -0.997743547 -64.813407898 -0.020824587 0.999191701 0.034384117 0.711772919 0.998075783 0.022785774 -0.057667259 -0.214024067
-0.043520726 0.034622446 -0.998452425 -65.423721313 -0.024201393 0.999069512 0.035698738 0.718616128 0.998759389 0.025717575 -0.042642321 -0.240019798
-0.024894912 0.035585154 -0.999056518 -66.009880066 -0.025459703 0.999019504 0.036218256 0.731711030 0.999365807 0.026337331 -0.023964513 -0.255680442
-0.002753928 0.036979370 -0.999312222 -66.578742981 -0.026511054 0.998962045 0.037039470 0.732917786 0.999644697 0.026594823 -0.001770709 -0.245585889
0.022923343 0.037502363 -0.999033570 -67.118217468 -0.025756791 0.998986602 0.036909588 0.736052513 0.999405384 0.024885807 0.023866054 -0.220869184
0.052054841 0.036686517 -0.997970164 -67.644645691 -0.024395730 0.999073446 0.035454571 0.747414827 0.998346150 0.022500625 0.052901600 -0.172412872
0.085856751 0.036665458 -0.995632529 -68.109474182 -0.022843350 0.999132276 0.034824483 0.750341654 0.996045530 0.019753665 0.086619824 -0.103927135
0.123689085 0.037038036 -0.991629541 -68.586143494 -0.022425389 0.999152303 0.034521833 0.754729271 0.992067575 0.017967701 0.124414846 -0.021978378
0.164757013 0.036743309 -0.985649526 -69.045074463 -0.022249497 0.999190032 0.033528946 0.760475993 0.986083210 0.016406080 0.165441111 0.075192451
0.209665656 0.037622575 -0.977049053 -69.482543945 -0.021125047 0.999200463 0.033942305 0.764094114 0.977544904 0.013523675 0.210292801 0.196043015
0.258373439 0.036378250 -0.965359926 -69.897766113 -0.017832968 0.999300003 0.032884337 0.763697267 0.965880513 0.008718791 0.258841336 0.332403183
0.308206081 0.032040987 -0.950779855 -70.290214539 -0.010245813 0.999486446 0.030361082 0.754630327 0.951264441 0.000384042 0.308376133 0.506240845
0.359556645 0.026655834 -0.932742476 -70.681785583 -0.005145551 0.999633253 0.026583919 0.758515835 0.933109105 -0.004758949 0.359561950 0.699893951
0.410951376 0.021365501 -0.911406815 -71.058738708 0.000343060 0.999721587 0.023590490 0.768014133 0.911657214 -0.010007209 0.410829604 0.925403595
0.462211192 0.021308633 -0.886513770 -71.436210632 -0.000391615 0.999715984 0.023825431 0.773931146 0.886769891 -0.010665207 0.462088227 1.157720566
0.511002243 0.019810800 -0.859351099 -71.803359985 0.000986279 0.999720156 0.023633242 0.783817947 0.859578907 -0.012924197 0.510839701 1.407297134
0.555908561 0.014901302 -0.831109881 -72.153213501 0.009509970 0.999659836 0.024284285 0.792842209 0.831189096 -0.021403670 0.555577755 1.695960999
0.600145936 0.009105561 -0.799838603 -72.477157593 0.019394683 0.999475539 0.025930766 0.786853850 0.799655318 -0.031074859 0.599654675 1.997596741
0.642130554 0.003761066 -0.766586125 -72.791488647 0.021176554 0.999519348 0.022642432 0.789317846 0.766302824 -0.030773047 0.641742229 2.320278168
0.682957888 -0.000235632 -0.730457723 -73.049407959 0.017874220 0.999705911 0.016389418 0.782108486 0.730239034 -0.024249645 0.682761252 2.610851288
0.723760426 -0.007309362 -0.690012574 -73.334671021 0.014888586 0.999876559 0.005024999 0.787145257 0.689890742 -0.013910210 0.723779917 2.950923920
0.763107717 -0.009627784 -0.646199644 -73.607742310 0.009840121 0.999946117 -0.003277924 0.790304303 0.646196365 -0.003857274 0.763161480 3.318130493
0.800233841 -0.010517724 -0.599595904 -73.860099792 0.008073854 0.999944448 -0.006764837 0.792291284 0.599633813 0.000572402 0.800274253 3.710788727
0.834033608 -0.011310237 -0.551597714 -74.113479614 0.008520154 0.999934614 -0.007620411 0.777863741 0.551647782 0.001655981 0.834075511 4.147293091
0.864952445 -0.009938465 -0.501755297 -74.345153809 0.005453135 0.999930978 -0.010405620 0.778493047 0.501824200 0.006264227 0.864946902 4.586511612
0.891002178 -0.008552557 -0.453918427 -74.555206299 0.005010795 0.999946892 -0.009004863 0.766388178 0.453971356 0.005748861 0.890997767 5.063217163
0.912195623 -0.002599782 -0.409746766 -74.749076843 -0.000761340 0.999967337 -0.008039574 0.756667376 0.409754366 0.007645621 0.912163854 5.558027267
0.929825127 0.001849528 -0.367996991 -74.938209534 -0.005760765 0.999937952 -0.009530214 0.748863220 0.367956519 0.010981377 0.929778159 6.071809769
0.943322957 0.006648256 -0.331809342 -75.113037109 -0.009915753 0.999917507 -0.008155445 0.740713239 0.331727773 0.010983359 0.943311155 6.612291336
0.953301787 0.007311367 -0.301930815 -75.273498535 -0.009707809 0.999932170 -0.006437239 0.728126824 0.301863283 0.009067719 0.953308046 7.160835266
0.960682392 0.006691226 -0.277568668 -75.425621033 -0.008396690 0.999952435 -0.004956053 0.716915786 0.277522326 0.007091852 0.960693002 7.742584229
0.966559112 0.006999619 -0.256348580 -75.574813843 -0.007984632 0.999964118 -0.002801846 0.707410812 0.256319761 0.004754997 0.966580331 8.341800690
0.971226156 0.009739909 -0.237959862 -75.724487305 -0.010064888 0.999949276 -0.000150721 0.699747741 0.237946346 0.002541421 0.971274972 8.961797714
0.974836826 0.014880245 -0.222422719 -75.873756409 -0.015024567 0.999886513 0.001043315 0.698546171 0.222412974 0.002324742 0.974949777 9.593850136
0.977637053 0.018479878 -0.209485888 -76.011764526 -0.018351186 0.999828339 0.002558191 0.687835336 0.209497213 0.001343332 0.977808297 10.241656303
0.980342150 0.016901126 -0.196579874 -76.138542175 -0.016742447 0.999856770 0.002469103 0.676454782 0.196593463 0.000870663 0.980484724 10.909069061
0.982963979 0.016856074 -0.183023870 -76.256675720 -0.016727008 0.999857605 0.002249026 0.669087768 0.183035716 0.000850730 0.983105898 11.588554382
0.985644519 0.017051902 -0.167971492 -76.376777649 -0.016846946 0.999854505 0.002645264 0.668509364 0.167992160 0.000222517 0.985788345 12.284811020
0.987879932 0.018260276 -0.154142618 -76.480049133 -0.017998092 0.999833167 0.003096378 0.664250076 0.154173449 -0.000284577 0.988043785 12.990018845
0.989804685 0.018404707 -0.141237587 -76.591392517 -0.018499836 0.999828637 0.000639572 0.653129756 0.141225189 0.001979821 0.989975572 13.721171379
0.991265297 0.019027052 -0.130503029 -76.687728882 -0.019824091 0.999792039 -0.004810937 0.637249291 0.130384296 0.007356020 0.991436243 14.460459709
0.992545784 0.017238602 -0.120646797 -76.778533936 -0.018697683 0.999764979 -0.010972134 0.628772855 0.120429300 0.013146162 0.992634892 15.200547218
0.993503153 0.017061915 -0.112518266 -76.864181519 -0.018447196 0.999766231 -0.011281935 0.619512200 0.112299465 0.013284285 0.993585646 15.955203056
0.994201839 0.018768476 -0.105878986 -76.946357727 -0.019394612 0.999800026 -0.004887084 0.603554130 0.105766080 0.006912231 0.994367003 16.725423813
0.994637668 0.023753868 -0.100655563 -77.031311035 -0.023551743 0.999717474 0.003196145 0.583931327 0.100703046 -0.000808392 0.994916141 17.495269775
0.995017350 0.024797777 -0.096567571 -77.117843628 -0.024266060 0.999683142 0.006676864 0.573692799 0.096702538 -0.004300281 0.995304048 18.276056290
0.995368779 0.023723304 -0.093156710 -77.188987732 -0.023300404 0.999712706 0.005624875 0.563513398 0.093263373 -0.003428237 0.995635629 19.044696808
0.995639026 0.023767741 -0.090211444 -77.258094788 -0.023425562 0.999713838 0.004850135 0.551833630 0.090300910 -0.002715729 0.995910823 19.810317993
0.995947361 0.022981590 -0.086952038 -77.334510803 -0.022469223 0.999723852 0.006866815 0.545925379 0.087085851 -0.004885240 0.996188879 20.589370728
0.996216476 0.020747976 -0.084394515 -77.408920288 -0.020058753 0.999758303 0.009006571 0.538628936 0.084560975 -0.007279645 0.996391773 21.372074127
0.996495485 0.018023206 -0.081681877 -77.459716797 -0.017169455 0.999790490 0.011142561 0.529367089 0.081865609 -0.009701079 0.996596158 22.117837906
0.996740758 0.017374715 -0.078778349 -77.522689819 -0.016839378 0.999830425 0.007454806 0.520330429 0.078894518 -0.006103930 0.996864319 22.876403809
0.996794045 0.020280724 -0.077397630 -77.581794739 -0.020292766 0.999793887 0.000630978 0.505513906 0.077394485 0.000941656 0.997000158 23.624803543
0.996945083 0.021455927 -0.075099327 -77.651664734 -0.022034246 0.999733567 -0.006880643 0.490320235 0.074931704 0.008514382 0.997152328 24.376125336
0.996971428 0.022648221 -0.074399255 -77.705085754 -0.023538990 0.999661028 -0.011117727 0.475503683 0.074122258 0.012835338 0.997166574 25.125589371
0.997109115 0.024132991 -0.072048031 -77.768310547 -0.024900317 0.999642193 -0.009770976 0.458639890 0.071786448 0.011536751 0.997353256 25.884908676
0.997176290 0.027642988 -0.069823705 -77.833274841 -0.028077267 0.999591947 -0.005245677 0.433727801 0.069650218 0.007191321 0.997545540 26.655309677
0.997264683 0.030561319 -0.067299142 -77.893180847 -0.030643431 0.999530375 -0.000187901 0.418802589 0.067261815 0.002249663 0.997732759 27.397983551
0.997501254 0.028346103 -0.064712554 -77.945755005 -0.028303023 0.999598205 0.001582534 0.406672806 0.064731404 0.000252981 0.997902632 28.157627106
0.997679234 0.025669863 -0.063065588 -78.002044678 -0.025614053 0.999670446 0.001693473 0.390744925 0.063088283 -0.000074178 0.998007894 28.920555115
0.997792363 0.023632614 -0.062063176 -78.047065735 -0.023556260 0.999720514 0.001961773 0.374362260 0.062092185 -0.000495466 0.998070300 29.671508789
0.997841239 0.023110613 -0.061471254 -78.089935303 -0.023166645 0.999731600 -0.000198878 0.364298761 0.061450165 0.001622531 0.998108864 30.414192200
0.997938454 0.020928599 -0.060670119 -78.135627747 -0.021063717 0.999776840 -0.001588330 0.354462922 0.060623337 0.002862994 0.998156548 31.169055939
0.997994840 0.019660901 -0.060164310 -78.181564331 -0.019785503 0.999803185 -0.001475900 0.342119306 0.060123455 0.002663321 0.998187363 31.927900314
0.997973919 0.023990164 -0.058927093 -78.244125366 -0.024054399 0.999710619 -0.000380898 0.329366267 0.058900904 0.001797582 0.998262227 32.708847046
0.997974575 0.023717539 -0.059027627 -78.290596008 -0.023831803 0.999715149 -0.001232417 0.318823397 0.058981586 0.002636656 0.998255551 33.482330322
0.997881174 0.023146875 -0.060806222 -78.337867737 -0.023268014 0.999728382 -0.001284847 0.305446476 0.060759973 0.002696965 0.998148799 34.257987976
0.997833133 0.020847904 -0.062405486 -78.395584106 -0.020937994 0.999780476 -0.000789965 0.293523997 0.062375315 0.002094899 0.998050630 35.045223236
0.997598469 0.022403551 -0.065539338 -78.458244324 -0.022525929 0.999745607 -0.001128759 0.284466624 0.065497391 0.002602383 0.997849405 35.847751617
0.997307062 0.026283624 -0.068467855 -78.518424988 -0.026400257 0.999651134 -0.000799045 0.262529373 0.068422973 0.002604462 0.997652948 36.635051727
0.997113228 0.027764389 -0.070671052 -78.590446472 -0.028266490 0.999581695 -0.006114487 0.259849012 0.070471711 0.008094458 0.997480929 37.425640106
0.996931732 0.028465144 -0.072917201 -78.662086487 -0.029251561 0.999524593 -0.009739739 0.249992907 0.072605297 0.011842797 0.997290313 38.232181549
0.996797085 0.027858855 -0.074964300 -78.727272034 -0.028781399 0.999522388 -0.011254201 0.233398318 0.074614964 0.013375731 0.997122705 39.042182922
0.996631205 0.027836287 -0.077145964 -78.796875000 -0.028671145 0.999541521 -0.009735230 0.213976264 0.076839596 0.011914297 0.996972263 39.874679565
0.996466577 0.026556885 -0.079682574 -78.863037109 -0.027364520 0.999584377 -0.009060643 0.196049869 0.079408839 0.011209100 0.996779084 40.699035645
0.996342838 0.025941225 -0.081413016 -78.935493469 -0.026656104 0.999614894 -0.007706111 0.184403449 0.081181757 0.009848082 0.996650577 41.536052704
0.996285379 0.025084518 -0.082378007 -79.008270264 -0.025478901 0.999668360 -0.003739579 0.168805510 0.082256883 0.005824589 0.996594191 42.374744415
0.996200144 0.025122836 -0.083391421 -79.082145691 -0.025117731 0.999683857 0.001110471 0.152500182 0.083392963 0.000988352 0.996516228 43.213813782
0.996273875 0.025007160 -0.082541406 -79.156730652 -0.024815090 0.999686420 0.003352169 0.138220593 0.082599357 -0.001291406 0.996581912 44.065181732
0.996339679 0.028225265 -0.080687456 -79.232070923 -0.028024942 0.999600708 0.003614328 0.126115754 0.080757253 -0.001339838 0.996732831 44.919734955
0.996492743 0.027818233 -0.078919753 -79.304321289 -0.027724562 0.999612987 0.002282650 0.117736645 0.078952715 -0.000086629 0.996878326 45.784084320
0.996678114 0.025514789 -0.077341780 -79.370697021 -0.025596106 0.999672294 -0.000060032 0.105652809 0.077314913 0.002039481 0.997004628 46.643474579
0.996880054 0.021518841 -0.075941354 -79.432128906 -0.021728285 0.999762058 -0.001932758 0.095485210 0.075881690 0.003576803 0.997110426 47.515766144
0.997068822 0.020317173 -0.073764935 -79.502380371 -0.020522837 0.999787331 -0.002031118 0.082827732 0.073707975 0.003539031 0.997273564 48.392864227
0.997181237 0.017994791 -0.072840840 -79.567733765 -0.017989028 0.999837935 0.000735220 0.065753892 0.072842263 0.000577188 0.997343242 49.267997742
0.997315884 0.015517564 -0.071556740 -79.636940002 -0.015352456 0.999878049 0.002856839 0.058474153 0.071592361 -0.001750600 0.997432411 50.144557953
0.997343600 0.014747289 -0.071332142 -79.694778442 -0.014522888 0.999887764 0.003663500 0.036735222 0.071378179 -0.002617819 0.997445822 51.020812988
0.997406542 0.017139662 -0.069903046 -79.757995605 -0.017177630 0.999852419 0.000057979 0.024184812 0.069893725 0.001142940 0.997553766 51.897480011
0.997419417 0.019502297 -0.069096208 -79.828132629 -0.019917818 0.999787390 -0.005329760 0.001844257 0.068977579 0.006692252 0.997595727 52.756565094
0.997448266 0.021509152 -0.068076819 -79.893661499 -0.022325877 0.999687374 -0.011259080 -0.011328876 0.067813344 0.012750222 0.997616589 53.613613129
0.997379065 0.026291121 -0.067408010 -79.961616516 -0.027486887 0.999479651 -0.016873419 -0.036758423 0.066929311 0.018682031 0.997582853 54.464454651
0.997462213 0.026303597 -0.066161707 -80.027053833 -0.027520450 0.999467254 -0.017548284 -0.066908479 0.065664873 0.019324552 0.997654557 55.308845520
0.997518480 0.023006497 -0.066539645 -80.080818176 -0.023836590 0.999647260 -0.011708234 -0.085489094 0.066246793 0.013265257 0.997715116 56.179256439
0.997490048 0.022603206 -0.067102432 -80.140289307 -0.022870565 0.999733269 -0.003218760 -0.103183538 0.067011788 0.004745352 0.997740865 57.037731171
0.997450292 0.021137342 -0.068161830 -80.201889038 -0.020840721 0.999770105 0.005059972 -0.127142370 0.068253115 -0.003626527 0.997661412 57.890571594
0.997310221 0.019412929 -0.070679106 -80.263107300 -0.019287415 0.999810934 0.002457922 -0.138022944 0.070713460 -0.001088094 0.997496128 58.731330872
0.997303784 0.014556573 -0.071925037 -80.335670471 -0.014640855 0.999892592 -0.000644692 -0.156370044 0.071907930 0.001695998 0.997409880 59.568466187
0.997115135 0.013033882 -0.074775629 -80.399978638 -0.013278221 0.999907970 -0.002771361 -0.171500504 0.074732617 0.003756253 0.997196615 60.406539917
0.996845484 0.015012235 -0.077933483 -80.463058472 -0.015428843 0.999869645 -0.004746291 -0.189579397 0.077852093 0.005933743 0.996947229 61.206684113
0.996555924 0.016562719 -0.081253067 -80.537666321 -0.017287295 0.999816775 -0.008222089 -0.207663119 0.081102014 0.009598416 0.996659636 62.026622772
0.996212184 0.017347066 -0.085208640 -80.613845825 -0.018388420 0.999765337 -0.011451546 -0.229512215 0.084989995 0.012975022 0.996297300 62.841365814
0.995907247 0.019264789 -0.088304013 -80.694473267 -0.020681284 0.999671280 -0.015154285 -0.255693138 0.087983057 0.016918506 0.995978296 63.653530121
0.995540619 0.024247082 -0.091164708 -80.788780212 -0.025728583 0.999554694 -0.015110668 -0.280579448 0.090757728 0.017388824 0.995721161 64.452331543
0.995107889 0.028012410 -0.094739079 -80.875343323 -0.029404322 0.999478698 -0.013327789 -0.301584244 0.094316348 0.016048325 0.995412946 65.256813049
0.994670272 0.030702287 -0.098429754 -80.968177795 -0.031579822 0.999473989 -0.007369363 -0.323714495 0.098151729 0.010438480 0.995116711 66.057304382
0.994229317 0.031074891 -0.102676421 -81.052200317 -0.031431779 0.999504149 -0.001859280 -0.343397647 0.102567740 0.005075853 0.994713008 66.872924805
0.993709862 0.030770438 -0.107675597 -81.144012451 -0.030747231 0.999525428 0.001876082 -0.359828115 0.107682221 0.001446446 0.994184315 67.669120789
0.993046761 0.030150957 -0.113794290 -81.244506836 -0.030010443 0.999545157 0.002948066 -0.372426271 0.113831438 0.000487450 0.993499994 68.458290100
0.992386341 0.027742801 -0.119999796 -81.334823608 -0.027125591 0.999609053 0.006774117 -0.382854223 0.120140851 -0.003467474 0.992750823 69.243484497
0.991563559 0.028442092 -0.126463234 -81.441009521 -0.027859783 0.999591529 0.006371267 -0.393425703 0.126592785 -0.002794278 0.991950870 70.021217346
0.990659297 0.033135302 -0.132273540 -81.565269470 -0.032662340 0.999449909 0.005744347 -0.405520767 0.132391110 -0.001370328 0.991196573 70.794044495
0.989800632 0.034664046 -0.138177454 -81.682113647 -0.034705341 0.999395370 0.002111155 -0.415412903 0.138167128 0.002705874 0.990405202 71.566162109
0.988975644 0.033588756 -0.144218698 -81.798492432 -0.034018174 0.999421120 -0.000511942 -0.426676095 0.144118011 0.005412356 0.989545763 72.333190918
0.988130391 0.035015125 -0.149573714 -81.922142029 -0.035704181 0.999360561 -0.001923151 -0.437726080 0.149410740 0.007240731 0.988748670 73.099670410
0.987334907 0.037063200 -0.154259667 -82.046218872 -0.037022654 0.999309480 0.003136583 -0.446996689 0.154269457 0.002614245 0.988025367 73.860671997
0.986350179 0.038017996 -0.160211325 -82.180580139 -0.037363652 0.999276519 0.007095911 -0.455745816 0.160365179 -0.001012974 0.987057209 74.620727539
0.985312462 0.036681276 -0.166774511 -82.309677124 -0.035529930 0.999319673 0.009883022 -0.474199712 0.167023554 -0.003812379 0.985945463 75.379409790
0.984142065 0.034428693 -0.174008712 -82.449142456 -0.033989277 0.999407053 0.005505459 -0.475281835 0.174095064 0.000496276 0.984728754 76.129707336
0.982713282 0.032103423 -0.182329208 -82.586524963 -0.032869302 0.999458909 -0.001179391 -0.486663222 0.182192668 0.007152036 0.983236849 76.855995178
0.981069028 0.029440176 -0.191407219 -82.738647461 -0.030521372 0.999530435 -0.002702210 -0.498380572 0.191237807 0.008493066 0.981507003 77.598213196
0.978912950 0.029195555 -0.202180520 -82.895317078 -0.029799050 0.999555945 0.000058906 -0.511333942 0.202092439 0.005967124 0.979348302 78.335433960
0.976485848 0.029193532 -0.213595718 -83.060180664 -0.028522974 0.999573767 0.006221130 -0.516919196 0.213686287 0.000017541 0.976902425 79.071899414
0.973891377 0.030372055 -0.224973574 -83.238403320 -0.027920553 0.999511123 0.014071077 -0.526622057 0.225290954 -0.007422314 0.974263251 79.792068481
0.971227407 0.031067492 -0.236118779 -83.426727295 -0.027704747 0.999462128 0.017546987 -0.533150673 0.236536935 -0.010500504 0.971565723 80.517135620
0.968286037 0.034412336 -0.247462764 -83.627754211 -0.032060437 0.999394357 0.013528594 -0.545130730 0.247778460 -0.005165787 0.968802989 81.232559204
0.965198517 0.034015816 -0.259296507 -83.836166382 -0.034075540 0.999410152 0.004265729 -0.548438907 0.259288669 0.004718393 0.965788364 81.931045532
0.961887836 0.031502601 -0.271623611 -84.046432495 -0.032932952 0.999457240 -0.000707979 -0.550597727 0.271453887 0.009626365 0.962403238 82.639183044
0.958366692 0.030607158 -0.283894986 -84.253799438 -0.030602813 0.999521732 0.004451644 -0.552641749 0.283895433 0.004421678 0.958845019 83.372970581
0.954963923 0.031879198 -0.295004517 -84.487236023 -0.029717781 0.999488592 0.011808248 -0.558789611 0.295230061 -0.002509572 0.955422819 84.093978882
0.951161683 0.031791136 -0.307051510 -84.725265503 -0.027896764 0.999465168 0.017064882 -0.561168551 0.307429761 -0.007665719 0.951539874 84.803649902
0.947077692 0.029493324 -0.319646537 -84.974258423 -0.025955496 0.999545693 0.015323346 -0.564176202 0.319953263 -0.006215815 0.947412908 85.512199402
0.943465173 0.028021898 -0.330284834 -85.238235474 -0.025733879 0.999605000 0.011298750 -0.570642710 0.330470979 -0.002160467 0.943813562 86.208282471
0.940139771 0.023351843 -0.339988053 -85.486091614 -0.023244845 0.999720156 0.004388119 -0.577345014 0.339995384 0.003777522 0.940419495 86.901756287
0.937313318 0.019366985 -0.347949177 -85.749290466 -0.021200633 0.999774098 -0.001462925 -0.583229423 0.347842216 0.008747961 0.937512279 87.603591919
0.934690297 0.018695045 -0.354970962 -86.025596619 -0.021422256 0.999763429 -0.003753988 -0.588634729 0.354816794 0.011113094 0.934869826 88.305023193
0.931517124 0.024464747 -0.362873644 -86.319641113 -0.027505811 0.999616444 -0.003215370 -0.607406497 0.362655789 0.012976306 0.931832790 89.013336182
0.928467512 0.024680132 -0.370592833 -86.598190308 -0.026944179 0.999636531 -0.000932650 -0.620516479 0.370434999 0.010851252 0.928794920 89.699104309
0.925362825 0.024961416 -0.378260016 -86.891311646 -0.024675876 0.999679804 0.005602734 -0.622478426 0.378278762 0.004149334 0.925682366 90.402900696
0.922522128 0.027071573 -0.384993732 -87.186309814 -0.023480516 0.999625862 0.014026605 -0.630299807 0.385229409 -0.003900003 0.922812641 91.111076355
0.920063436 0.037693437 -0.389952004 -87.519905090 -0.032111723 0.999267280 0.020825641 -0.639200449 0.390451342 -0.006638878 0.920599639 91.805862427
0.917138815 0.043996375 -0.396132231 -87.829483032 -0.040252101 0.999031603 0.017764285 -0.636474848 0.396530211 -0.000347160 0.918021619 92.496421814
0.914755821 0.040572878 -0.401964545 -88.138557434 -0.039739940 0.999155700 0.010414565 -0.637189150 0.402047753 0.006447262 0.915596008 93.182281494
0.912840664 0.032808952 -0.406995505 -88.447021484 -0.034586903 0.999397159 0.002989813 -0.640545070 0.406848311 0.011347493 0.913425207 93.870704651
0.910861969 0.033087306 -0.411382735 -88.756607056 -0.035304423 0.999374151 0.002209983 -0.642376363 0.411198467 0.012510641 0.911459982 94.565315247
0.908999443 0.039691351 -0.414903015 -89.111526489 -0.040239431 0.999162376 0.007424610 -0.650651038 0.414850205 0.009946499 0.909835398 95.257415771
0.906397283 0.042081505 -0.420325071 -89.439971924 -0.040964156 0.999092221 0.011689780 -0.654211521 0.420435429 0.006622676 0.907298267 95.968826294
0.904166162 0.038316064 -0.425459027 -89.769432068 -0.037770960 0.999239147 0.009720556 -0.662860036 0.425507754 0.007280997 0.904925466 96.664840698
0.901927829 0.036810018 -0.430315286 -90.110580444 -0.038988780 0.999232650 0.003757027 -0.674199760 0.430123299 0.013388902 0.902670801 97.349075317
0.899723232 0.033998892 -0.435134709 -90.453216553 -0.039166398 0.999228418 -0.002910034 -0.678347707 0.434700012 0.019660886 0.900360703 98.040351868
