-0.974332452 0.057825048 0.217560396 -151.996536255 0.062574878 0.997927547 0.015000550 2.484954357 -0.216242105 0.028229337 -0.975931585 1.828113556
-0.978442252 0.056708328 0.198582307 -151.827041626 0.061294112 0.997974694 0.017016960 2.492955685 -0.197215110 0.028822036 -0.979936481 0.966613770
-0.982151210 0.053700168 0.180264503 -151.676681519 0.058836222 0.997996569 0.023262899 2.499848843 -0.178654134 0.033453763 -0.983343065 0.085481644
-0.985368133 0.053547598 0.161809415 -151.531173706 0.058497295 0.997949481 0.025978535 2.509925365 -0.160086542 0.035063833 -0.986479998 -0.781946182
-0.988082588 0.053756878 0.144232258 -151.407379150 0.058083907 0.997974217 0.025956184 2.526872158 -0.142544776 0.034024429 -0.989203334 -1.666425705
-0.990356266 0.053447153 0.127819732 -151.292739868 0.056729335 0.998143315 0.022174446 2.538151741 -0.126397282 0.029211733 -0.991549432 -2.555454254
-0.991896152 0.057074510 0.113510847 -151.189666748 0.059663918 0.998027146 0.019544261 2.544213772 -0.112171441 0.026158376 -0.993344486 -3.451225281
-0.992634952 0.062882334 0.103544861 -151.103607178 0.065600455 0.997579575 0.023054507 2.563413143 -0.101844512 0.029677298 -0.994357526 -4.370543480
-0.992959738 0.068010360 0.096982658 -151.028167725 0.071470067 0.996908009 0.032653373 2.577469110 -0.094462045 0.039354838 -0.994750261 -5.295920372
-0.993017673 0.070761293 0.094386220 -150.949996948 0.074956559 0.996316016 0.041664738 2.596611500 -0.091090262 0.048448689 -0.994663417 -6.242508888
-0.993265390 0.069219574 0.092911437 -150.857513428 0.073354006 0.996427774 0.041842848 2.626365185 -0.089683212 0.048376482 -0.994794786 -7.174548149
-0.993562639 0.066109814 0.091993302 -150.768035889 0.069967665 0.996772528 0.039359439 2.646920681 -0.089094341 0.045542631 -0.994981468 -8.115011215
-0.993984461 0.061040424 0.090934038 -150.672286987 0.064414404 0.997321844 0.034640022 2.675149918 -0.088576056 0.040289108 -0.995254219 -9.073404312
-0.994524479 0.052730508 0.090224430 -150.568557739 0.055901080 0.997891426 0.032980826 2.691747427 -0.088295057 0.037843883 -0.995375216 -10.054371834
-0.994806230 0.047554940 0.089995079 -150.465026855 0.050690651 0.998172820 0.032883160 2.716012955 -0.088266909 0.037274282 -0.995399237 -11.039009094
-0.994814336 0.045641027 0.090891950 -150.370834351 0.049004413 0.998180807 0.035121776 2.737295628 -0.089123599 0.039393753 -0.995241225 -12.034735680
-0.994917512 0.042740423 0.091172114 -150.258926392 0.046238013 0.998259664 0.036600787 2.759273767 -0.089449115 0.040630385 -0.995162308 -13.040193558
-0.994780242 0.042579811 0.092732213 -150.172225952 0.046203721 0.998235822 0.037288569 2.783304691 -0.090980880 0.041378506 -0.994992614 -14.044246674
-0.994767666 0.040413287 0.093829535 -150.067001343 0.043951612 0.998386443 0.035954159 2.810774088 -0.092225127 0.039889999 -0.994938850 -15.065859795
-0.994754910 0.038738374 0.094668329 -149.965332031 0.042161703 0.998517275 0.034431972 2.826867580 -0.093194142 0.038242746 -0.994913280 -16.082275391
-0.994806468 0.036186706 0.095134504 -149.852691650 0.039427780 0.998696625 0.032411728 2.848659992 -0.093837649 0.035994343 -0.994936645 -17.126869202
-0.994860709 0.034641143 0.095142581 -149.751586914 0.037775069 0.998794794 0.031337578 2.869349718 -0.093942329 0.034770541 -0.994970262 -18.168292999
-0.995084822 0.031868748 0.093757771 -149.645401001 0.034970637 0.998887658 0.031628817 2.887480497 -0.092645541 0.034752123 -0.995092511 -19.218318939
-0.995291293 0.030003177 0.092169002 -149.541778564 0.033125490 0.998921573 0.032534637 2.904557467 -0.091093495 0.035434585 -0.995211661 -20.267475128
-0.995437324 0.030407608 0.090442911 -149.442672729 0.033475988 0.998907506 0.032604605 2.925570726 -0.089352719 0.035483506 -0.995367706 -21.325092316
-0.995591104 0.029493693 0.089042924 -149.342681885 0.032518126 0.998935878 0.032708351 2.944465399 -0.087983474 0.035459653 -0.995490551 -22.376178741
-0.995691240 0.029197454 0.088015363 -149.250198364 0.032369610 0.998868823 0.034831438 2.956223726 -0.086898819 0.037530374 -0.995509982 -23.430416107
-0.995738506 0.028794343 0.087611467 -149.157073975 0.032134701 0.998799980 0.036958206 2.975964546 -0.086442128 0.039616074 -0.995468915 -24.480783463
-0.995888293 0.027758433 0.086232819 -149.051315308 0.031168131 0.998774350 0.038448993 3.000248432 -0.085059844 0.040978614 -0.995532811 -25.541019440
-0.996001482 0.026924657 0.085181221 -148.962860107 0.030208901 0.998839676 0.037504718 3.011194944 -0.084072582 0.039927989 -0.995659351 -26.576498032
-0.996057391 0.027405461 0.084371351 -148.872451782 0.030423138 0.998934925 0.034690935 3.032218456 -0.083330743 0.037121009 -0.995830357 -27.617031097
-0.996180534 0.025751583 0.083433680 -148.775558472 0.028636793 0.999026000 0.033570562 3.049962044 -0.082487911 0.035831615 -0.995947719 -28.660308838
-0.996320486 0.025542764 0.081810430 -148.679260254 0.028414277 0.999013364 0.034129634 3.062343121 -0.080857940 0.036328640 -0.996063411 -29.689888000
-0.996450245 0.024550205 0.080523767 -148.598083496 0.027443545 0.999009609 0.035023730 3.080250263 -0.079584144 0.037109267 -0.996137142 -30.748243332
-0.996711373 0.023536051 0.077539772 -148.509048462 0.026439633 0.998978913 0.036634918 3.097537518 -0.076598339 0.038564563 -0.996315897 -31.782028198
-0.996924400 0.022604968 0.075037606 -148.427795410 0.025404897 0.999008060 0.036571238 3.114523649 -0.074136488 0.038365081 -0.996509850 -32.818428040
-0.997160733 0.021935297 0.072035834 -148.350265503 0.024559868 0.999058843 0.035752818 3.131793261 -0.071183778 0.037420500 -0.996761024 -33.847858429
-0.997401059 0.020752277 0.068996109 -148.273422241 0.023186313 0.999130011 0.034666274 3.149674654 -0.068216659 0.036175944 -0.997014403 -34.868949890
-0.997622728 0.020337878 0.065842755 -148.198120117 0.022763418 0.999081671 0.036300119 3.162790298 -0.065044023 0.037712634 -0.997169435 -35.890312195
-0.997808814 0.020356225 0.062953934 -148.127944946 0.022781231 0.999016404 0.038045384 3.179262400 -0.062117539 0.039396182 -0.997291028 -36.908306122
-0.997951627 0.020906078 0.060459804 -148.064422607 0.023308152 0.998955429 0.039301489 3.195405006 -0.059575014 0.040630192 -0.997396529 -37.921730042
-0.998049021 0.021871362 0.058479037 -148.005233765 0.024206173 0.998925567 0.039519928 3.215779543 -0.057551861 0.040858380 -0.997506022 -38.944240570
-0.998184860 0.021719057 0.056171890 -147.944595337 0.023918342 0.998961389 0.038781423 3.235369444 -0.055271260 0.040054571 -0.997667611 -39.949539185
-0.998268068 0.022567609 0.054326460 -147.894210815 0.024651991 0.998973310 0.038008358 3.257077694 -0.053412881 0.039281785 -0.997799695 -40.955787659
-0.998353601 0.021947430 0.052994460 -147.838378906 0.023991069 0.998980522 0.038240030 3.274163246 -0.052101210 0.039448462 -0.997862399 -41.963569641
-0.998440444 0.020721219 0.051840749 -147.775634766 0.022756727 0.998980582 0.038987327 3.293529510 -0.050980065 0.040106244 -0.997894049 -42.970291138
-0.998515248 0.019883402 0.050717134 -147.722091675 0.021796525 0.999060810 0.037451476 3.312085390 -0.049924873 0.038501330 -0.998010516 -43.965282440
-0.998554289 0.019751260 0.049992647 -147.668319702 0.021416150 0.999226332 0.032989010 3.330209970 -0.049302403 0.034011975 -0.998204589 -44.954742432
-0.998587608 0.018430647 0.049831264 -147.610137939 0.019960513 0.999339044 0.030379593 3.340836287 -0.049238421 0.031331342 -0.998295426 -45.941852570
-0.998568594 0.018893687 0.050039414 -147.557769775 0.020373581 0.999364972 0.029231407 3.352391243 -0.049455367 0.030209042 -0.998319387 -46.927337646
-0.998502016 0.020366447 0.050783701 -147.502777100 0.021923769 0.999300420 0.030299677 3.366177320 -0.050131045 0.031367660 -0.998249948 -47.928833008
-0.998413622 0.022241941 0.051726654 -147.454818726 0.023870884 0.999231637 0.031089710 3.377981186 -0.050995436 0.032275148 -0.998177290 -48.907459259
-0.998352289 0.023829378 0.052200187 -147.395935059 0.025537767 0.999151647 0.032308869 3.390446901 -0.051385999 0.033588707 -0.998113871 -49.887809753
-0.998260856 0.024797793 0.053481489 -147.340881348 0.026596881 0.999094903 0.033194121 3.399133205 -0.052609943 0.034558829 -0.998016953 -50.864959717
-0.998183548 0.025324548 0.054663990 -147.288009644 0.027201658 0.999055862 0.033872589 3.413418055 -0.053754542 0.035298012 -0.997930050 -51.839759827
-0.998172164 0.023946837 0.055487420 -147.227478027 0.025881449 0.999072492 0.034413394 3.425485373 -0.054611884 0.035786584 -0.997866094 -52.803707123
-0.998144746 0.023703793 0.056084249 -147.162460327 0.025599616 0.999116480 0.033329565 3.437085152 -0.055244703 0.034703467 -0.997869492 -53.766586304
-0.997997224 0.026015414 0.057660338 -147.100982666 0.027885383 0.999103010 0.031866841 3.452159166 -0.056779604 0.033410899 -0.997827411 -54.731811523
-0.997823119 0.026599668 0.060345929 -147.031097412 0.028466308 0.999135792 0.030286331 3.466446877 -0.059488166 0.031938229 -0.997717857 -55.688079834
-0.997666299 0.025675189 0.063266590 -146.963912964 0.027651140 0.999150455 0.030556923 3.465844154 -0.062428255 0.032235008 -0.997528732 -56.642852783
-0.997512698 0.025443699 0.065735377 -146.897872925 0.027395872 0.999204814 0.028968554 3.475552559 -0.064946041 0.030697377 -0.997416496 -57.596145630
-0.997373462 0.025956538 0.067619711 -146.821716309 0.027924456 0.999208689 0.028321773 3.484062195 -0.066831045 0.030135628 -0.997309089 -58.531665802
-0.997359455 0.024697594 0.068296574 -146.750152588 0.026728347 0.999222636 0.028982021 3.490066290 -0.067527726 0.030730946 -0.997244000 -59.469039917
-0.997364700 0.023104656 0.068773486 -146.680572510 0.025297465 0.999193430 0.031186018 3.497755289 -0.067997485 0.032843631 -0.997144699 -60.400306702
-0.997443199 0.022151759 0.067943044 -146.608795166 0.024459569 0.999145210 0.033325072 3.506710529 -0.067146756 0.034901727 -0.997132421 -61.316844940
-0.997501493 0.021779133 0.067203850 -146.547485352 0.024123725 0.999121249 0.034275733 3.512882710 -0.066398263 0.035811305 -0.997150302 -62.227203369
-0.997610629 0.020778751 0.065889500 -146.483489990 0.023099361 0.999132276 0.034655720 3.523964405 -0.065112241 0.036094915 -0.997224927 -63.123527527
-0.997801244 0.018653877 0.063598126 -146.418258667 0.020893363 0.999178231 0.034731705 3.533648968 -0.062898010 0.035984118 -0.997371018 -63.998596191
-0.998048484 0.017858231 0.059835616 -146.365753174 0.019980595 0.999185383 0.035061356 3.544691563 -0.059160739 0.036188483 -0.997592330 -64.868843079
-0.998346806 0.018638801 0.054370757 -146.318740845 0.020567574 0.999170899 0.035133358 3.556814194 -0.053670809 0.036193550 -0.997902453 -65.722023010
-0.998685420 0.019651992 0.047341287 -146.277603149 0.021335948 0.999147832 0.035331670 3.564592361 -0.046606608 0.036295295 -0.998253703 -66.551528931
-0.998984814 0.021555953 0.039555632 -146.248031616 0.022976395 0.999094248 0.035813626 3.578203201 -0.038747840 0.036686115 -0.998575330 -67.364212036
-0.999210060 0.024037255 0.031650532 -146.225723267 0.025213113 0.998986244 0.037291564 3.589698076 -0.030722067 0.038060106 -0.998803079 -68.155761719
-0.999337256 0.027433794 0.023922751 -146.214111328 0.028329074 0.998878956 0.037924752 3.596793652 -0.022855481 0.038577329 -0.998994231 -68.927894592
-0.999438167 0.029220801 0.016411837 -146.204681396 0.029830579 0.998823762 0.038228717 3.611837387 -0.015275427 0.038696818 -0.999134243 -69.669761658
-0.999478996 0.030878922 0.009382274 -146.209365845 0.031224079 0.998743832 0.039189927 3.622930765 -0.008160340 0.039462466 -0.999187708 -70.396965027
-0.999499023 0.031579033 0.002104393 -146.202346802 0.031637274 0.998730838 0.039188642 3.631092310 -0.000864212 0.039235588 -0.999229610 -71.084053040
-0.999440908 0.033192206 -0.004016920 -146.211120605 0.033012189 0.998705089 0.038709003 3.641208649 0.005296556 0.038554758 -0.999242365 -71.750427246
-0.999357283 0.034401923 -0.010079550 -146.213836670 0.033990417 0.998680711 0.038490601 3.648597479 0.011390392 0.038123254 -0.999208152 -72.380317688
-0.999255240 0.035484273 -0.015166178 -146.233825684 0.034885943 0.998666763 0.038046215 3.660100222 0.016496005 0.037488788 -0.999160886 -72.995033264
-0.999076545 0.038106438 -0.019847263 -146.252243042 0.037342802 0.998597860 0.037520777 3.666489124 0.021249216 0.036744978 -0.999098718 -73.578063965
-0.998916149 0.039581057 -0.024492135 -146.264938354 0.038608208 0.998493314 0.038994420 3.673999071 0.025998669 0.038006555 -0.998939335 -74.127487183
-0.998776555 0.040645931 -0.028167106 -146.284072876 0.039475460 0.998381734 0.040934101 3.678671598 0.029785331 0.039772108 -0.998764813 -74.649856567
-0.998622596 0.041226197 -0.032453220 -146.291320801 0.039849121 0.998322845 0.041993424 3.685569525 0.034130048 0.040642351 -0.998590648 -75.152587891
-0.998505533 0.041620228 -0.035417594 -146.311203003 0.040096458 0.998283148 0.042697307 3.692961454 0.037133835 0.041213382 -0.998459995 -75.625366211
-0.998334646 0.043449402 -0.037948705 -146.325729370 0.041796327 0.998186707 0.043318864 3.700334549 0.039762065 0.041660611 -0.998340249 -76.055747986
-0.998181283 0.045463689 -0.039587710 -146.353836060 0.043728162 0.998089254 0.043654591 3.711069822 0.041496769 0.041844096 -0.998262048 -76.474205017
-0.998131692 0.045586679 -0.040682182 -146.378723145 0.043757319 0.998038173 0.044778351 3.725581408 0.042643674 0.042914543 -0.998168290 -76.865989685
-0.998103082 0.045793325 -0.041148443 -146.389190674 0.043893106 0.997978806 0.045953669 3.727803469 0.043169584 0.044060368 -0.998095751 -77.200363159
-0.998170316 0.044230592 -0.041227363 -146.395294189 0.042343080 0.998062730 0.045583818 3.745431662 0.043163709 0.043754719 -0.998109460 -77.507499695
-0.998166323 0.043592885 -0.041993637 -146.382019043 0.041661844 0.998080969 0.045810953 3.746021271 0.043910056 0.043977425 -0.998067141 -77.744911194
-0.998312116 0.041836284 -0.040281713 -146.388839722 0.039978664 0.998147249 0.045866705 3.738957405 0.042125970 0.044178881 -0.998135090 -77.996818542
-0.998506784 0.038665146 -0.038588844 -146.379119873 0.036896043 0.998280525 0.045549504 3.721558571 0.040283687 0.044057719 -0.998216450 -78.211318970
-0.998652458 0.037893806 -0.035460606 -146.387222290 0.036317751 0.998367667 0.044081029 3.730453491 0.037073106 0.042733781 -0.998398423 -78.446319580
-0.998805821 0.037218258 -0.031649876 -146.404678345 0.035911988 0.998518288 0.040884994 3.741175413 0.033124682 0.039699566 -0.998662412 -78.644577026
-0.998860121 0.037748136 -0.029215589 -146.410018921 0.036605835 0.998580456 0.038693029 3.749034882 0.030634707 0.037579469 -0.998823941 -78.834701538
-0.998893142 0.038584851 -0.026902840 -146.412796021 0.037526283 0.998542070 0.038800884 3.746119022 0.028360754 0.037748378 -0.998884737 -79.020759583
-0.998994172 0.037508056 -0.024572354 -146.408691406 0.036508307 0.998534799 0.039943490 3.747306108 0.026034556 0.039006218 -0.998899817 -79.202301025
-0.999134421 0.035591755 -0.021531105 -146.412002563 0.034711532 0.998598158 0.039959531 3.754606724 0.022923145 0.039177567 -0.998969376 -79.377151489
-0.999254167 0.033797055 -0.018683765 -146.407272339 0.033046111 0.998687208 0.039137274 3.758383512 0.019981949 0.038490657 -0.999059141 -79.540283203
-0.999272823 0.034813821 -0.015551576 -146.388442993 0.034196898 0.998680413 0.038314402 3.763444901 0.016864933 0.037754726 -0.999144733 -79.690460205
-0.999294758 0.035981193 -0.010736046 -146.387863159 0.035553962 0.998658895 0.037634674 3.764347076 0.012075791 0.037226427 -0.999233902 -79.828208923
-0.999330103 0.036233213 -0.005162986 -146.388992310 0.036018312 0.998667836 0.036948670 3.768132925 0.006494876 0.036737956 -0.999303818 -79.955467224
-0.999387205 0.034937788 0.002183154 -146.395690918 0.034994688 0.998702109 0.037004847 3.767699242 -0.000887472 0.037058566 -0.999312699 -80.080680847
-0.999406815 0.032762539 0.010608222 -146.396102905 0.033127706 0.998791575 0.036303148 3.775026560 -0.009406038 0.036633041 -0.999284506 -80.197334290
-0.999386251 0.030281996 0.017611198 -146.375045776 0.030903844 0.998867393 0.036180206 3.778590918 -0.016495667 0.036702257 -0.999190092 -80.304595947
-0.999278128 0.029092956 0.024430286 -146.357482910 0.030000355 0.998841166 0.037635952 3.773267508 -0.023307018 0.038341701 -0.998992860 -80.403427124
-0.999155879 0.027460190 0.030554179 -146.339508057 0.028624417 0.998854578 0.038342185 3.770313978 -0.029466305 0.039184418 -0.998797417 -80.480361938
-0.998990357 0.026914392 0.035969760 -146.345199585 0.028285492 0.998870790 0.038169011 3.774737120 -0.034901854 0.039147902 -0.998623669 -80.536468506
-0.998840868 0.027320111 0.039630942 -146.331588745 0.028789947 0.998900294 0.037004136 3.778865814 -0.038576383 0.038102217 -0.998528957 -80.582962036
-0.998726428 0.026951471 0.042651478 -146.324127197 0.028551044 0.998894334 0.037349463 3.770847321 -0.041597702 0.038519640 -0.998391688 -80.616325378
-0.998662293 0.027211251 0.043966323 -146.302444458 0.028833758 0.998910248 0.036700644 3.779908657 -0.042919740 0.037919272 -0.998358667 -80.638641357
-0.998563111 0.026394445 0.046639975 -146.314208984 0.028112104 0.998935819 0.036564078 3.773222208 -0.045625247 0.037822686 -0.998242319 -80.658004761
-0.998534203 0.026307987 0.047302384 -146.313552856 0.028053641 0.998935163 0.036627024 3.776332617 -0.046288442 0.037900340 -0.998208940 -80.673530579
-0.998534024 0.026411522 0.047247428 -146.318450928 0.028154945 0.998932421 0.036623076 3.775471210 -0.046229705 0.037899636 -0.998211622 -80.661979675
-0.998536587 0.027059268 0.046824530 -146.311889648 0.028751820 0.998943150 0.035858762 3.776874781 -0.045804735 0.037152581 -0.998259306 -80.645347595
-0.998532593 0.027258523 0.046794385 -146.308639526 0.028901147 0.998976529 0.034792870 3.768098116 -0.045798093 0.036094222 -0.998298407 -80.636260986
-0.998502433 0.027512031 0.047287103 -146.320281982 0.029131630 0.999000251 0.033909407 3.778241158 -0.046306912 0.035236172 -0.998305619 -80.649536133
-0.998521924 0.027342180 0.046971582 -146.301742554 0.028980827 0.998982072 0.034566469 3.777989626 -0.045978654 0.035876654 -0.998298049 -80.664398193
-0.998538017 0.027700091 0.046416610 -146.282592773 0.029278170 0.999004006 0.033670358 3.784876108 -0.045437731 0.034980129 -0.998354554 -80.667350769
-0.998555362 0.027461402 0.046185274 -146.278854370 0.029068587 0.998982012 0.034494746 3.770036459 -0.045190983 0.035787456 -0.998337150 -80.667541504
-0.998520911 0.027195256 0.047080223 -146.300308228 0.028866241 0.998963833 0.035183940 3.763797522 -0.046074614 0.036490932 -0.998271286 -80.658424377
-0.998486519 0.027594151 0.047572710 -146.311080933 0.029244395 0.998981953 0.034349069 3.772790194 -0.046576452 0.035688318 -0.998277009 -80.663581848
-0.998490930 0.027368968 0.047612045 -146.311828613 0.029013187 0.998994052 0.034192272 3.775527477 -0.046628330 0.035522055 -0.998280525 -80.659553528
-0.998468697 0.027551081 0.047970112 -146.325393677 0.029217867 0.998980999 0.034398932 3.773137569 -0.046973512 0.035747845 -0.998256266 -80.671730042
-0.998488545 0.027089611 0.047821261 -146.320312500 0.028745994 0.998998165 0.034295838 3.776665926 -0.046844311 0.035618674 -0.998266876 -80.677246094
-0.998474419 0.027276298 0.048010997 -146.314147949 0.028939456 0.998992682 0.034293778 3.776233912 -0.047027238 0.035630871 -0.998257935 -80.667373657
-0.998453379 0.027469495 0.048335843 -146.321166992 0.029147182 0.998984575 0.034353174 3.773987532 -0.047343083 0.035708897 -0.998240173 -80.669487000
-0.998440623 0.027484899 0.048587341 -146.324310303 0.029169392 0.998985589 0.034307189 3.774806261 -0.047595117 0.035670962 -0.998229623 -80.667823792
-0.998445511 0.027710851 0.048359517 -146.318725586 0.029393056 0.998974800 0.034427896 3.774545908 -0.047355916 0.035795812 -0.998236537 -80.652664185
-0.998443604 0.027741317 0.048382383 -146.318817139 0.029410517 0.998984277 0.034136310 3.778696537 -0.047386244 0.035506129 -0.998245418 -80.670005798
-0.998440027 0.027796440 0.048424490 -146.312805176 0.029474841 0.998976946 0.034297921 3.775573730 -0.047421589 0.035671726 -0.998237848 -80.666931152
-0.998422980 0.027765054 0.048792876 -146.319503784 0.029457103 0.998977125 0.034308091 3.775774717 -0.047790393 0.035691287 -0.998219490 -80.657279968
-0.998411536 0.027884591 0.048956722 -146.317810059 0.029582351 0.998973489 0.034303710 3.773151398 -0.047949929 0.035697475 -0.998211682 -80.651138306
-0.998365521 0.028197555 0.049711540 -146.318511963 0.029919695 0.998965502 0.034245625 3.776255846 -0.048694473 0.035677008 -0.998176396 -80.668037415
-0.998353779 0.028196691 0.049946696 -146.314666748 0.029913172 0.998975456 0.033958737 3.779203176 -0.048937999 0.035396896 -0.998174369 -80.674140930
-0.998344302 0.028357390 0.050045345 -146.311004639 0.030073287 0.998973608 0.033873476 3.779179573 -0.049033418 0.035322420 -0.998172402 -80.663360596
-0.998346329 0.028343806 0.050014835 -146.307540894 0.030088712 0.998952150 0.034486685 3.770668030 -0.048984949 0.035934538 -0.998152912 -80.666503906
-0.998324513 0.028311066 0.050467186 -146.311157227 0.030036086 0.998978674 0.033756580 3.782263994 -0.049459971 0.035215855 -0.998155117 -80.673103333
-0.998330951 0.028547028 0.050203133 -146.306320190 0.030273454 0.998964190 0.033971295 3.779189587 -0.049181331 0.035434417 -0.998161137 -80.673210144
-0.998273611 0.028699895 0.051244359 -146.323028564 0.030457607 0.998962522 0.033855580 3.781805515 -0.050219566 0.035357915 -0.998112142 -80.662918091
-0.998285413 0.028635483 0.051052622 -146.319229126 0.030382901 0.998967111 0.033786673 3.781780005 -0.050032385 0.035279870 -0.998124301 -80.656341553
-0.998301327 0.028815400 0.050637525 -146.306533813 0.030563315 0.998951375 0.034089655 3.777445555 -0.049602121 0.035579395 -0.998135149 -80.658638000
-0.998311937 0.028617084 0.050540339 -146.293212891 0.030361315 0.998957515 0.034087807 3.776412964 -0.049512170 0.035564732 -0.998140156 -80.668395996
-0.998324752 0.028845858 0.050154917 -146.282379150 0.030582342 0.998946726 0.034206733 3.776628733 -0.049115378 0.035683289 -0.998155534 -80.669799805
-0.998310924 0.029014491 0.050333396 -146.280578613 0.030750902 0.998946130 0.034073666 3.780082226 -0.049291730 0.035563912 -0.998151124 -80.671501160
-0.998259962 0.028882707 0.051408526 -146.316513062 0.030676525 0.998935461 0.034453221 3.771587133 -0.050358687 0.035970312 -0.998083234 -80.645805359
-0.998263478 0.028676771 0.051454198 -146.312606812 0.030474136 0.998940110 0.034493573 3.772385836 -0.050410502 0.036001697 -0.998079479 -80.655303955
-0.998239040 0.028887304 0.051811665 -146.316604614 0.030695356 0.998935044 0.034447078 3.770628452 -0.050761413 0.035976794 -0.998062670 -80.655509949
-0.998238683 0.028690364 0.051928505 -146.312744141 0.030490417 0.998949468 0.034210246 3.775460482 -0.050892424 0.035733312 -0.998064756 -80.662460327
-0.998222649 0.028842287 0.052149966 -146.312332153 0.030640757 0.998951256 0.034022264 3.778828144 -0.051113985 0.035559714 -0.998059571 -80.662170410
-0.998233020 0.028954841 0.051888999 -146.308227539 0.030752260 0.998942435 0.034182720 3.774367571 -0.050844371 0.035718031 -0.998067737 -80.655227661
-0.998201668 0.029037593 0.052443098 -146.313934326 0.030828228 0.998957634 0.033664312 3.784156799 -0.051410913 0.035220500 -0.998056412 -80.669914246
-0.998213530 0.029021453 0.052225810 -146.308410645 0.030823173 0.998945355 0.034030221 3.777517796 -0.051183123 0.035579193 -0.998055279 -80.656814575
-0.998208761 0.029090416 0.052279651 -146.305114746 0.030896582 0.998941481 0.034078632 3.777861118 -0.051232930 0.035632849 -0.998050928 -80.675140381
-0.998224556 0.029032053 0.052008796 -146.298721313 0.030819409 0.998949945 0.033900432 3.781814337 -0.050969969 0.035443127 -0.998071074 -80.673255920
-0.998221874 0.029074948 0.052037448 -146.298950195 0.030871209 0.998943090 0.034054127 3.776882410 -0.050992325 0.035600036 -0.998064399 -80.673713684
-0.998238623 0.028884502 0.051821537 -146.292724609 0.030667337 0.998953164 0.033944499 3.778800011 -0.050786857 0.035473943 -0.998079300 -80.670005798
-0.998221815 0.029189359 0.051973537 -146.295471191 0.030974159 0.998946071 0.033872724 3.782619238 -0.050930034 0.035422329 -0.998073876 -80.675247192
-0.998230398 0.029144421 0.051833317 -146.291854858 0.030938268 0.998937786 0.034148965 3.777370691 -0.050782993 0.035692167 -0.998071790 -80.671775818
-0.998218954 0.028916424 0.052179594 -146.302154541 0.030720703 0.998945653 0.034114011 3.777652740 -0.051138103 0.035656255 -0.998054862 -80.664726257
-0.998221636 0.029021680 0.052069228 -146.300231934 0.030826693 0.998939276 0.034204010 3.777199507 -0.051021378 0.035748303 -0.998057604 -80.664405823
-0.998201191 0.028944224 0.052502140 -146.311294556 0.030759545 0.998944819 0.034104031 3.777123690 -0.051459622 0.035657629 -0.998038292 -80.661712646
-0.998211443 0.028952405 0.052303676 -146.305267334 0.030755438 0.998948514 0.034002855 3.779905558 -0.051264193 0.035550665 -0.998052239 -80.662040710
-0.998178542 0.028987499 0.052908704 -146.316085815 0.030818762 0.998942077 0.034130462 3.777127981 -0.051863384 0.035698883 -0.998015881 -80.663230896
-0.998174727 0.029124567 0.052906625 -146.321060181 0.030955816 0.998937905 0.034129452 3.778968096 -0.051856421 0.035704926 -0.998016119 -80.658958435
-0.998126686 0.029186631 0.053770393 -146.321121216 0.031042935 0.998939097 0.034017164 3.777192354 -0.052720498 0.035622634 -0.997973740 -80.662818909
-0.997992277 0.029063756 0.056272551 -146.321365356 0.031001313 0.998945355 0.033870440 3.768901348 -0.055228777 0.035546962 -0.997840822 -80.656661987
-0.997927427 0.028440978 0.057723694 -146.309844971 0.030397635 0.998982787 0.033306688 3.775213957 -0.056717701 0.034992322 -0.997776866 -80.661872864
-0.997768700 0.027900545 0.060655750 -146.301483154 0.029969595 0.998990119 0.033473443 3.768246889 -0.059660599 0.035216589 -0.997597337 -80.672035217
-0.997452438 0.027998803 0.065610215 -146.302124023 0.030206848 0.999001801 0.032907076 3.776125669 -0.064623356 0.034805126 -0.997302592 -80.689598083
-0.997114122 0.027947418 0.070586711 -146.273132324 0.030312069 0.999006927 0.032653768 3.780274868 -0.069604032 0.034699164 -0.996971011 -80.729873657
-0.996699929 0.027514013 0.076369308 -146.244598389 0.030109609 0.999000072 0.033046484 3.777514696 -0.075383708 0.035236876 -0.996531844 -80.752235413
-0.996100783 0.027197871 0.083925784 -146.227920532 0.030080905 0.998993218 0.033280838 3.770041704 -0.082936130 0.035675637 -0.995916188 -80.774917603
-0.995329797 0.026624432 0.092788883 -146.211090088 0.029764414 0.999024510 0.032621868 3.773703814 -0.091829814 0.035231326 -0.995151281 -80.809097290
-0.994417310 0.025973048 0.102272473 -146.195526123 0.029469244 0.999026597 0.032823674 3.768226862 -0.101320371 0.035654321 -0.994214773 -80.843681335
-0.993158698 0.025441421 0.113967657 -146.209152222 0.029296169 0.999049485 0.032276697 3.776535749 -0.113038145 0.035394695 -0.992960036 -80.878822327
-0.991762519 0.025440494 0.125538543 -146.197158813 0.029700661 0.999040604 0.032180592 3.778021336 -0.124599427 0.035644077 -0.991566658 -80.898170471
-0.989999413 0.025272854 0.138789535 -146.180450439 0.029955756 0.999046564 0.031756107 3.778021336 -0.137854666 0.035596065 -0.989812613 -80.945251465
-0.987874806 0.024781015 0.153261662 -146.159591675 0.029821971 0.999084234 0.030679921 3.777775288 -0.152361035 0.034878489 -0.987709284 -80.998725891
-0.985275865 0.024061602 0.169270441 -146.129287720 0.029265136 0.999170661 0.028313231 3.782185078 -0.168448806 0.032850072 -0.985162735 -81.064773560
-0.982206404 0.022732781 0.186423540 -146.096405029 0.028082460 0.999264657 0.026105665 3.781302452 -0.185693026 0.030876387 -0.982122481 -81.142349243
-0.978727162 0.021397978 0.204046935 -146.052902222 0.027101042 0.999315083 0.025196217 3.780493498 -0.203368038 0.030190106 -0.978636742 -81.234207153
-0.974910975 0.020578634 0.221641839 -145.994598389 0.026871551 0.999315798 0.025414065 3.790003300 -0.220967203 0.030732309 -0.974796891 -81.339706421
-0.970253289 0.021504590 0.241134912 -145.953369141 0.028774763 0.999230146 0.026668806 3.786454678 -0.240375757 0.032814100 -0.970125020 -81.475021362
-0.964985609 0.022204725 0.261361241 -145.886993408 0.030393988 0.999164224 0.027332276 3.794419765 -0.260535896 0.034319066 -0.964853942 -81.608612061
-0.958430469 0.020751325 0.284570694 -145.831222534 0.030139914 0.999134958 0.028652430 3.791326046 -0.283729941 0.036038298 -0.958226740 -81.765106201
-0.951363385 0.018424006 0.307519287 -145.743499756 0.029370368 0.999087632 0.031005241 3.798670769 -0.306667447 0.038529206 -0.951036513 -81.920997620
-0.943300724 0.017724376 0.331465721 -145.656372070 0.030370649 0.998993397 0.033011321 3.794449806 -0.330546975 0.041206434 -0.942889512 -82.092575073
-0.934369326 0.018796217 0.355810106 -145.555603027 0.032796226 0.998905301 0.033355281 3.799140930 -0.354793638 0.042835370 -0.933962822 -82.265937805
-0.924001336 0.018692613 0.381932199 -145.465103149 0.034823369 0.998767555 0.035365630 3.798055410 -0.380800366 0.045978047 -0.923513472 -82.422439575
-0.911746204 0.017351650 0.410387367 -145.373626709 0.036124784 0.998623252 0.038034488 3.799094200 -0.409162402 0.049502954 -0.911117792 -82.574859619
-0.897046149 0.016955582 0.441611499 -145.251480103 0.037803575 0.998545110 0.038451523 3.806401253 -0.440317035 0.051187284 -0.896382034 -82.767402649
-0.879653871 0.017088693 0.475307345 -145.109359741 0.039348155 0.998543203 0.036921270 3.809417248 -0.473984063 0.051180400 -0.879044712 -82.963096619
-0.858982384 0.015956301 0.511756420 -144.963134766 0.038858626 0.998663247 0.034086347 3.816924095 -0.510528326 0.049165722 -0.858454168 -83.155601501
-0.835220218 0.012907824 0.549764156 -144.794448853 0.036280241 0.998839736 0.031666555 3.813223362 -0.548717618 0.046394125 -0.834719539 -83.346000671
-0.807329237 0.011537622 0.589988470 -144.606430054 0.036237191 0.998891234 0.030052301 3.803505898 -0.588987529 0.045641623 -0.806852281 -83.549026489
-0.775025487 0.015205091 0.631747067 -144.375839233 0.040978413 0.998815656 0.026232375 3.808429241 -0.630599976 0.046218753 -0.774730563 -83.788322449
-0.739302456 0.019051176 0.673103929 -144.122238159 0.044832125 0.998774350 0.020972496 3.822311640 -0.671879411 0.045681704 -0.739250422 -84.048446655
-0.702449203 0.020578563 0.711436152 -143.816665649 0.045493908 0.998836040 0.016027508 3.840050459 -0.710278392 0.043624520 -0.702567875 -84.307502747
-0.664131284 0.020286137 0.747340679 -143.464538574 0.045441978 0.998878896 0.013268441 3.856333733 -0.746233702 0.042772621 -0.664308548 -84.570098877
-0.623121142 0.020896411 0.781846046 -143.070755005 0.047776848 0.998793125 0.011382774 3.864301443 -0.780664682 0.044446990 -0.623367608 -84.853942871
-0.580475926 0.020008970 0.814031482 -142.636016846 0.048780419 0.998757064 0.010235193 3.888087034 -0.812814772 0.045650087 -0.580730557 -85.127738953
-0.535565972 0.016362697 0.844334722 -142.179214478 0.048548028 0.998755336 0.011439006 3.896536827 -0.843096673 0.047117133 -0.535693944 -85.385391235
-0.488590091 0.011847573 0.872432947 -141.693832397 0.050900124 0.998591900 0.014944879 3.894788742 -0.871027470 0.051708877 -0.488505125 -85.626678467
-0.439231217 0.009070870 0.898328245 -141.174499512 0.056056801 0.998277187 0.017328473 3.906092644 -0.896623433 0.057968613 -0.438982993 -85.860794067
-0.388249815 0.005156942 0.921539783 -140.630004883 0.059356071 0.998047829 0.019421961 3.911095619 -0.919640720 0.062239558 -0.387798071 -86.072471619
-0.339515299 0.000641898 0.940600336 -140.051208496 0.061561182 0.997870803 0.021539887 3.908626795 -0.938583791 0.065217584 -0.338831991 -86.234481812
-0.289280474 -0.003445862 0.957238138 -139.446899414 0.063823417 0.997698903 0.022879161 3.912136793 -0.955114305 0.067712702 -0.288394928 -86.389938354
-0.240286052 -0.006092050 0.970683038 -138.820251465 0.066000462 0.997563720 0.022598730 3.917732716 -0.968455732 0.069495693 -0.239298552 -86.524421692
-0.195045426 -0.005912942 0.980776310 -138.157974243 0.069625825 0.997375488 0.019859400 3.922138214 -0.978319764 0.072160840 -0.194121838 -86.636566162
-0.155357659 -0.004527024 0.987847865 -137.480224609 0.069395430 0.997469068 0.015484848 3.937711954 -0.985417783 0.070957825 -0.154650345 -86.724311829
-0.121360168 -0.004299026 0.992599249 -136.762496948 0.067769520 0.997621357 0.012606625 3.941407681 -0.990292430 0.068797924 -0.120780170 -86.791549683
-0.094138920 -0.001969978 0.995557129 -136.027435303 0.066742972 0.997735679 0.008285434 3.948084593 -0.993319273 0.067226410 -0.093794324 -86.838630676
-0.072534285 -0.000223840 0.997365952 -135.235290527 0.066784307 0.997754514 0.005080865 3.950695515 -0.995127320 0.066976927 -0.072356440 -86.888992310
-0.055428289 0.000058053 0.998462677 -134.461349487 0.067603000 0.997705460 0.003694868 3.947202206 -0.996171415 0.067703873 -0.055304974 -86.929290771
-0.040287163 0.000909189 0.999187768 -133.650115967 0.069266535 0.997596323 0.001885075 3.942181110 -0.996784270 0.069286220 -0.040253274 -86.958717346
-0.025692102 0.002969169 0.999665558 -132.813064575 0.071061030 0.997471273 -0.001136331 3.934805393 -0.997141063 0.071008071 -0.025838142 -86.982192993
-0.011000022 0.006167491 0.999920547 -131.938323975 0.071790799 0.997405231 -0.005362220 3.924034834 -0.997358978 0.071726099 -0.011414241 -86.988021851
0.002539482 0.009478020 0.999951839 -131.078430176 0.071725920 0.997377813 -0.009635785 3.911997795 -0.997421145 0.071746938 0.001853003 -86.969665527
0.014999155 0.009697245 0.999840498 -130.170379639 0.068056107 0.997624040 -0.010696701 3.898679256 -0.997568727 0.068205699 0.014303580 -86.948928833
0.024791248 0.009773533 0.999644876 -129.238754272 0.063872531 0.997893572 -0.011340455 3.883899212 -0.997650087 0.064130984 0.024114737 -86.925003052
0.030155048 0.009911998 0.999496102 -128.291168213 0.059357069 0.998168349 -0.011689649 3.866657019 -0.997781157 0.059679668 0.029511472 -86.885787964
0.032209776 0.010389597 0.999427080 -127.322341919 0.056550700 0.998325169 -0.012200672 3.847577572 -0.997879982 0.056911282 0.031568293 -86.839889526
0.032976758 0.009329317 0.999412656 -126.324264526 0.055840984 0.998377264 -0.011162192 3.832384825 -0.997895002 0.056176275 0.032402307 -86.802749634
0.034019422 0.008338658 0.999386430 -125.303054810 0.055891871 0.998384356 -0.010232880 3.818039417 -0.997857153 0.056205686 0.033498421 -86.764259338
0.037039198 0.007525798 0.999285460 -124.268890381 0.057343364 0.998307824 -0.009643910 3.790717363 -0.997667134 0.057659589 0.036544975 -86.719017029
0.041938268 0.007250387 0.999093950 -123.203796387 0.057884358 0.998276353 -0.009674227 3.776782036 -0.997442007 0.058237620 0.041446317 -86.684410095
0.046159599 0.007817110 0.998903453 -122.134880066 0.057776485 0.998274505 -0.010482051 3.756999016 -0.997261941 0.058196977 0.045628324 -86.624504089
0.050689206 0.008032630 0.998682141 -121.045875549 0.057333481 0.998295128 -0.010939539 3.739603043 -0.997067451 0.057812445 0.050142277 -86.569366455
0.055968225 0.007914660 0.998401225 -119.944427490 0.056270711 0.998354197 -0.011068703 3.722242117 -0.996845603 0.056800246 0.055430762 -86.506126404
0.060946789 0.005739998 0.998124540 -118.821495056 0.056642246 0.998352170 -0.009199956 3.707244396 -0.996532559 0.057096727 0.060521238 -86.438102722
0.065512858 0.001369077 0.997850716 -117.678840637 0.058977459 0.998245656 -0.005241729 3.679448843 -0.996107280 0.059194103 0.065317199 -86.355064392
0.070123203 -0.000739118 0.997538030 -116.518524170 0.059306141 0.998233914 -0.003429370 3.665148973 -0.995773852 0.059400611 0.070043206 -86.278312683
0.071672454 -0.000421326 0.997428179 -115.344161987 0.059250221 0.998235762 -0.003835894 3.647073507 -0.995666802 0.059372760 0.071570963 -86.184860229
0.071674734 0.001780039 0.997426450 -114.172149658 0.057428010 0.998332143 -0.005908414 3.636058807 -0.995773435 0.057703707 0.071452938 -86.103271484
0.070796929 0.002229764 0.997488201 -112.973098755 0.057357907 0.998333752 -0.006302642 3.622390270 -0.995840311 0.057660040 0.070551060 -86.021652222
0.069646977 -0.000246423 0.997571588 -111.785438538 0.058167044 0.998299479 -0.003814415 3.600972891 -0.995874405 0.058291454 0.069542870 -85.934661865
0.068708770 -0.002391546 0.997633815 -110.573150635 0.059807509 0.998208463 -0.001726120 3.577192068 -0.995842457 0.059784602 0.068728663 -85.843933105
0.068304181 -0.003727780 0.997657537 -109.370262146 0.061436918 0.998110890 -0.000476780 3.557994366 -0.995771050 0.061325572 0.068404168 -85.768989563
0.067679137 -0.004134230 0.997698545 -108.178100586 0.061054468 0.998134494 -0.000005608 3.538577557 -0.995837271 0.060914338 0.067805275 -85.681724548
0.066732764 -0.004627298 0.997760057 -106.990089417 0.061779514 0.998089612 0.000496852 3.512806892 -0.995856345 0.061607983 0.066891156 -85.593589783
0.066507958 -0.003036636 0.997781217 -105.798690796 0.061161328 0.998127282 -0.001039066 3.489636421 -0.995909631 0.061094727 0.066569112 -85.517395020
0.065570943 -0.000783890 0.997847617 -104.616363525 0.061080962 0.998127580 -0.003229670 3.464165449 -0.995976686 0.061161265 0.065496072 -85.430503845
0.065273680 -0.000290922 0.997867346 -103.418464661 0.060531575 0.998159528 -0.003668560 3.446107388 -0.996029794 0.060641941 0.065171167 -85.352836609
0.064759254 -0.002579339 0.997897625 -102.221488953 0.060067765 0.998193383 -0.001318035 3.421828270 -0.996091425 0.060026832 0.064797200 -85.272277832
0.063555598 -0.004693779 0.997967184 -101.051445007 0.059987206 0.998198688 0.000874585 3.398960590 -0.996173739 0.059809685 0.063722655 -85.182884216
0.063416183 -0.003157386 0.997982085 -99.869194031 0.058781799 0.998270631 -0.000576948 3.378396511 -0.996254563 0.058699779 0.063492075 -85.108398438
0.063184738 -0.001569256 0.998000503 -98.679222107 0.059818860 0.998206854 -0.002217623 3.349030972 -0.996207476 0.059839375 0.063165292 -85.034751892
0.062730663 0.000317889 0.998030484 -97.499145508 0.060148586 0.998181045 -0.004098544 3.328016281 -0.996216357 0.060287222 0.062597439 -84.955940247
0.062299233 -0.001624013 0.998056114 -96.312606812 0.058498744 0.998285353 -0.002027143 3.305740833 -0.996341586 0.058511321 0.062287446 -84.882965088
0.062395684 -0.005169732 0.998038054 -95.133583069 0.057585683 0.998339295 0.001571133 3.284763575 -0.996388853 0.057374667 0.062589757 -84.811332703
0.061182994 -0.007562148 0.998097897 -93.950813293 0.056056455 0.998419046 0.004128342 3.261955023 -0.996551275 0.055697232 0.061510172 -84.732559204
0.060809493 -0.005752015 0.998132825 -92.804443359 0.052697036 0.998607278 0.002544277 3.246488571 -0.996757329 0.052443925 0.061027918 -84.648803711
0.060967367 -0.004357931 0.998130262 -91.641815186 0.052154984 0.998638332 0.001174438 3.226040363 -0.996776223 0.051985871 0.061111651 -84.580009460
0.060426768 -0.003645475 0.998165905 -90.486625671 0.051333569 0.998681366 0.000539738 3.207257748 -0.996851802 0.051206812 0.060534194 -84.498054504
0.060617052 -0.004256435 0.998152018 -89.327415466 0.050176747 0.998739600 0.001211739 3.190273523 -0.996899188 0.050010566 0.060754228 -84.427413940
0.059996665 -0.005901778 0.998181105 -88.186996460 0.051051904 0.998692095 0.002836280 3.168488026 -0.996892214 0.050788891 0.060219456 -84.344932556
0.059654113 -0.005744593 0.998202503 -87.035446167 0.051405229 0.998674333 0.002675260 3.146549940 -0.996894658 0.051153243 0.059870347 -84.269531250
0.059663538 -0.003415159 0.998212695 -85.903121948 0.053968590 0.998542607 0.000190570 3.129783154 -0.996758580 0.053860769 0.059760921 -84.202941895
0.060471781 -0.002218483 0.998167455 -84.756599426 0.056889970 0.998379707 -0.001227595 3.108859301 -0.996547520 0.056859944 0.060500003 -84.142845154
0.061794255 -0.002879732 0.998084784 -83.611724854 0.059324805 0.998238504 -0.000792789 3.084917784 -0.996324241 0.059260182 0.061856244 -84.067680359
0.064595275 -0.004000647 0.997903466 -82.478767395 0.059743136 0.998213768 0.000134657 3.065720797 -0.996121645 0.059609193 0.064718910 -83.991302490
