1.000000000 -0.000000000 0.000000000 0.000000004 -0.000000000 1.000000000 0.000000000 0.000000119 0.000000000 0.000000000 1.000000000 0.000000000
0.999991357 -0.002459409 -0.003352666 -0.002893972 0.002452068 0.999994576 -0.002192049 -0.005409679 0.003358039 0.002183809 0.999991953 0.666428983
0.999967515 -0.001652839 -0.007887321 -0.005508510 0.001625676 0.999992728 -0.003448999 -0.011447712 0.007892963 0.003436065 0.999962926 1.372435212
0.999937892 -0.001263811 -0.011073509 -0.031834513 0.001209495 0.999987185 -0.004910419 -0.013358145 0.011079573 0.004896720 0.999926627 2.068675756
0.999871731 -0.000042128 -0.016015675 -0.050743833 -0.000047954 0.999984086 -0.005624155 -0.015647022 0.016015656 0.005624200 0.999855936 2.799265385
0.999793947 -0.001038064 -0.020270582 -0.064502701 0.000927602 0.999984682 -0.005458041 -0.033111844 0.020275934 0.005438113 0.999779761 3.520149231
0.999692380 0.000726627 -0.024789780 -0.090405233 -0.000895536 0.999976516 -0.006803224 -0.036308654 0.024784250 0.006823332 0.999669433 4.274693489
0.999565184 0.003527024 -0.029276393 -0.125567660 -0.003748454 0.999964774 -0.007511979 -0.045812834 0.029248869 0.007618451 0.999543130 5.032433987
0.999393702 0.003435158 -0.034646858 -0.136656940 -0.003631835 0.999977708 -0.005615279 -0.055570375 0.034626793 0.005737707 0.999383867 5.821050167
0.999226332 0.002859569 -0.039222624 -0.171042606 -0.002984677 0.999990702 -0.003131471 -0.060374394 0.039213307 0.003246116 0.999225616 6.621163368
0.999099374 0.002513031 -0.042355839 -0.214117438 -0.002527647 0.999996781 -0.000291532 -0.068877459 0.042354971 0.000398331 0.999102533 7.425454617
0.998989046 0.003800513 -0.044793524 -0.255392849 -0.003849422 0.999992073 -0.001005704 -0.077986732 0.044789344 0.001177116 0.998995781 8.240642548
0.998894513 0.003298550 -0.046892401 -0.301075757 -0.003363011 0.999993503 -0.001295837 -0.082196370 0.046887815 0.001452104 0.998899162 9.061856270
0.998832345 0.000734766 -0.048306536 -0.346830875 -0.000829271 0.999997735 -0.001936340 -0.088538103 0.048305001 0.001974139 0.998830676 9.888592720
0.998719156 0.000299109 -0.050596822 -0.385952830 -0.000357269 0.999999225 -0.001140434 -0.094971828 0.050596446 0.001157050 0.998718500 10.735778809
0.998637497 -0.001253592 -0.052170631 -0.432008207 0.001178200 0.999998212 -0.001475823 -0.102024853 0.052172389 0.001412345 0.998637140 11.587403297
0.998541415 0.000898811 -0.053984787 -0.484676629 -0.001097809 0.999992728 -0.003656656 -0.112297639 0.053981107 0.003710587 0.998535097 12.447315216
0.998481870 0.001252553 -0.055069942 -0.537888050 -0.001599691 0.999979079 -0.006259961 -0.122700870 0.055060949 0.006338552 0.998462975 13.310085297
0.998389840 0.005056161 -0.056498911 -0.599718273 -0.005499283 0.999955237 -0.007690299 -0.136457741 0.056457505 0.007988621 0.998372972 14.184412003
0.998317122 0.006193994 -0.057658382 -0.653189540 -0.006622349 0.999951780 -0.007241107 -0.148494273 0.057610746 0.007610756 0.998310089 15.079808235
0.998234808 0.005230761 -0.059158236 -0.708863735 -0.005580249 0.999967933 -0.005744025 -0.162620217 0.059126295 0.006064004 0.998232007 15.963774681
0.998164892 0.005964049 -0.060259331 -0.771989822 -0.006247929 0.999970257 -0.004523647 -0.171635389 0.060230561 0.004891843 0.998172522 16.859479904
0.998128951 0.005510967 -0.060894094 -0.835071683 -0.005779148 0.999974310 -0.004228815 -0.188701093 0.060869236 0.004572818 0.998135269 17.767099380
0.997992754 0.005548930 -0.063083075 -0.890097797 -0.005882161 0.999969661 -0.005097899 -0.201537699 0.063052885 0.005458731 0.997995257 18.667661667
0.997941136 0.003965171 -0.064012632 -0.952893615 -0.004326080 0.999975443 -0.005500454 -0.216203079 0.063989259 0.005766053 0.997933984 19.579107285
0.997895777 0.003658161 -0.064734571 -1.010826468 -0.003936245 0.999983490 -0.004168718 -0.223824918 0.064718261 0.004414757 0.997893810 20.496994019
0.997896731 0.005632750 -0.064578339 -1.076137543 -0.005693149 0.999983668 -0.000751309 -0.235211909 0.064573050 0.001117383 0.997912407 21.425899506
0.997956455 0.006835177 -0.063531280 -1.140758872 -0.006649442 0.999973118 0.003134486 -0.245459005 0.063550979 -0.002705633 0.997974932 22.355556488
0.998068333 0.005897543 -0.061844345 -1.205490112 -0.005553515 0.999968231 0.005733199 -0.248593554 0.061876182 -0.005378672 0.998069406 23.290317535
0.998157859 0.005582205 -0.060412578 -1.262697935 -0.005177548 0.999963164 0.006852664 -0.257564306 0.060448598 -0.006527251 0.998150110 24.234668732
0.998244524 0.006032663 -0.058921359 -1.321259022 -0.005815778 0.999975681 0.003851706 -0.262332261 0.058943167 -0.003502270 0.998255253 25.179424286
0.998293102 0.006474868 -0.058042493 -1.380083561 -0.006529174 0.999978483 -0.000746012 -0.269274831 0.058036402 0.001123707 0.998313904 26.118574142
0.998361230 0.006200069 -0.056888912 -1.433328986 -0.006415667 0.999972939 -0.003607919 -0.281835914 0.056865018 0.003966987 0.998373985 27.064664841
0.998398781 0.003495970 -0.056458555 -1.483268261 -0.003658554 0.999989450 -0.002776602 -0.289477348 0.056448251 0.002978713 0.998401165 28.025619507
0.998423219 0.002001591 -0.056098197 -1.548728704 -0.001881792 0.999995887 0.002188264 -0.299617857 0.056102347 -0.002079247 0.998422742 28.997247696
0.998377800 -0.001960080 -0.056902062 -1.599591017 0.002306673 0.999979198 0.006026001 -0.313187957 0.056889068 -0.006147481 0.998361528 29.953657150
0.998269260 -0.009562057 -0.058027279 -1.648269057 0.009897170 0.999935985 0.005490449 -0.320142150 0.057971060 -0.006055252 0.998299897 30.930595398
0.998166859 -0.011764827 -0.059367996 -1.704028130 0.011869503 0.999928594 0.001410861 -0.321695805 0.059347153 -0.002112944 0.998235166 31.899333954
0.998080671 -0.011406062 -0.060867585 -1.764964104 0.011260254 0.999932826 -0.002737977 -0.326740950 0.060894724 0.002047337 0.998142123 32.879417419
0.997973919 -0.010056473 -0.062824197 -1.838341951 0.009860727 0.999945641 -0.003425043 -0.334899664 0.062855206 0.002798610 0.998018742 33.870460510
0.997918367 -0.010375581 -0.063649110 -1.892027140 0.010300539 0.999945879 -0.001506970 -0.356842607 0.063661307 0.000848213 0.997971177 34.839057922
0.997860730 -0.007366239 -0.064958535 -1.961639285 0.007467192 0.999971330 0.001311486 -0.368953079 0.064947002 -0.001793738 0.997887135 35.837360382
0.997781277 -0.007005465 -0.066207975 -2.028988123 0.007191659 0.999970853 0.002574356 -0.381236434 0.066188000 -0.003044788 0.997802675 36.816322327
0.997732520 -0.005825947 -0.067053251 -2.100075245 0.006192836 0.999967098 0.005265045 -0.389916092 0.067020372 -0.005668357 0.997735560 37.791961670
0.997742236 -0.005986304 -0.066892795 -2.165100098 0.006555653 0.999944150 0.008295104 -0.397296995 0.066839390 -0.008714902 0.997725725 38.782627106
0.997725189 -0.000126128 -0.067412928 -2.243399620 0.000830639 0.999945402 0.010422757 -0.396947294 0.067407921 -0.010455040 0.997670770 39.769317627
0.997710228 0.000159036 -0.067635432 -2.319779396 0.000492448 0.999953747 0.009615516 -0.400837362 0.067633823 -0.009626804 0.997663736 40.763122559
0.997718990 0.000442311 -0.067502163 -2.382582188 0.000117812 0.999965608 0.008293639 -0.411694318 0.067503512 -0.008282673 0.997684658 41.755699158
0.997724891 0.002850873 -0.067356534 -2.463472605 -0.002456355 0.999979377 0.005939263 -0.414308012 0.067372084 -0.005760298 0.997711241 42.747127533
0.997671008 0.002346520 -0.068168230 -2.539158106 -0.001939180 0.999979913 0.006041067 -0.419381529 0.068181030 -0.005894808 0.997655511 43.727275848
0.997582078 0.000358914 -0.069497451 -2.600738764 0.000149863 0.999973178 0.007315449 -0.429223448 0.069498211 -0.007308175 0.997555315 44.720436096
0.997506976 0.000643003 -0.070565604 -2.669580698 -0.000046106 0.999964237 0.008460053 -0.436118454 0.070568532 -0.008435708 0.997471273 45.708793640
0.997530639 0.003505322 -0.070145756 -2.756581545 -0.003168347 0.999982893 0.004914609 -0.447574377 0.070161790 -0.004680227 0.997524619 46.673637390
0.997440040 0.003939415 -0.071400307 -2.830420017 -0.003903002 0.999992192 0.000649492 -0.454119593 0.071402311 -0.000369153 0.997447491 47.643524170
0.997375906 0.004227294 -0.072272815 -2.887943029 -0.004285973 0.999990523 -0.000656842 -0.454548955 0.072269335 0.000964878 0.997384727 48.604888916
0.997386515 0.003131880 -0.072184384 -2.963695049 -0.002910922 0.999990761 0.003166032 -0.468735069 0.072193630 -0.002947634 0.997386336 49.586357117
0.997384787 0.001141751 -0.072263964 -3.036425114 -0.000697953 0.999980748 0.006166304 -0.478658736 0.072269611 -0.006099742 0.997366488 50.548706055
0.997352362 -0.000900310 -0.072715051 -3.097674370 0.001388836 0.999976754 0.006668070 -0.481764585 0.072707377 -0.006751405 0.997330487 51.505050659
0.997314513 -0.004217895 -0.073115364 -3.166010618 0.004628648 0.999974489 0.005449342 -0.489969879 0.073090516 -0.005773134 0.997308612 52.463363647
0.997295558 -0.006901918 -0.073170304 -3.240150928 0.007235576 0.999964595 0.004295921 -0.500567317 0.073138081 -0.004813733 0.997310221 53.409812927
0.997186661 -0.008436779 -0.074481808 -3.305266857 0.008887024 0.999944210 0.005715660 -0.512765765 0.074429415 -0.006361502 0.997205973 54.368721008
0.997065961 -0.011615099 -0.075660579 -3.375256062 0.012363553 0.999879122 0.009431366 -0.512327015 0.075541876 -0.010339127 0.997088969 55.325225830
0.997000337 -0.012009678 -0.076459631 -3.442264557 0.013163368 0.999806702 0.014602806 -0.518290937 0.076269493 -0.015565468 0.996965706 56.268005371
0.996963084 -0.010621463 -0.077148214 -3.519018650 0.011967096 0.999783874 0.017000860 -0.519958198 0.076950960 -0.017872469 0.996874690 57.222877502
0.996871769 -0.009279742 -0.078489408 -3.597277164 0.010325394 0.999863088 0.012926867 -0.521843195 0.078358702 -0.013696863 0.996831119 58.150966644
0.996776223 -0.008062829 -0.079826295 -3.676810265 0.008517314 0.999949336 0.005354560 -0.525188625 0.079779074 -0.006017204 0.996794522 59.066955566
0.996729195 -0.006086252 -0.080584459 -3.755153418 0.006112406 0.999981344 0.000077882 -0.525876343 0.080582462 -0.000570192 0.996747792 59.992218018
0.996668875 -0.000965252 -0.081549302 -3.838821411 0.001044780 0.999999046 0.000932548 -0.535388589 0.081548333 -0.001014642 0.996668816 60.893535614
0.996566892 0.001874858 -0.082770757 -3.922868729 -0.001612635 0.999993503 0.003234786 -0.547542930 0.082776271 -0.003090202 0.996563315 61.788425446
0.996473253 0.004254410 -0.083802655 -3.999169827 -0.003870749 0.999981284 0.004740104 -0.561186314 0.083821245 -0.004399008 0.996471047 62.669094086
0.996370614 0.004908136 -0.084979586 -4.077989578 -0.004527043 0.999978781 0.004676649 -0.570911050 0.085000746 -0.004274969 0.996371627 63.534076691
0.996238112 0.006619055 -0.086405165 -4.158421040 -0.006166114 0.999965787 0.005507905 -0.580891490 0.086438671 -0.004954400 0.996244848 64.387565613
0.996107459 0.007460146 -0.087830648 -4.237668991 -0.006941934 0.999956608 0.006204099 -0.592137873 0.087873116 -0.005570234 0.996116102 65.229919434
0.995984852 0.007471521 -0.089209832 -4.309260368 -0.006909915 0.999954343 0.006602534 -0.602071583 0.089255080 -0.005959591 0.995990992 66.040153503
0.995888591 0.007334312 -0.090289809 -4.384923458 -0.006678809 0.999949157 0.007559991 -0.607419491 0.090340659 -0.006925880 0.995886803 66.844108582
0.995719194 0.009927928 -0.091895655 -4.461323738 -0.009015189 0.999905825 0.010342100 -0.615099251 0.091989681 -0.009469369 0.995714903 67.646324158
0.995579898 0.011231215 -0.093245327 -4.537784100 -0.009923824 0.999845922 0.014472833 -0.619673908 0.093393527 -0.013483510 0.995537937 68.430679321
0.995398164 0.014538511 -0.094716281 -4.623628139 -0.013065235 0.999784112 0.016156271 -0.621945739 0.094930738 -0.014844431 0.995373189 69.208549500
0.995233893 0.017453326 -0.095942579 -4.704975128 -0.016386658 0.999794960 0.011894534 -0.626094460 0.096130528 -0.010265661 0.995315790 69.957878113
0.995097280 0.017153669 -0.097402133 -4.778904915 -0.016758768 0.999847651 0.004871073 -0.637856126 0.097470865 -0.003214851 0.995233119 70.679748535
0.994953990 0.016424663 -0.098978154 -4.849606514 -0.016607946 0.999861479 -0.001028050 -0.643092692 0.098947570 0.002666687 0.995089054 71.384902954
0.994898140 0.017163670 -0.099413961 -4.925193787 -0.017491156 0.999844015 -0.002423466 -0.645821273 0.099356867 0.004149967 0.995043218 72.078269958
0.994794309 0.019794839 -0.099961974 -5.003980637 -0.019764017 0.999803841 0.001298724 -0.656690657 0.099968076 0.000683687 0.994990349 72.753715515
0.994650662 0.020252852 -0.101290517 -5.074193954 -0.019987907 0.999793649 0.003630002 -0.674419045 0.101343133 -0.001585999 0.994850218 73.404884338
0.994621694 0.016954491 -0.102177791 -5.141082764 -0.016994670 0.999855518 0.000477322 -0.685606897 0.102171108 0.001261723 0.994766057 74.034133911
0.994681239 0.008603577 -0.102641448 -5.184621811 -0.009135181 0.999947071 -0.004710298 -0.699309409 0.102595508 0.005622892 0.994707167 74.650588989
0.994829297 0.004654431 -0.101454496 -5.243704796 -0.005671186 0.999936402 -0.009735647 -0.703783214 0.101402730 0.010260673 0.994792461 75.248092651
0.995094061 0.006908767 -0.098691925 -5.295080662 -0.007920030 0.999919951 -0.009858564 -0.717633307 0.098615929 0.010591840 0.995069206 75.826927185
0.995466053 0.012158139 -0.094339289 -5.362035275 -0.012837680 0.999895811 -0.006599578 -0.735546649 0.094249241 0.007780754 0.995518208 76.398284912
0.995909870 0.010664373 -0.089722216 -5.411744595 -0.011028078 0.999932826 -0.003558925 -0.744268417 0.089678250 0.004533831 0.995960414 76.956184387
0.996441722 0.007305908 -0.083967581 -5.449314117 -0.007304103 0.999973357 0.000328672 -0.749245107 0.083967730 0.000285807 0.996468484 77.500434875
0.997129798 0.002524524 -0.075671040 -5.480329990 -0.002218439 0.999989033 0.004128718 -0.767991364 0.075680636 -0.003948995 0.997124314 78.025886536
0.997844994 0.006131616 -0.065328270 -5.505650997 -0.005898737 0.999975502 0.003757043 -0.772501945 0.065349683 -0.003363593 0.997856796 78.544509888
0.998685837 0.011221648 -0.050007720 -5.536832333 -0.011082436 0.999933839 0.003060224 -0.776852489 0.050038740 -0.002501995 0.998744190 79.049575806
0.999359667 0.016286233 -0.031860799 -5.552381039 -0.016178150 0.999862432 0.003647283 -0.783469796 0.031915817 -0.003129499 0.999485731 79.542785645
0.999840736 0.015042083 -0.009604216 -5.544755459 -0.015000191 0.999877632 0.004418988 -0.791201890 0.009669498 -0.004274220 0.999944150 80.022583008
0.999799073 0.011580075 0.016361810 -5.507647514 -0.011667700 0.999917924 0.005270271 -0.796603918 -0.016299441 -0.005460116 0.999852180 80.478355408
0.998897731 0.010443035 0.045761902 -5.462328434 -0.010775781 0.999917150 0.007030644 -0.807363093 -0.045684695 -0.007516015 0.998927593 80.930961609
0.996840715 0.009923305 0.078804217 -5.404971600 -0.010620178 0.999908030 0.008428898 -0.812642455 -0.078713335 -0.009239183 0.996854484 81.383361816
0.993136406 0.010009494 0.116533108 -5.331835747 -0.011111060 0.999899387 0.008807020 -0.816317976 -0.116433248 -0.010041378 0.993147790 81.825134277
0.987335145 0.010049138 0.158329785 -5.247602463 -0.011553760 0.999896407 0.008585471 -0.819223762 -0.158227071 -0.010306042 0.987348914 82.226760864
0.979007840 0.009844644 0.203584477 -5.133693695 -0.011793374 0.999895513 0.008361104 -0.822939634 -0.203480855 -0.010586532 0.979021668 82.645446777
0.967590749 0.011892696 0.252243340 -4.995407104 -0.013959237 0.999882102 0.006404665 -0.833090961 -0.252137423 -0.009718219 0.967642665 83.044754028
0.952015162 0.013224960 0.305765033 -4.846588135 -0.015003227 0.999881387 0.003466404 -0.838223696 -0.305682957 -0.007887530 0.952100694 83.431121826
0.932295799 0.013542902 0.361443132 -4.665668488 -0.014916137 0.999888301 0.001009465 -0.841287255 -0.361389041 -0.006332455 0.932393670 83.798011780
0.908228338 0.013314851 0.418263137 -4.480911255 -0.014594506 0.999893486 -0.000139358 -0.856573582 -0.418220460 -0.005977775 0.908325911 84.108871460
0.879077077 0.013832823 0.476478934 -4.263355255 -0.014371747 0.999893546 -0.002513179 -0.858472407 -0.476463020 -0.004638556 0.879182339 84.437744141
0.845803440 0.012548509 0.533347011 -4.016609192 -0.011704580 0.999919176 -0.004964345 -0.862455487 -0.533366203 -0.002043743 0.845881999 84.741455078
0.808752775 0.012126441 0.588023663 -3.758213043 -0.010467100 0.999925852 -0.006224656 -0.872160971 -0.588055551 -0.001120695 0.808819771 85.033081055
0.768635333 0.011011330 0.639592350 -3.481452942 -0.009616606 0.999937773 -0.005658259 -0.878916740 -0.639614940 -0.001801570 0.768693447 85.305725098
0.726861835 0.010058466 0.686710000 -3.187007904 -0.010998634 0.999935031 -0.003004648 -0.891777575 -0.686695635 -0.005368908 0.726925254 85.538063049
0.683797717 0.008883470 0.729617536 -2.880081177 -0.009578717 0.999948978 -0.003197719 -0.895256758 -0.729608715 -0.004802207 0.683847964 85.721488953
0.637164772 0.007708178 0.770688951 -2.561523438 -0.006433870 0.999968290 -0.004682170 -0.900223255 -0.770700634 -0.001975200 0.637194276 85.929275513
0.590477407 0.005011979 0.807038605 -2.227081299 -0.000844823 0.999983966 -0.005592111 -0.908475161 -0.807053626 0.002620210 0.590472221 86.112808228
0.544410825 0.007248437 0.838787436 -1.887550354 -0.003241345 0.999973416 -0.006537557 -0.919756174 -0.838812351 0.000840316 0.544419944 86.277908325
0.496327579 0.010231961 0.868075013 -1.559291840 -0.006672964 0.999945998 -0.007971006 -0.926645398 -0.868109584 -0.001836404 0.496369123 86.445419312
0.451238811 0.012107228 0.892321110 -1.216541290 -0.007246611 0.999924719 -0.009902674 -0.936472654 -0.892373681 -0.001997834 0.451292604 86.577728271
0.407858282 0.009773578 0.912992895 -0.868499756 -0.000408010 0.999944508 -0.010522124 -0.945365608 -0.913045228 0.003919025 0.407839596 86.703407288
0.368502319 0.002071294 0.929624498 -0.499277115 0.014612453 0.999861002 -0.008020151 -0.949455380 -0.929511964 0.016539540 0.368420869 86.789634705
0.333246201 -0.001593312 0.942838550 -0.129772186 0.019074243 0.999805212 -0.005052209 -0.952576995 -0.942647040 0.019667558 0.333211690 86.881248474
0.300129801 0.002606931 0.953894734 0.235990524 0.016225632 0.999837577 -0.007837662 -0.960400999 -0.953760326 0.017829865 0.300038785 86.978355408
0.268540561 0.010393554 0.963212371 0.598070145 0.004874734 0.999914229 -0.012148649 -0.973987162 -0.963256061 0.007957808 0.268466920 87.086311340
0.240252510 0.014753530 0.970598400 0.978958130 0.000071690 0.999884188 -0.015216435 -0.990796685 -0.970710397 0.003725367 0.240223676 87.168388367
0.214448795 0.016403196 0.976597548 1.368988037 0.001172925 0.999853909 -0.017051378 -1.006520987 -0.976734519 0.004802123 0.214398265 87.234405518
0.190755248 0.017712403 0.981477857 1.778425217 0.008983050 0.999763787 -0.019788302 -1.016556740 -0.981596589 0.012591384 0.190551102 87.293594360
0.171309128 0.023858823 0.984928489 2.193476677 0.016298875 0.999501228 -0.027046705 -1.016246676 -0.985082567 0.020686572 0.170834869 87.331008911
0.151479825 0.031106800 0.987970829 2.613943100 0.018179115 0.999247968 -0.034249164 -1.010997534 -0.988293171 0.023148494 0.150800392 87.384208679
0.133521706 0.031558171 0.990543365 3.052743912 0.015761094 0.999298871 -0.033961654 -1.025913358 -0.990920663 0.020146664 0.132930681 87.442375183
0.118325546 0.027282160 0.992600143 3.511024475 0.013876067 0.999479532 -0.029125376 -1.048611403 -0.992877960 0.017219663 0.117885381 87.490402222
0.103868060 0.023951512 0.994302750 3.976937294 0.014131347 0.999573588 -0.025554681 -1.069001913 -0.994490743 0.016705154 0.103485316 87.531288147
0.090809956 0.021821264 0.995629132 4.451651573 0.016208952 0.999595225 -0.023386579 -1.081552863 -0.995736241 0.018261839 0.090419516 87.560791016
0.079108521 0.021035956 0.996644020 4.947382927 0.019900400 0.999544740 -0.022676775 -1.096274376 -0.996667325 0.021627540 0.078653902 87.587738037
0.068933859 0.021845156 0.997381985 5.459831238 0.023280719 0.999452770 -0.023499550 -1.108658075 -0.997349501 0.024839683 0.068387583 87.616233826
0.061014161 0.022518938 0.997882843 5.995298862 0.025183227 0.999392569 -0.024092801 -1.121179223 -0.997819126 0.026599910 0.060409993 87.642318726
0.055542175 0.022560365 0.998201370 6.535969257 0.026837379 0.999349833 -0.024079613 -1.140917540 -0.998095572 0.028126549 0.054900594 87.665611267
0.050109215 0.023553409 0.998465836 7.095314980 0.028158037 0.999291301 -0.024986016 -1.156362891 -0.998346746 0.029366877 0.049410474 87.686813354
0.044203572 0.024139509 0.998730898 7.681893349 0.028446743 0.999272346 -0.025411637 -1.176096797 -0.998617530 0.029533926 0.043484714 87.710090637
0.039518490 0.024152366 0.998926878 8.282344818 0.031112261 0.999193370 -0.025389640 -1.190866709 -0.998734295 0.032082230 0.038735185 87.731910706
0.036783542 0.024212947 0.999029815 8.905019760 0.032415301 0.999151409 -0.025409397 -1.207339644 -0.998797417 0.033318494 0.035967462 87.748161316
0.033761304 0.023583038 0.999151647 9.541910172 0.033631928 0.999128580 -0.024718912 -1.229760647 -0.998863935 0.034437943 0.032938741 87.764732361
0.031334545 0.022948895 0.999245405 10.196725845 0.035778470 0.999069870 -0.024066808 -1.249762774 -0.998868406 0.036505595 0.030484326 87.782852173
0.030759858 0.022509573 0.999273360 10.876757622 0.040030997 0.998916566 -0.023733778 -1.268730760 -0.998724997 0.040731952 0.029825447 87.795814514
0.031848498 0.022183713 0.999246597 11.566622734 0.043648418 0.998769045 -0.023564300 -1.285939932 -0.998539269 0.044366017 0.030841008 87.812873840
0.034292661 0.021940188 0.999171138 12.273305893 0.045595497 0.998683631 -0.023494380 -1.309496164 -0.998371184 0.046363387 0.033247147 87.838615417
0.037985649 0.022111388 0.999033630 13.000761986 0.047620691 0.998579204 -0.023911985 -1.328520298 -0.998142958 0.048482981 0.036878720 87.865180969
0.042567950 0.021524029 0.998861730 13.746134758 0.048150349 0.998561919 -0.023569571 -1.349963069 -0.997932673 0.049098849 0.041470349 87.895614624
0.046561390 0.019890446 0.998717368 14.500032425 0.049940020 0.998505175 -0.022214478 -1.370019078 -0.997666299 0.050910302 0.045498464 87.931259155
0.050202407 0.018473964 0.998568058 15.263839722 0.048777793 0.998590469 -0.020926647 -1.390059471 -0.997547150 0.049758524 0.049230523 87.979835510
0.054288357 0.016443728 0.998389900 16.068140030 0.046220884 0.998751223 -0.018962981 -1.409543872 -0.997454941 0.047175944 0.053460520 88.031257629
0.058046278 0.015621141 0.998191655 16.862634659 0.045553207 0.998794615 -0.018279562 -1.427177072 -0.997274101 0.046531890 0.057264712 88.090049744
0.062310211 0.016209412 0.997925222 17.671112061 0.042993777 0.998896301 -0.018909708 -1.452307701 -0.997130394 0.044082843 0.061544534 88.146057129
0.065338321 0.020240830 0.997657835 18.463603973 0.040340494 0.998923361 -0.022908477 -1.480268717 -0.997047424 0.041742824 0.064451441 88.196304321
0.066776276 0.025664834 0.997437954 19.264028549 0.034433395 0.999014437 -0.028010638 -1.503993988 -0.997173667 0.036215622 0.065826729 88.258926392
0.066564873 0.028648918 0.997370780 20.070245743 0.031574327 0.999026716 -0.030803764 -1.534094810 -0.997282445 0.033541769 0.065595515 88.320121765
0.066672571 0.028351922 0.997372210 20.898956299 0.029131142 0.999114811 -0.030348832 -1.565430403 -0.997349560 0.031078020 0.065787628 88.387123108
0.066563852 0.026584748 0.997428060 21.709293365 0.026321910 0.999250352 -0.028389925 -1.598336697 -0.997434914 0.028143952 0.065814190 88.451553345
0.066647470 0.025376309 0.997453928 22.525634766 0.027247297 0.999257445 -0.027242795 -1.631325960 -0.997404575 0.028993584 0.065906532 88.503158569
0.066661969 0.024318440 0.997479200 23.347517014 0.024753129 0.999355078 -0.026018430 -1.671030521 -0.997468531 0.026425168 0.066016980 88.570457458
0.066783652 0.024831887 0.997458458 24.167140961 0.023065684 0.999384642 -0.026424177 -1.701454997 -0.997500837 0.024771763 0.066169783 88.633300781
0.066752881 0.025484189 0.997444034 24.969570160 0.020241413 0.999433458 -0.026889654 -1.731295586 -0.997564256 0.021984635 0.066199206 88.694030762
0.065539606 0.026630932 0.997494519 25.785545349 0.017451946 0.999460340 -0.027830081 -1.767768502 -0.997697353 0.019232193 0.065039471 88.755523682
0.062648706 0.026383877 0.997686803 26.599931717 0.014345406 0.999523520 -0.027333247 -1.797557592 -0.997932553 0.016024617 0.062240355 88.815216064
0.058441360 0.025182813 0.997973084 27.406288147 0.011795322 0.999594688 -0.025914459 -1.829855561 -0.998221159 0.013285890 0.058120620 88.873771667
0.053651679 0.022646125 0.998302937 28.231672287 0.010114307 0.999679208 -0.023220919 -1.859741688 -0.998508453 0.011342983 0.053405419 88.923515320
0.047875695 0.020506863 0.998642921 29.044612885 0.007949064 0.999749780 -0.020910678 -1.890238285 -0.998821557 0.008939388 0.047700707 88.962371826
0.040150862 0.021079920 0.998971343 29.851961136 0.007375315 0.999743938 -0.021392658 -1.917327881 -0.999166369 0.008226662 0.039985113 88.997749329
0.031648159 0.021689720 0.999263644 30.642818451 0.006486863 0.999739051 -0.021905487 -1.948841453 -0.999478042 0.007175355 0.031499200 89.017784119
0.021300159 0.022324037 0.999523878 31.446573257 0.006849844 0.999723911 -0.022474483 -1.972202539 -0.999749720 0.007325290 0.021141365 89.039100647
0.011367159 0.021237513 0.999709904 32.247650146 0.008838803 0.999733269 -0.021338509 -2.001620770 -0.999896348 0.009078794 0.011176415 89.044097900
0.000328667 0.020515611 0.999789476 33.038608551 0.007961123 0.999757886 -0.020517575 -2.027773142 -0.999968231 0.007966189 0.000165261 89.046333313
-0.010675226 0.019550957 0.999751806 33.816593170 0.008826187 0.999771774 -0.019457100 -2.051158667 -0.999903977 0.008616286 -0.010845350 89.037300110
-0.021303046 0.019785194 0.999577165 34.599254608 0.009022391 0.999767303 -0.019596666 -2.078184128 -0.999732316 0.008601110 -0.021476600 89.014610291
-0.033019017 0.020626543 0.999241889 35.369342804 0.009100936 0.999751806 -0.020336330 -2.104081154 -0.999413252 0.008422551 -0.033198543 88.992332458
-0.043025289 0.021613868 0.998840153 36.144794464 0.008926602 0.999734402 -0.021248702 -2.133638859 -0.999034107 0.008002018 -0.043206804 88.950920105
-0.053572357 0.022629831 0.998307526 36.908519745 0.009339595 0.999710798 -0.022160448 -2.158629894 -0.998520315 0.008136602 -0.053768221 88.911575317
-0.063075572 0.023287604 0.997736990 37.671768188 0.010645130 0.999686539 -0.022660138 -2.188916683 -0.997951984 0.009191738 -0.063303709 88.858314514
-0.073076285 0.024125790 0.997034490 38.441726685 0.011165269 0.999664545 -0.023371087 -2.211324692 -0.997263968 0.009424286 -0.073321141 88.813140869
-0.082220018 0.024316609 0.996317506 39.180595398 0.011899209 0.999655068 -0.023416098 -2.241465807 -0.996543169 0.009930116 -0.082481004 88.748138428
-0.090997055 0.023868551 0.995564997 39.912971497 0.013262127 0.999653101 -0.022754373 -2.266573668 -0.995762885 0.011132728 -0.091282040 88.678993225
-0.098473541 0.022442181 0.994886518 40.643791199 0.014524255 0.999671638 -0.021112513 -2.296750546 -0.995033681 0.012370963 -0.098767154 88.609191895
-0.103249773 0.021109927 0.994431496 41.384788513 0.018164691 0.999648035 -0.019334663 -2.325590134 -0.994489551 0.016067235 -0.103596896 88.517517090
-0.106545515 0.019635228 0.994114041 42.092105865 0.021571804 0.999615312 -0.017431902 -2.347412586 -0.994073808 0.019587539 -0.106928103 88.428298950
-0.109541543 0.018502535 0.993809998 42.801109314 0.022796232 0.999610484 -0.016097842 -2.371465206 -0.993720770 0.020891743 -0.109920658 88.354019165
-0.111262798 0.017527724 0.993636370 43.486072540 0.022694413 0.999628484 -0.015092210 -2.394432306 -0.993531823 0.020870797 -0.111619227 88.278190613
-0.112175770 0.018048609 0.993524432 44.151069641 0.023812845 0.999596715 -0.015470289 -2.417336226 -0.993403018 0.021923253 -0.112560347 88.203720093
-0.110853180 0.018800098 0.993658900 44.803432465 0.024402631 0.999571085 -0.016189590 -2.440422297 -0.993537188 0.022453224 -0.111264408 88.127838135
-0.107942879 0.020638166 0.993942916 45.426403046 0.025547838 0.999511838 -0.017979290 -2.459938765 -0.993828773 0.023452355 -0.108417481 88.062812805
-0.102808908 0.021127338 0.994476676 46.044940948 0.025700117 0.999496996 -0.018577117 -2.482695818 -0.994369090 0.023648277 -0.103300169 87.999359131
-0.094891019 0.021987926 0.995244861 46.640003204 0.025174672 0.999489248 -0.019681437 -2.500383377 -0.995169342 0.023187371 -0.095396101 87.948127747
-0.083752513 0.021690072 0.996250570 47.222377777 0.023984946 0.999517322 -0.019744841 -2.528177261 -0.996197939 0.022241332 -0.084232315 87.909912109
-0.070008792 0.021990379 0.997304022 47.780723572 0.023286046 0.999520600 -0.020404624 -2.550309896 -0.997274578 0.021794761 -0.070487291 87.877601624
-0.053123154 0.023187727 0.998318791 48.318428040 0.022226883 0.999510109 -0.022032648 -2.576874971 -0.998340607 0.021019068 -0.053612508 87.867637634
-0.031908002 0.025539517 0.999164462 48.849987030 0.020230077 0.999485135 -0.024901675 -2.601366043 -0.999286056 0.019418610 -0.032408245 87.868247986
-0.007346585 0.028673917 0.999561846 49.376930237 0.018091284 0.999428988 -0.028537137 -2.623788834 -0.999809444 0.017873706 -0.007861130 87.884841919
0.020643923 0.030450933 0.999323070 49.890640259 0.016194582 0.999394774 -0.030787662 -2.644230366 -0.999655843 0.016819198 0.020138301 87.921401978
0.053735197 0.029713867 0.998112977 50.401660919 0.013420030 0.999445438 -0.030476019 -2.669627428 -0.998465180 0.015032339 0.053306635 87.971176147
0.092671648 0.027001726 0.995330513 50.874198914 0.012392795 0.999523520 -0.028269321 -2.694655180 -0.995619655 0.014954688 0.092292875 88.016159058
0.134714290 0.023405226 0.990607917 51.401008606 0.010438576 0.999632001 -0.025037993 -2.714362621 -0.990829527 0.013713514 0.134420365 88.115112305
0.180473253 0.019186053 0.983392715 51.889431000 0.007862153 0.999749720 -0.020948043 -2.733988762 -0.983548462 0.011512145 0.180277228 88.225479126
0.228754044 0.016044322 0.973352075 52.374824524 0.003494555 0.999844193 -0.017302282 -2.748899460 -0.973477960 0.007359399 0.228662372 88.370330811
0.280249953 0.014252832 0.959821284 52.841377258 -0.000314241 0.999891102 -0.014756095 -2.768695831 -0.959927082 0.003833777 0.280223906 88.543258667
0.335363567 0.013982642 0.941985011 53.286556244 -0.002023749 0.999898314 -0.014121800 -2.786838055 -0.942086697 0.002829594 0.335357785 88.732208252
0.391519785 0.015202834 0.920044005 53.709625244 0.000322655 0.999861121 -0.016659034 -2.794087887 -0.920169592 0.006819201 0.391460598 88.957092285
0.452068448 0.017610861 0.891809344 54.126274109 0.001582927 0.999787629 -0.020545548 -2.817862749 -0.891981840 0.010699664 0.451944590 89.195220947
0.511975765 0.021118002 0.858740270 54.519607544 0.002295406 0.999660552 -0.025952000 -2.833708286 -0.858996749 0.015257954 0.511753559 89.462570190
0.570912242 0.026264179 0.820590973 54.881790161 -0.001117104 0.999512076 -0.031213598 -2.829869986 -0.821010351 0.016903542 0.570663035 89.747619629
0.624806941 0.028895516 0.780244350 55.204956055 -0.004758661 0.999437332 -0.033202432 -2.846678972 -0.780764699 0.017032195 0.624592900 90.083343506
0.678213418 0.029017171 0.734292030 55.531814575 -0.006188264 0.999410272 -0.033778246 -2.870852470 -0.734839141 0.018364867 0.677992940 90.425819397
0.726863563 0.026685273 0.686263382 55.818168640 -0.006248338 0.999460459 -0.032245915 -2.891511440 -0.686753631 0.019150373 0.726638019 90.783035278
0.770919025 0.024803134 0.636450291 56.061233521 -0.009168945 0.999570131 -0.027848156 -2.895348310 -0.636867404 0.015633091 0.770814955 91.169631958
0.812897921 0.020514527 0.582044721 56.321544647 -0.009854499 0.999720812 -0.021472750 -2.899407625 -0.582322836 0.011719396 0.812873125 91.574348450
0.849624813 0.018464575 0.527064145 56.542686462 -0.012328386 0.999809206 -0.015152902 -2.907101393 -0.527243495 0.006376434 0.849690378 91.998886108
0.880356312 0.015359595 0.474064112 56.719665527 -0.013226461 0.999881864 -0.007833924 -2.914841890 -0.474128455 0.000626457 0.880455494 92.429389954
0.906031668 0.016316894 0.422895133 56.882362366 -0.017116170 0.999851823 -0.001907514 -2.929060936 -0.422863483 -0.005510074 0.906176686 92.862243652
0.925725281 0.017767843 0.377778977 56.991508484 -0.020168077 0.999793768 0.002398012 -2.949491978 -0.377658546 -0.009838978 0.925892711 93.262046814
0.940768480 0.023483383 0.338235617 57.113815308 -0.026712673 0.999631107 0.004895157 -2.953568935 -0.337995857 -0.013640386 0.941048682 93.712333679
0.952597737 0.027727006 0.302967131 57.224224091 -0.030409863 0.999528944 0.004140442 -2.955176592 -0.302709609 -0.013157364 0.952992022 94.172058105
0.961707532 0.030126674 0.272417188 57.327816010 -0.032500956 0.999462843 0.004206482 -2.952811718 -0.272144109 -0.012899224 0.962170005 94.638359070
0.967723370 0.024773024 0.250794828 57.435180664 -0.026738239 0.999632597 0.004431077 -2.956348896 -0.250592917 -0.010993870 0.968030035 95.105438232
0.971742570 0.022131065 0.235003695 57.546173096 -0.024098320 0.999694467 0.005502285 -2.969122887 -0.234810159 -0.011010000 0.971978903 95.584571838
0.974573553 0.026134763 0.222538680 57.636428833 -0.027976934 0.999595404 0.005128965 -2.970498800 -0.222314581 -0.011224505 0.974910378 96.081314087
0.976514399 0.031869471 0.213082477 57.722515106 -0.033960618 0.999404192 0.006159823 -2.973245144 -0.212759167 -0.013251571 0.977014780 96.596649170
0.977654815 0.038087741 0.206737325 57.823097229 -0.039758217 0.999201715 0.003930021 -2.957475185 -0.206422582 -0.012061713 0.978388608 97.077789307
0.978019595 0.043889023 0.203841612 57.916942596 -0.044943295 0.998989344 0.000543312 -2.962179184 -0.203611776 -0.009692685 0.979003727 97.597183228
0.978076458 0.045553062 0.203202695 58.020431519 -0.046041619 0.998936832 -0.002324829 -2.966171503 -0.203092545 -0.007081918 0.979133964 98.137786865
0.977564871 0.044568479 0.205865711 58.133926392 -0.044383526 0.998999298 -0.005518722 -2.980111122 -0.205905676 -0.003742136 0.978564739 98.669181824
0.976841867 0.042924006 0.209612533 58.255386353 -0.041206777 0.999071777 -0.012554895 -2.977477074 -0.209956855 0.003626692 0.977703989 99.229003906
0.976082563 0.042554524 0.213194445 58.390991211 -0.039842043 0.999061227 -0.017005401 -2.984492302 -0.213717982 0.008104578 0.976861835 99.770195007
0.974816382 0.047392130 0.217914984 58.507007599 -0.044798702 0.998854339 -0.016829142 -2.992365360 -0.218462884 0.006643019 0.975822747 100.355377197
0.973387897 0.050497230 0.223531112 58.636299133 -0.048869591 0.998723030 -0.012811117 -3.003958225 -0.223892629 0.001546314 0.974612594 100.944053650
0.972466946 0.047205675 0.228209451 58.782249451 -0.046548534 0.998881817 -0.008264243 -3.013824701 -0.228344381 -0.002586111 0.973577082 101.539840698
0.971753061 0.043105032 0.232030153 58.932777405 -0.043707751 0.999041080 -0.002545201 -3.026771545 -0.231917411 -0.007668207 0.972705305 102.162414551
0.970980823 0.040634330 0.235679820 59.086463928 -0.042393576 0.999098063 0.002400183 -3.038786411 -0.235369742 -0.012321843 0.971827745 102.785034180
0.970386565 0.035898641 0.238874838 59.242649078 -0.037720237 0.999283671 0.003057197 -3.044036388 -0.238593966 -0.011977077 0.971045554 103.423553467
0.970407128 0.032366570 0.239295453 59.402427673 -0.033265136 0.999446571 -0.000283872 -3.048031807 -0.239172176 -0.007684723 0.970946729 104.066383362
0.970575929 0.031829897 0.238682210 59.565216064 -0.031065257 0.999493122 -0.006965617 -3.058144093 -0.238782912 -0.000654064 0.971072733 104.711967468
0.970775008 0.034194179 0.237542555 59.724746704 -0.031837851 0.999398410 -0.013750073 -3.067043781 -0.237869799 0.005785386 0.971279860 105.350730896
0.971363068 0.036986459 0.234703526 59.882415771 -0.033787437 0.999273360 -0.017638080 -3.072781563 -0.235185355 0.009202952 0.971907020 106.027938843
0.971926808 0.035848044 0.232536197 60.041027069 -0.033595841 0.999342382 -0.013639910 -3.078148842 -0.232872277 0.005444743 0.972492039 106.723899841
0.972322643 0.031587694 0.231496617 60.204406738 -0.031092741 0.999499798 -0.005787186 -3.095305443 -0.231563598 -0.001570852 0.972818613 107.431831360
0.972940743 0.031849280 0.228849202 60.375297546 -0.032782689 0.999462426 0.000277292 -3.109692097 -0.228717357 -0.007772081 0.973461807 108.156768799
0.973169327 0.035308171 0.227365106 60.531875610 -0.036134798 0.999346793 -0.000527029 -3.117772579 -0.227235183 -0.007702905 0.973809421 108.887985229
0.973523378 0.040802822 0.224916518 60.689102173 -0.040688820 0.999158561 -0.005143998 -3.126025438 -0.224937201 -0.004143787 0.974364400 109.615516663
0.974342823 0.041740369 0.221164569 60.852058411 -0.040459055 0.999127924 -0.010322534 -3.134554386 -0.221402541 0.001109575 0.975181818 110.354690552
0.975293338 0.040306035 0.217205584 61.018562317 -0.038337111 0.999176800 -0.013272813 -3.144237041 -0.217561722 0.004617851 0.976035595 111.111000061
0.976248860 0.038170211 0.213262782 61.187675476 -0.036480598 0.999264121 -0.011853840 -3.154367447 -0.213558301 0.003792345 0.976922870 111.885711670
0.977105618 0.034509670 0.209937513 61.353889465 -0.033238605 0.999401510 -0.009580926 -3.171117306 -0.210142508 0.002383548 0.977667809 112.657623291
0.977539301 0.033174623 0.208126068 61.520313263 -0.032468788 0.999449551 -0.006807623 -3.184359789 -0.208237350 -0.000102883 0.978078365 113.451133728
0.977866709 0.030388914 0.207010418 61.687820435 -0.030088237 0.999536693 -0.004601459 -3.193320751 -0.207054317 -0.001728965 0.978327870 114.251869202
0.978033900 0.025493490 0.206880659 61.852592468 -0.025382210 0.999672651 -0.003192578 -3.206522942 -0.206894353 -0.002128639 0.978360891 115.036315918
0.978155255 0.026273012 0.206208766 62.017848969 -0.026500503 0.999647379 -0.001659206 -3.215760708 -0.206179693 -0.003841675 0.978506625 115.838973999
0.977952480 0.031498749 0.206438258 62.183212280 -0.031423923 0.999499500 -0.003642178 -3.224472046 -0.206449658 -0.002925224 0.978452861 116.664611816
0.977690935 0.037384510 0.206694603 62.348320007 -0.036694683 0.999300838 -0.007171472 -3.228987932 -0.206818178 -0.000573111 0.978379190 117.462677002
0.977141023 0.045345739 0.207699910 62.508941650 -0.044539198 0.998970926 -0.008560388 -3.246668816 -0.207874373 -0.000886082 0.978155077 118.294380188
0.976178169 0.051400561 0.210794464 62.669338226 -0.050824989 0.998674273 -0.008150944 -3.258076191 -0.210933968 -0.002756853 0.977496386 119.122558594
0.975414157 0.053974729 0.213668451 62.839439392 -0.053928543 0.998526573 -0.006049283 -3.276567459 -0.213680118 -0.005622272 0.976887524 119.956237793
0.974807501 0.054913893 0.216182619 63.019493103 -0.054716997 0.998478055 -0.006900553 -3.294266224 -0.216232553 -0.005102152 0.976328552 120.787277222
0.974422574 0.053023666 0.218378425 63.194450378 -0.052113231 0.998591840 -0.009930832 -3.301657200 -0.218597472 -0.001703580 0.975813568 121.623641968
0.974511445 0.046795525 0.219402671 63.400970459 -0.046131596 0.998902082 -0.008151127 -3.323435783 -0.219543219 -0.002178029 0.975600362 122.460746765
0.974750280 0.040204115 0.219648406 63.592578888 -0.039043531 0.999191105 -0.009624002 -3.341588020 -0.219857663 0.000805149 0.975531578 123.293174744
0.974543095 0.039637428 0.220668510 63.780658722 -0.038431145 0.999213576 -0.009758741 -3.360622406 -0.220881775 0.001029769 0.975300133 124.119964600
0.973924339 0.042418353 0.222872376 63.961814880 -0.041921951 0.999096572 -0.006960161 -3.373818636 -0.222966284 -0.002564577 0.974822879 124.959251404
0.973554015 0.043978430 0.224184096 64.145614624 -0.044825930 0.998993993 -0.001310184 -3.386860609 -0.224016130 -0.008773724 0.974545956 125.782081604
0.973182738 0.047523584 0.225071251 64.324966431 -0.049397487 0.998775542 0.002698590 -3.400730848 -0.224667415 -0.013744175 0.974338591 126.611869812
0.972991347 0.046596937 0.226089433 64.511116028 -0.047063421 0.998886406 -0.003329398 -3.421586752 -0.225992784 -0.007401064 0.974100947 127.430709839
0.973287284 0.042309493 0.225658357 64.705863953 -0.039246719 0.999066710 -0.018043511 -3.434957743 -0.226211116 0.008705168 0.974039435 128.241363525
