1.000000000 0.000000000 -0.000000030 0.000000000 0.000000000 1.000000000 0.000000000 0.000000000 -0.000000030 0.000000000 1.000000000 0.000000000
0.999991357 -0.002494996 -0.003332585 -0.003998937 0.002487700 0.999994516 -0.002191790 -0.004838755 0.003337975 0.002183480 0.999992073 0.666397870
0.999971747 -0.001497867 -0.007369071 -0.009725787 0.001471443 0.999992490 -0.003589809 -0.008961466 0.007374346 0.003578866 0.999966323 1.364062428
0.999935448 -0.001311501 -0.011289239 -0.024070300 0.001255486 0.999986827 -0.004967454 -0.012025210 0.011295467 0.004952965 0.999923885 2.061897755
0.999869168 0.000038058 -0.016176475 -0.044426724 -0.000129918 0.999983847 -0.005677607 -0.014950909 0.016175861 0.005678970 0.999853015 2.789062738
0.999786615 -0.000967106 -0.020636378 -0.056289431 0.000851974 0.999983966 -0.005587064 -0.029859398 0.020641359 0.005568289 0.999771476 3.515680313
0.999683797 0.000820864 -0.025133926 -0.081839047 -0.000996593 0.999975204 -0.006979923 -0.032772720 0.025127478 0.007002764 0.999659777 4.270021439
0.999548793 0.003418755 -0.029838324 -0.113763437 -0.003648342 0.999964178 -0.007643419 -0.041666683 0.029811112 0.007748836 0.999525547 5.018306732
0.999414742 0.003735033 -0.034000978 -0.147792563 -0.003937268 0.999975085 -0.005882957 -0.050400596 0.033978146 0.006013389 0.999404490 5.800399303
0.999245644 0.002921549 -0.038724590 -0.178905308 -0.003053498 0.999989808 -0.003348717 -0.056299228 0.038714409 0.003464438 0.999244332 6.606549263
0.999112129 0.002857361 -0.042033464 -0.213912278 -0.002886137 0.999995649 -0.000623925 -0.066986009 0.042031463 0.000744685 0.999116004 7.393819332
0.998995900 0.004201295 -0.044604864 -0.256927431 -0.004265885 0.999989927 -0.001352972 -0.073513947 0.044598702 0.001541894 0.999003828 8.207987785
0.998901963 0.003578721 -0.046711814 -0.305595547 -0.003654363 0.999992132 -0.001534047 -0.079637371 0.046705931 0.001703066 0.998907208 9.033309937
0.998816371 0.001137314 -0.048624512 -0.338698924 -0.001248238 0.999996722 -0.002250914 -0.085221894 0.048621774 0.002308942 0.998814583 9.855938911
0.998701155 0.000896385 -0.050940882 -0.379865408 -0.000976445 0.999998391 -0.001546740 -0.090963118 0.050939396 0.001594470 0.998700500 10.697308540
0.998640954 -0.000802746 -0.052109297 -0.431049436 0.000702524 0.999997914 -0.001941571 -0.097253703 0.052110728 0.001902323 0.998639524 11.538521767
0.998529077 0.001517569 -0.054196499 -0.483084321 -0.001738927 0.999990344 -0.004037417 -0.111736029 0.054189831 0.004125721 0.998522103 12.399133682
0.998467922 0.001968822 -0.055298332 -0.533993602 -0.002360491 0.999972582 -0.007018434 -0.114735201 0.055282947 0.007138213 0.998445213 13.263893127
0.998369098 0.005811680 -0.056791756 -0.594376564 -0.006313623 0.999942541 -0.008662900 -0.126501158 0.056738105 0.009007335 0.998348415 14.140189171
0.998281837 0.006803758 -0.058198214 -0.644889653 -0.007283038 0.999941230 -0.008027148 -0.142337844 0.058140125 0.008437218 0.998272717 15.024095535
0.998199522 0.005859222 -0.059693534 -0.699452043 -0.006257268 0.999959409 -0.006483439 -0.156034976 0.059653062 0.006845285 0.998195708 15.918375015
0.998108506 0.006781657 -0.061100181 -0.757882357 -0.007105523 0.999961793 -0.005084877 -0.166817605 0.061063308 0.005509409 0.998118699 16.816465378
0.998063326 0.006252178 -0.061891474 -0.815401077 -0.006566170 0.999966562 -0.004871193 -0.183956087 0.061858892 0.005268152 0.998071134 17.718719482
0.997967601 0.006096816 -0.063431650 -0.876943111 -0.006470700 0.999962807 -0.005690523 -0.195435584 0.063394554 0.006089407 0.997969925 18.626234055
0.997893393 0.004448688 -0.064722992 -0.936622739 -0.004871337 0.999967813 -0.006373765 -0.210189670 0.064692512 0.006675627 0.997882903 19.538728714
0.997874498 0.004614234 -0.065001756 -0.998022676 -0.004926668 0.999977112 -0.004647035 -0.222886354 0.064978808 0.004957401 0.997874379 20.448139191
0.997850657 0.005761563 -0.065274462 -1.062224388 -0.005858360 0.999981999 -0.001291573 -0.232562989 0.065265842 0.001671199 0.997866571 21.374753952
0.997902513 0.006511757 -0.064406447 -1.127393842 -0.006358802 0.999976575 0.002579602 -0.245308846 0.064421721 -0.002164643 0.997920454 22.302738190
0.998026490 0.005096415 -0.062587410 -1.181760788 -0.004759366 0.999973416 0.005533217 -0.251773089 0.062613897 -0.005224422 0.998024166 23.227796555
0.998129547 0.005360888 -0.060899481 -1.244800806 -0.004996193 0.999968708 0.006139242 -0.253724396 0.060930453 -0.005823493 0.998125017 24.167556763
0.998203158 0.005992497 -0.059619777 -1.303206205 -0.005815720 0.999978125 0.003138229 -0.260077536 0.059637245 -0.002785858 0.998216271 25.102655411
0.998262346 0.006329543 -0.058584329 -1.362400770 -0.006405053 0.999978781 -0.001101224 -0.274239600 0.058576014 0.001474546 0.998281777 26.052896500
0.998344421 0.005438862 -0.057262443 -1.421124578 -0.005673390 0.999976158 -0.003933894 -0.283881158 0.057239581 0.004252253 0.998351395 27.001050949
0.998404741 0.003139811 -0.056375369 -1.481554985 -0.003295213 0.999991000 -0.002663825 -0.293547660 0.056366399 0.002845345 0.998406053 27.967695236
0.998376727 0.001826722 -0.056925442 -1.529815793 -0.001720570 0.999996722 0.001913784 -0.303784370 0.056928691 -0.001812732 0.998376548 28.936052322
0.998331606 -0.001837684 -0.057711441 -1.586440086 0.002143533 0.999984026 0.005238244 -0.311822981 0.057700828 -0.005353210 0.998319566 29.910316467
0.998221338 -0.009286341 -0.058889002 -1.632855654 0.009579786 0.999943018 0.004702652 -0.320240676 0.058841910 -0.005258429 0.998253465 30.877658844
0.998105049 -0.012037018 -0.060345430 -1.689544201 0.012103641 0.999926507 0.000738597 -0.322783172 0.060332045 -0.001467596 0.998177230 31.855102539
0.998028457 -0.011584201 -0.061684724 -1.748888969 0.011412825 0.999929905 -0.003129875 -0.333183348 0.061716650 0.002419710 0.998090744 32.823356628
0.997909665 -0.010416010 -0.063779563 -1.817595363 0.010194999 0.999940753 -0.003789751 -0.342509806 0.063815251 0.003131599 0.997956753 33.809444427
0.997859955 -0.010150958 -0.064594805 -1.883071303 0.010002459 0.999946535 -0.002621910 -0.354055494 0.064617932 0.001970194 0.997908235 34.796417236
0.997814298 -0.007038932 -0.065703683 -1.956633091 0.007069740 0.999974966 0.000236386 -0.367558032 0.065700337 -0.000700375 0.997839212 35.790374756
0.997706175 -0.007237103 -0.067305982 -2.020070076 0.007373659 0.999971271 0.001780678 -0.382991076 0.067291111 -0.002272882 0.997730851 36.790687561
0.997640848 -0.006160307 -0.068373367 -2.090295315 0.006471431 0.999969780 0.004329805 -0.389237970 0.068344578 -0.004762062 0.997650445 37.764926910
0.997668326 -0.006231224 -0.067963786 -2.164514780 0.006739123 0.999950945 0.007246315 -0.396288246 0.067915261 -0.007687434 0.997661591 38.765422821
0.997640789 -0.000032930 -0.068650991 -2.242251396 0.000662604 0.999957919 0.009149296 -0.395997316 0.068647757 -0.009173200 0.997598767 39.750938416
0.997631192 -0.000499148 -0.068787165 -2.318606615 0.001112649 0.999960005 0.008880780 -0.403444141 0.068779908 -0.008936283 0.997591972 40.756534576
0.997639835 -0.000615089 -0.068662077 -2.392082214 0.001128348 0.999971747 0.007436576 -0.407187879 0.068655498 -0.007496502 0.997612298 41.749046326
0.997618854 0.001843102 -0.068944119 -2.469624996 -0.001501515 0.999986351 0.005006014 -0.415059865 0.068952352 -0.004890576 0.997608006 42.748153687
0.997576475 0.001474751 -0.069563024 -2.530774593 -0.001141444 0.999987662 0.004830983 -0.416992009 0.069569238 -0.004739869 0.997565866 43.710433960
0.997488499 -0.000347771 -0.070828848 -2.601506472 0.000775922 0.999981701 0.006017474 -0.426137328 0.070825405 -0.006057317 0.997470319 44.694271088
0.997452736 0.000614052 -0.071328834 -2.682970047 -0.000132450 0.999977171 0.006756424 -0.431483656 0.071331285 -0.006729762 0.997429967 45.677787781
0.997417212 0.001869373 -0.071801960 -2.745849848 -0.001601765 0.999991596 0.003784405 -0.443139046 0.071808368 -0.003659623 0.997411728 46.648525238
0.997345328 0.002251635 -0.072782390 -2.822478294 -0.002290311 0.999997377 -0.000447966 -0.449730635 0.072781116 0.000613469 0.997347713 47.612495422
0.997310281 0.003553517 -0.073210873 -2.903181791 -0.003709968 0.999991179 -0.002001149 -0.454995930 0.073203057 0.002267374 0.997314513 48.569988251
0.997288644 0.001438942 -0.073574536 -2.967656136 -0.001277566 0.999996722 0.002240371 -0.476878047 0.073577583 -0.002140298 0.997287273 49.552318573
0.997278392 -0.000484946 -0.073726565 -3.039959192 0.000877150 0.999985635 0.005287426 -0.486088336 0.073723011 -0.005337703 0.997264504 50.523155212
0.997259974 -0.002034018 -0.073948503 -3.113073587 0.002481920 0.999979198 0.005965552 -0.498160034 0.073934875 -0.006132740 0.997244298 51.478813171
0.997227490 -0.004973369 -0.074248560 -3.181006432 0.005327972 0.999975383 0.004578591 -0.503762841 0.074223936 -0.004961488 0.997229218 52.430797577
0.997199655 -0.007815936 -0.074375354 -3.254407406 0.008103495 0.999960899 0.003565348 -0.515931785 0.074344546 -0.004158064 0.997223914 53.384067535
0.997116745 -0.009164022 -0.075327300 -3.329337597 0.009532521 0.999944448 0.004533874 -0.522242725 0.075281546 -0.005238861 0.997148514 54.338897705
0.996947885 -0.013062297 -0.076969661 -3.383591652 0.013774605 0.999866962 0.008730724 -0.529082119 0.076845370 -0.009764303 0.996995211 55.278038025
0.996922016 -0.013715295 -0.077191211 -3.462682962 0.014803670 0.999798596 0.013545176 -0.531673372 0.076989889 -0.014646197 0.996924341 56.220172882
0.996907532 -0.011704486 -0.077707417 -3.545477152 0.012955458 0.999794126 0.015613893 -0.530824900 0.077508673 -0.016572341 0.996853948 57.161933899
0.996748328 -0.011219653 -0.079793997 -3.612222672 0.012175396 0.999859691 0.011501172 -0.531039298 0.079653762 -0.012435297 0.996744990 58.119243622
0.996683538 -0.009563864 -0.080810964 -3.689635992 0.009940318 0.999941528 0.004257483 -0.540492237 0.080765456 -0.005046649 0.996720433 59.009876251
0.996645093 -0.007337731 -0.081514806 -3.772295952 0.007294758 0.999973059 -0.000824933 -0.545439124 0.081518590 0.000227537 0.996671855 59.921073914
0.996575773 -0.002841181 -0.082635611 -3.854361534 0.002852801 0.999995947 0.000022588 -0.555896521 0.082635149 -0.000258253 0.996579885 60.822422028
0.996497869 -0.000287239 -0.083617270 -3.940926790 0.000515103 0.999996185 0.002703555 -0.573965907 0.083616100 -0.002737161 0.996494174 61.721984863
0.996411145 0.002448759 -0.084609292 -4.021130562 -0.002125411 0.999990046 0.003911550 -0.583984315 0.084617957 -0.003717686 0.996406436 62.606533051
0.996319175 0.003318178 -0.085656308 -4.100556850 -0.002995927 0.999987960 0.003890412 -0.596988738 0.085668243 -0.003619470 0.996317148 63.471057892
0.996180832 0.005015027 -0.087169632 -4.185243607 -0.004630430 0.999978602 0.004613700 -0.604581892 0.087190956 -0.004192444 0.996182799 64.328308105
0.996048331 0.005879241 -0.088617831 -4.260343075 -0.005422789 0.999970794 0.005390629 -0.618174732 0.088646919 -0.004888772 0.996051192 65.164054871
0.995917201 0.005588565 -0.090098873 -4.334027767 -0.005091260 0.999970496 0.005748405 -0.624925196 0.090128325 -0.005266218 0.995916367 65.988853455
0.995811343 0.005206294 -0.091282755 -4.414570332 -0.004596129 0.999965608 0.006893293 -0.633240104 0.091315530 -0.006444871 0.995801151 66.795021057
0.995665550 0.007951190 -0.092664510 -4.496066093 -0.007100734 0.999929607 0.009503897 -0.638310850 0.092733569 -0.008804714 0.995652080 67.595199585
0.995527864 0.009705077 -0.093968511 -4.574490547 -0.008444066 0.999868989 0.013807874 -0.646987081 0.094090164 -0.012952646 0.995479465 68.381095886
0.995345533 0.012866935 -0.095507734 -4.657690048 -0.011453406 0.999816835 0.015333675 -0.648134470 0.095687509 -0.014168418 0.995310545 69.155838013
0.995181322 0.015729187 -0.096781313 -4.737967491 -0.014690369 0.999826610 0.011436914 -0.658815444 0.096944362 -0.009960052 0.995239973 69.897605896
0.995024323 0.015819794 -0.098368071 -4.810822487 -0.015478285 0.999871194 0.004233934 -0.666409016 0.098422319 -0.002690299 0.995141089 70.621315002
0.994903862 0.014744636 -0.099745482 -4.884642601 -0.014985040 0.999886274 -0.001661364 -0.672772169 0.099709675 0.003147588 0.995011628 71.331352234
0.994846165 0.015277277 -0.100238346 -4.957598209 -0.015663635 0.999872625 -0.003068481 -0.675871432 0.100178719 0.004622764 0.994958699 72.021026611
0.994741976 0.018115524 -0.100799173 -5.041751862 -0.018149352 0.999835074 0.000581577 -0.687385380 0.100793041 0.001250921 0.994906604 72.702568054
0.994595945 0.018457307 -0.102168381 -5.113170624 -0.018255414 0.999829054 0.002910832 -0.703989983 0.102204598 -0.001029975 0.994762897 73.354530334
0.994561374 0.015096542 -0.103052281 -5.176724911 -0.015226646 0.999883950 -0.000475843 -0.714157522 0.103033088 0.002042396 0.994675875 73.985519409
0.994637609 0.007167209 -0.103173018 -5.227651119 -0.007780243 0.999954343 -0.005540557 -0.728598356 0.103128485 0.006313560 0.994647920 74.593544006
0.994757831 0.003212955 -0.102209233 -5.281271935 -0.004310083 0.999935448 -0.010515060 -0.734584272 0.102168739 0.010900472 0.994707286 75.192649841
0.995049179 0.005421900 -0.099236444 -5.341653347 -0.006505616 0.999922633 -0.010600159 -0.749389708 0.099171199 0.011193277 0.995007455 75.775466919
0.995430291 0.010648862 -0.094895378 -5.407463074 -0.011409519 0.999906898 -0.007476721 -0.763149500 0.094806820 0.008525267 0.995459199 76.336395264
0.995880008 0.009297791 -0.090203166 -5.457211018 -0.009707631 0.999944508 -0.004105879 -0.779279828 0.090159893 0.004964624 0.995914936 76.897048950
0.996402383 0.005670005 -0.084559627 -5.490093231 -0.005696559 0.999983847 -0.000072775 -0.789700210 0.084557749 0.000554216 0.996418417 77.438690186
0.997065246 0.001004330 -0.076551259 -5.518725395 -0.000759807 0.999994576 0.003223286 -0.796360314 0.076553971 -0.003155660 0.997060418 77.975273132
0.997819245 0.004824025 -0.065829255 -5.553855896 -0.004609876 0.999983609 0.003404574 -0.813162863 0.065844506 -0.003093682 0.997825086 78.488052368
0.998662353 0.009840237 -0.050760359 -5.576908112 -0.009709527 0.999948859 0.002821000 -0.817274332 0.050785482 -0.002324369 0.998706877 78.988044739
0.999356627 0.015060045 -0.032550357 -5.594630241 -0.014956671 0.999882340 0.003416908 -0.822298527 0.032597944 -0.002927866 0.999464333 79.480033875
0.999855697 0.013557965 -0.010240305 -5.588072777 -0.013518333 0.999900937 0.003929333 -0.826250553 0.010292519 -0.003790335 0.999939859 79.965217590
0.999823213 0.009948382 0.015952520 -5.557911873 -0.010025412 0.999938428 0.004756206 -0.831654966 -0.015904259 -0.004915297 0.999861419 80.429832458
0.998939097 0.008908360 0.045181729 -5.511919975 -0.009216964 0.999935687 0.006626568 -0.843201816 -0.045119841 -0.007035976 0.998956859 80.875114441
0.996894240 0.008136874 0.078332521 -5.456973076 -0.008810205 0.999927104 0.008254039 -0.852564573 -0.078259647 -0.008918527 0.996893167 81.316680908
0.993234992 0.008231552 0.115830734 -5.379849434 -0.009282003 0.999920607 0.008532362 -0.854982555 -0.115751296 -0.009549780 0.993232369 81.760047913
0.987435639 0.008205377 0.157808751 -5.289773941 -0.009678555 0.999916494 0.008568965 -0.859093666 -0.157725230 -0.009988662 0.987432599 82.192733765
0.979188263 0.007658554 0.202809334 -5.173358917 -0.009598389 0.999917090 0.008582993 -0.866249382 -0.202726766 -0.010351009 0.979180694 82.605651855
0.967816949 0.009773700 0.251465440 -5.044357300 -0.011873515 0.999906182 0.006834357 -0.877280951 -0.251375020 -0.009600185 0.967842221 82.993782043
0.952414989 0.010904315 0.304609358 -4.897386551 -0.012788563 0.999909461 0.004191254 -0.887200236 -0.304536104 -0.007887330 0.952468157 83.349975586
0.932523072 0.011112347 0.360939652 -4.725233078 -0.012850384 0.999914527 0.002415592 -0.895615280 -0.360881984 -0.006890807 0.932586014 83.718345642
0.908497512 0.011773244 0.417724550 -4.515642166 -0.013068219 0.999914646 0.000239885 -0.896117866 -0.417686105 -0.005676852 0.908573687 84.072143555
0.879439592 0.011742788 0.475865871 -4.303443909 -0.012568346 0.999920011 -0.001447357 -0.904492676 -0.475844800 -0.004707986 0.879516661 84.393760681
0.846129239 0.010967731 0.532864869 -4.059120178 -0.010706091 0.999936283 -0.003581197 -0.910760403 -0.532870233 -0.002674745 0.846192718 84.701026917
0.809653282 0.010559456 0.586813450 -3.795581818 -0.009202924 0.999943554 -0.005295860 -0.913865507 -0.586836338 -0.001112591 0.809704840 84.980560303
0.770095825 0.008257388 0.637874782 -3.518787384 -0.007324276 0.999964714 -0.004102223 -0.926054418 -0.637886226 -0.001512868 0.770129204 85.245208740
0.727248371 0.007923739 0.686328709 -3.227058411 -0.008926956 0.999958038 -0.002085435 -0.930844665 -0.686316371 -0.004610198 0.727288544 85.498916626
0.681964636 0.006933913 0.731352329 -2.923732758 -0.007900546 0.999966562 -0.002113603 -0.933366954 -0.731342554 -0.004336681 0.681996644 85.726066589
0.635564804 0.005709124 0.772026479 -2.603290558 -0.005117736 0.999981880 -0.003181717 -0.942399383 -0.772030592 -0.001928841 0.635582507 85.928649902
0.589192986 0.003195398 0.807986021 -2.266021729 0.000887642 0.999988973 -0.004602006 -0.943755269 -0.807991982 0.003428672 0.589183688 86.106857300
0.542315722 0.005324542 0.840157986 -1.930519104 -0.002026704 0.999985278 -0.005029235 -0.958772302 -0.840172350 0.001024680 0.542318463 86.281127930
0.494640499 0.008295553 0.869058073 -1.600090027 -0.004432860 0.999965489 -0.007022081 -0.957394004 -0.869086504 -0.000379008 0.494660139 86.443984985
0.448786408 0.010750607 0.893574357 -1.265464783 -0.006938037 0.999939382 -0.008545749 -0.972577929 -0.893612146 -0.002364436 0.448833793 86.577972412
0.406026453 0.008189720 0.913824558 -0.912538528 0.000674900 0.999956906 -0.009261508 -0.976032376 -0.913861096 0.004377159 0.406003416 86.690750122
0.367075384 0.000330583 0.930191159 -0.538166046 0.015776567 0.999853909 -0.006581148 -0.979813099 -0.930057466 0.017091000 0.367016524 86.774681091
0.331757516 -0.003154470 0.943359375 -0.177103043 0.019831138 0.999796748 -0.003630959 -0.983328521 -0.943156302 0.019912487 0.331752658 86.862075806
0.298883915 0.001449486 0.954288363 0.192678452 0.016800098 0.999835849 -0.006780474 -0.987610221 -0.954141676 0.018058715 0.298810512 86.958694458
0.267155319 0.008800935 0.963613331 0.564691544 0.005999611 0.999923706 -0.010795922 -1.003187895 -0.963634849 0.008665496 0.267082155 87.071548462
0.238926873 0.013193845 0.970947981 0.944541931 0.001061208 0.999903619 -0.013848454 -1.019418597 -0.971036971 0.004339147 0.238889858 87.152687073
0.213136286 0.014691383 0.976912081 1.333574295 0.002337117 0.999876440 -0.015546633 -1.034399509 -0.977019727 0.005596710 0.213075593 87.216537476
0.189382464 0.015992310 0.981773198 1.745923996 0.009548142 0.999790132 -0.018127616 -1.044964314 -0.981857002 0.012807163 0.189190060 87.276107788
0.169609010 0.022217680 0.985261023 2.155488968 0.016609285 0.999539495 -0.025398890 -1.044111013 -0.985371470 0.020672362 0.169161886 87.315109253
0.149861008 0.029380657 0.988270402 2.581189156 0.019653404 0.999272346 -0.032687970 -1.036092997 -0.988511801 0.024321537 0.149174541 87.371681213
0.132127732 0.029811325 0.990784228 3.017735481 0.017258955 0.999326885 -0.032369953 -1.050379634 -0.991082489 0.021376878 0.131524295 87.424667358
0.116643116 0.025584258 0.992844343 3.477168083 0.015286317 0.999503434 -0.027551753 -1.072702289 -0.993056357 0.018390657 0.116194129 87.475585938
0.102172695 0.022565970 0.994510651 3.954264641 0.015526185 0.999584794 -0.024276206 -1.089320064 -0.994645476 0.017921325 0.101779878 87.519798279
0.089090526 0.020046534 0.995821774 4.436427593 0.018042687 0.999601007 -0.021736784 -1.103880763 -0.995860040 0.019903844 0.088693239 87.549118042
0.077339977 0.019180883 0.996820271 4.929710865 0.021542061 0.999549508 -0.020904768 -1.119093418 -0.996771991 0.023090336 0.076891899 87.575271606
0.066998929 0.019948065 0.997553706 5.446038723 0.024388237 0.999468744 -0.021624351 -1.135042667 -0.997454822 0.025777383 0.066476800 87.607460022
0.059509940 0.020497471 0.998017192 5.977549553 0.027011406 0.999390125 -0.022136301 -1.144347310 -0.997862339 0.028275186 0.058919907 87.626411438
0.053978227 0.020771610 0.998326004 6.526763916 0.028605066 0.999341190 -0.022339366 -1.159358382 -0.998132408 0.029763026 0.053348422 87.651062012
0.048260298 0.021753367 0.998597801 7.090515614 0.030161994 0.999275148 -0.023225788 -1.175623298 -0.998379290 0.031240594 0.047569133 87.677223206
0.042513285 0.022589905 0.998840451 7.680347443 0.030761182 0.999240756 -0.023908231 -1.187090755 -0.998622239 0.031741936 0.041786041 87.695381165
0.038025457 0.022523241 0.999022841 8.284448624 0.033356413 0.999160171 -0.023795968 -1.203776836 -0.998719871 0.034228679 0.037242159 87.713684082
0.035202142 0.022625426 0.999123991 8.905968666 0.034775469 0.999110520 -0.023850361 -1.221222997 -0.998774946 0.035584595 0.034384012 87.731201172
0.032050021 0.022169782 0.999240339 9.546089172 0.035733592 0.999089360 -0.023312567 -1.238085508 -0.998847246 0.036453612 0.031228619 87.748596191
0.029687611 0.021529362 0.999327242 10.204565048 0.037399672 0.999044061 -0.022634311 -1.256036401 -0.998859286 0.038046475 0.028854012 87.766304016
0.029179100 0.021186378 0.999349654 10.879279137 0.042272285 0.998854816 -0.022410156 -1.273408651 -0.998679817 0.042898696 0.028250059 87.776748657
0.030188501 0.020880710 0.999326050 11.572052002 0.045557037 0.998714089 -0.022244146 -1.291007876 -0.998505533 0.046197854 0.029198347 87.794029236
0.032512423 0.020878891 0.999253273 12.275181770 0.047409240 0.998624265 -0.022408282 -1.308141947 -0.998346329 0.048102386 0.031477775 87.815872192
0.036244255 0.020806050 0.999126315 13.000945091 0.049826965 0.998502135 -0.022600567 -1.327122092 -0.998100102 0.050602570 0.035153192 87.842430115
0.040940192 0.020147586 0.998958349 13.743828773 0.050289884 0.998487890 -0.022199119 -1.351474762 -0.997895241 0.051146332 0.039865017 87.868591309
0.044677436 0.018509611 0.998829961 14.498634338 0.051777769 0.998441637 -0.020818420 -1.370423079 -0.997658789 0.052647293 0.043649372 87.908561707
0.048519958 0.016698701 0.998682678 15.270093918 0.051693108 0.998478353 -0.019206742 -1.392510176 -0.997483730 0.052556921 0.047582865 87.951950073
0.052934051 0.014767165 0.998488784 16.059421539 0.048617173 0.998666823 -0.017347202 -1.410045147 -0.997413874 0.049461968 0.052145511 87.995048523
0.056429625 0.013874676 0.998310149 16.851676941 0.047672860 0.998725533 -0.016575165 -1.427837849 -0.997267723 0.048527643 0.055696227 88.056999207
0.060686868 0.014770006 0.998047531 17.659799576 0.045114908 0.998828113 -0.017524797 -1.450406194 -0.997136891 0.046090357 0.059949365 88.111030579
0.063804388 0.018557990 0.997789860 18.458856583 0.042734176 0.998859167 -0.021310549 -1.480097413 -0.997047067 0.043999434 0.062938511 88.160995483
0.065268770 0.023958109 0.997580111 19.261678696 0.036794227 0.998974204 -0.026398929 -1.502018452 -0.997189164 0.038428213 0.064320266 88.222267151
0.065084897 0.026964445 0.997515380 20.067983627 0.033977065 0.998995423 -0.029221352 -1.529448390 -0.997301161 0.035794523 0.064103313 88.283264160
0.065268219 0.026634289 0.997512221 20.887723923 0.031687625 0.999084294 -0.028749611 -1.559395313 -0.997364521 0.033485234 0.064364403 88.341049194
0.065097757 0.024933821 0.997567296 21.699541092 0.028859805 0.999222577 -0.026858483 -1.590080738 -0.997461557 0.030538028 0.064327508 88.404930115
0.065164797 0.023506479 0.997597635 22.521738052 0.029959157 0.999225795 -0.025501825 -1.625319242 -0.997424722 0.031549014 0.064410038 88.456817627
0.065094031 0.022442728 0.997626662 23.337320328 0.027324406 0.999332070 -0.024263974 -1.664223194 -0.997504950 0.028839003 0.064437248 88.526443481
0.065292381 0.023052229 0.997599900 24.149091721 0.025303751 0.999373317 -0.024749326 -1.692921519 -0.997545242 0.026858959 0.064668089 88.580566406
0.065285027 0.023817394 0.997582376 24.963457108 0.022241399 0.999432027 -0.025317099 -1.723403215 -0.997618675 0.023840461 0.064718135 88.642562866
0.063814215 0.024879673 0.997651577 25.776237488 0.019427190 0.999468803 -0.026167639 -1.758537531 -0.997772694 0.021051435 0.063296877 88.708312988
0.061363477 0.024761111 0.997808337 26.589988708 0.016383018 0.999532700 -0.025811421 -1.788091183 -0.997980952 0.017930990 0.060929045 88.758926392
0.057555914 0.023760468 0.998059511 27.404409409 0.014177906 0.999596536 -0.024614675 -1.813670993 -0.998241663 0.015567111 0.057195783 88.811050415
0.052868962 0.021022227 0.998380125 28.217697144 0.012500714 0.999686182 -0.021711700 -1.845428944 -0.998523235 0.013628339 0.052589551 88.857009888
0.046601780 0.019111911 0.998730659 29.025234222 0.010159691 0.999756217 -0.019605605 -1.873362541 -0.998861969 0.011060450 0.046396211 88.898521423
0.038931396 0.019380026 0.999053955 29.829277039 0.009898160 0.999755442 -0.019779347 -1.900626183 -0.999192774 0.010658834 0.038729966 88.934402466
0.030527037 0.020155933 0.999330759 30.630887985 0.009795839 0.999742746 -0.020463482 -1.927178860 -0.999485850 0.010413973 0.030321658 88.957191467
0.020468652 0.020631613 0.999577701 31.434921265 0.010226818 0.999730527 -0.020844186 -1.952913761 -0.999738097 0.010649149 0.020252053 88.975349426
0.010262728 0.019684438 0.999753535 32.223354340 0.011485634 0.999737978 -0.019802030 -1.981097221 -0.999881387 0.011686026 0.010033905 88.979850769
-0.000777655 0.018626506 0.999826193 33.017543793 0.010283571 0.999773800 -0.018617531 -2.009849548 -0.999946773 0.010267306 -0.000969071 88.983436584
-0.011978409 0.017903438 0.999767959 33.802112579 0.011628440 0.999774575 -0.017764235 -2.035219669 -0.999860644 0.011412953 -0.012183944 88.971809387
-0.022795826 0.018400295 0.999570966 34.580146790 0.011985166 0.999763906 -0.018130520 -2.057918072 -0.999668181 0.011566720 -0.023010969 88.953125000
-0.033836588 0.019175861 0.999243438 35.358688354 0.012126957 0.999750197 -0.018774943 -2.081379890 -0.999353707 0.011482500 -0.034060672 88.925720215
-0.044358499 0.019983780 0.998815775 36.130195618 0.011323342 0.999745727 -0.019499505 -2.111385345 -0.998951614 0.010444967 -0.044573452 88.884521484
-0.054834120 0.021103727 0.998272419 36.893848419 0.012041915 0.999717832 -0.020472839 -2.133924484 -0.998422861 0.010898505 -0.055072732 88.842956543
-0.064112224 0.021693982 0.997706831 37.650230408 0.013281949 0.999693692 -0.020883694 -2.165099621 -0.997854292 0.011912594 -0.064380698 88.783401489
-0.073993504 0.022183716 0.997011960 38.414489746 0.013378415 0.999684691 -0.021250302 -2.189451694 -0.997169018 0.011766055 -0.074266933 88.731544495
-0.083329350 0.022616804 0.996265411 39.152709961 0.014023028 0.999670148 -0.021521181 -2.215761185 -0.996423423 0.012177309 -0.083618999 88.669136047
-0.091946065 0.022086782 0.995519042 39.883319855 0.015684761 0.999662161 -0.020730056 -2.239276648 -0.995640516 0.013708430 -0.092261411 88.593986511
-0.099127859 0.020931687 0.994854569 40.621372223 0.017208144 0.999665260 -0.019318281 -2.266258478 -0.994925857 0.015204620 -0.099454910 88.517547607
-0.104430988 0.019365434 0.994343638 41.342926025 0.019920822 0.999650538 -0.017376607 -2.291038275 -0.994332552 0.017993486 -0.104780301 88.441139221
-0.108391523 0.017831244 0.993948340 42.051620483 0.023217289 0.999611855 -0.015400963 -2.312922955 -0.993837059 0.021407453 -0.108763479 88.360168457
-0.110597223 0.016746977 0.993724346 42.762100220 0.024873225 0.999591470 -0.014077579 -2.332424641 -0.993553996 0.023160188 -0.110968664 88.269294739
-0.112317875 0.015819259 0.993546367 43.446708679 0.025003541 0.999601603 -0.013089085 -2.353577137 -0.993357718 0.023372045 -0.112668738 88.191665649
-0.113057882 0.016314639 0.993454456 44.113006592 0.026065268 0.999569952 -0.013448764 -2.373129845 -0.993246436 0.024374178 -0.113434553 88.112113953
-0.112031788 0.017320136 0.993553698 44.764717102 0.026620584 0.999541640 -0.014422821 -2.391399622 -0.993347943 0.024833167 -0.112441577 88.039909363
-0.108995959 0.018849323 0.993863463 45.387233734 0.027569506 0.999493062 -0.015932569 -2.414026737 -0.993659735 0.025663743 -0.109460413 87.972297668
-0.103976525 0.019505424 0.994388461 46.015579224 0.027999623 0.999468744 -0.016677344 -2.432527065 -0.994185567 0.026108449 -0.104467414 87.909584045
-0.096024074 0.020258186 0.995172858 46.610237122 0.027966620 0.999453068 -0.017646817 -2.450808287 -0.994986057 0.026137102 -0.096538097 87.857551575
-0.084913500 0.020306045 0.996181309 47.197296143 0.026350312 0.999488354 -0.018127378 -2.472211838 -0.996039808 0.024710432 -0.085405111 87.819793701
-0.071270406 0.020444866 0.997247458 47.743736267 0.025605142 0.999497950 -0.018661072 -2.496248245 -0.997128367 0.024204683 -0.071758114 87.790718079
-0.054183427 0.021682195 0.998295546 48.297752380 0.024391256 0.999494731 -0.020384379 -2.523447037 -0.998233080 0.023245182 -0.054684903 87.774261475
-0.032833874 0.024089182 0.999170423 48.829517365 0.022639988 0.999470949 -0.023352450 -2.544764042 -0.999204397 0.021854455 -0.033361886 87.774177551
-0.008106027 0.027021030 0.999601960 49.352432251 0.020463642 0.999430060 -0.026850434 -2.570244551 -0.999757707 0.020237846 -0.008654360 87.786674500
0.019736167 0.028666494 0.999394178 49.870681763 0.018619586 0.999405086 -0.029034507 -2.593840122 -0.999631822 0.019181337 0.019190658 87.823554993
0.053283785 0.028473217 0.998173416 50.343078613 0.016500877 0.999431908 -0.029389951 -2.609714746 -0.998443067 0.018036745 0.052783661 87.859855652
0.091756940 0.026215663 0.995436311 50.875686646 0.015916359 0.999487042 -0.027789483 -2.630097389 -0.995654225 0.018393597 0.091292650 87.920867920
0.133799478 0.022757640 0.990747094 51.362892151 0.013659290 0.999599040 -0.024805648 -2.647196770 -0.990914226 0.016851885 0.133435011 88.012298584
0.179843545 0.018499613 0.983521342 51.861938477 0.011069791 0.999721766 -0.020828526 -2.667634249 -0.983632982 0.014633253 0.179588735 88.118164062
0.227958500 0.015233026 0.973551691 52.347801208 0.006587020 0.999830604 -0.017186569 -2.685371876 -0.973648608 0.010330630 0.227819562 88.266418457
0.280014038 0.013240451 0.959904671 52.816581726 0.002708170 0.999890029 -0.014581994 -2.707638502 -0.959992111 0.006682750 0.279947370 88.430221558
0.334198058 0.013192324 0.942410588 53.267345428 0.002072782 0.999889314 -0.014731991 -2.723118782 -0.942500651 0.006876815 0.334133685 88.625389099
0.392345995 0.014134191 0.919709206 53.707645416 0.004134565 0.999844670 -0.017129522 -2.731685162 -0.919808507 0.010523295 0.392226607 88.842597961
0.452295870 0.017218964 0.891701818 54.122833252 0.004960793 0.999749541 -0.021821642 -2.751389503 -0.891854227 0.014293387 0.452097178 89.090011597
0.510068417 0.020271234 0.859894991 54.497417450 0.005893423 0.999616325 -0.027060876 -2.774321795 -0.860113740 0.018870622 0.509753346 89.371978760
0.568434000 0.024370503 0.822367847 54.868217468 0.002118946 0.999514461 -0.031084811 -2.786862850 -0.822726190 0.019412218 0.568106413 89.672966003
0.625142217 0.027130876 0.780039191 55.212814331 -0.001815181 0.999443352 -0.033307336 -2.804334164 -0.780508876 0.019405911 0.624843657 89.987068176
0.676873088 0.028892638 0.735532641 55.527629852 -0.004129340 0.999362588 -0.035456195 -2.815281868 -0.736088216 0.020962082 0.676561117 90.345283508
0.725046337 0.028177839 0.688123465 55.772842407 -0.004558356 0.999337137 -0.036118712 -2.811634541 -0.688685119 0.023051023 0.724694073 90.671295166
0.770425081 0.025272116 0.637029409 56.037303925 -0.006979561 0.999488473 -0.031210421 -2.825495720 -0.637492299 0.019599102 0.770207405 91.056793213
0.811795950 0.020416178 0.583584130 56.278079987 -0.007972084 0.999682963 -0.023883447 -2.840163231 -0.583886683 0.014736101 0.811701357 91.462905884
0.848068058 0.019117283 0.529542267 56.494342804 -0.011204047 0.999772489 -0.018149899 -2.843990803 -0.529768825 0.009459331 0.848089337 91.890449524
0.879389226 0.013105566 0.475923210 56.695983887 -0.009728653 0.999906957 -0.009558418 -2.869154215 -0.476004183 0.003775478 0.879434943 92.327354431
0.905136406 0.013996865 0.424890876 56.860286713 -0.013479666 0.999900162 -0.004223515 -2.879245520 -0.424907595 -0.001904531 0.905234754 92.767845154
0.925123632 0.015529622 0.379348367 56.990890503 -0.016751856 0.999859691 -0.000078827 -2.896988153 -0.379296273 -0.006281865 0.925253928 93.207084656
0.940199256 0.021897778 0.339920461 57.098701477 -0.024187166 0.999704361 0.002498976 -2.907010794 -0.339765161 -0.010571246 0.940450847 93.649787903
0.951996207 0.026307171 0.304977268 57.206413269 -0.028268257 0.999598265 0.002015469 -2.914416313 -0.304801762 -0.010539895 0.952357531 94.099906921
0.961343944 0.027622072 0.273961246 57.321914673 -0.029282788 0.999569178 0.001973494 -2.909061193 -0.273788631 -0.009919555 0.961738765 94.567062378
0.967381060 0.022507573 0.252323955 57.427467346 -0.023739200 0.999716401 0.001837548 -2.911940098 -0.252211124 -0.007767577 0.967641115 95.019493103
0.971340418 0.019346599 0.236904010 57.533119202 -0.020545892 0.999785483 0.002594329 -2.919601440 -0.236802995 -0.007387381 0.971529603 95.502273560
0.974238992 0.023963029 0.224241346 57.627464294 -0.025068657 0.999683619 0.002084462 -2.920017004 -0.224120393 -0.007652194 0.974531412 95.996482849
0.976314068 0.029230205 0.214374736 57.723590851 -0.030485170 0.999531925 0.002549640 -2.920328617 -0.214199886 -0.009024498 0.976748228 96.500503540
0.977386415 0.036641508 0.208262801 57.813796997 -0.037765216 0.999285579 0.001420690 -2.921024084 -0.208061963 -0.009253653 0.978071928 97.008895874
0.977643669 0.043282472 0.205765739 57.901069641 -0.043880351 0.999035358 -0.001659018 -2.936275482 -0.205639094 -0.007407147 0.978599906 97.527526855
0.977690578 0.045290165 0.205109209 58.010383606 -0.045511458 0.998957098 -0.003641008 -2.951493502 -0.205060214 -0.005775040 0.978732407 98.048927307
0.977415919 0.042380296 0.207031831 58.136882782 -0.041633070 0.999101222 -0.007966798 -2.949846029 -0.207183406 -0.000832496 0.978301764 98.566810608
0.976649046 0.041252539 0.210843384 58.259395599 -0.039027218 0.999129832 -0.014706417 -2.953638077 -0.211266652 0.006134376 0.977409184 99.113998413
0.975741267 0.041270815 0.215001896 58.382438660 -0.037985537 0.999090195 -0.019391499 -2.959501743 -0.215606615 0.010754123 0.976421118 99.673446655
0.974541664 0.046298277 0.219374627 58.504032135 -0.043233983 0.998888969 -0.018751135 -2.975329399 -0.219999075 0.008789321 0.975460470 100.251541138
0.973082960 0.049310315 0.225118116 58.632804871 -0.047148716 0.998775780 -0.014971361 -2.984128475 -0.225580782 0.003954343 0.974216461 100.846015930
0.972144008 0.045828495 0.229859933 58.778968811 -0.044661839 0.998949230 -0.010278478 -2.999526024 -0.230089575 -0.000273806 0.973169446 101.456474304
0.971479416 0.041564588 0.233452380 58.933448792 -0.041619517 0.999122500 -0.004693090 -3.011113167 -0.233442664 -0.005156935 0.972356915 102.069686890
0.970602930 0.039215516 0.237470105 59.085506439 -0.040359352 0.999185264 -0.000044895 -3.019338846 -0.237278491 -0.009540564 0.971394897 102.697723389
0.970145524 0.033855770 0.240148693 59.247821808 -0.035083923 0.999383986 0.000839433 -3.030125856 -0.239972427 -0.009239731 0.970735788 103.322525024
0.970101178 0.030602621 0.240763366 59.404190063 -0.030866576 0.999519944 -0.002675754 -3.035552025 -0.240729764 -0.004835789 0.970580161 103.971931458
0.970252752 0.030229189 0.240199372 59.571380615 -0.028731296 0.999539793 -0.009736297 -3.042568207 -0.240383148 0.002545429 0.970674813 104.611877441
0.970398188 0.032419298 0.239324942 59.729225159 -0.029370187 0.999435782 -0.016296793 -3.052626133 -0.239718273 0.008785358 0.970802784 105.271057129
0.970911980 0.035562038 0.236781120 59.884628296 -0.031673260 0.999293983 -0.020208456 -3.059493780 -0.237332597 0.012121001 0.971352875 105.953079224
0.971575737 0.033729225 0.234313607 60.051429749 -0.030848267 0.999396861 -0.015950628 -3.069726467 -0.234710261 0.008269073 0.972030222 106.639724731
0.971961617 0.029884338 0.233232573 60.218288422 -0.028730927 0.999552429 -0.008341904 -3.086009264 -0.233377472 0.001407023 0.972385287 107.347999573
0.972596347 0.030516742 0.230488524 60.386390686 -0.030842967 0.999521852 -0.002188375 -3.100820065 -0.230445132 -0.004980546 0.973072529 108.050552368
0.972900450 0.033951417 0.228717923 60.547042847 -0.034221523 0.999410391 -0.002786253 -3.112564325 -0.228677690 -0.005116330 0.973488748 108.778213501
0.973184526 0.039498933 0.226609021 60.703044891 -0.038816985 0.999218404 -0.007466510 -3.121973991 -0.226726845 -0.001529989 0.973957181 109.510742188
0.974060357 0.040364992 0.222659126 60.869503021 -0.038448494 0.999176800 -0.012937334 -3.129133224 -0.222998068 0.004040833 0.974810541 110.245811462
0.975021601 0.038927313 0.218671918 61.037059784 -0.036295623 0.999212384 -0.016040638 -3.140132427 -0.219124168 0.007703134 0.975666583 111.000862122
0.975966215 0.036649574 0.214818150 61.206283569 -0.034361754 0.999306083 -0.014376036 -3.154729366 -0.215196028 0.006648995 0.976548314 111.768714905
0.976781845 0.033323921 0.211628661 61.371856689 -0.031456906 0.999430895 -0.012183727 -3.171928406 -0.211914301 0.005243661 0.977274120 112.549507141
0.977221549 0.031994145 0.209796041 61.540039062 -0.030695753 0.999484241 -0.009442909 -3.186716080 -0.209990025 0.002787967 0.977699578 113.342849731
0.977528274 0.029319579 0.208755150 61.706443787 -0.028458448 0.999569595 -0.007128036 -3.199066162 -0.208874360 0.001027009 0.977941990 114.142814636
0.977735758 0.024028558 0.208459437 61.874465942 -0.023318974 0.999710858 -0.005861158 -3.213257313 -0.208540022 0.000869603 0.978013515 114.926185608
0.977833509 0.024837399 0.207905114 62.039474487 -0.024476964 0.999691129 -0.004306436 -3.224653244 -0.207947895 -0.000877908 0.978139639 115.728027344
0.977655113 0.029875062 0.208081856 62.205455780 -0.029217506 0.999553621 -0.006233549 -3.236338854 -0.208175212 0.000014628 0.978091657 116.553176880
0.977364242 0.035547368 0.208555505 62.373382568 -0.034355909 0.999366105 -0.009333656 -3.254902840 -0.208755240 0.001957264 0.977965951 117.365486145
0.976771235 0.044301603 0.209655091 62.534339905 -0.042961720 0.999016881 -0.010943058 -3.265546560 -0.209933907 0.001681719 0.977714181 118.195404053
0.975887418 0.050383035 0.212380052 62.702678680 -0.049261302 0.998730004 -0.010573326 -3.279658794 -0.212643191 -0.000143746 0.977129936 119.022270203
0.975027204 0.052905347 0.215691954 62.871215820 -0.052287202 0.998595297 -0.008575136 -3.298185349 -0.215842813 -0.002916942 0.976423800 119.867439270
0.974511266 0.053374283 0.217897415 63.058219910 -0.052628942 0.998571694 -0.009227045 -3.321907520 -0.218078732 -0.002475854 0.975928128 120.699279785
0.974137247 0.051770627 0.219946623 63.239746094 -0.050298136 0.998658657 -0.012293454 -3.332483292 -0.220288083 0.000912605 0.975434542 121.531356812
0.974099815 0.045799099 0.221432090 63.434288025 -0.044481326 0.998950422 -0.010936873 -3.351408482 -0.221700668 0.000804012 0.975114524 122.374702454
0.974371433 0.039217807 0.221499860 63.635139465 -0.037422121 0.999223888 -0.012299420 -3.375946999 -0.221810356 0.003695210 0.975082934 123.196441650
0.974195182 0.038105793 0.222467139 63.824478149 -0.036299061 0.999266446 -0.012206140 -3.396943092 -0.222769141 0.003815813 0.974863768 124.031982422
0.973654032 0.040624049 0.224382505 64.013298035 -0.039441701 0.999174297 -0.009750918 -3.409420013 -0.224593386 0.000643991 0.974452317 124.881622314
0.973221362 0.042764995 0.225857064 64.194709778 -0.043035835 0.999066591 -0.003726623 -3.428672791 -0.225805655 -0.006093120 0.974153340 125.722244263
0.972829401 0.046705712 0.226763263 64.380599976 -0.048056532 0.998844564 0.000436850 -3.447318554 -0.226480901 -0.011322435 0.973949730 126.560501099
0.972600996 0.045851953 0.227913722 64.567016602 -0.045672964 0.998938024 -0.006062316 -3.463819265 -0.227949694 -0.004513283 0.973662436 127.374633789
0.972800434 0.041796617 0.227842346 64.755615234 -0.038128875 0.999062955 -0.020477623 -3.484212160 -0.228484780 0.011233274 0.973482668 128.180816650
