0.999999940 0.000000000 0.000000002 0.000000954 0.000000000 1.000000000 0.000000000 -0.000000238 0.000000002 0.000000000 1.000000000 0.000000000
0.999996006 -0.002431224 -0.001408756 -0.005624257 0.002435327 0.999992788 0.002917562 -0.015609210 0.001401657 -0.002920981 0.999994755 1.522921562
0.999991536 -0.002853100 -0.002974676 -0.008024711 0.002864666 0.999988317 0.003891021 -0.036019981 0.002963542 -0.003899509 0.999987960 3.042850018
0.999988616 -0.001936014 -0.004353380 -0.025425620 0.001951175 0.999991953 0.003480920 -0.047041729 0.004346605 -0.003489374 0.999984443 4.556777477
0.999980807 -0.001304956 -0.006047752 -0.036501601 0.001325818 0.999993145 0.003446879 -0.064411648 0.006043212 -0.003454831 0.999975741 6.063896656
0.999970973 -0.001370765 -0.007485705 -0.049552221 0.001397163 0.999992967 0.003522418 -0.074921519 0.007480823 -0.003532776 0.999965787 7.565135479
0.999954939 -0.001510560 -0.009373445 -0.071017139 0.001548451 0.999990702 0.004036483 -0.090125293 0.009367262 -0.004050815 0.999947965 9.059992790
0.999936104 -0.003279651 -0.010827412 -0.090619765 0.003314181 0.999989450 0.003172728 -0.108306766 0.010816894 -0.003208410 0.999936342 10.556470871
0.999916911 -0.004374169 -0.012119037 -0.119026631 0.004413800 0.999984920 0.003245310 -0.122496963 0.012104659 -0.003298533 0.999921262 12.042210579
0.999902308 -0.004040860 -0.013379927 -0.139395505 0.004085232 0.999986172 0.003290660 -0.136671603 0.013366445 -0.003344998 0.999905050 13.526650429
0.999889374 -0.003865529 -0.014362349 -0.172450870 0.003914019 0.999986768 0.003349650 -0.151223093 0.014349214 -0.003405493 0.999891222 15.010560036
0.999879956 -0.002370122 -0.015306528 -0.187144667 0.002430882 0.999989212 0.003952197 -0.167453796 0.015296996 -0.003988932 0.999875069 16.459707260
0.999871075 -0.001271242 -0.016003145 -0.219053894 0.001344659 0.999988556 0.004577737 -0.181061938 0.015997142 -0.004598666 0.999861479 17.933574677
0.999861002 -0.000171544 -0.016667748 -0.246837318 0.000266326 0.999983788 0.005684481 -0.199848354 0.016666504 -0.005688129 0.999844968 19.392923355
0.999852777 -0.000222121 -0.017152837 -0.277303100 0.000319060 0.999984026 0.005648912 -0.211503416 0.017151307 -0.005653553 0.999836922 20.852642059
0.999843597 0.001008170 -0.017657120 -0.311098933 -0.000910627 0.999984384 0.005531462 -0.219808474 0.017662425 -0.005514517 0.999828815 22.310796738
0.999840081 0.001149789 -0.017838780 -0.339183033 -0.001040881 0.999980748 0.006113258 -0.230674684 0.017845469 -0.006093713 0.999822259 23.763086319
0.999841690 0.001963419 -0.017685132 -0.371862113 -0.001833539 0.999971271 0.007357301 -0.241020888 0.017699070 -0.007323710 0.999816537 25.199369431
0.999839008 0.002463987 -0.017771360 -0.399819463 -0.002355954 0.999978602 0.006097435 -0.253688872 0.017786004 -0.006054585 0.999823511 26.631875992
0.999838769 0.002774476 -0.017737240 -0.432711631 -0.002704150 0.999988377 0.003987664 -0.262508571 0.017748097 -0.003939057 0.999834716 28.062442780
0.999848843 0.000975584 -0.017353887 -0.465469182 -0.000909956 0.999992430 0.003789216 -0.276969731 0.017357456 -0.003772852 0.999842227 29.480381012
0.999852121 0.000496466 -0.017183933 -0.499954879 -0.000384385 0.999978662 0.006525153 -0.293206662 0.017186807 -0.006517583 0.999831080 30.900960922
0.999857545 -0.001414829 -0.016818654 -0.526903391 0.001547381 0.999967873 0.007870839 -0.307318628 0.016806981 -0.007895743 0.999827623 32.306396484
0.999858797 -0.002151547 -0.016660497 -0.557318211 0.002267221 0.999973536 0.006927210 -0.314182967 0.016645147 -0.006964006 0.999837220 33.705978394
0.999867141 -0.002125150 -0.016156206 -0.583180308 0.002209789 0.999983907 0.005222823 -0.328338742 0.016144846 -0.005257831 0.999855876 35.081752777
0.999877214 -0.000760489 -0.015641730 -0.613694429 0.000830475 0.999989629 0.004468350 -0.342068434 0.015638174 -0.004480792 0.999867737 36.435634613
0.999888718 -0.000579378 -0.014902441 -0.637874663 0.000634557 0.999992907 0.003698160 -0.362367362 0.014900194 -0.003707204 0.999882102 37.793678284
0.999907076 -0.000089081 -0.013629694 -0.664033234 0.000156194 0.999987841 0.004922978 -0.380154490 0.013629091 -0.004924649 0.999894977 39.128639221
0.999925017 0.000219734 -0.012237784 -0.687417805 -0.000137552 0.999977469 0.006715862 -0.393144041 0.012238984 -0.006713677 0.999902487 40.448421478
0.999945104 -0.000116716 -0.010470298 -0.707813561 0.000197566 0.999970257 0.007721101 -0.407580286 0.010469084 -0.007722748 0.999915361 41.748653412
0.999964654 0.000288762 -0.008401004 -0.712569594 -0.000216349 0.999962866 0.008619292 -0.424274325 0.008403184 -0.008617173 0.999927461 43.025939941
0.999985874 -0.000094523 -0.005321348 -0.725384057 0.000136844 0.999968350 0.007953245 -0.434595436 0.005320431 -0.007953864 0.999954104 44.293815613
0.999998510 -0.000660928 -0.001605743 -0.735996544 0.000671265 0.999979019 0.006445472 -0.451513916 0.001601452 -0.006446541 0.999977887 45.542324066
0.999997497 -0.000989989 0.001983536 -0.737114787 0.000981236 0.999989748 0.004408683 -0.457868993 -0.001987878 -0.004406726 0.999988317 46.740459442
0.999983430 -0.000411219 0.005744449 -0.732241869 0.000381394 0.999986410 0.005192094 -0.473554581 -0.005746503 -0.005189817 0.999970019 47.952831268
0.999935031 -0.000463176 0.011385778 -0.725568831 0.000406370 0.999987483 0.004990992 -0.484164983 -0.011387945 -0.004986042 0.999922693 49.177505493
0.999841392 0.001269344 0.017761668 -0.714546263 -0.001338411 0.999991655 0.003877196 -0.493243635 -0.017756594 -0.003900355 0.999834716 50.370456696
0.999688864 0.002309980 0.024835518 -0.688046217 -0.002405935 0.999989748 0.003834438 -0.509441137 -0.024826400 -0.003892998 0.999684215 51.581409454
0.999430537 0.003622185 0.033547394 -0.657557011 -0.003792779 0.999980152 0.005022910 -0.521575570 -0.033528537 -0.005147289 0.999424517 52.754985809
0.999014139 0.005891320 0.044000097 -0.614129305 -0.006154371 0.999963880 0.005845360 -0.535373747 -0.043964069 -0.006110391 0.999014437 53.928100586
0.998351753 0.008107431 0.056816772 -0.561905384 -0.008440686 0.999948502 0.005627933 -0.547408223 -0.056768216 -0.006098229 0.998368800 55.066593170
0.997370124 0.010006483 0.071782574 -0.493132114 -0.010461417 0.999927402 0.005964529 -0.556608737 -0.071717672 -0.006699789 0.997402549 56.203521729
0.996053278 0.012376650 0.087890893 -0.404151440 -0.013079169 0.999886811 0.007421665 -0.573434711 -0.087789118 -0.008541911 0.996102512 57.321708679
0.994347215 0.012631748 0.105423696 -0.292304993 -0.013564240 0.999874830 0.008132850 -0.583595157 -0.105307803 -0.009516868 0.994394183 58.427440643
0.992110193 0.012415333 0.124752603 -0.167834282 -0.013444625 0.999881983 0.007412086 -0.593011260 -0.124645881 -0.009030857 0.992160201 59.527206421
0.989352405 0.011569980 0.145078927 -0.013077736 -0.012618016 0.999900460 0.006305787 -0.595547020 -0.144991532 -0.008069254 0.989400089 60.616893768
0.986095428 0.008596123 0.165957436 0.156867027 -0.009750627 0.999933600 0.006143127 -0.610369384 -0.165893584 -0.007675899 0.986113787 61.659385681
0.982294977 0.003364134 0.187310636 0.358353615 -0.004984542 0.999954164 0.008180596 -0.616844416 -0.187274516 -0.008969417 0.982266665 62.695186615
0.977546573 -0.001656393 0.210712835 0.578236580 -0.000413047 0.999952137 0.009776755 -0.628863573 -0.210718945 -0.009644267 0.977499068 63.732307434
0.972161651 -0.006849604 0.234211028 0.833391190 0.004860325 0.999947011 0.009069685 -0.635567784 -0.234260783 -0.007678858 0.972143412 64.742950439
0.965674758 -0.012843121 0.259436280 1.100043297 0.011256143 0.999907732 0.007601711 -0.648424983 -0.259509981 -0.004420530 0.965730309 65.724105835
0.958189011 -0.016380059 0.285666585 1.399089813 0.014625137 0.999858797 0.008275725 -0.651183903 -0.285761803 -0.003751798 0.958293438 66.704673767
0.949579060 -0.019022187 0.312949747 1.707357407 0.016503271 0.999806523 0.010696122 -0.662321568 -0.313092679 -0.004992120 0.949709475 67.657424927
0.940019488 -0.023550918 0.340306818 2.054811478 0.020189261 0.999706149 0.013416423 -0.663780868 -0.340522796 -0.005741157 0.940218747 68.599540710
0.929029584 -0.026425919 0.369060546 2.416763306 0.023181967 0.999643803 0.013222165 -0.672245920 -0.369278401 -0.003728237 0.929311335 69.506027222
0.916897357 -0.025301211 0.398320407 2.802148819 0.023450889 0.999679625 0.009517601 -0.676327467 -0.398433626 0.000614302 0.917196989 70.405570984
0.903946102 -0.027164929 0.426782638 3.218631744 0.028027674 0.999598086 0.004260959 -0.684387147 -0.426726907 0.008110050 0.904344201 71.259628296
0.889813304 -0.029122133 0.455394417 3.662328720 0.031724244 0.999494851 0.001929687 -0.692357540 -0.455220610 0.012729982 0.890287757 72.109107971
0.874198437 -0.029840946 0.484650761 4.128822327 0.031151267 0.999500394 0.005351570 -0.703001976 -0.484568298 0.010419154 0.874691308 72.948242188
0.856568813 -0.028535336 0.515243113 4.622612000 0.026758617 0.999582827 0.010874154 -0.708351731 -0.515338480 0.004472736 0.856974959 73.770690918
0.836848676 -0.028905500 0.546670496 5.139116287 0.024943072 0.999581158 0.014670300 -0.717032194 -0.546865702 0.001358820 0.837219298 74.577957153
0.815852702 -0.022694051 0.577814102 5.676374435 0.020779680 0.999734759 0.009925123 -0.720867515 -0.577886224 0.003909353 0.816108048 75.345031738
0.793927729 -0.015889706 0.607804239 6.239723206 0.018052923 0.999833703 0.002557318 -0.721472383 -0.607743979 0.008942316 0.794082761 76.090049744
0.771404803 -0.013360004 0.636204362 6.829437256 0.017001523 0.999855340 0.000381979 -0.724115908 -0.636117518 0.010521784 0.771520495 76.809745789
0.748096943 -0.016056150 0.663395166 7.451396942 0.018183444 0.999827802 0.003693733 -0.734619975 -0.663340330 0.009299536 0.748260081 77.506774902
0.723746836 -0.016681369 0.689863980 8.089008331 0.018634083 0.999815643 0.004626906 -0.747659385 -0.689813972 0.009506271 0.723924220 78.168899536
0.698327959 -0.014423304 0.715632737 8.745231628 0.019063134 0.999817073 0.001548768 -0.756232023 -0.715524018 0.012560651 0.698475063 78.814315796
0.672597468 -0.012176179 0.739908397 9.427333832 0.019023597 0.999818683 -0.000839631 -0.763290167 -0.739763856 0.014640450 0.672707260 79.410629272
0.645116329 -0.009453934 0.764025748 10.122333527 0.017001234 0.999853432 -0.001983215 -0.770995796 -0.763895154 0.014268785 0.645182669 80.020629883
0.617236435 -0.007848137 0.786738575 10.837474823 0.016766597 0.999854326 -0.003180169 -0.784852743 -0.786599040 0.015153845 0.617278099 80.578186035
0.588158429 -0.001703139 0.808743775 11.572631836 0.015509702 0.999837577 -0.009173856 -0.803808331 -0.808596909 0.017939057 0.588089585 81.133064270
0.558081567 0.007712439 0.829750121 12.332084656 0.014178241 0.999722183 -0.018828450 -0.819173276 -0.829665184 0.022272207 0.557817221 81.647895813
0.527058244 0.016148061 0.849675596 13.097728729 0.012910895 0.999551892 -0.027005151 -0.842637241 -0.849731207 0.025203364 0.526613593 82.134613037
0.495451689 0.021150468 0.868377924 13.921394348 0.010460423 0.999485672 -0.030311951 -0.866677880 -0.868572474 0.024101708 0.494975775 82.604728699
0.462725073 0.020461986 0.886265516 14.754247665 0.008959722 0.999574542 -0.027755978 -0.897860527 -0.886456668 0.020784078 0.462344944 83.042022705
0.429673672 0.019444101 0.902774811 15.598293304 0.004158638 0.999714851 -0.023511309 -0.927277803 -0.902974606 0.013856503 0.429470360 83.454414368
0.395415902 0.020448366 0.918274462 16.453767776 -0.000250977 0.999754488 -0.022154713 -0.962255180 -0.918502152 0.008529859 0.395323992 83.828445435
0.360018253 0.023621211 0.932646036 17.332359314 -0.007341882 0.999720156 -0.022485901 -0.989830017 -0.932916522 0.001247957 0.360090911 84.190780640
0.325012058 0.025622655 0.945362687 18.232751846 -0.012154080 0.999663472 -0.022915870 -1.015655518 -0.945631802 -0.004042082 0.325214118 84.487762451
0.287872165 0.024967330 0.957343340 19.147907257 -0.014874687 0.999655962 -0.021598034 -1.045994401 -0.957553327 -0.008022708 0.288144559 84.804054260
0.251612365 0.024471857 0.967518568 20.080972672 -0.015564062 0.999653280 -0.021237070 -1.074079990 -0.967702866 -0.009715010 0.251906067 85.048759460
0.216109216 0.024055410 0.976072788 21.029777527 -0.014857462 0.999661684 -0.021347219 -1.101181984 -0.976256132 -0.009888632 0.216393545 85.251884460
0.180436611 0.022824951 0.983321667 21.992937088 -0.012948520 0.999699056 -0.020829093 -1.127524614 -0.983501375 -0.008974228 0.180677950 85.435157776
0.145969555 0.021922378 0.989046216 22.955471039 -0.004703502 0.999758422 -0.021465650 -1.155249953 -0.989277899 -0.001518646 0.146037444 85.563621521
0.112147368 0.025134169 0.993373632 23.912261963 -0.002117770 0.999683857 -0.025054738 -1.189814806 -0.993689358 0.000706087 0.112165138 85.665840149
0.079375960 0.030059401 0.996391416 24.919795990 -0.001727269 0.999547780 -0.030017028 -1.224594355 -0.996843278 0.000661596 0.079392001 85.755256653
0.050297670 0.034028836 0.998154402 25.892961502 0.005290146 0.999396145 -0.034337748 -1.257984400 -0.998720348 0.007007495 0.050087288 85.794151306
0.024993125 0.032382850 0.999163032 26.885364532 0.007157412 0.999443769 -0.032570992 -1.294329405 -0.999662042 0.007965476 0.024747454 85.811401367
0.002526205 0.029483389 0.999562025 27.916906357 0.008242752 0.999530673 -0.029503297 -1.332548857 -0.999962807 0.008313674 0.002281997 85.819099426
-0.016123094 0.026985340 0.999505699 28.908910751 0.008443600 0.999603808 -0.026851781 -1.368428707 -0.999834359 0.008006494 -0.016344557 85.797424316
-0.033047665 0.029969992 0.999004304 29.913219452 0.010393678 0.999506533 -0.029641230 -1.410398006 -0.999399662 0.009403758 -0.033342853 85.772621155
-0.047308821 0.034422979 0.998287022 30.914129257 0.013150750 0.999340951 -0.033836104 -1.442281604 -0.998793721 0.011527477 -0.047730327 85.715629578
-0.059610624 0.039278872 0.997448742 31.901178360 0.017228395 0.999117136 -0.038314953 -1.489015102 -0.998072982 0.014900458 -0.060234703 85.659126282
-0.068246678 0.043164432 0.996734202 32.932468414 0.022393908 0.998878121 -0.041723948 -1.532393456 -0.997417271 0.019473255 -0.069136739 85.576919556
-0.074417576 0.048694681 0.996037602 33.932678223 0.025922272 0.998564065 -0.046881441 -1.579953909 -0.996890247 0.022330755 -0.075573020 85.500015259
-0.077884093 0.053137302 0.995545208 34.932804108 0.027856240 0.998304784 -0.051105306 -1.640401602 -0.996573150 0.023751860 -0.079232261 85.417144775
-0.080655172 0.057199948 0.995099366 35.942337036 0.029897787 0.998041630 -0.054945778 -1.698480844 -0.996293485 0.025319610 -0.082207382 85.332435608
-0.083354622 0.059884500 0.994719088 36.954746246 0.030638913 0.997874796 -0.057507034 -1.765340567 -0.996048808 0.025683634 -0.085012294 85.245002747
-0.086009994 0.063521393 0.994267225 37.964424133 0.031518076 0.997639358 -0.061010327 -1.829195142 -0.995795608 0.026089894 -0.087809034 85.160148621
-0.087536275 0.067387618 0.993879378 38.967605591 0.033050764 0.997356653 -0.064712405 -1.895735979 -0.995612860 0.027183801 -0.089532085 85.058197021
-0.089979224 0.068949685 0.993553996 39.982879639 0.035679713 0.997183502 -0.065970287 -1.965549231 -0.995304227 0.029513773 -0.092185907 84.965202332
-0.092034295 0.067261219 0.993481517 41.010429382 0.035936251 0.997290611 -0.064190030 -2.048846483 -0.995107174 0.029794322 -0.094202042 84.872619629
-0.094059117 0.067268834 0.993291378 42.037063599 0.035513282 0.997306466 -0.064177848 -2.113908291 -0.994933009 0.029238526 -0.096194685 84.771240234
-0.096472569 0.068580091 0.992970169 43.058109283 0.035250854 0.997233212 -0.065449692 -2.184453487 -0.994711220 0.028688943 -0.098623149 84.676223755
-0.098436326 0.070827268 0.992619634 44.090042114 0.035039842 0.997092187 -0.067671575 -2.262261391 -0.994526386 0.028119881 -0.100631870 84.561241150
-0.101030260 0.073018335 0.992200196 45.123500824 0.033184711 0.996995509 -0.069992214 -2.338929176 -0.994329751 0.025854539 -0.103149801 84.457092285
-0.103478275 0.076444983 0.991689563 46.145912170 0.030841760 0.996809244 -0.073621415 -2.423741102 -0.994153380 0.022967236 -0.105505809 84.351074219
-0.105721056 0.080582164 0.991125405 47.186935425 0.027185597 0.996572912 -0.078125238 -2.503222466 -0.994024098 0.018684855 -0.107549421 84.247604370
-0.108424924 0.083291478 0.990609109 48.234012604 0.024677714 0.996402204 -0.081077509 -2.585886478 -0.993798316 0.015655143 -0.110090286 84.132225037
-0.111511707 0.081634507 0.990404367 49.281711578 0.022441335 0.996572852 -0.079616204 -2.673840046 -0.993509710 0.013347854 -0.112961538 84.021347046
-0.114100419 0.077631250 0.990431368 50.337738037 0.020014917 0.996919632 -0.075834043 -2.762094498 -0.993267596 0.011170711 -0.115302734 83.898124695
-0.116550073 0.076103762 0.990264714 51.389072418 0.020252973 0.997034729 -0.074240364 -2.846220493 -0.992978334 0.011403088 -0.117745794 83.779228210
-0.118753023 0.076250374 0.989991665 52.430332184 0.019518413 0.997033715 -0.074451447 -2.937236071 -0.992731929 0.010481733 -0.119889058 83.664192200
-0.119757384 0.079186872 0.989640117 53.488922119 0.020551804 0.996798158 -0.077272639 -3.020611048 -0.992590368 0.011084923 -0.121001378 83.537651062
-0.120600753 0.082132645 0.989297628 54.556209564 0.021155775 0.996557772 -0.080156401 -3.105461121 -0.992475629 0.011262435 -0.121923193 83.408401489
-0.120598197 0.082606994 0.989258289 55.616210938 0.020223189 0.996529281 -0.080748789 -3.199273109 -0.992495358 0.010267803 -0.121850207 83.274414062
-0.120874166 0.081235781 0.989338160 56.673786163 0.017375546 0.996666253 -0.079714619 -3.291726112 -0.992515802 0.007554854 -0.121882699 83.156234741
-0.120662555 0.080673598 0.989410043 57.744674683 0.013445809 0.996733844 -0.079630964 -3.379653454 -0.992602408 0.003694940 -0.121353157 83.026451111
-0.120758064 0.081670545 0.989316583 58.812519073 0.009852195 0.996659398 -0.081074134 -3.470409870 -0.992633045 -0.000043415 -0.121159293 82.902503967
-0.120639294 0.082175955 0.989289224 59.892868042 0.005958132 0.996609807 -0.082057476 -3.563956022 -0.992678523 -0.004005042 -0.120719917 82.776741028
-0.121419162 0.081305042 0.989265800 60.975517273 0.001885032 0.996656716 -0.081681110 -3.660576820 -0.992599547 -0.008052856 -0.121166490 82.656967163
-0.122131966 0.076129526 0.989589870 62.055595398 0.002028079 0.997071028 -0.076454751 -3.750541687 -0.992511809 -0.007330606 -0.121928625 82.538825989
-0.122182220 0.067568056 0.990205050 63.150180817 0.005899789 0.997711897 -0.067352302 -3.836007357 -0.992490172 -0.002387252 -0.122301273 82.402267456
-0.121715218 0.061953247 0.990629673 64.256332397 0.011884902 0.998069584 -0.060958266 -3.923475266 -0.992493927 0.004353988 -0.122216567 82.252197266
-0.121279277 0.064546838 0.990517497 65.348785400 0.019985180 0.997840106 -0.062577009 -3.994872570 -0.992417216 0.012206378 -0.122307301 82.114715576
-0.119870469 0.070551857 0.990279496 66.467720032 0.025410622 0.997363031 -0.067980632 -4.064599037 -0.992464364 0.017014746 -0.121347144 81.960273743
-0.118528932 0.075861558 0.990048468 67.560569763 0.029858863 0.996898651 -0.072811745 -4.154191971 -0.992501497 0.020931421 -0.120426469 81.823287964
-0.118264496 0.080165394 0.989740968 68.655563354 0.030371092 0.996561587 -0.077088803 -4.242092133 -0.992517591 0.020942645 -0.120292574 81.704627991
-0.117893092 0.077691190 0.989982426 69.808364868 0.027480623 0.996808171 -0.074954279 -4.325676918 -0.992645919 0.018368740 -0.119651817 81.559143066
-0.117129937 0.073097520 0.990422726 70.933128357 0.026577389 0.997161031 -0.070451722 -4.413827896 -0.992760837 0.018070843 -0.118740149 81.419456482
-0.117225125 0.071185239 0.990550816 72.066955566 0.024605360 0.997329593 -0.068760507 -4.501842976 -0.992800474 0.016312396 -0.118663631 81.293731689
-0.117232770 0.071993180 0.990491509 73.205780029 0.022080410 0.997311354 -0.069875471 -4.577240944 -0.992858887 0.013678766 -0.118507229 81.165344238
-0.117301129 0.077230178 0.990088880 74.340263367 0.023367884 0.996910155 -0.074993759 -4.666086197 -0.992821395 0.014339429 -0.118743427 81.037162781
-0.116189376 0.079933129 0.990005493 75.471336365 0.022909917 0.996706784 -0.077785447 -4.755983353 -0.992962718 0.013643098 -0.117638022 80.899070740
-0.115577288 0.079167910 0.990138531 76.619506836 0.023001723 0.996764779 -0.077012762 -4.843341827 -0.993032157 0.013873964 -0.117024362 80.764251709
-0.115169942 0.071921684 0.990738690 77.775436401 0.024303939 0.997280896 -0.069571361 -4.941823959 -0.993048429 0.016066322 -0.116604760 80.629188538
-0.115688749 0.070446983 0.990784287 78.931610107 0.023284936 0.997399986 -0.068198517 -5.027563095 -0.993012488 0.015180550 -0.117028318 80.497810364
-0.115373261 0.073459201 0.990602195 80.092742920 0.021192487 0.997216821 -0.071481459 -5.115279198 -0.993096054 0.012746278 -0.116608925 80.370773315
-0.115388222 0.076592803 0.990363121 81.244361877 0.020199711 0.996997595 -0.074752398 -5.200997829 -0.993115008 0.011379504 -0.116588920 80.248321533
-0.115274169 0.076103710 0.990414023 82.424743652 0.019519597 0.997041821 -0.074341096 -5.290713310 -0.993141830 0.010762873 -0.116418682 80.113121033
-0.114589043 0.073071189 0.990721881 83.609817505 0.018796112 0.997272134 -0.071380295 -5.375931740 -0.993235111 0.010442320 -0.115649909 79.972663879
-0.113789052 0.071842946 0.990903854 84.796943665 0.019326419 0.997353435 -0.070091218 -5.466331005 -0.993316889 0.011175010 -0.114876382 79.837928772
-0.112903982 0.071719058 0.991014183 85.979446411 0.021002401 0.997341037 -0.069784172 -5.569768429 -0.993383825 0.012934764 -0.114110060 79.704849243
-0.111880891 0.072552875 0.991069555 87.173309326 0.022826811 0.997255623 -0.070428841 -5.648350716 -0.993459344 0.014743316 -0.113229983 79.570709229
-0.111236759 0.071287319 0.991233885 88.368568420 0.022507703 0.997348845 -0.069201268 -5.748064995 -0.993539035 0.014612670 -0.112546355 79.449371338
-0.109460406 0.071800150 0.991394639 89.555816650 0.023784239 0.997291327 -0.069601193 -5.837294102 -0.993706584 0.015960997 -0.110871628 79.297386169
-0.108197622 0.070407212 0.991632998 90.757331848 0.023757895 0.997387111 -0.068223529 -5.919892311 -0.993845463 0.016177488 -0.109587640 79.167060852
-0.107186750 0.069184817 0.991828859 91.969810486 0.022287482 0.997492433 -0.067171268 -6.012374878 -0.993988991 0.014905500 -0.108459927 79.037559509
-0.105812252 0.068538286 0.992021322 93.179611206 0.023336835 0.997518063 -0.066428877 -6.098341465 -0.994112194 0.016121648 -0.107149124 78.913330078
-0.103795461 0.068951890 0.992205679 94.408020020 0.021539250 0.997515857 -0.067067698 -6.193443298 -0.994365394 0.014410044 -0.105022773 78.781974792
-0.102680467 0.071978942 0.992106795 95.629409790 0.021565553 0.997305214 -0.070124127 -6.276377678 -0.994480729 0.014194954 -0.103956021 78.658447266
-0.101650439 0.070733391 0.992302299 96.851760864 0.018947400 0.997425854 -0.069157653 -6.363512993 -0.994639754 0.011771649 -0.102728978 78.539321899
-0.100949265 0.069276087 0.992476761 98.095100403 0.016170455 0.997555196 -0.067985803 -6.465231419 -0.994760096 0.009185687 -0.101822697 78.420829773
-0.101005465 0.070485421 0.992385924 99.334060669 0.013259763 0.997493804 -0.069498651 -6.551167965 -0.994797409 0.006139056 -0.101686969 78.301727295
-0.101110682 0.069835044 0.992421091 100.555610657 0.010230500 0.997553527 -0.069153875 -6.643612385 -0.994822562 0.003160769 -0.101577766 78.179779053
-0.102279522 0.067228504 0.992481232 101.799583435 0.007401848 0.997737408 -0.066821747 -6.735628605 -0.994728148 0.000511699 -0.102545723 78.058250427
-0.103426829 0.065657780 0.992467582 103.061767578 0.005427232 0.997841179 -0.065447733 -6.828692913 -0.994622231 -0.001382698 -0.103559896 77.933395386
-0.105393298 0.065209165 0.992290318 104.322631836 0.003100273 0.997864425 -0.065246202 -6.914920330 -0.994425654 -0.003800141 -0.105370395 77.817115784
-0.106399141 0.064915635 0.992202163 105.573883057 0.003730188 0.997885585 -0.064887479 -7.010943413 -0.994316518 -0.003202870 -0.106416307 77.678894043
-0.108672664 0.063580215 0.992042303 106.830001831 0.003175668 0.997969687 -0.063612230 -7.098624229 -0.994072497 -0.003762512 -0.108653918 77.547485352
-0.112080321 0.058826804 0.991956234 108.099075317 0.000066121 0.998246610 -0.059192367 -7.187954903 -0.993699133 -0.006568712 -0.111887671 77.417251587
-0.116643056 0.058674809 0.991439104 109.357063293 -0.000747692 0.998248041 -0.059165720 -7.272419930 -0.993173659 -0.007642563 -0.116394803 77.278236389
-0.121815749 0.064782009 0.990436375 110.593025208 -0.004892910 0.997816443 -0.065866508 -7.356570721 -0.992540717 -0.012869691 -0.121232770 77.129287720
-0.129398465 0.067859851 0.989267945 111.813888550 -0.004222162 0.997608781 -0.068984270 -7.444188118 -0.991583765 -0.013103307 -0.128802538 76.984939575
-0.137730598 0.063993648 0.988400280 113.068641663 -0.002162296 0.997888923 -0.064909272 -7.536114216 -0.990467310 -0.011077208 -0.137301475 76.804122925
-0.148679391 0.062194653 0.986927748 114.296638489 0.000086224 0.998021007 -0.062880725 -7.624164581 -0.988885403 -0.009263971 -0.148390546 76.624816895
-0.161526293 0.062867500 0.984863877 115.518226624 0.000262837 0.997971416 -0.063661098 -7.715519428 -0.986868322 -0.010024086 -0.161215186 76.430404663
-0.175345361 0.063039079 0.982486606 116.735076904 0.002516352 0.997973323 -0.063583650 -7.804112434 -0.984503806 -0.008676816 -0.175148621 76.213539124
-0.189946219 0.060891245 0.979904294 117.951385498 0.002694434 0.998103440 -0.061499845 -7.892359734 -0.981790721 -0.009041375 -0.189750016 75.985282898
-0.205166504 0.063437238 0.976669014 119.151313782 0.006917783 0.997966290 -0.063367359 -7.981874466 -0.978702664 -0.006244473 -0.205188125 75.733230591
-0.220751092 0.066579863 0.973055005 120.329620361 0.006723529 0.997747481 -0.066744074 -8.073064804 -0.975306988 -0.008191463 -0.220701516 75.480484009
-0.236167297 0.070414960 0.969157636 121.497772217 0.006365013 0.997461617 -0.070920348 -8.162061691 -0.971691608 -0.010580366 -0.236016020 75.204887390
-0.251571715 0.068322986 0.965424061 122.664428711 0.003080491 0.997556627 -0.069794275 -8.261775017 -0.967833817 -0.014584288 -0.251167506 74.902389526
-0.267934710 0.062599279 0.961401165 123.827522278 -0.002664988 0.997834921 -0.065714277 -8.353803635 -0.963433444 -0.020169258 -0.267187804 74.601409912
-0.283689082 0.058506958 0.957129717 125.015960693 -0.006731393 0.997990847 -0.062999845 -8.441448212 -0.958892643 -0.024315188 -0.282725304 74.269126892
-0.299087346 0.059969027 0.952339470 126.163970947 -0.008750472 0.997808874 -0.065580383 -8.527017593 -0.954185665 -0.027947679 -0.297907233 73.925880432
-0.312971234 0.062116232 0.947729290 127.319305420 -0.008396464 0.997639000 -0.068160243 -8.614419937 -0.949725509 -0.029289765 -0.311710745 73.548797607
-0.326997817 0.064419642 0.942826807 128.453781128 -0.006858069 0.997485816 -0.070532866 -8.704734802 -0.945000172 -0.029530061 -0.325733930 73.166877747
-0.341255099 0.063946627 0.937793076 129.584594727 -0.004830289 0.997550786 -0.069779120 -8.806369781 -0.939958274 -0.028342294 -0.340110421 72.767234802
-0.355371743 0.061842777 0.932677031 130.708312988 -0.005267072 0.997660577 -0.068158507 -8.899948120 -0.934710205 -0.029134085 -0.354214668 72.352844238
-0.369766384 0.060709033 0.927139282 131.828155518 -0.004926082 0.997720957 -0.067295372 -8.994649887 -0.929111719 -0.029450729 -0.368624628 71.911254883
-0.384564549 0.062131520 0.921004772 132.927108765 -0.006356549 0.997530460 -0.069948167 -9.086320877 -0.923076212 -0.032753993 -0.383219898 71.464622498
-0.399656266 0.064111963 0.914420366 134.019287109 -0.005560611 0.997363269 -0.072357573 -9.178678513 -0.916648209 -0.034002896 -0.398245960 71.005874634
-0.414419919 0.065871567 0.907698810 135.113861084 -0.004381803 0.997221172 -0.074368760 -9.272405624 -0.910075247 -0.034797255 -0.412979692 70.517929077
-0.428759873 0.068384789 0.900826514 136.196243286 -0.001533384 0.997074246 -0.076421134 -9.370985031 -0.903417230 -0.034147624 -0.427400678 70.001968384
-0.443704098 0.071552731 0.893312216 137.270050049 -0.001890714 0.996730447 -0.080775455 -9.471685410 -0.896171331 -0.037529394 -0.442118227 69.484771729
-0.458566874 0.073822185 0.885588348 138.342102051 -0.001266555 0.996488333 -0.083722591 -9.573962212 -0.888659000 -0.039514054 -0.456863016 68.934204102
-0.474047303 0.071232542 0.877613306 139.412750244 -0.002537153 0.996607602 -0.082261302 -9.675575256 -0.880495727 -0.041222390 -0.472258389 68.372650146
-0.490223885 0.066576213 0.869050086 140.476272583 -0.005491859 0.996822655 -0.079462528 -9.781972885 -0.871579170 -0.043727141 -0.488300622 67.796524048
-0.506444275 0.066797607 0.859681427 141.537826538 -0.005877323 0.996704340 -0.080906712 -9.884282112 -0.862252653 -0.046027374 -0.504382670 67.189132690
-0.522230625 0.066031665 0.850243986 142.588500977 -0.006841174 0.996641576 -0.081603102 -9.985271454 -0.852776766 -0.048432320 -0.520024955 66.558273315
-0.538109541 0.065113015 0.840356052 143.626266479 -0.007447610 0.996605515 -0.081988603 -10.086994171 -0.842841983 -0.050377496 -0.535797954 65.903717041
-0.553713024 0.064393505 0.830214024 144.670120239 -0.008656755 0.996506572 -0.083065219 -10.198131561 -0.832662523 -0.053181261 -0.551221192 65.230934143
-0.569090068 0.063712642 0.819803119 145.692260742 -0.009148267 0.996441424 -0.083790958 -10.305424690 -0.822224319 -0.055184383 -0.566481948 64.531219482
-0.583930373 0.061396703 0.809478581 146.709655762 -0.008997943 0.996585250 -0.082079023 -10.410160065 -0.811753809 -0.055212092 -0.581383944 63.802421570
-0.598924160 0.057885051 0.798710942 147.713592529 -0.008980340 0.996835947 -0.078977823 -10.517349243 -0.800755382 -0.054474428 -0.596509337 63.064235687
-0.613995492 0.056010161 0.787319720 148.722854614 -0.008433972 0.996956706 -0.077501073 -10.621480942 -0.789264262 -0.054225549 -0.611654580 62.293022156
-0.628077507 0.054908093 0.776211083 149.696121216 -0.008733659 0.996947169 -0.077589564 -10.721107483 -0.778101623 -0.055511422 -0.625680625 61.505409241
-0.643424928 0.055702947 0.763479888 150.675598145 -0.010005707 0.996651888 -0.081147358 -10.834186554 -0.765443861 -0.059851393 -0.640713334 60.710597992
-0.658775270 0.055011917 0.750325859 151.630813599 -0.012109405 0.996418536 -0.083686657 -10.941826820 -0.752242446 -0.064216703 -0.655749559 59.895378113
-0.674744785 0.051762428 0.736233711 152.578826904 -0.014075388 0.996453702 -0.082957566 -11.049947739 -0.737916887 -0.066337958 -0.671623349 59.060497284
-0.691022158 0.044155791 0.721483529 153.509063721 -0.017604901 0.996808231 -0.077867664 -11.160125732 -0.722619176 -0.066509925 -0.688039243 58.199554443
-0.707904160 0.041773271 0.705071986 154.434448242 -0.018455019 0.996814728 -0.077587232 -11.265900612 -0.706067443 -0.067936435 -0.704878390 57.301265717
-0.725245714 0.039001744 0.687384546 155.323303223 -0.020194812 0.996759593 -0.077862620 -11.371570587 -0.688193798 -0.070351146 -0.722108006 56.384944916
-0.742804050 0.035077158 0.668589234 156.207931519 -0.023599628 0.996634185 -0.078507073 -11.476727486 -0.669092715 -0.074093848 -0.739476144 55.444519043
-0.759545386 0.033297554 0.649601579 157.058593750 -0.022976756 0.996692121 -0.077954389 -11.585308075 -0.650048554 -0.074135631 -0.756267726 54.486671448
-0.775237858 0.035118643 0.630692422 157.877136230 -0.020936662 0.996476054 -0.081221506 -11.701414108 -0.631322384 -0.076170586 -0.771770775 53.487411499
-0.790547013 0.034454543 0.611431420 158.686843872 -0.017935805 0.996685088 -0.079353839 -11.805324554 -0.612138808 -0.073699459 -0.787308335 52.479503632
-0.805321157 0.035866041 0.591752827 159.469818115 -0.013492590 0.996800840 -0.078778110 -11.925128937 -0.592685342 -0.071425952 -0.802260935 51.446426392
-0.819355607 0.037141129 0.572081387 160.202850342 -0.011530632 0.996629596 -0.081218570 -12.038242340 -0.573169827 -0.073143348 -0.816165686 50.389076233
-0.833216608 0.038563043 0.551600456 160.923171997 -0.010545774 0.996275425 -0.085580669 -12.154364586 -0.552846193 -0.077124283 -0.829706550 49.334182739
-0.846089125 0.038984884 0.531614065 161.620559692 -0.007891417 0.996296525 -0.085621051 -12.268230438 -0.532983005 -0.076638222 -0.842647910 48.250286102
-0.857738018 0.037022706 0.512752354 162.290023804 -0.006826953 0.996495128 -0.083371013 -12.382450104 -0.514041841 -0.075011022 -0.854478955 47.151531219
-0.868259370 0.039098870 0.494567335 162.930999756 -0.003510473 0.996380448 -0.084933527 -12.503205299 -0.496097952 -0.075480506 -0.864979446 46.041763306
-0.877649486 0.041897863 0.477468193 163.544952393 -0.000731499 0.996053755 -0.088748388 -12.617527962 -0.479302406 -0.078239240 -0.874155521 44.922729492
-0.886721551 0.039339922 0.460627079 164.146850586 -0.002706536 0.995913982 -0.090266317 -12.737945557 -0.462295979 -0.081287809 -0.882991910 43.796279907
-0.895052314 0.036693498 0.444448918 164.736862183 -0.003673018 0.995968878 -0.089623630 -12.861536026 -0.445945919 -0.081850320 -0.891309500 42.652179718
-0.902206898 0.034705821 0.429904878 165.301040649 -0.004515230 0.995942533 -0.089877315 -12.986869812 -0.431279838 -0.083029032 -0.898389578 41.497261047
-0.908837259 0.032923944 0.415849745 165.844909668 -0.004744918 0.996000230 -0.089225978 -13.115115166 -0.417124152 -0.083065070 -0.905045629 40.331954956
-0.915104985 0.030280717 0.402077049 166.369506836 -0.005827350 0.996078789 -0.088278137 -13.240843773 -0.403173596 -0.083126813 -0.911340117 39.173385620
-0.920684099 0.025571974 0.389470011 166.893890381 -0.008100861 0.996384561 -0.084570959 -13.367730141 -0.390224487 -0.081018195 -0.917148232 37.953598022
-0.925956905 0.021833165 0.376997590 167.397689819 -0.009583533 0.996647120 -0.081257552 -13.482919693 -0.377507597 -0.078853957 -0.922643006 36.776962280
-0.930271387 0.022406673 0.366186976 167.887939453 -0.006832835 0.996901870 -0.078357905 -13.593530655 -0.366808236 -0.075396217 -0.927236199 35.555541992
-0.933518827 0.026536819 0.357544929 168.351943970 -0.002447928 0.996761978 -0.080370538 -13.700675964 -0.358520001 -0.075902656 -0.930431187 34.363349915
-0.935855746 0.031287476 0.350991726 168.814483643 0.002692050 0.996656179 -0.081664324 -13.816106796 -0.352373183 -0.075481102 -0.932810664 33.144073486
-0.937714040 0.034406025 0.345700324 169.256118774 0.005574376 0.996445775 -0.084051378 -13.930641174 -0.347363472 -0.076889053 -0.934573054 31.952453613
-0.939618647 0.031669356 0.340754867 169.713668823 0.003598383 0.996568143 -0.082697473 -14.051473618 -0.342204422 -0.076477930 -0.936507940 30.727701187
-0.941477120 0.024503890 0.336185187 170.162719727 -0.002223328 0.996881068 -0.078887127 -14.167352676 -0.337069750 -0.075017862 -0.938486159 29.517108917
-0.943383336 0.018121639 0.331208944 170.615554810 -0.007994935 0.996974230 -0.077320039 -14.272499084 -0.331608057 -0.075590424 -0.940384030 28.295930862
-0.945005178 0.011745597 0.326844156 171.047866821 -0.014854142 0.996782124 -0.078768559 -14.381003380 -0.326717705 -0.079291672 -0.941790044 27.084552765
-0.946283638 0.009189573 0.323207170 171.484924316 -0.018271700 0.996478915 -0.081828065 -14.487139702 -0.322821140 -0.083338112 -0.942783773 25.868255615
-0.947048008 0.009170994 0.320961237 171.904495239 -0.018709170 0.996317625 -0.083672725 -14.604912758 -0.320546687 -0.085247010 -0.943388939 24.661632538
-0.947207928 0.009915370 0.320466399 172.324645996 -0.018650539 0.996125221 -0.085946292 -14.721633911 -0.320076704 -0.087385878 -0.943352938 23.429683685
-0.947068810 0.012364658 0.320792288 172.736587524 -0.016567651 0.996043980 -0.087303996 -14.844375610 -0.320602685 -0.087997667 -0.943117321 22.221458435
-0.946603298 0.013733794 0.322107762 173.151733398 -0.015882334 0.995892882 -0.089136779 -14.963392258 -0.322009027 -0.089493006 -0.942497373 21.005180359
-0.946520865 0.014805931 0.322302550 173.577774048 -0.015393600 0.995736599 -0.090949208 -15.088484764 -0.322275102 -0.091046728 -0.942257643 19.807636261
-0.945475757 0.016457144 0.325276166 173.994003296 -0.013889422 0.995776534 -0.090752900 -15.208662033 -0.325396001 -0.090322569 -0.941254079 18.584957123
-0.944484115 0.016020766 0.328165740 174.416641235 -0.014658779 0.995761096 -0.090801217 -15.336720467 -0.328229427 -0.090570822 -0.940245867 17.363994598
-0.943256021 0.015174669 0.331719071 174.839248657 -0.015942320 0.995733976 -0.090882979 -15.458857536 -0.331683129 -0.091014318 -0.938990235 16.184055328
-0.941835046 0.013792595 0.335792154 175.280090332 -0.016816689 0.995971680 -0.088077076 -15.588012695 -0.335654348 -0.088600993 -0.937809110 15.000297546
-0.939572334 0.011632480 0.342152655 175.719482422 -0.018933930 0.996127248 -0.085859977 -15.702772141 -0.341826439 -0.087149963 -0.935713351 13.797592163
-0.937324107 0.009281443 0.348335326 176.173614502 -0.020647163 0.996409476 -0.082108237 -15.827805519 -0.347846717 -0.084154174 -0.933766901 12.622814178
-0.934324443 0.011298780 0.356244475 176.612396240 -0.019567180 0.996364117 -0.082920015 -15.933450699 -0.355886102 -0.084444895 -0.930706203 11.445346832
-0.931302369 0.011775750 0.364056647 177.079956055 -0.019791847 0.996364772 -0.082858354 -16.048711777 -0.363708943 -0.084371522 -0.927683711 10.291000366
-0.927289665 0.014190105 0.374075443 177.544082642 -0.019115774 0.996182621 -0.085174799 -16.168352127 -0.373856157 -0.086132430 -0.923478603 9.118831635
-0.923278868 0.015197605 0.383829355 178.025024414 -0.018489929 0.996300578 -0.083924681 -16.280958176 -0.383684814 -0.084582850 -0.919582367 7.998889923
-0.918273747 0.017157368 0.395574123 178.519592285 -0.018303016 0.996153235 -0.085694581 -16.395069122 -0.395522654 -0.085931264 -0.914427400 6.854373932
-0.912441730 0.019186165 0.408756703 179.042190552 -0.017837392 0.996086121 -0.086571433 -16.511465073 -0.408817798 -0.086282536 -0.908528090 5.674636841
-0.906656623 0.021451049 0.421323746 179.584869385 -0.016399432 0.996159494 -0.086008228 -16.631153107 -0.421550632 -0.084889404 -0.902822614 4.532791138
-0.900397897 0.020784082 0.434570849 180.137908936 -0.017356491 0.996347129 -0.083613314 -16.748861313 -0.434721231 -0.082827859 -0.896748006 3.386100769
-0.893213272 0.023653815 0.449010760 180.698272705 -0.015680974 0.996369064 -0.083682597 -16.868579865 -0.449359834 -0.081787325 -0.889599144 2.240394592
-0.886348903 0.025720330 0.462303162 181.273315430 -0.014247906 0.996468067 -0.082755446 -16.980161667 -0.462798774 -0.079937048 -0.882851899 1.127845764
-0.879281282 0.027177006 0.475527048 181.890747070 -0.012637456 0.996688187 -0.080329575 -17.093959808 -0.476135284 -0.076641731 -0.876025796 0.008346558
-0.870865166 0.029630616 0.490628064 182.486160278 -0.009599823 0.996965468 -0.077249683 -17.204156876 -0.491428256 -0.071983986 -0.867938161 -1.090942383
-0.862892985 0.032335632 0.504351377 183.106307983 -0.006907904 0.997103155 -0.075746305 -17.309043884 -0.505339622 -0.068844952 -0.860170007 -2.144905090
-0.853530884 0.035908714 0.519803464 183.750823975 -0.003017978 0.997264922 -0.073847979 -17.420650482 -0.521033525 -0.064600296 -0.851088047 -3.213554382
-0.843065023 0.038557671 0.536427796 184.396148682 -0.000589767 0.997359872 -0.072615735 -17.524112701 -0.537811339 -0.061536167 -0.840816438 -4.244636536
-0.831785023 0.041717250 0.553528070 185.069824219 0.002495275 0.997442961 -0.071423747 -17.627521515 -0.555092216 -0.058028005 -0.829762220 -5.284103394
-0.820456326 0.043495949 0.570052207 185.761566162 0.003811523 0.997495651 -0.070624828 -17.726131439 -0.571696520 -0.055771805 -0.818567395 -6.285377502
-0.808934987 0.045163911 0.586160719 186.474639893 0.004641667 0.997504413 -0.070452325 -17.824998856 -0.587879777 -0.054270595 -0.807125688 -7.258132935
-0.795631349 0.048555747 0.603831947 187.197937012 0.007917343 0.997530878 -0.069781944 -17.924922943 -0.605729342 -0.050739959 -0.794051290 -8.240066528
-0.781520188 0.049703214 0.621896744 187.953598022 0.009378737 0.997644782 -0.067947723 -18.011962891 -0.623809278 -0.047269922 -0.780145824 -9.202758789
-0.766385138 0.051447470 0.640317857 188.716430664 0.011673419 0.997738600 -0.066193350 -18.107204437 -0.642275274 -0.043254901 -0.765252531 -10.123733521
