-0.994059205 -0.016089752 -0.107645229 135.727249146 -0.010827903 0.998725891 -0.049288549 -22.162240982 0.108301118 -0.047830164 -0.992966831 455.605468750
-0.994076848 -0.015498512 -0.107568391 135.599136353 -0.010190076 0.998710990 -0.049724795 -22.244039536 0.108200401 -0.048334144 -0.992953360 454.316802979
-0.994164288 -0.015506708 -0.106755972 135.468383789 -0.010233123 0.998708308 -0.049770251 -22.318588257 0.107389845 -0.048387364 -0.993038833 453.024353027
-0.994241178 -0.014902170 -0.106124043 135.335540771 -0.009790997 0.998774111 -0.048521433 -22.397186279 0.106717035 -0.047202948 -0.993168354 451.734741211
-0.994382620 -0.013417636 -0.104989722 135.200561523 -0.008306554 0.998765826 -0.048968416 -22.475465775 0.105517194 -0.047821254 -0.993266940 450.453674316
-0.994455516 -0.013216043 -0.104323529 135.075347900 -0.007800580 0.998608947 -0.052148614 -22.557849884 0.104867592 -0.051045697 -0.993175328 449.175811768
-0.994619191 -0.013373185 -0.102730997 134.948822021 -0.007749771 0.998459399 -0.054944564 -22.635057449 0.103307508 -0.053852782 -0.993190587 447.904113770
-0.994797111 -0.011386685 -0.101237252 134.815765381 -0.005951351 0.998532414 -0.053829856 -22.714010239 0.101701625 -0.052947294 -0.993404984 446.630096436
-0.994954884 -0.009566045 -0.099865340 134.692581177 -0.004461477 0.998677850 -0.051213231 -22.797517776 0.100223206 -0.050509322 -0.993682086 445.361114502
-0.995150089 -0.008910037 -0.097963981 134.572494507 -0.003813986 0.998635411 -0.052084334 -22.875253677 0.098294370 -0.051458094 -0.993826091 444.096191406
-0.995344937 -0.008373179 -0.096011534 134.457366943 -0.003180990 0.998530149 -0.054104868 -22.951845169 0.096323445 -0.053547595 -0.993908584 442.833160400
-0.995539904 -0.008517694 -0.093956202 134.341339111 -0.003438545 0.998530209 -0.054088663 -23.038579941 0.094278827 -0.053524349 -0.994105935 441.556060791
-0.995733500 -0.009305845 -0.091805704 134.224761963 -0.004367731 0.998539805 -0.053843718 -23.121234894 0.092172720 -0.053213011 -0.994320154 440.282714844
-0.995878637 -0.010031887 -0.090139076 134.116088867 -0.005285785 0.998594403 -0.052738346 -23.203336716 0.090541452 -0.052044544 -0.994531810 439.021820068
-0.996034324 -0.012095033 -0.088143438 134.017501831 -0.007676989 0.998705149 -0.050291043 -23.279981613 0.088637590 -0.049414933 -0.994837463 437.750518799
-0.996181250 -0.014467827 -0.086101755 133.906448364 -0.010464136 0.998851001 -0.046770517 -23.361734390 0.086679474 -0.045690939 -0.995187938 436.455108643
-0.996317804 -0.017400749 -0.083951153 133.812789917 -0.013509387 0.998817623 -0.046700113 -23.436105728 0.084664501 -0.045394033 -0.995374978 435.192382812
-0.996491015 -0.018515298 -0.081625409 133.717651367 -0.014506798 0.998672187 -0.049430914 -23.510606766 0.082432263 -0.048073344 -0.995436490 433.911865234
-0.996675014 -0.018891342 -0.079257987 133.629562378 -0.014768331 0.998522878 -0.052287571 -23.579010010 0.080128692 -0.050943211 -0.995481908 432.610015869
-0.996894181 -0.018132966 -0.076636173 133.542892456 -0.014175894 0.998553395 -0.051866718 -23.657691956 0.077465825 -0.050619245 -0.995709062 431.331970215
-0.997164190 -0.016372653 -0.073454067 133.448486328 -0.012585240 0.998581767 -0.051731389 -23.741167068 0.074196883 -0.050660249 -0.995956004 430.064331055
-0.997337639 -0.015752347 -0.071199752 133.360702515 -0.011955904 0.998499691 -0.053436179 -23.819267273 0.071934678 -0.052442655 -0.996029675 428.775482178
-0.997547328 -0.016618865 -0.067991793 133.280593872 -0.012829730 0.998360038 -0.055791259 -23.900157928 0.068807468 -0.054782115 -0.996124685 427.496154785
-0.997765839 -0.018447455 -0.064211234 133.204101562 -0.014787041 0.998263419 -0.057021473 -23.982173920 0.065151624 -0.055944577 -0.996305943 426.213470459
-0.997963309 -0.022432666 -0.059716873 133.138000488 -0.018818863 0.997996509 -0.060404874 -24.066537857 0.060952269 -0.059158042 -0.996386051 424.933654785
-0.998178542 -0.024578968 -0.055094738 133.070602417 -0.021369092 0.998081326 -0.058111541 -24.152202606 0.056417350 -0.056828365 -0.996788621 423.643218994
-0.998313248 -0.028092222 -0.050808970 133.016250610 -0.025543548 0.998415768 -0.050133985 -24.232597351 0.052136857 -0.048751574 -0.997449219 422.359649658
-0.998447716 -0.030222798 -0.046783414 132.962463379 -0.027892621 0.998375535 -0.049683638 -24.307966232 0.048208989 -0.048301615 -0.997668743 421.071105957
-0.998658597 -0.029194510 -0.042762630 132.911895752 -0.026942063 0.998266041 -0.052334618 -24.382009506 0.044216368 -0.051112305 -0.997713566 419.790588379
-0.998838663 -0.028991649 -0.038482092 132.875335693 -0.026705423 0.997921228 -0.058650047 -24.462568283 0.040102471 -0.057554245 -0.997536719 418.520355225
-0.999032378 -0.028146688 -0.033794943 132.817962646 -0.025998620 0.997712433 -0.062401034 -24.556318283 0.035474017 -0.061462022 -0.997478783 417.243225098
-0.999182582 -0.027322263 -0.029792139 132.786758423 -0.025443088 0.997768581 -0.061727878 -24.644044876 0.031412207 -0.060919415 -0.997648180 415.961486816
-0.999269903 -0.027667122 -0.026349554 132.754882812 -0.026145697 0.998063982 -0.056431934 -24.738742828 0.027859822 -0.055701800 -0.998058677 414.656311035
-0.999325991 -0.028278649 -0.023410613 132.741378784 -0.027003404 0.998223722 -0.053104907 -24.818784714 0.024870751 -0.052436940 -0.998314500 413.372131348
-0.999438167 -0.027060930 -0.019772515 132.719100952 -0.025979117 0.998253226 -0.053060442 -24.898538589 0.021173842 -0.052516963 -0.998395443 412.079589844
-0.999498308 -0.027307346 -0.016044842 132.707336426 -0.026391050 0.998149395 -0.054783903 -24.978803635 0.017511150 -0.054332979 -0.998369277 410.797393799
-0.999569952 -0.026578950 -0.012384903 132.694808960 -0.025850197 0.998113394 -0.055690635 -25.065908432 0.013841723 -0.055346541 -0.998371124 409.505004883
-0.999588847 -0.027231136 -0.008967264 132.689636230 -0.026689490 0.998084724 -0.055809435 -25.151615143 0.010469843 -0.055547167 -0.998401046 408.218048096
-0.999591291 -0.028141281 -0.005015926 132.687042236 -0.027809894 0.997985125 -0.057028659 -25.238389969 0.006610693 -0.056865864 -0.998359919 406.928405762
-0.999551952 -0.029910479 -0.001047460 132.692535400 -0.029800471 0.997893572 -0.057621907 -25.327108383 0.002768773 -0.057564877 -0.998337924 405.659606934
-0.999454141 -0.032978073 0.001891390 132.709823608 -0.033032253 0.997753441 -0.058282483 -25.414592743 0.000034897 -0.058313154 -0.998298347 404.388122559
-0.999309361 -0.036812298 0.005058076 132.726287842 -0.037041418 0.997679353 -0.057130784 -25.506259918 -0.002943223 -0.057278685 -0.998353899 403.155487061
-0.999095559 -0.041728992 0.008159702 132.751144409 -0.042123694 0.997520030 -0.056387581 -25.596525192 -0.005786465 -0.056680307 -0.998375595 401.905517578
-0.998890400 -0.045806170 0.010942427 132.784240723 -0.046361599 0.997268975 -0.057490349 -25.677740097 -0.008279126 -0.057933856 -0.998286068 400.642639160
-0.998826504 -0.046514880 0.013495406 132.807342529 -0.047248509 0.997055233 -0.060401745 -25.775054932 -0.010646083 -0.060968496 -0.998082876 399.428985596
-0.998824000 -0.045739062 0.016078269 132.839141846 -0.046678778 0.996859848 -0.063964099 -25.862403870 -0.013102133 -0.064639397 -0.997822642 398.193511963
-0.998924255 -0.042019036 0.019613288 132.864837646 -0.043197595 0.997005820 -0.064135194 -25.953699112 -0.016859669 -0.064913452 -0.997748435 396.969940186
-0.999011338 -0.037998412 0.023069682 132.895507812 -0.039387140 0.997231603 -0.063069254 -26.047245026 -0.020609286 -0.063915558 -0.997742414 395.742126465
-0.998990476 -0.035990875 0.026887083 132.922729492 -0.037613891 0.997334719 -0.062519491 -26.144990921 -0.024565296 -0.063467704 -0.997681499 394.517639160
-0.998907328 -0.036353078 0.029371845 132.970184326 -0.038153891 0.997266591 -0.063274220 -26.234344482 -0.026991365 -0.064325742 -0.997563839 393.302978516
-0.998734474 -0.038530234 0.032325253 133.020751953 -0.040504370 0.997202635 -0.062819287 -26.322854996 -0.029814415 -0.064049095 -0.997501314 392.110015869
-0.998591602 -0.039885905 0.034986243 133.072311401 -0.041969251 0.997255802 -0.060986429 -26.410583496 -0.032457728 -0.062368877 -0.997525275 390.909027100
-0.998493493 -0.040105242 0.037446648 133.127700806 -0.042282004 0.997346044 -0.059270777 -26.496440887 -0.034970202 -0.060764801 -0.997539341 389.711914062
-0.998441458 -0.039010160 0.039910991 133.181167603 -0.041325044 0.997406900 -0.058921818 -26.580324173 -0.037508953 -0.060479302 -0.997464538 388.530273438
-0.998392344 -0.037996981 0.042062283 133.237747192 -0.040467903 0.997405231 -0.059541285 -26.668624878 -0.039690781 -0.061147727 -0.997339308 387.350830078
-0.998323202 -0.036999401 0.044519335 133.292266846 -0.039712183 0.997305751 -0.061678022 -26.750410080 -0.042117346 -0.063342556 -0.997102797 386.180175781
-0.998218358 -0.036960438 0.046838991 133.353698730 -0.039831109 0.997286439 -0.061914343 -26.841510773 -0.044423513 -0.063669689 -0.996981800 385.029357910
-0.998102784 -0.037907623 0.048515931 133.425888062 -0.040867504 0.997267306 -0.061545506 -26.928079605 -0.046050303 -0.063411474 -0.996924400 383.873657227
-0.997909665 -0.038956750 0.051561516 133.488952637 -0.042133637 0.997184396 -0.062032629 -27.011184692 -0.048999757 -0.064075433 -0.996741354 382.721008301
-0.997804880 -0.038782381 0.053678043 133.561355591 -0.042069312 0.997218609 -0.061523154 -27.091171265 -0.051142748 -0.063646294 -0.996661186 381.577270508
-0.997715831 -0.037454356 0.056215577 133.630920410 -0.040748406 0.997447252 -0.058642223 -27.178855896 -0.053875681 -0.060798973 -0.996695101 380.431213379
-0.997658789 -0.035124127 0.058679707 133.703735352 -0.038571879 0.997530699 -0.058694735 -27.255611420 -0.056473225 -0.060820710 -0.996549845 379.292968750
-0.997570932 -0.032791287 0.061457898 133.773880005 -0.036612485 0.997397125 -0.062117621 -27.332870483 -0.059261024 -0.064216860 -0.996174812 378.186431885
-0.997488201 -0.029183676 0.064540714 133.838897705 -0.033342682 0.997371435 -0.064330995 -27.419548035 -0.062493626 -0.066321373 -0.995839357 377.071472168
-0.997355819 -0.027821060 0.067136198 133.920532227 -0.032063283 0.997500837 -0.062961251 -27.499666214 -0.065216757 -0.064947382 -0.995755315 375.965118408
-0.997185469 -0.026707357 0.070057839 134.000457764 -0.030849468 0.997797489 -0.058724348 -27.588039398 -0.068335168 -0.060720310 -0.995812893 374.867889404
-0.996956229 -0.026051868 0.073481366 134.088424683 -0.030295126 0.997901022 -0.057235345 -27.660806656 -0.071836025 -0.059287269 -0.995652795 373.773925781
-0.996619225 -0.026798857 0.077665076 134.174057007 -0.031382486 0.997799158 -0.058411188 -27.744333267 -0.075928800 -0.060651038 -0.995266914 372.689849854
-0.996306181 -0.027712153 0.081277713 134.270919800 -0.032781109 0.997555614 -0.061709423 -27.819904327 -0.079368971 -0.064145848 -0.994779348 371.622772217
-0.995961726 -0.029178595 0.084905192 134.368621826 -0.034617994 0.997393072 -0.063313723 -27.900133133 -0.082836449 -0.065997288 -0.994375408 370.567321777
-0.995546460 -0.029368836 0.089580812 134.465820312 -0.035094801 0.997394502 -0.063029014 -27.981573105 -0.087496310 -0.065892138 -0.993983209 369.514831543
-0.995078921 -0.029118748 0.094709605 134.573715210 -0.035133835 0.997427821 -0.062476095 -28.061494827 -0.092646785 -0.065496154 -0.993542552 368.467010498
-0.994583368 -0.027210908 0.100316860 134.683761597 -0.033413984 0.997597873 -0.060682286 -28.137399673 -0.098424621 -0.063705586 -0.993103266 367.438690186
-0.993884981 -0.023830278 0.107817754 134.794799805 -0.030144194 0.997900963 -0.057315275 -28.213220596 -0.106225587 -0.060214873 -0.992517173 366.410308838
-0.992946327 -0.022676548 0.116375439 134.919830322 -0.029131150 0.998112381 -0.054065756 -28.289400101 -0.114929736 -0.057074543 -0.991732717 365.396240234
-0.991788208 -0.021543207 0.126063138 135.053466797 -0.028620064 0.998098135 -0.054598093 -28.357944489 -0.124647170 -0.057757691 -0.990518630 364.391998291
-0.990309060 -0.019757757 0.137467995 135.194747925 -0.027630560 0.998070657 -0.055599503 -28.422271729 -0.136104271 -0.058859013 -0.988944590 363.401641846
-0.988646626 -0.018556422 0.149108633 135.356719971 -0.027291806 0.998015106 -0.056753013 -28.492883682 -0.147759572 -0.060178127 -0.987190783 362.423461914
-0.986482441 -0.018850029 0.162779197 135.518920898 -0.028533498 0.997945905 -0.057356741 -28.561435699 -0.161363676 -0.061226085 -0.984993875 361.440460205
-0.983904660 -0.018137895 0.177770868 135.697509766 -0.028943803 0.997874618 -0.058381885 -28.629909515 -0.176334143 -0.062587582 -0.982338488 360.476745605
-0.980971932 -0.017394140 0.193368837 135.895095825 -0.029256722 0.997849107 -0.058661435 -28.697483063 -0.191932559 -0.063202552 -0.979370892 359.521057129
-0.977717519 -0.016727144 0.209257305 136.105560303 -0.029543050 0.997863650 -0.058269646 -28.766107559 -0.207835555 -0.063153341 -0.976123095 358.582427979
-0.974125624 -0.017237293 0.225348786 136.328247070 -0.031135328 0.997815490 -0.058265604 -28.833141327 -0.223852187 -0.063774325 -0.972534359 357.632507324
-0.970484793 -0.017073872 0.240556747 136.563079834 -0.031943817 0.997802436 -0.058051333 -28.899482727 -0.239036933 -0.064022236 -0.968897521 356.699371338
-0.966800153 -0.019068597 0.254820973 136.823913574 -0.035249013 0.997630537 -0.059082020 -28.965900421 -0.253090620 -0.066102698 -0.965181649 355.779266357
-0.963128388 -0.019831719 0.268310338 137.088836670 -0.037063912 0.997551143 -0.059312467 -29.030023575 -0.266477048 -0.067070156 -0.961504877 354.856109619
-0.959602833 -0.022671359 0.280443370 137.370468140 -0.041040570 0.997366190 -0.059801724 -29.092895508 -0.278348953 -0.068895459 -0.958005965 353.938446045
-0.956252694 -0.025230540 0.291451991 137.649749756 -0.044521898 0.997220099 -0.059748359 -29.161113739 -0.289134353 -0.070110522 -0.954717636 353.030487061
-0.953032494 -0.028420197 0.301531702 137.950347900 -0.048508398 0.997058451 -0.059341960 -29.226596832 -0.298958153 -0.071181633 -0.951607645 352.119293213
-0.949949622 -0.030443521 0.310916275 138.251495361 -0.051067416 0.996985853 -0.058407072 -29.287721634 -0.308200985 -0.071361460 -0.948641002 351.205322266
-0.947103322 -0.032569256 0.319271773 138.576721191 -0.053553384 0.996927381 -0.057165757 -29.357507706 -0.316428930 -0.071239971 -0.945937455 350.297943115
-0.943959832 -0.034153596 0.328288466 138.901672363 -0.055639189 0.996863723 -0.056275744 -29.418888092 -0.325336874 -0.071387745 -0.942899644 349.396026611
-0.940556765 -0.036096390 0.337712884 139.240646362 -0.057848521 0.996832967 -0.054566298 -29.477603912 -0.334673762 -0.070858888 -0.939666212 348.488281250
-0.936442137 -0.036771346 0.348889619 139.558380127 -0.058653276 0.996904314 -0.052360058 -29.548377991 -0.345884204 -0.069495678 -0.935699999 347.608367920
-0.932164907 -0.037455026 0.360091269 139.903900146 -0.059835993 0.996894062 -0.051204558 -29.606849670 -0.357055008 -0.069277510 -0.931510746 346.734985352
-0.927820981 -0.038083188 0.371076643 140.256347656 -0.060735449 0.996923447 -0.049546607 -29.668254852 -0.368048131 -0.068507895 -0.927279413 345.863922119
-0.923818946 -0.039556902 0.380780518 140.624893188 -0.062154241 0.996948540 -0.047226854 -29.725517273 -0.377750456 -0.067296185 -0.923458576 345.022521973
-0.919704437 -0.039932247 0.390575558 141.002197266 -0.062300839 0.997053027 -0.044764165 -29.779697418 -0.387636989 -0.065502979 -0.919481874 344.175933838
-0.915049672 -0.040251818 0.401327699 141.381927490 -0.062480249 0.997143030 -0.042448364 -29.828041077 -0.398472577 -0.063917413 -0.914950371 343.332824707
-0.909846067 -0.039215181 0.413088769 141.739257812 -0.061383639 0.997291207 -0.040525697 -29.871604919 -0.410380512 -0.062229030 -0.909788728 342.528015137
-0.904107451 -0.038129464 0.425600588 142.128067017 -0.059817873 0.997496903 -0.037706155 -29.918331146 -0.423097491 -0.059548933 -0.904125154 341.711425781
-0.897687018 -0.036862645 0.439089030 142.533142090 -0.058618665 0.997627974 -0.036088374 -29.963211060 -0.436717153 -0.058134872 -0.897718430 340.896331787
-0.890748858 -0.034262903 0.453202456 142.944091797 -0.057326600 0.997660518 -0.037247952 -30.011695862 -0.450865954 -0.059159137 -0.890628994 340.084655762
-0.883409023 -0.030626981 0.467600852 143.370941162 -0.055178940 0.997718573 -0.038897429 -30.053058624 -0.465342760 -0.060164053 -0.883083522 339.291992188
-0.875473082 -0.027686423 0.482473165 143.807586670 -0.053353820 0.997791886 -0.039555680 -30.087488174 -0.480312467 -0.060371719 -0.875017166 338.507537842
-0.866898894 -0.024917552 0.497860909 144.261047363 -0.050153013 0.998041809 -0.037377566 -30.130634308 -0.495954663 -0.057371788 -0.866451025 337.736633301
-0.857046127 -0.020356737 0.514837384 144.718109131 -0.045112528 0.998346508 -0.035623763 -30.169839859 -0.513260841 -0.053756818 -0.856547356 336.972564697
-0.845788777 -0.016524348 0.533261955 145.195556641 -0.041024677 0.998575211 -0.034124706 -30.215806961 -0.531938255 -0.050739199 -0.845261633 336.194976807
-0.834221303 -0.012034123 0.551298440 145.688781738 -0.036800176 0.998747885 -0.033884432 -30.251016617 -0.550200462 -0.048555002 -0.833619773 335.447814941
-0.821920514 -0.007716750 0.569549918 146.195312500 -0.032330081 0.998928189 -0.033121374 -30.292272568 -0.568683863 -0.045636740 -0.821289182 334.708007812
-0.809500694 -0.004945214 0.587098062 146.723236084 -0.028835706 0.999092579 -0.031343650 -30.327926636 -0.586410403 -0.042302098 -0.808908641 333.973815918
-0.796446443 -0.005553343 0.604683638 147.274505615 -0.027563220 0.999251842 -0.027127312 -30.364240646 -0.604080617 -0.038272478 -0.796003699 333.251953125
-0.782950997 -0.004032566 0.622070372 147.837326050 -0.024766106 0.999388158 -0.024692617 -30.401330948 -0.621590257 -0.034739368 -0.782571793 332.544403076
-0.769403458 -0.001439134 0.638761520 148.423477173 -0.021699827 0.999479115 -0.023886118 -30.434873581 -0.638394475 -0.032239076 -0.769033909 331.844177246
-0.754890561 0.000430328 0.655850708 149.027801514 -0.020411301 0.999499857 -0.024149405 -30.461490631 -0.655533254 -0.031616922 -0.754504144 331.149627686
-0.740504205 0.001835055 0.672049344 149.659545898 -0.018445779 0.999563932 -0.023053998 -30.493524551 -0.671798646 -0.029468052 -0.740147412 330.477478027
-0.724612713 0.004023376 0.689144492 150.302017212 -0.015073999 0.999651134 -0.021685999 -30.519535065 -0.688991368 -0.026102116 -0.724299371 329.806365967
-0.707211971 0.005016169 0.706983745 150.964645386 -0.012574024 0.999727428 -0.019671319 -30.545745850 -0.706889689 -0.022801427 -0.706956148 329.144226074
-0.689816296 0.006692300 0.723953426 151.645370483 -0.008237203 0.999819994 -0.017091237 -30.567434311 -0.723937392 -0.017753167 -0.689637184 328.492401123
-0.671455920 0.005739647 0.741022348 152.348587036 -0.006745959 0.999881148 -0.013857320 -30.594280243 -0.741013706 -0.014303490 -0.671337545 327.848083496
-0.653989553 0.005347637 0.756484687 153.062149048 -0.006735316 0.999894142 -0.012891065 -30.618318558 -0.756473601 -0.013525779 -0.653884351 327.230316162
-0.635943830 0.008963663 0.771683276 153.803802490 -0.004498707 0.999872446 -0.015321631 -30.638107300 -0.771722198 -0.013215277 -0.635822415 326.621093750
-0.618411064 0.008512951 0.785808802 154.550521851 -0.005270280 0.999873877 -0.014979579 -30.659280777 -0.785837233 -0.013404972 -0.618288279 326.047851562
-0.599811792 0.006183003 0.800117254 155.314666748 -0.006111622 0.999905586 -0.012308499 -30.698081970 -0.800117731 -0.012272798 -0.599717319 325.474121094
-0.580154598 0.002405288 0.814502835 156.106124878 -0.006692937 0.999947786 -0.007720171 -30.719139099 -0.814478874 -0.009930305 -0.580108225 324.914031982
-0.559682012 0.000755016 0.828707039 156.914001465 -0.007108233 0.999958515 -0.005711712 -30.738300323 -0.828676879 -0.009087387 -0.559653401 324.386566162
-0.537899673 -0.001352771 0.843007803 157.735046387 -0.008293757 0.999958813 -0.003687385 -30.755552292 -0.842968047 -0.008975144 -0.537888765 323.864593506
-0.514895678 -0.001666175 0.857251346 158.573501587 -0.010524250 0.999935031 -0.004377739 -30.765350342 -0.857188284 -0.011275999 -0.514879763 323.375732422
-0.490275413 -0.004081927 0.871558070 159.428771973 -0.008642969 0.999962628 -0.000178597 -30.777376175 -0.871524632 -0.007620404 -0.490292400 322.901855469
-0.463332713 -0.010662870 0.886120260 160.255950928 -0.007169477 0.999939978 0.008283731 -30.790903091 -0.886155367 -0.002514889 -0.463381350 322.466796875
-0.435782850 -0.016418587 0.899902105 161.150238037 -0.005690058 0.999863923 0.015486934 -30.788717270 -0.900033772 0.001628447 -0.435817003 322.044189453
-0.407171249 -0.015655642 0.913217604 162.035293579 -0.001972556 0.999865830 0.016261598 -30.784456253 -0.913349628 0.004819880 -0.407147527 321.642608643
-0.379035503 -0.015031559 0.925260007 162.945205688 0.000268627 0.999866307 0.016353643 -30.776035309 -0.925382018 0.006447159 -0.378980815 321.270935059
-0.352304906 -0.016937500 0.935732007 163.882324219 -0.000154367 0.999837220 0.018039739 -30.762918472 -0.935885310 0.006211040 -0.352250189 320.922882080
-0.326978892 -0.020025855 0.944819391 164.798690796 0.000043513 0.999775112 0.021205723 -30.759365082 -0.945031762 0.006974935 -0.326904446 320.614501953
-0.301399410 -0.024203636 0.953190684 165.761383057 -0.000122949 0.999678791 0.025345195 -30.748846054 -0.953498006 0.007521832 -0.301305592 320.318695068
-0.276816636 -0.026639881 0.960553348 166.740631104 -0.000193958 0.999617040 0.027667379 -30.732978821 -0.960922658 0.007472484 -0.276715875 320.044525146
-0.253836125 -0.028571678 0.966825128 167.729782104 -0.001059008 0.999571204 0.029261356 -30.715721130 -0.967246652 0.006403712 -0.253757507 319.793670654
-0.233250603 -0.028837236 0.971988916 168.727264404 -0.001019640 0.999566972 0.029410733 -30.694673538 -0.972416043 0.005868994 -0.233178988 319.562652588
-0.215057701 -0.029580431 0.976153135 169.740997314 -0.001938013 0.999552131 0.029862527 -30.673706055 -0.976599395 0.004530368 -0.215018719 319.346374512
-0.198796690 -0.030036222 0.979580343 170.757934570 -0.002398238 0.999542058 0.030161599 -30.646041870 -0.980037808 0.003646759 -0.198777720 319.146881104
-0.184648037 -0.031114912 0.982312024 171.787139893 -0.001696455 0.999507308 0.031340685 -30.620973587 -0.982803285 0.004120541 -0.184609860 318.961578369
-0.172576517 -0.032498028 0.984459758 172.835479736 -0.001991811 0.999465048 0.032644201 -30.598833084 -0.984994054 0.003672765 -0.172548905 318.786315918
-0.161823720 -0.033427499 0.986253321 173.888565063 -0.002853517 0.999437749 0.033406164 -30.573162079 -0.986815572 0.002591625 -0.161828116 318.620666504
-0.152553841 -0.035181303 0.987668812 174.955032349 -0.002557731 0.999376893 0.035203297 -30.545791626 -0.988291919 0.002844213 -0.152548760 318.468627930
-0.143966168 -0.035757136 0.988936305 176.038986206 -0.001981905 0.999355555 0.035845339 -30.514400482 -0.989580691 0.003200540 -0.143944234 318.312713623
-0.136486858 -0.036475793 0.989970028 177.129241943 -0.000621082 0.999324858 0.036734842 -30.482288361 -0.990641713 0.004398979 -0.136417344 318.160552979
-0.130693018 -0.037454970 0.990715027 178.218200684 0.001063915 0.999280214 0.037919141 -30.450908661 -0.991422415 0.006009803 -0.130559087 318.019775391
-0.126076251 -0.038492311 0.991273403 179.342239380 0.001368569 0.999239147 0.038975701 -30.416641235 -0.992019534 0.006270529 -0.125927672 317.883422852
-0.121633261 -0.039856177 0.991774559 180.447906494 0.001643623 0.999184012 0.040355515 -30.386693954 -0.992573738 0.006538684 -0.121468492 317.753723145
-0.118100673 -0.040845163 0.992161214 181.572570801 0.002396681 0.999139071 0.041417714 -30.343093872 -0.992998719 0.007269352 -0.117901109 317.623992920
-0.115565620 -0.043663409 0.992339611 182.709228516 0.001184328 0.999026656 0.044095557 -30.304311752 -0.993299127 0.006271185 -0.115401424 317.500457764
-0.114787623 -0.047915004 0.992233872 183.849548340 -0.000950599 0.998840928 0.048124097 -30.262479782 -0.993389606 0.004580826 -0.114700116 317.380249023
-0.114526287 -0.052510347 0.992031574 184.997192383 -0.002803800 0.998615146 0.052535158 -30.212310791 -0.993416250 0.003235199 -0.114514939 317.254394531
-0.114377335 -0.056354783 0.991837680 186.166076660 -0.003646123 0.998406768 0.056307565 -30.157655716 -0.993430674 0.002823954 -0.114400581 317.127532959
-0.114561677 -0.060490336 0.991572917 187.336914062 -0.003260640 0.998161972 0.060515590 -30.100444794 -0.993410826 0.003699599 -0.114548370 316.996093750
-0.115180701 -0.061699592 0.991426468 188.515930176 -0.004511560 0.998091340 0.061590225 -30.034334183 -0.993334293 0.002621134 -0.115239225 316.866241455
-0.116302647 -0.059895184 0.991406083 189.693939209 -0.005267033 0.998203158 0.059687950 -29.974838257 -0.993199885 0.001720097 -0.116409138 316.731658936
-0.118087023 -0.058083121 0.991303086 190.866744995 -0.005036926 0.998310030 0.057893667 -29.911109924 -0.992990434 0.001843372 -0.118180022 316.605255127
-0.120622769 -0.060304306 0.990865052 192.050613403 -0.004971006 0.998177350 0.060144186 -29.852813721 -0.992685914 0.002329165 -0.120702676 316.467407227
-0.123323105 -0.064742245 0.990252435 193.243286133 -0.004238543 0.997894883 0.064714044 -29.791606903 -0.992357433 0.003783509 -0.123337895 316.324157715
-0.126746699 -0.070572548 0.989421487 194.431381226 -0.003187413 0.997489750 0.070739716 -29.723159790 -0.991929889 0.005812331 -0.126653478 316.173095703
-0.130616799 -0.076831140 0.988451421 195.631088257 -0.001447528 0.997006476 0.077304833 -29.655178070 -0.991431892 0.008666499 -0.130337015 316.015960693
-0.135655701 -0.081517227 0.987396836 196.822937012 0.001319659 0.996593714 0.082457796 -29.576923370 -0.990755200 0.012488904 -0.135086060 315.851318359
-0.140755504 -0.083964221 0.986477554 198.003829956 0.003485016 0.996349037 0.085301705 -29.491630554 -0.990038276 0.015444572 -0.139949009 315.685791016
-0.145689309 -0.085235685 0.985651851 199.195434570 0.004222990 0.996219039 0.086773708 -29.406333923 -0.989321411 0.016804403 -0.144778520 315.517242432
-0.150969312 -0.085639022 0.984821916 200.378417969 0.006715990 0.996128559 0.087651774 -29.322023392 -0.988515735 0.019846788 -0.149809703 315.332580566
-0.157175437 -0.086583517 0.983767807 201.575469971 0.006976349 0.996026993 0.088777088 -29.232997894 -0.987546086 0.020816693 -0.155946955 315.143035889
-0.163290918 -0.090004072 0.982463956 202.764007568 0.005877856 0.995723486 0.092195727 -29.137739182 -0.986560524 0.020829517 -0.162063584 314.951568604
-0.170266986 -0.095195644 0.980788887 203.960418701 0.005072715 0.995224833 0.097477436 -29.047813416 -0.985384881 0.021572450 -0.168971017 314.746276855
-0.177560344 -0.099255666 0.979091704 205.142623901 0.004256140 0.994814038 0.101621382 -28.947742462 -0.984100759 0.022211077 -0.176217064 314.537750244
-0.185548112 -0.099899895 0.977543831 206.330657959 0.004293201 0.994726777 0.102470808 -28.842363358 -0.982625782 0.023210056 -0.184140772 314.319091797
-0.193357646 -0.102710180 0.975737393 207.514099121 0.003814669 0.994419158 0.105432630 -28.732057571 -0.981120944 0.024108322 -0.191886708 314.087310791
-0.202374563 -0.104621910 0.973703623 208.711364746 0.003864678 0.994183958 0.107625715 -28.624237061 -0.979300499 0.025543751 -0.200793222 313.840667725
-0.211304396 -0.107086889 0.971536338 209.901092529 0.003703597 0.993885219 0.110355809 -28.510265350 -0.977413237 0.026916832 -0.209615722 313.586853027
-0.220555291 -0.107358649 0.969448149 211.087478638 0.003760996 0.993822992 0.110913634 -28.400230408 -0.975367188 0.028108694 -0.218789175 313.323608398
-0.230031610 -0.107740521 0.967200816 212.261718750 0.003796847 0.993745804 0.111600518 -28.286970139 -0.973175764 0.029343959 -0.228183880 313.051605225
-0.239183620 -0.104026444 0.965385795 213.431488037 0.002224739 0.994183064 0.107680731 -28.178264618 -0.970971763 0.027903184 -0.237560883 312.768463135
-0.249236897 -0.097934403 0.963477969 214.575653076 0.004584125 0.994743228 0.102298252 -28.071508408 -0.968431711 0.029913206 -0.247477755 312.469390869
-0.259460598 -0.093542069 0.961212814 215.731918335 0.004894818 0.995158017 0.098166749 -27.966121674 -0.965741336 0.030175367 -0.257746398 312.162994385
-0.271223366 -0.092684418 0.958043516 216.866882324 0.007163692 0.995130897 0.098300442 -27.857780457 -0.962489784 0.033524502 -0.269238800 311.857055664
-0.281849682 -0.095627494 0.954681218 217.978515625 0.006218326 0.994817615 0.101483703 -27.763565063 -0.959438443 0.034539662 -0.279794484 311.527648926
-0.294516206 -0.095198229 0.950892925 219.085266113 0.005510027 0.994840026 0.101304583 -27.663532257 -0.955630660 0.035075292 -0.292472035 311.185058594
-0.309179813 -0.093236476 0.946422100 220.191772461 0.005963819 0.994972825 0.099967696 -27.568241119 -0.950984836 0.036552258 -0.307069480 310.824249268
-0.324380755 -0.092984185 0.941345394 221.292617798 0.003514103 0.995031476 0.099498138 -27.472425461 -0.945919991 0.035583261 -0.322442353 310.449005127
-0.339371473 -0.092033684 0.936139345 222.358093262 0.003031947 0.995089829 0.098928377 -27.377496719 -0.940647662 0.036411796 -0.337426096 310.070556641
-0.354446650 -0.090637125 0.930673182 223.417510986 0.002317376 0.995202959 0.097804189 -27.283809662 -0.935073376 0.036823086 -0.352536380 309.673309326
-0.368973076 -0.089345343 0.925135851 224.449707031 0.001969192 0.995291531 0.096906051 -27.193008423 -0.929437935 0.037577491 -0.367059827 309.255371094
-0.384143263 -0.089839593 0.918892145 225.506988525 -0.000250159 0.995264649 0.097201928 -27.102371216 -0.923273444 0.037109591 -0.382346660 308.831207275
-0.399531662 -0.090286963 0.912262440 226.523788452 -0.003552619 0.995283186 0.096947663 -27.011909485 -0.916712523 0.035492741 -0.397967845 308.396606445
-0.414414227 -0.089861289 0.905641019 227.537994385 -0.006015903 0.995362043 0.096010916 -26.917320251 -0.910068452 0.034340065 -0.413032800 307.940246582
-0.429182947 -0.089246556 0.898797572 228.522735596 -0.008016426 0.995443463 0.095015153 -26.834421158 -0.903181911 0.033573747 -0.427942842 307.473083496
-0.444159776 -0.087464787 0.891668141 229.506362915 -0.009045962 0.995610535 0.093154632 -26.746561050 -0.895901918 0.033309542 -0.443001360 306.993713379
-0.458145022 -0.085222192 0.884782493 230.520507812 -0.006656360 0.995694280 0.092458516 -26.658712387 -0.888852537 0.036469970 -0.456739694 306.464050293
-0.472579569 -0.082422256 0.877425134 231.477722168 -0.005395187 0.995868862 0.090642579 -26.575857162 -0.881271601 0.038101960 -0.471071929 305.952331543
-0.486228555 -0.079005174 0.870252728 232.429138184 -0.002923651 0.996045947 0.088791698 -26.492219925 -0.873826861 0.040628746 -0.484536976 305.410552979
-0.500343323 -0.075709321 0.862510622 233.363891602 -0.000638633 0.996201634 0.087073959 -26.426094055 -0.865826786 0.043016054 -0.498491287 304.884490967
-0.513465285 -0.073406480 0.854964793 234.273162842 0.001022648 0.996281326 0.086153962 -26.353839874 -0.858109832 0.045111410 -0.511480749 304.338623047
-0.526180923 -0.071989246 0.847319961 235.176116943 0.000817968 0.996366858 0.085160397 -26.276420593 -0.850372195 0.045502875 -0.524210453 303.779785156
-0.538434863 -0.068974689 0.839839339 236.056198120 0.001342776 0.996572912 0.082707867 -26.217201233 -0.842666090 0.045660507 -0.536497116 303.220458984
-0.550692201 -0.065644771 0.832123041 236.923202515 0.000980090 0.996851206 0.079288527 -26.150112152 -0.834707916 0.044479135 -0.548893869 302.649536133
-0.562840104 -0.062851451 0.824172676 237.776550293 -0.001181644 0.997164965 0.075236902 -26.087779999 -0.826564968 0.041372471 -0.561318696 302.084655762
-0.574447572 -0.057929877 0.816488922 238.612152100 0.000095583 0.997487724 0.070839003 -26.029508591 -0.818541348 0.040771354 -0.572998941 301.493408203
-0.586107314 -0.052531213 0.808528781 239.424041748 0.002489932 0.997774541 0.066631749 -25.968358994 -0.810229540 0.041066542 -0.584672153 300.898437500
-0.598194480 -0.054228850 0.799514055 240.218170166 0.001884698 0.997609675 0.069075279 -25.921865463 -0.801348805 0.042827293 -0.596662462 300.311218262
-0.609844685 -0.056739531 0.790487349 240.998519897 0.000567152 0.997402549 0.072029002 -25.871185303 -0.792520761 0.044374820 -0.608228445 299.713439941
-0.621006966 -0.057932772 0.781661153 241.750015259 -0.001680239 0.997360945 0.072584428 -25.821126938 -0.783803344 0.043762062 -0.619465351 299.114898682
-0.633415818 -0.052502114 0.772028446 242.476379395 -0.002938903 0.997851670 0.065448068 -25.773815155 -0.773806095 0.039186921 -0.632209301 298.532623291
-0.645090282 -0.051236276 0.762386560 243.192276001 -0.005959371 0.998056352 0.062031981 -25.729467392 -0.764083028 0.035472892 -0.644141853 297.929473877
-0.656142354 -0.052726444 0.752792776 243.878662109 -0.009860518 0.998069882 0.061311394 -25.687671661 -0.754572570 0.032806069 -0.655395925 297.337738037
-0.667211652 -0.054837044 0.742846847 244.550460815 -0.010619536 0.997885287 0.064125746 -25.645797729 -0.744792283 0.034896757 -0.666383088 296.748260498
-0.677679121 -0.053630374 0.733399212 245.177062988 -0.010366620 0.997934639 0.063395701 -25.613651276 -0.735284448 0.035359077 -0.676835537 296.161437988
-0.688613176 -0.052702628 0.723211050 245.795547485 -0.010611248 0.997980893 0.062622324 -25.582859039 -0.725051165 0.035448372 -0.687781990 295.583801270
-0.699586689 -0.052220300 0.712637067 246.385040283 -0.012070173 0.998047411 0.061285336 -25.548236847 -0.714445710 0.034272753 -0.698850930 295.004638672
-0.710769296 -0.051346473 0.701548755 246.944610596 -0.012772574 0.998109996 0.060111389 -25.510728836 -0.703309298 0.033764742 -0.710081637 294.439270020
-0.722834170 -0.050909106 0.689143777 247.489242554 -0.011142708 0.998011529 0.062038638 -25.482284546 -0.690931737 0.037164714 -0.721964002 293.869262695
-0.735127985 -0.048314933 0.676204383 247.990447998 -0.006879564 0.997937381 0.063823789 -25.449644089 -0.677893400 0.042266663 -0.733944178 293.305786133
-0.748089015 -0.044789895 0.662084937 248.468750000 -0.001322598 0.997818172 0.066007771 -25.416528702 -0.663596928 0.048504025 -0.746516228 292.744903564
-0.760949790 -0.040999476 0.647513986 248.919326782 0.003520690 0.997725785 0.067311756 -25.384616852 -0.648801267 0.053500563 -0.759074867 292.189636230
-0.773687243 -0.035750546 0.632558167 249.346588135 0.006697985 0.997889221 0.064590476 -25.353271484 -0.633532345 0.054209691 -0.771814823 291.644073486
-0.787377119 -0.027900428 0.615839779 249.753234863 0.011096159 0.998172045 0.059408762 -25.327693939 -0.616371691 0.053610571 -0.785628200 291.099060059
-0.802046001 -0.019262914 0.596951485 250.119110107 0.016129514 0.998416722 0.053888846 -25.316947937 -0.597044349 0.052849863 -0.800465405 290.588989258
-0.817565501 -0.011390890 0.575722933 250.467819214 0.020489438 0.998595715 0.048853979 -25.290731430 -0.575471044 0.051737577 -0.816183984 290.065673828
-0.833629549 -0.006739559 0.552282810 250.792633057 0.023198435 0.998615861 0.047202505 -25.264465332 -0.551836491 0.052161504 -0.832319438 289.541076660
-0.850141764 -0.001312435 0.526552320 251.098358154 0.028398680 0.998427033 0.048339475 -25.246204376 -0.525787532 0.056048810 -0.848767221 289.006866455
-0.866330326 0.005056906 0.499446034 251.359741211 0.034186535 0.998203933 0.049192507 -25.236553192 -0.498300344 0.059691291 -0.864947140 288.488983154
-0.883147001 0.011817675 0.468947262 251.597244263 0.038490541 0.998137176 0.047333997 -25.221023560 -0.467514515 0.059852906 -0.881956697 287.982238770
-0.900211453 0.017295906 0.435109317 251.814422607 0.040441241 0.998213053 0.043990489 -25.206798553 -0.433571100 0.057197101 -0.899302304 287.467132568
-0.917280674 0.023436459 0.397550851 252.018280029 0.042529561 0.998322904 0.039276455 -25.192245483 -0.395963609 0.052935198 -0.916739106 286.950347900
-0.933126926 0.030929748 0.358214289 252.181381226 0.046255831 0.998340845 0.034292713 -25.170530319 -0.356559336 0.048568949 -0.933009386 286.415069580
-0.948017299 0.038550030 0.315875202 252.327087402 0.051141899 0.998189151 0.031668123 -25.155937195 -0.314082444 0.046176374 -0.948272109 285.870849609
-0.961004078 0.043610360 0.273073733 252.425277710 0.053463172 0.998156071 0.028740877 -25.150516510 -0.271316737 0.042219486 -0.961563706 285.355804443
-0.973166764 0.043764688 0.225900114 252.543106079 0.050817881 0.998382449 0.025499715 -25.137710571 -0.224418625 0.036295246 -0.973816693 284.815856934
-0.983427346 0.042800017 0.176178649 252.615173340 0.047725610 0.998576581 0.023814339 -25.129341125 -0.174908519 0.031827904 -0.984070063 284.259338379
-0.991471767 0.042225622 0.123290643 252.655807495 0.045189992 0.998750269 0.021345921 -25.113351822 -0.122235209 0.026735399 -0.992140949 283.713714600
-0.996791065 0.044065505 0.066826567 252.671875000 0.045557726 0.998741567 0.020971969 -25.106231689 -0.065818310 0.023949143 -0.997544169 283.160186768
-0.999062657 0.042262897 0.009353563 252.646255493 0.042480521 0.998798311 0.024439666 -25.107654572 -0.008309436 0.024814121 -0.999657571 282.629730225
-0.997914791 0.040822338 -0.049997978 252.596481323 0.039419938 0.998809814 0.028721459 -25.097408295 0.051110946 0.026690653 -0.998336256 282.068695068
-0.993055105 0.041421484 -0.110117078 252.514663696 0.038049351 0.998745561 0.032550920 -25.083936691 0.111327253 0.028134974 -0.993385434 281.489593506
-0.984358132 0.041309178 -0.171267346 252.389770508 0.035428762 0.998677671 0.037251487 -25.065416336 0.172579691 0.030601017 -0.984520137 280.906280518
-0.971641064 0.040292274 -0.233002171 252.223968506 0.030977027 0.998573124 0.043502651 -25.049564362 0.234422490 0.035051253 -0.971502662 280.335784912
-0.954642415 0.040346507 -0.295008779 252.011398315 0.026018776 0.998290658 0.052333765 -25.031259537 0.296616018 0.042284261 -0.954060197 279.760467529
-0.933788061 0.035189819 -0.356091976 251.763763428 0.015305892 0.998169839 0.058504429 -24.997112274 0.357499033 0.049180433 -0.932617605 279.190643311
-0.908146679 0.032089029 -0.417420626 251.502716064 0.005874577 0.997936726 0.063935138 -24.968500137 0.418611020 0.055610321 -0.906461358 278.614532471
-0.880012870 0.031407923 -0.473910153 251.171020508 -0.001139016 0.997668684 0.068234541 -24.933824539 0.474948406 0.060587078 -0.877925515 278.053802490
-0.849505723 0.032278724 -0.526591122 250.789779663 -0.006836344 0.997369289 0.072164744 -24.899827957 0.527535200 0.064904317 -0.847050190 277.498138428
-0.816329479 0.032227013 -0.576686740 250.395812988 -0.011364948 0.997352660 0.071822748 -24.860406876 0.577474654 0.065185070 -0.813802123 276.953094482
-0.783999681 0.027656533 -0.620144963 249.947296143 -0.018913234 0.997478962 0.068394937 -24.815057755 0.620473146 0.065350562 -0.781500101 276.416931152
-0.753096044 0.025366593 -0.657421350 249.464126587 -0.024053194 0.997526824 0.066043206 -24.770418167 0.657470703 0.065549970 -0.750623405 275.891296387
-0.723983645 0.028328540 -0.689235210 248.945327759 -0.023911430 0.997525334 0.066116653 -24.726829529 0.689402580 0.064347960 -0.721514702 275.362121582
-0.697261393 0.032405440 -0.716084063 248.386795044 -0.022940474 0.997457206 0.067476079 -24.679162979 0.716449738 0.063475750 -0.694745004 274.851806641
-0.673560917 0.035253201 -0.738290429 247.796386719 -0.022124648 0.997452736 0.067813009 -24.634016037 0.738800466 0.062010594 -0.671065331 274.329437256
-0.654240310 0.037437446 -0.755359530 247.188415527 -0.021278508 0.997467458 0.067866854 -24.583959579 0.755987287 0.060474172 -0.651786864 273.816650391
-0.639701426 0.041937403 -0.767478585 246.550476074 -0.013533709 0.997741044 0.065800130 -24.530611038 0.768504381 0.052479278 -0.637688756 273.306121826
-0.630157292 0.047935247 -0.774986506 245.883361816 -0.004919987 0.997825980 0.065719083 -24.485082626 0.776452065 0.045226272 -0.628551543 272.788635254
-0.625665903 0.051096685 -0.778415859 245.218322754 0.000066019 0.997855961 0.065448076 -24.436969757 0.780091107 0.040897243 -0.624327838 272.268585205
-0.623782098 0.053739171 -0.779748619 244.502410889 0.002452601 0.997763336 0.066802405 -24.381864548 0.781594396 0.039757732 -0.622518718 271.702911377
