1.000000000 0.000000000 0.000000000 0.000000000 0.000000000 1.000000000 0.000000000 -0.000000954 0.000000000 0.000000000 1.000000000 -0.000000000
0.999997556 -0.001677615 -0.001434221 -0.002483064 0.001676347 0.999998212 -0.000885232 -0.008487114 0.001435704 0.000882826 0.999998569 0.564135015
0.999995530 -0.001795247 -0.002399720 -0.008062554 0.001789067 0.999995112 -0.002574741 -0.017635584 0.002404331 0.002570438 0.999993801 1.119328856
0.999986589 -0.002514137 -0.004526866 -0.009285821 0.002498114 0.999990582 -0.003541837 -0.035230100 0.004535728 0.003530481 0.999983490 1.684781194
0.999970496 -0.004306991 -0.006357117 -0.020533284 0.004271557 0.999975324 -0.005577020 -0.040730897 0.006380980 0.005549701 0.999964237 2.251469374
0.999943614 -0.006950587 -0.008026279 -0.020420242 0.006889623 0.999947309 -0.007598426 -0.054561213 0.008078673 0.007542698 0.999938965 2.812047958
0.999920845 -0.008201853 -0.009543748 -0.026334468 0.008123763 0.999933481 -0.008191707 -0.067756243 0.009610294 0.008113527 0.999920905 3.384761333
0.999906898 -0.008165219 -0.010932598 -0.037487097 0.008083440 0.999939024 -0.007502934 -0.080737032 0.010993190 0.007413860 0.999912083 3.968464851
0.999891818 -0.008704657 -0.011857899 -0.049620368 0.008611722 0.999931872 -0.007865457 -0.095453709 0.011925555 0.007762488 0.999898732 4.560354710
0.999881744 -0.007985802 -0.013142646 -0.058584347 0.007843309 0.999910176 -0.010858303 -0.108445309 0.013228185 0.010753938 0.999854684 5.152334690
0.999877214 -0.006336368 -0.014329282 -0.074972987 0.006126453 0.999873936 -0.014646057 -0.124192223 0.014420284 0.014556472 0.999790072 5.755030155
0.999863267 -0.005215792 -0.015691269 -0.090753973 0.004928006 0.999819875 -0.018323589 -0.136830628 0.015784023 0.018243760 0.999708951 6.372531891
0.999852657 -0.003169836 -0.016864352 -0.107217245 0.002861550 0.999828875 -0.018273074 -0.151785836 0.016919393 0.018222127 0.999690771 6.997658730
0.999833643 -0.001251936 -0.018191017 -0.117943794 0.001044325 0.999934256 -0.011417519 -0.161177278 0.018204121 0.011396628 0.999769330 7.637148857
0.999827325 -0.000200645 -0.018578714 -0.139102995 0.000185369 0.999999583 -0.000823657 -0.174732015 0.018578878 0.000820076 0.999827027 8.295763016
0.999807119 0.000598028 -0.019629089 -0.154662266 -0.000486619 0.999983728 0.005680252 -0.184222102 0.019632168 -0.005669603 0.999791265 8.983277321
0.999776840 0.002938551 -0.020918168 -0.175552890 -0.002836067 0.999983728 0.004927498 -0.202410460 0.020932315 -0.004867068 0.999769092 9.673151970
0.999757588 0.005006086 -0.021440739 -0.201742560 -0.005055301 0.999984682 -0.002241730 -0.211309910 0.021429179 0.002349574 0.999767601 10.354143143
0.999735117 0.004455042 -0.022577759 -0.221636638 -0.004637084 0.999957085 -0.008016888 -0.213984728 0.022541070 0.008119458 0.999712944 11.065059662
0.999720812 0.002265113 -0.023519972 -0.244268671 -0.002424217 0.999974310 -0.006738242 -0.214338869 0.023504104 0.006793378 0.999700665 11.804728508
0.999711752 0.001785581 -0.023942593 -0.266358793 -0.001729291 0.999995708 0.002371610 -0.222014785 0.023946719 -0.002329523 0.999710500 12.572879791
0.999697983 0.001530733 -0.024527162 -0.284763634 -0.001285836 0.999949217 0.009997634 -0.231110901 0.024541229 -0.009963078 0.999649167 13.348075867
0.999685466 0.000605772 -0.025072638 -0.305925399 -0.000290298 0.999920726 0.012584385 -0.234345064 0.025078282 -0.012573149 0.999606371 14.134803772
0.999683559 -0.001051457 -0.025131859 -0.326943666 0.001337979 0.999934256 0.011386915 -0.234595567 0.025118241 -0.011416938 0.999619305 14.934882164
0.999696672 -0.001509039 -0.024584744 -0.352299690 0.001733512 0.999957025 0.009112073 -0.235961422 0.024569945 -0.009151929 0.999656200 15.765409470
0.999701440 0.001039722 -0.024411868 -0.378424138 -0.000903537 0.999983907 0.005589276 -0.235884845 0.024417298 -0.005565552 0.999686360 16.605552673
0.999725699 -0.002331801 -0.023302983 -0.399129629 0.002328213 0.999997199 -0.000181160 -0.238294944 0.023303362 0.000126854 0.999728382 17.477350235
0.999729574 -0.005249289 -0.022651877 -0.415534854 0.005106162 0.999966621 -0.006371859 -0.248075813 0.022684582 0.006254470 0.999723136 18.347858429
0.999757409 -0.003918264 -0.021674698 -0.436552972 0.003665615 0.999924958 -0.011683947 -0.262858599 0.021718867 0.011601660 0.999696732 19.239362717
0.999762177 -0.002638165 -0.021646623 -0.460702062 0.002367658 0.999918938 -0.012512708 -0.277762979 0.021677893 0.012458477 0.999687374 20.152830124
0.999755621 -0.002628459 -0.021944698 -0.489900768 0.002369669 0.999927461 -0.011810583 -0.302014560 0.021974163 0.011755695 0.999689400 21.098342896
0.999759853 -0.001057688 -0.021888325 -0.508349299 0.000762232 0.999908507 -0.013502197 -0.322951704 0.021900591 0.013482276 0.999669135 22.043331146
0.999765158 0.001553267 -0.021614870 -0.537221789 -0.001891268 0.999876082 -0.015625661 -0.343363792 0.021587914 0.015662875 0.999644160 22.996435165
0.999745846 0.005178093 -0.021942401 -0.566800594 -0.005540708 0.999848545 -0.016497198 -0.364873052 0.021853646 0.016614586 0.999623060 23.960605621
0.999736845 0.007331356 -0.021733671 -0.605534911 -0.007686310 0.999837637 -0.016293710 -0.396219105 0.021610698 0.016456475 0.999630988 24.946588516
0.999724388 0.007883211 -0.022109844 -0.628365576 -0.008248923 0.999829769 -0.016498663 -0.423554063 0.021976028 0.016676499 0.999619424 25.925954819
0.999722242 0.007827786 -0.022223903 -0.650192440 -0.008187811 0.999835908 -0.016155485 -0.454662472 0.022093805 0.016332958 0.999622524 26.912502289
0.999696553 0.009347279 -0.022786483 -0.680475235 -0.009687928 0.999842227 -0.014885411 -0.486569285 0.022643758 0.015101646 0.999629557 27.914657593
0.999690056 0.009634062 -0.022958234 -0.704315543 -0.009937239 0.999864399 -0.013128160 -0.513296425 0.022828629 0.013352228 0.999650121 28.935556412
0.999678135 0.010409498 -0.023137921 -0.736505508 -0.010685296 0.999872863 -0.011828192 -0.542914510 0.023011843 0.012071617 0.999662220 29.955823898
0.999673843 0.010042034 -0.023487836 -0.762956023 -0.010344817 0.999864399 -0.012805196 -0.572939396 0.023356054 0.013043991 0.999642015 30.977199554
0.999666274 0.011377093 -0.023196362 -0.799491644 -0.011701348 0.999834895 -0.013891173 -0.596755743 0.023034479 0.014157962 0.999634326 32.018398285
0.999659538 0.011262435 -0.023541560 -0.832067430 -0.011575231 0.999845982 -0.013193199 -0.620387375 0.023389356 0.013461206 0.999635696 33.088924408
0.999626517 0.010869218 -0.025075171 -0.849082768 -0.011141458 0.999880254 -0.010742941 -0.642984033 0.024955409 0.011018302 0.999627829 34.140647888
0.999628127 0.011612291 -0.024674071 -0.889523804 -0.011801326 0.999902070 -0.007529578 -0.661431193 0.024584226 0.007817965 0.999667048 35.195266724
0.999619663 0.010938581 -0.025314964 -0.918822229 -0.011056624 0.999928653 -0.004527656 -0.695301175 0.025263645 0.004805831 0.999669313 36.268665314
0.999602377 0.011150985 -0.025901468 -0.949714243 -0.011260297 0.999928355 -0.004078278 -0.714331925 0.025854146 0.004368314 0.999656260 37.340675354
0.999591827 0.010536920 -0.026553432 -0.977524757 -0.010680847 0.999929011 -0.005284172 -0.740008831 0.026495881 0.005565627 0.999633431 38.426750183
0.999570012 0.011043116 -0.027164631 -1.018589973 -0.011213491 0.999918401 -0.006127527 -0.755677223 0.027094759 0.006429501 0.999612272 39.506637573
0.999563754 0.010456865 -0.027620150 -1.058374047 -0.010596121 0.999931872 -0.004900360 -0.780783176 0.027567035 0.005190886 0.999606431 40.622066498
0.999532223 0.011164152 -0.028474960 -1.096428752 -0.011252709 0.999932349 -0.002951647 -0.798322678 0.028440092 0.003270684 0.999590158 41.709617615
0.999530673 0.010575794 -0.028753135 -1.138115644 -0.010581693 0.999944150 -0.000052914 -0.827593982 0.028750975 0.000357143 0.999586582 42.802814484
0.999493897 0.012168896 -0.029392263 -1.178094149 -0.012173840 0.999926031 0.000010770 -0.852788866 0.029390227 0.000347049 0.999567926 43.881027222
0.999460816 0.013508755 -0.029925702 -1.204977632 -0.013635914 0.999898791 -0.004049072 -0.876070499 0.029867975 0.004454951 0.999543905 44.978385925
0.999451637 0.014688193 -0.029672934 -1.247345686 -0.014939224 0.999854267 -0.008255908 -0.896356702 0.029547343 0.008694668 0.999525607 46.058979034
0.999440432 0.014983590 -0.029906735 -1.285598993 -0.015241411 0.999848485 -0.008411451 -0.922997236 0.029776167 0.008862561 0.999517381 47.140083313
0.999439895 0.015536305 -0.029639082 -1.325537920 -0.015705943 0.999861538 -0.005499108 -0.949858665 0.029549537 0.005961535 0.999545574 48.243827820
0.999434054 0.015962180 -0.029611453 -1.360193133 -0.016076747 0.999864101 -0.003635123 -0.972418666 0.029549403 0.004109120 0.999554873 49.356651306
0.999458015 0.014450043 -0.029579835 -1.396493316 -0.014528107 0.999891460 -0.002425983 -0.994064271 0.029541569 0.002854405 0.999559462 50.444595337
0.999469519 0.014568830 -0.029129781 -1.433557987 -0.014665675 0.999887466 -0.003113806 -1.018920422 0.029081142 0.003539360 0.999570787 51.527812958
0.999483287 0.013627517 -0.029109789 -1.470455766 -0.013777749 0.999892712 -0.004966446 -1.042716026 0.029038997 0.005364946 0.999563932 52.633361816
0.999494135 0.013433339 -0.028827798 -1.500816345 -0.013645847 0.999880970 -0.007187553 -1.064388514 0.028727822 0.007577297 0.999558628 53.720550537
0.999505222 0.012956239 -0.028661698 -1.538428426 -0.013237905 0.999865651 -0.009659362 -1.096972346 0.028532706 0.010034002 0.999542594 54.823097229
0.999533951 0.011169906 -0.028410343 -1.574274659 -0.011538383 0.999850929 -0.012839166 -1.130319118 0.028262714 0.013160990 0.999513984 55.906230927
0.999551833 0.009457875 -0.028403578 -1.604617357 -0.009875835 0.999844432 -0.014611083 -1.161528587 0.028260989 0.014885043 0.999489784 56.993530273
0.999585509 0.007645900 -0.027755057 -1.639141440 -0.007983220 0.999895334 -0.012063161 -1.196311355 0.027659934 0.012279736 0.999542117 58.072734833
0.999591231 0.006490830 -0.027844643 -1.668504238 -0.006674465 0.999956548 -0.006507155 -1.219344854 0.027801203 0.006690345 0.999591112 59.188949585
0.999604285 0.004745418 -0.027727500 -1.696916938 -0.004763231 0.999988437 -0.000576472 -1.239893556 0.027724445 0.000708317 0.999615371 60.280021667
0.999615192 0.003598876 -0.027502915 -1.730711699 -0.003596604 0.999993503 0.000132040 -1.264259815 0.027503205 -0.000033072 0.999621868 61.386592865
0.999617040 0.000331429 -0.027665677 -1.757037640 -0.000411770 0.999995708 -0.002898397 -1.280699253 0.027664592 0.002908679 0.999613166 62.481933594
0.999628067 -0.001050332 -0.027248798 -1.793818116 0.000881080 0.999980271 -0.006222728 -1.299249887 0.027254794 0.006196406 0.999609411 63.571033478
0.999626279 0.001127370 -0.027311431 -1.832046509 -0.001401108 0.999948978 -0.010006034 -1.334205627 0.027298752 0.010040562 0.999576926 64.673728943
0.999623716 0.001157022 -0.027403360 -1.861654520 -0.001549801 0.999896407 -0.014316622 -1.359746933 0.027383950 0.014353706 0.999521971 65.767974854
0.999636948 0.004425440 -0.026576336 -1.904235721 -0.004823567 0.999876797 -0.014935460 -1.391516685 0.026506968 0.015058231 0.999535203 66.856864929
0.999641240 0.008066196 -0.025542110 -1.954690218 -0.008358996 0.999900281 -0.011377548 -1.422132611 0.025447801 0.011586971 0.999609053 67.974700928
0.999636769 0.009298640 -0.025297575 -1.991236567 -0.009531819 0.999912977 -0.009112602 -1.450813532 0.025210651 0.009350422 0.999638498 69.068649292
0.999638021 0.008707150 -0.025458258 -2.023165464 -0.008922603 0.999925196 -0.008361747 -1.477795601 0.025383562 0.008585872 0.999640942 70.165901184
0.999641716 0.007630873 -0.025656613 -2.048641682 -0.007832553 0.999939144 -0.007769394 -1.505542994 0.025595760 0.007967563 0.999640703 71.282775879
0.999648929 0.006561913 -0.025672812 -2.082923889 -0.006723465 0.999958098 -0.006211451 -1.534401417 0.025630973 0.006381875 0.999651194 72.373657227
0.999647558 0.004857018 -0.026098656 -2.115064859 -0.004967412 0.999978960 -0.004166663 -1.561581850 0.026077872 0.004294832 0.999650717 73.475624084
0.999633849 0.004141983 -0.026737420 -2.145793438 -0.004212856 0.999987721 -0.002594822 -1.587936640 0.026726341 0.002706512 0.999639094 74.576667786
0.999625206 0.003458925 -0.027154071 -2.180417538 -0.003549502 0.999988317 -0.003288063 -1.617846727 0.027142376 0.003383214 0.999625862 75.662857056
0.999603868 0.003562003 -0.027918627 -2.212132215 -0.003773924 0.999964356 -0.007541522 -1.640846968 0.027890773 0.007643897 0.999581814 76.750320435
0.999573052 0.004314724 -0.028896889 -2.243499517 -0.004594807 0.999942958 -0.009632992 -1.665930510 0.028853679 0.009761654 0.999536037 77.831672668
0.999553978 0.006240502 -0.029206183 -2.286278009 -0.006474234 0.999947608 -0.007915094 -1.694051981 0.029155284 0.008100648 0.999542177 78.912651062
0.999527156 0.007380773 -0.029848708 -2.324813843 -0.007497081 0.999964654 -0.003786533 -1.716061592 0.029819731 0.004008516 0.999547303 79.990493774
0.999509931 0.008573592 -0.030106120 -2.368570328 -0.008564103 0.999963224 0.000444219 -1.745232582 0.030108824 -0.000186173 0.999546587 81.072914124
0.999476492 0.009821864 -0.030827489 -2.407873154 -0.009797073 0.999951541 0.000955195 -1.763222337 0.030835379 -0.000652679 0.999524295 82.144882202
0.999467850 0.009811227 -0.031105869 -2.452946186 -0.009855735 0.999950647 -0.001277783 -1.781312466 0.031091796 0.001583671 0.999515295 83.213569641
0.999451101 0.009444526 -0.031754322 -2.488046646 -0.009507868 0.999952972 -0.001844327 -1.805073500 0.031735405 0.002145233 0.999494016 84.288070679
0.999437809 0.008757905 -0.032360811 -2.524210930 -0.008825110 0.999959052 -0.001934537 -1.829046607 0.032342546 0.002219040 0.999474406 85.344383240
0.999418139 0.007441770 -0.033287082 -2.559776068 -0.007499998 0.999970496 -0.001624685 -1.846980095 0.033274002 0.001873396 0.999444544 86.380249023
0.999407470 0.006696086 -0.033761363 -2.594693661 -0.006708253 0.999977469 -0.000247207 -1.875946045 0.033758953 0.000473542 0.999429941 87.411437988
0.999401212 0.007010606 -0.033882309 -2.638209581 -0.006934663 0.999973178 0.002358291 -1.895586371 0.033897936 -0.002121916 0.999423146 88.415000916
0.999370337 0.005918046 -0.034986679 -2.680873632 -0.005793693 0.999976516 0.003654528 -1.920313358 0.035007488 -0.003449524 0.999381185 89.391723633
0.999292731 0.004950598 -0.037272811 -2.718230724 -0.004819508 0.999981940 0.003605966 -1.937514544 0.037289988 -0.003423782 0.999298632 90.368568420
0.999166191 0.004071659 -0.040622421 -2.759355307 -0.003971001 0.999988854 0.002558197 -1.954769731 0.040632389 -0.002394755 0.999171317 91.301315308
0.999027431 0.003833542 -0.043927711 -2.807846069 -0.003764723 0.999991536 0.001649198 -1.974650979 0.043933675 -0.001482220 0.999033332 92.222145081
0.998877525 0.003856018 -0.047210041 -2.851402760 -0.003757559 0.999990642 0.002174207 -1.993772268 0.047217991 -0.001994375 0.998882592 93.123565674
0.998720407 0.004969877 -0.050327398 -2.900906086 -0.004806614 0.999982715 0.003364617 -2.012386084 0.050343264 -0.003118410 0.998727083 93.989349365
0.998568654 0.005759180 -0.053173561 -2.958030701 -0.005534839 0.999975145 0.004365269 -2.028949022 0.053197388 -0.004064710 0.998575807 94.833198547
0.998387039 0.007285540 -0.056305051 -3.009436607 -0.006966467 0.999958515 0.005861010 -2.042503595 0.056345433 -0.005459307 0.998396397 95.648399353
0.998244047 0.008450800 -0.058628514 -3.067968845 -0.008077273 0.999945521 0.006605084 -2.057143688 0.058681149 -0.006119925 0.998258114 96.437248230
0.998067915 0.010602986 -0.061219133 -3.119952440 -0.010169115 0.999920905 0.007394477 -2.078676462 0.061292697 -0.006757647 0.998096943 97.198829651
0.997849822 0.012253198 -0.064384095 -3.168951273 -0.011882078 0.999910474 0.006143939 -2.091976166 0.064453617 -0.005365713 0.997906268 97.929252625
0.997691572 0.013679408 -0.066516191 -3.230898857 -0.013536369 0.999905050 0.002600718 -2.111061811 0.066545442 -0.001694328 0.997781932 98.621505737
0.997482955 0.016356640 -0.068995677 -3.291484833 -0.016481573 0.999863446 -0.001241819 -2.121253729 0.068965949 0.002375850 0.997616172 99.299453735
0.997301519 0.018000504 -0.071172409 -3.336409807 -0.018335145 0.999823570 -0.004051200 -2.137694836 0.071086943 0.005345223 0.997455835 99.946327209
0.997187793 0.020063818 -0.072206303 -3.384177923 -0.020464234 0.999778867 -0.004809856 -2.155204535 0.072093844 0.006273976 0.997378230 100.562355042
0.997200906 0.022424590 -0.071326159 -3.436742067 -0.022802118 0.999729931 -0.004483056 -2.169046640 0.071206391 0.006096894 0.997443020 101.146240234
0.997372389 0.026139801 -0.067564048 -3.500743389 -0.026413616 0.999646068 -0.003162405 -2.182152987 0.067457505 0.004938707 0.997709930 101.718765259
0.997599125 0.028630491 -0.063057356 -3.519839764 -0.028782248 0.999584496 -0.001499362 -2.201979399 0.062988259 0.003310692 0.998008788 102.262435913
0.998057306 0.029450072 -0.054901119 -3.564767599 -0.029453265 0.999565780 0.000751168 -2.219130754 0.054899439 0.000867307 0.998491585 102.783355713
0.998538017 0.029605696 -0.045225091 -3.583359241 -0.029494500 0.999560058 0.003124194 -2.229203224 0.045297712 -0.001785736 0.998971999 103.278877258
0.999006689 0.029006733 -0.033824749 -3.574947834 -0.028871609 0.999572933 0.004476558 -2.246020794 0.033940148 -0.003495542 0.999417841 103.754013062
0.999393165 0.028149217 -0.020514332 -3.575075865 -0.028061459 0.999595702 0.004553546 -2.256402493 0.020634215 -0.003975126 0.999779284 104.212516785
0.999590576 0.028133104 -0.005228847 -3.569803238 -0.028115133 0.999598563 0.003479913 -2.264935732 0.005324639 -0.003331484 0.999980390 104.651847839
0.999566913 0.026635680 0.012508955 -3.543867588 -0.026642310 0.999644816 0.000363488 -2.276570559 -0.012494843 -0.000696603 0.999921799 105.073532104
0.999073863 0.026305484 0.034049455 -3.521772385 -0.026178906 0.999648511 -0.004158038 -2.289248466 -0.034146901 0.003262806 0.999411643 105.492454529
0.998045087 0.023955490 0.057724558 -3.467121124 -0.023464002 0.999682486 -0.009177269 -2.298049688 -0.057926107 0.007804875 0.998290420 105.900291443
0.996146142 0.022067465 0.084888734 -3.406170845 -0.021087661 0.999700308 -0.012421742 -2.305620670 -0.085137442 0.010583760 0.996313095 106.309722900
0.993220389 0.019132204 0.114661098 -3.339097023 -0.017728880 0.999754965 -0.013246316 -2.322122812 -0.114886478 0.011123696 0.993316472 106.690879822
0.988956690 0.016488807 0.147284552 -3.258698463 -0.014443032 0.999783933 -0.014948769 -2.339857578 -0.147499204 0.012656447 0.988981247 107.036018372
0.982941568 0.014171247 0.183371663 -3.161725998 -0.011392639 0.999803841 -0.016197603 -2.356975079 -0.183565244 0.013832210 0.982910275 107.408973694
0.975109339 0.010767116 0.221463352 -3.044029236 -0.007137956 0.999826849 -0.017181061 -2.367709875 -0.221609980 0.015172616 0.975017428 107.769874573
0.965080380 0.008885597 0.261803091 -2.921903610 -0.004365080 0.999831200 -0.017843382 -2.384994984 -0.261917442 0.016077511 0.964956403 108.119850159
0.952792883 0.009415746 0.303475142 -2.791913986 -0.003934114 0.999817967 -0.018669225 -2.403690338 -0.303595692 0.016593998 0.952656507 108.442306519
0.937645495 0.011647284 0.347397745 -2.644676208 -0.005153150 0.999794304 -0.019611731 -2.413551807 -0.347554803 0.016598657 0.937512755 108.764350891
0.919928074 0.011805656 0.391909540 -2.472293854 -0.004971143 0.999817491 -0.018449195 -2.426401615 -0.392055809 0.015023693 0.919818819 109.082672119
0.899582326 0.010498350 0.436625004 -2.294704437 -0.003317980 0.999846458 -0.017204586 -2.438192844 -0.436738670 0.014028229 0.899479151 109.388000488
0.876464844 0.009372292 0.481374711 -2.101203918 -0.001018483 0.999844313 -0.017612427 -2.452837467 -0.481464922 0.014946402 0.876338005 109.664703369
0.851225436 0.010773137 0.524689674 -1.884956360 -0.000218234 0.999796391 -0.020174185 -2.464585543 -0.524800360 0.017058274 0.851054490 109.952270508
0.823654771 0.012481935 0.566954017 -1.672164917 0.000578796 0.999738634 -0.022850880 -2.491319180 -0.567091048 0.019149385 0.823432446 110.196418762
0.792479873 0.017143400 0.609657049 -1.439975739 -0.001074653 0.999642611 -0.026712768 -2.511723042 -0.609897137 0.020514160 0.792214990 110.463195801
0.758581102 0.023313379 0.651161432 -1.186653137 -0.004310884 0.999517322 -0.030763449 -2.522705555 -0.651564479 0.020529484 0.758315444 110.715835571
0.721222997 0.028203590 0.692128479 -0.915203094 -0.006000419 0.999387741 -0.034471460 -2.525121689 -0.692676961 0.020708550 0.720950544 110.959770203
0.682097197 0.028216071 0.730716825 -0.620780945 -0.003920731 0.999382079 -0.034930516 -2.544845581 -0.731250882 0.020961065 0.681786478 111.183609009
0.641330600 0.025689209 0.766834497 -0.306587219 0.000282289 0.999431372 -0.033717372 -2.558609247 -0.767264605 0.021840451 0.640958667 111.385238647
0.596780300 0.023762498 0.802052617 0.018886566 0.002293105 0.999506772 -0.031318709 -2.564554691 -0.802401423 0.020529579 0.596431494 111.596549988
0.552800953 0.022613570 0.833006442 0.342147827 0.002732190 0.999577105 -0.028948596 -2.579391479 -0.833308816 0.018278742 0.552505434 111.710075378
0.504869819 0.020127110 0.862960815 0.701274872 0.004675399 0.999649644 -0.026050461 -2.589933872 -0.863182843 0.017186780 0.504598796 111.875488281
0.453915209 0.016355604 0.890894890 1.071949005 0.007975397 0.999716878 -0.022416940 -2.600162983 -0.891009152 0.017280627 0.453656256 112.026489258
0.401594758 0.016690502 0.915665388 1.428050995 0.004371748 0.999787450 -0.020141233 -2.623638630 -0.915807009 0.012091669 0.401436448 112.155700684
0.349958748 0.021658462 0.936514616 1.817962646 0.000961252 0.999723792 -0.023479482 -2.634239912 -0.936764598 0.009117078 0.349841237 112.279472351
0.299903303 0.027012812 0.953587055 2.223661423 -0.000605423 0.999604166 -0.028125966 -2.651847363 -0.953969359 0.007857746 0.299800992 112.369209290
0.253274024 0.029064009 0.966957867 2.630340576 0.001309955 0.999537349 -0.030386377 -2.664631128 -0.967393756 0.008962750 0.253118753 112.441085815
0.212231815 0.028804168 0.976794720 3.051006317 0.008251887 0.999477029 -0.031265955 -2.682867050 -0.977184534 0.014696030 0.211883128 112.489105225
0.177056313 0.028754711 0.983780563 3.482435226 0.016669907 0.999342144 -0.032209732 -2.692948818 -0.984059572 0.022102466 0.176460534 112.529548645
0.146634042 0.030051172 0.988734245 3.933628082 0.020901529 0.999221087 -0.033469707 -2.708277464 -0.988970041 0.025573857 0.145891711 112.567970276
0.118349627 0.028107077 0.992574096 4.407124519 0.019263376 0.999346256 -0.030595714 -2.731870174 -0.992785156 0.022741321 0.117730752 112.615417480
0.092685521 0.024991967 0.995381653 4.917702675 0.012917178 0.999570608 -0.026299933 -2.743496180 -0.995611608 0.015295147 0.092322931 112.665023804
0.069295436 0.020852551 0.997378290 5.404616356 0.008054540 0.999737144 -0.021461487 -2.764869928 -0.997563720 0.009520605 0.069109261 112.690155029
0.046711348 0.018355105 0.998739839 5.929160595 0.012283572 0.999745011 -0.018948093 -2.785063505 -0.998833001 0.013153184 0.046473965 112.696723938
0.026716445 0.019102018 0.999460578 6.467553616 0.020085035 0.999605358 -0.019641675 -2.803333044 -0.999441326 0.020598955 0.026322231 112.681221008
0.009300962 0.021615732 0.999723136 7.019059658 0.025482448 0.999436617 -0.021846617 -2.820101500 -0.999632061 0.025678590 0.008744881 112.663619995
-0.005839020 0.027069226 0.999616504 7.625342846 0.024478391 0.999337912 -0.026918702 -2.836027622 -0.999683380 0.024311827 -0.006497771 112.680839539
-0.015869631 0.031644244 0.999373078 8.229006767 0.023064157 0.999244869 -0.031273913 -2.849098682 -0.999607980 0.022553394 -0.016587486 112.655822754
-0.022605022 0.031262450 0.999255478 8.848904610 0.025024606 0.999215603 -0.030695084 -2.868818283 -0.999431252 0.024312118 -0.023369618 112.641868591
-0.025110304 0.028628357 0.999274671 9.498162270 0.031505182 0.999116004 -0.027832130 -2.883314133 -0.999188185 0.030783456 -0.025990048 112.620544434
-0.024722103 0.026633494 0.999339402 10.149735451 0.032375231 0.999142110 -0.025827307 -2.912764788 -0.999170065 0.031715348 -0.025563154 112.600700378
-0.022311918 0.026240451 0.999406636 10.843742371 0.031093653 0.999190092 -0.025540598 -2.938949823 -0.999267399 0.030505346 -0.023109756 112.582214355
-0.020837339 0.026815740 0.999423206 11.526000977 0.027893890 0.999266684 -0.026229972 -2.958847523 -0.999393642 0.027331235 -0.021570049 112.573669434
-0.019780340 0.027935937 0.999413967 12.240492821 0.026632622 0.999269545 -0.027404796 -2.980922222 -0.999449551 0.026074938 -0.020509895 112.571533203
-0.018767312 0.028643286 0.999413431 12.970186234 0.026449008 0.999253929 -0.028142046 -3.010110617 -0.999473989 0.025905341 -0.019510893 112.557380676
-0.018276576 0.028413067 0.999429107 13.719034195 0.025646226 0.999280512 -0.027939849 -3.031923056 -0.999503970 0.025120936 -0.018992111 112.555152893
-0.017674174 0.026986599 0.999479532 14.474468231 0.024725400 0.999341846 -0.026545648 -3.060302496 -0.999538064 0.024243357 -0.018329792 112.546821594
-0.016840326 0.025427788 0.999534845 15.235132217 0.025768889 0.999355435 -0.024989072 -3.095894814 -0.999526203 0.025336074 -0.017484717 112.526969910
-0.017613396 0.023264879 0.999574184 16.022684097 0.026081415 0.999399722 -0.022801248 -3.121489525 -0.999504685 0.025668705 -0.018209606 112.520759583
-0.019177524 0.021619260 0.999582410 16.801080704 0.022778198 0.999516010 -0.021180823 -3.151523590 -0.999556661 0.022362493 -0.019660696 112.516479492
-0.019693205 0.020488316 0.999596298 17.595870972 0.023375675 0.999526083 -0.020026362 -3.175802708 -0.999532819 0.022971848 -0.020162798 112.490318298
-0.020857386 0.018115787 0.999618351 18.396602631 0.025652047 0.999516249 -0.017578706 -3.195948362 -0.999453366 0.025275609 -0.021312002 112.473632812
-0.022450717 0.016425619 0.999613047 19.213205338 0.027049828 0.999508798 -0.015816394 -3.221960783 -0.999382019 0.026684269 -0.022884004 112.462738037
-0.024133235 0.015342548 0.999591053 20.035053253 0.024615841 0.999588072 -0.014748209 -3.253967524 -0.999405742 0.024249846 -0.024500966 112.443649292
-0.024646103 0.020240067 0.999491334 20.853179932 0.021452295 0.999575555 -0.019712783 -3.280381203 -0.999466062 0.020955542 -0.025069833 112.423179626
-0.025699314 0.024984524 0.999357462 21.688722610 0.022741470 0.999443471 -0.024401857 -3.304011345 -0.999411047 0.022099750 -0.026253194 112.408897400
-0.026875209 0.026795676 0.999279618 22.526721954 0.022836246 0.999396205 -0.026184630 -3.330495358 -0.999377966 0.022116076 -0.027470900 112.388198853
-0.028621048 0.024526693 0.999289393 23.373258591 0.019160168 0.999528587 -0.023983791 -3.365111589 -0.999406636 0.018460112 -0.029077495 112.377563477
-0.029176675 0.019902656 0.999376118 24.216579437 0.016405756 0.999676526 -0.019429676 -3.401700735 -0.999439657 0.015828624 -0.029493749 112.355758667
-0.029802024 0.014802419 0.999446154 25.070095062 0.014974797 0.999784708 -0.014360905 -3.428442240 -0.999443710 0.014538518 -0.030017260 112.339294434
-0.030102225 0.009228831 0.999504268 25.918348312 0.011309084 0.999896467 -0.008891854 -3.452699900 -0.999482870 0.011035811 -0.030203469 112.322761536
-0.029736811 0.007141532 0.999532282 26.771162033 0.008847634 0.999937177 -0.006881201 -3.487482309 -0.999518692 0.008638871 -0.029798115 112.307487488
-0.028696623 0.014302574 0.999485910 27.620077133 0.010787344 0.999843776 -0.013997978 -3.515362024 -0.999529958 0.010380100 -0.028846424 112.276176453
-0.027272526 0.025431857 0.999304473 28.422195435 0.013861682 0.999589860 -0.025060814 -3.544812202 -0.999531865 0.013168569 -0.027613860 112.246742249
-0.026977051 0.030860955 0.999159575 29.257562637 0.015741222 0.999412477 -0.030443761 -3.569712400 -0.999512076 0.014906709 -0.027446993 112.229103088
-0.025842495 0.025087480 0.999351084 30.099702835 0.017430929 0.999544382 -0.024641579 -3.606840611 -0.999513984 0.016782820 -0.026268018 112.213569641
-0.024973905 0.017586809 0.999533355 30.923757553 0.020898717 0.999635875 -0.017066449 -3.634980440 -0.999469578 0.020462750 -0.025332350 112.188438416
-0.024603797 0.014509025 0.999592006 31.762737274 0.022483509 0.999649763 -0.013956462 -3.666788578 -0.999444306 0.022130949 -0.024921402 112.174209595
-0.024372891 0.015221425 0.999586999 32.582427979 0.020992968 0.999671400 -0.014710839 -3.692441463 -0.999482512 0.020625755 -0.024684414 112.152595520
-0.025066597 0.016107425 0.999555945 33.399108887 0.017872594 0.999717534 -0.015661828 -3.719518900 -0.999526024 0.017472072 -0.025347389 112.136833191
-0.027292708 0.016363811 0.999493480 34.218593597 0.016066020 0.999743998 -0.015929207 -3.746481895 -0.999498427 0.015623131 -0.027548609 112.126991272
-0.029672366 0.016039850 0.999430954 35.021247864 0.015626783 0.999756515 -0.015581127 -3.777137041 -0.999437511 0.015155563 -0.029915784 112.108551025
-0.031824801 0.016462641 0.999357820 35.836639404 0.014011751 0.999773443 -0.016023280 -3.806861639 -0.999395192 0.013492816 -0.032048255 112.090179443
-0.034009527 0.016818568 0.999279916 36.640827179 0.012048885 0.999792635 -0.016417116 -3.833530188 -0.999348879 0.011481876 -0.034205113 112.069526672
-0.036349542 0.015986003 0.999211192 37.444999695 0.010364226 0.999824286 -0.015618774 -3.859060287 -0.999285400 0.009788317 -0.036508825 112.049530029
-0.037984587 0.015021256 0.999165356 38.230552673 0.010985158 0.999832869 -0.014613668 -3.885006666 -0.999217868 0.010420897 -0.038143247 112.016052246
-0.039969016 0.014760975 0.999091864 39.027645111 0.009959638 0.999847054 -0.014373697 -3.916858912 -0.999151349 0.009376091 -0.040109914 111.988922119
-0.041737996 0.015720392 0.999004960 39.812206268 0.010004344 0.999832571 -0.015315445 -3.941520214 -0.999078572 0.009355153 -0.041888289 111.959953308
-0.043041017 0.016116295 0.998943329 40.605522156 0.010681917 0.999819994 -0.015670201 -3.966792583 -0.999016285 0.009996167 -0.043205429 111.936279297
-0.043680973 0.015291789 0.998928487 41.375862122 0.012911444 0.999807954 -0.014740668 -3.987171888 -0.998962104 0.012253723 -0.043870028 111.897247314
-0.045719821 0.014530481 0.998848557 42.172065735 0.013896726 0.999806643 -0.013908333 -4.011937618 -0.998857677 0.013244839 -0.045912910 111.877265930
-0.047024392 0.013844918 0.998797774 42.901042938 0.011263067 0.999847651 -0.013329197 -4.046018124 -0.998830259 0.010622727 -0.047173165 111.840110779
-0.048438221 0.012922541 0.998742580 43.656074524 0.009566002 0.999876380 -0.012473268 -4.068855762 -0.998780370 0.008949786 -0.048555847 111.813529968
-0.049747027 0.011486251 0.998695850 44.397274017 0.008434424 0.999902964 -0.011080002 -4.095221519 -0.998726308 0.007872224 -0.049839087 111.791946411
-0.050200339 0.011228226 0.998676062 45.106060028 0.008784927 0.999903023 -0.010800432 -4.118985176 -0.998700559 0.008231107 -0.050294116 111.754623413
-0.050447222 0.013758265 0.998631895 45.813220978 0.008685919 0.999873340 -0.013336588 -4.144716740 -0.998688936 0.008001239 -0.050560333 111.727027893
-0.050195135 0.016786354 0.998598337 46.517105103 0.008714197 0.999827981 -0.016369004 -4.162853241 -0.998701394 0.007880338 -0.050332781 111.689773560
-0.050331708 0.018663164 0.998558104 47.214603424 0.007060303 0.999807060 -0.018330639 -4.185054779 -0.998707533 0.006127511 -0.050453763 111.661041260
-0.050513744 0.019341381 0.998536050 47.908542633 0.007091868 0.999794185 -0.019006992 -4.212243080 -0.998698175 0.006121372 -0.050640520 111.628433228
-0.050689738 0.018927934 0.998535097 48.615425110 0.008729702 0.999790609 -0.018508576 -4.239840984 -0.998676240 0.007778719 -0.050844371 111.598030090
-0.050966408 0.018251676 0.998533607 49.303314209 0.008600593 0.999803960 -0.017835915 -4.266992092 -0.998663306 0.007678949 -0.051113404 111.565223694
-0.051100038 0.018699700 0.998518407 49.984840393 0.005539639 0.999814689 -0.018440476 -4.287394047 -0.998678148 0.004589124 -0.051194154 111.535324097
-0.051551279 0.018872852 0.998492062 50.679244995 0.002666925 0.999820411 -0.018760271 -4.315471172 -0.998666644 0.001695788 -0.051592361 111.519386292
-0.051259670 0.017146591 0.998538196 51.350048065 0.004694623 0.999845684 -0.016928047 -4.342643261 -0.998674214 0.003820035 -0.051332269 111.484680176
-0.051922563 0.017044647 0.998505652 52.022743225 0.005421900 0.999844313 -0.016785566 -4.360757351 -0.998636365 0.004542245 -0.052006904 111.443351746
-0.055310700 0.016329678 0.998335600 52.689323425 0.001849576 0.999866188 -0.016252246 -4.386839390 -0.998467445 0.000947572 -0.055333503 111.409835815
-0.060525201 0.015815375 0.998041332 53.358066559 -0.001814634 0.999871075 -0.015954422 -4.412521839 -0.998164892 -0.002776728 -0.060488705 111.377311707
-0.066021591 0.020020306 0.997617364 54.009529114 0.002409856 0.999798894 -0.019904612 -4.430960178 -0.997815192 0.001089977 -0.066056572 111.325912476
-0.071892709 0.022949480 0.997148216 54.689392090 0.005364777 0.999729633 -0.022622108 -4.452203274 -0.997397959 0.003723111 -0.071996391 111.262794495
-0.080087632 0.023720948 0.996505558 55.391723633 0.002662918 0.999718368 -0.023583416 -4.488626957 -0.996784151 0.000764870 -0.080128245 111.222885132
-0.086498618 0.022794317 0.995991111 56.036758423 -0.000905372 0.999735951 -0.022958651 -4.516715050 -0.996251583 -0.002887637 -0.086455151 111.168601990
-0.091758803 0.021890344 0.995540619 56.725502014 -0.000760589 0.999756396 -0.022053150 -4.538051605 -0.995780945 -0.002780771 -0.091719821 111.107147217
-0.096253738 0.022313097 0.995106637 57.415607452 -0.003290473 0.999736011 -0.022735180 -4.564770699 -0.995351434 -0.005462721 -0.096154913 111.043357849
-0.100572839 0.021846073 0.994689822 58.108509064 -0.005501095 0.999731243 -0.022513015 -4.585714817 -0.994914532 -0.007736085 -0.100425661 110.983779907
-0.103023060 0.018044407 0.994515300 58.808963776 -0.005481092 0.999809861 -0.018708268 -4.616548061 -0.994663835 -0.007378416 -0.102904588 110.909278870
-0.104457274 0.015120473 0.994414389 59.532825470 -0.003224223 0.999873996 -0.015542174 -4.640880108 -0.994524121 -0.004829710 -0.104395375 110.831649780
-0.106312938 0.012879734 0.994249344 60.235675812 -0.003274380 0.999906123 -0.013303137 -4.660547256 -0.994327307 -0.004669847 -0.106260791 110.758911133
-0.107607365 0.012491102 0.994114995 60.962448120 -0.004144633 0.999906659 -0.013012513 -4.680119991 -0.994184852 -0.005520485 -0.107545555 110.686264038
-0.108130939 0.016701872 0.993996441 61.694473267 -0.002365661 0.999851704 -0.017057607 -4.697032452 -0.994133890 -0.004195917 -0.108075395 110.612678528
-0.108362570 0.020425886 0.993901670 62.430130005 0.003320427 0.999790728 -0.020184901 -4.725199223 -0.994105935 0.001112889 -0.108407721 110.527343750
-0.109101094 0.025258441 0.993709743 63.174888611 0.010327946 0.999651968 -0.024275564 -4.754903793 -0.993977010 0.007614488 -0.109324001 110.438598633
-0.109591261 0.026207890 0.993631065 63.922912598 0.011738871 0.999616742 -0.025071040 -4.779687405 -0.993907392 0.008916542 -0.109856896 110.354263306
-0.109734789 0.023678534 0.993678808 64.672813416 0.009432160 0.999696076 -0.022780299 -4.808523655 -0.993916214 0.006872748 -0.109924756 110.277816772
-0.109855264 0.018707473 0.993771553 65.423225403 0.010106779 0.999792159 -0.017703572 -4.836264610 -0.993896246 0.008098998 -0.110021502 110.199432373
-0.109781787 0.016864751 0.993812621 66.172462463 0.011725829 0.999808431 -0.015671201 -4.861659527 -0.993886530 0.009932864 -0.109958522 110.114715576
-0.110668674 0.016575661 0.993719101 66.909706116 0.012707052 0.999802709 -0.015261985 -4.888467312 -0.993776083 0.010938216 -0.110857472 110.025848389
-0.112293914 0.017118620 0.993527532 67.655494690 0.011062652 0.999811053 -0.015976530 -4.915142536 -0.993613362 0.009196984 -0.112462096 109.948806763
-0.114655674 0.018060019 0.993241072 68.391036987 0.010172616 0.999803662 -0.017005065 -4.937855244 -0.993353128 0.008154134 -0.114816874 109.870803833
-0.116880395 0.018382473 0.992975831 69.132797241 0.011490952 0.999786675 -0.017155996 -4.962602615 -0.993079603 0.009405040 -0.117066704 109.783233643
-0.118728228 0.018589424 0.992752671 69.876678467 0.011697957 0.999781489 -0.017322015 -4.986055374 -0.992857933 0.009556570 -0.118919745 109.696807861
-0.120501369 0.018353855 0.992543519 70.622901917 0.011851713 0.999784410 -0.017048879 -5.010680676 -0.992642403 0.009708926 -0.120692924 109.602172852
-0.122289293 0.018574687 0.992320716 71.372810364 0.009436312 0.999801338 -0.017551826 -5.034581661 -0.992449641 0.007217445 -0.122440316 109.516967773
-0.123370148 0.020163832 0.992155790 72.123092651 0.009500002 0.999771714 -0.019137327 -5.060690880 -0.992315233 0.007064507 -0.123533539 109.428276062
-0.124278806 0.020405838 0.992037475 72.888031006 0.008706265 0.999772429 -0.019474253 -5.084363937 -0.992209136 0.006216704 -0.124428213 109.339775085
-0.125686347 0.020558255 0.991856992 73.653816223 0.007968822 0.999773860 -0.019712554 -5.111341953 -0.992038012 0.005426333 -0.125821784 109.247352600
-0.126779750 0.019167833 0.991745710 74.429405212 0.008723850 0.999796093 -0.018208215 -5.130537033 -0.991892517 0.006343404 -0.126921162 109.153831482
-0.127640411 0.016766524 0.991678774 75.210876465 0.006723696 0.999848664 -0.016039241 -5.154953003 -0.991797745 0.004620488 -0.127733871 109.058708191
-0.129775956 0.014886199 0.991431653 76.000373840 0.003109253 0.999888420 -0.014606187 -5.175263882 -0.991538465 0.001187075 -0.129807800 108.968566895
-0.131732449 0.014217342 0.991183341 76.784385681 0.004683428 0.999894798 -0.013719852 -5.198349953 -0.991274238 0.002834783 -0.131785169 108.861259460
-0.133219808 0.014948433 0.990973771 77.580337524 0.005822201 0.999880731 -0.014300096 -5.220396996 -0.991069376 0.003864590 -0.133290946 108.757019043
-0.135680825 0.016549949 0.990614414 78.375770569 0.005320694 0.999858201 -0.015975630 -5.238901138 -0.990738332 0.003103168 -0.135749638 108.651184082
-0.137217179 0.019566381 0.990347683 79.173141479 0.006454996 0.999801278 -0.018858790 -5.271533489 -0.990519941 0.003804938 -0.137316212 108.544845581
-0.137501523 0.023373581 0.990225732 79.985916138 0.008680534 0.999711514 -0.022392124 -5.299603939 -0.990463614 0.005516734 -0.137664735 108.432571411
-0.138699725 0.027225934 0.989960134 80.794448853 0.009587339 0.999612093 -0.026148139 -5.337123871 -0.990287960 0.005864344 -0.138906926 108.314270020
-0.138657048 0.028620906 0.989926755 81.622070312 0.011892870 0.999558389 -0.027233565 -5.365563393 -0.990269005 0.007996945 -0.138936147 108.202392578
-0.137946844 0.027716950 0.990051687 82.448196411 0.015253106 0.999549329 -0.025857577 -5.401337147 -0.990322173 0.011534390 -0.138307422 108.084434509
-0.138004050 0.025936607 0.990091980 83.285491943 0.016040994 0.999584436 -0.023949400 -5.431850433 -0.990301669 0.012576944 -0.138362736 107.970413208
-0.136791348 0.024240706 0.990303218 84.131103516 0.015023355 0.999636292 -0.022393977 -5.465741158 -0.990485907 0.011814374 -0.137105763 107.852462769
-0.135575265 0.021518683 0.990533292 84.980209351 0.014197593 0.999703586 -0.019774668 -5.497912407 -0.990665317 0.011382232 -0.135840639 107.755020142
-0.134299040 0.018630702 0.990765691 85.837501526 0.014630483 0.999751568 -0.016816497 -5.522845268 -0.990832806 0.012236943 -0.134538293 107.649856567
-0.132501274 0.015076857 0.991068125 86.686233521 0.014960441 0.999800861 -0.013209563 -5.552674294 -0.991069913 0.013076534 -0.132700443 107.536056519
-0.130670473 0.014913149 0.991313756 87.541007996 0.013090381 0.999825597 -0.013315693 -5.580227852 -0.991339445 0.011236704 -0.130842909 107.429397583
-0.129414693 0.019087614 0.991406918 88.393806458 0.013860799 0.999751866 -0.017438948 -5.609864235 -0.991493762 0.011484836 -0.129647121 107.323356628
-0.127535626 0.025261343 0.991512299 89.242179871 0.014870522 0.999611914 -0.023554953 -5.638694763 -0.991722524 0.011740209 -0.127861768 107.218086243
-0.126075119 0.028746350 0.991604090 90.094772339 0.012346108 0.999548078 -0.027406931 -5.666296959 -0.991943896 0.008787118 -0.126373053 107.116554260
-0.124623396 0.026192449 0.991858304 90.955589294 0.010981198 0.999626696 -0.025017839 -5.699678421 -0.992143393 0.007773984 -0.124864489 107.014221191
