1.000000000 0.000000000 0.000000000 0.000000000 0.000000000 1.000000000 0.000000000 0.000000000 0.000000000 0.000000000 1.000000000 0.000000000
0.999997318 0.001039006 0.002066517 -0.009280416 -0.001036778 0.999998868 -0.001078757 -0.016977478 -0.002067636 0.001076611 0.999997258 1.205656886
0.999994993 0.000869182 0.003035591 -0.005900496 -0.000867635 0.999999404 -0.000510973 -0.039427675 -0.003036033 0.000508337 0.999995291 2.404123306
0.999991119 0.000330738 0.004197836 -0.007495842 -0.000329580 0.999999881 -0.000276565 -0.057878379 -0.004197928 0.000275179 0.999991119 3.599502325
0.999986529 0.000054133 0.005185163 -0.006314361 -0.000052104 0.999999881 -0.000391449 -0.077308901 -0.005185183 0.000391174 0.999986529 4.796823502
0.999983251 -0.000043901 0.005788807 -0.001551412 0.000043433 1.000000000 0.000081116 -0.103043415 -0.005788812 -0.000080863 0.999983251 5.997046471
0.999978662 0.000298256 0.006526721 0.002493441 -0.000292950 0.999999642 -0.000813942 -0.124901429 -0.006526961 0.000812012 0.999978364 7.196636200
0.999971330 0.000225045 0.007568535 0.002564471 -0.000217071 0.999999344 -0.001054371 -0.148938507 -0.007568770 0.001052698 0.999970794 8.388532639
0.999970973 -0.000261410 0.007617990 0.008674107 0.000258635 0.999999881 0.000365199 -0.168863371 -0.007618085 -0.000363218 0.999970913 9.584707260
0.999979615 -0.000720138 0.006347338 0.010007747 0.000710696 0.999998629 0.001489691 -0.192155182 -0.006348403 -0.001485150 0.999978781 10.783267021
0.999989510 -0.002357375 0.003932264 0.009345219 0.002353605 0.999996781 0.000962882 -0.212435409 -0.003934522 -0.000953617 0.999991834 11.984112740
0.999995768 -0.002067107 0.002069004 0.002319032 0.002066360 0.999997795 0.000362890 -0.228714362 -0.002069749 -0.000358613 0.999997854 13.179862976
0.999997854 -0.001991560 0.000651421 0.000927446 0.001991372 0.999997973 0.000289546 -0.250571489 -0.000651996 -0.000288248 0.999999762 14.375502586
0.999999881 -0.000427615 -0.000259302 -0.005370279 0.000427657 0.999999881 0.000161966 -0.271707565 0.000259233 -0.000162077 0.999999940 15.567124367
0.999999523 -0.000639389 -0.000805820 -0.012215959 0.000639563 0.999999762 0.000216537 -0.291241616 0.000805682 -0.000217052 0.999999583 16.768741608
0.999997735 -0.001425175 -0.001613329 -0.016513713 0.001426099 0.999998808 0.000571809 -0.308994949 0.001612512 -0.000574108 0.999998510 17.957981110
0.999997437 -0.001458526 -0.001733983 -0.025055047 0.001459894 0.999998748 0.000788483 -0.329738855 0.001732831 -0.000791013 0.999998152 19.168592453
0.999995589 -0.001259371 -0.002710282 -0.032598183 0.001259266 0.999999225 -0.000040424 -0.352143854 0.002710331 0.000037010 0.999996364 20.365425110
0.999994636 -0.001605866 -0.002838017 -0.043291792 0.001603208 0.999998271 -0.000938326 -0.374558300 0.002839519 0.000933771 0.999995470 21.568357468
0.999993265 -0.000699356 -0.003602051 -0.052974313 0.000697752 0.999999642 -0.000446265 -0.393386364 0.003602362 0.000443749 0.999993443 22.764604568
0.999991238 -0.000800201 -0.004109771 -0.071598016 0.000797584 0.999999464 -0.000638346 -0.416918963 0.004110280 0.000635062 0.999991357 23.960779190
0.999987483 -0.000782236 -0.004947156 -0.086079255 0.000776108 0.999998927 -0.001240514 -0.438682199 0.004948121 0.001236659 0.999987006 25.155445099
0.999982476 -0.000544567 -0.005892801 -0.100937903 0.000542248 0.999999762 -0.000395144 -0.464695781 0.005893014 0.000391942 0.999982536 26.350063324
0.999976218 -0.002076946 -0.006587189 -0.114118345 0.002084968 0.999997079 0.001211263 -0.482707918 0.006584655 -0.001224968 0.999977529 27.551942825
0.999968588 -0.002225638 -0.007610020 -0.124418177 0.002235384 0.999996662 0.001272491 -0.504342794 0.007607162 -0.001289462 0.999970257 28.746212006
0.999959767 -0.002937453 -0.008477733 -0.139574766 0.002942167 0.999995530 0.000543660 -0.525327325 0.008476097 -0.000568581 0.999963999 29.945522308
0.999951422 -0.003072748 -0.009365977 -0.151677012 0.003069085 0.999995232 -0.000405550 -0.545015037 0.009367178 0.000376785 0.999956071 31.133405685
0.999945641 -0.002484048 -0.010124180 -0.170837447 0.002480445 0.999996841 -0.000368335 -0.564702928 0.010125065 0.000343203 0.999948680 32.326389313
0.999938250 -0.002991834 -0.010696177 -0.186465114 0.002994746 0.999995470 0.000256233 -0.586930811 0.010695363 -0.000288250 0.999942780 33.522735596
0.999926567 -0.003306096 -0.011655128 -0.199287742 0.003309153 0.999994516 0.000243001 -0.606106997 0.011654261 -0.000281552 0.999932051 34.712245941
0.999922931 -0.004079073 -0.011719897 -0.226527914 0.004082261 0.999991655 0.000248137 -0.626606643 0.011718787 -0.000295961 0.999931216 35.933654785
0.999917090 -0.003972971 -0.012243930 -0.246491000 0.003975836 0.999992073 0.000209671 -0.646262884 0.012242999 -0.000258333 0.999924958 37.137573242
0.999910533 -0.005364172 -0.012249031 -0.266359448 0.005377688 0.999984980 0.001070844 -0.677288890 0.012243103 -0.001136620 0.999924421 38.323478699
0.999912143 -0.004972940 -0.012289449 -0.280265987 0.005000419 0.999985099 0.002206236 -0.691775918 0.012278292 -0.002267494 0.999922037 39.523834229
0.999917805 -0.004210504 -0.012105934 -0.303459466 0.004246135 0.999986708 0.002919130 -0.710745752 0.012093482 -0.002970294 0.999922454 40.735549927
0.999916255 -0.003567934 -0.012439460 -0.321142882 0.003598275 0.999990582 0.002417655 -0.728409410 0.012430715 -0.002462213 0.999919713 41.944316864
0.999927342 -0.002126406 -0.011867867 -0.344008595 0.002156161 0.999994516 0.002494922 -0.747179389 0.011862498 -0.002520330 0.999926448 43.131423950
0.999932170 0.000451629 -0.011642248 -0.362073749 -0.000399356 0.999989748 0.004491871 -0.763786018 0.011644159 -0.004486918 0.999922097 44.329715729
0.999952555 0.000739447 -0.009709204 -0.386308402 -0.000664116 0.999969721 0.007759660 -0.781855404 0.009714648 -0.007752842 0.999922693 45.541557312
0.999966621 0.000956682 -0.008117367 -0.390995443 -0.000875828 0.999950051 0.009958365 -0.783186793 0.008126486 -0.009950924 0.999917448 46.749794006
0.999973893 0.001460902 -0.007078414 -0.399167508 -0.001368198 0.999913514 0.013083924 -0.787662983 0.007096915 -0.013073899 0.999889255 47.953269958
0.999985754 0.000420310 -0.005326858 -0.418019384 -0.000342709 0.999893904 0.014560440 -0.797740161 0.005332413 -0.014558407 0.999879777 49.165142059
0.999993145 -0.000755024 -0.003604742 -0.420942128 0.000801872 0.999915004 0.013012510 -0.799548149 0.003594611 -0.013015312 0.999908805 50.395854950
0.999996722 0.000231584 -0.002547918 -0.429348409 -0.000203063 0.999937415 0.011188294 -0.804293215 0.002550349 -0.011187742 0.999934137 51.611515045
0.999998212 -0.000040020 -0.001899389 -0.435963869 0.000060953 0.999939203 0.011022144 -0.814168453 0.001898833 -0.011022240 0.999937415 52.796703339
0.999998212 -0.000193094 -0.001882588 -0.442941904 0.000212781 0.999945164 0.010462909 -0.819346547 0.001880464 -0.010463290 0.999943495 54.005081177
0.999996781 -0.000560175 -0.002475901 -0.452784419 0.000582720 0.999958217 0.009114729 -0.824356079 0.002470691 -0.009116142 0.999955356 55.210308075
0.999991179 -0.000148296 -0.004218739 -0.462958813 0.000188359 0.999954879 0.009497671 -0.829005122 0.004217140 -0.009498382 0.999945939 56.426029205
0.999983490 -0.000549338 -0.005723558 -0.471886545 0.000612774 0.999938369 0.011087424 -0.847288132 0.005717115 -0.011090746 0.999922156 57.618949890
0.999975204 -0.001460027 -0.006899680 -0.482232988 0.001538948 0.999933362 0.011446869 -0.856428444 0.006882508 -0.011457202 0.999910653 58.825958252
0.999968469 0.000292411 -0.007928662 -0.495559484 -0.000200678 0.999933004 0.011568137 -0.869226635 0.007931514 -0.011566180 0.999901593 60.027275085
0.999961913 0.000525763 -0.008710671 -0.509998441 -0.000430000 0.999939501 0.010992039 -0.871604085 0.008715923 -0.010987876 0.999901593 61.226268768
0.999962449 -0.000618241 -0.008644370 -0.524486125 0.000713206 0.999939382 0.010986994 -0.889267683 0.008637054 -0.010992747 0.999902248 62.423980713
0.999959350 -0.001650643 -0.008865088 -0.539112449 0.001739808 0.999947906 0.010059708 -0.897892952 0.008848021 -0.010074722 0.999910057 63.630805969
0.999956906 -0.002125743 -0.009039205 -0.557075739 0.002229878 0.999931037 0.011525909 -0.912366390 0.009014082 -0.011545569 0.999892652 64.818267822
0.999952614 -0.002365558 -0.009442488 -0.571437180 0.002486556 0.999914646 0.012823083 -0.916099429 0.009411348 -0.012845954 0.999873161 66.017433167
0.999953747 -0.001528542 -0.009497019 -0.592646956 0.001635469 0.999935210 0.011261509 -0.928298354 0.009479190 -0.011276522 0.999891400 67.210273743
0.999958694 0.000276098 -0.009088090 -0.616527915 -0.000184275 0.999948919 0.010102998 -0.936229348 0.009090414 -0.010100905 0.999907613 68.407913208
0.999952793 0.001963946 -0.009513068 -0.630140781 -0.001864886 0.999944091 0.010410634 -0.944368184 0.009532982 -0.010392400 0.999900520 69.599143982
0.999949276 0.004170430 -0.009158480 -0.651631355 -0.004072640 0.999934793 0.010670353 -0.952231050 0.009202383 -0.010632512 0.999901056 70.786773682
0.999943376 0.005472926 -0.009128807 -0.667761803 -0.005371860 0.999924541 0.011059096 -0.961244524 0.009188643 -0.011009432 0.999897182 71.982551575
0.999949396 0.006174043 -0.007937424 -0.685311496 -0.006077721 0.999908268 0.012102588 -0.969500422 0.008011420 -0.012053735 0.999895215 73.175842285
0.999948621 0.008072380 -0.006124751 -0.698414147 -0.007993817 0.999886811 0.012744793 -0.974726021 0.006226938 -0.012695177 0.999899983 74.372802734
0.999972582 0.006289248 -0.003889792 -0.699070871 -0.006246818 0.999921918 0.010825468 -0.993203163 0.003957572 -0.010800873 0.999933839 75.542839050
0.999992192 0.003628645 -0.001555181 -0.703667521 -0.003619661 0.999976993 0.005741232 -1.002341270 0.001575978 -0.005735557 0.999982297 76.717292786
0.999987125 0.004956717 0.001033813 -0.703301489 -0.004961958 0.999974549 0.005130194 -1.011355877 -0.001008358 -0.005135259 0.999986231 77.910011292
0.999986529 0.003669899 0.003674619 -0.702287972 -0.003702265 0.999954104 0.008840341 -1.025281668 -0.003642007 -0.008853827 0.999954164 79.091751099
0.999965489 0.004314111 0.007103659 -0.699987650 -0.004385116 0.999940276 0.010010553 -1.038583040 -0.007060048 -0.010041355 0.999924660 80.263069153
0.999931276 0.004164124 0.010960765 -0.691484153 -0.004256235 0.999955714 0.008393786 -1.049172759 -0.010925328 -0.008439859 0.999904752 81.432754517
0.999886155 0.003178271 0.014750356 -0.681591034 -0.003257403 0.999980330 0.005343864 -1.062969327 -0.014733084 -0.005391303 0.999876857 82.589866638
0.999835551 0.001804790 0.018044051 -0.663801551 -0.001838553 0.999996603 0.001854752 -1.078624368 -0.018040648 -0.001887623 0.999835432 83.752815247
0.999764919 0.001285221 0.021641700 -0.644681811 -0.001306684 0.999998748 0.000977662 -1.095947266 -0.021640418 -0.001005711 0.999765396 84.906433105
0.999683559 0.000949519 0.025141103 -0.616554022 -0.001017752 0.999995828 0.002701340 -1.117789388 -0.025138436 -0.002726073 0.999680281 86.072319031
0.999575317 0.002176238 0.029056991 -0.597290993 -0.002275791 0.999991655 0.003393475 -1.140686512 -0.029049365 -0.003458162 0.999571979 87.235832214
0.999462843 0.001850701 0.032723911 -0.560360193 -0.001883413 0.999997735 0.000968836 -1.153324246 -0.032722048 -0.001029948 0.999463975 88.381256104
0.999355853 0.001779995 0.035844084 -0.520673990 -0.001742146 0.999997795 -0.001087145 -1.175169230 -0.035845939 0.001023999 0.999356866 89.526618958
0.999229252 0.001772451 0.039214954 -0.483187199 -0.001717789 0.999997497 -0.001427573 -1.197236657 -0.039217390 0.001359110 0.999229729 90.690330505
0.999124885 0.000104954 0.041824508 -0.431568623 -0.000089120 0.999999940 -0.000380452 -1.216797113 -0.041824542 0.000376392 0.999124885 91.853179932
0.999016047 -0.000436407 0.044348847 -0.381475925 0.000378680 0.999999106 0.001310045 -1.237282276 -0.044349376 -0.001291962 0.999015272 93.013504028
0.998879373 -0.000964239 0.047317877 -0.331396103 0.000822964 0.999995172 0.003005037 -1.255235791 -0.047320548 -0.002962728 0.998875380 94.178703308
0.998766303 -0.002750603 0.049581543 -0.274101734 0.002559265 0.999989033 0.003922127 -1.274465442 -0.049591791 -0.003790396 0.998762310 95.328155518
0.998664141 -0.003824509 0.051530533 -0.215192318 0.003748993 0.999991834 0.001562054 -1.291158199 -0.051536083 -0.001366780 0.998670161 96.484634399
0.998510599 -0.004888298 0.054338478 -0.163957119 0.004993783 0.999985814 -0.001805654 -1.311426044 -0.054328877 0.002074319 0.998520970 97.646759033
0.998423338 -0.004329413 0.055965163 -0.103056431 0.004585489 0.999979556 -0.004448032 -1.331131101 -0.055944763 0.004697646 0.998422801 98.802673340
0.998313844 -0.004303236 0.057887450 -0.032244682 0.004620930 0.999974966 -0.005355386 -1.357082367 -0.057862960 0.005613849 0.998308718 99.985160828
0.998297453 -0.004044573 0.058187120 0.033721924 0.004326005 0.999979496 -0.004711496 -1.378562093 -0.058166873 0.004955192 0.998294592 101.169586182
0.998320758 -0.003934021 0.057794634 0.081462860 0.004107717 0.999987364 -0.002886914 -1.403405428 -0.057782549 0.003119470 0.998324335 102.341133118
0.998405933 -0.004221573 0.056282301 0.145499706 0.004315844 0.999989450 -0.001553524 -1.421078205 -0.056275144 0.001793954 0.998413682 103.543960571
0.998510718 -0.003931498 0.054416362 0.203716278 0.003984497 0.999991715 -0.000865491 -1.437141061 -0.054412514 0.001081023 0.998517931 104.723823547
0.998655736 -0.004067376 0.051675472 0.262983799 0.004095189 0.999991536 -0.000432357 -1.454974174 -0.051673282 0.000643397 0.998663783 105.926696777
0.998799741 -0.003402350 0.048861001 0.314682007 0.003421359 0.999994040 -0.000305415 -1.479593754 -0.048859674 0.000472220 0.998805463 107.126617432
0.998977840 -0.001863682 0.045163628 0.353178024 0.001904047 0.999997795 -0.000850754 -1.493373394 -0.045161933 0.000935878 0.998979151 108.317573547
0.999156594 -0.001540477 0.041031178 0.406548500 0.001561327 0.999998629 -0.000476093 -1.511131644 -0.041030388 0.000539755 0.999157727 109.532783508
0.999318361 -0.001150568 0.036897082 0.451909542 0.001128041 0.999999166 0.000631345 -1.530276895 -0.036897767 -0.000589293 0.999318898 110.761886597
0.999466002 -0.000769095 0.032666069 0.478926420 0.000720163 0.999998569 0.001509672 -1.557173371 -0.032667182 -0.001485341 0.999465168 111.943855286
0.999602258 -0.000690608 0.028190654 0.508729935 0.000634712 0.999997735 0.001991686 -1.573227286 -0.028191967 -0.001973001 0.999600530 113.167449951
0.999725580 0.000125819 0.023424841 0.531574011 -0.000171672 0.999998093 0.001955442 -1.590320110 -0.023424555 -0.001958927 0.999723673 114.387481689
0.999829590 0.000586156 0.018454544 0.545995235 -0.000621198 0.999998033 0.001893210 -1.606296420 -0.018453397 -0.001904351 0.999827981 115.606628418
0.999909043 0.001238034 0.013431720 0.558905959 -0.001259419 0.999997973 0.001583800 -1.626932144 -0.013429732 -0.001600573 0.999908507 116.829109192
0.999960303 0.002328114 0.008601252 0.562293410 -0.002337024 0.999996662 0.001025999 -1.646243095 -0.008598835 -0.001046059 0.999962509 118.061546326
0.999977827 0.004268283 0.005109726 0.561127663 -0.004273103 0.999990463 0.000932787 -1.662004590 -0.005105695 -0.000954600 0.999986529 119.296058655
0.999979198 0.005829888 0.002767950 0.562107503 -0.005832897 0.999982357 0.001079787 -1.683705568 -0.002761606 -0.001095909 0.999995530 120.537696838
0.999972224 0.007281675 0.001573171 0.559247255 -0.007283018 0.999973059 0.000850100 -1.706653237 -0.001566939 -0.000861534 0.999998331 121.772903442
0.999954045 0.009575900 0.000427867 0.550855577 -0.009576403 0.999953389 0.001187916 -1.725226045 -0.000416472 -0.001191959 0.999999225 123.022064209
0.999942124 0.010753452 -0.000378750 0.537529290 -0.010752701 0.999940336 0.001930628 -1.741343260 0.000399488 -0.001926444 0.999998093 124.265411377
0.999942899 0.010644190 -0.000948637 0.530133486 -0.010642039 0.999940872 0.002244794 -1.756378293 0.000972475 -0.002234571 0.999997020 125.514915466
0.999896884 0.014197864 -0.002148923 0.522635162 -0.014188622 0.999890327 0.004257089 -1.771402359 0.002209129 -0.004226160 0.999988616 126.761085510
0.999878943 0.015350522 -0.002544187 0.508837879 -0.015330950 0.999854028 0.007541852 -1.787724614 0.002659587 -0.007501936 0.999968350 128.019317627
0.999895632 0.013966952 -0.003692635 0.507940769 -0.013939796 0.999876380 0.007280141 -1.802650094 0.003793859 -0.007227907 0.999966741 129.274490356
0.999897599 0.013744379 -0.003986971 0.490929306 -0.013721067 0.999888957 0.005816756 -1.813772917 0.004066476 -0.005761455 0.999975145 130.529296875
0.999928057 0.011204176 -0.004287867 0.478461862 -0.011175225 0.999915004 0.006716772 -1.821181417 0.004362758 -0.006668370 0.999968231 131.794448853
0.999947011 0.008750611 -0.005419366 0.472569048 -0.008703778 0.999925077 0.008606079 -1.830848694 0.005494269 -0.008558454 0.999948263 133.050598145
0.999968112 0.005244928 -0.006031959 0.472571433 -0.005180099 0.999929249 0.010713278 -1.847587585 0.006087722 -0.010681691 0.999924362 134.298141479
0.999974310 0.004003864 -0.005932334 0.454260588 -0.003935079 0.999925435 0.011561577 -1.851694584 0.005978182 -0.011537938 0.999915540 135.594879150
0.999982536 -0.000396685 -0.005892271 0.447730005 0.000455915 0.999949396 0.010054111 -1.863256216 0.005887984 -0.010056622 0.999932051 136.864669800
0.999980271 -0.003082780 -0.005457358 0.430695236 0.003131447 0.999955237 0.008931671 -1.871250749 0.005429579 -0.008948587 0.999945223 138.133926392
0.999974549 -0.004456650 -0.005567390 0.421374202 0.004504313 0.999953091 0.008578031 -1.879388928 0.005528899 -0.008602891 0.999947727 139.410720825
0.999979973 -0.004285306 -0.004656909 0.409049153 0.004325935 0.999952376 0.008749497 -1.885953784 0.004619192 -0.008769467 0.999950886 140.684265137
0.999984086 -0.003781717 -0.004176053 0.396509349 0.003826373 0.999935031 0.010737900 -1.896315217 0.004135175 -0.010753708 0.999933660 141.958938599
0.999993145 -0.001237723 -0.003493442 0.385221243 0.001282000 0.999918520 0.012700765 -1.911595345 0.003477437 -0.012705159 0.999913216 143.240692139
0.999994695 -0.001316728 -0.002958465 0.377392918 0.001349274 0.999938309 0.011026045 -1.919082642 0.002943764 -0.011029979 0.999934852 144.517059326
0.999996483 -0.000909882 -0.002471056 0.363347262 0.000932436 0.999957800 0.009141183 -1.929416418 0.002462634 -0.009143457 0.999955177 145.788345337
0.999996543 -0.001094445 -0.002374517 0.360723138 0.001110048 0.999977767 0.006579447 -1.938654780 0.002367264 -0.006582061 0.999975562 147.063095093
0.999996424 -0.002103748 -0.001656805 0.352928042 0.002108013 0.999994457 0.002576300 -1.962035418 0.001651376 -0.002579783 0.999995291 148.336959839
0.999997377 -0.002068961 -0.001006779 0.339972496 0.002067848 0.999997199 -0.001105804 -1.980069399 0.001009064 0.001103720 0.999998868 149.615463257
0.999996543 -0.002413441 -0.000961622 0.339833260 0.002411610 0.999995291 -0.001901247 -2.001647472 0.000966206 0.001898921 0.999997735 150.873626709
0.999996185 -0.002524847 -0.001092828 0.332232922 0.002523258 0.999995708 -0.001453531 -2.027669191 0.001096493 0.001450768 0.999998331 152.141830444
0.999997258 -0.002018320 -0.001167784 0.328180194 0.002017099 0.999997437 -0.001045710 -2.052822590 0.001169891 0.001043352 0.999998689 153.409957886
0.999997497 -0.001532709 -0.001610465 0.324479043 0.001532640 0.999998868 -0.000044236 -2.074109554 0.001610530 0.000041768 0.999998689 154.671966553
0.999998093 -0.000731014 -0.001761565 0.311570525 0.000732340 0.999999404 0.000752127 -2.100411415 0.001761014 -0.000753416 0.999998152 155.949310303
0.999996841 -0.000446525 -0.002421894 0.301843107 0.000448086 0.999999642 0.000643945 -2.123349905 0.002421606 -0.000645028 0.999996841 157.216354370
0.999994993 -0.000056558 -0.003136823 0.296857536 0.000058268 0.999999821 0.000545105 -2.144363403 0.003136792 -0.000545285 0.999994934 158.485855103
0.999991417 -0.000801252 -0.004056043 0.288562715 0.000808077 0.999998271 0.001681244 -2.163519859 0.004054689 -0.001684508 0.999990344 159.754699707
0.999990523 0.000500442 -0.004330217 0.275312185 -0.000491422 0.999997854 0.002083938 -2.185687304 0.004331250 -0.002081791 0.999988437 161.038391113
0.999988317 0.000558253 -0.004792518 0.263151705 -0.000553275 0.999999344 0.001039946 -2.205978870 0.004793095 -0.001037282 0.999987960 162.310852051
0.999983549 0.000890985 -0.005662752 0.250005901 -0.000891227 0.999999583 -0.000040190 -2.228920698 0.005662714 0.000045236 0.999983966 163.566650391
0.999977589 0.001721036 -0.006478354 0.236827016 -0.001721059 0.999998510 0.000002038 -2.250756741 0.006478349 0.000009112 0.999979079 164.830261230
0.999973774 0.001664256 -0.007042192 0.215217948 -0.001670387 0.999998212 -0.000864858 -2.274842024 0.007040742 0.000876599 0.999974847 166.098236084
0.999965131 0.002008212 -0.008103872 0.201489210 -0.002025689 0.999995649 -0.002148942 -2.294385910 0.008099520 0.002165283 0.999964893 167.366149902
0.999960303 0.002034555 -0.008674465 0.189282775 -0.002049600 0.999996364 -0.001725872 -2.320525169 0.008670922 0.001743582 0.999960899 168.635971069
0.999952316 0.002349889 -0.009481832 0.172394753 -0.002353870 0.999997199 -0.000408735 -2.342665195 0.009480844 0.000431035 0.999954998 169.913955688
0.999949932 0.001974926 -0.009805777 0.151153803 -0.001974650 0.999997973 0.000037808 -2.368023634 0.009805833 -0.000018443 0.999951839 171.179656982
0.999943316 0.002645989 -0.010318592 0.126011848 -0.002642761 0.999996483 0.000326460 -2.387601614 0.010319421 -0.000299172 0.999946594 172.448806763
0.999934316 0.002993364 -0.011064230 0.105094314 -0.002988275 0.999995351 0.000476445 -2.408828735 0.011065606 -0.000443350 0.999938667 173.734313965
0.999925673 0.003449021 -0.011693315 0.084416151 -0.003449654 0.999993980 -0.000034040 -2.438071012 0.011693127 0.000074376 0.999931633 174.985458374
0.999921978 0.004350738 -0.011704302 0.052649260 -0.004358413 0.999990284 -0.000630276 -2.458002329 0.011701445 0.000681239 0.999931335 176.253753662
0.999911845 0.004719855 -0.012406262 0.024899244 -0.004723687 0.999988854 -0.000279617 -2.475906134 0.012404802 0.000338196 0.999922991 177.523620605
0.999910474 0.004512831 -0.012590625 0.003952980 -0.004531094 0.999988675 -0.001422382 -2.500518560 0.012584063 0.001479305 0.999919713 178.758483887
0.999914050 0.003427143 -0.012659498 -0.019298315 -0.003465831 0.999989450 -0.003035354 -2.521374702 0.012648962 0.003078969 0.999915242 180.022613525
0.999916434 0.000228314 -0.012926519 -0.036211967 -0.000267124 0.999995470 -0.003000703 -2.545213938 0.012925775 0.003003905 0.999911904 181.286117554
0.999900877 0.000339444 -0.014076827 -0.050999641 -0.000326354 0.999999523 0.000932199 -2.570846081 0.014077137 -0.000927512 0.999900460 182.554626465
0.999912798 -0.000611455 -0.013190580 -0.082299471 0.000680465 0.999986112 0.005227949 -2.592389822 0.013187200 -0.005236470 0.999899328 183.815826416
0.999906838 0.000775002 -0.013625820 -0.101743937 -0.000710875 0.999988675 0.004710516 -2.608757973 0.013629317 -0.004700391 0.999896109 185.074310303
0.999910772 0.002151449 -0.013183800 -0.127302170 -0.002133520 0.999996722 0.001373850 -2.626183271 0.013186713 -0.001345599 0.999912143 186.314483643
0.999907136 0.002298185 -0.013427638 -0.149861097 -0.002304797 0.999997258 -0.000476985 -2.647109270 0.013426501 0.000507889 0.999909759 187.559982300
0.999902427 0.002002330 -0.013819592 -0.171447515 -0.002003881 0.999997914 -0.000098443 -2.671401978 0.013819369 0.000126127 0.999904513 188.804016113
0.999906778 0.002053346 -0.013499670 -0.196286917 -0.002046496 0.999997735 0.000521162 -2.689338207 0.013500712 -0.000493486 0.999908745 190.048217773
0.999907374 0.002085278 -0.013446592 -0.217858791 -0.002042433 0.999992788 0.003199219 -2.715605259 0.013453164 -0.003171459 0.999904394 191.299285889
0.999916792 0.001003182 -0.012857608 -0.239657164 -0.000947305 0.999990165 0.004351204 -2.740214348 0.012861845 -0.004338662 0.999907792 192.547515869
0.999932826 0.001543570 -0.011488444 -0.256141663 -0.001504531 0.999993086 0.003405965 -2.755988598 0.011493620 -0.003388452 0.999928117 193.781768799
0.999949515 0.000013482 -0.010041204 -0.276178956 0.000008667 0.999997556 0.002205732 -2.778617620 0.010041210 -0.002205708 0.999947131 195.015975952
0.999962628 0.000225869 -0.008643327 -0.291371465 -0.000222265 1.000000000 0.000417974 -2.798543692 0.008643421 -0.000416037 0.999962509 196.233474731
0.999972403 -0.000555523 -0.007417170 -0.303717136 0.000554782 0.999999940 -0.000101906 -2.819855213 0.007417227 0.000097788 0.999972463 197.452667236
0.999982119 -0.000240337 -0.005978960 -0.320859432 0.000243484 0.999999762 0.000525631 -2.842533350 0.005978832 -0.000527077 0.999981940 198.682250977
0.999988079 -0.000724976 -0.004834262 -0.327415586 0.000736467 0.999996901 0.002375614 -2.865837812 0.004832524 -0.002379146 0.999985456 199.900268555
0.999993324 0.000058703 -0.003660232 -0.340998799 -0.000048377 0.999996006 0.002821085 -2.889717817 0.003660382 -0.002820889 0.999989331 201.121536255
0.999996603 0.000085731 -0.002614936 -0.349986494 -0.000078332 0.999995947 0.002829411 -2.905860901 0.002615168 -0.002829196 0.999992609 202.333801270
0.999998808 0.000235596 -0.001512436 -0.355956137 -0.000230941 0.999995232 0.003077436 -2.930043697 0.001513154 -0.003077084 0.999994099 203.531646729
0.999999940 0.000039011 -0.000467450 -0.362646282 -0.000037405 0.999994099 0.003435949 -2.950959682 0.000467582 -0.003435932 0.999993980 204.722702026
0.999999464 0.000677166 0.000761435 -0.377370536 -0.000679775 0.999993920 0.003431025 -2.973449469 -0.000759107 -0.003431541 0.999993742 205.916107178
0.999998868 0.000122243 0.001510989 -0.386143059 -0.000127138 0.999994755 0.003239924 -2.989670753 -0.001510585 -0.003240113 0.999993622 207.074096680
0.999998271 -0.000950140 0.001590458 -0.384924859 0.000945191 0.999994695 0.003109411 -3.008942127 -0.001593404 -0.003107903 0.999993920 208.237365723
0.999997020 -0.000954638 0.002237052 -0.391345590 0.000945599 0.999991357 0.004038333 -3.029095173 -0.002240888 -0.004036205 0.999989331 209.385498047
0.999996483 -0.001515468 0.002165425 -0.397830755 0.001505283 0.999987841 0.004697530 -3.042684078 -0.002172517 -0.004694253 0.999986589 210.523559570
0.999997854 -0.001373254 0.001505852 -0.401194453 0.001365591 0.999986112 0.005078186 -3.067585468 -0.001512804 -0.005076118 0.999985993 211.642242432
0.999999225 -0.000872464 0.000922168 -0.406286120 0.000868783 0.999991655 0.003984503 -3.085248709 -0.000925637 -0.003983699 0.999991655 212.743942261
0.999999702 -0.000678001 0.000441062 -0.410742313 0.000676545 0.999994338 0.003292443 -3.105360508 -0.000443292 -0.003292143 0.999994457 213.826522827
0.999999583 -0.000872898 -0.000157278 -0.416734546 0.000873377 0.999994874 0.003071350 -3.122223139 0.000154597 -0.003071486 0.999995232 214.894485474
0.999998510 -0.000994249 -0.001428221 -0.423477829 0.000998726 0.999994516 0.003137237 -3.147257090 0.001425094 -0.003138658 0.999993980 215.956832886
0.999994636 -0.001363484 -0.002978528 -0.429488122 0.001375513 0.999990821 0.004040134 -3.166271210 0.002972993 -0.004044210 0.999987364 217.014999390
0.999984205 -0.002296214 -0.005129110 -0.441245914 0.002324220 0.999982417 0.005460973 -3.180339813 0.005116479 -0.005472808 0.999971926 218.046920776
0.999973118 -0.001962682 -0.007058944 -0.457295775 0.002013274 0.999972343 0.007167054 -3.196171999 0.007044680 -0.007181073 0.999949455 219.072113037
0.999951124 -0.001957704 -0.009684838 -0.468502879 0.002028371 0.999971390 0.007292170 -3.213335991 0.009670285 -0.007311458 0.999926507 220.080291748
0.999922931 -0.001680056 -0.012302579 -0.483032942 0.001763980 0.999975204 0.006813989 -3.231140614 0.012290825 -0.006835167 0.999901116 221.070175171
0.999885321 -0.001521814 -0.015068585 -0.503422022 0.001631613 0.999972224 0.007277008 -3.248466969 0.015057093 -0.007300761 0.999859989 222.040069580
0.999840498 -0.000863360 -0.017845593 -0.531343699 0.000998618 0.999970913 0.007571823 -3.261463404 0.017838540 -0.007588436 0.999812067 222.988006592
0.999786317 -0.000639821 -0.020660989 -0.553419590 0.000793351 0.999972105 0.007423570 -3.279442549 0.020655667 -0.007438376 0.999758959 223.914916992
0.999716043 -0.000789465 -0.023814626 -0.579565525 0.000945243 0.999978244 0.006530731 -3.288267136 0.023808952 -0.006551388 0.999695063 224.818634033
0.999649167 -0.001125470 -0.026461164 -0.617113590 0.001287453 0.999980509 0.006105316 -3.307075739 0.026453778 -0.006137243 0.999631166 225.694580078
0.999562621 -0.000396017 -0.029568087 -0.654515743 0.000570032 0.999982536 0.005877023 -3.322793961 0.029565245 -0.005891308 0.999545455 226.557083130
0.999452174 0.000193682 -0.033094976 -0.677091599 -0.000003810 0.999983490 0.005737136 -3.346815348 0.033095542 -0.005733866 0.999435723 227.387481689
0.999359250 0.001973946 -0.035737142 -0.711559772 -0.001788470 0.999984741 0.005221238 -3.355991364 0.035746902 -0.005153978 0.999347627 228.201568604
0.999333858 0.002560218 -0.036403630 -0.748489857 -0.002353312 0.999980807 0.005725394 -3.368727684 0.036417596 -0.005635911 0.999320745 229.003067017
0.999352872 0.002917671 -0.035851132 -0.783935070 -0.002668816 0.999972045 0.006987217 -3.385378361 0.035870519 -0.006887016 0.999332666 229.786148071
0.999372959 0.002811690 -0.035295278 -0.816107750 -0.002542304 0.999967277 0.007674912 -3.398411512 0.035315707 -0.007580370 0.999347448 230.546539307
0.999384284 0.002543783 -0.034995489 -0.844944954 -0.002294110 0.999971569 0.007172735 -3.410929680 0.035012737 -0.007088034 0.999361694 231.292083740
0.999400795 0.003337659 -0.034451652 -0.876435757 -0.003148136 0.999979615 0.005553906 -3.424257278 0.034469489 -0.005442119 0.999391079 232.017623901
0.999431551 0.003244798 -0.033557847 -0.901947498 -0.003125791 0.999988616 0.003598197 -3.437085629 0.033569131 -0.003491255 0.999430299 232.748535156
0.999475539 0.003134195 -0.032229587 -0.930959702 -0.003062683 0.999992788 0.002267942 -3.451040745 0.032236464 -0.002168044 0.999477863 233.470855713
0.999510527 0.004029050 -0.031023249 -0.954974651 -0.003986030 0.999991000 0.001448389 -3.458945274 0.031028805 -0.001324021 0.999517620 234.205413818
0.999568164 0.003587538 -0.029164705 -0.978202343 -0.003547877 0.999992728 0.001411523 -3.471863270 0.029169559 -0.001307441 0.999573648 234.925979614
0.999622345 0.003452900 -0.027259964 -1.001644135 -0.003412683 0.999993026 0.001521672 -3.488019943 0.027265033 -0.001428068 0.999627292 235.631362915
0.999671340 0.003682006 -0.025371490 -1.025548458 -0.003650832 0.999992490 0.001274901 -3.500709534 0.025375996 -0.001181855 0.999677420 236.358978271
0.999711752 0.003256793 -0.023786981 -1.036275387 -0.003233487 0.999994278 0.001018129 -3.513513088 0.023790162 -0.000940921 0.999716580 237.064834595
0.999785423 0.003205057 -0.020468678 -1.063980818 -0.003176845 0.999993980 0.001410635 -3.524987221 0.020473078 -0.001345306 0.999789476 237.773971558
0.999844253 0.002018122 -0.017536864 -1.070426941 -0.001976812 0.999995232 0.002372608 -3.540980816 0.017541569 -0.002337572 0.999843419 238.480499268
0.999895573 0.001588248 -0.014365237 -1.085068703 -0.001557753 0.999996483 0.002133733 -3.547133923 0.014368576 -0.002111133 0.999894559 239.178253174
0.999931455 0.001034535 -0.011664421 -1.090480089 -0.001006898 0.999996662 0.002374941 -3.561139107 0.011666838 -0.002363033 0.999929070 239.875823975
0.999964058 0.000783552 -0.008444100 -1.100296736 -0.000767585 0.999997854 0.001893944 -3.571674347 0.008445567 -0.001887394 0.999962568 240.561050415
0.999986589 0.000940848 -0.005090436 -1.109292388 -0.000931966 0.999998033 0.001746938 -3.584699869 0.005092069 -0.001742170 0.999985516 241.252609253
0.999995291 0.002009330 -0.002327874 -1.110959172 -0.002007512 0.999997616 0.000783059 -3.593703508 0.002329442 -0.000778381 0.999996960 241.945739746
0.999997318 0.002196944 0.000680354 -1.114149094 -0.002197377 0.999997258 0.000636014 -3.608448505 -0.000678955 -0.000637508 0.999999583 242.641784668
0.999991834 0.002020480 0.003496332 -1.112308264 -0.002025180 0.999997020 0.001341133 -3.620229006 -0.003493612 -0.001348203 0.999992967 243.341613770
0.999982357 0.002070765 0.005555082 -1.107608676 -0.002083036 0.999995410 0.002204373 -3.632368803 -0.005550492 -0.002215906 0.999982119 244.046096802
0.999963224 0.002199172 0.008294244 -1.107584000 -0.002212548 0.999996305 0.001603786 -3.640956640 -0.008290687 -0.001622078 0.999964297 244.751266479
0.999944568 0.001793861 0.010374571 -1.100657463 -0.001795378 0.999998331 0.000136947 -3.652858019 -0.010374310 -0.000155566 0.999946117 245.459701538
0.999919534 0.002129064 0.012508225 -1.098410606 -0.002098962 0.999994934 -0.002419244 -3.661928177 -0.012513311 0.002392795 0.999918818 246.167236328
0.999911189 0.000855648 0.013297250 -1.087160110 -0.000800394 0.999991059 -0.004160027 -3.672855377 -0.013300691 0.004149015 0.999902904 246.886016846
0.999914348 0.000832967 0.013060507 -1.073215961 -0.000775389 0.999989927 -0.004413004 -3.687810898 -0.013064051 0.004402500 0.999904931 247.612609863
0.999916017 -0.000538974 0.012944932 -1.063500881 0.000601190 0.999988317 -0.004802731 -3.702973366 -0.012942191 0.004810111 0.999904633 248.340377808
0.999911785 0.001025625 0.013241173 -1.057713509 -0.000957994 0.999986470 -0.005112954 -3.716829062 -0.013246239 0.005099818 0.999899268 249.072265625
0.999908924 0.001189496 0.013445443 -1.052828550 -0.001116276 0.999984503 -0.005451909 -3.731790543 -0.013451722 0.005436402 0.999894738 249.806518555
0.999905705 0.000276517 0.013723930 -1.043619394 -0.000175833 0.999972999 -0.007337050 -3.745465279 -0.013725588 0.007333945 0.999878883 250.555099487
0.999891043 -0.003365105 0.014372624 -1.035816431 0.003499372 0.999950409 -0.009326955 -3.764912128 -0.014340521 0.009376234 0.999853194 251.300582886
0.999868453 -0.006628353 0.014803816 -1.021327019 0.006780313 0.999924600 -0.010238424 -3.778325558 -0.014734835 0.010337451 0.999837995 252.068206787
0.999873340 -0.004069344 0.015383499 -1.013611317 0.004169748 0.999970138 -0.006500276 -3.790016890 -0.015356587 0.006563598 0.999860466 252.844726562
0.999870718 -0.000404567 0.016071087 -1.013808727 0.000409829 0.999999881 -0.000324149 -3.803867102 -0.016070953 0.000330694 0.999870777 253.629150391
0.999856770 -0.001166168 0.016883824 -1.002321720 0.001111912 0.999994159 0.003222534 -3.818964481 -0.016887486 -0.003203300 0.999852180 254.417266846
0.999812603 -0.002178655 0.019242086 -0.983605862 0.002162399 0.999997258 0.000865557 -3.825086832 -0.019243922 -0.000823786 0.999814451 255.213973999
0.999726236 -0.001252563 0.023367427 -0.970906734 0.001375202 0.999985337 -0.005232922 -3.834775925 -0.023360530 0.005263624 0.999713182 256.007354736
0.999630034 0.000546609 0.027192321 -0.957300663 -0.000306045 0.999960780 -0.008850141 -3.848106146 -0.027196091 0.008838546 0.999590993 256.819488525
0.999536216 0.002900328 0.030318100 -0.938802719 -0.002634389 0.999957740 -0.008807862 -3.861247540 -0.030342370 0.008723905 0.999501407 257.650634766
0.999441862 0.001313451 0.033382401 -0.908570290 -0.001081096 0.999975145 -0.006977504 -3.871887684 -0.033390734 0.006937520 0.999418259 258.477691650
0.999314606 -0.001936744 0.036964986 -0.884499550 0.002057700 0.999992669 -0.003234413 -3.896345139 -0.036958452 0.003308258 0.999311328 259.312377930
0.999220192 -0.004569678 0.039218869 -0.840926170 0.004648283 0.999987364 -0.001913324 -3.908943892 -0.039209634 0.002094133 0.999228776 260.170104980
0.999097764 -0.004407467 0.042241313 -0.807848930 0.004462620 0.999989331 -0.001211486 -3.925677299 -0.042235527 0.001398900 0.999106705 261.011077881
0.998997509 -0.002387332 0.044703338 -0.766059875 0.002521963 0.999992490 -0.002955492 -3.945772171 -0.044695947 0.003065269 0.998995900 261.865814209
0.998894870 -0.000768171 0.046994057 -0.731878281 0.001044750 0.999982238 -0.005861116 -3.951002121 -0.046988714 0.005903736 0.998878002 262.713623047
0.998767376 -0.000150485 0.049636163 -0.699757576 0.000442415 0.999982715 -0.005870467 -3.967487335 -0.049634416 0.005885191 0.998750091 263.554107666
0.998614907 0.000538165 0.052610252 -0.660654068 -0.000338012 0.999992728 -0.003813272 -3.984974861 -0.052611925 0.003790208 0.998607874 264.402221680
0.998443484 0.002379756 0.055721663 -0.618802071 -0.002258566 0.999994934 -0.002237795 -4.002917767 -0.055726700 0.002108461 0.998443842 265.256347656
0.998274148 0.003140100 0.058641382 -0.575048447 -0.002995127 0.999992251 -0.002559920 -4.016695499 -0.058648966 0.002379863 0.998275816 266.100891113
0.998111963 0.003797092 0.061303284 -0.528396606 -0.003610151 0.999988437 -0.003159911 -4.027213097 -0.061314575 0.002932631 0.998114169 266.939727783
0.997974634 0.001312899 0.063598298 -0.469408035 -0.001107934 0.999994099 -0.003257961 -4.050467014 -0.063602202 0.003180900 0.997970283 267.816070557
0.997866035 -0.001639931 0.065272510 -0.413223267 0.001813841 0.999994993 -0.002605188 -4.064009190 -0.065267906 0.002718023 0.997864127 268.662231445
0.997822702 -0.002388078 0.065910190 -0.353929520 0.002579795 0.999992728 -0.002823806 -4.079295158 -0.065902978 0.002987692 0.997821569 269.524230957
0.997757554 -0.003599881 0.066834681 -0.306779861 0.003791220 0.999989033 -0.002736267 -4.099749565 -0.066824086 0.002983516 0.997760296 270.372741699
0.997745574 -0.003671050 0.067009285 -0.246572495 0.003855409 0.999989152 -0.002622126 -4.114872932 -0.066998929 0.002874563 0.997748852 271.224578857
0.997742295 -0.003863766 0.067048214 -0.203264236 0.003995369 0.999990404 -0.001828838 -4.134367943 -0.067040503 0.002092591 0.997748077 272.087860107
0.997773468 -0.003503928 0.066602558 -0.147684097 0.003612882 0.999992311 -0.001515505 -4.150538445 -0.066596739 0.001752757 0.997778416 272.948394775
0.997890651 -0.003788342 0.064808890 -0.085966110 0.003945299 0.999989569 -0.002294037 -4.167223930 -0.064799532 0.002544888 0.997895062 273.815643311
0.997973800 -0.003594447 0.063525312 -0.039697647 0.003784366 0.999988735 -0.002869579 -4.186256886 -0.063514277 0.003104168 0.997976065 274.669891357
0.998092413 -0.002860635 0.061671156 0.014951706 0.003108995 0.999987423 -0.003931584 -4.200532913 -0.061659135 0.004115819 0.998088777 275.541656494
0.998185694 -0.001599926 0.060190726 0.059139252 0.001860756 0.999989092 -0.004277593 -4.217109203 -0.060183238 0.004381831 0.998177767 276.395172119
0.998289466 -0.000552185 0.058460779 0.099746704 0.000806117 0.999990344 -0.004320139 -4.241495609 -0.058457844 0.004359875 0.998280346 277.250701904
0.998422503 0.000109412 0.056145497 0.143440247 0.000115937 0.999991894 -0.004010397 -4.255307198 -0.056145489 0.004010580 0.998414516 278.101989746
0.998576403 0.000128015 0.053339988 0.184914589 0.000006363 0.999996781 -0.002519103 -4.273073196 -0.053340144 0.002515856 0.998573184 278.956817627
0.998795450 -0.000979611 0.049056601 0.222391129 0.000981647 0.999999523 -0.000017412 -4.290307999 -0.049056564 0.000065547 0.998795986 279.796844482
0.999023736 -0.003015426 0.044072829 0.260231972 0.002933297 0.999993920 0.001928032 -4.311476707 -0.044078372 -0.001796871 0.999026477 280.646179199
0.999206781 -0.003059742 0.039702896 0.284707069 0.002941067 0.999991059 0.003047134 -4.323078156 -0.039711867 -0.002927948 0.999206901 281.494079590
0.999386549 -0.003020500 0.034892064 0.306562424 0.002901952 0.999989927 0.003447720 -4.332731247 -0.034902126 -0.003344350 0.999385178 282.313507080
0.999536753 -0.003659429 0.030212916 0.332859993 0.003534987 0.999985039 0.004171217 -4.347048759 -0.030227726 -0.004062482 0.999534905 283.140075684
0.999664366 -0.004647456 0.025484195 0.348588467 0.004543177 0.999981046 0.004148298 -4.357999325 -0.025502991 -0.004031125 0.999666691 283.941467285
0.999755681 -0.004949606 0.021541569 0.360881805 0.004865133 0.999980271 0.003972040 -4.373489380 -0.021560803 -0.003866268 0.999760091 284.726806641
0.999835074 -0.004703034 0.017540785 0.372304916 0.004638773 0.999982357 0.003702439 -4.384889603 -0.017557884 -0.003620461 0.999839306 285.500366211
0.999897003 -0.004455086 0.013641718 0.378129482 0.004407096 0.999984026 0.003545916 -4.397047043 -0.013657297 -0.003485430 0.999900639 286.252166748
