-0.998393416 0.055426281 -0.011769536 -13.312613487 0.055030260 0.997982621 0.031659570 1.361646891 0.013500564 0.030961024 -0.999429405 16.887845993
-0.998447955 0.054330282 -0.012248131 -13.318631172 0.053960178 0.998128951 0.028755238 1.381644487 0.013787493 0.028049698 -0.999511421 15.496903419
-0.998563528 0.052019600 -0.012840513 -13.330751419 0.051691268 0.998357654 0.024699258 1.391172767 0.014104270 0.024000036 -0.999612451 14.129548073
-0.998748481 0.048357956 -0.012762086 -13.338240623 0.048054840 0.998578131 0.023075482 1.400478959 0.013859822 0.022433324 -0.999652267 12.751699448
-0.998880506 0.045577385 -0.012670662 -13.342885971 0.045246005 0.998655081 0.025313603 1.409239054 0.013807349 0.024711967 -0.999599278 11.387172699
-0.998932600 0.044548430 -0.012204995 -13.352162361 0.044197276 0.998639524 0.027670477 1.416330099 0.013421066 0.027101517 -0.999542594 10.001912117
-0.998882353 0.045669850 -0.012176967 -13.361908913 0.045295931 0.998541057 0.029392825 1.434330225 0.013501569 0.028808411 -0.999493778 8.634971619
-0.998676896 0.050052609 -0.011791160 -13.378175735 0.049652603 0.998251438 0.032072678 1.443507671 0.013375863 0.031444784 -0.999415994 7.255304813
-0.998409271 0.055186428 -0.011544666 -13.391882896 0.054771859 0.997934043 0.033580769 1.460630178 0.013374018 0.032895032 -0.999369264 5.870621681
-0.998287439 0.057373140 -0.011424834 -13.404938698 0.056975629 0.997845888 0.032516856 1.481497288 0.013265817 0.031810232 -0.999405861 4.504730701
-0.998250842 0.058056258 -0.011164530 -13.422975540 0.057698593 0.997881413 0.030058386 1.504206896 0.012885954 0.029361632 -0.999485791 3.137165785
-0.998317540 0.056844946 -0.011435677 -13.431147575 0.056507971 0.998012185 0.027900061 1.522197008 0.012998926 0.027206909 -0.999545276 1.766426682
-0.998449802 0.054359615 -0.011953929 -13.437717438 0.054024972 0.998181701 0.026731335 1.543260694 0.013385297 0.026044086 -0.999571204 0.387150735
-0.998520434 0.052942500 -0.012407122 -13.443325996 0.052591410 0.998248458 0.027095284 1.564788461 0.013819883 0.026402686 -0.999555945 -0.986181378
-0.998538375 0.052558862 -0.012598930 -13.455482483 0.052207187 0.998277068 0.026782252 1.572377205 0.013984867 0.026085351 -0.999561906 -2.357669592
-0.998518527 0.052883949 -0.012809772 -13.464992523 0.052548971 0.998300016 0.025209617 1.586792350 0.014121179 0.024499128 -0.999600112 -3.744635105
-0.998582184 0.051657822 -0.012848374 -13.479350090 0.051331718 0.998380184 0.024533438 1.601760626 0.014094907 0.023839122 -0.999616444 -5.115147591
-0.998583138 0.051539037 -0.013239569 -13.486057281 0.051194195 0.998371065 0.025183836 1.614399791 0.014515953 0.024470365 -0.999595165 -6.501315117
-0.998657584 0.050070681 -0.013265588 -13.498640060 0.049733538 0.998458803 0.024630219 1.624812722 0.014478396 0.023937412 -0.999608636 -7.889332771
-0.998753607 0.047997132 -0.013689843 -13.506729126 0.047644325 0.998550773 0.025028041 1.640816689 0.014871279 0.024344604 -0.999593019 -9.288337708
-0.998847961 0.045944232 -0.013852600 -13.516604424 0.045545589 0.998574436 0.027836742 1.650666595 0.015111788 0.027173752 -0.999516487 -10.700734138
-0.998934984 0.043965898 -0.013994501 -13.526862144 0.043567553 0.998669207 0.027599251 1.669208050 0.015189303 0.026960153 -0.999521077 -12.098845482
-0.998934329 0.043855891 -0.014392541 -13.543669701 0.043496184 0.998755097 0.024420505 1.682533503 0.015445609 0.023768457 -0.999598145 -13.508211136
-0.998986363 0.042640712 -0.014423535 -13.555012703 0.042287726 0.998818338 0.023951778 1.697386742 0.015427813 0.023317562 -0.999609053 -14.913796425
-0.999001443 0.042441841 -0.013957381 -13.572725296 0.042088073 0.998807669 0.024732342 1.703686237 0.014990427 0.024120204 -0.999596655 -16.312019348
-0.999051988 0.041298103 -0.013770334 -13.584590912 0.040981349 0.998905599 0.022541927 1.713890314 0.014686204 0.021956231 -0.999651074 -17.721824646
-0.999120951 0.039652176 -0.013598201 -13.595025063 0.039393950 0.999047637 0.018758832 1.724949598 0.014329079 0.018206656 -0.999731541 -19.135429382
-0.999125600 0.039551452 -0.013552124 -13.608787537 0.039303739 0.999063671 0.018081907 1.730671883 0.014254600 0.017533448 -0.999744654 -20.543426514
-0.999088824 0.040570840 -0.013248548 -13.621474266 0.040303558 0.998990178 0.019854197 1.734405994 0.014040671 0.019302143 -0.999715090 -21.962701797
-0.998965681 0.043726854 -0.012475303 -13.637871742 0.043468434 0.998848855 0.020283563 1.744497180 0.013347879 0.019720301 -0.999716461 -23.385915756
-0.998920023 0.044896748 -0.011959645 -13.649817467 0.044652097 0.998802483 0.019993180 1.745431185 0.012842952 0.019437563 -0.999728560 -24.819433212
-0.998929858 0.044753730 -0.011674477 -13.663581848 0.044512458 0.998805225 0.020167110 1.748363495 0.012563082 0.019625869 -0.999728441 -26.244510651
-0.998958707 0.044072084 -0.011798669 -13.672744751 0.043857060 0.998877347 0.017902138 1.758413076 0.012574408 0.017366039 -0.999770105 -27.669578552
-0.999015272 0.042855188 -0.011492792 -13.677245140 0.042622842 0.998895884 0.019752324 1.762239456 0.012326594 0.019243015 -0.999738812 -29.093629837
-0.999022782 0.042916842 -0.010567099 -13.689820290 0.042666566 0.998827636 0.022868535 1.772521734 0.011536155 0.022395324 -0.999682605 -30.532506943
-0.998924613 0.045315586 -0.009809116 -13.701073647 0.045075815 0.998709023 0.023421733 1.782612324 0.010857822 0.022954388 -0.999677539 -31.976566315
-0.998828948 0.047523502 -0.009066114 -13.715474129 0.047312979 0.998634040 0.022171702 1.789178133 0.010107408 0.021716796 -0.999713004 -33.399227142
-0.998737156 0.049533185 -0.008390357 -13.727934837 0.049331404 0.998523235 0.022755049 1.795985222 0.009505095 0.022312406 -0.999705851 -34.827922821
-0.998686552 0.050606512 -0.008027233 -13.734152794 0.050403558 0.998446763 0.023740036 1.804670572 0.009216167 0.023304254 -0.999685884 -36.263381958
-0.998606622 0.052167878 -0.007960674 -13.739706993 0.051964838 0.998363435 0.023876674 1.812457085 0.009193243 0.023429733 -0.999683201 -37.684856415
-0.998451293 0.055150487 -0.007307754 -13.755345345 0.054956436 0.998187602 0.024522416 1.820550084 0.008646932 0.024082830 -0.999672592 -39.111011505
-0.998330534 0.057368767 -0.006709433 -13.766009331 0.057177380 0.998028278 0.025892407 1.827943087 0.008181620 0.025465552 -0.999642253 -40.524360657
-0.998227894 0.059159894 -0.006417581 -13.774329185 0.058967244 0.997897029 0.026915457 1.834895372 0.007996400 0.026489334 -0.999617100 -41.954208374
-0.998095214 0.061408009 -0.005909597 -13.786383629 0.061255693 0.997852385 0.023202419 1.842470169 0.007321719 0.022796230 -0.999713302 -43.364311218
-0.998000979 0.062917084 -0.005960500 -13.797024727 0.062796593 0.997852802 0.018610237 1.850917339 0.007118605 0.018198738 -0.999808967 -44.767532349
-0.997953415 0.063705511 -0.005537968 -13.806621552 0.063599914 0.997821748 0.017515179 1.857303381 0.006641719 0.017127113 -0.999831200 -46.168350220
-0.997943282 0.063834913 -0.005861990 -13.801312447 0.063703202 0.997759819 0.020425955 1.847542048 0.007152749 0.020010520 -0.999774098 -47.586437225
-0.997984171 0.063204192 -0.005729319 -13.803613663 0.063070044 0.997784555 0.021167029 1.856177568 0.007054472 0.020763010 -0.999759495 -48.987468719
-0.998036027 0.062350783 -0.006025139 -13.803634644 0.062216457 0.997854710 0.020373136 1.857139111 0.007282493 0.019958263 -0.999774277 -50.396312714
-0.998011291 0.062738366 -0.006118669 -13.806739807 0.062603332 0.997833967 0.020206904 1.867150187 0.007373163 0.019783672 -0.999777079 -51.805084229
-0.998055279 0.062059715 -0.005855459 -13.812414169 0.061922852 0.997855544 0.021211429 1.867604136 0.007159278 0.020807590 -0.999757886 -53.206134796
-0.998033285 0.062348735 -0.006497943 -13.818400383 0.062216051 0.997883022 0.018938139 1.873407602 0.007664956 0.018496616 -0.999799550 -54.608737946
-0.998072863 0.061576463 -0.007670921 -13.817415237 0.061425157 0.997938275 0.018606024 1.877106071 0.008800798 0.018098980 -0.999797463 -56.014511108
-0.998064697 0.061600085 -0.008496255 -13.828127861 0.061428145 0.997926772 0.019198475 1.889251709 0.009661268 0.018639408 -0.999779582 -57.421749115
-0.998010337 0.062356848 -0.009328065 -13.839028358 0.062170524 0.997883022 0.019083941 1.889609337 0.010498332 0.018466039 -0.999774396 -58.819000244
-0.997952819 0.063182645 -0.009914909 -13.855621338 0.062994152 0.997846246 0.018293697 1.886946917 0.011049400 0.017631670 -0.999783456 -60.227062225
-0.997962892 0.062883273 -0.010758281 -13.864148140 0.062683620 0.997871399 0.017985452 1.891316175 0.011866365 0.017274447 -0.999780357 -61.626182556
-0.997990072 0.062267590 -0.011771650 -13.870194435 0.062037665 0.997893333 0.018981095 1.892587900 0.012928759 0.018212661 -0.999750495 -63.044525146
-0.998004138 0.061888065 -0.012551870 -13.883613586 0.061637674 0.997909307 0.019440116 1.896134853 0.013728737 0.018627653 -0.999732196 -64.442008972
-0.998050749 0.061097708 -0.012713528 -13.900979996 0.060837671 0.997948885 0.019922808 1.900075078 0.013904687 0.019110514 -0.999720693 -65.853439331
-0.998074830 0.060485706 -0.013713309 -13.910497665 0.060204081 0.997983813 0.020095419 1.895724297 0.014901145 0.019231135 -0.999704003 -67.254341125
-0.998086452 0.060171064 -0.014241265 -13.927597046 0.059871890 0.997994065 0.020576542 1.895490646 0.015450810 0.019684518 -0.999686837 -68.652519226
-0.997997701 0.061700460 -0.013914464 -13.942852974 0.061430968 0.997929931 0.019028191 1.896641016 0.015059709 0.018135311 -0.999722123 -70.064689636
-0.997989178 0.061946191 -0.013425522 -13.960187912 0.061717302 0.997951508 0.016840639 1.895960450 0.014441234 0.015978189 -0.999768078 -71.449081421
-0.997958660 0.062420826 -0.013496759 -13.969349861 0.062196046 0.997927785 0.016478732 1.889604092 0.014497409 0.015605642 -0.999773145 -72.841819763
-0.997858763 0.064139381 -0.012803036 -13.983497620 0.063907750 0.997797966 0.017747760 1.888787746 0.013913172 0.016891543 -0.999760568 -74.230110168
-0.997820199 0.064865962 -0.012134011 -14.002496719 0.064622268 0.997719288 0.019499691 1.889640331 0.013371204 0.018673060 -0.999736190 -75.625183105
-0.997758567 0.066024102 -0.010895854 -14.014392853 0.065776065 0.997597575 0.021738909 1.891863108 0.012304971 0.020973498 -0.999704301 -77.004508972
-0.997741997 0.066400602 -0.010093216 -14.021142006 0.066177450 0.997586071 0.021034641 1.894281149 0.011465565 0.020319201 -0.999727786 -78.405456543
-0.997800112 0.065667853 -0.009084839 -14.040143013 0.065506123 0.997705877 0.017082036 1.900765777 0.010185737 0.016449340 -0.999812841 -79.770057678
-0.997890592 0.064291075 -0.008997768 -14.042925835 0.064155377 0.997832537 0.014635096 1.894814134 0.009919171 0.014026969 -0.999852419 -81.143859863
-0.997959375 0.063233860 -0.008863892 -14.048203468 0.063082404 0.997872829 0.016436836 1.891759753 0.009884403 0.015844133 -0.999825656 -82.506340027
-0.997934997 0.063633598 -0.008742071 -14.054240227 0.063440010 0.997767270 0.020877238 1.891157866 0.010051045 0.020279530 -0.999743819 -83.868339539
-0.997887552 0.064404130 -0.008519254 -14.056451797 0.064191774 0.997667611 0.023211950 1.897734046 0.009994328 0.022616047 -0.999694347 -85.228256226
-0.997885644 0.064426936 -0.008570247 -14.070123672 0.064210646 0.997660100 0.023485897 1.902672529 0.010063319 0.022885943 -0.999687374 -86.598014832
-0.997879803 0.064458542 -0.008992667 -14.076023102 0.064250596 0.997696579 0.021759983 1.903646708 0.010374570 0.021136066 -0.999722719 -87.935966492
-0.997919559 0.063674554 -0.010102347 -14.084745407 0.063461855 0.997781038 0.020138035 1.907651663 0.011362211 0.019455025 -0.999746144 -89.281204224
-0.997976959 0.062615804 -0.011003566 -14.092981339 0.062400561 0.997871757 0.018922774 1.910223603 0.012165013 0.018197868 -0.999760389 -90.613388062
-0.998024166 0.061646763 -0.012144458 -14.096930504 0.061393239 0.997908294 0.020246426 1.899955153 0.013367182 0.019460833 -0.999721229 -91.949195862
-0.998031914 0.061404936 -0.012726734 -14.110161781 0.061123822 0.997900546 0.021411991 1.906229019 0.014014816 0.020591939 -0.999689698 -93.279876709
-0.997971117 0.062275480 -0.013244024 -14.125675201 0.061995737 0.997864187 0.020577321 1.908547640 0.014497201 0.019714497 -0.999700546 -94.595962524
-0.997950017 0.062502943 -0.013751375 -14.138922691 0.062223896 0.997864544 0.019862080 1.909572124 0.014963447 0.018965699 -0.999708176 -95.926170349
-0.997984707 0.061769158 -0.014528891 -14.156261444 0.061459828 0.997891843 0.020851891 1.916006446 0.015786264 0.019916929 -0.999677002 -97.239555359
-0.997960091 0.062010765 -0.015177508 -14.173420906 0.061668143 0.997852266 0.022087900 1.911529064 0.016514597 0.021106873 -0.999640822 -98.558799744
-0.997978389 0.061497569 -0.016032478 -14.191288948 0.061143991 0.997893393 0.021682864 1.922388315 0.017332146 0.020658743 -0.999636292 -99.863945007
-0.997935772 0.061943658 -0.016945450 -14.211183548 0.061562549 0.997857273 0.022156971 1.918683887 0.018281624 0.021068029 -0.999610901 -101.196762085
-0.997921765 0.062008079 -0.017523244 -14.229660034 0.061616734 0.997856200 0.022054078 1.918043852 0.018853206 0.020928521 -0.999603212 -102.504493713
-0.997926712 0.061706789 -0.018286645 -14.244610786 0.061304394 0.997880995 0.021804160 1.923943043 0.019593358 0.020637903 -0.999595046 -103.804664612
-0.997905910 0.061898842 -0.018765774 -14.273659706 0.061480850 0.997863829 0.022088284 1.924006104 0.020092923 0.020888295 -0.999579906 -105.107414246
-0.997919858 0.061442446 -0.019510705 -14.289716721 0.061019067 0.997902811 0.021600999 1.929888010 0.020797007 0.020365542 -0.999576271 -106.406707764
-0.997911394 0.061419547 -0.020012129 -14.319664001 0.061007272 0.997924745 0.020599265 1.928924322 0.021235796 0.019335356 -0.999587536 -107.707260132
-0.997877181 0.061867744 -0.020333899 -14.341152191 0.061472967 0.997918308 0.019498579 1.929290771 0.021497902 0.018207202 -0.999603093 -109.008140564
-0.997845352 0.062043410 -0.021336686 -14.358556747 0.061614413 0.997895360 0.020208480 1.938468933 0.022545587 0.018850291 -0.999568045 -110.281356812
-0.997823834 0.062264636 -0.021694206 -14.373979568 0.061771791 0.997832298 0.022692364 1.941041231 0.023060111 0.021302892 -0.999507070 -111.566543579
-0.997809470 0.062695816 -0.021107024 -14.401082993 0.062237311 0.997824907 0.021721903 1.941811681 0.022422988 0.020360675 -0.999541223 -112.840255737
-0.997846782 0.062144581 -0.020975754 -14.420438766 0.061705112 0.997873724 0.020986784 1.943865299 0.022235373 0.019647280 -0.999559700 -114.108215332
-0.997788906 0.063060537 -0.020992434 -14.441336632 0.062616743 0.997813106 0.021167224 1.952434540 0.022281343 0.019805942 -0.999555528 -115.388900757
-0.997736633 0.064156957 -0.020137914 -14.470129013 0.063720614 0.997733831 0.021609912 1.956323862 0.021478705 0.020277802 -0.999563575 -116.645355225
-0.997764647 0.063722976 -0.020127011 -14.489225388 0.063268334 0.997743487 0.022471707 1.958773613 0.021513559 0.021148067 -0.999544859 -117.892021179
-0.997773767 0.063659810 -0.019874232 -14.506355286 0.063198730 0.997735262 0.023025241 1.967008591 0.021295005 0.021717953 -0.999537349 -119.165992737
-0.997786224 0.063394256 -0.020091219 -14.521348000 0.062943362 0.997767210 0.022332042 1.976921558 0.021462083 0.021018000 -0.999548674 -120.422050476
-0.997814000 0.062961005 -0.020078441 -14.542356491 0.062504672 0.997788787 0.022598848 1.978593349 0.021456890 0.021294450 -0.999542952 -121.673660278
-0.997802317 0.063024513 -0.020457670 -14.563531876 0.062574372 0.997798979 0.021945244 1.985333204 0.021795731 0.020616889 -0.999549806 -122.898117065
-0.997841835 0.062280774 -0.020799469 -14.587507248 0.061832108 0.997853696 0.021559600 1.986753702 0.022097573 0.020226996 -0.999551177 -124.134155273
-0.997894466 0.060852915 -0.022436874 -14.604545593 0.060364272 0.997937322 0.021848319 1.990694046 0.023720125 0.020447932 -0.999509513 -125.344696045
-0.997901559 0.060367465 -0.023413446 -14.630910873 0.059824515 0.997938454 0.023236027 1.992092371 0.024767879 0.021786571 -0.999455750 -126.560638428
-0.997934997 0.059401821 -0.024435507 -14.656497955 0.058824223 0.997986615 0.023714546 1.995107174 0.025794998 0.022228172 -0.999420106 -127.756004333
-0.997929513 0.058794662 -0.026074767 -14.676694870 0.058209270 0.998046994 0.022669002 1.996660948 0.027356662 0.021104274 -0.999402881 -128.937973022
-0.997871518 0.059089698 -0.027582990 -14.698991776 0.058524501 0.998067856 0.020867735 1.999230146 0.028762763 0.019209038 -0.999401629 -130.120910645
-0.997832417 0.059572551 -0.027954489 -14.734739304 0.059001002 0.998040199 0.020844301 2.002025127 0.029141456 0.019149775 -0.999391854 -131.299835205
-0.997806728 0.060171936 -0.027584596 -14.767999649 0.059533108 0.997951448 0.023423476 1.996691704 0.028937522 0.021729905 -0.999345005 -132.455429077
-0.997723043 0.061680712 -0.027281387 -14.800069809 0.061008010 0.997828305 0.024839208 1.999296188 0.028754236 0.023118269 -0.999319136 -133.590286255
-0.997540891 0.064646684 -0.027071804 -14.832334518 0.063965172 0.997630775 0.025326377 2.006903410 0.028644931 0.023532446 -0.999312580 -134.708343506
-0.997483790 0.065509357 -0.027101327 -14.859317780 0.064837404 0.997583270 0.024972141 2.006103039 0.028671740 0.023152124 -0.999320745 -135.819931030
-0.997555494 0.064455375 -0.026991228 -14.886360168 0.063749030 0.997620404 0.026260640 2.014509201 0.028619638 0.024475779 -0.999290705 -136.905105591
-0.997560322 0.064193465 -0.027433667 -14.909376144 0.063405424 0.997575343 0.028690521 2.019023180 0.029208891 0.026881082 -0.999211788 -137.965728760
-0.997520208 0.064187951 -0.028867567 -14.934619904 0.063370585 0.997586131 0.028390903 2.024632692 0.030620236 0.026491145 -0.999179959 -138.997756958
-0.997573137 0.062353794 -0.030984366 -14.956460953 0.061523762 0.997738779 0.027057579 2.034897327 0.032601453 0.025085637 -0.999153554 -140.017913818
-0.997545958 0.062186208 -0.032173626 -14.986901283 0.061321050 0.997747064 0.027213311 2.037069798 0.033793435 0.025173604 -0.999111712 -140.996948242
-0.997452497 0.062934428 -0.033582430 -15.013837814 0.062004395 0.997681499 0.028053088 2.036931992 0.035270076 0.025899364 -0.999042153 -141.983932495
-0.997335196 0.064507216 -0.034077611 -15.046634674 0.063555472 0.997576714 0.028311271 2.041076660 0.035821311 0.026070012 -0.999018073 -142.918289185
-0.997309685 0.065278091 -0.033349060 -15.085821152 0.064344384 0.997525156 0.028344471 2.045677662 0.035116799 0.026122391 -0.999041736 -143.860824585
-0.997205019 0.067853563 -0.031273697 -15.109062195 0.066996641 0.997369170 0.027680524 2.042249680 0.033069640 0.025507925 -0.999127507 -144.725097656
-0.997158825 0.071011946 -0.025130263 -15.135212898 0.070351407 0.997176707 0.026259605 2.048551798 0.026924053 0.024417052 -0.999339223 -145.579452515
-0.997075856 0.075314872 -0.012946438 -15.154099464 0.074972399 0.996867955 0.025167622 2.047622442 0.014801388 0.024123400 -0.999599397 -146.394012451
-0.996881306 0.078756161 0.005011739 -15.145778656 0.078854240 0.996598303 0.023955507 2.048501492 -0.003108047 0.024275994 -0.999700487 -147.171142578
-0.996469140 0.079280958 0.027637221 -15.116067886 0.079943396 0.996516466 0.023748560 2.047566891 -0.025658138 0.025874121 -0.999335885 -147.926254272
-0.995468974 0.078538336 0.053602468 -15.066023827 0.080006808 0.996459842 0.025819708 2.041388512 -0.051384870 0.029991280 -0.998228490 -148.643859863
-0.993663609 0.076518580 0.082324900 -14.994463921 0.079039276 0.996483684 0.027803861 2.043544531 -0.079907894 0.034134582 -0.996217728 -149.339141846
-0.990669310 0.075673304 0.113348477 -14.898542404 0.079168193 0.996505022 0.026649438 2.038706541 -0.110935695 0.035374377 -0.993197799 -149.996673584
-0.985814095 0.076577641 0.149352819 -14.791635513 0.080821194 0.996473610 0.022544518 2.031360388 -0.147099704 0.034295585 -0.988526881 -150.624313354
-0.978727520 0.078023657 0.189749196 -14.654445648 0.082724914 0.996427834 0.016970787 2.027802944 -0.187747270 0.032306761 -0.981685936 -151.215179443
-0.969155610 0.078547418 0.233597040 -14.493972778 0.083610661 0.996428192 0.011836139 2.022385597 -0.231832966 0.031002266 -0.972261429 -151.776260376
-0.956581235 0.077840090 0.280879438 -14.312549591 0.083529502 0.996470571 0.008321713 2.017545938 -0.279240251 0.031422116 -0.959706962 -152.315841675
-0.940415621 0.078197978 0.330913275 -14.110076904 0.084764026 0.996386170 0.005433490 1.997580767 -0.329292506 0.033159278 -0.943645537 -152.803970337
-0.919881284 0.078888811 0.384181023 -13.877738953 0.086098418 0.996285379 0.001573588 1.982344389 -0.382629752 0.034524892 -0.923256457 -153.283889771
-0.895389199 0.077288941 0.438525707 -13.616832733 0.084830567 0.996392488 -0.002402975 1.963520288 -0.437129498 0.035048787 -0.898715436 -153.722198486
-0.866599441 0.075940922 0.493191987 -13.326820374 0.084032416 0.996446371 -0.005775832 1.945521832 -0.491877973 0.036438789 -0.869901240 -154.144836426
-0.833030701 0.074046612 0.548248947 -13.029563904 0.082670882 0.996536434 -0.008979070 1.931090474 -0.547014952 0.037844386 -0.836266994 -154.535079956
-0.794913411 0.072742485 0.602346361 -12.694076538 0.081858620 0.996567786 -0.012322316 1.909158826 -0.601175427 0.039512072 -0.798139632 -154.918823242
-0.751971662 0.070615470 0.655402124 -12.340637207 0.080320343 0.996652782 -0.015228018 1.884978533 -0.654283643 0.041191090 -0.755126595 -155.265777588
-0.703377903 0.067805238 0.707574725 -11.968879700 0.078540251 0.996758342 -0.017442625 1.867031217 -0.706463695 0.043304343 -0.706423223 -155.584106445
-0.650234580 0.063785806 0.757051229 -11.587852478 0.075664669 0.996952116 -0.019010097 1.844717264 -0.755956233 0.044921011 -0.653078914 -155.862152100
-0.594479084 0.057725623 0.802036464 -11.197166443 0.069719717 0.997363985 -0.020106986 1.821705341 -0.801082730 0.043964572 -0.596936762 -156.104034424
-0.536321282 0.053314716 0.842328250 -10.790237427 0.064442389 0.997676313 -0.022116084 1.797034383 -0.841550052 0.042420316 -0.538510799 -156.314392090
-0.475718975 0.049921330 0.878179610 -10.363731384 0.059731953 0.997916877 -0.024370557 1.765810966 -0.877566814 0.040861841 -0.477709889 -156.498306274
-0.412861675 0.048984375 0.909475565 -9.887691498 0.057719640 0.997952640 -0.027547596 1.746297717 -0.908962965 0.041121252 -0.414843768 -156.652145386
-0.348773301 0.048789296 0.935936332 -9.488780975 0.056447186 0.997924685 -0.030985836 1.719026089 -0.935505688 0.042023938 -0.350803494 -156.764266968
-0.284332633 0.049648840 0.957439303 -9.042671204 0.053477772 0.997924685 -0.035866845 1.692660570 -0.957233012 0.041003603 -0.286397755 -156.819778442
-0.216980487 0.049804322 0.974904656 -8.559129715 0.049462009 0.997975767 -0.039974384 1.672313690 -0.974922001 0.039547082 -0.219004691 -156.867034912
-0.148293823 0.046041101 0.987871051 -8.065464973 0.043409057 0.998255968 -0.040008776 1.647654295 -0.987990201 0.036949497 -0.150033802 -156.890258789
-0.077598371 0.038154505 0.996254385 -7.609454155 0.041039318 0.998542726 -0.035045590 1.624349475 -0.996139646 0.038166124 -0.079051159 -156.894042969
-0.006336123 0.027374977 0.999605119 -7.161483288 0.039649501 0.998845994 -0.027102865 1.596739769 -0.999193490 0.039462123 -0.007414222 -156.872558594
0.065706015 0.014922958 0.997727454 -6.706697464 0.037312016 0.999152124 -0.017401475 1.571900964 -0.997141182 0.038370609 0.065093473 -156.828613281
0.137930259 0.003616786 0.990435362 -6.164896011 0.034420274 0.999371707 -0.008442863 1.554218769 -0.989843667 0.035255577 0.137719080 -156.726119995
0.209152400 -0.005313321 0.977868617 -5.701711655 0.030382350 0.999537766 -0.001067298 1.532149196 -0.977410913 0.029933168 0.209217161 -156.582046509
0.280018270 -0.009580294 0.959946871 -5.242950439 0.029842187 0.999553800 0.001270558 1.524005175 -0.959530771 0.028291134 0.280179203 -156.406478882
0.350701839 -0.012606194 0.936402321 -4.753974915 0.029910436 0.999549985 0.002254240 1.517956376 -0.936009467 0.027217630 0.350921065 -156.202194214
0.416870356 -0.018401600 0.908779621 -4.314296722 0.031500429 0.999486983 0.005788602 1.509537339 -0.908419967 0.026213847 0.417236179 -155.942260742
0.481175631 -0.023498517 0.876309216 -3.855377197 0.032069527 0.999443352 0.009191220 1.524141908 -0.876037419 0.023680218 0.481661409 -155.642761230
0.543623686 -0.028174428 0.838855982 -3.397521973 0.032526419 0.999392867 0.012487475 1.523597836 -0.838698626 0.020496491 0.544210076 -155.306884766
0.601978540 -0.029560439 0.797964990 -2.972839355 0.031568889 0.999414325 0.013207763 1.521345615 -0.797887981 0.017240079 0.602559090 -154.938415527
0.655774236 -0.029057421 0.754397631 -2.561882019 0.030791985 0.999457002 0.011729963 1.513269901 -0.754328847 0.015537194 0.656312943 -154.530548096
0.704479098 -0.028322287 0.709159493 -2.204521179 0.032282490 0.999447882 0.007846364 1.507798672 -0.708990157 0.017365834 0.705004573 -154.108917236
0.750220656 -0.027585840 0.660611808 -1.809043884 0.034151115 0.999412298 0.002949941 1.519337058 -0.660304964 0.020347545 0.750721872 -153.656082153
0.791100562 -0.028440736 0.611024499 -1.446990967 0.035146680 0.999381602 0.001012375 1.521622419 -0.610675573 0.020674590 0.791611075 -153.143447876
0.828517258 -0.029130749 0.559205234 -1.103370667 0.034051239 0.999418795 0.001612591 1.526347041 -0.558927119 0.017705575 0.829027772 -152.577438354
0.863310277 -0.030641353 0.503742337 -0.799674988 0.032993615 0.999446452 0.004249513 1.499934673 -0.503593683 0.012951638 0.863843501 -151.993515015
0.894936383 -0.033574041 0.444928795 -0.537719727 0.035096712 0.999372303 0.004817938 1.490735292 -0.444811255 0.011303790 0.895552993 -151.426406860
0.921501219 -0.033082079 0.386963874 -0.310707092 0.033659182 0.999419391 0.005287020 1.484526396 -0.386914074 0.008152904 0.922079742 -150.789230347
0.942696691 -0.032051176 0.332107782 -0.115360260 0.032040857 0.999471366 0.005508495 1.477385998 -0.332108796 0.005448182 0.943225324 -150.124923706
0.959281385 -0.027325476 0.281127691 0.064838409 0.027383253 0.999617994 0.003723549 1.470102668 -0.281122148 0.004126266 0.959663093 -149.461441040
0.971610665 -0.021429369 0.235613436 0.204265594 0.021699766 0.999763489 0.001445523 1.464840293 -0.235588655 0.003708268 0.971845865 -148.736907959
0.980464995 -0.016497754 0.196000427 0.317930222 0.016789481 0.999859095 0.000173117 1.463911414 -0.195975676 0.003121014 0.980603814 -147.988906860
0.987018228 -0.016756572 0.159731567 0.434101105 0.016800024 0.999858201 0.001078431 1.459301949 -0.159726962 0.001619057 0.987159848 -147.229217529
0.991890728 -0.016934821 0.125960976 0.522258759 0.016802216 0.999856532 0.002115259 1.454307318 -0.125978723 0.000018314 0.992032945 -146.432174683
0.995272875 -0.016142558 0.095767640 0.589353561 0.015928742 0.999868572 0.002996770 1.451050520 -0.095803425 -0.001457144 0.995399237 -145.605102539
0.997455359 -0.012637425 0.070164464 0.619629860 0.012478601 0.999918580 0.002701259 1.442081213 -0.070192881 -0.001818830 0.997531772 -144.754028320
0.998785019 -0.007879630 0.048644342 0.639380455 0.007800577 0.999967933 0.001814746 1.437161207 -0.048657063 -0.001433086 0.998814523 -143.874557495
0.999456823 -0.002932969 0.032821991 0.656160355 0.002917150 0.999995589 0.000529761 1.434573650 -0.032823395 -0.000433727 0.999461055 -142.990966797
0.999718964 0.001777809 0.023639923 0.659218788 -0.001764080 0.999998271 -0.000601541 1.426894426 -0.023640951 0.000559669 0.999720275 -142.080535889
0.999790490 0.005511994 0.019711742 0.664588690 -0.005497401 0.999984562 -0.000794500 1.423190236 -0.019715816 0.000685966 0.999805510 -141.140426636
0.999819636 0.005372638 0.018214129 0.680571556 -0.005369662 0.999985576 -0.000212274 1.418178797 -0.018215006 0.000114433 0.999834120 -140.179199219
0.999837160 0.004838460 0.017380824 0.692859411 -0.004859671 0.999987423 0.001178427 1.410753250 -0.017374907 -0.001262693 0.999848187 -139.207595825
0.999869406 0.004180113 0.015608587 0.707146645 -0.004216004 0.999988556 0.002266971 1.402669787 -0.015598935 -0.002332479 0.999875546 -138.216262817
0.999895811 0.002650425 0.014186731 0.710895181 -0.002673140 0.999995112 0.001582346 1.398099065 -0.014182467 -0.001620111 0.999898136 -137.191452026
0.999925256 0.003202994 0.011802487 0.720581889 -0.003214532 0.999994397 0.000958800 1.395356536 -0.011799350 -0.000996665 0.999929845 -136.158416748
0.999944031 0.003016365 0.010137286 0.724248409 -0.003039020 0.999992847 0.002220092 1.388988733 -0.010130519 -0.002250777 0.999946117 -135.099990845
0.999961376 0.003132568 0.008225800 0.727948666 -0.003172078 0.999983490 0.004794271 1.381703734 -0.008210648 -0.004820163 0.999954700 -134.033523560
0.999981344 0.001817774 0.005824909 0.734283626 -0.001849046 0.999983907 0.005368183 1.379683018 -0.005815057 -0.005378853 0.999968648 -132.944534302
0.999989271 0.001217139 0.004467908 0.734170794 -0.001236101 0.999990225 0.004240205 1.369540215 -0.004462704 -0.004245682 0.999981046 -131.831176758
0.999994099 -0.000087134 0.003441404 0.724988937 0.000076564 0.999995232 0.003070199 1.359519839 -0.003441655 -0.003069926 0.999989390 -130.714904785
0.999997914 -0.000038097 0.002052419 0.733168364 0.000032323 0.999996066 0.002811485 1.358903408 -0.002052518 -0.002811405 0.999993861 -129.545455933
0.999998808 0.000925406 0.001246259 0.731336415 -0.000928337 0.999996901 0.002354619 1.353456855 -0.001244074 -0.002355767 0.999996364 -128.376632690
0.999998569 0.001260723 0.001126884 0.727378488 -0.001262038 0.999998510 0.001167453 1.343955636 -0.001125411 -0.001168874 0.999998629 -127.176742554
0.999998569 0.001111370 0.001278306 0.720833898 -0.001112226 0.999999106 0.000669370 1.334239006 -0.001277563 -0.000670787 0.999998987 -125.979736328
0.999996543 0.001705801 0.002005416 0.719610929 -0.001709042 0.999997199 0.001613558 1.317301273 -0.002002660 -0.001616979 0.999996603 -124.763397217
0.999994516 0.001802109 0.002780849 0.718392432 -0.001807599 0.999996364 0.001974680 1.307713747 -0.002777281 -0.001979695 0.999994159 -123.531745911
0.999986351 0.002509719 0.004583901 0.715106130 -0.002510326 0.999996841 0.000125975 1.294955850 -0.004583573 -0.000137481 0.999989450 -122.286811829
0.999976218 0.002729686 0.006340173 0.713962138 -0.002708118 0.999990404 -0.003408507 1.281773329 -0.006349418 0.003391256 0.999974072 -121.029655457
0.999963641 0.001840823 0.008329459 0.720970869 -0.001791141 0.999980569 -0.005967850 1.269664168 -0.008340283 0.005952713 0.999947488 -119.762283325
0.999959290 -0.000226677 0.009020902 0.736055851 0.000287108 0.999977529 -0.006698402 1.250195622 -0.009019183 0.006700720 0.999936819 -118.492164612
0.999958932 -0.000671029 0.009035380 0.740243793 0.000720083 0.999984980 -0.005427752 1.230152607 -0.009031603 0.005434035 0.999944389 -117.178703308
0.999966145 -0.001641645 0.008064675 0.747658134 0.001688304 0.999981880 -0.005782463 1.209900618 -0.008055037 0.005795882 0.999950767 -115.841400146
0.999978900 -0.001019352 0.006407331 0.746774793 0.001070826 0.999967158 -0.008035578 1.184111953 -0.006398929 0.008042268 0.999947190 -114.499374390
0.999986708 -0.002136704 0.004698162 0.741961837 0.002182693 0.999949515 -0.009806171 1.158075929 -0.004676970 0.009816295 0.999940872 -113.174911499
0.999997914 -0.001954548 0.000682901 0.750945568 0.001960803 0.999954939 -0.009287901 1.138528585 -0.000664716 0.009289222 0.999956667 -111.802093506
0.999996424 -0.002570441 -0.000884619 0.734978199 0.002564130 0.999971747 -0.007066467 1.112347841 0.000902758 0.007064176 0.999974668 -110.453987122
0.999997079 -0.001387255 -0.001975916 0.718447149 0.001372796 0.999972463 -0.007300769 1.081295609 0.001985989 0.007298036 0.999971449 -109.070755005
0.999991477 -0.002335447 -0.003400731 0.711229563 0.002307896 0.999964654 -0.008083827 1.063735485 0.003419487 0.008075909 0.999961555 -107.671012878
0.999983191 -0.003263029 -0.004793312 0.698832810 0.003217987 0.999950886 -0.009375306 1.038627386 0.004823667 0.009359723 0.999944568 -106.264503479
0.999978364 -0.003156791 -0.005767559 0.690820575 0.003095818 0.999939501 -0.010550207 1.012735963 0.005800519 0.010532127 0.999927700 -104.838592529
0.999975681 -0.001612281 -0.006779879 0.673697054 0.001543273 0.999947071 -0.010170561 0.982569933 0.006795919 0.010159848 0.999925315 -103.391937256
0.999975562 -0.002146498 -0.006673463 0.651376128 0.002086831 0.999957919 -0.008935315 0.945749700 0.006692366 0.008921172 0.999937832 -101.928749084
0.999982178 -0.000205553 -0.005972925 0.629811347 0.000168223 0.999980450 -0.006250617 0.929076552 0.005974093 0.006249500 0.999962687 -100.440437317
0.999983788 -0.000114378 -0.005692956 0.612955987 0.000088286 0.999989510 -0.004581755 0.901622415 0.005693420 0.004581174 0.999973297 -98.945137024
0.999983609 -0.000915530 -0.005638471 0.600208044 0.000907023 0.999998510 -0.001510885 0.881167591 0.005639844 0.001505743 0.999983013 -97.444831848
0.999989331 -0.000398509 -0.004607397 0.579962194 0.000419058 0.999989867 0.004462558 0.863835216 0.004605572 -0.004464434 0.999979436 -95.931053162
0.999990582 0.000138873 -0.004333914 0.569510102 -0.000097545 0.999954462 0.009535338 0.856841683 0.004335043 -0.009534818 0.999945164 -94.418441772
0.999988258 0.001566200 -0.004579520 0.554988742 -0.001506730 0.999914885 0.012961543 0.842868090 0.004599431 -0.012954491 0.999905527 -92.883972168
0.999984622 0.002924512 -0.004701415 0.538998365 -0.002854903 0.999887228 0.014744911 0.836498380 0.004744008 -0.014731261 0.999880254 -91.381553650
0.999986172 0.002409463 -0.004674463 0.525134265 -0.002337639 0.999880075 0.015310965 0.831169128 0.004710790 -0.015299825 0.999871850 -89.859458923
0.999986351 0.002132879 -0.004773709 0.512112081 -0.002068812 0.999908328 0.013386069 0.825842142 0.004801819 -0.013376007 0.999899030 -88.360000610
0.999989331 0.001459551 -0.004379287 0.500897288 -0.001411196 0.999938250 0.011023855 0.819733560 0.004395107 -0.011017567 0.999929607 -86.853096008
0.999994755 0.000501828 -0.003243287 0.483380169 -0.000465658 0.999937713 0.011144871 0.806814849 0.003248678 -0.011143299 0.999932647 -85.346191406
0.999997199 0.000755730 -0.002246537 0.474824250 -0.000726033 0.999912679 0.013192654 0.802641869 0.002256313 -0.013190992 0.999910474 -83.833236694
0.999998510 -0.000799490 -0.001487408 0.464888752 0.000818813 0.999914706 0.013033209 0.792873859 0.001476862 -0.013034417 0.999913871 -82.325256348
0.999999523 -0.000341320 -0.000851914 0.456146777 0.000350979 0.999935389 0.011365706 0.787640989 0.000847980 -0.011366005 0.999935031 -80.820976257
0.999999046 -0.001380409 -0.000207571 0.449073046 0.001382738 0.999930739 0.011685464 0.778655767 0.000191426 -0.011685739 0.999931693 -79.315986633
0.999997675 -0.002091855 0.000364353 0.442926764 0.002086799 0.999908209 0.013382582 0.769232631 -0.000392310 -0.013381790 0.999910355 -77.818580627
0.999996603 -0.002463792 0.000782431 0.441986978 0.002451384 0.999877274 0.015481699 0.764047980 -0.000820480 -0.015479731 0.999879837 -76.309898376
0.999994874 -0.003085057 0.000869324 0.434123367 0.003069686 0.999848008 0.017161520 0.755900025 -0.000922138 -0.017158763 0.999852359 -74.810386658
0.999994874 -0.003154282 0.000384275 0.430143237 0.003147770 0.999868095 0.015934270 0.752060771 -0.000434485 -0.015932966 0.999872923 -73.308212280
0.999994040 -0.003380191 -0.000704422 0.431293517 0.003388234 0.999925256 0.011748051 0.743740141 0.000664658 -0.011750365 0.999930739 -71.826698303
0.999999702 0.000350950 -0.000699366 0.406756014 -0.000344262 0.999954343 0.009541828 0.738345146 0.000702683 -0.009541583 0.999954224 -70.312171936
0.999998689 0.001167852 -0.001089053 0.395057738 -0.001155804 0.999938846 0.010997855 0.727534652 0.001101832 -0.010996584 0.999938905 -68.812728882
0.999996245 0.002336556 -0.001443340 0.384337783 -0.002318960 0.999924362 0.012076637 0.712115169 0.001471449 -0.012073237 0.999926031 -67.324913025
0.999997735 -0.000455767 -0.002093099 0.379997909 0.000475942 0.999953389 0.009649476 0.706055999 0.002088604 -0.009650441 0.999951243 -65.837448120
0.999995589 -0.001174331 -0.002735320 0.373364031 0.001205273 0.999935031 0.011337228 0.689618051 0.002721831 -0.011340474 0.999932110 -64.357528687
0.999987483 -0.003139334 -0.003898465 0.373313367 0.003191978 0.999902785 0.013571537 0.678769827 0.003855482 -0.013583809 0.999900401 -62.871803284
0.999984026 -0.003649982 -0.004322496 0.349202842 0.003700521 0.999924183 0.011744390 0.677478433 0.004279298 -0.011760198 0.999921679 -61.381370544
0.999974072 -0.004060005 -0.005954909 0.335297704 0.004109254 0.999957204 0.008281863 0.670277476 0.005921033 -0.008306118 0.999947906 -59.897178650
0.999962628 -0.004829431 -0.007164693 0.324700117 0.004894374 0.999946833 0.009073608 0.652627826 0.007120494 -0.009108336 0.999933183 -58.429439545
0.999953508 -0.004546263 -0.008514026 0.303954244 0.004665106 0.999891162 0.013991029 0.643767893 0.008449492 -0.014030093 0.999865890 -56.934143066
0.999939442 -0.005023913 -0.009784282 0.290581584 0.005158415 0.999891877 0.013769865 0.638472736 0.009714048 -0.013819504 0.999857306 -55.469116211
0.999933958 -0.003946492 -0.010794989 0.267399639 0.004086443 0.999907494 0.012972890 0.631876767 0.010742792 -0.013016146 0.999857545 -54.011375427
0.999936759 -0.003347011 -0.010736810 0.239579052 0.003482464 0.999914289 0.012622795 0.623882413 0.010693637 -0.012659388 0.999862671 -52.521900177
0.999936819 -0.002386536 -0.010988149 0.216022938 0.002523411 0.999919236 0.012459866 0.618816614 0.010957524 -0.012486803 0.999861956 -51.064685822
0.999939144 -0.001604521 -0.010907178 0.189512819 0.001735142 0.999926746 0.011976895 0.605882287 0.010887162 -0.011995101 0.999868751 -49.589969635
0.999938011 -0.001725263 -0.010999870 0.170293182 0.001850351 0.999933660 0.011372064 0.597321928 0.010979522 -0.011391717 0.999874890 -48.115924835
0.999936581 -0.003663143 -0.010651318 0.148739427 0.003790381 0.999921381 0.011950025 0.574928463 0.010606707 -0.011989632 0.999871850 -46.672218323
0.999936640 -0.004503237 -0.010313856 0.130310208 0.004625770 0.999918640 0.011887815 0.564871490 0.010259482 -0.011934767 0.999876201 -45.220062256
0.999934375 -0.006353698 -0.009529078 0.110033572 0.006469253 0.999905229 0.012145646 0.552776158 0.009451012 -0.012206495 0.999880850 -43.765373230
0.999940157 -0.006794535 -0.008574848 0.088586420 0.006910255 0.999884427 0.013538598 0.545777261 0.008481872 -0.013597043 0.999871671 -42.315799713
0.999944746 -0.006900798 -0.007933300 0.074638650 0.007008764 0.999882102 0.013663205 0.533844829 0.007838074 -0.013718053 0.999875188 -40.869655609
0.999957025 -0.005863473 -0.007173114 0.059942126 0.005950307 0.999908566 0.012144907 0.529272199 0.007101247 -0.012187062 0.999900460 -39.419231415
0.999963224 -0.005641961 -0.006459087 0.045599952 0.005707649 0.999931812 0.010197010 0.517782331 0.006401115 -0.010233494 0.999927104 -37.985836029
0.999977946 -0.003941201 -0.005372792 0.029250652 0.003994065 0.999943376 0.009864867 0.508931637 0.005333613 -0.009886107 0.999936879 -36.530853271
0.999987423 -0.002474923 -0.004360748 0.011089519 0.002527342 0.999924064 0.012055433 0.499349177 0.004330580 -0.012066294 0.999917805 -35.095123291
0.999992609 -0.001429276 -0.003570277 0.001129612 0.001477258 0.999908149 0.013471910 0.490669459 0.003550695 -0.013477084 0.999902904 -33.652488708
0.999996543 -0.000787485 -0.002480474 -0.007974520 0.000820649 0.999909937 0.013395196 0.482425272 0.002469705 -0.013397194 0.999907196 -32.213958740
0.999999046 -0.000553133 -0.001302851 -0.018499568 0.000568220 0.999932468 0.011608807 0.475657195 0.001296344 -0.011609537 0.999931812 -30.788700104
0.999998093 -0.001944854 -0.000037344 -0.020812258 0.001945125 0.999953449 0.009451183 0.459660977 0.000018959 -0.009451231 0.999955356 -29.360357285
0.999997735 -0.001639072 0.001368192 -0.028430015 0.001624364 0.999941647 0.010683492 0.452013791 -0.001385624 -0.010681246 0.999942005 -27.929300308
0.999995291 -0.001290184 0.002789994 -0.028112974 0.001256927 0.999928534 0.011889642 0.440535098 -0.002805133 -0.011886081 0.999925375 -26.502563477
