1.000000000 0.000000000 0.000000000 0.000000000 0.000000000 1.000000000 0.000000000 0.000000000 0.000000000 0.000000000 1.000000000 0.000000000
0.999978900 0.000356236 -0.006483169 -0.008000228 -0.000353460 0.999999821 0.000429214 -0.002480439 0.006483321 -0.000426913 0.999978900 0.092252955
0.999907255 0.000960031 -0.013585044 -0.016397607 -0.000957810 0.999999523 0.000169982 -0.001948434 0.013585201 -0.000156955 0.999907732 0.188530385
0.999772370 0.001380876 -0.021289522 -0.026048273 -0.001393164 0.999998868 -0.000562372 -0.002117252 0.021288723 0.000591904 0.999773204 0.285408825
0.999541819 0.001714490 -0.030220341 -0.042988051 -0.001775142 0.999996483 -0.001980274 -0.001936536 0.030216839 0.002033012 0.999541283 0.390568376
0.999125302 0.001928875 -0.041772392 -0.058933958 -0.002074002 0.999991953 -0.003431175 -0.004862534 0.041765437 0.003514810 0.999121249 0.501263559
0.998479605 0.001741860 -0.055094421 -0.084377460 -0.001967971 0.999989867 -0.004050076 -0.007822992 0.055086806 0.004152343 0.998472929 0.626058102
0.997428060 0.001850753 -0.071650878 -0.108766526 -0.002173867 0.999987841 -0.004431845 -0.004110541 0.071641803 0.004576206 0.997419953 0.761232615
0.995905936 0.000209304 -0.090395287 -0.134858072 -0.000588854 0.999991119 -0.004172134 -0.009354929 0.090393610 0.004208283 0.995897233 0.916837811
0.993913949 -0.000756466 -0.110156439 -0.176273122 0.000277342 0.999990463 -0.004364742 -0.012670431 0.110158689 0.004307628 0.993904650 1.075368762
0.991226077 -0.000944690 -0.132174000 -0.217882514 0.000339271 0.999989331 -0.004602917 -0.014468948 0.132176980 0.004517689 0.991215765 1.224846840
0.987710893 0.002678887 -0.156268805 -0.273336917 -0.003642533 0.999976099 -0.005880550 -0.019277107 0.156249300 0.006377497 0.987697065 1.394446969
0.983331203 0.007059534 -0.181686163 -0.340133399 -0.008521852 0.999937296 -0.007269192 -0.026101563 0.181623444 0.008696326 0.983329713 1.569036126
0.977935493 0.009963960 -0.208669424 -0.412714928 -0.011983952 0.999892890 -0.008418286 -0.028602153 0.208563179 0.010733226 0.977950037 1.749895930
0.971247315 0.010711628 -0.237831831 -0.492326975 -0.013152145 0.999875903 -0.008677088 -0.030184517 0.237709343 0.011555595 0.971267521 1.936099291
0.963179529 0.012415368 -0.268572271 -0.580010653 -0.015177282 0.999851227 -0.008209802 -0.033772446 0.268430293 0.011983709 0.963224590 2.130562782
0.953761935 0.014539053 -0.300211161 -0.676932216 -0.017476846 0.999822140 -0.007102612 -0.036587082 0.300054491 0.012020946 0.953846335 2.315020800
0.942475736 0.016342826 -0.333874702 -0.776899397 -0.019479319 0.999791980 -0.006048243 -0.036660254 0.333706409 0.012203971 0.942598045 2.506164074
0.929918170 0.018498816 -0.367300928 -0.878470421 -0.022005655 0.999743462 -0.005361790 -0.041845556 0.367107540 0.013068724 0.930086732 2.683672428
0.916072726 0.021240506 -0.400449216 -0.999802291 -0.025259016 0.999669611 -0.004758674 -0.041663229 0.400215834 0.014474244 0.916306615 2.863374472
0.900020003 0.022019438 -0.435292035 -1.115108490 -0.026429972 0.999642372 -0.004079884 -0.043405153 0.435046494 0.015176732 0.900280058 3.036940098
0.881647170 0.018019686 -0.471564889 -1.240299106 -0.022794476 0.999730468 -0.004414785 -0.047427185 0.471358299 0.014641360 0.881820202 3.213318586
0.860370457 0.013275702 -0.509496272 -1.369981050 -0.018248713 0.999822140 -0.004764142 -0.050923578 0.509342432 0.013396578 0.860459685 3.382894993
0.835311949 0.014819776 -0.549576461 -1.530848503 -0.018802244 0.999821901 -0.001616885 -0.054131299 0.549454749 0.011683874 0.835441828 3.563208818
0.806086779 0.020567937 -0.591439903 -1.706704617 -0.023571972 0.999718666 0.002639487 -0.062503830 0.591327786 0.011813747 0.806344807 3.727061272
0.773649752 0.023666967 -0.633171380 -1.911854744 -0.026959136 0.999626815 0.004424088 -0.064503409 0.633039832 0.013647057 0.773999035 3.901672840
0.737681746 0.023060389 -0.674754620 -2.118753910 -0.026278017 0.999639928 0.005434971 -0.068882644 0.674637020 0.013721936 0.738022029 4.065297604
0.697584808 0.018698731 -0.716258228 -2.336187601 -0.020215571 0.999775052 0.006411728 -0.066558927 0.716217041 0.010006848 0.697805882 4.234210014
0.654686272 0.015025118 -0.755751371 -2.574925900 -0.014840940 0.999865234 0.007022063 -0.064690605 0.755755007 0.006618815 0.654821098 4.397130489
0.610562742 0.014282539 -0.791839123 -2.834861755 -0.011873510 0.999890029 0.008879890 -0.063293412 0.791878879 0.003980180 0.610665202 4.534749031
0.562053502 0.014896184 -0.826966643 -3.113867760 -0.009370981 0.999888301 0.011641976 -0.060710635 0.827047825 0.001206074 0.562130451 4.677341461
0.511070013 0.015577167 -0.859397829 -3.409055710 -0.007649351 0.999878645 0.013574528 -0.056880072 0.859505057 -0.000363698 0.511127174 4.799902916
0.458720803 0.016912470 -0.888419449 -3.711898088 -0.007165772 0.999856770 0.015333924 -0.049685456 0.888551533 -0.000667779 0.458776355 4.897586823
0.404047340 0.019113392 -0.914538324 -4.045555115 -0.005785584 0.999815106 0.018339533 -0.047532164 0.914719760 -0.002118901 0.404083252 4.994674683
0.348316699 0.020996541 -0.937141776 -4.398122311 -0.005443661 0.999777496 0.020376591 -0.039863102 0.937361121 -0.001996025 0.348353505 5.082240105
0.293054700 0.024262149 -0.955787838 -4.777714729 -0.002947922 0.999696136 0.024472877 -0.034953013 0.956091166 -0.004354302 0.293037176 5.153892517
0.239378110 0.025901737 -0.970580876 -5.130443573 0.001641944 0.999631882 0.027081979 -0.035814136 0.970925033 -0.008076472 0.239247456 5.213540077
0.188473076 0.026290162 -0.981726348 -5.520609379 0.003868417 0.999613941 0.027511846 -0.029553846 0.982070744 -0.008982969 0.188298583 5.248064518
0.140890911 0.027315883 -0.989648223 -5.930886269 0.001213722 0.999613762 0.027763739 -0.022318885 0.990024447 -0.005112816 0.140803337 5.267383099
0.098476604 0.027710015 -0.994753540 -6.352558613 -0.000947320 0.999614418 0.027751641 -0.012915447 0.995139003 -0.001790537 0.098464891 5.266049862
0.060615927 0.026142100 -0.997818887 -6.795141220 -0.000546048 0.999657691 0.026157111 -0.005139396 0.998161018 -0.001040681 0.060609452 5.265241623
0.026234861 0.023282219 -0.999384582 -7.255172253 -0.000042391 0.999728799 0.023289124 0.004466951 0.999655783 -0.000568623 0.026228730 5.249203205
-0.004859407 0.020597734 -0.999776006 -7.726042747 0.000019215 0.999787867 0.020597883 0.009537682 0.999988198 0.000080882 -0.004858773 5.217710018
-0.031952742 0.019007284 -0.999308646 -8.221236229 0.000611985 0.999819338 0.018997429 0.012910515 0.999489188 -0.000004542 -0.031958602 5.189478874
-0.052584209 0.016506592 -0.998480082 -8.730606079 -0.000145639 0.999863148 0.016537130 0.023998924 0.998616517 0.001015010 -0.052574612 5.141251087
-0.068872944 0.015576266 -0.997503877 -9.248688698 0.000006605 0.999878049 0.015612883 0.035620280 0.997625470 0.001068717 -0.068864658 5.091127872
-0.081896603 0.015998548 -0.996512353 -9.786524773 0.000936953 0.999871969 0.015975475 0.042139620 0.996640384 0.000374652 -0.081901096 5.038199902
-0.091403432 0.017189618 -0.995665491 -10.337436676 0.000767407 0.999851942 0.017191444 0.047720969 0.995813668 0.000807276 -0.091403089 4.977315426
-0.098356940 0.018644562 -0.994976461 -10.909526825 -0.001731092 0.999819815 0.018906441 0.044851348 0.995149732 0.003581975 -0.098306939 4.912387848
-0.102749765 0.019638754 -0.994513333 -11.504956245 -0.001491150 0.999800920 0.019897228 0.050694332 0.994706035 0.003527405 -0.102700032 4.845035076
-0.104093738 0.020256935 -0.994361162 -12.111779213 0.000294624 0.999793172 0.020336751 0.062385634 0.994567335 0.001823966 -0.104078174 4.778409958
-0.102886133 0.022463558 -0.994439423 -12.726758957 0.002305090 0.999747694 0.022344973 0.069608241 0.994690418 0.000006716 -0.102911934 4.712995052
-0.101353936 0.025048513 -0.994535029 -13.371938705 0.001897736 0.999686062 0.024984844 0.072855458 0.994848609 0.000644948 -0.101369627 4.642313957
-0.099810064 0.024915723 -0.994694531 -14.030836105 0.000299568 0.999687076 0.025010724 0.081800222 0.995006442 0.002198343 -0.099786304 4.573591232
-0.098198511 0.022483308 -0.994912863 -14.697343826 -0.001428709 0.999740481 0.022733420 0.090660438 0.995165765 0.003653829 -0.098140910 4.505772114
-0.097045295 0.022194631 -0.995032549 -15.378516197 -0.001322860 0.999747515 0.022428822 0.106611252 0.995279074 0.003492900 -0.096991435 4.438890457
-0.095237851 0.024892528 -0.995143235 -16.081798553 -0.001920876 0.999680936 0.025189862 0.115694612 0.995452583 0.004310576 -0.095159657 4.367419243
-0.093411602 0.028641729 -0.995215535 -16.794643402 -0.002744012 0.999574900 0.029024744 0.122342020 0.995623767 0.005442131 -0.093293302 4.298740387
-0.091772258 0.030612355 -0.995309353 -17.525434494 -0.002914198 0.999514759 0.031010401 0.133762091 0.995775759 0.005746423 -0.091638520 4.228577137
-0.089849368 0.029970590 -0.995504379 -18.268074036 -0.005017718 0.999520659 0.030544385 0.146474898 0.995942771 0.007739553 -0.089655928 4.151614666
-0.088112906 0.026527897 -0.995757163 -19.021917343 -0.007656291 0.999597669 0.027307706 0.165627062 0.996081114 0.010029968 -0.087874345 4.073840141
-0.086772829 0.026083939 -0.995886505 -19.796764374 -0.008211927 0.999604464 0.026896831 0.178092003 0.996194303 0.010512061 -0.086524315 4.012971878
-0.085318275 0.028324554 -0.995950997 -20.578754425 -0.005659114 0.999565899 0.028912149 0.194727272 0.996337712 0.008102933 -0.085120946 3.946541309
-0.084142290 0.030734256 -0.995979607 -21.369161606 -0.003444554 0.999509275 0.031134177 0.203909129 0.996447802 0.006050404 -0.083995126 3.877485991
-0.082807124 0.032449078 -0.996037126 -22.171871185 -0.002914252 0.999457538 0.032802790 0.216172487 0.996561289 0.005619008 -0.082667641 3.806426525
-0.082251184 0.027836636 -0.996222913 -22.959556580 -0.002005175 0.999603212 0.028096648 0.225545138 0.996609628 0.004308584 -0.082162738 3.741705656
-0.081889696 0.021035340 -0.996419430 -23.764690399 -0.000739660 0.999775648 0.021166977 0.234495699 0.996641159 0.002470369 -0.081855752 3.672511339
-0.082209803 0.016294882 -0.996481836 -24.583654404 0.002464576 0.999866605 0.016146898 0.247685313 0.996612072 -0.001128472 -0.082238995 3.606539249
-0.082867034 0.016846148 -0.996418238 -25.418375015 0.003721802 0.999855399 0.016594738 0.258158624 0.996553659 -0.002333315 -0.082917757 3.539072037
-0.082254551 0.024317151 -0.996314645 -26.250539780 0.002710785 0.999704123 0.024176078 0.261947989 0.996607780 -0.000712203 -0.082296126 3.449532270
-0.083172724 0.031940587 -0.996022999 -27.108503342 0.001658485 0.999489248 0.031913251 0.266101420 0.996533692 0.001002423 -0.083183222 3.389455795
-0.083843298 0.037342642 -0.995778978 -27.954322815 -0.000251429 0.999296784 0.037495725 0.278466880 0.996478975 0.003394133 -0.083774962 3.315391302
-0.083851241 0.037647683 -0.995766759 -28.790136337 -0.002227391 0.999276459 0.037967950 0.288728416 0.996475756 0.005401622 -0.083706714 3.233485460
-0.084237300 0.033987518 -0.995865822 -29.628351212 -0.002112650 0.999409795 0.034287166 0.305618584 0.996443510 0.004992174 -0.084115788 3.158393621
-0.084128946 0.030900167 -0.995975614 -30.465082169 -0.002161520 0.999511063 0.031192429 0.328742802 0.996452510 0.004777008 -0.084021032 3.071488380
-0.084385693 0.032656558 -0.995897830 -31.290513992 -0.003826701 0.999444962 0.033097114 0.337583244 0.996425807 0.006603928 -0.084213868 3.001881361
-0.084343106 0.034932856 -0.995824158 -32.132663727 -0.004789443 0.999359548 0.035462528 0.348654032 0.996425271 0.007760463 -0.084121786 2.927450418
-0.084285729 0.033583112 -0.995875537 -32.959659576 -0.005629540 0.999399900 0.034178421 0.357213259 0.996425688 0.008487075 -0.084046103 2.852723837
-0.083990522 0.028563470 -0.996057034 -33.784999847 -0.006294505 0.999553919 0.029194511 0.368895352 0.996446669 0.008721749 -0.083773263 2.779983044
-0.083671033 0.023917895 -0.996206343 -34.618999481 -0.007874195 0.999664783 0.024662275 0.385061413 0.996462345 0.009907842 -0.083454654 2.698735476
-0.083283372 0.025008770 -0.996212006 -35.444896698 -0.007738796 0.999638677 0.025741756 0.386130393 0.996495843 0.009853343 -0.083059728 2.633132458
-0.082934357 0.027466508 -0.996176481 -36.275325775 -0.006415337 0.999584734 0.028094573 0.394402862 0.996534288 0.008720815 -0.082723722 2.564958334
-0.082233198 0.032458857 -0.996084332 -37.118621826 -0.005940799 0.999435723 0.033058513 0.405902922 0.996595442 0.008636043 -0.081993960 2.485624075
-0.081812918 0.037802175 -0.995930552 -37.957256317 -0.005492924 0.999248147 0.038379330 0.425768495 0.996632516 0.008610496 -0.081543766 2.417793989
-0.081690654 0.041015148 -0.995813429 -38.792156219 -0.005906341 0.999115407 0.041635670 0.441274285 0.996640205 0.009282861 -0.081376150 2.339619637
-0.081313699 0.041047465 -0.995842934 -39.622631073 -0.005350480 0.999119222 0.041619394 0.460432887 0.996674240 0.008712466 -0.081022456 2.267072916
-0.081157848 0.036407497 -0.996036053 -40.447185516 -0.005818179 0.999298215 0.037000805 0.481808305 0.996684253 0.008798022 -0.080889069 2.195730448
-0.080916725 0.031909976 -0.996209919 -41.277114868 -0.005877792 0.999454737 0.032491334 0.503123224 0.996703506 0.008484608 -0.080685042 2.120161772
-0.080520153 0.029220460 -0.996324599 -42.095565796 -0.010954358 0.999483824 0.030198418 0.511238575 0.996692717 0.013345679 -0.080158509 2.038901567
-0.081120238 0.027882369 -0.996314228 -42.927486420 -0.014088131 0.999476671 0.029117933 0.517008066 0.996604741 0.016398259 -0.080684982 1.966408491
-0.081615217 0.025922634 -0.996326685 -43.747009277 -0.011930693 0.999564648 0.026984200 0.526546359 0.996592402 0.014089191 -0.081270427 1.893107176
-0.082755372 0.022420507 -0.996317565 -44.571395874 -0.008949626 0.999689817 0.023239762 0.528498769 0.996529639 0.010839886 -0.082529061 1.824479818
-0.083560385 0.020868856 -0.996284127 -45.390815735 -0.004085809 0.999765158 0.021284454 0.541182995 0.996494293 0.005849165 -0.083455496 1.757286310
-0.085588023 0.024195815 -0.996036708 -46.201030731 -0.003797580 0.999689937 0.024610881 0.547304392 0.996323407 0.005888924 -0.085469611 1.683482409
-0.087162293 0.030429609 -0.995729148 -47.034988403 -0.002297666 0.999524534 0.030746723 0.550054491 0.996191442 0.004967807 -0.087050967 1.605593204
-0.089256264 0.034413971 -0.995413899 -47.861171722 0.000340012 0.999403894 0.034521427 0.558724642 0.996008635 0.002742801 -0.089214750 1.548072338
-0.090577327 0.033416901 -0.995328546 -48.669288635 0.000262433 0.999437690 0.033530965 0.569611669 0.995889425 0.002775938 -0.090535149 1.467991829
-0.091767162 0.029385205 -0.995346725 -49.464588165 -0.003053458 0.999551475 0.029790860 0.580007315 0.995775819 0.005773072 -0.091636270 1.386325359
-0.092918023 0.025986573 -0.995334566 -50.247276306 -0.007966681 0.999607980 0.026841860 0.584357619 0.995641887 0.010423607 -0.092674583 1.295234680
-0.094579905 0.024556316 -0.995214343 -51.043746948 -0.011993582 0.999595046 0.025804214 0.592937827 0.995444953 0.014376746 -0.094247103 1.210459709
-0.095115617 0.025580227 -0.995137513 -51.835674286 -0.014019020 0.999536216 0.027033241 0.598630369 0.995367467 0.016522136 -0.094712891 1.125173569
-0.096159756 0.027035518 -0.994998634 -52.623119354 -0.013965216 0.999496043 0.028507361 0.606401205 0.995267928 0.016636629 -0.095733739 1.045064926
-0.097105727 0.026640231 -0.994917452 -53.407356262 -0.015749708 0.999475420 0.028299475 0.611982703 0.995149374 0.018417699 -0.096635215 0.961861134
-0.097658984 0.026499538 -0.994867086 -54.184082031 -0.016475458 0.999465466 0.028239299 0.619653225 0.995083630 0.019148717 -0.097170182 0.878653049
-0.098145910 0.028348206 -0.994768202 -54.959827423 -0.014872828 0.999440789 0.029948745 0.628244638 0.995060861 0.017734364 -0.097669415 0.799351215
-0.098378718 0.030986568 -0.994666576 -55.730033875 -0.014248087 0.999368846 0.032542281 0.640308619 0.995047092 0.017373562 -0.097875126 0.722432137
-0.098712385 0.035396885 -0.994486213 -56.511959076 -0.014012099 0.999218643 0.036956158 0.648737788 0.995017350 0.017582871 -0.098139264 0.641324997
-0.099229731 0.037390158 -0.994361758 -57.274093628 -0.014402553 0.999135137 0.039006907 0.662553668 0.994960248 0.018191997 -0.098605394 0.563333511
-0.099992223 0.037438061 -0.994283736 -58.033252716 -0.013958643 0.999140739 0.039024733 0.673455834 0.994890213 0.017781021 -0.099383734 0.484137535
-0.100298204 0.035730183 -0.994315624 -58.773902893 -0.013442390 0.999215066 0.037262194 0.680428147 0.994866490 0.017103307 -0.099739201 0.407754421
-0.100350045 0.031946070 -0.994439185 -59.497520447 -0.012849057 0.999359429 0.033400752 0.696142316 0.994869173 0.016129373 -0.099875301 0.332150459
-0.100113772 0.028960772 -0.994554341 -60.244663239 -0.013196748 0.999449849 0.030431729 0.707957149 0.994888484 0.016171522 -0.099676497 0.246356010
-0.099049941 0.026621545 -0.994726241 -60.950836182 -0.013579464 0.999512911 0.028101822 0.717709720 0.994989812 0.016291337 -0.098640181 0.174947262
-0.096757829 0.025895182 -0.994970977 -61.644771576 -0.016540140 0.999481678 0.027621049 0.720242023 0.995170593 0.019129513 -0.096279368 0.100655556
-0.092199534 0.026834114 -0.995378911 -62.339019775 -0.016389139 0.999460518 0.028462237 0.725521326 0.995605707 0.018937608 -0.091710001 0.027390957
-0.086612202 0.028518744 -0.995833755 -62.993804932 -0.016009072 0.999421179 0.030013861 0.729812980 0.996113479 0.018541941 -0.086105511 -0.028125763
-0.079606198 0.030038873 -0.996373713 -63.648849487 -0.015200610 0.999393046 0.031344369 0.735080123 0.996710598 0.017640695 -0.079101264 -0.073579788
-0.070657350 0.031235503 -0.997011542 -64.286521912 -0.016471887 0.999336779 0.032475706 0.740628481 0.997364640 0.018717309 -0.070096001 -0.120901585
-0.058781501 0.033117115 -0.997721493 -64.912368774 -0.018342499 0.999244988 0.034248348 0.747558117 0.998102307 0.020313868 -0.058129665 -0.162709951
-0.043969914 0.034398209 -0.998440504 -65.515274048 -0.021525180 0.999142408 0.035370335 0.756647706 0.998800933 0.023046838 -0.043191776 -0.189746141
-0.025604438 0.035687130 -0.999034941 -66.105033875 -0.022870246 0.999080122 0.036274891 0.767503858 0.999410510 0.023776975 -0.024764711 -0.197638988
-0.003341211 0.036710329 -0.999320328 -66.674316406 -0.024019033 0.999034703 0.036780145 0.773549438 0.999705911 0.024125600 -0.002456235 -0.191149548
0.022220518 0.037095837 -0.999064565 -67.219718933 -0.023250531 0.999060392 0.036578555 0.779016852 0.999482691 0.022415994 0.023062134 -0.164576411
0.051445212 0.036222473 -0.998018682 -67.738426208 -0.021636965 0.999147892 0.035148129 0.792239428 0.998441398 0.019785896 0.052185122 -0.113226414
0.085522786 0.036363978 -0.995672405 -68.246917725 -0.020561252 0.999185324 0.034726184 0.796377897 0.996124029 0.017502394 0.086200804 -0.047798157
0.122393444 0.035852414 -0.991833806 -68.714714050 -0.020436190 0.999226511 0.033597786 0.814842105 0.992271185 0.016157158 0.123031482 0.049688339
0.163815424 0.036428951 -0.985818088 -69.141204834 -0.019951068 0.999235868 0.033609461 0.801773310 0.986289263 0.014162376 0.164417028 0.127180099
0.209077075 0.037289955 -0.977187932 -69.595932007 -0.019202061 0.999236643 0.034022905 0.809718609 0.977710605 0.011650612 0.209633514 0.248767853
0.257976145 0.035975967 -0.965481222 -70.027053833 -0.015899690 0.999329269 0.032988824 0.811944008 0.966020465 0.006840522 0.258375108 0.391933441
0.307312608 0.031037930 -0.951102436 -70.427673340 -0.008166585 0.999517083 0.029979158 0.810252070 0.951573551 -0.001445717 0.307417691 0.576410294
0.358669877 0.025781997 -0.933108330 -70.828361511 -0.003299341 0.999647141 0.026352275 0.814602494 0.933458686 -0.006373130 0.358628452 0.769298553
0.410896599 0.021671364 -0.911424339 -71.189926147 0.001821262 0.999695897 0.024591314 0.809462607 0.911680162 -0.011764429 0.410732210 0.978132248
0.461743444 0.020882491 -0.886767685 -71.557762146 0.001818798 0.999698460 0.024488948 0.818028808 0.887011647 -0.012920463 0.461566269 1.208646774
0.510116220 0.019564999 -0.859882951 -71.926986694 0.002959242 0.999695420 0.024501702 0.828627765 0.860100389 -0.015043316 0.509902894 1.465885162
0.555579484 0.015434150 -0.831320167 -72.279777527 0.010750277 0.999610782 0.025743118 0.831074595 0.831394017 -0.023239268 0.555197239 1.746921539
0.599040270 0.008282308 -0.800676048 -72.602996826 0.021679675 0.999412179 0.026558103 0.839080811 0.800425351 -0.033267774 0.598508537 2.060600281
0.641333163 0.003667802 -0.767253757 -72.918525696 0.022462316 0.999470234 0.023553729 0.841600180 0.766933680 -0.032340080 0.640910983 2.375564575
0.682880819 0.000031950 -0.730529726 -73.189788818 0.018852057 0.999666214 0.017666152 0.828747869 0.730286419 -0.025835864 0.682652235 2.670856476
0.723600745 -0.007113375 -0.690182090 -73.471679688 0.015759679 0.999856472 0.006217723 0.835083723 0.690038919 -0.015376196 0.723608911 3.009944916
0.762813866 -0.009536479 -0.646547854 -73.744903564 0.010752525 0.999939978 -0.002062853 0.839428306 0.646528840 -0.005378452 0.762870550 3.380603790
0.799851477 -0.010267441 -0.600110114 -74.001464844 0.008876055 0.999946654 -0.005277976 0.839643419 0.600132406 -0.001105014 0.799899817 3.775188446
0.833899438 -0.010875165 -0.551809251 -74.232368469 0.008838234 0.999940753 -0.006350604 0.829366803 0.551845670 0.000418746 0.833946168 4.189300537
0.864622653 -0.009685650 -0.502328277 -74.457305908 0.006033039 0.999942183 -0.008896148 0.827006221 0.502385557 0.004661244 0.864631176 4.636949539
0.890671611 -0.008374462 -0.454570085 -74.671081543 0.005609937 0.999956608 -0.007430070 0.815814197 0.454612643 0.004067643 0.890679955 5.114089966
0.911758482 -0.002567291 -0.410718530 -74.860420227 -0.000020887 0.999980152 -0.006296969 0.805854321 0.410726607 0.005749894 0.911740422 5.607891083
0.929585814 0.002753355 -0.368595451 -75.063896179 -0.006086804 0.999950409 -0.007881238 0.796899736 0.368555516 0.009569857 0.929556429 6.118057251
0.943134904 0.007575175 -0.332323939 -75.236358643 -0.010353640 0.999924660 -0.006590786 0.792191863 0.332248956 0.009656765 0.943142295 6.657173157
0.953256607 0.008271004 -0.302048594 -75.401306152 -0.010137366 0.999937952 -0.004611905 0.779680490 0.301991761 0.007458307 0.953281403 7.216655731
0.960506976 0.007989847 -0.278140962 -75.544952393 -0.009232260 0.999952376 -0.003157337 0.770281374 0.278102458 0.005600516 0.960535109 7.788805008
0.966565192 0.008145689 -0.256291360 -75.721405029 -0.008829704 0.999959826 -0.001518290 0.769737005 0.256268680 0.003730503 0.966598392 8.402338028
0.971216917 0.010469616 -0.237966880 -75.867080688 -0.010506092 0.999944150 0.001115024 0.763406098 0.237965271 0.001417172 0.971272588 9.016212463
0.974782050 0.015508668 -0.222619265 -76.011459351 -0.015326086 0.999879360 0.002547848 0.758262515 0.222631902 0.000928286 0.974902093 9.647531509
0.977667987 0.018998498 -0.209294707 -76.148841858 -0.018578291 0.999819517 0.003973682 0.750627697 0.209332392 0.000003395 0.977844477 10.288980484
0.980412960 0.017551560 -0.196168780 -76.276840210 -0.017184492 0.999845982 0.003573227 0.747404575 0.196201235 -0.000132177 0.980563581 10.948926926
0.983071804 0.018197762 -0.182314873 -76.415306091 -0.017872071 0.999834359 0.003429356 0.736947238 0.182347074 -0.000112959 0.983234227 11.648508072
0.985656202 0.018731521 -0.167723060 -76.530357361 -0.018315617 0.999824047 0.004026443 0.734582186 0.167768955 -0.000896738 0.985825956 12.347551346
0.987911224 0.020132275 -0.153707504 -76.642257690 -0.019711236 0.999796629 0.004262807 0.733260095 0.153762072 -0.001181509 0.988107264 13.061672211
0.989846587 0.020928046 -0.140591279 -76.751869202 -0.020884201 0.999780297 0.001787412 0.717885673 0.140597790 0.001166872 0.990066111 13.782193184
0.991306305 0.021101579 -0.129872143 -76.839553833 -0.021711104 0.999758959 -0.003279073 0.704132617 0.129771620 0.006070232 0.991525352 14.515854836
0.992507994 0.019571198 -0.120601654 -76.925399780 -0.020882320 0.999735653 -0.009617163 0.692415118 0.120381549 0.012063555 0.992654383 15.268734932
0.993484318 0.019372707 -0.112310186 -77.009956360 -0.020619059 0.999737918 -0.009946411 0.686824679 0.112088054 0.012197334 0.993623435 16.027278900
0.994183540 0.021103110 -0.105610922 -77.094589233 -0.021608701 0.999759853 -0.003645216 0.671303630 0.105508626 0.005906128 0.994400799 16.795543671
0.994621933 0.025926230 -0.100275412 -77.187561035 -0.025593217 0.999661744 0.004606225 0.655045509 0.100360915 -0.002015081 0.994949043 17.576534271
0.995032012 0.025961902 -0.096110724 -77.268508911 -0.025269087 0.999645293 0.008418816 0.648023665 0.096295200 -0.005948360 0.995334983 18.356336594
0.995359838 0.025273461 -0.092844017 -77.338218689 -0.024688205 0.999667466 0.007446993 0.631457806 0.093001351 -0.005120285 0.995652795 19.122745514
0.995688558 0.025063243 -0.089308940 -77.414756775 -0.024573583 0.999676406 0.006578254 0.623680651 0.089444906 -0.004355253 0.995982230 19.886953354
0.995949268 0.023758262 -0.086721241 -77.478538513 -0.023075385 0.999694407 0.008868529 0.616055846 0.086905427 -0.006831479 0.996193171 20.657302856
0.996225238 0.021158108 -0.084186979 -77.553161621 -0.020297667 0.999732733 0.011063521 0.613690138 0.084398553 -0.009312959 0.996388555 21.440910339
0.996510684 0.018689426 -0.081345201 -77.613441467 -0.017699692 0.999760509 0.012871297 0.608159184 0.081566267 -0.011386600 0.996602952 22.203842163
0.996734321 0.018265776 -0.078659482 -77.672805786 -0.017595567 0.999802768 0.009205199 0.598866940 0.078812122 -0.007791079 0.996859014 22.956535339
0.996793985 0.020962022 -0.077216730 -77.736549377 -0.020867599 0.999780238 0.002029556 0.590309680 0.077242307 -0.000411722 0.997012258 23.710769653
0.996907532 0.022309123 -0.075351089 -77.798751831 -0.022788044 0.999725163 -0.005502003 0.574319839 0.075207651 0.007202092 0.997141838 24.456325531
0.996957660 0.022549678 -0.074612029 -77.851936340 -0.023333885 0.999681115 -0.009655407 0.563741326 0.074370511 0.011367021 0.997165918 25.210117340
0.997107685 0.024544982 -0.071929224 -77.921081543 -0.025177212 0.999651849 -0.007896033 0.543577731 0.071710378 0.009684172 0.997378469 25.970312119
0.997206569 0.027835377 -0.069312841 -77.986358643 -0.028175816 0.999595284 -0.003938636 0.525628746 0.069175161 0.005880581 0.997587144 26.732812881
0.997270525 0.030973421 -0.067021973 -78.046325684 -0.030959809 0.999519885 0.001241996 0.510470450 0.067028262 0.000836382 0.997750700 27.488607407
0.997493267 0.029140232 -0.064481430 -78.097915649 -0.028994886 0.999574602 0.003188951 0.496987581 0.064546913 -0.001311326 0.997913837 28.240772247
0.997675538 0.026459614 -0.062795907 -78.149650574 -0.026310064 0.999648690 0.003207385 0.484750867 0.062858701 -0.001547766 0.998021245 28.994102478
0.997790396 0.024678294 -0.061686639 -78.196983337 -0.024541456 0.999694347 0.002975112 0.471545041 0.061741211 -0.001454658 0.998091102 29.744058609
0.997846365 0.024526289 -0.060837552 -78.245491028 -0.024498852 0.999699056 0.001196979 0.460597038 0.060848609 0.000296049 0.998146951 30.491024017
0.997947574 0.021944230 -0.060157772 -78.289787292 -0.021989966 0.999758184 -0.000098282 0.452021778 0.060141064 0.001420948 0.998188853 31.238124847
0.997988999 0.020829577 -0.059866287 -78.334365845 -0.020873012 0.999782145 -0.000100183 0.441373229 0.059851158 0.001349571 0.998206377 31.999639511
0.997979224 0.024155963 -0.058771070 -78.391777039 -0.024145875 0.999708056 0.000881897 0.431421369 0.058775216 0.000538964 0.998271048 32.770553589
0.997989714 0.024236275 -0.058560077 -78.442558289 -0.024284141 0.999705017 -0.000105711 0.422907829 0.058540244 0.001527580 0.998283863 33.540313721
0.997911155 0.023574747 -0.060145047 -78.495628357 -0.023602195 0.999721408 0.000254139 0.407618761 0.060134277 0.001165946 0.998189509 34.309898376
0.997828603 0.022017024 -0.062075619 -78.547470093 -0.022018649 0.999757349 0.000658002 0.396575511 0.062075038 0.000710248 0.998071253 35.083473206
0.997581244 0.023794217 -0.065311484 -78.604232788 -0.023821389 0.999716163 0.000362817 0.388712764 0.065301582 0.001193870 0.997864902 35.867530823
0.997310102 0.027528418 -0.067931354 -78.672744751 -0.027559137 0.999620140 0.000485056 0.372896016 0.067918904 0.001388378 0.997689962 36.658485413
0.997113168 0.027683709 -0.070703156 -78.736938477 -0.028075924 0.999595404 -0.004559420 0.359791875 0.070548326 0.006531314 0.997487009 37.451549530
0.996912658 0.028975017 -0.072976746 -78.803230286 -0.029660331 0.999525368 -0.008324482 0.356938392 0.072700895 0.010463294 0.997298837 38.253314972
0.996834159 0.028196674 -0.074341975 -78.878128052 -0.028989431 0.999533534 -0.009606001 0.338731438 0.074036449 0.011730719 0.997186482 39.061916351
0.996679902 0.029191053 -0.076005980 -78.957542419 -0.029861584 0.999524415 -0.007700415 0.315095007 0.075745039 0.009944508 0.997077584 39.877540588
0.996515870 0.026825147 -0.078971237 -79.016128540 -0.027517028 0.999591708 -0.007685821 0.306724727 0.078732818 0.009832095 0.996847272 40.702705383
0.996389806 0.026473442 -0.080663070 -79.088989258 -0.027036864 0.999616921 -0.005900480 0.293956816 0.080475971 0.008060053 0.996723950 41.520679474
0.996277392 0.025654722 -0.082298927 -79.153884888 -0.025932631 0.999660969 -0.002309456 0.279504985 0.082211770 0.004435086 0.996605039 42.368103027
0.996224403 0.025149928 -0.083092950 -79.228118896 -0.025011847 0.999683499 0.002702430 0.266688287 0.083134621 -0.000613919 0.996538162 43.220619202
0.996262670 0.024759063 -0.082750291 -79.298179626 -0.024440231 0.999689400 0.004863841 0.254711092 0.082845010 -0.002823228 0.996558487 44.078395844
0.996338964 0.028532417 -0.080589600 -79.374130249 -0.028255403 0.999590218 0.004575902 0.246188894 0.080687128 -0.002282059 0.996736825 44.927936554
0.996549845 0.027637448 -0.078259721 -79.456489563 -0.027426984 0.999616683 0.003763114 0.233938083 0.078333735 -0.001603703 0.996925831 45.790988922
0.996702731 0.025334416 -0.077082805 -79.518188477 -0.025318725 0.999678731 0.001180914 0.225285202 0.077087961 0.000774619 0.997024000 46.654510498
0.996910274 0.021402750 -0.075575553 -79.576301575 -0.021480322 0.999769211 -0.000213611 0.210764706 0.075553536 0.001836339 0.997140110 47.520771027
0.997116506 0.020135384 -0.073164955 -79.652458191 -0.020210858 0.999795675 -0.000291259 0.199997529 0.073144153 0.001769146 0.997319818 48.394531250
0.997228980 0.017684355 -0.072260723 -79.716598511 -0.017547775 0.999842882 0.002524521 0.184463277 0.072294019 -0.001249511 0.997382581 49.268726349
0.997363448 0.015148227 -0.070969246 -79.785560608 -0.014859970 0.999879003 0.004587952 0.178552568 0.071030162 -0.003521255 0.997467995 50.144710541
0.997388065 0.014945671 -0.070665658 -79.842727661 -0.014623093 0.999880075 0.005079993 0.161762089 0.070733108 -0.004033376 0.997487187 51.023406982
0.997441709 0.017179433 -0.069389418 -79.905776978 -0.017103212 0.999852240 0.001692470 0.146627426 0.069408245 -0.000501358 0.997588217 51.897560120
0.997460783 0.019439278 -0.068514280 -79.976150513 -0.019730905 0.999798894 -0.003582244 0.125640780 0.068430871 0.004924997 0.997643709 52.755207062
0.997473538 0.021383906 -0.067745037 -80.037612915 -0.022055401 0.999714613 -0.009179611 0.110141754 0.067529418 0.010650562 0.997660398 53.615360260
0.997431338 0.026326312 -0.066615820 -80.112228394 -0.027381128 0.999512911 -0.014971041 0.087598205 0.066189244 0.016756602 0.997666419 54.465461731
0.997500658 0.026228355 -0.065608926 -80.172630310 -0.027307417 0.999505222 -0.015604342 0.059326530 0.065167196 0.017356953 0.997723281 55.307529449
0.997553051 0.023325270 -0.065906681 -80.224945068 -0.024056928 0.999657214 -0.010329613 0.046843052 0.065643154 0.011889849 0.997772276 56.175376892
0.997536421 0.022925714 -0.066298716 -80.293609619 -0.023050504 0.999733627 -0.001117691 0.022898950 0.066255450 0.002643156 0.997799218 57.019901276
0.997491717 0.021607265 -0.067403965 -80.354568481 -0.021192160 0.999751747 0.006867551 0.002514809 0.067535624 -0.005421889 0.997702122 57.872413635
0.997367561 0.019820470 -0.069750801 -80.416915894 -0.019548070 0.999798357 0.004585846 -0.008883148 0.069827631 -0.003210280 0.997553945 58.712909698
0.997355759 0.014828935 -0.071146555 -80.487197876 -0.014777429 0.999889970 0.001250325 -0.022250600 0.071157262 -0.000195655 0.997465134 59.552165985
0.997173667 0.013598673 -0.073889829 -80.550559998 -0.013652733 0.999906719 -0.000226512 -0.043066435 0.073879853 0.001234669 0.997266352 60.387157440
0.996911526 0.015197719 -0.077047355 -80.614395142 -0.015439002 0.999877572 -0.002536891 -0.055214837 0.076999389 0.003718590 0.997024298 61.189685822
0.996641874 0.016686669 -0.080166154 -80.690093994 -0.017235015 0.999832451 -0.006152968 -0.070397198 0.080050059 0.007513970 0.996762514 62.009403229
0.996306181 0.017473530 -0.084074713 -80.766296387 -0.018309392 0.999790192 -0.009181144 -0.092107773 0.083896659 0.010686588 0.996417105 62.824199677
0.996017456 0.019323453 -0.087039530 -80.847457886 -0.020540709 0.999703050 -0.013111186 -0.114243090 0.086760335 0.014846822 0.996118546 63.635387421
0.995623350 0.024796994 -0.090106979 -80.940223694 -0.026087467 0.999572992 -0.013172062 -0.135767102 0.089741863 0.015465076 0.995844960 64.434280396
0.995188236 0.028557831 -0.093727052 -81.025695801 -0.029744782 0.999493837 -0.011291135 -0.155914068 0.093357138 0.014024696 0.995533943 65.238647461
0.994734645 0.031265464 -0.097597882 -81.116035461 -0.031944279 0.999475062 -0.005399992 -0.175878167 0.097377829 0.008489257 0.995211244 66.039848328
0.994323015 0.031660441 -0.101584122 -81.202613831 -0.031810168 0.999493897 0.000146071 -0.194085762 0.101537339 0.003086166 0.994826913 66.854347229
0.993806839 0.031333823 -0.106612042 -81.293251038 -0.031100834 0.999508798 0.003847765 -0.208587527 0.106680237 -0.000508213 0.994293272 67.651039124
0.993123293 0.030827196 -0.112941638 -81.391090393 -0.030478347 0.999523759 0.004814574 -0.218708038 0.113036297 -0.001339192 0.993589938 68.441207886
0.992505372 0.028233085 -0.118894309 -81.483245850 -0.027379293 0.999586284 0.008808713 -0.229661644 0.119093806 -0.005487456 0.992867768 69.226539612
0.991684675 0.028950443 -0.125393093 -81.588127136 -0.028121205 0.999569416 0.008378509 -0.238372087 0.125581667 -0.004782636 0.992071748 70.005180359
0.990811765 0.033581711 -0.131012395 -81.713371277 -0.032830335 0.999429762 0.007891429 -0.249663293 0.131202683 -0.003517740 0.991349339 70.776687622
0.989909649 0.035063442 -0.137292624 -81.824462891 -0.034836151 0.999384820 0.004058661 -0.256261557 0.137350455 0.000765040 0.990522206 71.550071716
0.989088714 0.034030531 -0.143336281 -81.939849854 -0.034175742 0.999414861 0.001449533 -0.266494870 0.143301755 0.003464908 0.989672959 72.316696167
0.988244712 0.035423528 -0.148719519 -82.063026428 -0.035837803 0.999357641 -0.000105886 -0.274615765 0.148620233 0.005434422 0.988879442 73.083930969
0.987479270 0.037511021 -0.153224170 -82.188514709 -0.037182290 0.999295890 0.005011455 -0.282801718 0.153304294 0.000748517 0.988178670 73.847518921
0.986501336 0.038441904 -0.159177601 -82.322143555 -0.037499908 0.999256909 0.008918552 -0.289669275 0.159402147 -0.002829019 0.987209678 74.607505798
0.985459805 0.037095219 -0.165810093 -82.449478149 -0.035695314 0.999297559 0.011415874 -0.303480625 0.166117072 -0.005331241 0.986091614 75.367179871
0.984289706 0.034726825 -0.173112795 -82.586685181 -0.033956632 0.999395788 0.007409538 -0.306953728 0.173265532 -0.001414804 0.984874189 76.117202759
0.982866287 0.032809161 -0.181376472 -82.726043701 -0.033236746 0.999447286 0.000682281 -0.316632986 0.181298614 0.005357772 0.983413517 76.846641541
0.981234431 0.030114118 -0.190452799 -82.877418518 -0.030832415 0.999524236 -0.000808757 -0.326904058 0.190337837 0.006665700 0.981696129 77.588836670
0.979091644 0.029939897 -0.201204270 -83.034332275 -0.030176083 0.999542832 0.001893899 -0.338612258 0.201169014 0.004217256 0.979547560 78.327087402
0.976726294 0.030132033 -0.212362751 -83.200942993 -0.029021813 0.999544024 0.008343864 -0.344033778 0.212517336 -0.001986519 0.977155328 79.059974670
0.974121451 0.031163571 -0.223866597 -83.378509521 -0.028295560 0.999471545 0.016008563 -0.353170991 0.224247098 -0.009259856 0.974488318 79.780334473
0.971487701 0.031904951 -0.234933704 -83.566421509 -0.028098831 0.999414325 0.019531466 -0.358255982 0.235419273 -0.012373219 0.971815109 80.505455017
0.968550742 0.035170723 -0.246317655 -83.765899658 -0.032356478 0.999356747 0.015464630 -0.367715001 0.246703118 -0.007008308 0.969065726 81.221771240
0.965413809 0.034792859 -0.258390546 -83.969253540 -0.034344837 0.999390543 0.006248962 -0.371180415 0.258450508 0.002841547 0.966020286 81.920753479
0.962193787 0.032366183 -0.270435750 -84.183914185 -0.033215739 0.999447227 0.001435842 -0.371622801 0.270332724 0.007601167 0.962736964 82.628402710
0.958653927 0.031305280 -0.282847404 -84.386726379 -0.030734768 0.999506652 0.006455175 -0.374299407 0.282909989 0.002504972 0.959143221 83.353591919
0.955228209 0.032567315 -0.294072211 -84.618133545 -0.029809292 0.999459445 0.013857266 -0.379203200 0.294364572 -0.004470767 0.955682755 84.075454712
0.951492965 0.032499235 -0.305949301 -84.856964111 -0.028010162 0.999426007 0.019052535 -0.379835606 0.306392848 -0.009558663 0.951857150 84.785064697
0.947394252 0.030125739 -0.318648100 -85.104949951 -0.025970319 0.999513268 0.017282227 -0.380948186 0.319013655 -0.008097691 0.947715580 85.496917725
0.943736672 0.028662035 -0.329453528 -85.364318848 -0.025745971 0.999581158 0.013211628 -0.385696411 0.329694211 -0.003986199 0.944079340 86.188491821
0.940476120 0.023934612 -0.339015841 -85.614013672 -0.023152158 0.999711752 0.006352684 -0.389226019 0.339070231 0.001874402 0.940759182 86.886459351
0.937639713 0.019948632 -0.347035617 -85.875839233 -0.021085871 0.999777496 0.000499199 -0.393756986 0.346968383 0.006849481 0.937851787 87.588745117
0.935060084 0.019354526 -0.353960514 -86.152572632 -0.021394674 0.999769330 -0.001851180 -0.396797776 0.353843033 0.009303835 0.935258508 88.289756775
0.931871176 0.025033319 -0.361924589 -86.444885254 -0.027375204 0.999624312 -0.001343509 -0.414752662 0.361754924 0.011159737 0.932206452 88.999511719
0.928801835 0.025201924 -0.369718790 -86.721939087 -0.026723623 0.999642372 0.001006061 -0.426358134 0.369611919 0.008945795 0.929143131 89.690559387
0.925664425 0.025420755 -0.377490550 -87.012954712 -0.024397209 0.999674261 0.007493818 -0.426213741 0.377558082 0.002272956 0.925983071 90.394859314
0.922815084 0.027541513 -0.384257317 -87.307479858 -0.023208663 0.999604106 0.015909405 -0.432719350 0.384543300 -0.005763343 0.923088908 91.103530884
0.920302451 0.037987869 -0.389358819 -87.638893127 -0.031613991 0.999240875 0.022767164 -0.439383984 0.389928102 -0.008643490 0.920804679 91.802444458
0.917522132 0.044328932 -0.395206332 -87.954467773 -0.039761480 0.999014080 0.019744612 -0.435809612 0.395691961 -0.002402136 0.918380141 92.493476868
0.915203810 0.040992111 -0.400900930 -88.264602661 -0.039322976 0.999149621 0.012393883 -0.435454011 0.401068032 0.004421688 0.916037500 93.179168701
0.913234591 0.033160232 -0.406082720 -88.568252563 -0.034083579 0.999406636 0.004960210 -0.437393367 0.406006247 0.009310920 0.913822889 93.866653442
0.911299586 0.033532050 -0.410376132 -88.882995605 -0.034899201 0.999382079 0.004161320 -0.436994791 0.410262138 0.010529593 0.911906898 94.564483643
0.909322202 0.039969690 -0.414168417 -89.227035522 -0.039698943 0.999168634 0.009265160 -0.442994595 0.414194465 0.008017035 0.910153031 95.250595093
0.906730473 0.042577058 -0.419555753 -89.561950684 -0.040652581 0.999081731 0.013531028 -0.445777893 0.419746578 0.004787031 0.907628655 95.972702026
0.904522359 0.038851887 -0.424652696 -89.891387939 -0.037457831 0.999230504 0.011634322 -0.453520656 0.424777955 0.005383067 0.905281544 96.668899536
0.902271152 0.037323732 -0.429550648 -90.231132507 -0.038657919 0.999236703 0.005622897 -0.463150084 0.429432631 0.011532154 0.903025210 97.353485107
0.900047898 0.034405969 -0.434430748 -90.574203491 -0.038691018 0.999250650 -0.001021064 -0.465423048 0.434070021 0.017727572 0.900704682 98.046493530
