-0.975384712 0.052558754 0.214154705 -151.640457153 0.057817742 0.998158276 0.018363301 1.823893070 -0.212795138 0.030293224 -0.976627111 1.892755508
-0.979428053 0.051409598 0.195135146 -151.473739624 0.056434225 0.998200476 0.020274045 1.834704518 -0.193741709 0.030869268 -0.980566800 1.030900955
-0.983052433 0.048461489 0.176803321 -151.326858521 0.053966254 0.998192191 0.026457489 1.844244480 -0.175201535 0.035550509 -0.983890533 0.148994446
-0.986197770 0.048327412 0.158361360 -151.184783936 0.053577550 0.998141050 0.029050583 1.857252121 -0.156663015 0.037134234 -0.986953795 -0.718652725
-0.988853037 0.048533846 0.140762493 -151.063735962 0.053107213 0.998170078 0.028915359 1.877094507 -0.139101535 0.036068548 -0.989621043 -1.603446960
-0.991064072 0.048212167 0.124368533 -150.952316284 0.051709693 0.998347998 0.025047345 1.890944004 -0.122955501 0.031254590 -0.991919875 -2.492721558
-0.992566943 0.051851913 0.110100538 -150.852340698 0.054630879 0.998255908 0.022373481 1.898950338 -0.108748384 0.028222067 -0.993668616 -3.389780998
-0.993302107 0.057683434 0.100117102 -150.769577026 0.060551271 0.997830510 0.025843928 1.920630336 -0.098409124 0.031733051 -0.994639933 -4.309315681
-0.993634939 0.062813103 0.093509853 -150.697204590 0.066366553 0.997167647 0.035385966 1.937252641 -0.091022313 0.041366667 -0.994989276 -5.235005379
-0.993705213 0.065599225 0.090810485 -150.621658325 0.069835968 0.996574879 0.044288240 1.959934831 -0.087594151 0.050351296 -0.994882941 -6.182450771
-0.993940413 0.064030528 0.089345112 -150.532638550 0.068201497 0.996681452 0.044436522 1.992327213 -0.086203329 0.050260723 -0.995008945 -7.114702702
-0.994216204 0.060907912 0.088456325 -150.446868896 0.064813018 0.997014701 0.041964974 2.015247583 -0.085636251 0.047455378 -0.995195627 -8.058606148
-0.994610608 0.055888966 0.087327100 -150.352081299 0.059332285 0.997539580 0.037343107 2.044910669 -0.085025154 0.042323172 -0.995479524 -9.015867233
-0.995101869 0.047513265 0.086687163 -150.252304077 0.050759785 0.998074830 0.035638139 2.064304113 -0.084826984 0.039863802 -0.995597959 -9.995006561
-0.995358050 0.042341780 0.086426705 -150.152160645 0.045551930 0.998330414 0.035514351 2.091426373 -0.084778659 0.039286397 -0.995625079 -10.980055809
-0.995357096 0.040430319 0.087348066 -150.061538696 0.043875642 0.998318195 0.037889786 2.113623857 -0.085669301 0.041546322 -0.995456994 -11.974353790
-0.995421410 0.037841674 0.087773748 -149.954528809 0.041412838 0.998371780 0.039227758 2.140356302 -0.086146384 0.042683110 -0.995367825 -12.977119446
-0.995309830 0.037448242 0.089196078 -149.870697021 0.041146185 0.998352766 0.039986696 2.166842699 -0.087551706 0.043469235 -0.995211124 -13.981073380
-0.995285749 0.035281222 0.090340786 -149.769302368 0.038903587 0.998495042 0.038654298 2.196975231 -0.088841051 0.041986655 -0.995160520 -15.002746582
-0.995281458 0.033512816 0.091057591 -149.668533325 0.037017688 0.998626471 0.037078071 2.216498137 -0.089689925 0.040273864 -0.995155156 -16.021659851
-0.995313466 0.031110246 0.091559507 -149.560470581 0.034458581 0.998785377 0.035219006 2.240175962 -0.090352617 0.038208965 -0.995176673 -17.066413879
-0.995380163 0.029221071 0.091457114 -149.462036133 0.032459699 0.998890281 0.034126367 2.262669802 -0.090358429 0.036937382 -0.995224059 -18.102615356
-0.995596051 0.026389403 0.089955777 -149.358367920 0.029587604 0.998969853 0.034406725 2.283606768 -0.088955157 0.036916777 -0.995351195 -19.152828217
-0.995776415 0.024568524 0.088461757 -149.259963989 0.027789067 0.998988152 0.035360325 2.303115606 -0.087503493 0.037669249 -0.995451629 -20.202676773
-0.995901167 0.024986532 0.086928681 -149.165008545 0.028162472 0.998972654 0.035502363 2.326317787 -0.085952297 0.037804969 -0.995581746 -21.261468887
-0.996034324 0.024152951 0.085629195 -149.069137573 0.027305419 0.998984516 0.035837129 2.346240997 -0.084676675 0.038033150 -0.995682418 -22.312252045
-0.996139526 0.023913240 0.084463991 -148.979537964 0.027172374 0.998921514 0.037649438 2.363494396 -0.083472572 0.039799180 -0.995715022 -23.366630554
-0.996186495 0.023535818 0.084014997 -148.889633179 0.026951931 0.998845637 0.039760716 2.386413336 -0.082982212 0.041873455 -0.995670855 -24.417552948
-0.996321857 0.022566039 0.082665265 -148.792449951 0.026055796 0.998803556 0.041382737 2.411683083 -0.081632525 0.043384437 -0.995717704 -25.469287872
-0.996412337 0.021447496 0.081867881 -148.704696655 0.024804646 0.998883188 0.040212482 2.432145596 -0.080913976 0.042098917 -0.995831490 -26.515954971
-0.996497571 0.021395659 0.080837734 -148.608413696 0.024492664 0.998995781 0.037516028 2.453984499 -0.079953872 0.039364565 -0.996020913 -27.554706573
-0.996585190 0.020468544 0.079993315 -148.521133423 0.023456082 0.999055088 0.036587920 2.472163916 -0.079168834 0.038339309 -0.996123672 -28.588874817
-0.996675551 0.020559607 0.078835972 -148.441818237 0.023512924 0.999049008 0.036718037 2.489533424 -0.078006096 0.038449634 -0.996211171 -29.648874283
-0.996820927 0.019599473 0.077225320 -148.358123779 0.022541482 0.999045789 0.037410717 2.512283087 -0.076418392 0.039032567 -0.996311486 -30.686687469
-0.997065902 0.018166840 0.074360892 -148.271087646 0.021124261 0.999008894 0.039179884 2.531945705 -0.073575407 0.040635750 -0.996461451 -31.717330933
-0.997288883 0.017449830 0.071486942 -148.195236206 0.020299176 0.999020159 0.039327644 2.548712969 -0.070730634 0.040672150 -0.996665895 -32.763698578
-0.997534275 0.016042983 0.068321913 -148.118881226 0.018698495 0.999087155 0.038407180 2.571368694 -0.067643382 0.039589997 -0.996923745 -33.791576385
-0.997781754 0.014975152 0.064863615 -148.043548584 0.017430499 0.999146283 0.037455030 2.589804173 -0.064247340 0.038502552 -0.997190893 -34.810798645
-0.997955620 0.014666590 0.062204830 -147.972579956 0.017111652 0.999094248 0.038957808 2.605487823 -0.061577115 0.039942589 -0.997302771 -35.829212189
-0.998128176 0.014633009 0.059380330 -147.906341553 0.017052237 0.999036431 0.040441122 2.625612497 -0.058731329 0.041377995 -0.997415841 -36.847419739
-0.998268187 0.015392078 0.056778029 -147.845367432 0.017779659 0.998968244 0.041788574 2.645356894 -0.056076236 0.042725697 -0.997511864 -37.870841980
-0.998365939 0.016435487 0.054729238 -147.788314819 0.018747427 0.998941660 0.042001404 2.668069363 -0.053980980 0.042958807 -0.997617424 -38.893608093
-0.998495698 0.016198328 0.052383311 -147.734359741 0.018381599 0.998970687 0.041469119 2.687331438 -0.051657662 0.042369626 -0.997765660 -39.896907806
-0.998572826 0.016956391 0.050643921 -147.680679321 0.019022543 0.998994470 0.040598266 2.710879326 -0.049904581 0.041503705 -0.997891247 -40.910709381
-0.998646319 0.016481513 0.049334366 -147.629989624 0.018498784 0.998999417 0.040716443 2.731492043 -0.048613921 0.041573953 -0.997952044 -41.921016693
-0.998746574 0.015075908 0.047727920 -147.572921753 0.017056439 0.998998523 0.041364692 2.753828049 -0.047056485 0.042126924 -0.998003423 -42.917041779
-0.998785794 0.014520756 0.047074046 -147.522811890 0.016417246 0.999058604 0.040154282 2.771888733 -0.046446629 0.040878352 -0.998084009 -43.920642853
-0.998814702 0.013987547 0.046621032 -147.476852417 0.015662583 0.999237657 0.035759378 2.789744377 -0.046085306 0.036447197 -0.998272359 -44.909324646
-0.998832941 0.012860508 0.046554338 -147.426544189 0.014410982 0.999347329 0.033123657 2.805887222 -0.046097957 0.033755887 -0.998366416 -45.894855499
-0.998811841 0.013969942 0.046687007 -147.373550415 0.015456116 0.999380291 0.031624928 2.823969364 -0.046216242 0.032308955 -0.998408854 -46.887016296
-0.998765767 0.014705456 0.047443297 -147.324584961 0.016252168 0.999343514 0.032381985 2.841405869 -0.046935949 0.033113077 -0.998348892 -47.878730774
-0.998705864 0.016328961 0.048165325 -147.274337769 0.017960533 0.999272645 0.033638395 2.852969646 -0.047581006 0.034459941 -0.998272777 -48.862827301
-0.998638928 0.018312441 0.048836321 -147.223724365 0.020013321 0.999201834 0.034569629 2.866430044 -0.048164260 0.035499949 -0.998208344 -49.842834473
-0.998566210 0.019266628 0.049942825 -147.170562744 0.021054614 0.999146998 0.035525382 2.879628658 -0.049215749 0.036525976 -0.998120010 -50.823970795
-0.998520136 0.019943755 0.050595492 -147.116851807 0.021774434 0.999118328 0.035893146 2.897526503 -0.049835034 0.036941715 -0.998073995 -51.804523468
-0.998492956 0.018966310 0.051498454 -147.062728882 0.020864900 0.999112785 0.036583025 2.909560204 -0.050758921 0.037602406 -0.998002768 -52.771286011
-0.998442292 0.018993713 0.052462447 -147.008270264 0.020863080 0.999158442 0.035317771 2.927900314 -0.051747464 0.036357287 -0.997998178 -53.738853455
-0.998306334 0.021262435 0.054150961 -146.949905396 0.023144756 0.999141037 0.034373969 2.938635826 -0.053373560 0.035569061 -0.997940958 -54.694007874
-0.998119533 0.022510212 0.057013683 -146.894119263 0.024426069 0.999152362 0.033132557 2.951516151 -0.056219507 0.034462869 -0.997823477 -55.633239746
-0.997982025 0.021228548 0.059842594 -146.830734253 0.023210453 0.999198258 0.032620337 2.965195656 -0.059102133 0.033943485 -0.997674644 -56.581867218
-0.997860968 0.020754643 0.061989769 -146.761917114 0.022711562 0.999260247 0.031032337 2.974530458 -0.061299849 0.032373838 -0.997594357 -57.523315430
-0.997720599 0.020752581 0.064208820 -146.702545166 0.022749776 0.999274850 0.030531483 2.983456612 -0.063528672 0.031922627 -0.997469306 -58.459743500
-0.997674406 0.019621300 0.065275192 -146.636917114 0.021674179 0.999287724 0.030891456 2.996460438 -0.064622581 0.032234404 -0.997388959 -59.398178101
-0.997690678 0.018126991 0.065457039 -146.561233521 0.020343231 0.999236584 0.033351649 3.002899408 -0.064802520 0.034606237 -0.997297823 -60.321659088
-0.997739434 0.017692542 0.064830095 -146.499771118 0.020015599 0.999174178 0.035360340 3.011452675 -0.064150967 0.036578022 -0.997269630 -61.229492188
-0.997808397 0.017123044 0.063915230 -146.437210083 0.019479144 0.999146581 0.036423486 3.023084164 -0.063236997 0.037588678 -0.997290373 -62.136257172
-0.997915924 0.016104758 0.062485505 -146.375274658 0.018417241 0.999159873 0.036610425 3.038030624 -0.061843440 0.037684936 -0.997374177 -63.027786255
-0.998073876 0.014336140 0.060357340 -146.317260742 0.016567294 0.999191523 0.036628924 3.052440166 -0.059783425 0.037558332 -0.997504532 -63.910373688
-0.998302877 0.013899819 0.056554746 -146.263977051 0.015986033 0.999201953 0.036604740 3.068871975 -0.056000818 0.037446696 -0.997728229 -64.776626587
-0.998592973 0.014459961 0.051018473 -146.217178345 0.016344285 0.999192178 0.036712393 3.080183506 -0.050446428 0.037494607 -0.998022616 -65.624519348
-0.998915195 0.015501665 0.043910570 -146.179122925 0.017124269 0.999175131 0.036820631 3.091320515 -0.043303572 0.037532624 -0.998356700 -66.456306458
-0.999200284 0.017177520 0.036106385 -146.152481079 0.018524596 0.999131978 0.037311412 3.105512619 -0.035434157 0.037950430 -0.998651206 -67.270652771
-0.999406040 0.019752827 0.028238449 -146.131866455 0.020839503 0.999032736 0.038720448 3.119289398 -0.027446298 0.039285924 -0.998851001 -68.061401367
-0.999520302 0.023230722 0.020477939 -146.121582031 0.024022216 0.998938978 0.039292239 3.127276421 -0.019543424 0.039765321 -0.999017835 -68.830017090
-0.999602914 0.025047351 0.012905293 -146.114135742 0.025541151 0.998887599 0.039636493 3.143036366 -0.011898118 0.039950367 -0.999130845 -69.570739746
-0.999626279 0.026673017 0.005978066 -146.123886108 0.026893396 0.998819530 0.040450964 3.156335115 -0.004892034 0.040596616 -0.999163628 -70.298461914
-0.999622524 0.027445935 -0.001211359 -146.120346069 0.027374497 0.998806298 0.040454846 3.165640831 0.002320234 0.040406417 -0.999180615 -70.986663818
-0.999553561 0.028943997 -0.007412645 -146.128158569 0.028625734 0.998791873 0.039942175 3.175650597 0.008559776 0.039712150 -0.999174476 -71.648979187
-0.999449909 0.030421663 -0.013209367 -146.139602661 0.029875869 0.998764217 0.039717298 3.184163094 0.014401314 0.039300807 -0.999123573 -72.284126282
-0.999339283 0.031272732 -0.018519068 -146.155990601 0.030526750 0.998761773 0.039280288 3.195894241 0.019724542 0.038689010 -0.999056518 -72.893821716
-0.999159336 0.033850692 -0.023120712 -146.177566528 0.032938167 0.998705089 0.038769864 3.203194141 0.024403168 0.037975725 -0.998980522 -73.475013733
-0.998993337 0.035186045 -0.027822983 -146.194381714 0.034056801 0.998616338 0.040068921 3.214549065 0.029194381 0.039081026 -0.998809457 -74.032432556
-0.998851895 0.036073621 -0.031517878 -146.214813232 0.034732286 0.998508811 0.042116307 3.219677925 0.032990191 0.040973268 -0.998615503 -74.554260254
-0.998684883 0.036710955 -0.035788100 -146.224151611 0.035159711 0.998454094 0.043051235 3.228305340 0.037313223 0.041736320 -0.998431683 -75.057907104
-0.998555481 0.037221868 -0.038748283 -146.246337891 0.035518553 0.998410642 0.043755792 3.235041380 0.040315375 0.042316310 -0.998290479 -75.531196594
-0.998395443 0.038796503 -0.041247327 -146.262939453 0.036959201 0.998329461 0.044410020 3.244487286 0.042901359 0.042814296 -0.998161495 -75.965011597
-0.998230398 0.041130919 -0.042946193 -146.290725708 0.039210327 0.998233140 0.044644438 3.252710581 0.044706579 0.042881496 -0.998079419 -76.380828857
-0.998156130 0.041889232 -0.043928545 -146.319091797 0.039886862 0.998167336 0.045509242 3.265498877 0.045754384 0.043673147 -0.997997642 -76.765007019
-0.998149633 0.041607257 -0.044341244 -146.328460693 0.039525256 0.998120129 0.046839528 3.269446135 0.046206750 0.045000259 -0.997917771 -77.102684021
-0.998218536 0.039965309 -0.044300459 -146.337432861 0.037907396 0.998205364 0.046358924 3.289157629 0.046073701 0.044597022 -0.997942030 -77.412094116
-0.998205423 0.039693583 -0.044835985 -146.328094482 0.037584454 0.998190284 0.046942994 3.286531687 0.046618197 0.045173615 -0.997890830 -77.654258728
-0.998323619 0.037976626 -0.043675270 -146.327178955 0.035934135 0.998265386 0.046636160 3.286680698 0.045370601 0.044988547 -0.997956693 -77.896858215
-0.998515904 0.034823701 -0.041872568 -146.318557739 0.032891683 0.998400867 0.045976385 3.277153015 0.043406673 0.044530891 -0.998064518 -78.113044739
-0.998687804 0.033846300 -0.038430803 -146.333984375 0.032110944 0.998474836 0.044908553 3.276839972 0.039892193 0.043615572 -0.998251617 -78.352180481
-0.998826742 0.033326212 -0.035138205 -146.344757080 0.031850953 0.998620629 0.041740131 3.289049625 0.036480755 0.040571969 -0.998510361 -78.538406372
-0.998889685 0.033874761 -0.032737810 -146.349090576 0.032566972 0.998681247 0.039687499 3.295078278 0.034039024 0.038577266 -0.998675704 -78.730583191
-0.998936355 0.034690086 -0.030373154 -146.354248047 0.033477962 0.998656750 0.039545741 3.296677351 0.031704199 0.038486850 -0.998755991 -78.914810181
-0.999048948 0.033478558 -0.027935097 -146.352035522 0.032325167 0.998645782 0.040765531 3.296608925 0.029262044 0.039823756 -0.998778164 -79.099082947
-0.999192238 0.031600598 -0.024820663 -146.359420776 0.030571375 0.998699307 0.040804993 3.303430319 0.026077818 0.040013235 -0.998858809 -79.272438049
-0.999308228 0.029870739 -0.022155391 -146.350479126 0.028962033 0.998769343 0.040260468 3.304200888 0.023330744 0.039590951 -0.998943567 -79.434593201
-0.999340773 0.030895213 -0.019065090 -146.331649780 0.030120822 0.998759568 0.039649576 3.304934025 0.020266429 0.039049186 -0.999031723 -79.584045410
-0.999387562 0.032040164 -0.014062913 -146.335006714 0.031480908 0.998768985 0.038334027 3.316725254 0.015273824 0.037867837 -0.999166012 -79.722351074
-0.999443829 0.032243758 -0.008502722 -146.335067749 0.031900026 0.998773634 0.037862588 3.317973137 0.009713126 0.037570290 -0.999246836 -79.850036621
-0.999518216 0.031011680 -0.001205701 -146.342910767 0.030944433 0.998813272 0.037610888 3.322391033 0.002370648 0.037555460 -0.999291718 -79.974853516
-0.999563336 0.028686708 0.007083442 -146.338165283 0.028933607 0.998872399 0.037639100 3.319642067 -0.005995736 0.037827611 -0.999266267 -80.096992493
-0.999548495 0.026410686 0.014319718 -146.324157715 0.026927272 0.998946130 0.037170090 3.329124212 -0.013322923 0.037538894 -0.999206364 -80.197021484
-0.999463797 0.025128106 0.020989854 -146.302764893 0.025927039 0.998914480 0.038700186 3.322504520 -0.019994617 0.039223641 -0.999030411 -80.299125671
-0.999354243 0.023499334 0.027177796 -146.287139893 0.024560535 0.998921871 0.039395634 3.320272207 -0.026222710 0.040037703 -0.998854041 -80.376335144
-0.999208212 0.023140520 0.032362893 -146.289642334 0.024418525 0.998914540 0.039668780 3.319078207 -0.031409800 0.040427629 -0.998688638 -80.427078247
-0.999057412 0.023445642 0.036530815 -146.282470703 0.024845269 0.998955727 0.038342893 3.326221466 -0.035593703 0.039214369 -0.998596668 -80.473548889
-0.998960972 0.023169853 0.039245829 -146.271972656 0.024668390 0.998967886 0.038139388 3.328163147 -0.038321681 0.039067887 -0.998501480 -80.510894775
-0.998894274 0.023313699 0.040825956 -146.256530762 0.024870679 0.998966157 0.038053799 3.328874588 -0.039896585 0.039027087 -0.998441339 -80.535041809
-0.998804092 0.022472836 0.043418154 -146.265960693 0.024108563 0.999004841 0.037524894 3.326529741 -0.042531677 0.038526766 -0.998352051 -80.552452087
-0.998781741 0.022427563 0.043954402 -146.261306763 0.024097253 0.998993516 0.037832592 3.325911283 -0.043061670 0.038845681 -0.998316944 -80.570205688
-0.998801351 0.022442993 0.043498479 -146.261428833 0.024097148 0.998991489 0.037884265 3.324366808 -0.042604387 0.038887043 -0.998334944 -80.554656982
-0.998792231 0.023161441 0.043330573 -146.257263184 0.024776820 0.999003530 0.037122488 3.324824095 -0.042427585 0.038151249 -0.998370886 -80.541069031
-0.998781681 0.023364704 0.043465283 -146.257736206 0.024941280 0.999037325 0.036090571 3.317927837 -0.042580191 0.037130684 -0.998402834 -80.533142090
-0.998787224 0.023297714 0.043372087 -146.259429932 0.024847472 0.999059260 0.035542443 3.319824219 -0.042503227 0.036577024 -0.998426557 -80.535408020
-0.998788953 0.023299666 0.043332428 -146.245452881 0.024860395 0.999048471 0.035834469 3.325799704 -0.042456273 0.036868330 -0.998417854 -80.557365417
-0.998805344 0.023692679 0.042736303 -146.224441528 0.025203785 0.999063373 0.035173606 3.329893112 -0.041862942 0.036208704 -0.998467028 -80.561698914
-0.998801470 0.023519760 0.042922098 -146.227890015 0.025045335 0.999060869 0.035358362 3.325431824 -0.042050175 0.036390986 -0.998452544 -80.561439514
-0.998756766 0.023304000 0.044064187 -146.256439209 0.024897903 0.999042392 0.035976283 3.320761442 -0.043183595 0.037028659 -0.998380780 -80.554161072
-0.998744428 0.023516420 0.044232760 -146.259078979 0.025092576 0.999057412 0.035422113 3.323076487 -0.043358076 0.036487553 -0.998393118 -80.558113098
-0.998751938 0.023285786 0.044183724 -146.258880615 0.024861310 0.999062121 0.035450507 3.324950695 -0.043316800 0.036504731 -0.998394191 -80.555610657
-0.998734593 0.023361115 0.044535510 -146.272644043 0.024954945 0.999055445 0.035574280 3.325057745 -0.043662388 0.036640644 -0.998374224 -80.563865662
-0.998749077 0.023077024 0.044356793 -146.267135620 0.024667136 0.999060154 0.035641782 3.325372934 -0.043492600 0.036691356 -0.998379707 -80.570991516
-0.998736441 0.023337558 0.044506762 -146.259643555 0.024938509 0.999049067 0.035761554 3.322392225 -0.043629870 0.036826298 -0.998368859 -80.560668945
-0.998706222 0.023612175 0.045035254 -146.268768311 0.025225654 0.999047637 0.035601743 3.322949648 -0.044151742 0.036691725 -0.998350859 -80.564125061
-0.998700082 0.023634423 0.045159686 -146.269165039 0.025254104 0.999045610 0.035638310 3.322092056 -0.044274315 0.036732454 -0.998343885 -80.562377930
-0.998693287 0.023907905 0.045167662 -146.268218994 0.025529118 0.999037743 0.035664074 3.322189331 -0.044271518 0.036770567 -0.998342633 -80.550323486
-0.998705924 0.023727043 0.044983126 -146.265670776 0.025326662 0.999054730 0.035330515 3.328032732 -0.044102333 0.036424071 -0.998362780 -80.562522888
-0.998696566 0.023918064 0.045089122 -146.261566162 0.025530035 0.999042809 0.035520554 3.324722052 -0.044196356 0.036625382 -0.998351276 -80.563240051
-0.998680592 0.023963798 0.045417499 -146.264541626 0.025593257 0.999036908 0.035641953 3.322692394 -0.044519637 0.036757313 -0.998332083 -80.556724548
-0.998652637 0.023955734 0.046031483 -146.273620605 0.025609339 0.999035239 0.035675827 3.319776535 -0.045132466 0.036806598 -0.998302698 -80.547096252
-0.998641253 0.024149589 0.046177197 -146.264099121 0.025797801 0.999038875 0.035436809 3.325194836 -0.045277022 0.036579933 -0.998304486 -80.557456970
-0.998627603 0.024282532 0.046399873 -146.259277344 0.025930161 0.999042332 0.035243776 3.328038216 -0.045499627 0.036398567 -0.998301089 -80.564781189
-0.998605788 0.024504982 0.046753772 -146.261077881 0.026167400 0.999034762 0.035282530 3.325973749 -0.045844041 0.036456767 -0.998283088 -80.558288574
-0.998605788 0.024472049 0.046770867 -146.257629395 0.026155125 0.999019563 0.035718951 3.319915056 -0.045850899 0.036892451 -0.998266816 -80.560852051
-0.998590410 0.024454046 0.047108196 -146.259124756 0.026129778 0.999035418 0.035290904 3.327291727 -0.046199787 0.036472090 -0.998266160 -80.565635681
-0.998589993 0.024635145 0.047022592 -146.257064819 0.026314551 0.999025464 0.035436399 3.324629307 -0.046103783 0.036623813 -0.998265088 -80.567008972
-0.998555183 0.024924174 0.047605395 -146.266616821 0.026621910 0.999019802 0.035367977 3.326261759 -0.046677209 0.036584225 -0.998239934 -80.551353455
-0.998557150 0.024762010 0.047646862 -146.266571045 0.026454452 0.999029279 0.035224054 3.327923536 -0.046728402 0.036433712 -0.998242974 -80.555145264
-0.998591125 0.025061866 0.046771366 -146.242263794 0.026740883 0.999007463 0.035624806 3.321591139 -0.045832109 0.036825322 -0.998270214 -80.554916382
-0.998604596 0.024722274 0.046663206 -146.230850220 0.026405361 0.999009907 0.035803895 3.316344500 -0.045731869 0.036986098 -0.998268843 -80.559730530
-0.998623431 0.025038110 0.046090700 -146.215972900 0.026699359 0.999002755 0.035787247 3.320037365 -0.045148712 0.036968574 -0.998296022 -80.558502197
-0.998587430 0.025172453 0.046790797 -146.225387573 0.026825646 0.999025643 0.035045940 3.333096743 -0.045863017 0.036251634 -0.998289704 -80.563934326
-0.998567283 0.024949031 0.047337580 -146.249084473 0.026651654 0.999007761 0.035684213 3.320343733 -0.046400324 0.036894716 -0.998241305 -80.538665771
-0.998560846 0.024795072 0.047552392 -146.251998901 0.026499128 0.999016702 0.035546206 3.323948622 -0.046624277 0.036755152 -0.998236120 -80.540428162
-0.998541415 0.024804197 0.047955278 -146.257339478 0.026521895 0.999017000 0.035520595 3.321233034 -0.047027096 0.036740649 -0.998217702 -80.540802002
-0.998521864 0.024833588 0.048345175 -146.257659912 0.026559159 0.999020934 0.035383817 3.325484753 -0.047419127 0.036615524 -0.998203754 -80.549873352
-0.998504937 0.025140978 0.048537154 -146.256423950 0.026863964 0.999019980 0.035178389 3.330750465 -0.047605179 0.036429692 -0.998201728 -80.552978516
-0.998497427 0.025213709 0.048653275 -146.257354736 0.026935045 0.999022424 0.035054509 3.330598354 -0.047721878 0.036312312 -0.998200417 -80.552787781
-0.998481274 0.025541022 0.048811980 -146.254074097 0.027260706 0.999019146 0.034896016 3.335707188 -0.047872834 0.036173671 -0.998198211 -80.566253662
-0.998495042 0.025308950 0.048650820 -146.252914429 0.027027249 0.999022067 0.034991715 3.332005739 -0.047717653 0.036253955 -0.998202682 -80.548980713
-0.998492122 0.025317727 0.048707508 -146.248779297 0.027035080 0.999024093 0.034928843 3.333889246 -0.047775675 0.036192987 -0.998202145 -80.566757202
-0.998504758 0.025248580 0.048482474 -146.240890503 0.026959447 0.999024808 0.034964722 3.334702492 -0.047552396 0.036219500 -0.998211861 -80.569038391
-0.998515129 0.025229827 0.048277825 -146.237258911 0.026952954 0.999010444 0.035380173 3.324927568 -0.047337417 0.036628876 -0.998207092 -80.569618225
-0.998529077 0.025106177 0.048055280 -146.230606079 0.026806181 0.999025524 0.035064708 3.330576420 -0.047128122 0.036301319 -0.998228967 -80.564453125
-0.998506129 0.025354702 0.048400950 -146.237060547 0.027066560 0.999019146 0.035046771 3.333454132 -0.047464926 0.036304466 -0.998212993 -80.571731567
-0.998508632 0.025391748 0.048329856 -146.235702515 0.027107827 0.999012947 0.035189722 3.330530167 -0.047388647 0.036447357 -0.998211384 -80.567481995
-0.998492718 0.025111461 0.048802488 -146.249954224 0.026849590 0.999016285 0.035292447 3.327681780 -0.047868259 0.036549579 -0.998184741 -80.556564331
-0.998494148 0.025254479 0.048698228 -146.247558594 0.026987342 0.999013722 0.035260793 3.329076529 -0.047759708 0.036521934 -0.998190880 -80.558326721
-0.998467624 0.025309063 0.049213655 -146.260589600 0.027062442 0.999010563 0.035294078 3.327786922 -0.048271690 0.036571834 -0.998164415 -80.556800842
-0.998479962 0.025302066 0.048965532 -146.254241943 0.027046889 0.999010623 0.035305455 3.328636169 -0.048023794 0.036576156 -0.998176277 -80.556694031
-0.998453498 0.025243090 0.049531061 -146.264099121 0.027006613 0.999013126 0.035264220 3.328441381 -0.048592031 0.036547355 -0.998149812 -80.558074951
-0.998457909 0.025293931 0.049416881 -146.265335083 0.027050696 0.999013782 0.035210542 3.329777956 -0.048477553 0.036493007 -0.998157442 -80.555152893
-0.998408496 0.025392700 0.050353907 -146.268859863 0.027187303 0.999007583 0.035281103 3.326315403 -0.049408056 0.036593940 -0.998108149 -80.554763794
-0.998302996 0.025088107 0.052551635 -146.262237549 0.026956614 0.999018371 0.035153762 3.317650795 -0.051618118 0.036510725 -0.997999251 -80.551048279
-0.998226583 0.024505302 0.054250754 -146.256393433 0.026425250 0.999039352 0.034960479 3.318499088 -0.053341914 0.036332071 -0.997915089 -80.555854797
-0.998066068 0.024034927 0.057325244 -146.249832153 0.026040418 0.999065459 0.034497820 3.321313620 -0.056442544 0.035923883 -0.997759283 -80.560379028
-0.997764945 0.024337605 0.062230203 -146.249481201 0.026503734 0.999062717 0.034223013 3.325889826 -0.061338980 0.035795860 -0.997474909 -80.576683044
-0.997433841 0.024004592 0.067449495 -146.226074219 0.026350953 0.999070466 0.034115259 3.326757193 -0.066567883 0.035805073 -0.997139275 -80.622192383
-0.997102201 0.023666710 0.072298095 -146.181121826 0.026230110 0.999053001 0.034714703 3.322419643 -0.071408063 0.036510497 -0.996778727 -80.640647888
-0.996497750 0.023230102 0.080327079 -146.167297363 0.026079658 0.999060571 0.034609068 3.320011616 -0.079447672 0.036582764 -0.996167541 -80.677642822
-0.995755911 0.022826677 0.089158311 -146.154785156 0.025946984 0.999085128 0.033996452 3.324503422 -0.088300720 0.036165550 -0.995437145 -80.702461243
-0.994909167 0.022004075 0.098342545 -146.132217407 0.025474947 0.999091089 0.034178365 3.318024158 -0.097501099 0.036509644 -0.994565606 -80.738220215
-0.993727684 0.021496013 0.109740436 -146.136444092 0.025369486 0.999099076 0.034023222 3.320893526 -0.108910225 0.036593881 -0.993377745 -80.773941040
-0.992254674 0.021493802 0.122345999 -146.141738892 0.025836909 0.999087036 0.034023333 3.321637630 -0.121503010 0.036920860 -0.991904199 -80.817741394
-0.990558743 0.021145483 0.135447741 -146.123550415 0.025897866 0.999105752 0.033420872 3.325534105 -0.134619921 0.036613144 -0.990220606 -80.866271973
-0.988445342 0.021248236 0.150080606 -146.109573364 0.026395645 0.999126732 0.032389075 3.324881554 -0.149261326 0.035976306 -0.988143086 -80.900543213
-0.985919595 0.019484622 0.166080505 -146.087982178 0.024862580 0.999229670 0.030364137 3.322636127 -0.165360957 0.034065787 -0.985644639 -80.948379517
-0.983103573 0.019118873 0.182048514 -146.028427124 0.024638798 0.999301195 0.028107781 3.328214884 -0.181383908 0.032118313 -0.982887745 -81.023605347
-0.979624033 0.016802013 0.200135782 -146.005905151 0.022704341 0.999371350 0.027232900 3.324689865 -0.199552357 0.031221962 -0.979389608 -81.087394714
-0.975696087 0.016040394 0.218540117 -145.961715698 0.022637779 0.999359488 0.027717931 3.329941273 -0.217955515 0.031991545 -0.975434244 -81.204940796
-0.971152365 0.017077455 0.237847209 -145.920211792 0.024595054 0.999286175 0.028675077 3.334689140 -0.237187698 0.033697736 -0.970879257 -81.330436707
-0.965814888 0.017818596 0.258619696 -145.862045288 0.026377849 0.999211907 0.029663499 3.338175774 -0.257887304 0.035471283 -0.965523660 -81.472656250
-0.959503651 0.016264783 0.281226248 -145.793807983 0.026013583 0.999181807 0.030966714 3.339999199 -0.280492485 0.037028380 -0.959141672 -81.624633789
-0.952271104 0.014109747 0.304927468 -145.720764160 0.025425898 0.999126136 0.033171568 3.350273609 -0.304192990 0.039341379 -0.951797664 -81.788742065
-0.944262505 0.013515081 0.328915954 -145.636611938 0.026399784 0.999047756 0.034738701 3.355140448 -0.328133225 0.041485764 -0.943719983 -81.957427979
-0.935299158 0.014214039 0.353572547 -145.540390015 0.028430600 0.998981297 0.035046715 3.364500284 -0.352714151 0.042831443 -0.934750259 -82.141143799
-0.924959540 0.014166953 0.379801273 -145.439346313 0.030637087 0.998832226 0.037355475 3.361917496 -0.378828585 0.046188314 -0.924313486 -82.319557190
-0.912785530 0.013747180 0.408207685 -145.332153320 0.033036523 0.998643696 0.040241096 3.357415199 -0.407100797 0.050217256 -0.912001669 -82.490821838
-0.898248672 0.013237688 0.439288318 -145.212738037 0.034589127 0.998575151 0.040635731 3.368420124 -0.438124478 0.051695593 -0.897426546 -82.684265137
-0.881362319 0.012859896 0.472266018 -145.069732666 0.035802510 0.998572946 0.039624766 3.364654064 -0.471082509 0.051832080 -0.880564988 -82.855590820
-0.860583842 0.010949664 0.509190977 -144.960815430 0.035001121 0.998676717 0.037679832 3.361359835 -0.508104563 0.050248913 -0.859828353 -83.003250122
-0.836789668 0.008828748 0.547453284 -144.776809692 0.033466347 0.998825252 0.035045754 3.365191936 -0.546500742 0.047647182 -0.836102068 -83.218200684
-0.808866322 0.008264314 0.587934375 -144.572479248 0.034085330 0.998878717 0.032853033 3.367831230 -0.587003767 0.046613652 -0.808241189 -83.442977905
-0.776637793 0.011587158 0.629840791 -144.345611572 0.038559489 0.998830438 0.029171094 3.372451305 -0.628766298 0.046941716 -0.776176214 -83.682495117
-0.741481543 0.015186593 0.670801282 -144.090194702 0.042263161 0.998815715 0.024103636 3.387796402 -0.669640899 0.046222582 -0.741245329 -83.924987793
-0.704459310 0.016798332 0.709545553 -143.798583984 0.043435499 0.998866379 0.019476194 3.403407097 -0.708414078 0.044539656 -0.704390287 -84.182548523
-0.666194618 0.016042834 0.745605350 -143.444488525 0.044212878 0.998859823 0.018011987 3.404345751 -0.744466305 0.044964846 -0.666144252 -84.445243835
-0.625626564 0.016764903 0.779942453 -143.058471680 0.046682991 0.998781979 0.015977630 3.417905569 -0.778724730 0.046406079 -0.625647128 -84.708465576
-0.583200693 0.015247171 0.812185049 -142.637832642 0.047410548 0.998758316 0.015294079 3.439839602 -0.810943484 0.047425650 -0.583199382 -84.965019226
-0.538268328 0.011576905 0.842693865 -142.180694580 0.048284266 0.998686850 0.017121501 3.443298101 -0.841389239 0.049904823 -0.538120449 -85.236465454
-0.491907477 0.007110314 0.870618463 -141.690063477 0.050614271 0.998509049 0.020442739 3.447880745 -0.869174957 0.054121658 -0.491533965 -85.473716736
-0.442405552 0.004639715 0.896803021 -141.176239014 0.055883460 0.998185813 0.022403866 3.468611956 -0.895072281 0.060028046 -0.441862345 -85.710960388
-0.393015593 0.001690489 0.919530213 -140.614624023 0.059143618 0.997974157 0.023443816 3.486070871 -0.917627811 0.063598126 -0.392319381 -85.916229248
-0.341892660 -0.003165958 0.939733565 -140.036148071 0.061985627 0.997740626 0.025912911 3.484388113 -0.937692463 0.067109413 -0.340923905 -86.110641479
-0.291947484 -0.007562912 0.956404507 -139.433502197 0.064755753 0.997518003 0.027655061 3.487078905 -0.954239607 0.070006520 -0.290733099 -86.265068054
-0.242429435 -0.009965738 0.970117927 -138.804809570 0.067197219 0.997373343 0.027038097 3.498530149 -0.967839062 0.071744055 -0.241122961 -86.406677246
-0.197032422 -0.009698632 0.980349004 -138.135589600 0.070414655 0.997228622 0.024017690 3.509289503 -0.977865040 0.073763192 -0.195803404 -86.524200439
-0.157349527 -0.008235350 0.987508655 -137.455291748 0.070733681 0.997302890 0.019587738 3.527304888 -0.985006511 0.072932243 -0.156342611 -86.612258911
-0.123502135 -0.008019936 0.992311895 -136.739181519 0.069443546 0.997446060 0.016704297 3.533636332 -0.989911556 0.070972674 -0.122629777 -86.679244995
-0.095760569 -0.005960463 0.995386481 -135.999969482 0.068635829 0.997562468 0.012576558 3.541868210 -0.993035257 0.069523513 -0.095118061 -86.733795166
-0.073971227 -0.004075563 0.997251987 -135.207839966 0.068486035 0.997610092 0.009156981 3.547912836 -0.994905949 0.068975195 -0.073515318 -86.786544800
-0.056947976 -0.003319936 0.998371601 -134.404739380 0.069416493 0.997561216 0.007276817 3.555823326 -0.995961010 0.069717854 -0.056578632 -86.836845398
-0.041689076 -0.002485170 0.999127507 -133.591842651 0.071011014 0.997460604 0.005443995 3.554068565 -0.996603966 0.071176000 -0.041406754 -86.868530273
-0.027040344 -0.000199787 0.999634326 -132.751647949 0.072874904 0.997338653 0.002170614 3.551673651 -0.996974468 0.072906934 -0.026953811 -86.894805908
-0.012406934 0.003076354 0.999918282 -131.881317139 0.073969245 0.997258186 -0.002150371 3.543725729 -0.997183323 0.073936522 -0.012600444 -86.899353027
0.001059721 0.006320908 0.999979436 -131.029495239 0.074040540 0.997234821 -0.006382017 3.534164667 -0.997254670 0.074045785 0.000588758 -86.882225037
0.013724425 0.006699705 0.999883294 -130.120162964 0.070376329 0.997491181 -0.007649668 3.525623798 -0.997426093 0.070473105 0.013218496 -86.864685059
0.023178564 0.006765884 0.999708414 -129.187210083 0.065935642 0.997789621 -0.008281627 3.514975071 -0.997554660 0.066108383 0.022681184 -86.837501526
0.028549042 0.006980367 0.999568045 -128.238006592 0.061358258 0.998077691 -0.008722441 3.501148224 -0.997707486 0.061580777 0.028065864 -86.800888062
0.030770628 0.007348686 0.999499440 -127.265983582 0.058747504 0.998230934 -0.009147954 3.484590054 -0.997798502 0.058999594 0.030284446 -86.758354187
0.031626262 0.006321594 0.999479711 -126.267059326 0.057937730 0.998287022 -0.008147355 3.473536730 -0.997819126 0.058165263 0.031205818 -86.723640442
0.032962825 0.005438863 0.999441743 -125.241302490 0.058174323 0.998279274 -0.007351197 3.463303566 -0.997762024 0.058384161 0.032589685 -86.690658569
0.035693817 0.004395591 0.999353111 -124.211975098 0.059513014 0.998206258 -0.006516164 3.436573029 -0.997589171 0.059707094 0.035368167 -86.646026611
0.040528871 0.004275284 0.999169230 -123.146514893 0.060078170 0.998171091 -0.006707942 3.427129745 -0.997370481 0.060300119 0.040197901 -86.611808777
0.044702664 0.004638800 0.998989522 -122.076889038 0.059994940 0.998171806 -0.007319648 3.408295393 -0.997197211 0.060261525 0.044342659 -86.552658081
0.049155869 0.005178233 0.998777688 -120.983863831 0.059450842 0.998198390 -0.008101168 3.396653414 -0.997020185 0.059776388 0.048759487 -86.496841431
0.054566581 0.005010394 0.998497605 -119.880340576 0.058420099 0.998258352 -0.008201775 3.382606030 -0.996799707 0.058779866 0.054178853 -86.436637878
0.059384856 0.002700413 0.998231471 -118.755546570 0.058999531 0.998238683 -0.006210313 3.368947744 -0.996490061 0.059263982 0.059120938 -86.369209290
0.064043686 -0.001689242 0.997945666 -117.615249634 0.061377171 0.998112082 -0.002249390 3.344500542 -0.996057868 0.061395142 0.064026430 -86.287277222
0.068534642 -0.003739081 0.997641683 -116.455650330 0.061680622 0.998095810 -0.000496467 3.333923578 -0.995740235 0.061569195 0.068634763 -86.210632324
0.069904037 -0.003340669 0.997548163 -115.281013489 0.061541066 0.998103976 -0.000970018 3.320533752 -0.995653570 0.061457980 0.069977097 -86.117164612
0.070191950 -0.001126759 0.997532964 -114.111976624 0.060008638 0.998193085 -0.003095032 3.311653137 -0.995726883 0.060077835 0.070132740 -86.039787292
0.069273330 -0.000723489 0.997597456 -112.913322449 0.059986893 0.998193204 -0.003441583 3.300746441 -0.995792568 0.060081184 0.069191605 -85.959449768
0.068497583 -0.003260699 0.997645915 -111.720321655 0.060919549 0.998142242 -0.000920363 3.283201218 -0.995789528 0.060839184 0.068568960 -85.878921509
0.067309991 -0.005584390 0.997716486 -110.504890442 0.062373105 0.998051941 0.001378322 3.258187056 -0.995780587 0.062137902 0.067527182 -85.783950806
0.066827066 -0.006918225 0.997740626 -109.303260803 0.064045101 0.997943580 0.002629995 3.242282629 -0.995706975 0.063724637 0.067132726 -85.709312439
0.066409528 -0.007453948 0.997764647 -108.105361938 0.063800715 0.997957468 0.003208919 3.225562811 -0.995750546 0.063444987 0.066749468 -85.624870300
0.065160424 -0.007511648 0.997846544 -106.915321350 0.064292423 0.997925580 0.003313876 3.208879709 -0.995801508 0.063938037 0.065508194 -85.535057068
0.065014184 -0.005873158 0.997867107 -105.722831726 0.063787542 0.997961938 0.001717756 3.189497471 -0.995843530 0.063539810 0.065256342 -85.461776733
0.064062573 -0.003774532 0.997938693 -104.537010193 0.063432902 0.997986078 -0.000297357 3.166369915 -0.995927811 0.063321196 0.064172976 -85.377433777
0.063709147 -0.003214590 0.997963369 -103.339591980 0.062896162 0.998019755 -0.000800472 3.152036905 -0.995984495 0.062819064 0.063785151 -85.300315857
0.063296534 -0.005595564 0.997979045 -102.144584656 0.062544525 0.998040855 0.001629043 3.131090879 -0.996032953 0.062315002 0.063522518 -85.223571777
0.062267270 -0.007316497 0.998032629 -100.959411621 0.062235747 0.998055518 0.003433781 3.117388487 -0.996117234 0.061899494 0.062601537 -85.138206482
0.062055312 -0.005894727 0.998055339 -99.777404785 0.060970806 0.998137414 0.002104274 3.098922729 -0.996208668 0.060721651 0.062299121 -85.064437866
0.061863780 -0.004261827 0.998075485 -98.586090088 0.062057585 0.998072505 0.000415288 3.072223902 -0.996153533 0.061912462 0.062009022 -84.991516113
0.061529007 -0.002481411 0.998102188 -97.406539917 0.062134899 0.998066843 -0.001349050 3.053076029 -0.996169448 0.062099982 0.061564233 -84.916412354
0.061006542 -0.004528437 0.998127043 -96.232711792 0.060951684 0.998140335 0.000803081 3.033297062 -0.996274590 0.060788531 0.061169077 -84.842300415
0.061166450 -0.007920537 0.998096168 -95.054916382 0.060030360 0.998187482 0.004242416 3.016946554 -0.996320724 0.059656575 0.061531048 -84.771682739
0.059754990 -0.010555762 0.998157322 -93.883377075 0.058346044 0.998271406 0.007064064 2.993906736 -0.996506393 0.057816409 0.060267594 -84.688629150
0.059489008 -0.008397678 0.998193622 -92.728698730 0.055097923 0.998467863 0.005116331 2.986795664 -0.996707201 0.054694030 0.059860587 -84.611747742
0.059514467 -0.006897043 0.998203635 -91.565422058 0.054609817 0.998501182 0.003643176 2.970110416 -0.996732593 0.054294895 0.059801936 -84.543052673
0.059003364 -0.006449675 0.998236954 -90.409400940 0.053459059 0.998564601 0.003291955 2.951903582 -0.996825337 0.053170562 0.059263464 -84.461135864
0.059309419 -0.007151638 0.998214066 -89.249435425 0.052327052 0.998621762 0.004045518 2.937705755 -0.996867239 0.051993657 0.059601914 -84.392829895
0.058529574 -0.008679887 0.998247921 -88.106216431 0.053229954 0.998566806 0.005561661 2.920117855 -0.996865511 0.052811172 0.058907691 -84.309860229
0.058259174 -0.008468715 0.998265564 -86.953041077 0.053546503 0.998551071 0.005346136 2.902103901 -0.996864438 0.053142171 0.058628257 -84.237358093
0.058248926 -0.006101520 0.998283386 -85.821846008 0.056222055 0.998414278 0.002821811 2.888501406 -0.996717691 0.055961180 0.058499597 -84.171669006
0.059315845 -0.004838701 0.998227537 -84.669158936 0.059104573 0.998251021 0.001326750 2.873196840 -0.996487975 0.058921121 0.059498087 -84.118392944
0.060562983 -0.005484422 0.998149276 -83.524406433 0.061569747 0.998101234 0.001748396 2.852039337 -0.996263623 0.061349910 0.060785644 -84.043640137
0.063386448 -0.006563033 0.997967422 -82.390258789 0.061867356 0.998080909 0.002634238 2.835908890 -0.996069610 0.061574638 0.063670844 -83.968887329
