1.000000000 0.000000000 0.000000000 0.000000015 0.000000000 1.000000119 0.000000000 0.000000000 0.000000000 0.000000000 0.999999940 0.000000000
0.999991357 -0.002452738 -0.003348209 -0.003008910 0.002445335 0.999994695 -0.002213536 -0.005135440 0.003353620 0.002205329 0.999991894 0.666482866
0.999970913 -0.001470924 -0.007479775 -0.010787212 0.001444914 0.999992847 -0.003481607 -0.010855833 0.007484842 0.003470698 0.999965966 1.366512179
0.999936342 -0.001203767 -0.011215081 -0.027904959 0.001148571 0.999987125 -0.004926771 -0.012758555 0.011220869 0.004913577 0.999924958 2.067585230
0.999869704 0.000012120 -0.016140651 -0.047219921 -0.000103311 0.999984026 -0.005648939 -0.014927208 0.016140323 0.005649871 0.999853730 2.797929764
0.999793887 -0.000827242 -0.020284388 -0.067205623 0.000713977 0.999984086 -0.005590454 -0.030794792 0.020288693 0.005574819 0.999778688 3.536899567
0.999691308 0.000999993 -0.024822049 -0.092299275 -0.001174848 0.999974608 -0.007030751 -0.032765996 0.024814386 0.007057742 0.999667048 4.292691708
0.999563575 0.003821101 -0.029289369 -0.127447948 -0.004045444 0.999962926 -0.007604105 -0.043975253 0.029259229 0.007719275 0.999541998 5.052821159
0.999413550 0.003862928 -0.034026526 -0.154449046 -0.004063875 0.999974728 -0.005838427 -0.052057207 0.034003109 0.005973282 0.999404013 5.857979298
0.999254286 0.003187613 -0.038477637 -0.189687222 -0.003315546 0.999989212 -0.003261553 -0.057270162 0.038466822 0.003386696 0.999254167 6.661170959
0.999124289 0.002748512 -0.041749313 -0.230783433 -0.002764530 0.999996126 -0.000325960 -0.067466035 0.041748259 0.000441091 0.999128044 7.464813232
0.999018073 0.004126108 -0.044111155 -0.277506351 -0.004186435 0.999990463 -0.001275324 -0.073977977 0.044105474 0.001458740 0.999025822 8.273808479
0.998919547 0.004138033 -0.046287857 -0.325520009 -0.004218733 0.999989808 -0.001645891 -0.082420312 0.046280570 0.001839389 0.998926818 9.120121002
0.998852849 0.001290954 -0.047865201 -0.368279278 -0.001398999 0.999996603 -0.002223839 -0.087580763 0.047862165 0.002288252 0.998851359 9.954265594
0.998732269 0.000706452 -0.050333232 -0.406256497 -0.000770462 0.999998927 -0.001252339 -0.096605666 0.050332293 0.001289532 0.998731732 10.806397438
0.998626649 -0.000800235 -0.052385025 -0.447949171 0.000695026 0.999997795 -0.002026557 -0.100182481 0.052386526 0.001987365 0.998624921 11.659741402
0.998562992 0.001454136 -0.053569943 -0.504155636 -0.001648929 0.999992192 -0.003592216 -0.119145587 0.053564291 0.003675388 0.998557568 12.508552551
0.998498082 0.001852683 -0.054753218 -0.562379241 -0.002206684 0.999977052 -0.006405643 -0.125650406 0.054740090 0.006516846 0.998479366 13.377142906
0.998411894 0.005743059 -0.056041647 -0.627296329 -0.006214868 0.999946594 -0.008248267 -0.136362240 0.055991281 0.008583460 0.998394310 14.247044563
0.998333991 0.006226193 -0.057361703 -0.675028682 -0.006661406 0.999950469 -0.007399091 -0.153118104 0.057312787 0.007768876 0.998326004 15.147603989
0.998255432 0.006091071 -0.058726862 -0.736287117 -0.006432715 0.999963403 -0.005630193 -0.175007850 0.058690421 0.005998144 0.998258173 16.038383484
0.998180509 0.006807814 -0.059911832 -0.797025621 -0.007088182 0.999964893 -0.004468382 -0.183211148 0.059879310 0.004884918 0.998193622 16.935628891
0.998149395 0.006486285 -0.060463455 -0.861450672 -0.006740350 0.999969304 -0.003998941 -0.203003794 0.060435660 0.004399085 0.998162329 17.838285446
0.998016059 0.006299892 -0.062643163 -0.916039824 -0.006625764 0.999965549 -0.004995660 -0.211851552 0.062609538 0.005400809 0.998023391 18.744039536
0.997963727 0.004843798 -0.063600190 -0.978054762 -0.005200981 0.999971628 -0.005451700 -0.226187885 0.063571982 0.005771381 0.997960508 19.657917023
0.997920752 0.004806232 -0.064273156 -1.035034537 -0.005048572 0.999980807 -0.003608559 -0.238676578 0.064254560 0.003925543 0.997925818 20.575628281
0.997923851 0.006724169 -0.064054683 -1.103339672 -0.006783357 0.999976754 -0.000706582 -0.244209006 0.064048447 0.001139621 0.997946143 21.498376846
0.997975469 0.007619122 -0.063142635 -1.163666844 -0.007439408 0.999967575 0.003080769 -0.253458142 0.063164055 -0.002604787 0.997999847 22.427679062
0.998099148 0.007043501 -0.061225366 -1.232974172 -0.006711453 0.999961615 0.005627338 -0.256085485 0.061262660 -0.005205730 0.998108089 23.361873627
0.998176098 0.006746546 -0.059991837 -1.283651710 -0.006351371 0.999956965 0.006775402 -0.266315222 0.060034964 -0.006382013 0.998175859 24.303472519
0.998252153 0.007119779 -0.058669202 -1.338987589 -0.006900473 0.999968529 0.003939770 -0.272536993 0.058695406 -0.003528038 0.998269677 25.248353958
0.998304546 0.007632691 -0.057703320 -1.399540067 -0.007686117 0.999970317 -0.000703973 -0.278418154 0.057696227 0.001146295 0.998333454 26.188253403
0.998369396 0.007395928 -0.056600489 -1.452501655 -0.007605699 0.999964952 -0.003491655 -0.293253601 0.056572672 0.003916449 0.998390734 27.139371872
0.998406589 0.004594409 -0.056240276 -1.500687718 -0.004743920 0.999985576 -0.002525208 -0.302131116 0.056227855 0.002787984 0.998414040 28.097488403
0.998440742 0.002974769 -0.055740081 -1.566891432 -0.002838019 0.999992788 0.002532341 -0.313048840 0.055747207 -0.002370201 0.998442054 29.070873260
0.998391390 -0.000648322 -0.056694549 -1.617671132 0.000989217 0.999981582 0.005984971 -0.323313892 0.056689616 -0.006031426 0.998373628 30.029346466
0.998289824 -0.008118700 -0.057892922 -1.665189147 0.008440303 0.999950230 0.005312748 -0.328743756 0.057846904 -0.005792294 0.998308599 31.004886627
0.998200297 -0.010207165 -0.059091818 -1.723257422 0.010307983 0.999945939 0.001401567 -0.333322167 0.059074324 -0.002008162 0.998251498 31.973928452
0.998117268 -0.009874350 -0.060534887 -1.785022020 0.009727961 0.999949038 -0.002712475 -0.338347584 0.060558591 0.002118487 0.998162329 32.950565338
0.998016715 -0.008431833 -0.062380686 -1.860292077 0.008232879 0.999960244 -0.003445692 -0.346944302 0.062407251 0.002925286 0.998046517 33.941047668
0.997964323 -0.008928956 -0.063145883 -1.916747808 0.008851720 0.999959707 -0.001502788 -0.368494153 0.063156731 0.000940779 0.998003304 34.911041260
0.997901559 -0.005922796 -0.064476885 -1.986732602 0.006016867 0.999981165 0.001264884 -0.380252004 0.064468190 -0.001650178 0.997918427 35.909107208
0.997839153 -0.005791457 -0.065447934 -2.058828115 0.005981749 0.999978423 0.002711941 -0.393015325 0.065430820 -0.003097574 0.997852266 36.888912201
0.997782826 -0.004744615 -0.066384129 -2.128549814 0.005104245 0.999973178 0.005248832 -0.399084687 0.066357464 -0.005576035 0.997780323 37.862934113
0.997790992 -0.004660855 -0.066267647 -2.191343546 0.005230318 0.999950826 0.008422481 -0.409593880 0.066225141 -0.008750476 0.997766316 38.847015381
0.997761428 0.000805651 -0.066869043 -2.269303799 -0.000095660 0.999943614 0.010620153 -0.408577502 0.066873834 -0.010589981 0.997705221 39.836006165
0.997763097 0.001243263 -0.066838428 -2.342648983 -0.000577311 0.999950051 0.009981996 -0.416231394 0.066847473 -0.009921080 0.997713864 40.811607361
0.997753859 0.001374844 -0.066972628 -2.408370256 -0.000815450 0.999964595 0.008379202 -0.419689626 0.066981770 -0.008305768 0.997719526 41.817874908
0.997742593 0.003689821 -0.067052148 -2.486510515 -0.003290457 0.999976158 0.006065493 -0.422886759 0.067072913 -0.005831168 0.997730970 42.811653137
0.997723341 0.003192528 -0.067363404 -2.564895391 -0.002776726 0.999976516 0.006265246 -0.427669585 0.067381807 -0.006063935 0.997708797 43.785091400
0.997623026 0.001211424 -0.068896815 -2.623209238 -0.000701667 0.999972224 0.007422566 -0.439649403 0.068903908 -0.007356578 0.997596145 44.762783051
0.997570574 0.001668706 -0.069643050 -2.694932938 -0.001075975 0.999962926 0.008547635 -0.446304381 0.069654740 -0.008451932 0.997535408 45.752231598
0.997557402 0.004439259 -0.069709621 -2.778086424 -0.004103745 0.999979377 0.004955493 -0.456770897 0.069730178 -0.004657317 0.997554958 46.725021362
0.997483253 0.004605294 -0.070752412 -2.842530012 -0.004548692 0.999989152 0.000961095 -0.464644670 0.070756055 -0.000636845 0.997493386 47.673118591
0.997436821 0.005626997 -0.071329959 -2.918843269 -0.005665523 0.999983907 -0.000337815 -0.470366985 0.071326904 0.000741072 0.997452676 48.644916534
0.997453809 0.004291111 -0.071186453 -2.996401787 -0.004031082 0.999984622 0.003796040 -0.491593301 0.071201660 -0.003499415 0.997455716 49.617824554
0.997418523 0.002181384 -0.071773320 -3.052079201 -0.001716018 0.999977112 0.006544852 -0.495433241 0.071785942 -0.006404792 0.997399390 50.574165344
0.997410476 0.000528500 -0.071916416 -3.124375820 -0.000010726 0.999974072 0.007199858 -0.504735470 0.071918361 -0.007180443 0.997384608 51.537418365
0.997369647 -0.002812131 -0.072429486 -3.190724611 0.003245263 0.999977529 0.005863069 -0.511393785 0.072411381 -0.006082700 0.997356236 52.494094849
0.997329950 -0.006155920 -0.072767533 -3.249764919 0.006520239 0.999967396 0.004770122 -0.517381787 0.072735786 -0.005231847 0.997337520 53.431446075
0.997255683 -0.007487330 -0.073654406 -3.323442936 0.007943299 0.999951124 0.005899668 -0.525949717 0.073606610 -0.006468536 0.997266471 54.384181976
0.997126341 -0.010894541 -0.074968919 -3.387792110 0.011682532 0.999880970 0.010080395 -0.529986680 0.074850172 -0.010927254 0.997134924 55.333450317
0.997086823 -0.011153233 -0.075454161 -3.459649563 0.012313318 0.999812782 0.014926993 -0.531495810 0.075273558 -0.015812598 0.997037530 56.268344879
0.997076988 -0.009349822 -0.075827546 -3.540447950 0.010672051 0.999797642 0.017050900 -0.530089796 0.075652778 -0.017810294 0.996975124 57.217300415
0.996993601 -0.008067552 -0.077061825 -3.618372440 0.009081406 0.999876618 0.012814975 -0.528493345 0.076948941 -0.013476277 0.996943891 58.145835876
0.996871114 -0.006563476 -0.078770176 -3.688574791 0.006991332 0.999962270 0.005157135 -0.533551395 0.078733355 -0.005691706 0.996879458 59.058185577
0.996821702 -0.004779635 -0.079521336 -3.770687819 0.004842251 0.999988079 0.000594590 -0.545940816 0.079517543 -0.000977763 0.996832967 59.973213196
0.996793926 0.000585421 -0.080009371 -3.858785868 -0.000459415 0.999998569 0.001593278 -0.557963312 0.080010198 -0.001551412 0.996792853 60.873741150
0.996658623 0.003128034 -0.081621356 -3.938834190 -0.002807792 0.999987900 0.004037994 -0.570903003 0.081633016 -0.003795325 0.996655226 61.771984100
0.996566415 0.005632177 -0.082604975 -4.013334274 -0.005212829 0.999972403 0.005291339 -0.581752896 0.082632490 -0.004842566 0.996568263 62.650444031
0.996444404 0.006133724 -0.084028400 -4.087611198 -0.005742968 0.999971569 0.004891220 -0.587556362 0.084055997 -0.004391257 0.996451318 63.518516541
0.996314168 0.007827581 -0.085421212 -4.167198181 -0.007345890 0.999955356 0.005951881 -0.597614408 0.085463978 -0.005302448 0.996327102 64.365646362
0.996179104 0.008916412 -0.086877264 -4.245663643 -0.008377768 0.999943435 0.006562704 -0.608042419 0.086930864 -0.005809791 0.996197343 65.205848694
0.996075451 0.008332171 -0.088115208 -4.318912983 -0.007735372 0.999944806 0.007112220 -0.619302571 0.088169590 -0.006402704 0.996084869 66.016876221
0.995975196 0.008028476 -0.089269437 -4.392416000 -0.007325229 0.999939561 0.008202624 -0.625065029 0.089329913 -0.007515690 0.995973706 66.820381165
0.995827079 0.010893126 -0.090607300 -4.472123623 -0.009949177 0.999891460 0.010863165 -0.629714489 0.090715803 -0.009916363 0.995827436 67.622596741
0.995677412 0.012450707 -0.092040546 -4.549220085 -0.011126197 0.999827206 0.014889665 -0.633223176 0.092210017 -0.013801241 0.995643973 68.411529541
0.995493054 0.015438440 -0.093569413 -4.632755280 -0.013941259 0.999764383 0.016633403 -0.636860609 0.093804166 -0.015253961 0.995473683 69.187171936
0.995347023 0.018427385 -0.094575599 -4.715092659 -0.017313575 0.999770999 0.012584064 -0.643935621 0.094785824 -0.010888068 0.995438099 69.929092407
0.995184600 0.018396126 -0.096275367 -4.783756256 -0.017957201 0.999824107 0.005423572 -0.650988579 0.096358180 -0.003668620 0.995339930 70.650077820
0.995072842 0.017567743 -0.097579084 -4.858628273 -0.017690532 0.999843419 -0.000393209 -0.659654200 0.097556911 0.002117498 0.995227635 71.363655090
0.995017350 0.018060425 -0.098052487 -4.930772305 -0.018304825 0.999831200 -0.001593429 -0.664565265 0.098007157 0.003380324 0.995179892 72.055473328
0.994904459 0.020965857 -0.098618649 -5.010366440 -0.020865398 0.999780238 0.002050036 -0.674718618 0.098639920 0.000018127 0.995123208 72.731620789
0.994775295 0.021367457 -0.099828102 -5.082458019 -0.021036685 0.999769151 0.004365009 -0.690888941 0.099898331 -0.002242151 0.994995058 73.383552551
0.994754136 0.018181313 -0.100666001 -5.147927284 -0.018183529 0.999834299 0.000895664 -0.697819531 0.100665592 0.000939497 0.994919837 74.013229370
0.994837701 0.009975093 -0.100986838 -5.194313526 -0.010449963 0.999936700 -0.004174375 -0.712910414 0.100938804 0.005208135 0.994878948 74.626243591
0.994962215 0.006074994 -0.100065902 -5.246935844 -0.007030230 0.999933004 -0.009196219 -0.718209207 0.100003317 0.009853380 0.994938314 75.227920532
0.995234430 0.008204938 -0.097164966 -5.303615093 -0.009165036 0.999913454 -0.009438915 -0.728557110 0.097079121 0.010284455 0.995223463 75.815460205
0.995591044 0.013280257 -0.092855543 -5.369516373 -0.013923381 0.999883235 -0.006281657 -0.744959354 0.092761286 0.007546823 0.995659709 76.375389099
0.996026278 0.011745154 -0.088282034 -5.418093204 -0.012077088 0.999921799 -0.003226705 -0.753795862 0.088237226 0.004280073 0.996090233 76.933662415
0.996559441 0.008101903 -0.082484759 -5.453933239 -0.008072622 0.999967158 0.000688523 -0.760001659 0.082487613 -0.000020287 0.996592104 77.477317810
0.997239947 0.003479962 -0.074164450 -5.483411789 -0.003180662 0.999986291 0.004153334 -0.773887277 0.074177876 -0.003905978 0.997237384 78.005119324
0.997932732 0.007196149 -0.063862927 -5.508828640 -0.006941771 0.999967158 0.004204176 -0.784847319 0.063891068 -0.003752163 0.997949779 78.521850586
0.998735905 0.012439700 -0.048701342 -5.537399769 -0.012276667 0.999918103 0.003645335 -0.790806353 0.048742697 -0.003042838 0.998806715 79.026260376
0.999385238 0.017358631 -0.030460130 -5.551985741 -0.017242111 0.999843061 0.004083883 -0.795659661 0.030526232 -0.003556175 0.999527633 79.519126892
0.999836802 0.015938018 -0.008507159 -5.538702965 -0.015898913 0.999862909 0.004644849 -0.801813841 0.008580007 -0.004508837 0.999953032 79.998428345
0.999767363 0.012544292 0.017544964 -5.505996704 -0.012643411 0.999904692 0.005549836 -0.807884336 -0.017473672 -0.005770372 0.999830723 80.453804016
0.998839200 0.011433220 0.046792604 -5.458938599 -0.011777375 0.999905586 0.007085835 -0.815510035 -0.046707172 -0.007628703 0.998879373 80.909278870
0.996743858 0.010843514 0.079901196 -5.402293682 -0.011574568 0.999895334 0.008692008 -0.824658453 -0.079798549 -0.009588526 0.996764839 81.358749390
0.993000746 0.011044653 0.117590636 -5.327073097 -0.012166726 0.999887049 0.008828619 -0.825611770 -0.117479838 -0.010197518 0.993022799 81.800712585
0.987184525 0.010911476 0.159209266 -5.239843369 -0.012493471 0.999881983 0.008939003 -0.832959116 -0.159092948 -0.010813523 0.987204373 82.209281921
0.978840053 0.010592336 0.204352498 -5.124940872 -0.012622099 0.999883115 0.008631742 -0.836633563 -0.204237178 -0.011028452 0.978859246 82.625465393
0.967340171 0.012757201 0.253160447 -4.987649918 -0.014898011 0.999867678 0.006541045 -0.845514774 -0.253043473 -0.010099004 0.967402220 83.027481079
0.951727748 0.013804400 0.306632936 -4.839365005 -0.015689215 0.999870181 0.003682750 -0.853304863 -0.306542277 -0.008315806 0.951820672 83.411315918
0.931952477 0.014425283 0.362293243 -4.658123016 -0.015832001 0.999874234 0.000914185 -0.852602959 -0.362234503 -0.006587805 0.932063699 83.779693604
0.907687306 0.013947085 0.419415295 -4.467933655 -0.015238976 0.999883890 -0.000269993 -0.868316054 -0.419370353 -0.006146392 0.907794356 84.111549377
0.878980696 0.014018899 0.476651251 -4.250988007 -0.014442777 0.999891877 -0.002774478 -0.871097803 -0.476638556 -0.004445456 0.879088044 84.414421082
0.845455229 0.013010700 0.533887863 -4.009052277 -0.012179777 0.999912918 -0.005079932 -0.875824571 -0.533907533 -0.002207782 0.845539987 84.717903137
0.808478057 0.012515925 0.588393033 -3.748233795 -0.010815901 0.999921024 -0.006408161 -0.884638548 -0.588426769 -0.001183144 0.808549583 85.007041931
0.768704414 0.011510921 0.639500618 -3.470291138 -0.009871983 0.999932468 -0.006132141 -0.889183342 -0.639527977 -0.001599337 0.768766046 85.273414612
0.726222873 0.011232037 0.687367499 -3.177173615 -0.011347543 0.999926150 -0.004350456 -0.894149065 -0.687365532 -0.004640532 0.726296723 85.518081665
0.681554973 0.010115705 0.731697023 -2.874881744 -0.009993993 0.999939859 -0.004515043 -0.898799896 -0.731698692 -0.004235324 0.681615114 85.732467651
0.635694504 0.008191657 0.771897256 -2.544231415 -0.006540401 0.999965012 -0.005225661 -0.913205028 -0.771912992 -0.001726595 0.635725737 85.933181763
0.588740706 0.005392326 0.808304071 -2.203037262 0.000290509 0.999976277 -0.006882600 -0.911960602 -0.808321953 0.004286885 0.588725090 86.125991821
0.543499053 0.007011026 0.839380503 -1.869770050 -0.002183219 0.999973536 -0.006938765 -0.930584133 -0.839406908 0.001938660 0.543500006 86.269737244
0.496895850 0.009961175 0.867752969 -1.529186249 -0.005701528 0.999950051 -0.008213870 -0.937349081 -0.867791474 -0.000866080 0.496927768 86.421585083
0.451561213 0.011876361 0.892161131 -1.185768127 -0.006171705 0.999929130 -0.010187191 -0.946999907 -0.892218828 -0.000906014 0.451602519 86.555755615
0.408840775 0.009935435 0.912551701 -0.834077835 0.000999847 0.999935329 -0.011334779 -0.946567774 -0.912605107 0.005546531 0.408804387 86.670112610
0.368780613 0.001555921 0.929515243 -0.465021133 0.015686307 0.999845803 -0.007897114 -0.961421013 -0.929383993 0.017492963 0.368699312 86.770133972
0.333451957 -0.001213892 0.942766309 -0.096078873 0.019691143 0.999790013 -0.005677349 -0.958145738 -0.942561388 0.020457270 0.333405912 86.860862732
0.300157398 0.002650954 0.953886032 0.273105621 0.017627625 0.999809980 -0.008325434 -0.965499222 -0.953726828 0.019313689 0.300053686 86.964080811
0.269133836 0.010330779 0.963047445 0.640802383 0.006658001 0.999898672 -0.012586741 -0.981169462 -0.963079810 0.009799489 0.269037783 87.062896729
0.240819752 0.014441205 0.970462382 1.019744873 0.001741888 0.999881268 -0.015311227 -0.999897480 -0.970568359 0.005377683 0.240765989 87.145408630
0.215194523 0.016114818 0.976438284 1.412384033 0.003144018 0.999847233 -0.017194055 -1.014508843 -0.976566136 0.006770008 0.215111032 87.211692810
0.191417336 0.017536640 0.981352091 1.825094223 0.010570888 0.999745548 -0.019927230 -1.025232911 -0.981451929 0.014188182 0.191183254 87.273117065
0.171740025 0.023751233 0.984855950 2.235496521 0.016870834 0.999491870 -0.027046144 -1.025472164 -0.984997869 0.021260248 0.171252057 87.313003540
0.151941150 0.030918432 0.987905920 2.662055969 0.019049780 0.999233425 -0.034202840 -1.020672917 -0.988205850 0.024016211 0.151235715 87.365913391
0.134274632 0.031484179 0.990443885 3.101751328 0.016864974 0.999277830 -0.034051385 -1.034547687 -0.990800560 0.021276051 0.133646697 87.422264099
0.118985943 0.027243916 0.992522061 3.560300827 0.014795601 0.999463856 -0.029208198 -1.057503104 -0.992785692 0.018160328 0.118519068 87.470024109
0.104329824 0.024070738 0.994251370 4.034066200 0.015356658 0.999548912 -0.025810411 -1.076944947 -0.994424164 0.017961174 0.103913106 87.515258789
0.091192059 0.021585923 0.995599329 4.517140865 0.017860854 0.999568760 -0.023307957 -1.091934800 -0.995673120 0.019907754 0.090767190 87.546867371
0.079507232 0.020870652 0.996615767 5.009222984 0.021520676 0.999511778 -0.022648161 -1.106419802 -0.996601939 0.023248540 0.079019263 87.573204041
0.069369763 0.021623157 0.997356594 5.526090622 0.024822848 0.999418080 -0.023394370 -1.120462418 -0.997282207 0.026380090 0.068792641 87.602867126
0.061632201 0.021948038 0.997857690 6.052778244 0.027088970 0.999353111 -0.023654075 -1.136098623 -0.997731209 0.028488783 0.060997788 87.627746582
0.056092128 0.022224383 0.998178184 6.601455212 0.028790910 0.999300480 -0.023867263 -1.151809812 -0.998010337 0.030077223 0.055413026 87.653709412
0.050435610 0.023198174 0.998457789 7.165770531 0.030103227 0.999240696 -0.024736978 -1.169224381 -0.998273551 0.031304426 0.049698967 87.680099487
0.044628136 0.023982525 0.998715758 7.753030300 0.030585885 0.999210358 -0.025361152 -1.183313012 -0.998535335 0.031678423 0.043859370 87.699729919
0.040078670 0.023808297 0.998912871 8.356375694 0.033098627 0.999135792 -0.025141612 -1.201398730 -0.998648167 0.034070283 0.039256006 87.719909668
0.037256781 0.024081822 0.999015510 8.976137161 0.034433443 0.999085069 -0.025367636 -1.217785120 -0.998712242 0.035344660 0.036393471 87.739547729
0.034277659 0.023472723 0.999136627 9.615175247 0.035570771 0.999062121 -0.024691310 -1.237537503 -0.998779118 0.036386415 0.033410568 87.757385254
0.031813167 0.022785842 0.999234080 10.270082474 0.037509695 0.999008596 -0.023974922 -1.257589579 -0.998789728 0.038243674 0.030926937 87.776649475
0.031319331 0.022475913 0.999256730 10.945896149 0.042372618 0.998818398 -0.023794131 -1.275794148 -0.998610854 0.043086335 0.030329959 87.788574219
0.032406069 0.022019671 0.999232233 11.642456055 0.045806736 0.998674154 -0.023492930 -1.296081543 -0.998424530 0.046532873 0.031354450 87.805358887
0.034515206 0.022085199 0.999160111 12.348180771 0.046950649 0.998616099 -0.023695046 -1.313960671 -0.998300612 0.047729053 0.033430528 87.829490662
0.038317692 0.022219736 0.999018550 13.070672989 0.049352098 0.998490691 -0.024100911 -1.332545638 -0.998046100 0.050227143 0.037163269 87.858276367
0.042854361 0.021326143 0.998853683 13.804410934 0.050014153 0.998472869 -0.023463799 -1.358321548 -0.997828603 0.050962340 0.041722320 87.888038635
0.046805259 0.019940097 0.998705029 14.564832687 0.051403515 0.998428106 -0.022343643 -1.375586629 -0.997580469 0.052382756 0.045706693 87.922691345
0.050535634 0.018290468 0.998554826 15.327950478 0.051114447 0.998474658 -0.020875838 -1.397791624 -0.997413337 0.052095555 0.049523640 87.968093872
0.054758675 0.016030235 0.998370945 16.106042862 0.048127826 0.998666525 -0.018674698 -1.421518326 -0.997339070 0.049072023 0.053914156 88.019500732
0.058670193 0.015186177 0.998161852 16.914699554 0.047140256 0.998726785 -0.017965589 -1.438400984 -0.997163773 0.048107646 0.057879597 88.072334290
0.062778786 0.016329942 0.997893751 17.717411041 0.044319417 0.998834252 -0.019133519 -1.457565784 -0.997042954 0.045427252 0.061981849 88.134033203
0.065801591 0.020176586 0.997628748 18.509418488 0.041866310 0.998859465 -0.022962891 -1.487752318 -0.996954083 0.043278016 0.064881824 88.187995911
0.067325801 0.025415782 0.997407317 19.324031830 0.036251780 0.998953104 -0.027902199 -1.515201569 -0.997072160 0.038036339 0.066333957 88.253219604
0.067304790 0.028645363 0.997321069 20.133769989 0.033482593 0.998959899 -0.030952020 -1.540771604 -0.997170448 0.035476122 0.066275656 88.309906006
0.067194633 0.028419210 0.997335076 20.947475433 0.031179035 0.999046206 -0.030568630 -1.571124792 -0.997252584 0.033149991 0.066244453 88.375419617
0.067402944 0.026366029 0.997377396 21.778034210 0.028506629 0.999191761 -0.028340483 -1.607776403 -0.997318625 0.030342098 0.066596851 88.437522888
0.067012377 0.025268165 0.997432172 22.596393585 0.029334463 0.999197245 -0.027283715 -1.638189912 -0.997320890 0.031087479 0.066217355 88.500968933
0.067164101 0.024322588 0.997445583 23.409406662 0.026929606 0.999294341 -0.026181014 -1.676899433 -0.997378469 0.028619235 0.066461720 88.564956665
0.067523718 0.024362585 0.997420251 24.216215134 0.025046114 0.999345362 -0.026105199 -1.711186647 -0.997403264 0.026744217 0.066869333 88.619361877
0.067764416 0.024895253 0.997390687 25.049503326 0.021934962 0.999409854 -0.026435949 -1.748603106 -0.997460127 0.023669140 0.067178346 88.680587769
0.066683777 0.026235441 0.997429192 25.859735489 0.019086620 0.999437869 -0.027564319 -1.780671597 -0.997591555 0.020875646 0.066145554 88.738945007
0.063377634 0.026032163 0.997649968 26.672664642 0.015821433 0.999507964 -0.027085723 -1.812889576 -0.997864127 0.017500883 0.062934585 88.804466248
0.059360474 0.025022499 0.997922957 27.481685638 0.013462342 0.999574900 -0.025864711 -1.841866851 -0.998145878 0.014969722 0.058998372 88.861671448
0.054982845 0.022370007 0.998236537 28.294225693 0.011310580 0.999670923 -0.023025133 -1.877117276 -0.998423159 0.012556624 0.054711733 88.899085999
0.048809797 0.020103533 0.998605728 29.106019974 0.009072833 0.999747276 -0.020569975 -1.908856392 -0.998766780 0.010064198 0.048615064 88.942649841
0.041237447 0.020359667 0.998941898 29.915103912 0.008851863 0.999745727 -0.020741465 -1.938019037 -0.999110162 0.009697821 0.041046731 88.977775574
0.032728892 0.021408154 0.999234915 30.717575073 0.008281355 0.999730408 -0.021690018 -1.964876294 -0.999429941 0.008984910 0.032542780 89.001609802
0.022755239 0.021881837 0.999501586 31.519641876 0.008873400 0.999716640 -0.022088563 -1.988986731 -0.999701560 0.009371609 0.022554629 89.019630432
0.012207391 0.020967470 0.999705613 32.321376801 0.010762519 0.999719441 -0.021099184 -2.017589569 -0.999867618 0.011016916 0.011978300 89.033081055
0.001637311 0.020206815 0.999794483 33.116352081 0.009336537 0.999751985 -0.020221245 -2.043817043 -0.999954998 0.009367727 0.001448243 89.031394958
-0.009221010 0.019474190 0.999767840 33.905044556 0.010931456 0.999752581 -0.019373069 -2.069066286 -0.999897778 0.010750277 -0.009431609 89.019462585
-0.020413240 0.019791735 0.999595702 34.688610077 0.011072507 0.999747157 -0.019568618 -2.096942663 -0.999730349 0.010668571 -0.020627229 89.003730774
-0.031488709 0.020559784 0.999292612 35.467891693 0.011193017 0.999732971 -0.020216143 -2.121270180 -0.999441504 0.010548520 -0.031710427 88.978370667
-0.041974653 0.021350691 0.998890519 36.247238159 0.010672725 0.999724209 -0.020920029 -2.151382923 -0.999061644 0.009782773 -0.042190943 88.941001892
-0.052427243 0.022542104 0.998370349 37.012577057 0.011487719 0.999692678 -0.021968709 -2.174407721 -0.998558640 0.010317236 -0.052670091 88.901763916
-0.061698541 0.023113152 0.997827232 37.768203735 0.012604913 0.999670267 -0.022376442 -2.204896927 -0.998015165 0.011196930 -0.061969534 88.844284058
-0.071573965 0.023555521 0.997157037 38.535728455 0.013057323 0.999657631 -0.022677353 -2.237292051 -0.997349799 0.011397094 -0.071857028 88.796913147
-0.081073076 0.024011131 0.996418893 39.276115417 0.013657669 0.999642849 -0.022977568 -2.264151096 -0.996614575 0.011745897 -0.081372038 88.738655090
-0.089619517 0.023328668 0.995702803 40.008010864 0.014987304 0.999644041 -0.022072054 -2.291083574 -0.995863199 0.012944811 -0.089937255 88.666809082
-0.096990988 0.022314092 0.995035172 40.732501984 0.016313590 0.999650002 -0.020827416 -2.317662239 -0.995151520 0.014212521 -0.097321063 88.594139099
-0.102097519 0.020635175 0.994560301 41.474487305 0.019862305 0.999627769 -0.018701334 -2.346541643 -0.994576037 0.017844897 -0.102469370 88.509819031
-0.105280578 0.019130565 0.994258404 42.180110931 0.023402426 0.999585629 -0.016755020 -2.367949724 -0.994167089 0.021504080 -0.105684645 88.419288635
-0.108472928 0.018187923 0.993932962 42.892177582 0.024575502 0.999576271 -0.015609137 -2.389113903 -0.993795574 0.022733232 -0.108873911 88.349777222
-0.110196963 0.017216222 0.993760645 43.576808929 0.024639996 0.999590039 -0.014584912 -2.412988663 -0.993604302 0.022879047 -0.110575989 88.275596619
-0.111329608 0.017559875 0.993628383 44.243682861 0.025582042 0.999563158 -0.014798456 -2.435338497 -0.993454158 0.023771537 -0.111730196 88.205688477
-0.110319786 0.018562822 0.993722796 44.897983551 0.026129980 0.999534130 -0.015770515 -2.455382586 -0.993552506 0.024226157 -0.110753424 88.134078979
-0.106845789 0.020227285 0.994069815 45.522220612 0.027255256 0.999476969 -0.017407825 -2.476388216 -0.993901908 0.025233675 -0.107341200 88.058555603
-0.101883113 0.020813342 0.994578719 46.150070190 0.027307617 0.999462903 -0.018118206 -2.497322559 -0.994421363 0.025313631 -0.102396764 87.997222900
-0.093896315 0.021559736 0.995348513 46.748497009 0.026794512 0.999458075 -0.019121090 -2.516878128 -0.995221257 0.024874477 -0.094423100 87.946960449
-0.082753897 0.021469073 0.996338665 47.328861237 0.025436128 0.999487817 -0.019424252 -2.540736437 -0.996245265 0.023735572 -0.083257586 87.910102844
-0.069117323 0.021593431 0.997374773 47.874286652 0.024722634 0.999495745 -0.019926090 -2.564932585 -0.997302175 0.023280492 -0.069616303 87.881858826
-0.052217662 0.022760887 0.998376191 48.415386200 0.023815122 0.999484360 -0.021540554 -2.592278481 -0.998351693 0.022651657 -0.052732769 87.873527527
-0.030910332 0.025315726 0.999201477 48.955425262 0.021708982 0.999460399 -0.024650717 -2.614596367 -0.999286354 0.020929687 -0.031443227 87.870880127
-0.006217536 0.028434966 0.999576330 49.478702545 0.019673491 0.999405622 -0.028307742 -2.637118101 -0.999787152 0.019489150 -0.006773254 87.886581421
0.021956535 0.030174647 0.999303460 49.996028900 0.017919967 0.999372005 -0.030570447 -2.658411980 -0.999598265 0.018578712 0.021402024 87.921394348
0.055168986 0.029656971 0.998036444 50.507759094 0.014931006 0.999422491 -0.030523509 -2.681663990 -0.998365402 0.016585642 0.054694325 87.970565796
0.094290808 0.027009806 0.995178163 50.976787567 0.013699790 0.999501944 -0.028425183 -2.706839561 -0.995450437 0.016313966 0.093873844 88.010452271
0.135998040 0.023378663 0.990433216 51.501663208 0.012638569 0.999599218 -0.025330447 -2.724224091 -0.990628600 0.015962545 0.135648042 88.114799500
0.181647062 0.019131778 0.983177662 51.992923737 0.009935653 0.999724030 -0.021289419 -2.744090557 -0.983313620 0.013635670 0.181406811 88.226821899
0.230110139 0.015863840 0.973035276 52.477272034 0.005608045 0.999828875 -0.017626900 -2.760900259 -0.973148406 0.009512952 0.229981810 88.369796753
0.281822264 0.014123504 0.959362686 52.942089081 0.001427658 0.999884427 -0.015139446 -2.782889366 -0.959465623 0.005636274 0.281769514 88.539871216
0.336792916 0.013681773 0.941479266 53.386096954 0.000066306 0.999894142 -0.014554391 -2.801352262 -0.941578805 0.004964242 0.336756319 88.731781006
0.391701251 0.015024967 0.919969738 53.807506561 0.002523877 0.999845386 -0.017404104 -2.808004141 -0.920089006 0.009139100 0.391602725 88.972335815
0.452350527 0.017493606 0.891668618 54.225173950 0.003666870 0.999762714 -0.021474531 -2.831799984 -0.891832650 0.012983647 0.452178955 89.209625244
0.512491345 0.021062333 0.858434021 54.622520447 0.004384113 0.999621928 -0.027143830 -2.847354174 -0.858681262 0.017674448 0.512205124 89.475502014
0.571274877 0.025894715 0.820350230 54.979476929 0.000795590 0.999484241 -0.032103188 -2.848477602 -0.820758462 0.018992407 0.570959568 89.760604858
0.624256790 0.029763062 0.780652106 55.291343689 -0.004042829 0.999383748 -0.034869500 -2.859953880 -0.781208694 0.018611481 0.623992383 90.102310181
0.677642524 0.029896805 0.734783590 55.617942810 -0.005498707 0.999351442 -0.035590414 -2.883580446 -0.735370874 0.020077219 0.677367270 90.444747925
0.726264477 0.027273057 0.686874211 55.906547546 -0.005492819 0.999411047 -0.033874840 -2.907905579 -0.687393427 0.020829218 0.725986421 90.806854248
0.770108581 0.025715081 0.637394428 56.138137817 -0.008724064 0.999518335 -0.029784095 -2.909710169 -0.637853205 0.017376317 0.769961834 91.184204102
0.812468052 0.021899074 0.582594156 56.410171509 -0.010060930 0.999672115 -0.023545906 -2.911829233 -0.582918763 0.013268856 0.812422037 91.596504211
0.849124968 0.019965693 0.527814448 56.629467010 -0.012783394 0.999769390 -0.017253017 -2.919984102 -0.528037250 0.007902704 0.849184394 92.020805359
0.879960418 0.016866896 0.474747390 56.808998108 -0.013830972 0.999855399 -0.009886841 -2.928534031 -0.474845588 0.002133810 0.880066574 92.453506470
0.905542016 0.017930262 0.423877299 56.969238281 -0.017877189 0.999831736 -0.004101887 -2.941637993 -0.423879504 -0.003863303 0.905710220 92.885795593
0.925321221 0.019457521 0.378684312 57.080104828 -0.021121813 0.999776840 0.000241052 -2.963309526 -0.378595114 -0.008221553 0.925525725 93.283576965
0.940456450 0.024919156 0.338999569 57.205913544 -0.027520910 0.999617159 0.002869040 -2.969267130 -0.338798255 -0.012027783 0.940782189 93.737464905
0.952349901 0.029086135 0.303617537 57.317970276 -0.031219089 0.999510229 0.002172489 -2.971477985 -0.303405643 -0.011547630 0.952791572 94.198921204
0.961450815 0.031469334 0.273170412 57.421028137 -0.033359244 0.999440849 0.002275260 -2.970896482 -0.272946060 -0.011300308 0.961962938 94.663764954
0.967532218 0.026173752 0.251389056 57.530082703 -0.027694866 0.999613345 0.002514200 -2.975023031 -0.251226008 -0.009394755 0.967882872 95.131233215
0.971464813 0.023390466 0.236027926 57.635658264 -0.024921689 0.999683321 0.003505890 -2.987190008 -0.235871166 -0.009288062 0.971740007 95.612922668
0.974355042 0.027695199 0.223305315 57.728622437 -0.029172935 0.999568880 0.003320740 -2.992204428 -0.223116994 -0.009750050 0.974742949 96.113006592
0.976339459 0.033259593 0.213670656 57.819126129 -0.034994978 0.999378085 0.004343440 -2.994420528 -0.213393331 -0.011718070 0.976896167 96.624092102
0.977471113 0.039444979 0.207350299 57.922973633 -0.040790685 0.999165237 0.002216890 -2.980743647 -0.207089722 -0.010624909 0.978264213 97.113281250
0.977786303 0.045292113 0.204651803 58.014579773 -0.046022948 0.998939574 -0.001189727 -2.986575842 -0.204488695 -0.008255380 0.978834033 97.631912231
0.977935433 0.046839014 0.203589022 58.124359131 -0.047027089 0.998885989 -0.003916646 -2.992316961 -0.203545660 -0.005743972 0.979048550 98.169830322
0.977347136 0.045922551 0.206600010 58.232673645 -0.045346007 0.998942852 -0.007527711 -3.003357649 -0.206727326 -0.002011297 0.978396416 98.707153320
0.976602852 0.044908345 0.210309327 58.356689453 -0.042908307 0.998979986 -0.014065808 -3.008933544 -0.210726470 0.004712690 0.977533638 99.261825562
0.975894570 0.043753803 0.213812053 58.493915558 -0.040652648 0.998994946 -0.018881658 -3.009315491 -0.214423284 0.009734477 0.976692259 99.811912537
0.974612772 0.048666678 0.218543977 58.610366821 -0.045684837 0.998781264 -0.018679671 -3.018793106 -0.219186679 0.008221304 0.975648224 100.397041321
0.973186374 0.051689193 0.224134833 58.740013123 -0.049662050 0.998658240 -0.014675961 -3.031474113 -0.224592656 0.003151449 0.974447608 100.984512329
0.972255588 0.048334289 0.228873014 58.885364532 -0.047267046 0.998830795 -0.010145905 -3.042489529 -0.229095772 -0.000953737 0.973403394 101.580207825
0.971530318 0.044356726 0.232725993 59.036872864 -0.044537041 0.998997748 -0.004482411 -3.055121660 -0.232691556 -0.006010128 0.972531974 102.204559326
0.970774591 0.041896001 0.236307994 59.192344666 -0.043231919 0.999064922 0.000472340 -3.067446709 -0.236067206 -0.010674581 0.971678078 102.825126648
0.970184207 0.037128400 0.239508316 59.349254608 -0.038512748 0.999257505 0.001100682 -3.074470520 -0.239289612 -0.010291989 0.970893681 103.463088989
0.970210493 0.033624794 0.239918649 59.509193420 -0.034073178 0.999416828 -0.002280049 -3.078787804 -0.239855334 -0.005962665 0.970790327 104.106201172
0.970379770 0.033082776 0.239309251 59.672122955 -0.031830031 0.999451935 -0.009098823 -3.089383125 -0.239479080 0.001212092 0.970900774 104.750091553
0.970559239 0.035438322 0.238241047 59.831108093 -0.032661598 0.999344826 -0.015593793 -3.101037502 -0.238637596 0.007353367 0.971080780 105.391532898
0.971168458 0.038165025 0.235319167 59.988906860 -0.034547616 0.999213278 -0.019477546 -3.108586788 -0.235877365 0.010786263 0.971723020 106.068473816
0.971710682 0.036977604 0.233261347 60.147212982 -0.034341346 0.999292254 -0.015354329 -3.117341042 -0.233663976 0.006909458 0.972292840 106.763442993
0.972099185 0.032904513 0.232250333 60.311683655 -0.032005724 0.999458492 -0.007638122 -3.133102417 -0.232375875 -0.000008326 0.972626090 107.475616455
0.972730875 0.033318259 0.229530931 60.483428955 -0.033862695 0.999425292 -0.001567674 -3.148938894 -0.229451269 -0.006247608 0.973300040 108.198402405
0.972968876 0.036729258 0.227996856 60.641136169 -0.037167974 0.999306202 -0.002370632 -3.158413172 -0.227925763 -0.006167629 0.973659098 108.929557800
0.973299980 0.042328693 0.225599423 60.798652649 -0.041826490 0.999100387 -0.007007449 -3.167033672 -0.225693077 -0.002615680 0.974194944 109.656806946
0.974138081 0.043197971 0.221785411 60.961685181 -0.041547064 0.999063253 -0.012105907 -3.178716660 -0.222100571 0.002578295 0.975020349 110.392593384
0.975082040 0.041743100 0.217881843 61.129104614 -0.039368764 0.999108672 -0.015228930 -3.187644482 -0.218323350 0.006271719 0.975856364 111.149826050
0.976070762 0.039708726 0.213796869 61.297397614 -0.037668381 0.999197662 -0.013610364 -3.201121330 -0.214165762 0.005231297 0.976783335 111.923454285
0.976876080 0.036127161 0.210731536 61.461601257 -0.034498185 0.999339759 -0.011402447 -3.219499111 -0.211004302 0.003868923 0.977477431 112.698692322
0.977294385 0.034728058 0.209020481 61.627540588 -0.033690117 0.999396026 -0.008525092 -3.234284878 -0.209190264 0.001289601 0.977874100 113.492965698
0.977635860 0.032032594 0.207851082 61.794380188 -0.031401642 0.999486804 -0.006335211 -3.245503426 -0.207947314 -0.000333336 0.978139937 114.291465759
0.977864385 0.026626265 0.207538620 61.965507507 -0.026154621 0.999645352 -0.005016659 -3.260079861 -0.207598552 -0.000522482 0.978213966 115.079399109
0.977981567 0.027263587 0.206902981 62.129829407 -0.027125038 0.999625981 -0.003506977 -3.270760536 -0.206921160 -0.002182493 0.978355169 115.882133484
0.977767527 0.032766484 0.207116306 62.295715332 -0.032307770 0.999462306 -0.005597718 -3.278083324 -0.207188383 -0.001218200 0.978300273 116.704277039
0.977459610 0.038272180 0.207624510 62.460071564 -0.037271280 0.999267220 -0.008731863 -3.295870543 -0.207806483 0.000796613 0.978169560 117.514007568
0.976880431 0.046950892 0.208567187 62.622222900 -0.045811258 0.998897135 -0.010293987 -3.306408405 -0.208820447 0.000501270 0.977953911 118.345695496
0.975958228 0.052829675 0.211458072 62.787979126 -0.051895134 0.998602867 -0.009970656 -3.318825245 -0.211689338 -0.001242700 0.977336109 119.171607971
0.975133002 0.055412035 0.214581385 62.956527710 -0.055017088 0.998454928 -0.007817257 -3.339945078 -0.214682981 -0.004182775 0.976674736 120.017364502
0.974555850 0.056133199 0.217002019 63.140026093 -0.055618674 0.998416066 -0.008482738 -3.362159967 -0.217134506 -0.003802463 0.976134241 120.844833374
0.974228382 0.054490611 0.218882889 63.323516846 -0.053265277 0.998514235 -0.011499743 -3.372882366 -0.219184324 -0.000455481 0.975683391 121.676406860
0.974202394 0.048306875 0.220445320 63.514808655 -0.047277905 0.998832226 -0.009944503 -3.391731024 -0.220668256 -0.000734232 0.975348711 122.523635864
0.974491358 0.041955907 0.220468000 63.714641571 -0.040418301 0.999116838 -0.011482671 -3.413593769 -0.220755041 0.002278822 0.975326598 123.347587585
0.974300206 0.040834460 0.221521005 63.904647827 -0.039282542 0.999163151 -0.011408732 -3.435322762 -0.221801490 0.002413620 0.975088775 124.173797607
0.973707438 0.043438517 0.223622248 64.089561462 -0.042593721 0.999055386 -0.008602304 -3.451265812 -0.223784745 -0.001148777 0.974637926 125.021820068
0.973241627 0.045646772 0.225204587 64.269256592 -0.046174414 0.998929143 -0.002926328 -3.465912104 -0.225097001 -0.007550667 0.974307060 125.863594055
0.972850740 0.049625125 0.226049826 64.455131531 -0.051215112 0.998686910 0.001170992 -3.484457254 -0.225694895 -0.012716367 0.974115014 126.705291748
0.972691119 0.048683342 0.226940393 64.642700195 -0.048778817 0.998796165 -0.005190821 -3.501725197 -0.226919845 -0.006020818 0.973894775 127.511215210
0.972998857 0.044567242 0.226466417 64.836502075 -0.041187819 0.998958766 -0.019628217 -3.520776033 -0.227105319 0.009770574 0.973821163 128.319915771
