1.000000000 0.000000000 0.000000002 -0.000000954 0.000000000 1.000000000 0.000000000 -0.000000000 0.000000002 0.000000000 1.000000000 -0.000000000
0.999995828 -0.002471183 -0.001458835 -0.004629709 0.002475329 0.999992907 0.002847450 -0.014937694 0.001451792 -0.002851049 0.999994874 1.522262096
0.999991119 -0.002992635 -0.002981540 -0.007224017 0.003003660 0.999988794 0.003700389 -0.033174496 0.002970437 -0.003709312 0.999988735 3.045004606
0.999988079 -0.001953983 -0.004456677 -0.020831127 0.001969002 0.999992311 0.003368242 -0.047480803 0.004450060 -0.003376977 0.999984443 4.556742191
0.999981284 -0.001225609 -0.006000387 -0.033829994 0.001245577 0.999993682 0.003325068 -0.064008698 0.005996276 -0.003332479 0.999976516 6.060908794
0.999970794 -0.001556591 -0.007478156 -0.049699973 0.001581620 0.999993145 0.003342328 -0.074430063 0.007472905 -0.003354058 0.999966443 7.562560558
0.999955535 -0.001903627 -0.009239482 -0.066291720 0.001940647 0.999990165 0.003999454 -0.095249265 0.009231777 -0.004017207 0.999949276 9.069073677
0.999934971 -0.003418335 -0.010880234 -0.089931801 0.003453027 0.999989033 0.003171411 -0.108879425 0.010869275 -0.003208775 0.999935746 10.566388130
0.999916255 -0.004542282 -0.012108682 -0.111404017 0.004583837 0.999983609 0.003406226 -0.123464644 0.012093012 -0.003461445 0.999920905 12.050386429
0.999901295 -0.004241193 -0.013390400 -0.136364579 0.004284912 0.999985635 0.003237944 -0.137650430 0.013376475 -0.003295002 0.999905109 13.539970398
0.999889076 -0.003954815 -0.014352744 -0.171713278 0.004001949 0.999986768 0.003256710 -0.153490812 0.014339675 -0.003313788 0.999891758 15.018303871
0.999878585 -0.002549527 -0.015369883 -0.186651170 0.002611317 0.999988616 0.004001403 -0.171052277 0.015359510 -0.004041054 0.999873877 16.495714188
0.999871314 -0.001543218 -0.015962580 -0.219595253 0.001614483 0.999988854 0.004452557 -0.183290750 0.015955534 -0.004477757 0.999862671 17.969615936
0.999859750 -0.000588776 -0.016735263 -0.242994457 0.000684111 0.999983549 0.005691493 -0.201801866 0.016731640 -0.005702143 0.999843776 19.445480347
0.999855161 -0.000617468 -0.017005039 -0.276968211 0.000711875 0.999984503 0.005546208 -0.210172325 0.017001342 -0.005557511 0.999839962 20.912643433
0.999843836 0.000418814 -0.017665891 -0.308028728 -0.000319047 0.999983966 0.005649894 -0.219517559 0.017667970 -0.005643376 0.999827921 22.375373840
0.999841988 0.000631641 -0.017762927 -0.334407091 -0.000522927 0.999981105 0.006124213 -0.235057041 0.017766457 -0.006113957 0.999823511 23.839092255
0.999841452 0.001675383 -0.017724477 -0.367017269 -0.001546090 0.999972165 0.007305774 -0.245216385 0.017736224 -0.007277214 0.999816239 25.278503418
0.999841034 0.002017875 -0.017709285 -0.396021515 -0.001910823 0.999979734 0.006059753 -0.257410824 0.017721148 -0.006024951 0.999824762 26.719751358
0.999837995 0.002198566 -0.017862128 -0.426960558 -0.002126956 0.999989629 0.004027009 -0.266421854 0.017870793 -0.003988364 0.999832332 28.149312973
0.999850988 0.000749310 -0.017240066 -0.463087648 -0.000684701 0.999992669 0.003753164 -0.280315906 0.017242761 -0.003740801 0.999844313 29.583524704
0.999854803 -0.000022801 -0.017033771 -0.493560344 0.000131046 0.999979794 0.006353641 -0.294771075 0.017033288 -0.006354952 0.999834657 30.989519119
0.999856234 -0.001917177 -0.016842993 -0.522651255 0.002047170 0.999968171 0.007704088 -0.308501005 0.016827688 -0.007737462 0.999828458 32.426834106
0.999859691 -0.002534449 -0.016558990 -0.556500018 0.002650228 0.999972165 0.006973669 -0.317935318 0.016540855 -0.007016576 0.999838591 33.821876526
0.999870002 -0.002572291 -0.015913628 -0.583676040 0.002655614 0.999982953 0.005217046 -0.331833005 0.015899938 -0.005258629 0.999859750 35.221450806
0.999878824 -0.001409980 -0.015499578 -0.612836480 0.001477217 0.999989510 0.004327449 -0.345109195 0.015493313 -0.004349821 0.999870479 36.576431274
0.999892056 -0.000914303 -0.014664780 -0.635543168 0.000967204 0.999993205 0.003600676 -0.364701539 0.014661388 -0.003614471 0.999885976 37.941600800
0.999909997 -0.000308275 -0.013414127 -0.659968793 0.000372547 0.999988556 0.004789071 -0.383001864 0.013412497 -0.004793637 0.999898553 39.275669098
0.999926925 -0.000095465 -0.012083560 -0.684990406 0.000175489 0.999978065 0.006621656 -0.395814657 0.012082665 -0.006623293 0.999905050 40.596809387
0.999947429 -0.000636134 -0.010230137 -0.707608700 0.000717121 0.999968410 0.007914742 -0.413636267 0.010224782 -0.007921660 0.999916315 41.889026642
0.999966443 -0.000086591 -0.008187952 -0.715449452 0.000155192 0.999964893 0.008377989 -0.424712569 0.008186940 -0.008378980 0.999931335 43.182895660
0.999988317 -0.000475314 -0.004804655 -0.731239200 0.000512789 0.999969363 0.007801500 -0.437385440 0.004800801 -0.007803872 0.999958038 44.454044342
0.999998450 -0.001249527 -0.001208792 -0.739624619 0.001256793 0.999980986 0.006028972 -0.452671170 0.001201233 -0.006030482 0.999981105 45.699501038
0.999996364 -0.001306793 0.002356389 -0.739765406 0.001296280 0.999989271 0.004457613 -0.469502032 -0.002362187 -0.004454541 0.999987245 46.924304962
0.999981165 -0.000815521 0.006082337 -0.733790517 0.000783910 0.999986291 0.005197809 -0.485421151 -0.006086491 -0.005192943 0.999967933 48.137138367
0.999930859 -0.001261417 0.011690311 -0.729216754 0.001200256 0.999985695 0.005237315 -0.500670314 -0.011696747 -0.005222921 0.999917924 49.372947693
0.999831915 0.000810040 0.018313065 -0.711999774 -0.000882025 0.999991894 0.003923080 -0.509927988 -0.018309735 -0.003938572 0.999824762 50.561691284
0.999673188 0.002049517 0.025481973 -0.689731836 -0.002148777 0.999990284 0.003868534 -0.522082686 -0.025473794 -0.003922024 0.999667823 51.755569458
0.999425471 0.003116898 0.033749811 -0.647727370 -0.003282631 0.999982774 0.004856321 -0.533676147 -0.033734091 -0.004964320 0.999418497 52.954048157
0.999006450 0.005585426 0.044215284 -0.607929230 -0.005843291 0.999966621 0.005704920 -0.547478259 -0.044181939 -0.005957615 0.999005735 54.122108459
0.998352230 0.007594014 0.056877568 -0.551877022 -0.007920097 0.999953508 0.005509872 -0.560759544 -0.056833081 -0.005951270 0.998365939 55.247898102
0.997379243 0.009408595 0.071736500 -0.481978893 -0.009849321 0.999934733 0.005792408 -0.571026325 -0.071677320 -0.006483783 0.997406721 56.384666443
0.996054947 0.011942427 0.087930873 -0.393993855 -0.012639305 0.999893010 0.007372758 -0.587829828 -0.087833412 -0.008455057 0.996099293 57.498321533
0.994359970 0.011934640 0.105383739 -0.282288074 -0.012846679 0.999885678 0.007979870 -0.596495390 -0.105276451 -0.009288696 0.994399607 58.604602814
0.992117584 0.011948889 0.124738306 -0.157555103 -0.012983348 0.999887645 0.007483374 -0.612554908 -0.124634877 -0.009043906 0.992161453 59.698558807
0.989323318 0.011220636 0.145304501 -0.004740715 -0.012267161 0.999904811 0.006308263 -0.614578247 -0.145219892 -0.008023385 0.989366829 60.792739868
0.986109853 0.007808615 0.165910795 0.172953606 -0.008980180 0.999939799 0.006312423 -0.633191943 -0.165851504 -0.007714652 0.986120582 61.843872070
0.982307553 0.002597420 0.187256783 0.375002861 -0.004246301 0.999955654 0.008404875 -0.639987469 -0.187226638 -0.009051322 0.982275128 62.876831055
0.977556288 -0.002584765 0.210658163 0.591441154 0.000487071 0.999949813 0.010009089 -0.652812362 -0.210673451 -0.009681845 0.977508545 63.911426544
0.972156763 -0.007581465 0.234208480 0.844594002 0.005507102 0.999939680 0.009509652 -0.662020326 -0.234266430 -0.007955063 0.972139895 64.919799805
0.965652883 -0.013750587 0.259471446 1.113698959 0.012159401 0.999896049 0.007736502 -0.669446349 -0.259550929 -0.004315760 0.965719819 65.907104492
0.958178639 -0.017540721 0.285632759 1.414175034 0.015751429 0.999839246 0.008560712 -0.674655557 -0.285737008 -0.003703568 0.958301008 66.886497498
0.949625909 -0.019919997 0.312752068 1.725889206 0.017381025 0.999789476 0.010904266 -0.683348835 -0.312903494 -0.004919020 0.949772239 67.839904785
0.939975977 -0.024369411 0.340369314 2.070055008 0.020930722 0.999686122 0.013771463 -0.688143373 -0.340598136 -0.005820667 0.940190971 68.786178589
0.929120183 -0.027407268 0.368760765 2.438367844 0.024140693 0.999617875 0.013469946 -0.693687618 -0.368989021 -0.003613058 0.929426730 69.692649841
0.916991591 -0.026248228 0.398042023 2.823154449 0.024407487 0.999655128 0.009691729 -0.696083188 -0.398159146 0.000827971 0.917316020 70.590499878
0.904046297 -0.028175276 0.426504880 3.243532181 0.029002490 0.999569118 0.004556891 -0.706088424 -0.426449388 0.008250062 0.904473782 71.452194214
0.889985919 -0.030168844 0.454988778 3.688007355 0.032702532 0.999462545 0.002302984 -0.714212179 -0.454813659 0.012829661 0.890494168 72.302093506
0.874272823 -0.030674845 0.484464735 4.154327393 0.031933770 0.999473989 0.005655495 -0.721817613 -0.484383374 0.010526337 0.874792516 73.144363403
0.856667042 -0.029423006 0.515029967 4.649385452 0.027570898 0.999556661 0.011243788 -0.727160275 -0.515132487 0.004567654 0.857098401 73.968849182
0.836889327 -0.029776767 0.546561360 5.162279129 0.025715724 0.999555409 0.015080318 -0.734337568 -0.546767414 0.001434662 0.837283194 74.772079468
0.815981746 -0.023768961 0.577588856 5.702653885 0.021767205 0.999709070 0.010388726 -0.737495720 -0.577667713 0.004095482 0.816261709 75.537727356
0.793893158 -0.016791053 0.607825458 6.263973236 0.018637326 0.999820948 0.003277273 -0.740800500 -0.607771635 0.008726433 0.794063985 76.283157349
0.771342337 -0.014279310 0.636260271 6.855369568 0.017720938 0.999842525 0.000955825 -0.740853667 -0.636173606 0.010537861 0.771473944 77.019195557
0.748032749 -0.016680818 0.663452208 7.479812622 0.018691681 0.999817073 0.004063261 -0.747282028 -0.663398504 0.009361584 0.748207748 77.717834473
0.723735094 -0.017487461 0.689856350 8.120094299 0.019269584 0.999801159 0.005128480 -0.765852213 -0.689808726 0.009581581 0.723928213 78.380706787
0.698181510 -0.015330245 0.715756595 8.777893066 0.019962884 0.999798834 0.001941222 -0.769343078 -0.715642393 0.012933244 0.698347092 79.036376953
0.672158003 -0.013280617 0.740288675 9.453769684 0.019867118 0.999802649 -0.000102461 -0.780007362 -0.740141094 0.014776276 0.672289252 79.637130737
0.645078719 -0.010511850 0.764043748 10.151176453 0.017814361 0.999840438 -0.001284599 -0.786250472 -0.763908446 0.014439618 0.645163000 80.231735229
0.617086589 -0.008552600 0.786848783 10.864662170 0.017338635 0.999845862 -0.002730075 -0.794883370 -0.786704183 0.015327577 0.617139757 80.791168213
0.588004231 -0.002631031 0.808853567 11.600719452 0.016239839 0.999831498 -0.008553473 -0.815312862 -0.808694720 0.018165134 0.587947965 81.344238281
0.558142066 0.006810918 0.829717398 12.358146667 0.014972229 0.999720752 -0.018278087 -0.828849912 -0.829610288 0.022624487 0.557884216 81.851486206
0.527083457 0.015000330 0.849681139 13.130153656 0.013847403 0.999559820 -0.026236273 -0.855311453 -0.849700689 0.025594585 0.526643753 82.339035034
0.495474279 0.020091929 0.868390203 13.941749573 0.011148535 0.999503016 -0.029486466 -0.878849387 -0.868551075 0.024291061 0.495004058 82.806770325
0.462164313 0.019521000 0.886579454 14.774200439 0.009533595 0.999590576 -0.026979078 -0.910053015 -0.886743188 0.020921053 0.461788893 83.247207642
0.429829091 0.018391399 0.902722895 15.622484207 0.004679027 0.999733746 -0.022595735 -0.939166665 -0.902898133 0.013936171 0.429628670 83.655349731
0.395619512 0.019385446 0.918209851 16.481134415 0.000484686 0.999772668 -0.021316253 -0.970707357 -0.918414414 0.008878169 0.395520180 84.030090332
0.360168666 0.022531252 0.932615101 17.358486176 -0.006672247 0.999744952 -0.021576291 -0.998148024 -0.932863295 0.001548464 0.360227168 84.394592285
0.325289845 0.024429565 0.945298791 18.260179520 -0.011511031 0.999694407 -0.021874228 -1.025415421 -0.945544302 -0.003765898 0.325471699 84.690681458
0.288383722 0.023513306 0.957226276 19.163663864 -0.014390174 0.999691963 -0.020221103 -1.059987545 -0.957406700 -0.007943213 0.288633317 84.991409302
0.251839042 0.023465944 0.967484534 20.121772766 -0.015246438 0.999678075 -0.020278096 -1.079717159 -0.967649043 -0.009643875 0.252115816 85.257873535
0.216187790 0.022962943 0.976081669 21.069593430 -0.014558985 0.999688089 -0.020293694 -1.103869319 -0.976243198 -0.009823510 0.216454729 85.462982178
0.180660218 0.021751046 0.983304977 22.033420563 -0.012626940 0.999724388 -0.019794332 -1.130003929 -0.983464539 -0.008840084 0.180885166 85.636550903
0.146399170 0.020648601 0.989009976 23.009956360 -0.004032768 0.999786317 -0.020276632 -1.163221002 -0.989217341 -0.001019966 0.146451145 85.770896912
0.112811983 0.023976909 0.993326962 23.976917267 -0.002135397 0.999712348 -0.023888525 -1.194481254 -0.993614137 0.000573764 0.112830743 85.873672485
0.079356052 0.028650718 0.996434510 24.946338654 -0.001432667 0.999589086 -0.028627332 -1.231265068 -0.996845365 0.000844194 0.079364486 85.965164185
0.050220538 0.032994837 0.998192966 25.966117859 0.005796549 0.999427676 -0.033327278 -1.258972406 -0.998721242 0.007459789 0.050000537 86.017768860
0.024704915 0.031420961 0.999200940 26.950542450 0.008040319 0.999467373 -0.031628139 -1.291022182 -0.999662459 0.008815263 0.024439124 86.035316467
0.002545148 0.027962767 0.999605775 27.943346024 0.009182502 0.999566197 -0.027985042 -1.332704782 -0.999954641 0.009250106 0.002287276 86.033378601
-0.016255068 0.025760211 0.999536037 28.980590820 0.009484409 0.999627054 -0.025608324 -1.369847178 -0.999822915 0.009063743 -0.016493328 86.023338318
-0.032598324 0.028722655 0.999055743 29.975879669 0.011506990 0.999531448 -0.028360873 -1.407305241 -0.999402285 0.010571607 -0.032913566 85.985191345
-0.047528718 0.033274736 0.998315394 30.980587006 0.013678549 0.999372959 -0.032658767 -1.437994957 -0.998776197 0.012103274 -0.047954064 85.940139771
-0.059767917 0.038492657 0.997469783 31.972072601 0.017782111 0.999138713 -0.037491571 -1.476754189 -0.998053908 0.015496325 -0.060400914 85.879768372
-0.068499520 0.041904695 0.996770620 32.977336884 0.023433078 0.998909414 -0.040384244 -1.525128245 -0.997376025 0.020591101 -0.069406785 85.804000854
-0.073853366 0.047317341 0.996145964 33.990993500 0.027966509 0.998579204 -0.045359515 -1.574903131 -0.996876895 0.024508767 -0.075071745 85.709518433
-0.077190265 0.051875271 0.995665848 34.993160248 0.029900638 0.998316705 -0.049695302 -1.629593134 -0.996567905 0.025935050 -0.078611426 85.626556396
-0.080287941 0.056048498 0.995194674 35.997940063 0.031588227 0.998059452 -0.053661440 -1.687600851 -0.996271074 0.027128065 -0.081902608 85.544303894
-0.082732067 0.058983300 0.994824827 36.999084473 0.032171596 0.997884750 -0.056489248 -1.748516440 -0.996052444 0.027331628 -0.084454648 85.458106995
-0.085046001 0.062503964 0.994414568 38.019729614 0.033444609 0.997647166 -0.059846833 -1.811585546 -0.995815575 0.028168075 -0.086936332 85.363517761
-0.086965688 0.066674165 0.993977666 39.029689789 0.034559179 0.997359276 -0.063877314 -1.874632359 -0.995611787 0.028795917 -0.089040235 85.268890381
-0.088971391 0.067735635 0.993728459 40.032997131 0.037575558 0.997202992 -0.064608261 -1.947863579 -0.995325148 0.031591605 -0.091267750 85.172607422
-0.091282703 0.066396892 0.993609071 41.049247742 0.037590340 0.997293293 -0.063189678 -2.019776821 -0.995115221 0.031581983 -0.093531519 85.081565857
-0.093381368 0.066180743 0.993428409 42.071506500 0.036971282 0.997330666 -0.062965423 -2.090844631 -0.994943738 0.030848520 -0.095578901 84.984130859
-0.095933482 0.067559242 0.993092358 43.096725464 0.036680635 0.997256279 -0.064299129 -2.158006907 -0.994711697 0.030258816 -0.098148398 84.892860413
-0.097936124 0.069761075 0.992744565 44.108280182 0.036323100 0.997125983 -0.066485614 -2.232977390 -0.994529605 0.029548218 -0.100188591 84.777923584
-0.100501634 0.071919508 0.992334068 45.141742706 0.034650926 0.997031808 -0.068750598 -2.311233997 -0.994333267 0.027475746 -0.102695420 84.673316956
-0.103084303 0.075262703 0.991821110 46.164073944 0.031945381 0.996869326 -0.072325565 -2.391331673 -0.994159460 0.024228472 -0.105165876 84.573753357
-0.105356477 0.079716764 0.991234183 47.204437256 0.028279655 0.996618867 -0.077144019 -2.466496229 -0.994032383 0.019904137 -0.107254624 84.470115662
-0.107978001 0.082029387 0.990763307 48.246368408 0.026166361 0.996479332 -0.079650894 -2.551922083 -0.993808806 0.017324125 -0.109744266 84.354011536
-0.110923819 0.080437057 0.990568459 49.296562195 0.024240093 0.996641695 -0.078215823 -2.638944149 -0.993533254 0.015335470 -0.112501107 84.239448547
-0.113245822 0.076414905 0.990624070 50.354026794 0.021712037 0.996990442 -0.074423917 -2.723846436 -0.993329763 0.013080274 -0.114564113 84.112197876
-0.115834519 0.074448198 0.990474641 51.407100677 0.022005331 0.997134686 -0.072375312 -2.811229467 -0.993024766 0.013412158 -0.117140897 83.994827271
-0.117834471 0.074970916 0.990199089 52.440963745 0.021605983 0.997103631 -0.072922535 -2.897775650 -0.992798150 0.012801440 -0.119112968 83.878578186
-0.119300015 0.078026623 0.989787459 53.488075256 0.022263993 0.996866763 -0.075901195 -2.974696636 -0.992608547 0.012981607 -0.120663404 83.760154724
-0.119993106 0.080687024 0.989490390 54.539264679 0.023093585 0.996648848 -0.078470267 -3.062693834 -0.992506087 0.013434988 -0.121454358 83.630569458
-0.120250359 0.081300020 0.989409029 55.597023010 0.022078849 0.996613562 -0.079208605 -3.152808666 -0.992498100 0.012320152 -0.121638149 83.504852295
-0.120325275 0.080032110 0.989503264 56.657440186 0.018489022 0.996752858 -0.078370176 -3.241392374 -0.992562354 0.008865032 -0.121414281 83.378608704
-0.120401308 0.079114676 0.989567816 57.730354309 0.015220516 0.996849358 -0.077844940 -3.337105274 -0.992608726 0.005689100 -0.121226124 83.255264282
-0.120411813 0.080483869 0.989456058 58.794593811 0.011093376 0.996754944 -0.079727575 -3.423060417 -0.992662072 0.001376264 -0.120913930 83.134483337
-0.120642677 0.080817960 0.989400685 59.874141693 0.007051427 0.996725142 -0.080556430 -3.511967182 -0.992670953 -0.002741859 -0.120817460 83.010452271
-0.120957240 0.079993501 0.989429355 60.955173492 0.003620781 0.996776640 -0.080144897 -3.608790874 -0.992651165 -0.006111600 -0.120856993 82.885688782
-0.121290036 0.075072333 0.989774287 62.048450470 0.004339998 0.997166574 -0.075101189 -3.695445299 -0.992607594 -0.004813408 -0.121272199 82.760696411
-0.121526115 0.066611022 0.990350664 63.140026093 0.007413145 0.997778773 -0.066200972 -3.778618574 -0.992560506 -0.000703534 -0.121749997 82.631340027
-0.121257201 0.060900204 0.990751147 64.238151550 0.013569874 0.998124540 -0.059692644 -3.864394426 -0.992528319 0.006206207 -0.121856213 82.493827820
-0.120551713 0.063276701 0.990688264 65.338623047 0.021847324 0.997893989 -0.061078448 -3.936162472 -0.992466629 0.014280781 -0.121680245 82.346771240
-0.119419552 0.069135197 0.990433753 66.424942017 0.027452907 0.997421205 -0.066312850 -4.006512642 -0.992464244 0.019271236 -0.121009551 82.212326050
-0.118416771 0.074637167 0.990154803 67.530151367 0.031286411 0.996956348 -0.071408182 -4.088986397 -0.992470980 0.022522470 -0.120391488 82.072532654
-0.118232712 0.079074509 0.989832401 68.620803833 0.031720132 0.996616304 -0.075827569 -4.172547817 -0.992479146 0.022432311 -0.120340906 81.951385498
-0.117550761 0.076251030 0.990135133 69.739067078 0.028626058 0.996893764 -0.073372968 -4.257548332 -0.992654264 0.019718615 -0.119368367 81.820838928
-0.117382258 0.072052062 0.990469575 70.838706970 0.028096151 0.997206211 -0.069212399 -4.341787815 -0.992689312 0.019704072 -0.119078696 81.700958252
-0.117129281 0.069672197 0.990669608 72.000839233 0.026032224 0.997408748 -0.067068294 -4.429036140 -0.992775440 0.017933678 -0.118639491 81.551399231
-0.117054887 0.070703290 0.990605354 73.128677368 0.024008734 0.997372568 -0.068349317 -4.506559372 -0.992835164 0.015782563 -0.118444815 81.424385071
-0.117184065 0.075283185 0.990252614 74.248817444 0.025689956 0.997018814 -0.072757505 -4.603281975 -0.992777884 0.016913533 -0.118768737 81.304870605
-0.115663283 0.078042701 0.990217805 75.398933411 0.025391517 0.996815145 -0.075596802 -4.686204910 -0.992963910 0.016399359 -0.117276549 81.147567749
-0.114781566 0.076635733 0.990430236 76.547790527 0.025378998 0.996920645 -0.074196748 -4.774928093 -0.993066490 0.016619714 -0.116373047 81.010330200
-0.114952400 0.069955982 0.990904689 77.693679810 0.026823783 0.997372091 -0.067300819 -4.866230965 -0.993008792 0.018843420 -0.116526797 80.886856079
-0.115246296 0.068565503 0.990967691 78.859359741 0.025950003 0.997482300 -0.065998346 -4.948403358 -0.992997944 0.018109553 -0.116735414 80.749031067
-0.115392111 0.071383506 0.990751684 80.005599976 0.022813603 0.997341812 -0.069201238 -5.033017635 -0.993057966 0.014617344 -0.116713896 80.638221741
-0.115004264 0.074765451 0.990547419 81.162902832 0.023183914 0.997094035 -0.072567910 -5.110926628 -0.993094385 0.014619150 -0.116403416 80.499328613
-0.115138829 0.074195832 0.990574598 82.333358765 0.022043606 0.997151911 -0.072126269 -5.199193954 -0.993104815 0.013531304 -0.116446421 80.371047974
-0.114438266 0.070834406 0.990901768 83.516006470 0.022261735 0.997387111 -0.068727031 -5.286658764 -0.993180871 0.014194192 -0.115716144 80.228904724
-0.113868669 0.069775969 0.991042435 84.708580017 0.020950101 0.997477412 -0.067821905 -5.373373508 -0.993274927 0.013039649 -0.115043245 80.096954346
-0.112541631 0.070160165 0.991166890 85.896865845 0.022443209 0.997429073 -0.068055123 -5.461410999 -0.993393481 0.014585930 -0.113826923 79.962524414
-0.111412652 0.070553690 0.991266549 87.088119507 0.024798086 0.997363389 -0.068200469 -5.547899246 -0.993464768 0.016983114 -0.112868488 79.823646545
-0.110561132 0.069976404 0.991402745 88.283378601 0.024506859 0.997406960 -0.067667186 -5.634392262 -0.993567169 0.016814811 -0.111989342 79.686210632
-0.109293677 0.070840962 0.991481900 89.478172302 0.025527149 0.997328401 -0.068444759 -5.719495773 -0.993681610 0.017829128 -0.110810064 79.557624817
-0.108182333 0.068963990 0.991736054 90.675872803 0.025047494 0.997463405 -0.066629969 -5.808754921 -0.993815482 0.017632317 -0.109635308 79.429039001
-0.106941186 0.067529850 0.991969407 91.901023865 0.024119209 0.997573376 -0.065311126 -5.902582169 -0.993972719 0.016941065 -0.108310454 79.289840698
-0.105394907 0.067218728 0.992156088 93.113975525 0.025109999 0.997574627 -0.064918444 -5.983410835 -0.994113386 0.018070970 -0.106827147 79.163215637
-0.103045478 0.067866102 0.992358744 94.342498779 0.023088042 0.997564077 -0.065824643 -6.073198318 -0.994408667 0.016128691 -0.104361355 79.030906677
-0.102484077 0.070494585 0.992233574 95.569564819 0.023389047 0.997380674 -0.068444513 -6.158285141 -0.994459689 0.016192922 -0.103864461 78.910278320
-0.101629280 0.069255337 0.992408693 96.790504456 0.020799756 0.997503757 -0.067480840 -6.243755817 -0.994604886 0.013783830 -0.102816083 78.794273376
-0.100785464 0.067922994 0.992586792 98.037696838 0.017661205 0.997631848 -0.066474929 -6.339504719 -0.994751394 0.010830573 -0.101746388 78.669639587
-0.100732923 0.068938173 0.992522240 99.278175354 0.014976474 0.997588694 -0.067770079 -6.426243782 -0.994800746 0.008037806 -0.101522475 78.549423218
-0.100683652 0.068443745 0.992561460 100.499710083 0.011942423 0.997642219 -0.067582667 -6.513584614 -0.994846761 0.005049119 -0.101263650 78.422592163
-0.101748414 0.065657005 0.992641151 101.745422363 0.009165708 0.997839212 -0.065061323 -6.605926991 -0.994767904 0.002478375 -0.102130353 78.299621582
-0.102981992 0.064405628 0.992595911 103.001686096 0.007043934 0.997923851 -0.064020514 -6.693707466 -0.994658411 0.000398820 -0.103221834 78.174858093
-0.104904927 0.063848190 0.992430568 104.262649536 0.004738240 0.997957587 -0.063702926 -6.778930664 -0.994471014 -0.001980378 -0.104993217 78.058059692
-0.106110573 0.063551359 0.992321432 105.515602112 0.004905495 0.997976840 -0.063388973 -6.874905109 -0.994342208 -0.001858414 -0.106207639 77.922477722
-0.108543418 0.062248446 0.992140889 106.773384094 0.004475095 0.998058081 -0.062130112 -6.960361481 -0.994081736 -0.002303890 -0.108611196 77.791519165
-0.111812755 0.057593666 0.992058873 108.044708252 0.001437598 0.998327494 -0.057795543 -7.043720245 -0.993728220 -0.005036097 -0.111708537 77.661239624
-0.116234526 0.057541601 0.991553545 109.300491333 0.000616463 0.998324513 -0.057862252 -7.124456882 -0.993221641 -0.006114335 -0.116075233 77.522048950
-0.121555783 0.063634045 0.990542650 110.542495728 -0.003524720 0.997908950 -0.064539798 -7.207073212 -0.992578328 -0.011336571 -0.121077321 77.374916077
-0.128934503 0.066679209 0.989408731 111.762016296 -0.002864622 0.997707605 -0.067611799 -7.293797493 -0.991648912 -0.011551776 -0.128447935 77.228210449
-0.137415543 0.062760890 0.988523304 113.016975403 -0.000841306 0.997982860 -0.063478440 -7.384821415 -0.990513086 -0.009554573 -0.137085587 77.048645020
-0.148220733 0.060733680 0.987087667 114.243438721 0.001405018 0.998124421 -0.061201770 -7.472923279 -0.988953292 -0.007684495 -0.148028061 76.868225098
-0.161365643 0.061609015 0.984969795 115.467712402 0.001518348 0.998063862 -0.062179290 -7.561346531 -0.986893475 -0.008538076 -0.161146790 76.676338196
-0.175092101 0.061794952 0.982610941 116.687576294 0.003721559 0.998062849 -0.062103551 -7.648046017 -0.984544933 -0.007216999 -0.174982920 76.457237244
-0.189977482 0.059735619 0.979969501 117.915451050 0.003928049 0.998185754 -0.060084503 -7.735552788 -0.981780589 -0.007565337 -0.189867452 76.236953735
-0.205113783 0.062274020 0.976754963 119.115730286 0.008122865 0.998047709 -0.061925802 -7.823030949 -0.978704453 -0.004767789 -0.205219209 75.983444214
-0.220417365 0.065625809 0.973195434 120.295410156 0.007950780 0.997821808 -0.065485701 -7.910093307 -0.975373268 -0.006696519 -0.220459029 75.722808838
-0.235755101 0.069534361 0.969321668 121.460441589 0.007701563 0.997539282 -0.069685407 -7.998003960 -0.971781909 -0.008963398 -0.235710502 75.444747925
-0.251433194 0.067310661 0.965531170 122.639091492 0.004259495 0.997646153 -0.068440296 -8.095467567 -0.967865288 -0.013095489 -0.251128107 75.149536133
-0.267745167 0.061601594 0.961518347 123.802391052 -0.001447851 0.997927189 -0.064337365 -8.185592651 -0.963488758 -0.018618157 -0.267101020 74.848136902
-0.283467948 0.057584286 0.957251370 124.986846924 -0.005342355 0.998085201 -0.061622713 -8.271218300 -0.958966732 -0.022582041 -0.282617599 74.519241333
-0.299060166 0.058869492 0.952416599 126.135139465 -0.007314285 0.997924447 -0.063979067 -8.357498169 -0.954206169 -0.026099838 -0.298008889 74.179061890
-0.312802315 0.061102279 0.947850823 127.285354614 -0.006968903 0.997754157 -0.066619053 -8.441534042 -0.949792683 -0.027444074 -0.311673880 73.801208496
-0.326816291 0.063272931 0.942967474 128.421569824 -0.005611640 0.997608900 -0.068884231 -8.531677246 -0.945071220 -0.027804092 -0.325679749 73.418975830
-0.341123492 0.062873185 0.937913418 129.549850464 -0.003470134 0.997669756 -0.068141058 -8.629539490 -0.940012097 -0.026499201 -0.340110302 73.019012451
-0.355120569 0.060692914 0.932848155 130.672683716 -0.003864531 0.997786283 -0.066389091 -8.722547531 -0.934812486 -0.027181152 -0.354099929 72.602760315
-0.369571298 0.059468847 0.927297413 131.797180176 -0.003859715 0.997843087 -0.065531321 -8.816795349 -0.929194331 -0.027797595 -0.368544698 72.161697388
-0.384429067 0.060896091 0.921143889 132.896545410 -0.005250973 0.997661471 -0.068146065 -8.906944275 -0.923139632 -0.031034227 -0.383210421 71.715545654
-0.399590164 0.062779434 0.914541662 133.984191895 -0.004497842 0.997505903 -0.070439816 -8.997421265 -0.916682839 -0.032260522 -0.398311168 71.260971069
-0.414249301 0.064715087 0.907859862 135.080184937 -0.003080554 0.997363627 -0.072500832 -9.088555336 -0.910158217 -0.032830127 -0.412957758 70.769500732
-0.428715229 0.067161761 0.900939822 136.164489746 -0.000447756 0.997217059 -0.074551933 -9.184907913 -0.903439522 -0.032364946 -0.427492023 70.256759644
-0.443674326 0.070474900 0.893412828 137.240722656 -0.000750763 0.996873677 -0.079009019 -9.281175613 -0.896187663 -0.035725020 -0.442234337 69.738258362
-0.458691448 0.072441168 0.885637879 138.311233521 -0.000432971 0.996653140 -0.081745952 -9.384553909 -0.888595462 -0.037879627 -0.457124919 69.192459106
-0.474128842 0.069916837 0.877675056 139.377868652 -0.001793991 0.996763349 -0.080372728 -9.484048843 -0.880453527 -0.039681565 -0.472468853 68.631004333
-0.490036666 0.065317288 0.869251251 140.448852539 -0.004567986 0.996982634 -0.077490471 -9.587682724 -0.871689916 -0.041943900 -0.488259673 68.045150757
-0.506189585 0.065590695 0.859924376 141.511077881 -0.005048215 0.996861279 -0.079007179 -9.687293053 -0.862407506 -0.044333693 -0.504269719 67.435295105
-0.522010386 0.064768627 0.850476384 142.563400269 -0.006105932 0.996803403 -0.079659998 -9.785547256 -0.852917254 -0.046776306 -0.519946277 66.803359985
-0.537972271 0.063822575 0.840542912 143.600677490 -0.006563231 0.996782303 -0.079886518 -9.886306763 -0.842936993 -0.048493404 -0.535822392 66.149055481
-0.553509474 0.063006870 0.830456078 144.638336182 -0.008192573 0.996674061 -0.081078306 -9.992954254 -0.832802594 -0.051681191 -0.551152289 65.480453491
-0.569195211 0.062198464 0.819846392 145.656738281 -0.008704839 0.996622741 -0.081653282 -10.098879814 -0.822156310 -0.053613298 -0.566731453 64.789749146
-0.583693981 0.060396645 0.809724391 146.682342529 -0.008087279 0.996747911 -0.080176309 -10.198761940 -0.811933517 -0.053346891 -0.581307232 64.050399780
-0.598726511 0.056773104 0.798938990 147.688385010 -0.008059477 0.997007132 -0.076887749 -10.305335999 -0.800913036 -0.052473754 -0.596476912 63.312416077
-0.613756478 0.054908462 0.787583649 148.692169189 -0.007748540 0.997111559 -0.075554632 -10.406602859 -0.789457321 -0.052474771 -0.611558318 62.542449951
-0.628169119 0.053567499 0.776230633 149.670135498 -0.008322813 0.997107625 -0.075545453 -10.504819870 -0.778032184 -0.053915750 -0.625906587 61.758007050
-0.643424392 0.054548718 0.763563693 150.651107788 -0.009539432 0.996809125 -0.079250172 -10.612174988 -0.765450299 -0.058275457 -0.640850902 60.966293335
-0.658712924 0.053908963 0.750460505 151.606765747 -0.011653861 0.996579170 -0.081817873 -10.717147827 -0.752304137 -0.062640257 -0.655831277 60.149765015
-0.674646437 0.050644863 0.736401558 152.555740356 -0.013603398 0.996620953 -0.081003658 -10.824502945 -0.738015711 -0.064666390 -0.671677887 59.312644958
-0.690896928 0.043000661 0.721673250 153.485855103 -0.017190248 0.996970177 -0.075861305 -10.933675766 -0.722748876 -0.064818077 -0.688064516 58.450263977
-0.707958937 0.040704414 0.705079496 154.419494629 -0.018239634 0.996950984 -0.075868353 -11.034323692 -0.706017971 -0.066572070 -0.705058098 57.551467896
-0.725192070 0.037948951 0.687500000 155.302825928 -0.019787839 0.996919036 -0.075901121 -11.139762878 -0.688262165 -0.068647042 -0.722206831 56.635856628
-0.742613971 0.034003057 0.668855906 156.184295654 -0.023191448 0.996805668 -0.076424137 -11.242503166 -0.669318020 -0.072265372 -0.739453256 55.694023132
-0.759423733 0.032265734 0.649795711 157.034133911 -0.022602303 0.996858060 -0.075914748 -11.347367287 -0.650203645 -0.072338343 -0.756308436 54.738464355
-0.775078595 0.033928845 0.630953252 157.850097656 -0.020751165 0.996651828 -0.079085156 -11.462223053 -0.631524026 -0.074390218 -0.771779418 53.740966797
-0.790324450 0.033298273 0.611783028 158.657348633 -0.017749513 0.996858597 -0.077186741 -11.563582420 -0.612431407 -0.071861416 -0.787250638 52.733028412
-0.805129111 0.034747645 0.592080772 159.439010620 -0.013282206 0.996975660 -0.076571383 -11.680196762 -0.592950940 -0.069513991 -0.802232563 51.704452515
-0.819338441 0.035793029 0.572191894 160.182296753 -0.011750988 0.996791005 -0.079180107 -11.789861679 -0.573189735 -0.071599118 -0.816288531 50.640048981
-0.833223581 0.037305668 0.551676393 160.903945923 -0.010786321 0.996434927 -0.083672419 -11.902149200 -0.552830994 -0.075668387 -0.829850733 49.586414337
-0.846024156 0.037728135 0.531808019 161.600311279 -0.008164632 0.996459126 -0.083680622 -12.012846947 -0.533082008 -0.075137839 -0.842720449 48.497882843
-0.857714117 0.035650317 0.512889504 162.270523071 -0.007176159 0.996665597 -0.081277788 -12.125925064 -0.514076948 -0.073393695 -0.854598284 47.399311066
-0.868230045 0.037750483 0.494723529 162.911834717 -0.003949899 0.996543765 -0.082974479 -12.244935989 -0.496146053 -0.073995046 -0.865080178 46.283573151
-0.877613425 0.040606331 0.477646023 163.524444580 -0.001105191 0.996231794 -0.086723752 -12.357552528 -0.479367673 -0.076637819 -0.874261558 45.162254333
-0.886651933 0.038055718 0.460868746 164.126541138 -0.003136413 0.996090293 -0.088285111 -12.475524902 -0.462426692 -0.079723641 -0.883066118 44.034824371
-0.894968390 0.035518698 0.444713384 164.714416504 -0.003927273 0.996159732 -0.087465540 -12.599252701 -0.446112156 -0.080025412 -0.891392231 42.895675659
-0.902124405 0.033394407 0.430181772 165.278625488 -0.004989686 0.996126294 -0.087791666 -12.719991684 -0.431447089 -0.081345461 -0.898463249 41.739070892
-0.908727109 0.031536270 0.416197747 165.824523926 -0.005384785 0.996172845 -0.087239496 -12.843942642 -0.417356014 -0.081518024 -0.905079424 40.572097778
-0.915017128 0.028849611 0.402382165 166.352645874 -0.006635101 0.996228397 -0.086514853 -12.963362694 -0.403360486 -0.081832409 -0.911374629 39.400882721
-0.920690656 0.023809996 0.389566302 166.864913940 -0.009279688 0.996519864 -0.082837902 -13.079568863 -0.390182912 -0.079883121 -0.917265475 38.211875916
-0.925857782 0.020710077 0.377304226 167.379196167 -0.010214816 0.996760368 -0.079777643 -13.196664810 -0.377734184 -0.077716857 -0.922646642 37.016162872
-0.930245042 0.021269694 0.366322100 167.863662720 -0.007505267 0.997006893 -0.076948024 -13.302289009 -0.366862386 -0.074329868 -0.927300930 35.803840637
-0.933371186 0.025533741 0.358003408 168.323684692 -0.002800420 0.996917784 -0.078403950 -13.416788101 -0.358901888 -0.074182540 -0.930422723 34.622512817
-0.935872018 0.030337866 0.351031542 168.785247803 0.002433670 0.996819079 -0.079661660 -13.529240608 -0.352331698 -0.073698834 -0.932968795 33.430641174
-0.937709749 0.034113713 0.345740557 169.230911255 0.005899876 0.996587634 -0.082330346 -13.633768082 -0.347369343 -0.075162113 -0.934711277 32.222778320
-0.939403415 0.031296596 0.341381997 169.671798706 0.003668717 0.996684730 -0.081276797 -13.746903419 -0.342793941 -0.075099260 -0.936403930 31.016416550
-0.941406846 0.023798190 0.336432546 170.131790161 -0.002450847 0.996998370 -0.077382550 -13.861461639 -0.337264240 -0.073673002 -0.938522816 29.801937103
-0.943292201 0.017441198 0.331505388 170.578399658 -0.008060820 0.997120917 -0.075397551 -13.971509933 -0.331866026 -0.073794119 -0.940435708 28.588436127
-0.944824219 0.011449225 0.327377588 171.007247925 -0.014586418 0.996927261 -0.076962031 -14.077480316 -0.327252835 -0.077490866 -0.941754043 27.381872177
-0.946027815 0.008821255 0.323965192 171.436019897 -0.018045334 0.996644974 -0.079832792 -14.183547020 -0.323582560 -0.081370115 -0.942694664 26.172044754
-0.946935177 0.009236824 0.321292162 171.859634399 -0.018014992 0.996490598 -0.081743158 -14.301520348 -0.320919782 -0.083193548 -0.943445444 24.972007751
-0.947178721 0.010222439 0.320543200 172.277236938 -0.017556161 0.996340454 -0.083651327 -14.414937973 -0.320225298 -0.084860258 -0.943533063 23.768920898
-0.947033226 0.012928255 0.320875138 172.690856934 -0.015415628 0.996207237 -0.085635617 -14.531130791 -0.320765167 -0.086046271 -0.943242133 22.536872864
-0.946590662 0.013608201 0.322150528 173.106521606 -0.015413487 0.996057153 -0.087365389 -14.646804810 -0.322069228 -0.087664731 -0.942648530 21.324798584
-0.946145236 0.015353493 0.323378026 173.530517578 -0.014224680 0.995938659 -0.088904500 -14.774061203 -0.323429614 -0.088716514 -0.942084253 20.104198456
-0.945428193 0.016602786 0.325407267 173.950897217 -0.012842886 0.996026039 -0.088132121 -14.901712418 -0.325577378 -0.087501764 -0.941457808 18.899448395
-0.944712520 0.016069423 0.327505827 174.377410889 -0.013795013 0.995966434 -0.088660792 -15.020608902 -0.327609479 -0.088276915 -0.940680146 17.702503204
-0.943403244 0.014687856 0.331322432 174.802261353 -0.015488519 0.995977461 -0.088254482 -15.148191452 -0.331285983 -0.088391274 -0.939380884 16.516857147
-0.941704035 0.012899347 0.336194813 175.235137939 -0.017152604 0.996124506 -0.086265579 -15.265039444 -0.336004645 -0.087003276 -0.937833309 15.316997528
-0.939834535 0.010627162 0.341464460 175.680145264 -0.018875832 0.996373832 -0.082962632 -15.386955261 -0.341107935 -0.084416591 -0.936226010 14.138317108
-0.937356889 0.008051147 0.348277420 176.134521484 -0.021396831 0.996514857 -0.080624104 -15.495595932 -0.347712755 -0.083025597 -0.933917940 12.954406738
-0.934956074 0.010207014 0.354616523 176.591247559 -0.019625569 0.996567249 -0.080427796 -15.607734680 -0.354220062 -0.082156017 -0.931546390 11.789371490
-0.931403875 0.010632277 0.363832027 177.037963867 -0.019805977 0.996612072 -0.079827003 -15.727942467 -0.363447994 -0.081557252 -0.928037703 10.622726440
-0.927528620 0.013244990 0.373517126 177.500762939 -0.019100798 0.996386111 -0.082763717 -15.832571983 -0.373263419 -0.083900213 -0.923923790 9.469902039
-0.923246384 0.014884395 0.383919716 177.989837646 -0.017669983 0.996547163 -0.081128284 -15.950265884 -0.383801669 -0.081685260 -0.919795513 8.291667938
-0.918621480 0.016430225 0.394796848 178.489364624 -0.017430101 0.996477723 -0.082027033 -16.066253662 -0.394754052 -0.082233168 -0.915099382 7.169300079
-0.912578464 0.018746510 0.408471584 178.992675781 -0.016822228 0.996381581 -0.083311275 -16.179613113 -0.408555329 -0.082899481 -0.908960998 6.018852234
-0.906575799 0.021046948 0.421517700 179.527267456 -0.015503219 0.996420979 -0.083096080 -16.293640137 -0.421757996 -0.081867799 -0.903004885 4.875846863
-0.899957538 0.020784026 0.435481519 180.075546265 -0.015948584 0.996624947 -0.080524512 -16.404388428 -0.435685396 -0.079413973 -0.896588922 3.717086792
-0.893511832 0.023205299 0.448439866 180.647888184 -0.014528705 0.996647000 -0.080521531 -16.524587631 -0.448804826 -0.078462169 -0.890178621 2.592559814
-0.886440039 0.025558848 0.462137341 181.220550537 -0.012920031 0.996718585 -0.079906583 -16.630437851 -0.462663233 -0.076803215 -0.883200943 1.472198486
-0.878956914 0.027081266 0.476131648 181.813400269 -0.011119558 0.996951342 -0.077231392 -16.742488861 -0.476771533 -0.073177449 -0.875975966 0.375350952
-0.871343076 0.028782133 0.489829332 182.427932739 -0.008749054 0.997208118 -0.074158892 -16.851352692 -0.490596235 -0.068903387 -0.868658543 -0.715499878
-0.862713158 0.031577844 0.504706383 183.046310425 -0.006093381 0.997326851 -0.072815143 -16.950819016 -0.505656600 -0.065893963 -0.860214591 -1.800407410
-0.854307473 0.034306902 0.518634379 183.689132690 -0.003741197 0.997387528 -0.072138324 -17.045715332 -0.519754350 -0.063568629 -0.851947486 -2.825355530
-0.843361318 0.037439715 0.536041021 184.317123413 -0.000080001 0.997561038 -0.069800377 -17.153257370 -0.537346780 -0.058909822 -0.841301322 -3.860099792
-0.832755804 0.040177863 0.552180827 184.977340698 0.002581554 0.997634232 -0.068696722 -17.249897003 -0.553634524 -0.055782091 -0.830889404 -4.854965210
-0.821119726 0.041585051 0.569239020 185.659271240 0.003981004 0.997735202 -0.067145772 -17.357177734 -0.570742071 -0.052868575 -0.819425642 -5.861366272
-0.809988856 0.043543372 0.584826589 186.378509521 0.004579297 0.997678936 -0.067940027 -17.444053650 -0.586427450 -0.052352555 -0.808308184 -6.831604004
-0.796664357 0.046040911 0.602665842 187.104980469 0.006660331 0.997702777 -0.067415625 -17.536758423 -0.604385316 -0.049693670 -0.795140862 -7.817306519
-0.782714844 0.046907917 0.620610297 187.858154297 0.008328200 0.997855783 -0.064917929 -17.629217148 -0.622324765 -0.045643654 -0.781427205 -8.776191711
-0.767929971 0.049272597 0.638635576 188.632659912 0.010890518 0.997897267 -0.063895322 -17.709518433 -0.640440941 -0.042112067 -0.766851902 -9.694244385
