1.000000000 -0.000000000 0.000000000 -0.000000007 -0.000000000 0.999999940 -0.000000000 0.000000030 0.000000000 -0.000000000 1.000000000 0.000000119
0.999997735 -0.001588607 -0.001428464 -0.002815204 0.001587256 0.999998212 -0.000945706 -0.007443919 0.001429964 0.000943437 0.999998510 0.564158082
0.999995470 -0.001811283 -0.002407182 -0.007892787 0.001805058 0.999994993 -0.002585809 -0.017527658 0.002411854 0.002581452 0.999993742 1.119394779
0.999986589 -0.002499426 -0.004539432 -0.009177364 0.002483341 0.999990582 -0.003545633 -0.035249013 0.004548252 0.003534313 0.999983430 1.684575200
0.999970257 -0.004338334 -0.006373549 -0.020277634 0.004303065 0.999975324 -0.005536896 -0.041247047 0.006397414 0.005509306 0.999964356 2.251449585
0.999950767 -0.006940097 -0.007075059 -0.042307623 0.006889984 0.999951243 -0.007082720 -0.064443119 0.007123869 0.007033626 0.999949872 2.801667213
0.999930084 -0.008152915 -0.008560291 -0.049203992 0.008087150 0.999937713 -0.007689427 -0.077527538 0.008622449 0.007619662 0.999933839 3.372521400
0.999918759 -0.008135017 -0.009810277 -0.061563790 0.008065962 0.999942601 -0.007058255 -0.089802146 0.009867134 0.006978554 0.999926984 3.953180075
0.999903798 -0.008603024 -0.010871459 -0.071892455 0.008521784 0.999935567 -0.007497222 -0.103561193 0.010935257 0.007403858 0.999912798 4.548023224
0.999895394 -0.007952144 -0.012077801 -0.083153859 0.007829711 0.999917865 -0.010150644 -0.120865509 0.012157527 0.010055016 0.999875486 5.140744686
0.999892890 -0.006268569 -0.013222148 -0.098799095 0.006084460 0.999884605 -0.013918785 -0.135986835 0.013307873 0.013836845 0.999815643 5.744013309
0.999879599 -0.005130922 -0.014641568 -0.112910576 0.004873117 0.999833405 -0.017589431 -0.148557723 0.014729377 0.017515965 0.999738097 6.361510277
0.999870837 -0.003222146 -0.015749149 -0.131728083 0.002944049 0.999839902 -0.017649291 -0.161733896 0.015803497 0.017600643 0.999720275 6.990303993
0.999855936 -0.000837348 -0.016948761 -0.145997092 0.000652619 0.999940276 -0.010901839 -0.170720488 0.016956875 0.010889208 0.999797106 7.630869389
0.999850214 0.000177007 -0.017303638 -0.166618288 -0.000182922 0.999999881 -0.000340273 -0.183583423 0.017303575 0.000343386 0.999850273 8.288832664
0.999830961 0.000826616 -0.018368494 -0.181944743 -0.000708072 0.999978840 0.006459193 -0.195906609 0.018373443 -0.006445095 0.999810517 8.975214005
0.999797285 0.003211774 -0.019876100 -0.199241921 -0.003107244 0.999981225 0.005287670 -0.208511233 0.019892709 -0.005224838 0.999788463 9.659832954
0.999777794 0.005180394 -0.020434983 -0.224727660 -0.005220314 0.999984562 -0.001900633 -0.214632198 0.020424819 0.002006888 0.999789417 10.353848457
0.999755085 0.004863369 -0.021590238 -0.243196383 -0.005032365 0.999957085 -0.007780029 -0.214958370 0.021551475 0.007886775 0.999736667 11.061909676
0.999735594 0.002469160 -0.022860928 -0.258174837 -0.002614314 0.999976635 -0.006321753 -0.215788260 0.022844780 0.006379847 0.999718726 11.799354553
0.999733090 0.002215438 -0.022996860 -0.283352733 -0.002146837 0.999993205 0.003007332 -0.229387999 0.023003370 -0.002957159 0.999731064 12.551218033
0.999726713 0.001889318 -0.023302393 -0.305496842 -0.001642925 0.999942660 0.010588336 -0.236280352 0.023321059 -0.010547159 0.999672413 13.327508926
0.999714196 0.000846154 -0.023894662 -0.327580959 -0.000535645 0.999915481 0.012998311 -0.237288684 0.023903638 -0.012981796 0.999630094 14.118461609
0.999708891 -0.000894594 -0.024113063 -0.344896376 0.001183249 0.999927759 0.011959283 -0.237100154 0.024100622 -0.011984332 0.999637783 14.924699783
0.999723494 -0.001290401 -0.023477998 -0.367616326 0.001512956 0.999954164 0.009463989 -0.236173138 0.023464706 -0.009496892 0.999679565 15.742277145
0.999740720 0.001405474 -0.022723608 -0.394540250 -0.001264128 0.999979794 0.006233383 -0.238321930 0.022731908 -0.006203040 0.999722362 16.578584671
0.999756038 -0.001934193 -0.022002937 -0.414134562 0.001941947 0.999998033 0.000331026 -0.240142688 0.022002254 -0.000373672 0.999757826 17.435729980
0.999762356 -0.004826793 -0.021254733 -0.430861205 0.004704789 0.999972165 -0.005786367 -0.250391066 0.021282068 0.005684994 0.999757409 18.304397583
0.999784470 -0.003426231 -0.020482106 -0.445704520 0.003197534 0.999932289 -0.011188083 -0.264826596 0.020519054 0.011120177 0.999727607 19.212741852
0.999796927 -0.002167286 -0.020034213 -0.473876864 0.001927807 0.999926507 -0.011965116 -0.280909747 0.020058671 0.011924064 0.999727726 20.117794037
0.999780655 -0.002032002 -0.020848522 -0.489774019 0.001793056 0.999932647 -0.011473314 -0.298015594 0.020870427 0.011433414 0.999716818 21.057586670
0.999785185 -0.000488169 -0.020721817 -0.519088984 0.000225152 0.999919355 -0.012693184 -0.324595958 0.020726342 0.012685792 0.999704778 21.995641708
0.999786079 0.002503748 -0.020527773 -0.539029717 -0.002809779 0.999885082 -0.014892847 -0.346298218 0.020488126 0.014947345 0.999678373 22.973415375
0.999767542 0.005735883 -0.020778188 -0.566869140 -0.006063691 0.999857545 -0.015748033 -0.368584991 0.020684902 0.015870370 0.999660075 23.939495087
0.999761760 0.007564860 -0.020469317 -0.602990031 -0.007887444 0.999845147 -0.015724763 -0.395678550 0.020347195 0.015882473 0.999666810 24.922170639
0.999750912 0.008518131 -0.020625707 -0.630068660 -0.008843180 0.999837220 -0.015719844 -0.421812922 0.020488445 0.015898330 0.999663711 25.900123596
0.999741375 0.008068750 -0.021257816 -0.645226121 -0.008401681 0.999842584 -0.015619043 -0.447966397 0.021128446 0.015793607 0.999652028 26.869686127
0.999724090 0.009498148 -0.021481203 -0.669951320 -0.009810902 0.999846697 -0.014501175 -0.482014060 0.021340175 0.014707924 0.999664128 27.898820877
0.999713421 0.010115385 -0.021697318 -0.697163582 -0.010383384 0.999870718 -0.012274774 -0.510756254 0.021570349 0.012496546 0.999689281 28.917398453
0.999699116 0.010875575 -0.021985071 -0.725832045 -0.011120450 0.999877036 -0.011046801 -0.538982987 0.021862226 0.011287960 0.999697328 29.938028336
0.999692738 0.011066966 -0.022181984 -0.748472393 -0.011341034 0.999860406 -0.012267950 -0.561061263 0.022043116 0.012515746 0.999678731 30.973236084
0.999678135 0.012158687 -0.022265369 -0.782842636 -0.012454161 0.999835491 -0.013180283 -0.592237115 0.022101458 0.013453340 0.999665260 31.983135223
0.999674380 0.011675240 -0.022687942 -0.811260462 -0.011953435 0.999854505 -0.012165040 -0.619718850 0.022542614 0.012432280 0.999668658 33.018478394
0.999668002 0.011556071 -0.023028117 -0.842529714 -0.011781414 0.999883711 -0.009673988 -0.641783714 0.022913653 0.009942083 0.999688029 34.072177887
0.999659717 0.011599630 -0.023365414 -0.878553629 -0.011740530 0.999913633 -0.005902179 -0.668227732 0.023294937 0.006174493 0.999709606 35.115776062
0.999639571 0.011830295 -0.024099117 -0.901840448 -0.011924749 0.999921739 -0.003779564 -0.691288412 0.024052519 0.004065578 0.999702454 36.204349518
0.999628663 0.012131217 -0.024401179 -0.935672879 -0.012215254 0.999919951 -0.003297891 -0.709146023 0.024359219 0.003594733 0.999696851 37.276672363
0.999619782 0.011508871 -0.025058644 -0.965736032 -0.011623812 0.999922574 -0.004445976 -0.734229386 0.025005538 0.004735562 0.999676108 38.364799500
0.999596059 0.011942319 -0.025791381 -1.000842810 -0.012078525 0.999913871 -0.005131785 -0.751360238 0.025727876 0.005441234 0.999654174 39.444541931
0.999584019 0.011450526 -0.026469789 -1.034336209 -0.011564338 0.999924481 -0.004150668 -0.773333251 0.026420265 0.004455048 0.999641120 40.523231506
0.999549270 0.012121965 -0.027467163 -1.068300366 -0.012195216 0.999922454 -0.002500920 -0.787238240 0.027434720 0.002834761 0.999619663 41.609790802
0.999548495 0.011378618 -0.027809566 -1.110161066 -0.011370724 0.999935210 0.000441924 -0.816022635 0.027812796 -0.000125509 0.999613166 42.701377869
0.999516606 0.013228538 -0.028133463 -1.152514696 -0.013220720 0.999912381 0.000463856 -0.839613140 0.028137138 -0.000091688 0.999604046 43.778312683
0.999484777 0.014478223 -0.028643582 -1.181026459 -0.014584684 0.999887466 -0.003511313 -0.859673262 0.028589517 0.003927261 0.999583483 44.865272522
0.999473453 0.015656179 -0.028419828 -1.222172976 -0.015880739 0.999844313 -0.007693155 -0.879464984 0.028294958 0.008140433 0.999566436 45.945594788
0.999467134 0.016012186 -0.028442319 -1.260979295 -0.016238313 0.999838233 -0.007737358 -0.906289220 0.028313825 0.008195091 0.999565482 47.027355194
0.999459803 0.016829740 -0.028225467 -1.300671458 -0.016982442 0.999842405 -0.005179043 -0.929564357 0.028133852 0.005655583 0.999588192 48.128234863
0.999460340 0.016952276 -0.028135493 -1.335876942 -0.017045051 0.999849975 -0.003060941 -0.954130650 0.028079383 0.003538860 0.999599457 49.217681885
0.999483526 0.015522609 -0.028136527 -1.370043755 -0.015583736 0.999876618 -0.001954678 -0.974303007 0.028102716 0.002392142 0.999602139 50.305709839
0.999486685 0.015469965 -0.028055785 -1.401127338 -0.015547216 0.999875844 -0.002537539 -0.999919176 0.028013049 0.002972426 0.999603212 51.398738861
0.999505758 0.014689566 -0.027792245 -1.441001058 -0.014819894 0.999880075 -0.004489448 -1.020939469 0.027722962 0.004899108 0.999603689 52.486721039
0.999516964 0.015153169 -0.027133973 -1.477493882 -0.015333913 0.999861538 -0.006465490 -1.052150488 0.027032247 0.006878437 0.999610841 53.567092896
0.999537885 0.014470917 -0.026734080 -1.512081265 -0.014718910 0.999850273 -0.009102819 -1.077473402 0.026598351 0.009492109 0.999601126 54.659152985
0.999558687 0.013122838 -0.026650552 -1.543934345 -0.013454620 0.999833763 -0.012308368 -1.112881541 0.026484601 0.012661511 0.999569058 55.744972229
0.999577284 0.011034212 -0.026899938 -1.563984156 -0.011407492 0.999840200 -0.013762834 -1.147561908 0.026743779 0.014063875 0.999543428 56.827911377
0.999599218 0.009481627 -0.026677161 -1.596100807 -0.009785512 0.999888420 -0.011283736 -1.179649949 0.026567198 0.011540262 0.999580503 57.914127350
0.999617100 0.008225773 -0.026419982 -1.627799869 -0.008369165 0.999950767 -0.005321428 -1.206598163 0.026374910 0.005540504 0.999636769 59.011066437
0.999637365 0.006642879 -0.026100041 -1.659225106 -0.006641483 0.999977827 0.000140223 -1.225302815 0.026100401 0.000033171 0.999659300 60.123146057
0.999637842 0.004955790 -0.026452504 -1.684298158 -0.004941245 0.999987483 0.000615272 -1.241546392 0.026455225 -0.000484341 0.999649823 61.215633392
0.999665737 0.001991347 -0.025777189 -1.718361139 -0.002050774 0.999995232 -0.002279196 -1.260642290 0.025772527 0.002331298 0.999665082 62.305397034
0.999672055 0.000507686 -0.025599819 -1.753794432 -0.000647548 0.999984860 -0.005455419 -1.283418059 0.025596661 0.005470207 0.999657393 63.413490295
0.999663591 0.002687957 -0.025797175 -1.788962245 -0.002936004 0.999949694 -0.009582245 -1.307635546 0.025770120 0.009654761 0.999621332 64.502311707
0.999670208 0.002957412 -0.025507890 -1.823000431 -0.003307084 0.999900937 -0.013677098 -1.337789059 0.025464913 0.013756946 0.999581039 65.582855225
0.999673188 0.005427640 -0.024981875 -1.858706117 -0.005789580 0.999879003 -0.014438694 -1.365598917 0.024900487 0.014578612 0.999583602 66.701156616
0.999668717 0.009361254 -0.023976296 -1.902207971 -0.009630222 0.999891818 -0.011127299 -1.391230106 0.023869535 0.011354509 0.999650598 67.805183411
0.999648750 0.011070871 -0.024078293 -1.935109258 -0.011285605 0.999897540 -0.008800669 -1.425060749 0.023978399 0.009069316 0.999671280 68.908645630
0.999654472 0.010822690 -0.023950590 -1.961370945 -0.011011646 0.999909043 -0.007771708 -1.458182812 0.023864299 0.008032758 0.999682963 69.998687744
0.999673188 0.009136822 -0.023872282 -1.988576531 -0.009303465 0.999933004 -0.006878866 -1.486296773 0.023807827 0.007098713 0.999691427 71.094467163
0.999679089 0.008389470 -0.023904299 -2.025457859 -0.008523293 0.999948502 -0.005501876 -1.512539148 0.023856910 0.005703852 0.999699175 72.185356140
0.999682069 0.006307076 -0.024410248 -2.052702427 -0.006396397 0.999973059 -0.003582799 -1.535405874 0.024386991 0.003737798 0.999695659 73.298606873
0.999666929 0.004889272 -0.025339345 -2.077773094 -0.004948510 0.999985158 -0.002275583 -1.554066777 0.025327839 0.002400217 0.999676347 74.390350342
0.999658525 0.004325586 -0.025771989 -2.110621214 -0.004404768 0.999985754 -0.003016458 -1.587791562 0.025758576 0.003128947 0.999663353 75.485946655
0.999641895 0.004770515 -0.026331695 -2.143862963 -0.004953763 0.999963999 -0.006898359 -1.611275196 0.026297839 0.007026331 0.999629438 76.565216064
0.999613106 0.005379885 -0.027293067 -2.175642729 -0.005631499 0.999942243 -0.009150544 -1.634068131 0.027242268 0.009300703 0.999585629 77.652755737
0.999589145 0.007268222 -0.027725248 -2.213257551 -0.007471570 0.999945879 -0.007237869 -1.665874004 0.027671142 0.007442047 0.999589324 78.739128113
0.999565721 0.008148248 -0.028319374 -2.248678923 -0.008233812 0.999961913 -0.002906085 -1.688534737 0.028294615 0.003138000 0.999594688 79.822311401
0.999545097 0.009441046 -0.028643021 -2.290626049 -0.009410591 0.999954998 0.001197878 -1.715876102 0.028653044 -0.000927785 0.999588907 80.896789551
0.999511540 0.010768272 -0.029338649 -2.330437660 -0.010717046 0.999940813 0.001902660 -1.735063672 0.029357400 -0.001587307 0.999567688 81.965583801
0.999499142 0.010683220 -0.029787103 -2.369641781 -0.010708002 0.999942541 -0.000672566 -1.748098016 0.029778207 0.000991189 0.999556065 83.039802551
0.999487221 0.010232643 -0.030339552 -2.403497458 -0.010270133 0.999946713 -0.001080090 -1.773807168 0.030326884 0.001391128 0.999539077 84.116249084
0.999481380 0.009489430 -0.030769883 -2.439855576 -0.009527952 0.999954045 -0.001105590 -1.796972156 0.030757982 0.001398191 0.999525845 85.170486450
0.999460876 0.008427264 -0.031732578 -2.476385832 -0.008461832 0.999963820 -0.000955263 -1.812910438 0.031723380 0.001223263 0.999495924 86.212928772
0.999447942 0.007341722 -0.032402214 -2.508270264 -0.007330837 0.999973059 0.000454752 -1.839720726 0.032404676 -0.000216966 0.999474823 87.252647400
0.999438465 0.007684260 -0.032613348 -2.550365210 -0.007582914 0.999966085 0.003230031 -1.861268282 0.032637056 -0.002980913 0.999462843 88.257194519
0.999410212 0.006623309 -0.033697136 -2.590168715 -0.006481823 0.999969780 0.004306257 -1.883937597 0.033724632 -0.004085298 0.999422848 89.234069824
0.999338210 0.004847224 -0.036051702 -2.625968933 -0.004695325 0.999979734 0.004296809 -1.896924973 0.036071800 -0.004124691 0.999340653 90.208305359
0.999221444 0.004201040 -0.039228372 -2.667847395 -0.004075074 0.999986291 0.003290444 -1.915404677 0.039241657 -0.003128024 0.999224901 91.140266418
0.999082744 0.003839433 -0.042649828 -2.712629080 -0.003748117 0.999990463 0.002220774 -1.931271911 0.042657953 -0.002058880 0.999087632 92.062149048
0.998942852 0.003869378 -0.045805059 -2.760536432 -0.003740327 0.999988735 0.002902748 -1.951664805 0.045815781 -0.002728353 0.998946190 92.962966919
0.998785019 0.005075329 -0.049016394 -2.808908463 -0.004889124 0.999980330 0.003917963 -1.968366623 0.049035314 -0.003673556 0.998790264 93.828529358
0.998637438 0.005780745 -0.051863197 -2.864076376 -0.005519336 0.999971271 0.005182196 -1.986736059 0.051891662 -0.004888883 0.998640776 94.678108215
0.998459816 0.007186602 -0.055011198 -2.913903952 -0.006827837 0.999954164 0.006706874 -2.000607729 0.055056881 -0.006320937 0.998463213 95.494857788
0.998308301 0.008471964 -0.057520788 -2.970169783 -0.008065156 0.999940872 0.007300872 -2.012728453 0.057579234 -0.006824608 0.998317599 96.283660889
0.998142660 0.010396102 -0.060025267 -3.022204876 -0.009930254 0.999918222 0.008053952 -2.031879425 0.060104098 -0.007442927 0.998164356 97.049179077
0.997931123 0.012103499 -0.063142270 -3.070421934 -0.011700302 0.999908745 0.006751366 -2.043694019 0.063218236 -0.005998614 0.997981668 97.780487061
0.997772574 0.013416459 -0.065345436 -3.131513119 -0.013231657 0.999907076 0.003260052 -2.063974142 0.065383106 -0.002388161 0.997857392 98.473106384
0.997560740 0.015942870 -0.067959130 -3.188523531 -0.016011409 0.999871612 -0.000463951 -2.074590921 0.067943029 0.001550942 0.997687936 99.145912170
0.997377932 0.017798042 -0.070148222 -3.234591007 -0.018075101 0.999831140 -0.003316829 -2.092369080 0.070077352 0.004576068 0.997531116 99.785255432
0.997306287 0.019657729 -0.070665427 -3.288004875 -0.019991899 0.999792039 -0.004024670 -2.109008312 0.070571609 0.005426565 0.997491956 100.404830933
0.997323930 0.022134457 -0.069676794 -3.340506077 -0.022446079 0.999741197 -0.003692514 -2.122449398 0.069577031 0.005246603 0.997562766 100.989547729
0.997451365 0.026162656 -0.066379972 -3.391429424 -0.026368141 0.999649823 -0.002221168 -2.137765408 0.066298619 0.003965825 0.997791946 101.559921265
0.997706711 0.028344013 -0.061465148 -3.416841269 -0.028447967 0.999594867 -0.000816632 -2.152018547 0.061417110 0.002563318 0.998108864 102.104827881
0.998100221 0.029357815 -0.054167435 -3.445366859 -0.029324399 0.999568939 0.001411730 -2.168068647 0.054185532 0.000179380 0.998530865 102.622245789
0.998584330 0.029143794 -0.044497319 -3.460362911 -0.029001741 0.999571979 0.003834712 -2.182565212 0.044590034 -0.002538783 0.999002218 103.118812561
0.999046743 0.028748848 -0.032852549 -3.470836163 -0.028595878 0.999577940 0.005116841 -2.195334911 0.032985792 -0.004172516 0.999447107 103.611106873
0.999439538 0.027425645 -0.019194996 -3.471004725 -0.027330153 0.999612808 0.005219909 -2.206632137 0.019330719 -0.004692382 0.999802172 104.059776306
0.999618292 0.027341135 -0.003977474 -3.463200569 -0.027323831 0.999617159 0.004342449 -2.217749596 0.004094679 -0.004232113 0.999982655 104.496864319
0.999568045 0.025867550 0.013948677 -3.446106195 -0.025885258 0.999664307 0.001090182 -2.225123167 -0.013915794 -0.001450777 0.999902129 104.924179077
0.999050677 0.025539581 0.035292137 -3.416003704 -0.025438974 0.999670923 -0.003297032 -2.240779638 -0.035364725 0.002396107 0.999371588 105.334815979
0.997979403 0.023384763 0.059078619 -3.361743450 -0.022946229 0.999704003 -0.008090490 -2.250929356 -0.059250318 0.006718511 0.998220503 105.743370056
0.996051192 0.021084594 0.086241908 -3.306917191 -0.020177238 0.999731719 -0.011379410 -2.256302834 -0.086458690 0.009594348 0.996209323 106.132949829
0.993030429 0.018286241 0.116431296 -3.237066269 -0.017003475 0.999783337 -0.012001190 -2.274572849 -0.116625555 0.009937810 0.993126273 106.535575867
0.988846242 0.015914878 0.148087040 -3.142594337 -0.014006959 0.999805033 -0.013917807 -2.287275076 -0.148279652 0.011688322 0.988876402 106.903091431
0.982831359 0.013089133 0.184041053 -3.044656754 -0.010513678 0.999832809 -0.014962809 -2.313121557 -0.184206113 0.012770968 0.982804656 107.287826538
0.974781454 0.009590607 0.222955614 -2.952022552 -0.006234780 0.999856532 -0.015750589 -2.323032379 -0.223074690 0.013963303 0.974701345 107.588294983
0.964660406 0.007541515 0.263388455 -2.828882217 -0.003326000 0.999859214 -0.016447159 -2.339744329 -0.263475388 0.014989892 0.964549661 107.940460205
0.952300251 0.008565174 0.305042714 -2.691139221 -0.003318973 0.999837637 -0.017712682 -2.352516413 -0.305144876 0.015855365 0.952173948 108.277389526
0.936999500 0.010452521 0.349174231 -2.545238495 -0.004398041 0.999826014 -0.018127738 -2.367392540 -0.349303007 0.015450001 0.936882436 108.595405579
0.919280648 0.011094258 0.393446356 -2.369918823 -0.004592729 0.999837041 -0.017462209 -2.373018026 -0.393575966 0.014245679 0.919181645 108.917251587
0.898748398 0.009601206 0.438359797 -2.188732147 -0.002851929 0.999867201 -0.016052477 -2.387543440 -0.438455671 0.013176968 0.898656130 109.226455688
0.875316978 0.008527805 0.483474523 -2.000789642 -0.000618896 0.999863446 -0.016515680 -2.401302814 -0.483549297 0.014157233 0.875202656 109.511100769
0.850450635 0.009215190 0.525974274 -1.780117035 0.000928236 0.999818742 -0.019017924 -2.411571980 -0.526054144 0.016662033 0.850287735 109.786949158
0.822255850 0.011996413 0.568991601 -1.557647705 0.000971592 0.999746799 -0.022482354 -2.430601120 -0.569117188 0.019039076 0.822035849 110.071929932
0.792108059 0.015404153 0.610186517 -1.311897278 0.000130311 0.999677241 -0.025405997 -2.458939552 -0.610380948 0.020203806 0.791850388 110.331665039
0.757913947 0.021790201 0.651990533 -1.060924530 -0.003362172 0.999559164 -0.029497907 -2.468824625 -0.652345836 0.020164769 0.757653177 110.587829590
0.720356226 0.026491309 0.693098187 -0.789897919 -0.005230498 0.999449432 -0.032764334 -2.474438667 -0.693584561 0.019976743 0.720098376 110.834159851
0.681008935 0.026885942 0.731781483 -0.495441437 -0.003477721 0.999433219 -0.033483144 -2.491665840 -0.732266903 0.020257387 0.680716574 111.057281494
0.640524328 0.023965769 0.767563820 -0.181362152 0.001179599 0.999481022 -0.032191321 -2.503258705 -0.767936945 0.021524742 0.640163720 111.249649048
0.596342921 0.022181727 0.802423358 0.144287109 0.002868542 0.999552846 -0.029762896 -2.507333755 -0.802724838 0.020050673 0.596012652 111.448272705
0.550589263 0.020720992 0.834519207 0.467018127 0.003304599 0.999629974 -0.027000938 -2.527736425 -0.834769785 0.017624177 0.550316870 111.602203369
0.502348542 0.018260850 0.864472508 0.824840546 0.005083852 0.999697387 -0.024071543 -2.537543297 -0.864650249 0.016487153 0.502103627 111.767997742
0.451386124 0.014541609 0.892210305 1.194736481 0.007966357 0.999761701 -0.020324856 -2.548771620 -0.892293215 0.016282022 0.451162696 111.916488647
0.398763537 0.014497580 0.916939259 1.554466248 0.004252969 0.999835014 -0.017657783 -2.575731516 -0.917043984 0.010940992 0.398635983 112.051277161
0.347578466 0.019468822 0.937448740 1.950618744 0.000974352 0.999776363 -0.021124493 -2.583490133 -0.937650442 0.008255824 0.347481728 112.171707153
0.297382593 0.025053868 0.954429626 2.344625473 -0.000266851 0.999657929 -0.026157966 -2.594978571 -0.954758406 0.007524233 0.297287464 112.261276245
0.250717431 0.027143402 0.967679679 2.753320694 0.001556682 0.999594212 -0.028441926 -2.606975794 -0.968059063 0.008637256 0.250573367 112.331802368
0.209701136 0.026865488 0.977396429 3.171539307 0.008382066 0.999536335 -0.029272420 -2.624253511 -0.977729619 0.014331060 0.209378675 112.378120422
0.174549907 0.026640994 0.984287918 3.606203079 0.017037328 0.999402523 -0.030071426 -2.635452747 -0.984500945 0.022018598 0.173991680 112.416229248
0.144087985 0.027819104 0.989173710 4.062606812 0.021409035 0.999283195 -0.031221963 -2.651249170 -0.989333272 0.025675962 0.143389061 112.452209473
0.115756989 0.025907066 0.992939591 4.533566475 0.019451242 0.999409020 -0.028343486 -2.672377586 -0.993087053 0.022594864 0.115184590 112.499443054
0.090458810 0.022685263 0.995641768 5.057886124 0.013276443 0.999624252 -0.023982229 -2.686723948 -0.995811760 0.015387988 0.090123564 112.543945312
0.066619225 0.018800173 0.997601271 5.525226593 0.007935964 0.999780893 -0.019371208 -2.702474117 -0.997746885 0.009207424 0.066455454 112.573776245
0.044018522 0.016275797 0.998898089 6.049686432 0.012088397 0.999785483 -0.016822958 -2.721772194 -0.998957574 0.012815599 0.043812327 112.579147339
0.023792025 0.017187094 0.999569118 6.587193489 0.019693034 0.999650180 -0.017657224 -2.737224102 -0.999522924 0.020104649 0.023445241 112.564186096
0.006436393 0.019586820 0.999787390 7.139258385 0.024799781 0.999497533 -0.019740796 -2.754325390 -0.999671757 0.024921568 0.005947404 112.546440125
-0.008508779 0.024755953 0.999657214 7.749849796 0.023932850 0.999412119 -0.024546172 -2.772824764 -0.999677420 0.023715788 -0.009096280 112.556869507
-0.018749975 0.029914901 0.999376535 8.343061447 0.022891603 0.999303102 -0.029483214 -2.774081230 -0.999562144 0.022324521 -0.019421708 112.536766052
-0.025369786 0.029515540 0.999242306 8.963337898 0.024823498 0.999274433 -0.028886246 -2.793509960 -0.999369919 0.024071852 -0.026084058 112.519706726
-0.028109329 0.026638998 0.999249816 9.611487389 0.030919062 0.999189675 -0.025767628 -2.810597181 -0.999126673 0.030171556 -0.028910205 112.499504089
-0.027568374 0.024756964 0.999313295 10.264627457 0.032237541 0.999195337 -0.023864694 -2.837645292 -0.999100029 0.031557493 -0.028344292 112.473487854
-0.025175510 0.024287665 0.999387980 10.944076538 0.031023934 0.999242306 -0.023502601 -2.864618540 -0.999201536 0.030413255 -0.025909942 112.452896118
-0.023608403 0.024752466 0.999414861 11.625696182 0.027778938 0.999323726 -0.024094008 -2.884477139 -0.999335229 0.027193865 -0.024280038 112.441352844
-0.022503957 0.025940305 0.999410152 12.335197449 0.026962349 0.999315500 -0.025330726 -2.903986454 -0.999383211 0.026376402 -0.023187967 112.435234070
-0.021598354 0.026706032 0.999409974 13.060396194 0.026378909 0.999310374 -0.026133293 -2.930606365 -0.999418676 0.025798904 -0.022287935 112.419357300
-0.021053940 0.026431927 0.999428928 13.809312820 0.025538253 0.999338508 -0.025891546 -2.951591253 -0.999452174 0.024978543 -0.021715036 112.414550781
-0.020415185 0.025037559 0.999477983 14.564376831 0.024771027 0.999392152 -0.024529438 -2.978225946 -0.999484658 0.024257321 -0.021022979 112.403015137
-0.019553797 0.023559837 0.999531150 15.328170776 0.025661228 0.999404728 -0.023054849 -3.009828091 -0.999479473 0.025198391 -0.020146739 112.380241394
-0.020284457 0.021458300 0.999563932 16.117115021 0.026021654 0.999442220 -0.020927623 -3.033823252 -0.999455631 0.025585800 -0.020831525 112.371620178
-0.021838272 0.019530715 0.999570668 16.895889282 0.022750609 0.999559939 -0.019033462 -3.065130711 -0.999502599 0.022325190 -0.022273004 112.364562988
-0.022254907 0.018595206 0.999579370 17.692634583 0.023585396 0.999558449 -0.018069703 -3.085093260 -0.999474049 0.023173336 -0.022683656 112.334899902
-0.023313243 0.016273117 0.999595702 18.491271973 0.025645411 0.999548197 -0.015674220 -3.102618456 -0.999399245 0.025269629 -0.023720041 112.314453125
-0.024846302 0.014608493 0.999584496 19.305421829 0.027225459 0.999532223 -0.013930997 -3.126482248 -0.999320567 0.026868010 -0.025232408 112.299247742
-0.026552584 0.013618901 0.999554634 20.129833221 0.024820039 0.999607921 -0.012960298 -3.156193733 -0.999339283 0.024464855 -0.026880201 112.281547546
-0.027020140 0.018137336 0.999470294 20.949254990 0.021526884 0.999614060 -0.017557975 -3.186652899 -0.999403059 0.021041067 -0.027400149 112.254295349
-0.028111219 0.022769280 0.999345362 21.784322739 0.022893721 0.999492943 -0.022128645 -3.210131645 -0.999342680 0.022256676 -0.028618239 112.238281250
-0.029394876 0.024729421 0.999261856 22.624311447 0.022961976 0.999446690 -0.024058534 -3.232748985 -0.999304116 0.022237835 -0.029946459 112.217674255
-0.031082928 0.022457508 0.999264419 23.470788956 0.019352589 0.999573588 -0.021862477 -3.265142679 -0.999329507 0.018658808 -0.031504288 112.204605103
-0.031307895 0.017957332 0.999348342 24.308784485 0.016643541 0.999709308 -0.017442396 -3.298393488 -0.999371171 0.016086614 -0.031597678 112.174064636
-0.031705145 0.012527052 0.999418736 25.162939072 0.015199432 0.999811828 -0.012049798 -3.326596975 -0.999381661 0.014808558 -0.031889595 112.153495789
-0.031884894 0.006944313 0.999467432 26.010957718 0.011762461 0.999909163 -0.006572138 -3.349273920 -0.999422312 0.011546648 -0.031963684 112.133171082
-0.031779811 0.005174629 0.999481380 26.863418579 0.008993972 0.999947548 -0.004891068 -3.379520655 -0.999454379 0.008833875 -0.031824697 112.119354248
-0.030899592 0.012440218 0.999445081 27.695613861 0.011064355 0.999865472 -0.012103376 -3.405797720 -0.999461234 0.010684227 -0.031033093 112.085861206
-0.029536709 0.023477551 0.999287963 28.524795532 0.013805163 0.999638319 -0.023077732 -3.431092024 -0.999468327 0.013113694 -0.029850150 112.057014465
-0.029588565 0.028845569 0.999145865 29.360677719 0.015618615 0.999474704 -0.028392538 -3.452417850 -0.999440134 0.014765183 -0.030023560 112.043571472
-0.028255381 0.023111012 0.999333620 30.205827713 0.017056372 0.999598265 -0.022634875 -3.489469051 -0.999455154 0.016405448 -0.028638225 112.020309448
-0.026939854 0.015615507 0.999515057 31.031242371 0.020276558 0.999680758 -0.015071585 -3.519101620 -0.999431431 0.019860705 -0.027247889 111.992073059
-0.026058950 0.012938652 0.999576628 31.862194061 0.021685760 0.999688208 -0.012374748 -3.543957710 -0.999425232 0.021354111 -0.026331414 111.969284058
-0.026402753 0.013568664 0.999559224 32.680042267 0.020692019 0.999700963 -0.013024020 -3.569669724 -0.999437273 0.020339034 -0.026675625 111.953086853
-0.027577737 0.014084298 0.999520361 33.500801086 0.016896561 0.999764383 -0.013621544 -3.601099491 -0.999476969 0.016512809 -0.027809221 111.941459656
-0.029505245 0.014286520 0.999462485 34.311229706 0.015225287 0.999788284 -0.013841708 -3.626123667 -0.999448717 0.014808702 -0.029716516 111.920455933
-0.031522188 0.014112984 0.999403417 35.120418549 0.014862123 0.999796391 -0.013649767 -3.652353287 -0.999392629 0.014422986 -0.031725522 111.894500732
-0.033536516 0.014440618 0.999333143 35.924667358 0.013944200 0.999805033 -0.013979484 -3.678200006 -0.999340236 0.013466078 -0.033731349 111.871650696
-0.035621502 0.014505312 0.999260068 36.735084534 0.011868557 0.999830306 -0.014090499 -3.707834721 -0.999294877 0.011357851 -0.035787616 111.849662781
-0.038126014 0.014076124 0.999173760 37.531906128 0.010233917 0.999853969 -0.013695203 -3.730194092 -0.999220550 0.009703320 -0.038264494 111.835174561
-0.040212270 0.013021613 0.999106348 38.322208405 0.010638325 0.999863923 -0.012603316 -3.755648851 -0.999134541 0.010122010 -0.040345334 111.804481506
-0.042244475 0.012628850 0.999027491 39.102619171 0.009856732 0.999876678 -0.012222788 -3.787138700 -0.999058723 0.009330801 -0.042363755 111.773788452
-0.043910440 0.014019229 0.998937070 39.901386261 0.010371154 0.999854028 -0.013576211 -3.807054281 -0.998981714 0.009763993 -0.044049427 111.746337891
-0.044828467 0.013855629 0.998898566 40.663276672 0.010738660 0.999852657 -0.013386935 -3.835466862 -0.998937070 0.010126716 -0.044970639 111.708450317
-0.046120498 0.012848137 0.998853266 41.441440582 0.012802131 0.999842703 -0.012269747 -3.858670473 -0.998853862 0.012221565 -0.046277724 111.674949646
-0.047523063 0.011818779 0.998800218 42.215259552 0.013126320 0.999851108 -0.011206659 -3.887067556 -0.998783827 0.012577998 -0.047671109 111.640823364
-0.049144272 0.011248456 0.998728275 42.973766327 0.011095806 0.999881029 -0.010715450 -3.916260958 -0.998730004 0.010555094 -0.049263239 111.610862732
-0.049983017 0.010430699 0.998695612 43.730392456 0.009343806 0.999906540 -0.009975707 -3.933193684 -0.998706400 0.008833000 -0.050075807 111.574691772
-0.050822973 0.009303726 0.998664320 44.468013763 0.008886984 0.999921262 -0.008863169 -3.956377745 -0.998668134 0.008424661 -0.050901644 111.543586731
-0.051611844 0.009198220 0.998624861 45.185302734 0.009045543 0.999920905 -0.008742658 -3.978267670 -0.998626292 0.008581880 -0.051690966 111.511756897
-0.051763467 0.011554983 0.998592496 45.893115997 0.009103783 0.999896944 -0.011098171 -4.001883030 -0.998617887 0.008516490 -0.051863331 111.481185913
-0.051721524 0.014521124 0.998555958 46.600006104 0.009424124 0.999856889 -0.014051907 -4.024930000 -0.998616993 0.008683730 -0.051850975 111.447334290
-0.052067790 0.015909893 0.998516738 47.290279388 0.007065924 0.999853909 -0.015562747 -4.050161839 -0.998618603 0.006245126 -0.052172597 111.417144775
-0.052286148 0.017017778 0.998487055 47.988533020 0.007619296 0.999832451 -0.016641723 -4.070729256 -0.998603046 0.006737638 -0.052407060 111.385665894
-0.052358966 0.016859062 0.998485923 48.681003571 0.009211443 0.999823034 -0.016398609 -4.092329025 -0.998585939 0.008338883 -0.052505001 111.352096558
-0.052578997 0.016187834 0.998485446 49.357330322 0.009383218 0.999832451 -0.015715564 -4.119543552 -0.998572707 0.008542699 -0.052722089 111.313072205
-0.052299544 0.016194636 0.998500049 50.041233063 0.005773669 0.999856591 -0.015914228 -4.142621517 -0.998614728 0.004932703 -0.052385550 111.279197693
-0.052128348 0.016392009 0.998505771 50.726364136 0.003437760 0.999862254 -0.016234808 -4.167819977 -0.998634517 0.002586331 -0.052177522 111.253036499
-0.052126776 0.014905893 0.998529077 51.402637482 0.005047358 0.999879658 -0.014662562 -4.191930771 -0.998627722 0.004275623 -0.052195739 111.219047546
-0.053190984 0.014329420 0.998481452 52.076515198 0.005502744 0.999885976 -0.014056439 -4.213077068 -0.998569191 0.004746713 -0.053263780 111.184242249
-0.056554835 0.013651395 0.998306096 52.747619629 0.002177323 0.999905765 -0.013549926 -4.237669468 -0.998397052 0.001407322 -0.056579232 111.150001526
-0.062177785 0.013584484 0.997972548 53.426025391 -0.001509804 0.999904871 -0.013704856 -4.259688854 -0.998063922 -0.002358881 -0.062151346 111.123413086
-0.067881040 0.017675303 0.997536838 54.088882446 0.002123671 0.999843240 -0.017571662 -4.280140877 -0.997691154 0.000925657 -0.067907944 111.075752258
-0.074726447 0.020790588 0.996987343 54.765365601 0.004799681 0.999778450 -0.020489050 -4.296758652 -0.997192442 0.003254147 -0.074809693 111.024299622
-0.081963852 0.022470362 0.996381938 55.430042267 0.004147531 0.999744713 -0.022205019 -4.319032669 -0.996626616 0.002312515 -0.082036138 110.967445374
-0.088302121 0.021463051 0.995862544 56.105934143 0.000007663 0.999767721 -0.021546543 -4.344831944 -0.996093631 -0.001894974 -0.088281780 110.912956238
-0.093972526 0.020617440 0.995361328 56.805274963 -0.000183828 0.999785066 -0.020726429 -4.369497299 -0.995574713 -0.002130690 -0.093948558 110.857986450
-0.098436661 0.020582858 0.994930327 57.484848022 -0.003153155 0.999774575 -0.020995038 -4.397466660 -0.995138347 -0.005203851 -0.098349571 110.790809631
-0.102740861 0.020468185 0.994497538 58.187545776 -0.004867564 0.999765992 -0.021079481 -4.411732197 -0.994696259 -0.007006506 -0.102617204 110.730728149
-0.105222188 0.016815795 0.994306624 58.890731812 -0.004852109 0.999836385 -0.017422784 -4.439264297 -0.994436920 -0.006657748 -0.105123401 110.657165527
-0.106660843 0.013567409 0.994202852 59.605911255 -0.002833778 0.999898672 -0.013949154 -4.463691711 -0.994291425 -0.004305178 -0.106611609 110.577827454
-0.108597130 0.010997768 0.994024992 60.323013306 -0.003413469 0.999928713 -0.011436008 -4.485991478 -0.994080007 -0.004634990 -0.108551890 110.508155823
-0.109965228 0.010582341 0.993879080 61.049129486 -0.003768839 0.999931693 -0.011063782 -4.505579472 -0.993928373 -0.004962401 -0.109917842 110.434097290
-0.110073663 0.014441285 0.993818581 61.775196075 -0.001927429 0.999889433 -0.014742983 -4.523564339 -0.993921638 -0.003538329 -0.110033691 110.353218079
-0.110203899 0.018530071 0.993736267 62.504135132 0.003485105 0.999827147 -0.018257160 -4.546159267 -0.993902981 0.001451267 -0.110249437 110.267196655
-0.111094095 0.023661282 0.993528187 63.248577118 0.010995724 0.999684572 -0.022578385 -4.569191933 -0.993749082 0.008416239 -0.111319244 110.179122925
-0.111503638 0.024757106 0.993455589 63.992916107 0.012244092 0.999647915 -0.023537166 -4.593729973 -0.993688643 0.009539484 -0.111767508 110.094902039
-0.112082809 0.022450777 0.993445337 64.755577087 0.010309525 0.999717236 -0.021429369 -4.624337673 -0.993645370 0.007840084 -0.112282589 110.015525818
-0.111820459 0.017119749 0.993580997 65.509834290 0.010573319 0.999815524 -0.016037220 -4.652570248 -0.993672192 0.008712159 -0.111980841 109.932701111
-0.112508193 0.015617592 0.993528008 66.261154175 0.012782964 0.999816537 -0.014268884 -4.676265717 -0.993568540 0.011094866 -0.112687185 109.853019714
-0.113132067 0.015118878 0.993464887 67.014747620 0.013006251 0.999821007 -0.013734507 -4.702421188 -0.993494868 0.011367439 -0.113308460 109.769004822
-0.114780419 0.015793329 0.993265271 67.760581970 0.011539100 0.999827266 -0.014564226 -4.727254868 -0.993323922 0.009789699 -0.114942849 109.689697266
-0.117099240 0.016700778 0.992979705 68.497436523 0.010781069 0.999821007 -0.015544461 -4.749108791 -0.993061721 0.008885138 -0.117258325 109.610321045
-0.119452931 0.016998641 0.992694259 69.233337402 0.012269646 0.999802351 -0.015643926 -4.773360252 -0.992764115 0.010311296 -0.119637892 109.522300720
-0.121235929 0.017119007 0.992475927 69.975227356 0.012318645 0.999800265 -0.015740555 -4.795966625 -0.992547333 0.010317640 -0.121422589 109.433410645
-0.123142771 0.016810851 0.992246449 70.721694946 0.012467738 0.999803722 -0.015391577 -4.821360588 -0.992310584 0.010475707 -0.123328209 109.340621948
-0.124808617 0.017037027 0.992034554 71.470275879 0.010134630 0.999822199 -0.015895728 -4.844898701 -0.992129087 0.008069979 -0.124959111 109.252807617
-0.125898302 0.018500315 0.991870642 72.219970703 0.009936412 0.999799430 -0.017386969 -4.870161057 -0.991993368 0.007666643 -0.126056939 109.161811829
-0.126885235 0.018911963 0.991737127 72.986267090 0.009083943 0.999798536 -0.017903462 -4.891003609 -0.991875827 0.006737200 -0.127031460 109.072067261
-0.128202081 0.019178236 0.991562605 73.747848511 0.008529347 0.999797404 -0.018234720 -4.915930748 -0.991711378 0.006119651 -0.128339723 108.975311279
-0.129221261 0.017568314 0.991460145 74.529830933 0.009270539 0.999820769 -0.016508194 -4.936242104 -0.991572440 0.007058161 -0.129361004 108.879127502
-0.130153656 0.015140997 0.991378188 75.310775757 0.007203345 0.999871433 -0.014325016 -4.959390640 -0.991467655 0.005276788 -0.130245999 108.782417297
-0.132215232 0.013359747 0.991131008 76.102111816 0.003734207 0.999908745 -0.012979931 -4.976550102 -0.991213918 0.001984945 -0.132253066 108.690322876
-0.134090498 0.012795658 0.990886509 76.881347656 0.005125292 0.999912143 -0.012218641 -4.996972084 -0.990955830 0.003440179 -0.134144321 108.579650879
-0.135577500 0.013636011 0.990672886 77.678451538 0.006500357 0.999895990 -0.012873365 -5.016842365 -0.990745485 0.004694389 -0.135652065 108.474510193
-0.137866586 0.015130643 0.990335226 78.469039917 0.005968213 0.999877810 -0.014445591 -5.035678387 -0.990432799 0.003918966 -0.137940094 108.363677979
-0.139695019 0.018040001 0.990030229 79.263771057 0.007034583 0.999826849 -0.017225921 -5.068190098 -0.990169585 0.004558075 -0.139797762 108.257476807
-0.139895543 0.022098608 0.989919722 80.068634033 0.009251208 0.999736428 -0.021010377 -5.091152191 -0.990123093 0.006218694 -0.140063092 108.142417908
-0.141068533 0.025698150 0.989666224 80.887619019 0.010094533 0.999648392 -0.024518462 -5.129955769 -0.989948332 0.006531435 -0.141278341 108.024887085
-0.141014755 0.027048457 0.989637852 81.713912964 0.012358823 0.999596894 -0.025559630 -5.157350540 -0.989930332 0.008626477 -0.141292155 107.910736084
-0.140305817 0.026220253 0.989760935 82.545394897 0.015689069 0.999582648 -0.024256406 -5.190394878 -0.989983857 0.012125113 -0.140658617 107.792655945
-0.139839396 0.024507884 0.989870787 83.366325378 0.016789889 0.999608696 -0.022377064 -5.220617294 -0.990031779 0.013490628 -0.140196145 107.665832520
-0.138956770 0.022737266 0.990037322 84.208297729 0.015612929 0.999662399 -0.020766962 -5.251195431 -0.990175366 0.012571673 -0.139264837 107.551727295
-0.137843981 0.020261308 0.990246654 85.066017151 0.014825161 0.999720991 -0.018391473 -5.280745506 -0.990343094 0.012145411 -0.138105854 107.456558228
-0.136488423 0.017161598 0.990493000 85.922775269 0.015303686 0.999767184 -0.015213458 -5.306310177 -0.990523458 0.013081732 -0.136719286 107.348663330
-0.134898335 0.013613584 0.990765929 86.772766113 0.015735867 0.999809027 -0.011595309 -5.334970474 -0.990734458 0.014026372 -0.135086775 107.235260010
-0.132982120 0.013546754 0.991025805 87.619743347 0.013880203 0.999833941 -0.011804624 -5.360203266 -0.991021276 0.012185835 -0.133148089 107.127914429
-0.131789625 0.017642573 0.991120636 88.472404480 0.014506713 0.999768853 -0.015867550 -5.389058590 -0.991171598 0.012286723 -0.132015109 107.019264221
-0.129742041 0.023864439 0.991260529 89.322235107 0.015570306 0.999636054 -0.022028143 -5.415939331 -0.991425633 0.012576250 -0.130066440 106.910186768
-0.128341973 0.027448483 0.991350114 90.173477173 0.013201503 0.999575675 -0.025967145 -5.441080093 -0.991642118 0.009754634 -0.128649905 106.807914734
-0.126835167 0.025038306 0.991607845 91.032829285 0.012025725 0.999646723 -0.023703098 -5.471969128 -0.991850972 0.008918416 -0.127091497 106.701263428
