1.000000000 0.000000000 0.000000000 0.000000000 0.000000000 1.000000000 0.000000000 0.000000000 0.000000000 0.000000000 1.000000000 0.000000000
0.999997377 0.001015552 0.002050237 -0.009091548 -0.001013322 0.999998868 -0.001088430 -0.016723204 -0.002051340 0.001086350 0.999997318 1.206132174
0.999996722 0.000717034 0.002431324 0.000349640 -0.000715010 0.999999404 -0.000832974 -0.035736203 -0.002431920 0.000831233 0.999996662 2.428530693
0.999993801 0.000201815 0.003516005 -0.000317186 -0.000199695 0.999999821 -0.000603263 -0.053047545 -0.003516126 0.000602557 0.999993622 3.633630753
0.999989569 0.000124753 0.004551235 -0.000661517 -0.000121457 0.999999762 -0.000724458 -0.073367007 -0.004551324 0.000723898 0.999989390 4.834302902
0.999987841 -0.000153011 0.004910157 0.008354617 0.000155123 0.999999881 -0.000429733 -0.095627174 -0.004910091 0.000430489 0.999987841 6.047680855
0.999984920 0.000057785 0.005494532 0.013071669 -0.000049780 0.999998987 -0.001457039 -0.117255338 -0.005494611 0.001456744 0.999983847 7.247595787
0.999977946 -0.000119503 0.006656577 0.012202527 0.000130344 0.999998629 -0.001628196 -0.142907053 -0.006656374 0.001629027 0.999976516 8.437542915
0.999976933 -0.000347768 0.006779458 0.016625222 0.000348669 0.999999940 -0.000131724 -0.165868133 -0.006779410 0.000134085 0.999976933 9.634282112
0.999984324 -0.000947476 0.005520941 0.016051114 0.000941798 0.999999046 0.001030871 -0.190478206 -0.005521912 -0.001025656 0.999984205 10.828119278
0.999992132 -0.002501687 0.003044875 0.016437253 0.002500050 0.999996662 0.000541585 -0.211820036 -0.003046220 -0.000533969 0.999995232 12.027892113
0.999996901 -0.002161533 0.001154034 0.008974793 0.002161534 0.999997735 0.000000678 -0.229397207 -0.001154033 0.000001816 0.999999404 13.223000526
0.999997377 -0.002264246 -0.000202505 0.005513617 0.002264235 0.999997437 -0.000056419 -0.253062308 0.000202633 0.000055960 0.999999940 14.421404839
0.999998868 -0.000776271 -0.001227356 0.006506309 0.000775863 0.999999583 -0.000332588 -0.273211777 0.001227614 0.000331636 0.999999166 15.619474411
0.999998093 -0.000975958 -0.001735018 -0.001165407 0.000975544 0.999999523 -0.000239521 -0.293250352 0.001735251 0.000237828 0.999998450 16.821210861
0.999995112 -0.001851211 -0.002518888 -0.005814776 0.001851180 0.999998331 -0.000014483 -0.311111420 0.002518911 0.000009819 0.999996781 18.004034042
0.999993861 -0.001920856 -0.002932027 -0.012859516 0.001922437 0.999998093 0.000536645 -0.337806463 0.002930990 -0.000542278 0.999995530 19.201099396
0.999990702 -0.001671281 -0.003971789 -0.021038696 0.001670517 0.999998569 -0.000195766 -0.361719429 0.003972110 0.000189129 0.999992073 20.396865845
0.999990404 -0.002004985 -0.003871810 -0.040767659 0.002000588 0.999997258 -0.001139273 -0.385654747 0.003874084 0.001131516 0.999991834 21.598283768
0.999988914 -0.000657572 -0.004657083 -0.051077440 0.000654923 0.999999583 -0.000570321 -0.405488670 0.004657456 0.000567265 0.999988973 22.795473099
0.999985993 -0.001260023 -0.005136041 -0.069639869 0.001255929 0.999998868 -0.000800275 -0.428943098 0.005137043 0.000793813 0.999986470 23.985994339
0.999980688 -0.001174091 -0.006113940 -0.083124258 0.001165028 0.999998212 -0.001485626 -0.450066745 0.006115673 0.001478474 0.999980211 25.179588318
0.999974847 -0.000844677 -0.007042442 -0.094570711 0.000840452 0.999999404 -0.000602868 -0.476563066 0.007042949 0.000596934 0.999975026 26.373849869
0.999966562 -0.002514876 -0.007777919 -0.108838856 0.002523341 0.999996185 0.001078708 -0.496909112 0.007775177 -0.001098298 0.999969184 27.578916550
0.999958575 -0.002445294 -0.008768773 -0.120700568 0.002456073 0.999996185 0.001218634 -0.518297195 0.008765761 -0.001240120 0.999960840 28.768630981
0.999947906 -0.003200141 -0.009693846 -0.136275455 0.003205174 0.999994755 0.000503784 -0.539725602 0.009692183 -0.000534828 0.999952972 29.968265533
0.999940336 -0.003262851 -0.010426672 -0.150039300 0.003257079 0.999994516 -0.000570406 -0.558753490 0.010428474 0.000536412 0.999945462 31.162258148
0.999932885 -0.002689051 -0.011268153 -0.168745995 0.002683046 0.999996245 -0.000548064 -0.578460693 0.011269584 0.000517795 0.999936402 32.354572296
0.999922693 -0.002878560 -0.012095279 -0.184211239 0.002878098 0.999995887 -0.000055566 -0.599226534 0.012095391 0.000020750 0.999926865 33.557807922
0.999916732 -0.003317294 -0.012469589 -0.203614056 0.003321300 0.999994338 0.000300468 -0.623508573 0.012468522 -0.000341858 0.999922216 34.750968933
0.999905109 -0.003918841 -0.013206189 -0.219040722 0.003924673 0.999992132 0.000415745 -0.646199346 0.013204457 -0.000467535 0.999912739 35.949432373
0.999897242 -0.004002403 -0.013766889 -0.236091703 0.004003816 0.999991953 0.000075162 -0.663826823 0.013766478 -0.000130275 0.999905169 37.150764465
0.999893963 -0.004844567 -0.013736603 -0.256476432 0.004856599 0.999987900 0.000842688 -0.685897648 0.013732352 -0.000909312 0.999905288 38.350482941
0.999895275 -0.004511251 -0.013751566 -0.277401149 0.004542429 0.999987185 0.002236847 -0.709369242 0.013741300 -0.002299079 0.999902964 39.563812256
0.999896049 -0.003883366 -0.013884036 -0.295804709 0.003919009 0.999989152 0.002540880 -0.720532537 0.013874019 -0.002595028 0.999900401 40.765361786
0.999899507 -0.003347402 -0.013777480 -0.319148004 0.003382895 0.999991000 0.002553665 -0.744613945 0.013768807 -0.002600016 0.999901831 41.965152740
0.999903798 -0.002272355 -0.013684099 -0.337675452 0.002302728 0.999994934 0.002204180 -0.756623089 0.013679018 -0.002235478 0.999903977 43.158435822
0.999913096 0.000103073 -0.013185749 -0.361455977 -0.000049879 0.999991894 0.004034459 -0.772605300 0.013186057 -0.004033451 0.999904990 44.362541199
0.999932230 0.000730205 -0.011617374 -0.382121801 -0.000646590 0.999973834 0.007199535 -0.789770126 0.011622326 -0.007191536 0.999906659 45.568481445
0.999954045 0.000695577 -0.009563854 -0.394825399 -0.000599583 0.999949455 0.010036352 -0.801204741 0.009570350 -0.010030157 0.999903858 46.773559570
0.999962330 0.001181837 -0.008598784 -0.404721171 -0.001066793 0.999909997 0.013371387 -0.807853520 0.008613813 -0.013361711 0.999873579 47.977451324
0.999973714 0.000194654 -0.007253285 -0.421390444 -0.000089220 0.999894321 0.014533622 -0.815613627 0.007255348 -0.014532592 0.999868035 49.185882568
0.999985635 -0.001055745 -0.005252494 -0.431591690 0.001124167 0.999914229 0.013040780 -0.817422390 0.005238276 -0.013046498 0.999901116 50.406688690
0.999991715 -0.000000934 -0.004089342 -0.442616165 0.000047973 0.999933839 0.011502648 -0.824379623 0.004089061 -0.011502749 0.999925494 51.621929169
0.999994397 -0.000093272 -0.003354688 -0.451787353 0.000129257 0.999942482 0.010728169 -0.827689767 0.003353495 -0.010728543 0.999936759 52.809265137
0.999994278 -0.000299684 -0.003398226 -0.460106134 0.000334159 0.999948502 0.010149270 -0.832919359 0.003395008 -0.010150348 0.999942720 54.014308929
0.999991298 -0.000812865 -0.004110376 -0.468843639 0.000849888 0.999959052 0.009013509 -0.841188967 0.004102881 -0.009016925 0.999950945 55.221107483
0.999984264 -0.000677865 -0.005566881 -0.479869634 0.000731849 0.999952614 0.009700903 -0.850360274 0.005560040 -0.009704823 0.999937415 56.416568756
0.999977052 -0.000801552 -0.006729399 -0.495096296 0.000872990 0.999943137 0.010619580 -0.855468631 0.006720505 -0.010625209 0.999920905 57.620658875
0.999967277 -0.001036066 -0.008016383 -0.505264580 0.001126367 0.999936044 0.011268202 -0.869949102 0.008004193 -0.011276865 0.999904335 58.823558807
0.999959290 -0.000079454 -0.009017020 -0.520546317 0.000177502 0.999940991 0.010873424 -0.874647021 0.009015624 -0.010874584 0.999900222 60.019615173
0.999953389 0.000128666 -0.009646211 -0.540445387 -0.000022350 0.999939263 0.011020848 -0.888545871 0.009647043 -0.011020120 0.999892712 61.234954834
0.999952674 -0.000737719 -0.009696039 -0.556748152 0.000838887 0.999945223 0.010434028 -0.894067168 0.009687809 -0.010441668 0.999898553 62.434089661
0.999947071 -0.001453059 -0.010187820 -0.568240941 0.001550663 0.999952912 0.009579070 -0.908581614 0.010173423 -0.009594362 0.999902189 63.641773224
0.999942660 -0.001696954 -0.010566453 -0.582052946 0.001810232 0.999940932 0.010720213 -0.914789557 0.010547635 -0.010738727 0.999886692 64.844635010
0.999939442 -0.002645267 -0.010682419 -0.604026794 0.002776187 0.999921083 0.012259488 -0.926313996 0.010649147 -0.012288403 0.999867797 66.049865723
0.999937892 -0.001648155 -0.011025200 -0.622742772 0.001765560 0.999941766 0.010647590 -0.935083926 0.011007007 -0.010666394 0.999882519 67.240036011
0.999942839 0.000206253 -0.010692804 -0.648228288 -0.000104101 0.999954402 0.009552991 -0.943775475 0.010694287 -0.009551331 0.999897122 68.437797546
0.999936402 0.002017695 -0.011100244 -0.662448645 -0.001908241 0.999949574 0.009862240 -0.954738200 0.011119583 -0.009840429 0.999889731 69.625267029
0.999930441 0.004315000 -0.010975935 -0.682116449 -0.004205103 0.999941051 0.010015995 -0.963139594 0.011018505 -0.009969142 0.999889553 70.808784485
0.999927104 0.005388890 -0.010817523 -0.704089761 -0.005272849 0.999928594 0.010727135 -0.975130439 0.010874559 -0.010669312 0.999883950 72.005836487
0.999933243 0.005957340 -0.009902810 -0.721658230 -0.005842059 0.999915361 0.011629659 -0.983274639 0.009971254 -0.011571031 0.999883354 73.199333191
0.999936402 0.007707349 -0.008237218 -0.735401273 -0.007605241 0.999894679 0.012356300 -0.989570260 0.008331587 -0.012292869 0.999889731 74.396957397
0.999963939 0.006471916 -0.005484608 -0.743561625 -0.006415669 0.999927282 0.010211715 -1.002160549 0.005550298 -0.010176163 0.999932766 75.569686890
0.999988973 0.003746988 -0.002811510 -0.752732992 -0.003732664 0.999980092 0.005082849 -1.011928439 0.002830500 -0.005072301 0.999983132 76.744216919
0.999984443 0.005570555 -0.000436220 -0.755109727 -0.005568541 0.999974370 0.004491461 -1.023170829 0.000461229 -0.004488961 0.999989808 77.924865723
0.999988079 0.004297785 0.002335000 -0.756913602 -0.004316672 0.999957502 0.008144852 -1.037689209 -0.002299896 -0.008154835 0.999964118 79.107795715
0.999975145 0.004269917 0.005616266 -0.755058050 -0.004323745 0.999944508 0.009607167 -1.053361535 -0.005574933 -0.009631212 0.999938011 80.283279419
0.999942064 0.004485500 0.009787636 -0.750829518 -0.004561899 0.999959290 0.007797420 -1.063334227 -0.009752261 -0.007841617 0.999921679 81.450660706
0.999906719 0.003070638 0.013309699 -0.739404798 -0.003135342 0.999983370 0.004843220 -1.077465177 -0.013294606 -0.004884498 0.999899685 82.614646912
0.999859929 0.001744054 0.016644433 -0.723080277 -0.001767273 0.999997437 0.001380409 -1.093422055 -0.016641984 -0.001409631 0.999860466 83.778373718
0.999790072 0.001313259 0.020447886 -0.707747698 -0.001323411 0.999998987 0.000482947 -1.111406922 -0.020447228 -0.000509906 0.999790847 84.931388855
0.999720395 0.001022620 0.023622259 -0.677553177 -0.001074925 0.999997020 0.002201624 -1.132829189 -0.023619937 -0.002226400 0.999718487 86.099998474
0.999618828 0.002314915 0.027509078 -0.659214735 -0.002395372 0.999992967 0.002892140 -1.154364824 -0.027502187 -0.002956933 0.999617398 87.262817383
0.999509752 0.001745955 0.031260025 -0.621802568 -0.001765082 0.999998271 0.000584279 -1.173403382 -0.031258956 -0.000639169 0.999511123 88.406280518
0.999402285 0.001630556 0.034534592 -0.585880280 -0.001578953 0.999997616 -0.001521471 -1.194204688 -0.034536999 0.001466033 0.999402344 89.554008484
0.999291539 0.001741028 0.037595160 -0.544371605 -0.001664489 0.999996483 -0.002067097 -1.212608099 -0.037598614 0.002003056 0.999290943 90.721412659
0.999180138 0.000798828 0.040478613 -0.500956297 -0.000763488 0.999999285 -0.000888525 -1.232620358 -0.040479299 0.000856891 0.999180079 91.874946594
0.999067485 -0.000240521 0.043175962 -0.456621647 0.000215650 0.999999821 0.000580689 -1.252699614 -0.043176085 -0.000570837 0.999067307 93.038139343
0.998948991 -0.000973015 0.045825176 -0.405299187 0.000864871 0.999996722 0.002379707 -1.271134377 -0.045827355 -0.002337572 0.998946667 94.201545715
0.998834968 -0.002551191 0.048188843 -0.347748280 0.002394175 0.999991596 0.003315786 -1.287131667 -0.048196912 -0.003196551 0.998832762 95.364746094
0.998711348 -0.003644196 0.050619643 -0.301676273 0.003592498 0.999993026 0.001112255 -1.307064772 -0.050623346 -0.000928971 0.998717368 96.514076233
0.998599589 -0.005208397 0.052646820 -0.236780643 0.005346682 0.999982595 -0.002486169 -1.325954080 -0.052632954 0.002764174 0.998610139 97.669982910
0.998484612 -0.004252878 0.054867007 -0.182539463 0.004550030 0.999975562 -0.005292083 -1.345080614 -0.054843158 0.005533710 0.998479605 98.829063416
0.998388767 -0.004139245 0.056592260 -0.120032310 0.004501407 0.999970198 -0.006273507 -1.365214586 -0.056564607 0.006518145 0.998377562 100.008239746
0.998366117 -0.003995377 0.057000309 -0.059484959 0.004313875 0.999975741 -0.005465698 -1.391870975 -0.056977089 0.005702660 0.998359203 101.187278748
0.998423874 -0.004181054 0.055966716 0.005373478 0.004388783 0.999983907 -0.003589254 -1.417469025 -0.055950817 0.003829223 0.998426199 102.370071411
0.998486221 -0.004654658 0.054804612 0.064747334 0.004779513 0.999986231 -0.002147337 -1.438018203 -0.054793861 0.002406026 0.998494744 103.558197021
0.998602390 -0.004195208 0.052683685 0.124478340 0.004277973 0.999989748 -0.001458317 -1.455891252 -0.052677024 0.001681658 0.998610258 104.750648499
0.998731554 -0.003995353 0.050191469 0.176153183 0.004047840 0.999991357 -0.000944135 -1.476538777 -0.050187260 0.001146104 0.998739183 105.946784973
0.998858511 -0.003086255 0.047666002 0.216659069 0.003134221 0.999994636 -0.000931598 -1.498932362 -0.047662865 0.001079930 0.998862922 107.155372620
0.999036193 -0.001758350 0.043860033 0.259071350 0.001826989 0.999997139 -0.001524932 -1.514316678 -0.043857217 0.001603594 0.999036610 108.360664368
0.999199629 -0.001706226 0.039963603 0.305038929 0.001751467 0.999997854 -0.001097074 -1.534507871 -0.039961655 0.001166191 0.999200463 109.573577881
0.999361336 -0.001172885 0.035714980 0.351423502 0.001173395 0.999999285 0.000006676 -1.553938150 -0.035714973 0.000035236 0.999361992 110.803741455
0.999501884 -0.000625714 0.031551953 0.380914688 0.000599055 0.999999464 0.000854377 -1.574836016 -0.031552467 -0.000835050 0.999501705 112.007568359
0.999630988 -0.000503647 0.027159922 0.408267498 0.000470282 0.999999106 0.001234820 -1.590388179 -0.027160520 -0.001221591 0.999630392 113.228073120
0.999760628 -0.000119603 0.021875842 0.437035799 0.000090211 0.999999106 0.001344576 -1.607371092 -0.021875979 -0.001342281 0.999759853 114.448608398
0.999850094 0.000569154 0.017301211 0.446926832 -0.000594152 0.999998808 0.001439768 -1.630850554 -0.017300369 -0.001449832 0.999849200 115.686943054
0.999920964 0.001104005 0.012521065 0.451139927 -0.001117240 0.999998868 0.001050050 -1.644725680 -0.012519887 -0.001063956 0.999921024 116.906570435
0.999966741 0.002294657 0.007824615 0.455843747 -0.002298408 0.999997258 0.000470543 -1.667820454 -0.007823514 -0.000488511 0.999969244 118.142272949
0.999981761 0.004219288 0.004310356 0.455566764 -0.004221402 0.999991000 0.000481361 -1.687870026 -0.004308285 -0.000499548 0.999990582 119.373886108
0.999980211 0.005911887 0.002145339 0.449224502 -0.005913395 0.999982297 0.000697108 -1.709023118 -0.002141181 -0.000709780 0.999997437 120.599372864
0.999972761 0.007299989 0.001063116 0.445770979 -0.007300291 0.999973297 0.000279033 -1.730387330 -0.001061051 -0.000286787 0.999999404 121.864341736
0.999952435 0.009738729 0.000143548 0.432206988 -0.009738808 0.999952376 0.000550573 -1.746925712 -0.000138179 -0.000551945 0.999999821 123.101409912
0.999943972 0.010521950 -0.001093414 0.430079699 -0.010520388 0.999943614 0.001425466 -1.769562125 0.001108352 -0.001413883 0.999998331 124.352348328
0.999945283 0.010329407 -0.001662532 0.418377072 -0.010326560 0.999945164 0.001711298 -1.783738732 0.001680118 -0.001694036 0.999997139 125.600654602
0.999897361 0.014116085 -0.002421429 0.404690951 -0.014106894 0.999893308 0.003771853 -1.802079916 0.002474414 -0.003737307 0.999989986 126.847938538
0.999879181 0.015256907 -0.002954572 0.389509588 -0.015235878 0.999859273 0.007013887 -1.814355612 0.003061166 -0.006968024 0.999971092 128.102310181
0.999896467 0.013863607 -0.003839644 0.390269101 -0.013837596 0.999881685 0.006719555 -1.832879782 0.003932346 -0.006665729 0.999970078 129.357406616
0.999898672 0.013542530 -0.004390342 0.376061141 -0.013519541 0.999894917 0.005224096 -1.840237379 0.004460629 -0.005164211 0.999976754 130.611145020
0.999925017 0.011035727 -0.005302474 0.371263504 -0.011003240 0.999920785 0.006117010 -1.852259398 0.005369560 -0.006058206 0.999967277 131.866882324
0.999941051 0.008897774 -0.006219619 0.364555001 -0.008847646 0.999928474 0.008041085 -1.868615270 0.006290724 -0.007985584 0.999948382 133.144989014
0.999967098 0.005093730 -0.006310062 0.349786401 -0.005032616 0.999940574 0.009663510 -1.876831293 0.006358911 -0.009631438 0.999933481 134.415756226
0.999971271 0.003426919 -0.006760705 0.341246665 -0.003352010 0.999933243 0.011060380 -1.888867497 0.006798156 -0.011037401 0.999915898 135.691207886
0.999978125 -0.000751117 -0.006587137 0.331736743 0.000812638 0.999956012 0.009341796 -1.898631454 0.006579832 -0.009346943 0.999934673 136.958526611
0.999973476 -0.003181904 -0.006547463 0.321973205 0.003235932 0.999960661 0.008257619 -1.904697180 0.006520929 -0.008278588 0.999944508 138.233078003
0.999967515 -0.004676702 -0.006562446 0.311092317 0.004731004 0.999954462 0.008283498 -1.917548060 0.006523406 -0.008314276 0.999944210 139.509262085
0.999973178 -0.004587418 -0.005710918 0.294329941 0.004635986 0.999952972 0.008520518 -1.927730083 0.005671562 -0.008546769 0.999947429 140.793457031
0.999979317 -0.003677024 -0.005293562 0.279567361 0.003732974 0.999936938 0.010598502 -1.937537909 0.005254257 -0.010618043 0.999929905 142.072509766
0.999987960 -0.001676704 -0.004611998 0.269433260 0.001731726 0.999927104 0.011952220 -1.944848180 0.004591621 -0.011960060 0.999917924 143.358032227
0.999989927 -0.001928445 -0.004035869 0.258452892 0.001970147 0.999944568 0.010354647 -1.953827381 0.004015676 -0.010362497 0.999938250 144.632949829
0.999992490 -0.001645579 -0.003506881 0.244416237 0.001675230 0.999962747 0.008469041 -1.965759516 0.003492814 -0.008474855 0.999958038 145.918884277
0.999993682 -0.001901794 -0.003000200 0.234070927 0.001919721 0.999980211 0.005983541 -1.976729155 0.002988762 -0.005989264 0.999977648 147.188064575
0.999992311 -0.002801769 -0.002734397 0.227061510 0.002807561 0.999993801 0.002116807 -1.997860670 0.002728449 -0.002124470 0.999994040 148.453002930
0.999995112 -0.002272855 -0.002130090 0.217976391 0.002269507 0.999996185 -0.001573017 -2.020124435 0.002133657 0.001568175 0.999996424 149.751327515
0.999991834 -0.003161247 -0.002502463 0.216789067 0.003155067 0.999991953 -0.002469529 -2.042670965 0.002510250 0.002461613 0.999993801 151.024810791
0.999994755 -0.002592516 -0.001958373 0.199668348 0.002588735 0.999994814 -0.001930831 -2.075932980 0.001963368 0.001925751 0.999996185 152.294647217
0.999993980 -0.002684064 -0.002181869 0.197485775 0.002680466 0.999995172 -0.001649861 -2.092753887 0.002186287 0.001644003 0.999996185 153.559020996
0.999992669 -0.002727529 -0.002682345 0.192668766 0.002725981 0.999996185 -0.000580636 -2.116194963 0.002683918 0.000573320 0.999996185 154.819381714
0.999996185 -0.001043332 -0.002559847 0.175075144 0.001043141 0.999999404 -0.000075991 -2.139219999 0.002559925 0.000073320 0.999996662 156.072113037
0.999994576 -0.000614644 -0.003264421 0.164320827 0.000613684 0.999999821 -0.000295077 -2.161090851 0.003264601 0.000293072 0.999994576 157.343139648
0.999991655 -0.000627494 -0.004033642 0.159806907 0.000626998 0.999999821 -0.000124207 -2.185661077 0.004033720 0.000121677 0.999991834 158.608200073
0.999986410 -0.001278265 -0.005048856 0.150365114 0.001283330 0.999998689 0.000999999 -2.206038237 0.005047572 -0.001006464 0.999986708 159.876571655
0.999985933 -0.000171992 -0.005300836 0.136142194 0.000180441 0.999998689 0.001593397 -2.232219696 0.005300555 -0.001594331 0.999984682 161.154891968
0.999979377 -0.000195826 -0.006425324 0.128507018 0.000198932 0.999999881 0.000482689 -2.250648499 0.006425229 -0.000483957 0.999979258 162.425674438
0.999978185 0.000473910 -0.006590879 0.110313177 -0.000478401 0.999999642 -0.000679845 -2.273329020 0.006590554 0.000682983 0.999978065 163.677413940
0.999971330 0.001343547 -0.007451737 0.097242117 -0.001347580 0.999998987 -0.000536294 -2.296172380 0.007451008 0.000546320 0.999972105 164.943756104
0.999966383 0.001145280 -0.008124464 0.079374433 -0.001157976 0.999998093 -0.001558128 -2.317826033 0.008122664 0.001567484 0.999965787 166.216156006
0.999955654 0.001315940 -0.009318704 0.067579389 -0.001343908 0.999994516 -0.002995644 -2.337140560 0.009314711 0.003008035 0.999952137 167.484680176
0.999952912 0.001614055 -0.009569175 0.045990348 -0.001636910 0.999995768 -0.002381037 -2.364666700 0.009565290 0.002396589 0.999951303 168.751708984
0.999943912 0.001845876 -0.010431226 0.028332233 -0.001855323 0.999997854 -0.000895977 -2.391124725 0.010429549 0.000915280 0.999945164 170.026519775
0.999936819 0.001552095 -0.011130863 0.013814330 -0.001556855 0.999998629 -0.000418986 -2.416688442 0.011130200 0.000436288 0.999937952 171.289550781
0.999926627 0.002200262 -0.011904717 -0.008155107 -0.002201612 0.999997497 -0.000100311 -2.436713219 0.011904468 0.000126514 0.999929130 172.558761597
0.999920070 0.002358083 -0.012418303 -0.035031080 -0.002360588 0.999997139 -0.000187128 -2.456526279 0.012417826 0.000216427 0.999922872 173.846557617
0.999910772 0.002779746 -0.013064673 -0.056676388 -0.002788922 0.999996006 -0.000684172 -2.484105825 0.013062717 0.000720547 0.999914408 175.084793091
0.999906838 0.003749793 -0.013123279 -0.089478254 -0.003769520 0.999991834 -0.001478756 -2.501815796 0.013117624 0.001528087 0.999912739 176.355010986
0.999896944 0.003709975 -0.013866981 -0.116314888 -0.003728930 0.999992132 -0.001341260 -2.518785000 0.013861895 0.001392831 0.999902964 177.616027832
0.999894738 0.003686198 -0.014037140 -0.143022060 -0.003716911 0.999990761 -0.002162499 -2.549499273 0.014029040 0.002214446 0.999899089 178.861145020
0.999897301 0.002487218 -0.014115967 -0.167156935 -0.002541258 0.999989450 -0.003811606 -2.571773052 0.014106339 0.003847087 0.999893129 180.127288818
0.999899507 -0.000658070 -0.014163099 -0.193453074 0.000604896 0.999992788 -0.003758322 -2.596627235 0.014165470 0.003749377 0.999892592 181.394653320
0.999889314 -0.000281490 -0.014876972 -0.201025009 0.000280838 1.000000000 -0.000045884 -2.621975183 0.014876984 0.000041701 0.999889374 182.672225952
0.999886870 -0.001104114 -0.015002467 -0.224658728 0.001166024 0.999990821 0.004118601 -2.642747164 0.014997782 -0.004135628 0.999879003 183.938613892
0.999885678 -0.000247683 -0.015115346 -0.246537447 0.000304074 0.999993026 0.003728514 -2.661729574 0.015114317 -0.003732685 0.999878764 185.198257446
0.999893665 0.001371591 -0.014516856 -0.278707743 -0.001367217 0.999999106 0.000311221 -2.677311182 0.014517268 -0.000291341 0.999894619 186.446273804
0.999884427 0.001304360 -0.015148273 -0.301509619 -0.001323842 0.999998331 -0.001276110 -2.703373194 0.015146581 0.001296016 0.999884486 187.696258545
0.999879360 0.001219608 -0.015485867 -0.325272322 -0.001234790 0.999998808 -0.000970897 -2.726399422 0.015484663 0.000989901 0.999879658 188.945404053
0.999887228 0.001054607 -0.014983560 -0.354233503 -0.001053534 0.999999464 0.000079515 -2.748899221 0.014983635 -0.000063721 0.999887764 190.186782837
0.999886870 0.001246273 -0.014993645 -0.377319098 -0.001213221 0.999996781 0.002213316 -2.771130562 0.014996356 -0.002194874 0.999885142 191.435211182
0.999898434 0.000525981 -0.014244179 -0.398415089 -0.000482316 0.999995112 0.003068730 -2.793827534 0.014245726 -0.003061549 0.999893844 192.682464600
0.999916732 0.000458076 -0.012902966 -0.420894861 -0.000427239 0.999996960 0.002392553 -2.813289404 0.012904022 -0.002386841 0.999913931 193.922744751
0.999937654 -0.000323213 -0.011156186 -0.444131732 0.000333222 0.999999464 0.000895352 -2.833251953 0.011155891 -0.000899014 0.999937296 195.155776978
0.999949217 -0.000750124 -0.010044111 -0.463579774 0.000744702 0.999999583 -0.000543529 -2.855741978 0.010044514 0.000536021 0.999949396 196.385452271
0.999961913 -0.001291607 -0.008627442 -0.476194263 0.001282258 0.999998569 -0.001089137 -2.878601789 0.008628836 0.001078033 0.999962151 197.609649658
0.999974430 -0.001115570 -0.007067070 -0.491192758 0.001112867 0.999999285 -0.000386461 -2.902993441 0.007067495 0.000378586 0.999975026 198.823364258
0.999981701 -0.001590563 -0.005835694 -0.506761253 0.001599656 0.999997497 0.001553773 -2.927666664 0.005833209 -0.001563080 0.999981701 200.054916382
0.999987483 -0.000498025 -0.004980452 -0.518181801 0.000508336 0.999997735 0.002069159 -2.951478958 0.004979410 -0.002071665 0.999985397 201.268295288
0.999992728 -0.001015561 -0.003683473 -0.529747486 0.001022257 0.999997795 0.001816379 -2.969367027 0.003681621 -0.001820130 0.999991536 202.474395752
0.999994874 -0.001222981 -0.002973818 -0.535341203 0.001227816 0.999997914 0.001624431 -2.983254433 0.002971825 -0.001628074 0.999994338 203.683380127
0.999998450 -0.000892134 -0.001508653 -0.548995316 0.000895449 0.999997199 0.002197828 -3.011773348 0.001506688 -0.002199176 0.999996424 204.870285034
0.999999821 -0.000390312 -0.000549501 -0.557790458 0.000391411 0.999997973 0.002001598 -3.030064106 0.000548719 -0.002001812 0.999997854 206.069869995
0.999999642 -0.000659625 0.000547117 -0.572371662 0.000658298 0.999996901 0.002423013 -3.059524298 -0.000548713 -0.002422652 0.999996901 207.241424561
0.999998450 -0.001648931 0.000539323 -0.564472377 0.001647846 0.999996603 0.002006081 -3.068360090 -0.000542629 -0.002005189 0.999997854 208.396820068
0.999997973 -0.001727146 0.001064963 -0.574778140 0.001723711 0.999993265 0.003218113 -3.095814943 -0.001070514 -0.003216270 0.999994278 209.549453735
0.999997616 -0.002095200 0.000485329 -0.575016260 0.002093239 0.999989748 0.004005730 -3.110764980 -0.000493716 -0.004004706 0.999991834 210.674697876
0.999997914 -0.001970870 0.000354892 -0.586428821 0.001969481 0.999990523 0.003870763 -3.130758286 -0.000362518 -0.003870056 0.999992430 211.788833618
0.999999166 -0.001174403 -0.000393305 -0.588902414 0.001175595 0.999994695 0.003042024 -3.153094053 0.000389730 -0.003042485 0.999995232 212.893569946
0.999998927 -0.000890267 -0.001148520 -0.593245506 0.000892614 0.999997556 0.002045181 -3.168764591 0.001146696 -0.002046204 0.999997258 213.981018066
0.999998510 -0.001017689 -0.001333702 -0.604212642 0.001020297 0.999997556 0.001956670 -3.190761805 0.001331707 -0.001958028 0.999997199 215.048461914
0.999995708 -0.001499548 -0.002493182 -0.612989128 0.001504595 0.999996841 0.002023965 -3.210821867 0.002490139 -0.002027708 0.999994874 216.111190796
0.999989152 -0.001854251 -0.004269266 -0.619073510 0.001866416 0.999994338 0.002847360 -3.231360912 0.004263962 -0.002855296 0.999986827 217.157501221
0.999976993 -0.002711204 -0.006214993 -0.634060502 0.002737684 0.999987185 0.004256116 -3.248198032 0.006203374 -0.004273033 0.999971569 218.198379517
0.999963939 -0.002424421 -0.008135993 -0.649649024 0.002472239 0.999979734 0.005872385 -3.264910221 0.008121591 -0.005892288 0.999949694 219.235061646
0.999939501 -0.002553836 -0.010701343 -0.662566543 0.002620712 0.999977052 0.006239865 -3.284218788 0.010685164 -0.006267532 0.999923289 220.232513428
0.999907672 -0.002506454 -0.013358776 -0.681301832 0.002582254 0.999980628 0.005659865 -3.296636820 0.013344332 -0.005693839 0.999894798 221.227081299
0.999865830 -0.002078244 -0.016248565 -0.701798439 0.002169070 0.999982059 0.005574119 -3.311356068 0.016236689 -0.005608616 0.999852479 222.208129883
0.999809384 -0.001399363 -0.019473899 -0.718459368 0.001516218 0.999980867 0.005987167 -3.325241089 0.019465150 -0.006015553 0.999792397 223.148223877
0.999748111 -0.001027343 -0.022420187 -0.745007038 0.001162797 0.999981046 0.006029392 -3.345545292 0.022413567 -0.006053943 0.999730408 224.072692871
0.999683380 -0.000878516 -0.025148537 -0.777680397 0.001010197 0.999985814 0.005223906 -3.357314348 0.025143594 -0.005247657 0.999669969 224.982925415
0.999589980 -0.001040301 -0.028612014 -0.806340694 0.001169392 0.999989212 0.004495427 -3.371514559 0.028607026 -0.004527043 0.999580383 225.864852905
0.999501944 -0.000198698 -0.031555519 -0.834637642 0.000342008 0.999989688 0.004536164 -3.393994331 0.031554293 -0.004544697 0.999491692 226.732116699
0.999410093 0.000137170 -0.034341447 -0.873078823 -0.000007131 0.999992847 0.003786736 -3.408032656 0.034341730 -0.003784258 0.999402940 227.562973022
0.999311686 0.001461837 -0.037066326 -0.909173965 -0.001324370 0.999992251 0.003732945 -3.424642086 0.037071485 -0.003681287 0.999305844 228.381195068
0.999289751 0.002286864 -0.037611898 -0.944914341 -0.002134501 0.999989390 0.004090588 -3.435569763 0.037620854 -0.004007401 0.999284029 229.184738159
0.999298871 0.002979830 -0.037320808 -0.978795528 -0.002788116 0.999982655 0.005187919 -3.452569723 0.037335627 -0.005080227 0.999289811 229.970382690
0.999314368 0.002719294 -0.036922988 -1.010452747 -0.002507561 0.999980152 0.005779567 -3.466324806 0.036937982 -0.005683017 0.999301374 230.731170654
0.999327898 0.002504680 -0.036569763 -1.040451527 -0.002302399 0.999981821 0.005572443 -3.481768847 0.036583051 -0.005484500 0.999315619 231.474487305
0.999345362 0.003593387 -0.035998367 -1.074313641 -0.003464012 0.999987364 0.003655630 -3.492400646 0.036011044 -0.003528538 0.999345183 232.215209961
0.999375761 0.003331394 -0.035169464 -1.100932598 -0.003277448 0.999993443 0.001591441 -3.505547523 0.035174534 -0.001475182 0.999380171 232.945861816
0.999422908 0.003374217 -0.033798069 -1.130747318 -0.003369472 0.999994397 0.000197344 -3.520366669 0.033798542 -0.000083348 0.999428689 233.670303345
0.999464273 0.004197216 -0.032458365 -1.159116268 -0.004215582 0.999991000 -0.000497437 -3.528729916 0.032455985 0.000634001 0.999472916 234.397659302
0.999530017 0.003799460 -0.030418260 -1.185947895 -0.003818099 0.999992609 -0.000554729 -3.543350220 0.030415922 0.000670608 0.999537051 235.117523193
0.999583721 0.003611367 -0.028620131 -1.209319592 -0.003629763 0.999993205 -0.000590828 -3.559551716 0.028617803 0.000694467 0.999590099 235.825195312
0.999632299 0.003526612 -0.026884969 -1.230025768 -0.003543409 0.999993503 -0.000577169 -3.576433659 0.026882760 0.000672221 0.999638319 236.545227051
0.999676049 0.003109562 -0.025261264 -1.242555141 -0.003133765 0.999994636 -0.000918594 -3.589905739 0.025258273 0.000997459 0.999680459 237.252426147
0.999755561 0.003240677 -0.021872139 -1.271169186 -0.003251557 0.999994576 -0.000461902 -3.603418589 0.021870524 0.000532907 0.999760628 237.966171265
0.999817133 0.002063890 -0.019011766 -1.278935909 -0.002055959 0.999997795 0.000436690 -3.619409084 0.019012626 -0.000397522 0.999819100 238.665496826
0.999871969 0.001466170 -0.015937407 -1.292783260 -0.001463121 0.999998927 0.000202966 -3.626472235 0.015937690 -0.000179621 0.999872923 239.365219116
0.999911249 0.000903670 -0.013300722 -1.298871279 -0.000899456 0.999999642 0.000322812 -3.641599655 0.013301010 -0.000310819 0.999911487 240.063049316
0.999950349 0.000893348 -0.009927263 -1.311819434 -0.000892043 0.999999583 0.000135891 -3.655136824 0.009927384 -0.000127028 0.999950707 240.746994019
0.999977350 0.000505070 -0.006708948 -1.319460154 -0.000505498 0.999999881 -0.000062107 -3.670225620 0.006708915 0.000065497 0.999977529 241.440841675
0.999990404 0.001333322 -0.004179629 -1.319923401 -0.001338542 0.999998271 -0.001246388 -3.679849625 0.004177960 0.001251970 0.999990523 242.131927490
0.999998033 0.001765297 -0.000840272 -1.325156093 -0.001766788 0.999996901 -0.001777391 -3.690783978 0.000837132 0.001778872 0.999998093 242.824050903
0.999996126 0.002073605 0.001847491 -1.324608207 -0.002072625 0.999997735 -0.000532298 -3.708570004 -0.001848591 0.000528467 0.999998152 243.527725220
0.999989748 0.002275615 0.003906517 -1.320848465 -0.002276018 0.999997437 0.000098787 -3.720424891 -0.003906282 -0.000107678 0.999992371 244.231384277
0.999976099 0.002107740 0.006584882 -1.322312117 -0.002106225 0.999997795 -0.000236987 -3.732668638 -0.006585366 0.000223112 0.999978304 244.934875488
0.999958515 0.001983089 0.008887905 -1.317746401 -0.001966418 0.999996305 -0.001884076 -3.743820906 -0.008891609 0.001866521 0.999958694 245.641448975
0.999938309 0.002134269 0.010902698 -1.315642357 -0.002088523 0.999989033 -0.004205522 -3.756277084 -0.010911556 0.004182491 0.999931633 246.348632812
0.999932170 0.000848584 0.011615912 -1.302416801 -0.000781719 0.999983072 -0.005759677 -3.769717216 -0.011620604 0.005750207 0.999915898 247.068695068
0.999929845 0.000667437 0.011832175 -1.296844006 -0.000597373 0.999982238 -0.005924015 -3.784973383 -0.011835919 0.005916532 0.999912441 247.787216187
0.999931514 -0.000181896 0.011702122 -1.286847353 0.000260384 0.999977469 -0.006705979 -3.800353050 -0.011700638 0.006708567 0.999909043 248.518188477
0.999928415 0.001169914 0.011901064 -1.282057524 -0.001086620 0.999974906 -0.007002915 -3.815155506 -0.011908958 0.006989483 0.999904633 249.246719360
0.999924660 0.001478803 0.012182469 -1.276202202 -0.001389671 0.999972224 -0.007321629 -3.830401897 -0.012192958 0.007304149 0.999898970 249.986663818
0.999920905 0.000590821 0.012562215 -1.270551443 -0.000473975 0.999956608 -0.009302296 -3.847706318 -0.012567166 0.009295605 0.999877870 250.736373901
0.999910295 -0.002992852 0.013060053 -1.261357784 0.003143658 0.999928415 -0.011541937 -3.866344452 -0.013024581 0.011581955 0.999848068 251.485702515
0.999889374 -0.006278872 0.013486772 -1.247493744 0.006444403 0.999903977 -0.012265309 -3.882988453 -0.013408468 0.012350865 0.999833822 252.250289917
0.999892354 -0.003953367 0.014136056 -1.240255356 0.004072983 0.999956071 -0.008442935 -3.897629976 -0.014102059 0.008499602 0.999864459 253.026382446
0.999890089 0.000164742 0.014823258 -1.244409323 -0.000129906 0.999997139 -0.002351010 -3.907875776 -0.014823603 0.002348826 0.999887347 253.805313110
0.999880135 -0.000601098 0.015469917 -1.232362509 0.000581432 0.999999046 0.001275693 -3.925335407 -0.015470669 -0.001266546 0.999879479 254.591217041
0.999835789 -0.001598410 0.018050805 -1.219328880 0.001618924 0.999997973 -0.001121915 -3.934895277 -0.018048981 0.001150954 0.999836385 255.392700195
0.999757707 -0.001001009 0.021986883 -1.204227924 0.001160663 0.999972939 -0.007249768 -3.948840380 -0.021979036 0.007273532 0.999731898 256.196716309
0.999656856 0.001247381 0.026165433 -1.196391106 -0.000961980 0.999939859 -0.010917301 -3.960714340 -0.026177481 0.010888383 0.999598026 257.001495361
0.999571025 0.002811641 0.029148072 -1.174633980 -0.002502333 0.999940276 -0.010642623 -3.977352619 -0.029176254 0.010565121 0.999518394 257.814636230
0.999492109 0.001450200 0.031834275 -1.136401176 -0.001183889 0.999964178 -0.008382788 -3.994926453 -0.031845283 0.008340840 0.999458015 258.665679932
0.999395609 -0.001650232 0.034724344 -1.101869583 0.001829907 0.999985099 -0.005143193 -4.012894630 -0.034715332 0.005203625 0.999383628 259.501861572
0.999283671 -0.004632254 0.037559513 -1.071363449 0.004767571 0.999982536 -0.003513974 -4.031723022 -0.037542578 0.003690525 0.999288201 260.339660645
0.999147773 -0.003709097 0.041107621 -1.044620514 0.003845961 0.999987304 -0.003250811 -4.043794155 -0.041095044 0.003406139 0.999149442 261.188781738
0.999056637 -0.001476910 0.043400485 -1.009512901 0.001704469 0.999984920 -0.005206682 -4.059949398 -0.043392148 0.005275746 0.999044120 262.029785156
0.998941422 -0.000955045 0.045991451 -0.980891228 0.001296375 0.999971807 -0.007392353 -4.082077980 -0.045983095 0.007444149 0.998914421 262.863769531
0.998825967 -0.000329639 0.048440531 -0.939164162 0.000703143 0.999970257 -0.007693732 -4.096731186 -0.048436541 0.007718761 0.998796344 263.720733643
0.998694956 0.000480486 0.051068686 -0.898881912 -0.000199777 0.999984860 -0.005501648 -4.118394852 -0.051070552 0.005484267 0.998679996 264.561584473
0.998517752 0.002080516 0.054386783 -0.861228943 -0.001886187 0.999991655 -0.003624184 -4.139221668 -0.054393876 0.003516228 0.998513401 265.408721924
0.998362362 0.002937789 0.057130888 -0.809318542 -0.002703134 0.999987602 -0.004184167 -4.152913094 -0.057142474 0.004022883 0.998357892 266.280303955
0.998210549 0.003124675 0.059715658 -0.761956215 -0.002859204 0.999985635 -0.004530510 -4.171644211 -0.059728954 0.004351664 0.998205125 267.124176025
0.998063445 0.001077262 0.062194590 -0.708097458 -0.000780746 0.999988258 -0.004791649 -4.189085484 -0.062199015 0.004733812 0.998052478 267.960357666
0.997925699 -0.001988136 0.064345248 -0.653253555 0.002277029 0.999987602 -0.004416697 -4.203125477 -0.064335667 0.004554052 0.997917950 268.842132568
0.997877955 -0.002421485 0.065067448 -0.593502045 0.002724197 0.999985874 -0.004563971 -4.219706059 -0.065055475 0.004731542 0.997870505 269.693695068
0.997836471 -0.003035414 0.065675244 -0.547788620 0.003321020 0.999985516 -0.004240020 -4.240277767 -0.065661430 0.004448956 0.997832000 270.536071777
0.997840881 -0.003826775 0.065565787 -0.477144241 0.004110209 0.999982715 -0.004188539 -4.260049820 -0.065548651 0.004448984 0.997839510 271.438995361
0.997845709 -0.003459291 0.065512292 -0.427627563 0.003713520 0.999985993 -0.003759250 -4.275134087 -0.065498389 0.003994432 0.997844696 272.301757812
0.997889042 -0.003105131 0.064868845 -0.375478745 0.003319569 0.999989390 -0.003198178 -4.293426514 -0.064858243 0.003406763 0.997888684 273.153778076
0.997965515 -0.003434666 0.063665129 -0.313379288 0.003699966 0.999984920 -0.004049678 -4.311954498 -0.063650273 0.004276999 0.997963011 274.038482666
0.998070836 -0.003298394 0.061998215 -0.263107300 0.003613428 0.999981105 -0.004969907 -4.330828190 -0.061980654 0.005184346 0.998063803 274.890106201
0.998168170 -0.002255403 0.060457770 -0.211835861 0.002621042 0.999978840 -0.005969216 -4.344296455 -0.060443021 0.006116744 0.998152852 275.759857178
0.998264909 -0.001230312 0.058870003 -0.165391922 0.001616995 0.999977469 -0.006521237 -4.361311913 -0.058860656 0.006605114 0.998244345 276.609649658
0.998364389 -0.000272055 0.057168115 -0.124131203 0.000623154 0.999981046 -0.006123789 -4.391101360 -0.057165366 0.006149398 0.998345673 277.474822998
0.998494446 0.000305141 0.054851849 -0.080682755 0.000005726 0.999983907 -0.005667147 -4.407625198 -0.054852702 0.005658929 0.998478353 278.317199707
0.998644412 0.000570481 0.052048255 -0.039860725 -0.000336362 0.999989808 -0.004506757 -4.424449444 -0.052050289 0.004483140 0.998634517 279.192138672
0.998854995 -0.000714995 0.047833905 -0.004363060 0.000816287 0.999997497 -0.002098066 -4.443575859 -0.047832280 0.002134710 0.998853087 280.033111572
0.999086618 -0.002744579 0.042642362 0.034400940 0.002741526 0.999996305 0.000130068 -4.469440937 -0.042642552 -0.000013044 0.999090314 280.881011963
0.999260843 -0.002785016 0.038340870 0.056851387 0.002740071 0.999995470 0.001224719 -4.484485626 -0.038344100 -0.001118757 0.999264002 281.732543945
0.999429882 -0.002619979 0.033660281 0.076145172 0.002566054 0.999995351 0.001645177 -4.495102406 -0.033664435 -0.001557865 0.999431968 282.550659180
0.999577224 -0.003872612 0.028816519 0.104990005 0.003800462 0.999989510 0.002558130 -4.515482426 -0.028826123 -0.002447534 0.999581397 283.378631592
0.999697030 -0.004638550 0.024174141 0.117610455 0.004580945 0.999986589 0.002437751 -4.526476383 -0.024185125 -0.002326272 0.999704659 284.179229736
0.999785006 -0.004334303 0.020273456 0.128838062 0.004292596 0.999988496 0.002100289 -4.539528847 -0.020282328 -0.002012812 0.999792218 284.968627930
0.999860048 -0.004199166 0.016191572 0.141073227 0.004167866 0.999989331 0.001966331 -4.555206776 -0.016199654 -0.001898571 0.999866962 285.741302490
0.999915779 -0.003977401 0.012352724 0.144626856 0.003956289 0.999990582 0.001732894 -4.568720818 -0.012359499 -0.001683877 0.999922216 286.492279053
