1.000000000 0.000000000 0.000000000 0.000000000 0.000000000 1.000000000 0.000000000 0.000000000 0.000000000 0.000000000 1.000000000 0.000000000
0.999978960 0.000420853 -0.006473001 -0.008220525 -0.000418198 0.999999821 0.000411424 -0.002099499 0.006473173 -0.000408709 0.999978960 0.091714330
0.999907494 0.000947538 -0.013567411 -0.016565325 -0.000945410 0.999999523 0.000163234 -0.001895198 0.013567560 -0.000150392 0.999907970 0.188415408
0.999772668 0.001373233 -0.021275980 -0.026162611 -0.001385446 0.999998868 -0.000559302 -0.002132541 0.021275189 0.000588651 0.999773502 0.285246491
0.999541938 0.001707164 -0.030215632 -0.043028127 -0.001767349 0.999996483 -0.001965249 -0.002073878 0.030212173 0.002017751 0.999541461 0.390597641
0.999125361 0.001929382 -0.041770667 -0.058929540 -0.002074616 0.999991953 -0.003433879 -0.004837426 0.041763704 0.003517533 0.999121308 0.501227915
0.998479664 0.001743512 -0.055093966 -0.084381208 -0.001969659 0.999989867 -0.004050713 -0.007824397 0.055086344 0.004153071 0.998472929 0.626054168
0.997427881 0.001821854 -0.071653903 -0.108625844 -0.002144116 0.999987900 -0.004420830 -0.004385700 0.071644984 0.004563094 0.997419775 0.761443019
0.995905817 0.000209119 -0.090396583 -0.134863764 -0.000589037 0.999991119 -0.004176136 -0.009270987 0.090394907 0.004212285 0.995897114 0.917338908
0.993913233 -0.000753359 -0.110163212 -0.176156789 0.000273947 0.999990404 -0.004366896 -0.012629477 0.110165447 0.004310137 0.993903935 1.075416565
0.991249919 -0.000821002 -0.131995633 -0.221181765 0.000205129 0.999989033 -0.004679391 -0.012843406 0.131998032 0.004611369 0.991239250 1.229098797
0.987754107 0.002804830 -0.155993611 -0.278321207 -0.003805716 0.999974191 -0.006117901 -0.016400108 0.155972406 0.006636649 0.987739086 1.398637176
0.983372927 0.007171757 -0.181456253 -0.344631404 -0.008667364 0.999934733 -0.007450629 -0.023488296 0.181390956 0.008899493 0.983370781 1.573036790
0.977987766 0.010083178 -0.208418667 -0.417364478 -0.012137767 0.999889612 -0.008581398 -0.026340863 0.208309129 0.010922238 0.978002071 1.754660130
0.971306741 0.010809984 -0.237584457 -0.496720284 -0.013303446 0.999872029 -0.008894213 -0.027437262 0.237457871 0.011799701 0.971326113 1.940670490
0.963238716 0.012533573 -0.268354297 -0.584271252 -0.015329015 0.999847949 -0.008324200 -0.032076888 0.268209100 0.012131799 0.963284314 2.136553049
0.953841805 0.014655323 -0.299951702 -0.681061864 -0.017648293 0.999817789 -0.007271254 -0.034718186 0.299790531 0.012229261 0.953926682 2.319789886
0.942583084 0.016464945 -0.333565503 -0.781893134 -0.019669022 0.999787152 -0.006230397 -0.034586806 0.333391875 0.012433574 0.942706347 2.509661198
0.930026412 0.018655648 -0.367018580 -0.882915437 -0.022214003 0.999738276 -0.005473420 -0.040692523 0.366820335 0.013243376 0.930197537 2.688107729
0.916187346 0.021463115 -0.400175005 -1.004868388 -0.025548883 0.999661684 -0.004877137 -0.040667627 0.399934918 0.014692394 0.916425824 2.868391752
0.900150299 0.022321679 -0.435007185 -1.120740414 -0.026787255 0.999632537 -0.004135735 -0.042474605 0.434755027 0.015375430 0.900417507 3.042137623
0.881729662 0.017995734 -0.471411705 -1.243794441 -0.022866869 0.999727845 -0.004606497 -0.044601467 0.471200526 0.014841394 0.881901205 3.218947172
0.860560358 0.013731795 -0.509163320 -1.375423908 -0.018710544 0.999814093 -0.004659231 -0.051576123 0.509004772 0.013536276 0.860657156 3.387415648
0.835499108 0.015368987 -0.549276829 -1.535879374 -0.019343782 0.999811888 -0.001448476 -0.055407219 0.549151242 0.011835290 0.835639238 3.567043543
0.806357205 0.020980414 -0.591056406 -1.713177919 -0.024023196 0.999707758 0.002712097 -0.061874270 0.590940654 0.012012145 0.806625605 3.730966806
0.773865104 0.024189817 -0.632888317 -1.913086653 -0.027475554 0.999611795 0.004610694 -0.064297304 0.632754207 0.013820905 0.774229348 3.901105881
0.737985969 0.022885092 -0.674427807 -2.126798630 -0.026287856 0.999641120 0.005155194 -0.064569905 0.674303710 0.013924801 0.738322735 4.071847916
0.697913527 0.018532537 -0.715942204 -2.344176054 -0.020241806 0.999776244 0.006147647 -0.062106155 0.715895891 0.010201437 0.698132336 4.241024971
0.655016601 0.014751740 -0.755470455 -2.582634449 -0.014788258 0.999868214 0.006702100 -0.060622107 0.755469561 0.006782106 0.655148387 4.404707909
0.611312509 0.014434694 -0.791257501 -2.844577551 -0.012335134 0.999885917 0.008710722 -0.059970111 0.791293025 0.004435293 0.611420870 4.537169456
0.562947392 0.014986862 -0.826356828 -3.122301817 -0.009959523 0.999885976 0.011349170 -0.056525875 0.826432705 0.001841136 0.563032389 4.676704884
0.511802554 0.015539551 -0.858962536 -3.417456150 -0.008073498 0.999879181 0.013278386 -0.052572913 0.859065175 0.000138919 0.511866271 4.803697586
0.459528208 0.016701683 -0.888006151 -3.724256516 -0.007698127 0.999860466 0.014821800 -0.041675299 0.888129771 0.000024948 0.459592640 4.902475357
0.404776931 0.018908683 -0.914219975 -4.057664871 -0.006262255 0.999820054 0.017906485 -0.040046029 0.914393961 -0.001523054 0.404822528 5.000871658
0.349191666 0.020848881 -0.936819375 -4.411359787 -0.006037799 0.999781668 0.019999569 -0.032978177 0.937031865 -0.001327356 0.349241346 5.087265968
0.293884307 0.024005089 -0.955539584 -4.781977654 -0.003392072 0.999704480 0.024071345 -0.029329404 0.955834985 -0.003832931 0.293878853 5.160294533
0.240250677 0.025660630 -0.970371604 -5.133038998 0.001495367 0.999639511 0.026804831 -0.029653490 0.970709860 -0.007890939 0.240125656 5.216413498
0.189366966 0.026039269 -0.981561005 -5.521317482 0.003660417 0.999622643 0.027224600 -0.024279162 0.981899559 -0.008748364 0.189200252 5.251068592
0.141721949 0.027161857 -0.989533663 -5.935435295 0.001211850 0.999617994 0.027612226 -0.017351270 0.989905715 -0.005112427 0.141634911 5.271854401
0.099310219 0.027423074 -0.994678438 -6.364536762 -0.000409656 0.999621212 0.027518444 -0.006817058 0.995056391 -0.002325388 0.099283844 5.273808956
0.061527550 0.026108218 -0.997763813 -6.802130699 -0.001812292 0.999659121 0.026046054 -0.000421926 0.998103738 0.000205688 0.061553910 5.261779785
0.027031226 0.023294277 -0.999363124 -7.274024487 -0.000245397 0.999728501 0.023296164 0.006913379 0.999634564 -0.000384483 0.027029606 5.261371136
-0.004138352 0.020709805 -0.999776959 -7.748759270 0.000103980 0.999785483 0.020709552 0.010440871 0.999991417 -0.000018253 -0.004139621 5.231425285
-0.030973192 0.018728830 -0.999344707 -8.243678093 -0.000413377 0.999824107 0.018750625 0.019385293 0.999520123 0.000993872 -0.030959999 5.196376324
-0.051503174 0.016333390 -0.998539269 -8.748683929 -0.001279252 0.999864340 0.016421046 0.029160552 0.998672009 0.002123119 -0.051475301 5.146825314
-0.067932077 0.015339139 -0.997571945 -9.264286041 -0.000224822 0.999881566 0.015389961 0.042071737 0.997689843 0.001269748 -0.067920581 5.104510784
-0.080991201 0.015646208 -0.996591985 -9.801812172 0.000101809 0.999876916 0.015689507 0.050983235 0.996714771 0.001169250 -0.080982819 5.049969196
-0.090554811 0.017140424 -0.995743930 -10.358510017 -0.000025880 0.999851882 0.017213490 0.051895745 0.995891392 0.001584534 -0.090540946 4.990375519
-0.097489759 0.018318621 -0.995067954 -10.931023598 -0.002104073 0.999824524 0.018612338 0.050148547 0.995234430 0.003908207 -0.097434096 4.927739143
-0.101874590 0.019337351 -0.994609296 -11.522379875 -0.001893568 0.999805510 0.019632330 0.056346387 0.994795442 0.003883396 -0.101818152 4.859364033
-0.103276454 0.019993667 -0.994451761 -12.130499840 0.000162741 0.999798357 0.020084258 0.068253025 0.994652748 0.001912392 -0.103258871 4.793030262
-0.102564573 0.022280995 -0.994476855 -12.746778488 0.002229300 0.999751866 0.022169262 0.072743401 0.994723856 0.000056794 -0.102588780 4.736949921
-0.100796528 0.024562523 -0.994603753 -13.410284042 0.001410894 0.999697685 0.024545336 0.083451971 0.994906008 0.001070804 -0.100800723 4.662119865
-0.099154726 0.024564989 -0.994768679 -14.064225197 -0.000819109 0.999692857 0.024768228 0.089932308 0.995071650 0.003270711 -0.099104144 4.592408657
-0.097466588 0.022182725 -0.994991481 -14.727447510 -0.002204174 0.999744356 0.022504600 0.100379109 0.995236397 0.004386582 -0.097392775 4.524166107
-0.096183002 0.021814026 -0.995124578 -15.408102989 -0.002860606 0.999749660 0.022191901 0.111708909 0.995359600 0.004981142 -0.096096523 4.452731133
-0.094539262 0.024586525 -0.995217443 -16.104276657 -0.002723451 0.999684930 0.024955597 0.122229517 0.995517313 0.005069710 -0.094442502 4.387174606
-0.092488863 0.028227109 -0.995313525 -16.823692322 -0.003889127 0.999580145 0.028709505 0.132090360 0.995706081 0.006526210 -0.092340261 4.314030170
-0.090916768 0.030204954 -0.995400250 -17.554054260 -0.003761519 0.999522388 0.030673601 0.144215137 0.995851338 0.006532962 -0.090759724 4.245167255
-0.089188330 0.029372675 -0.995581508 -18.294025421 -0.005892177 0.999532044 0.030017070 0.160703331 0.995997310 0.008543315 -0.088973507 4.171897411
-0.087120317 0.026568340 -0.995843410 -19.053430557 -0.008177445 0.999591529 0.027383728 0.170939624 0.996164203 0.010529133 -0.086867467 4.094313622
-0.085618339 0.025842391 -0.995992780 -19.828559875 -0.008901352 0.999603689 0.026701270 0.188169241 0.996288180 0.011151797 -0.085354380 4.021095276
-0.084199011 0.028034611 -0.996054471 -20.607662201 -0.006575213 0.999566674 0.028689284 0.203919202 0.996427178 0.008964879 -0.083978206 3.953364372
-0.083251737 0.030329218 -0.996066928 -21.405370712 -0.004544293 0.999514818 0.030814016 0.214397520 0.996518135 0.007091740 -0.083073497 3.890254021
-0.081527635 0.032001238 -0.996157110 -22.196681976 -0.003646897 0.999468029 0.032406073 0.230228066 0.996664345 0.006274872 -0.081367560 3.810197353
-0.080912970 0.027331585 -0.996346295 -22.995708466 -0.003822970 0.999608040 0.027731527 0.239168704 0.996713936 0.006052842 -0.080776773 3.754287958
-0.080486096 0.020643773 -0.996541858 -23.804159164 -0.002588256 0.999777794 0.020919846 0.246266469 0.996752381 0.004263062 -0.080414779 3.685450077
-0.080854483 0.016026542 -0.996597052 -24.626235962 0.000882868 0.999871552 0.016007569 0.258351624 0.996725500 0.000414421 -0.080858238 3.623062134
-0.081420489 0.016606249 -0.996541440 -25.458841324 0.001803804 0.999862015 0.016514203 0.269058466 0.996678174 -0.000452971 -0.081439205 3.552705288
-0.081567749 0.024162712 -0.996374786 -26.308723450 0.001036665 0.999707639 0.024158662 0.273161590 0.996667206 0.000937661 -0.081568949 3.477661610
-0.081778675 0.031154167 -0.996163487 -27.143812180 -0.001013514 0.999508202 0.031341970 0.282650888 0.996649981 0.003572730 -0.081706889 3.410088301
-0.082171038 0.036680788 -0.995943010 -27.988077164 -0.002924581 0.999309182 0.037046064 0.293383300 0.996613920 0.005956830 -0.082006998 3.333929062
-0.082333960 0.037306674 -0.995906353 -28.829757690 -0.004643122 0.999273896 0.037816677 0.301252246 0.996593893 0.007737711 -0.082100950 3.252962112
-0.082762539 0.033588130 -0.996003151 -29.662826538 -0.004570418 0.999408603 0.034082741 0.318492770 0.996558785 0.007372926 -0.082560062 3.182445288
-0.082806297 0.030522775 -0.996098161 -30.500919342 -0.004629373 0.999508262 0.031012112 0.339620888 0.996554792 0.007179307 -0.082624272 3.099862337
-0.083092377 0.031979423 -0.996028721 -31.326782227 -0.006164765 0.999449372 0.032603551 0.352192879 0.996522784 0.008849388 -0.082849473 3.028594732
-0.083317675 0.034438070 -0.995927811 -32.168617249 -0.007084643 0.999356985 0.035149340 0.361431003 0.996497869 0.009984354 -0.083020128 2.958851814
-0.082878858 0.032931145 -0.996015310 -32.996807098 -0.008138059 0.999398112 0.033720154 0.370109081 0.996526361 0.010900320 -0.082560979 2.877950907
-0.082698874 0.027640933 -0.996191144 -33.823566437 -0.008610838 0.999558151 0.028449185 0.383144438 0.996537447 0.010930755 -0.082424328 2.807526827
-0.082378171 0.023341071 -0.996327817 -34.655296326 -0.010286133 0.999652505 0.024269439 0.396267176 0.996547997 0.012247631 -0.082109459 2.729455709
-0.081750467 0.024436999 -0.996353090 -35.479492188 -0.010156246 0.999627113 0.025350610 0.397741079 0.996601045 0.012191632 -0.081471801 2.659605026
-0.081287615 0.026954705 -0.996326089 -36.308567047 -0.008932710 0.999574363 0.027771384 0.403872550 0.996650636 0.011157360 -0.081012249 2.591212749
-0.080760211 0.031857058 -0.996224284 -37.155109406 -0.008712134 0.999428213 0.032665782 0.415717959 0.996695459 0.011317334 -0.080436498 2.513539314
-0.080389634 0.037326634 -0.996064305 -37.983814240 -0.008112220 0.999240935 0.038100392 0.431847215 0.996730506 0.011143168 -0.080025814 2.453728914
-0.080062859 0.040566064 -0.995964110 -38.830226898 -0.008354808 0.999109030 0.041365795 0.448131561 0.996754825 0.011632953 -0.079652637 2.367662191
-0.079742730 0.040459275 -0.995994091 -39.664192200 -0.007737700 0.999120653 0.041205797 0.469155908 0.996785462 0.010992567 -0.079359569 2.295830965
-0.079729579 0.036104724 -0.996162415 -40.483764648 -0.008128505 0.999287009 0.036868554 0.487303436 0.996783376 0.011036824 -0.079379268 2.228951693
-0.079128750 0.031803638 -0.996356964 -41.311023712 -0.008964157 0.999427855 0.032613579 0.501350701 0.996824145 0.011512170 -0.078798391 2.149868727
-0.078883529 0.029194251 -0.996456146 -42.136837006 -0.013287377 0.999451458 0.030333892 0.512980938 0.996795416 0.015633132 -0.078452349 2.070438147
-0.079386443 0.027380738 -0.996467829 -42.957702637 -0.016737839 0.999445140 0.028796013 0.521674693 0.996703386 0.018964730 -0.078884110 1.998055696
-0.080227502 0.025317557 -0.996455014 -43.775894165 -0.014641403 0.999539554 0.026574753 0.531554282 0.996668994 0.016721526 -0.079819866 1.931701660
-0.081293046 0.021708481 -0.996453762 -44.602882385 -0.011281284 0.999678671 0.022699095 0.536255240 0.996626377 0.013086556 -0.081022017 1.863280296
-0.081972890 0.020236973 -0.996429145 -45.421092987 -0.006586536 0.999760985 0.020846494 0.547928452 0.996612847 0.008271863 -0.081820004 1.796202660
-0.083868116 0.023536863 -0.996198833 -46.233783722 -0.006180099 0.999689579 0.024139628 0.555584908 0.996457756 0.008181150 -0.083696604 1.721325397
-0.085282274 0.029779444 -0.995911658 -47.072216034 -0.004921633 0.999528468 0.030309042 0.557610393 0.996344686 0.007486335 -0.085095488 1.638582706
-0.087308079 0.034020927 -0.995600224 -47.886772156 -0.002626483 0.999405324 0.034381278 0.559593439 0.996177912 0.005616690 -0.087166794 1.580700397
-0.088797122 0.033122752 -0.995498836 -48.696269989 -0.002673754 0.999435425 0.033492226 0.569964528 0.996046245 0.005635733 -0.088658437 1.504342556
-0.089927331 0.028952429 -0.995527446 -49.490459442 -0.006032106 0.999543190 0.029614113 0.581711292 0.995930076 0.008668245 -0.089711607 1.423453808
-0.090896741 0.025514618 -0.995533466 -50.272354126 -0.011183476 0.999582410 0.026639502 0.585118592 0.995797515 0.013554969 -0.090573452 1.332592487
-0.092891432 0.024308708 -0.995379508 -51.072910309 -0.014949940 0.999555111 0.025805861 0.593309641 0.995564044 0.017278006 -0.092486694 1.252517700
-0.093267165 0.025186634 -0.995322466 -51.858787537 -0.016745770 0.999498844 0.026861483 0.599540949 0.995500267 0.019172741 -0.092798665 1.165989876
-0.094243549 0.026815206 -0.995187998 -52.646156311 -0.016759025 0.999452710 0.028517189 0.606120348 0.995408118 0.019365944 -0.093742579 1.086740494
-0.095120355 0.026263043 -0.995119274 -53.430023193 -0.018510673 0.999432504 0.028146256 0.613096416 0.995293558 0.021097613 -0.094580218 1.003472328
-0.095598504 0.025996361 -0.995080471 -54.207878113 -0.019218860 0.999424398 0.027956223 0.621573448 0.995234430 0.021796886 -0.095043838 0.921030998
-0.096273206 0.027985275 -0.994961441 -54.981475830 -0.017542299 0.999401629 0.029807571 0.629103959 0.995200396 0.020323584 -0.095724687 0.844460011
-0.096491918 0.030666713 -0.994861186 -55.751487732 -0.016886024 0.999330938 0.032442272 0.641106606 0.995190561 0.019929668 -0.095909521 0.769176483
-0.096810095 0.035003453 -0.994687080 -56.531063080 -0.016583284 0.999185979 0.036775764 0.650016665 0.995164692 0.020055452 -0.096150808 0.688972473
-0.097476728 0.037048858 -0.994547904 -57.293472290 -0.016975200 0.999099672 0.038882166 0.663323760 0.995092988 0.020672761 -0.096760049 0.612896919
-0.098084569 0.037099432 -0.994486332 -58.049644470 -0.016567312 0.999105692 0.038905758 0.673941255 0.995040178 0.020292021 -0.097382203 0.534277916
-0.098322846 0.035398729 -0.994524837 -58.788803101 -0.015987741 0.999181986 0.037145112 0.681123137 0.995026171 0.019552417 -0.097676471 0.459239006
-0.098473825 0.031591378 -0.994638026 -59.517887115 -0.015209069 0.999331474 0.033246215 0.699074864 0.995023429 0.018401399 -0.097927511 0.381381989
-0.098145925 0.028634151 -0.994760036 -60.249191284 -0.015917234 0.999412894 0.030338529 0.707878947 0.995044768 0.018811429 -0.097632535 0.303294182
-0.097089589 0.026268933 -0.994928837 -60.958007812 -0.016310271 0.999475360 0.027980601 0.717882752 0.995141983 0.018944187 -0.096610203 0.232418537
-0.094620310 0.025570614 -0.995185018 -61.652549744 -0.019295221 0.999435186 0.027514376 0.720582247 0.995326459 0.021805732 -0.094073467 0.156990051
-0.089941397 0.026407855 -0.995596886 -62.348579407 -0.019136745 0.999418020 0.028238010 0.728243113 0.995763183 0.021592248 -0.089383699 0.082565784
-0.084521368 0.028354019 -0.996018171 -62.997276306 -0.019061092 0.999366164 0.030066842 0.726354599 0.996239364 0.021526484 -0.083927333 0.033011436
-0.077486828 0.029806288 -0.996547699 -63.647239685 -0.017856566 0.999351203 0.031278588 0.734005928 0.996833444 0.020218601 -0.076904327 -0.011380672
-0.068574190 0.031003956 -0.997164130 -64.284774780 -0.019054903 0.999293923 0.032380573 0.739670992 0.997464001 0.021221340 -0.067935012 -0.056569576
-0.056839816 0.032886028 -0.997841537 -64.910026550 -0.021005133 0.999196708 0.034127206 0.745738149 0.998162389 0.022899581 -0.056103386 -0.095614433
-0.041957770 0.034105651 -0.998537183 -65.513305664 -0.023932854 0.999096155 0.035130393 0.755842328 0.998832703 0.025371838 -0.041103609 -0.121720314
-0.023575118 0.035478346 -0.999092519 -66.090316772 -0.025538469 0.999022603 0.036078490 0.764613509 0.999395847 0.026365845 -0.022646016 -0.128098965
-0.001273448 0.036387675 -0.999337077 -66.662200928 -0.026763264 0.998978555 0.036408726 0.771990895 0.999641061 0.026791884 -0.000298293 -0.121305324
0.024373144 0.036835954 -0.999024153 -67.207313538 -0.025943749 0.999007642 0.036202405 0.776655912 0.999366283 0.025036063 0.025304621 -0.094803333
0.053482264 0.035946574 -0.997921646 -67.722640991 -0.024223560 0.999104440 0.034690954 0.790458679 0.998274922 0.022317866 0.054305121 -0.039971590
0.087528281 0.035991516 -0.995511711 -68.231643677 -0.023114657 0.999151349 0.034090798 0.793715119 0.995893896 0.020027000 0.088285938 0.027834892
0.124456979 0.035533056 -0.991588652 -68.701171875 -0.023038227 0.999192536 0.032913957 0.811789513 0.991957486 0.018748067 0.125175089 0.124066353
0.166018158 0.036222979 -0.985457182 -69.108322144 -0.022654608 0.999201417 0.032911602 0.797122002 0.985862434 0.016861221 0.166706219 0.194737434
0.211323008 0.037133284 -0.976710618 -69.563438416 -0.021866260 0.999207556 0.033257559 0.803691864 0.977171719 0.014328923 0.211967513 0.316735268
0.260026276 0.035732698 -0.964940131 -69.994476318 -0.018416207 0.999316812 0.032043010 0.806686401 0.965425909 0.009438512 0.260506779 0.463531494
0.309307575 0.030927332 -0.950459003 -70.396476746 -0.010712880 0.999520957 0.029037489 0.802155256 0.950901747 0.001200638 0.309490681 0.650228500
0.361020148 0.025277277 -0.932215393 -70.798934937 -0.005746814 0.999673903 0.024880853 0.811117589 0.932540357 -0.003625221 0.361047626 0.838516235
0.411855727 0.020973772 -0.911007643 -71.151245117 -0.000044652 0.999735534 0.022996331 0.804425478 0.911249042 -0.009430490 0.411747754 1.063655853
0.463662922 0.020328879 -0.885778368 -71.525451660 -0.000348630 0.999740899 0.022761863 0.813482225 0.886011600 -0.010245022 0.463549823 1.282051086
0.512064219 0.018854864 -0.858740091 -71.892211914 0.000948915 0.999746084 0.022516685 0.824088156 0.858946562 -0.012344860 0.511916280 1.537984848
0.557657003 0.014604482 -0.829943001 -72.247680664 0.008910524 0.999682307 0.023578556 0.827057838 0.830023706 -0.020543970 0.557349682 1.818698883
0.601147592 0.007607526 -0.799101830 -72.569473267 0.019793572 0.999506176 0.024405690 0.831758499 0.798892796 -0.030488497 0.600700140 2.131168365
0.643498898 0.003278215 -0.765439987 -72.882415771 0.020688647 0.999550939 0.021673633 0.828290105 0.765167415 -0.029782876 0.643142164 2.445571899
0.684783876 -0.000806602 -0.728745639 -73.154220581 0.017462354 0.999730408 0.015302398 0.820830464 0.728536963 -0.023204451 0.684613466 2.740112305
0.725388646 -0.007661521 -0.688296854 -73.435264587 0.014257540 0.999890864 0.003895956 0.824325681 0.688191950 -0.012639504 0.725418687 3.080009460
0.764574826 -0.010160312 -0.644454956 -73.710433960 0.009574509 0.999944389 -0.004405770 0.827247977 0.644464016 -0.002801799 0.764629602 3.453029633
0.801635981 -0.011149382 -0.597708523 -73.978309631 0.008049446 0.999936759 -0.007856582 0.829071820 0.597758293 0.001486894 0.801675022 3.853973389
0.835754931 -0.011141709 -0.548989534 -74.216140747 0.007476771 0.999932349 -0.008911288 0.813014627 0.549051642 0.003342984 0.835781753 4.268409729
0.866264999 -0.009885433 -0.499486834 -74.437850952 0.004819575 0.999922991 -0.011431016 0.808880568 0.499561429 0.007494976 0.866246164 4.716823578
0.892181754 -0.008614955 -0.451594353 -74.648910522 0.004572957 0.999939144 -0.010041136 0.795699716 0.451653302 0.006893400 0.892166853 5.193410873
0.913175583 -0.002842825 -0.407556415 -74.839508057 -0.000863928 0.999959946 -0.008910738 0.783563972 0.407565325 0.008489168 0.913136542 5.688465118
0.930807114 0.002465246 -0.365502477 -75.037475586 -0.006836015 0.999919772 -0.010664671 0.774403572 0.365446866 0.012425331 0.930749297 6.193687439
0.944261909 0.007359365 -0.329112947 -75.209220886 -0.011088763 0.999893785 -0.009456065 0.769208074 0.329008430 0.012578454 0.944243312 6.731622696
0.954298735 0.008010875 -0.298746765 -75.373306274 -0.010774650 0.999913037 -0.007605297 0.757087290 0.298659921 0.010476617 0.954302132 7.287818909
0.961434305 0.007410034 -0.274934649 -75.513404846 -0.009481391 0.999935806 -0.006205760 0.745071411 0.274871022 0.008573193 0.961442947 7.863702774
0.967451751 0.008229185 -0.252921492 -75.689514160 -0.009667430 0.999943376 -0.004444283 0.739942670 0.252870530 0.006744731 0.967476606 8.477001190
0.972044110 0.010550759 -0.234561369 -75.833900452 -0.011286982 0.999934554 -0.001796433 0.731659532 0.234527051 0.004393701 0.972099662 9.093122482
0.975551486 0.015603377 -0.219216764 -75.975883484 -0.016077004 0.999870658 -0.000376734 0.724345803 0.219182491 0.003891872 0.975676119 9.724014282
0.978413105 0.019061986 -0.205777779 -76.113182068 -0.019267024 0.999813795 0.001007543 0.715242803 0.205758601 0.002978931 0.978598297 10.368043900
0.981093943 0.017487379 -0.192740351 -76.237709045 -0.017680915 0.999843419 0.000715998 0.709211826 0.192722678 0.002705363 0.981249630 11.029760361
0.983712435 0.018303823 -0.178814963 -76.374496460 -0.018544676 0.999827862 0.000324592 0.698773146 0.178790107 0.002996760 0.983882785 11.729749680
0.986239612 0.018926436 -0.164236009 -76.486961365 -0.019032443 0.999818325 0.000928270 0.693892837 0.164223745 0.002210316 0.986420631 12.429326057
0.988436043 0.020209201 -0.150286123 -76.594085693 -0.020278178 0.999793768 0.001073635 0.691341400 0.150276840 0.001986309 0.988641918 13.142066956
0.990333200 0.020856395 -0.137132049 -76.699607849 -0.021234324 0.999773681 -0.001293491 0.672729790 0.137074009 0.004192893 0.990551889 13.860567093
0.991758704 0.021226322 -0.126349539 -76.787620544 -0.022199759 0.999733746 -0.006301054 0.656320214 0.126182139 0.009054055 0.991965771 14.597768784
0.992912829 0.020140281 -0.117126413 -76.868064880 -0.021797452 0.999679387 -0.012884714 0.647314072 0.116829351 0.015346454 0.993033409 15.341196060
0.993838131 0.019851698 -0.109049805 -76.946640015 -0.021421148 0.999682903 -0.013239332 0.639309168 0.108752385 0.015493724 0.993948102 16.100057602
0.994517684 0.021645598 -0.102304555 -77.028831482 -0.022477247 0.999722898 -0.006983205 0.621292830 0.102125056 0.009244447 0.994728565 16.867761612
0.994926035 0.026494389 -0.097057864 -77.116676331 -0.026494950 0.999648094 0.001283243 0.600917578 0.097057708 0.001294813 0.995277882 17.647712708
0.995370328 0.026692618 -0.092333704 -77.201866150 -0.026348770 0.999640644 0.004941214 0.596002638 0.092432395 -0.002485456 0.995715797 18.425971985
0.995646775 0.025649508 -0.089608595 -77.260757446 -0.025379663 0.999669254 0.004149701 0.577522755 0.089685380 -0.001857398 0.995968401 19.192192078
0.995963633 0.026601855 -0.085724607 -77.346939087 -0.026432214 0.999645770 0.003113479 0.561457396 0.085777059 -0.000835020 0.996313989 19.959211349
0.996271491 0.025316531 -0.082474820 -77.414596558 -0.024962496 0.999674201 0.005321081 0.552221596 0.082582660 -0.003242465 0.996578932 20.730718613
0.996496797 0.023225542 -0.080340385 -77.475952148 -0.022673445 0.999712646 0.007777531 0.541360676 0.080497928 -0.005928691 0.996737242 21.507446289
0.996768236 0.020804275 -0.077590033 -77.529090881 -0.020077284 0.999746978 0.010138042 0.525382638 0.077781335 -0.008547480 0.996933758 22.273111343
0.996998906 0.019951211 -0.074800096 -77.596069336 -0.019562202 0.999791086 0.005929716 0.522654355 0.074902758 -0.004448665 0.997180939 23.037370682
0.997065842 0.022866229 -0.073054701 -77.659843445 -0.023013849 0.999734461 -0.001179446 0.513318956 0.073008336 0.002857255 0.997327268 23.800863266
0.997191966 0.023425424 -0.071130835 -77.722229004 -0.024126654 0.999668300 -0.009015113 0.502046406 0.070896052 0.010705948 0.997426271 24.553794861
0.997245848 0.024000585 -0.070178211 -77.773506165 -0.024973042 0.999603331 -0.013012478 0.486245394 0.069838062 0.014729202 0.997449636 25.307291031
0.997350395 0.025746390 -0.068040721 -77.834251404 -0.026605604 0.999576926 -0.011751858 0.466507167 0.067709364 0.013530982 0.997613311 26.075971603
0.997424364 0.029338932 -0.065449625 -77.897453308 -0.029867666 0.999528527 -0.007114524 0.437690198 0.065210037 0.009051031 0.997830510 26.829160690
0.997489512 0.032531776 -0.062898487 -77.959159851 -0.032727797 0.999462128 -0.002088394 0.421158850 0.062796712 0.004141680 0.998017728 27.590587616
0.997727513 0.030479414 -0.060089186 -78.010612488 -0.030566944 0.999532580 -0.000537806 0.408183396 0.060044684 0.002373326 0.998192847 28.348302841
0.997863293 0.027858734 -0.059100151 -78.054428101 -0.027915364 0.999610245 -0.000132658 0.387910068 0.059073407 0.001782176 0.998252034 29.108678818
0.997978389 0.025307801 -0.058295753 -78.093009949 -0.025369171 0.999677956 -0.000312729 0.374161839 0.058269072 0.001791012 0.998299301 29.848625183
0.998065710 0.025184950 -0.056835189 -78.142944336 -0.025348675 0.999676228 -0.002161454 0.362542748 0.056762353 0.003597971 0.998381197 30.601724625
0.998127043 0.022909762 -0.056721468 -78.180259705 -0.023144942 0.999726057 -0.003492725 0.350544244 0.056625906 0.004798999 0.998383880 31.353292465
0.998210430 0.021779586 -0.055691145 -78.230171204 -0.021996414 0.999752641 -0.003283328 0.334732980 0.055605855 0.004502458 0.998442590 32.118255615
0.998170674 0.025562512 -0.054788776 -78.285552979 -0.025713148 0.999667227 -0.002046149 0.318954825 0.054718245 0.003451198 0.998495877 32.880050659
0.998179793 0.025009746 -0.054877236 -78.331428528 -0.025214046 0.999677420 -0.003033626 0.306357533 0.054783668 0.004411782 0.998488486 33.651855469
0.998109221 0.024587294 -0.056333832 -78.378402710 -0.024793226 0.999688148 -0.002959501 0.291981190 0.056243509 0.004350603 0.998407543 34.426708221
0.998053610 0.022203026 -0.058273781 -78.431869507 -0.022388414 0.999746144 -0.002530260 0.278851688 0.058202811 0.003829993 0.998297453 35.212303162
0.997821808 0.023920890 -0.061476447 -78.489021301 -0.024126602 0.999705493 -0.002605882 0.264075518 0.061395995 0.004083424 0.998105109 36.000507355
0.997552991 0.027912613 -0.064098835 -78.553451538 -0.028150897 0.999599755 -0.002817122 0.247986034 0.063994534 0.004614669 0.997939646 36.792190552
0.997376144 0.028036334 -0.066744007 -78.620536804 -0.028594859 0.999563456 -0.007427395 0.231992006 0.066506632 0.009316443 0.997742534 37.594146729
0.997199178 0.028982107 -0.068948671 -78.690689087 -0.029839694 0.999489188 -0.011440638 0.224138200 0.068581887 0.013466002 0.997554600 38.376129150
0.997071266 0.028286045 -0.071054220 -78.745422363 -0.029275574 0.999487758 -0.012923570 0.205239058 0.070652284 0.014965872 0.997388721 39.177646637
0.996926546 0.028919205 -0.072808847 -78.818122864 -0.029840780 0.999487340 -0.011601442 0.187456667 0.072436020 0.013738459 0.997278392 40.002582550
0.996760488 0.027113354 -0.075719260 -78.873153687 -0.028012333 0.999548793 -0.010835577 0.165250897 0.075391300 0.012921548 0.997070312 40.832328796
0.996679962 0.026608955 -0.076947078 -78.945213318 -0.027393024 0.999582767 -0.009152083 0.147787482 0.076671459 0.011229512 0.996993184 41.660831451
0.996580005 0.025777908 -0.078508832 -79.004562378 -0.026270548 0.999641061 -0.005248487 0.130018204 0.078345351 0.007293007 0.996899664 42.487995148
0.996535897 0.026194813 -0.078930639 -79.091270447 -0.026323285 0.999653399 -0.000587475 0.115345187 0.078887880 0.002663153 0.996879935 43.361740112
0.996603191 0.025972176 -0.078151822 -79.162857056 -0.025919024 0.999662578 0.001694596 0.099193700 0.078169465 0.000336779 0.996940076 44.213268280
0.996655166 0.029188935 -0.076331586 -79.232292175 -0.029151829 0.999573588 0.001600568 0.087550826 0.076345757 0.000629991 0.997081220 45.066806793
0.996808708 0.028774975 -0.074460335 -79.301841736 -0.028814606 0.999584615 0.000542191 0.076863877 0.074445017 0.001605085 0.997223794 45.933135986
0.996990740 0.026579248 -0.072820924 -79.365196228 -0.026784685 0.999639571 -0.001845849 0.064147323 0.072745614 0.003790780 0.997343242 46.792602539
0.997170985 0.022507686 -0.071717598 -79.417442322 -0.022807898 0.999734104 -0.003369706 0.047649786 0.071622714 0.004995901 0.997419357 47.660488129
0.997364044 0.021692852 -0.069241911 -79.490699768 -0.022010475 0.999750435 -0.003827405 0.037624642 0.069141604 0.005341364 0.997592509 48.544937134
0.997475028 0.019252805 -0.068357557 -79.551383972 -0.019368919 0.999811769 -0.001036200 0.019276984 0.068324752 0.002357596 0.997660339 49.420547485
0.997604787 0.016855652 -0.067086712 -79.616203308 -0.016814340 0.999857903 0.001180456 0.007912301 0.067097060 -0.000049610 0.997746468 50.297477722
0.997635067 0.016441610 -0.066737980 -79.670005798 -0.016374610 0.999864697 0.001550873 -0.010428041 0.066754445 -0.000454396 0.997769356 51.173477173
0.997692883 0.018566374 -0.065300353 -79.734466553 -0.018718125 0.999823332 -0.001712849 -0.028115392 0.065257028 0.002931198 0.997864127 52.057083130
0.997701943 0.020975370 -0.064427026 -79.802452087 -0.021481093 0.999743521 -0.007166780 -0.051255703 0.064260185 0.008534273 0.997896731 52.913574219
0.997723997 0.022973834 -0.063394517 -79.863601685 -0.023825897 0.999635220 -0.012717400 -0.070549130 0.063079238 0.014198887 0.997907460 53.773674011
0.997656405 0.027798867 -0.062520884 -79.931678772 -0.029027386 0.999401271 -0.018827833 -0.092037678 0.061960075 0.020598527 0.997866035 54.622566223
0.997730434 0.027316540 -0.061544046 -79.990737915 -0.028570764 0.999399662 -0.019592056 -0.120352864 0.060971927 0.021305954 0.997912049 55.480094910
0.997819006 0.024654711 -0.061232366 -80.046371460 -0.025550101 0.999577045 -0.013883040 -0.142027378 0.060864206 0.015417255 0.998026967 56.332538605
0.997772098 0.024271430 -0.062142573 -80.099967957 -0.024631925 0.999683857 -0.005041478 -0.164525628 0.062000558 0.006560938 0.998054504 57.185344696
0.997759104 0.022598494 -0.062976822 -80.159873962 -0.022425365 0.999742568 0.003454622 -0.192294046 0.063038670 -0.002034603 0.998008966 58.036590576
0.997648776 0.020906283 -0.065268099 -80.219497681 -0.020873236 0.999781430 0.001188289 -0.206938624 0.065278694 0.000176863 0.997867048 58.876136780
0.997632086 0.016029436 -0.066883340 -80.283660889 -0.016208386 0.999866307 -0.002133729 -0.223985747 0.066840217 0.003212747 0.997758508 59.715717316
0.997475982 0.015103208 -0.069379732 -80.345512390 -0.015408023 0.999873698 -0.003860365 -0.246176422 0.069312677 0.004919626 0.997582853 60.550518036
0.997219324 0.016488537 -0.072675668 -80.409126282 -0.016988995 0.999836028 -0.006273339 -0.260499567 0.072560310 0.007490582 0.997335911 61.355716705
0.996946990 0.017977798 -0.075982787 -80.479240417 -0.018765315 0.999777257 -0.009663122 -0.280459881 0.075792126 0.011059461 0.997062385 62.175823212
0.996607304 0.018886434 -0.080106467 -80.549987793 -0.019979360 0.999717653 -0.012863826 -0.304370403 0.079840913 0.014420660 0.996703386 62.991096497
0.996336877 0.020763479 -0.082956687 -80.629051208 -0.022215063 0.999615133 -0.016613401 -0.331333637 0.082579814 0.018395431 0.996414661 63.803329468
0.995978892 0.025742369 -0.085810415 -80.722183228 -0.027264096 0.999490261 -0.016608905 -0.356325984 0.085339099 0.018881658 0.996173024 64.602066040
0.995570779 0.029401002 -0.089299716 -80.804878235 -0.030838689 0.999415278 -0.014762434 -0.379076838 0.088813491 0.017450932 0.995895386 65.406814575
0.995123088 0.032203875 -0.093236260 -80.890678406 -0.033161148 0.999411702 -0.008735782 -0.402725697 0.092900097 0.011784999 0.995605648 66.205772400
0.994731367 0.032476187 -0.097236127 -80.975547791 -0.032932378 0.999452829 -0.003089933 -0.425297022 0.097082570 0.006275870 0.995256484 67.021705627
0.994248927 0.032042697 -0.102187097 -81.063529968 -0.032149564 0.999482870 0.000601370 -0.442374587 0.102153510 0.002687359 0.994765043 67.818092346
0.993584931 0.031494513 -0.108614556 -81.157295227 -0.031500179 0.999502361 0.001663997 -0.456242204 0.108612902 0.001768055 0.994082570 68.610351562
0.993005097 0.028882986 -0.114484183 -81.246414185 -0.028427599 0.999580085 0.005608701 -0.469555378 0.114598110 -0.002314958 0.993409216 69.397804260
0.992223203 0.029653652 -0.120886587 -81.349021912 -0.029244151 0.999558926 0.005160599 -0.480987847 0.120986313 -0.001585240 0.992652893 70.174835205
0.991353214 0.034287885 -0.126661956 -81.469665527 -0.033996403 0.999411881 0.004462951 -0.493487060 0.126740515 -0.000118309 0.991935849 70.948814392
0.990489125 0.035798218 -0.132852510 -81.580032349 -0.036001217 0.999351382 0.000874544 -0.503647447 0.132797644 0.003916626 0.991135418 71.720687866
0.989694953 0.034752086 -0.138910934 -81.692085266 -0.035353180 0.999373138 -0.001861337 -0.515185297 0.138759181 0.006753099 0.990303040 72.487945557
0.988886952 0.036244880 -0.144183919 -81.812614441 -0.037114434 0.999305367 -0.003344850 -0.526191890 0.143962562 0.008658983 0.989545226 73.253143311
0.988139272 0.038286343 -0.148711041 -81.935264587 -0.038423996 0.999259770 0.001948233 -0.538281083 0.148675486 0.003788949 0.988878787 74.020629883
0.987194777 0.039261565 -0.154612884 -82.066490173 -0.038811266 0.999229014 0.005930982 -0.547853708 0.154726565 0.000145688 0.987957358 74.782814026
0.986187100 0.037583005 -0.161315426 -82.190002441 -0.036721092 0.999290943 0.008322148 -0.563154757 0.161513820 -0.002283515 0.986867845 75.540290833
0.985044897 0.035632700 -0.168573290 -82.322982788 -0.035364896 0.999363959 0.004591616 -0.571494341 0.168629691 0.001438629 0.985678434 76.291160583
0.983679950 0.033344824 -0.176810086 -82.461715698 -0.034295451 0.999409020 -0.002322431 -0.581149697 0.176628172 0.008348311 0.984242141 77.020309448
0.982087255 0.030782478 -0.185895130 -82.609527588 -0.032039486 0.999479473 -0.003760776 -0.594276965 0.185682639 0.009649395 0.982562363 77.763061523
0.980019629 0.030420009 -0.196560755 -82.764480591 -0.031231953 0.999511600 -0.001031597 -0.607524097 0.196433395 0.007149962 0.980491042 78.502395630
0.977674961 0.030345796 -0.207919866 -82.925819397 -0.029951101 0.999538600 0.005046915 -0.613921583 0.207977071 0.001293186 0.978132844 79.240234375
0.975178778 0.031751171 -0.219130382 -83.102500916 -0.029609667 0.999476314 0.013050802 -0.622969747 0.219430029 -0.006238489 0.975608230 79.954895020
0.972593427 0.032395318 -0.230244592 -83.286117554 -0.029390164 0.999432325 0.016470516 -0.630151391 0.230647445 -0.009252190 0.972993374 80.679817200
0.969680667 0.035664704 -0.241758659 -83.479324341 -0.033594433 0.999355078 0.012681383 -0.643110633 0.242055029 -0.004175148 0.970253527 81.393241882
0.966649413 0.035574090 -0.253620297 -83.684455872 -0.035822410 0.999351561 0.003640503 -0.651418030 0.253585398 0.005566199 0.967297018 82.093490601
0.963461220 0.033132628 -0.265790582 -83.892578125 -0.034724068 0.999396026 -0.001289272 -0.651537657 0.265587360 0.010471492 0.964029908 82.804428101
0.959995747 0.031760491 -0.278207600 -84.096015930 -0.032014444 0.999480784 0.003631361 -0.654540181 0.278178483 0.005420571 0.960514128 83.529846191
0.956614017 0.032961726 -0.289487958 -84.323509216 -0.031134091 0.999455571 0.010917464 -0.660392880 0.289690197 -0.001430854 0.957119465 84.252761841
0.952950060 0.032890346 -0.301337928 -84.559913635 -0.029345257 0.999436617 0.016284892 -0.664465308 0.301703811 -0.006675849 0.953378260 84.963401794
0.948934078 0.030624645 -0.313984394 -84.804702759 -0.027458996 0.999517560 0.014501056 -0.667600155 0.314277083 -0.005138852 0.949317396 85.675338745
0.945283175 0.029246947 -0.324937642 -85.061508179 -0.027332384 0.999571681 0.010456098 -0.673562169 0.325104296 -0.001002653 0.945677638 86.371063232
0.942159712 0.024514597 -0.334266484 -85.308593750 -0.024759378 0.999687135 0.003529048 -0.680531740 0.334248424 0.004951303 0.942472041 87.058296204
0.939347029 0.020494990 -0.342355192 -85.566253662 -0.022664901 0.999740362 -0.002338336 -0.686733842 0.342218399 0.009955956 0.939567745 87.762359619
0.936805129 0.019950729 -0.349282116 -85.839416504 -0.022965977 0.999726176 -0.004493155 -0.693505585 0.349096835 0.012230815 0.937006772 88.462921143
0.933689535 0.025600694 -0.357167304 -86.129455566 -0.028990285 0.999571085 -0.004138695 -0.712022424 0.356908113 0.014218636 0.934031308 89.175437927
0.930637598 0.025651053 -0.365042031 -86.400222778 -0.028245172 0.999599397 -0.001767567 -0.726136565 0.364850432 0.011955637 0.930989385 89.864044189
0.927540720 0.025971565 -0.372818679 -86.687980652 -0.026055340 0.999648988 0.004814826 -0.729409814 0.372812837 0.005247970 0.927891850 90.569625854
0.924704790 0.027923951 -0.379659474 -86.978446960 -0.024707509 0.999605656 0.013342977 -0.737890720 0.379882365 -0.002957875 0.925030053 91.279830933
0.922193885 0.038040791 -0.384852290 -87.305130005 -0.032838285 0.999258935 0.020083886 -0.746277332 0.385331124 -0.005883352 0.922759652 91.981506348
0.919450700 0.044736423 -0.390652061 -87.616302490 -0.041408978 0.998998642 0.016941201 -0.744027853 0.391018748 0.000599900 0.920382500 92.669990540
0.917128682 0.041254107 -0.396450460 -87.921913147 -0.040818293 0.999121010 0.009540206 -0.744820833 0.396495521 0.007432836 0.918006480 93.357276917
0.915223718 0.033752020 -0.401530147 -88.225708008 -0.035860505 0.999354303 0.002265929 -0.750843704 0.401347309 0.012325243 0.915843010 94.048355103
0.913279593 0.033949234 -0.405915976 -88.530929565 -0.036553048 0.999330878 0.001338609 -0.751137376 0.405689716 0.013614943 0.913909435 94.744056702
0.911330879 0.040472087 -0.409680486 -88.878845215 -0.041372739 0.999121547 0.006669289 -0.760643363 0.409590483 0.010871675 0.912204683 95.440048218
0.908887744 0.042985760 -0.414819598 -89.210174561 -0.042231448 0.999047339 0.010995544 -0.767094374 0.414897084 0.007524716 0.909837246 96.149436951
0.906641603 0.039145995 -0.420081735 -89.534278870 -0.038962550 0.999199927 0.009021129 -0.776579380 0.420098811 0.008188525 0.907441437 96.847427368
0.904386997 0.037775084 -0.425037652 -89.870124817 -0.040309697 0.999182642 0.003031824 -0.788000345 0.424804777 0.014391197 0.905170560 97.534286499
0.902352095 0.034952670 -0.429579973 -90.213386536 -0.040426288 0.999175966 -0.003619528 -0.792568386 0.429099411 0.020632409 0.903021574 98.227706909
