1.000000000 0.000000002 -0.000000030 -0.000015259 0.000000002 1.000000119 0.000000000 -0.000000000 -0.000000030 0.000000000 1.000000000 0.000000000
0.999991357 -0.002494995 -0.003332585 -0.004014195 0.002487702 0.999994636 -0.002191790 -0.004838755 0.003337975 0.002183480 0.999992073 0.666397929
0.999971449 -0.001270285 -0.007452757 -0.010324200 0.001243828 0.999992907 -0.003553739 -0.010704495 0.007457137 0.003544368 0.999965906 1.371880054
0.999933898 -0.001137828 -0.011436581 -0.023581069 0.001080837 0.999986887 -0.004988219 -0.013245558 0.011442125 0.004975531 0.999922216 2.072686434
0.999865711 0.000098119 -0.016389512 -0.042906690 -0.000191738 0.999983609 -0.005710639 -0.015353641 0.016388701 0.005713017 0.999849439 2.803362846
0.999785781 -0.000778586 -0.020680904 -0.058057450 0.000660187 0.999983251 -0.005731193 -0.029852767 0.020685015 0.005716313 0.999769688 3.538124084
0.999683142 0.000944097 -0.025153665 -0.083808750 -0.001124268 0.999973714 -0.007149578 -0.032407753 0.025146252 0.007175593 0.999657989 4.292209625
0.999544621 0.003558535 -0.029963434 -0.115219161 -0.003792871 0.999962687 -0.007767671 -0.042007819 0.029934675 0.007877778 0.999520838 5.060215473
0.999406636 0.004094135 -0.034198172 -0.148861706 -0.004299786 0.999973178 -0.005942248 -0.051666573 0.034172930 0.006085765 0.999397397 5.844129562
0.999238789 0.003337865 -0.038866628 -0.181276143 -0.003472638 0.999988258 -0.003400680 -0.058829941 0.038854826 0.003533059 0.999238610 6.647869587
0.999109745 0.002991932 -0.042082369 -0.217047095 -0.003026636 0.999995112 -0.000760995 -0.067877389 0.042079896 0.000887688 0.999113917 7.449656487
0.998994410 0.004341966 -0.044626120 -0.261120498 -0.004408511 0.999989271 -0.001392854 -0.075590260 0.044619601 0.001588191 0.999002874 8.264031410
0.998894751 0.003668345 -0.046860375 -0.307442069 -0.003747222 0.999991655 -0.001595493 -0.080639780 0.046854138 0.001769329 0.998900235 9.089765549
0.998806894 0.001069481 -0.048822489 -0.339243233 -0.001179965 0.999996841 -0.002234187 -0.087748863 0.048819870 0.002289131 0.998804867 9.923014641
0.998691499 0.000774778 -0.051134810 -0.381077111 -0.000852696 0.999998569 -0.001501941 -0.093832247 0.051133487 0.001543579 0.998690605 10.764020920
0.998631239 -0.000804464 -0.052297484 -0.432937622 0.000707287 0.999997973 -0.001876602 -0.100215167 0.052298814 0.001837045 0.998629749 11.606392860
0.998522043 0.001406317 -0.054329894 -0.484961420 -0.001629254 0.999990463 -0.004059275 -0.113011323 0.054323584 0.004141794 0.998514712 12.466400146
0.998440325 0.001584558 -0.055806577 -0.532302499 -0.001953976 0.999976575 -0.006565714 -0.120953873 0.055794895 0.006664519 0.998420000 13.334915161
0.998342097 0.005363444 -0.057308476 -0.592978120 -0.005844902 0.999949038 -0.008236874 -0.132172242 0.057261404 0.008558180 0.998322487 14.211375237
0.998254418 0.006518455 -0.058699451 -0.645000219 -0.006988573 0.999945104 -0.007807190 -0.144192114 0.058645360 0.008203786 0.998245180 15.104155540
0.998177290 0.005688295 -0.060080618 -0.700482428 -0.006078783 0.999961674 -0.006318710 -0.158743411 0.060042378 0.006672409 0.998173475 15.988032341
0.998106837 0.006418765 -0.061167259 -0.764106095 -0.006748154 0.999963939 -0.005180067 -0.167674825 0.061131809 0.005583025 0.998114169 16.884412766
0.998061180 0.006140711 -0.061937068 -0.827234745 -0.006469355 0.999966145 -0.005107007 -0.183850497 0.061903626 0.005497796 0.998066962 17.789094925
0.997920215 0.006046403 -0.064177334 -0.879387438 -0.006426297 0.999963045 -0.005714665 -0.198260605 0.064140409 0.006115202 0.997922122 18.694910049
0.997865617 0.004613999 -0.065137587 -0.942543387 -0.005022408 0.999968767 -0.006107587 -0.213341877 0.065107375 0.006421701 0.997857571 19.608083725
0.997827470 0.004353841 -0.065738149 -1.001436234 -0.004664376 0.999978662 -0.004571075 -0.223025501 0.065716848 0.004867773 0.997826457 20.528755188
0.997820139 0.006481507 -0.065672122 -1.069554687 -0.006604146 0.999976873 -0.001650533 -0.228824973 0.065659873 0.002080644 0.997839868 21.450067520
0.997875750 0.007471506 -0.064716615 -1.132731676 -0.007354217 0.999970913 0.002050373 -0.238177001 0.064730033 -0.001570078 0.997901559 22.379810333
0.997991920 0.006754919 -0.062981226 -1.200138569 -0.006471656 0.999968052 0.004700477 -0.242908776 0.063010931 -0.004283445 0.998003721 23.314750671
0.998083353 0.005986518 -0.061593950 -1.253452063 -0.005629649 0.999966502 0.005965723 -0.253820151 0.061627593 -0.005607535 0.998083413 24.253368378
0.998158097 0.006488562 -0.060318295 -1.309648633 -0.006309657 0.999975085 0.003155963 -0.261879504 0.060337272 -0.002769561 0.998174250 25.196083069
0.998193204 0.006857962 -0.059693143 -1.366660953 -0.006959187 0.999974668 -0.001488092 -0.268474549 0.059681434 0.001900819 0.998215675 26.137529373
0.998288870 0.006599783 -0.058102582 -1.427625895 -0.006863960 0.999966979 -0.004348338 -0.281162322 0.058071915 0.004739710 0.998301148 27.087915421
0.998335361 0.003863220 -0.057546046 -1.479844809 -0.004067723 0.999985814 -0.003437010 -0.290728748 0.057531912 0.003665370 0.998336911 28.046613693
0.998344898 0.002387312 -0.057460476 -1.544469833 -0.002305812 0.999996245 0.001484638 -0.300653636 0.057463750 -0.001349689 0.998346627 29.026865005
0.998308063 -0.000931820 -0.058138188 -1.596330762 0.001229327 0.999986351 0.005081676 -0.316346407 0.058132682 -0.005144547 0.998295665 29.988233566
0.998202205 -0.008326919 -0.059354983 -1.644931555 0.008610792 0.999952734 0.004528409 -0.323065430 0.059314486 -0.005031360 0.998226702 30.963670731
0.998093307 -0.010431268 -0.060834080 -1.699253082 0.010477677 0.999945045 0.000443950 -0.328696787 0.060826149 -0.001080504 0.998147786 31.934789658
0.998003244 -0.010200754 -0.062331844 -1.762847424 0.009997219 0.999943614 -0.003576369 -0.335755736 0.062364865 0.002946084 0.998049080 32.909053802
0.997895896 -0.008900519 -0.064224161 -1.834896207 0.008649457 0.999953866 -0.004186143 -0.348747432 0.064258397 0.003621829 0.997926712 33.895317078
0.997853279 -0.008780698 -0.064897090 -1.901906848 0.008603241 0.999958456 -0.003013444 -0.358173490 0.064920805 0.002448650 0.997887433 34.885269165
0.997773528 -0.005701232 -0.066451870 -1.968665123 0.005710913 0.999983668 -0.000044346 -0.374253422 0.066451080 -0.000335252 0.997789562 35.888530731
0.997701585 -0.005455719 -0.067543134 -2.033976078 0.005558355 0.999983668 0.001331668 -0.387142599 0.067534804 -0.001704034 0.997715414 36.877620697
0.997618318 -0.004319764 -0.068840332 -2.105601549 0.004592987 0.999982178 0.003811130 -0.393098414 0.068822674 -0.004118238 0.997620463 37.885742188
0.997643411 -0.003931468 -0.068498150 -2.167765379 0.004439864 0.999963760 0.007271368 -0.410641789 0.068467110 -0.007558358 0.997624815 38.858318329
0.997617364 0.001740312 -0.068967246 -2.255585670 -0.001105597 0.999956727 0.009240241 -0.409907281 0.068980344 -0.009141978 0.997576118 39.868904114
0.997593880 0.002030137 -0.069299176 -2.328322411 -0.001447708 0.999963224 0.008453759 -0.414008528 0.069313772 -0.008333095 0.997560084 40.862457275
0.997597754 0.001829667 -0.069248162 -2.394980431 -0.001372865 0.999977052 0.006643612 -0.413725913 0.069258712 -0.006532585 0.997577250 41.844627380
0.997581720 0.004294934 -0.069370128 -2.467482328 -0.003984237 0.999981523 0.004616539 -0.426865697 0.069388650 -0.004328988 0.997580290 42.845592499
0.997504175 0.003888231 -0.070500202 -2.534811974 -0.003562958 0.999982536 0.004738911 -0.435142964 0.070517376 -0.004475895 0.997500479 43.842117310
0.997414589 0.001733554 -0.071840920 -2.609707594 -0.001324209 0.999982715 0.005745144 -0.439820021 0.071849622 -0.005635158 0.997399449 44.836551666
0.997384906 0.002419122 -0.072233059 -2.687222719 -0.001905175 0.999972403 0.007183184 -0.452551425 0.072248392 -0.007026783 0.997361898 45.807510376
0.997343779 0.004862474 -0.072677322 -2.759554863 -0.004611909 0.999982774 0.003615055 -0.464566886 0.072693624 -0.003270271 0.997348905 46.780574799
0.997296810 0.005430230 -0.073276788 -2.845099688 -0.005485632 0.999984860 -0.000554810 -0.473686069 0.073272638 0.000955280 0.997311413 47.744171143
0.997235596 0.006172796 -0.074046917 -2.913406134 -0.006356491 0.999977291 -0.002245359 -0.476915181 0.074031338 0.002709832 0.997252226 48.711483002
0.997253358 0.005033521 -0.073894195 -2.990543365 -0.004916565 0.999986410 0.001764562 -0.493729651 0.073902048 -0.001396408 0.997264504 49.694568634
0.997269154 0.003007420 -0.073791578 -3.066396952 -0.002669556 0.999985516 0.004676844 -0.502734959 0.073804557 -0.004467080 0.997262716 50.661289215
0.997236848 0.001639519 -0.074269027 -3.131346703 -0.001255546 0.999985635 0.005216406 -0.513320565 0.074276477 -0.005108746 0.997224569 51.605121613
0.997200906 -0.001644225 -0.074750207 -3.201854944 0.001933533 0.999990940 0.003798118 -0.520984232 0.074743249 -0.003932021 0.997195065 52.562755585
0.997190237 -0.004259651 -0.074788637 -3.278108597 0.004461930 0.999986768 0.002537786 -0.531821609 0.074776806 -0.002864359 0.997196138 53.509578705
0.997084439 -0.005733782 -0.076090284 -3.341178179 0.006074615 0.999972522 0.004248626 -0.549634159 0.076063827 -0.004698457 0.997091830 54.456203461
0.996967494 -0.008837142 -0.077314347 -3.410983801 0.009486577 0.999922693 0.008036705 -0.551971793 0.077237360 -0.008745782 0.996974349 55.411956787
0.996907055 -0.009374435 -0.078028187 -3.483242989 0.010434173 0.999858677 0.013184892 -0.558077872 0.077893570 -0.013958269 0.996863961 56.356491089
0.996872425 -0.008275108 -0.078593910 -3.557609558 0.009535295 0.999831617 0.015672425 -0.561368823 0.078450978 -0.016372820 0.996783495 57.302707672
0.996779323 -0.006861595 -0.079899922 -3.637074471 0.007792375 0.999905288 0.011343339 -0.561111450 0.079814509 -0.011929415 0.996738315 58.232025146
0.996689618 -0.005763824 -0.081097260 -3.719267130 0.006099772 0.999973774 0.003895378 -0.566890836 0.081072681 -0.004377160 0.996698499 59.147838593
0.996618927 -0.003692310 -0.082080834 -3.804142475 0.003596643 0.999992669 -0.001313377 -0.572840452 0.082085080 0.001013719 0.996624768 60.068637848
0.996562958 0.001063189 -0.082831472 -3.886545658 -0.001087559 0.999999404 -0.000249110 -0.584745705 0.082831226 0.000338336 0.996563494 60.961071014
0.996450305 0.003882226 -0.084092796 -3.971082926 -0.003716402 0.999990880 0.002128368 -0.600119233 0.084100381 -0.001808291 0.996455610 61.848697662
0.996355474 0.006611429 -0.085041583 -4.054279327 -0.006341428 0.999974012 0.003444673 -0.612422705 0.085062221 -0.002892835 0.996371448 62.725978851
0.996259093 0.007322249 -0.086106770 -4.127600193 -0.007064976 0.999969661 0.003292138 -0.624510527 0.086128250 -0.002671478 0.996280491 63.586009979
0.996100903 0.008576739 -0.087803751 -4.208959579 -0.008273118 0.999958515 0.003821219 -0.630567312 0.087832838 -0.003079907 0.996130526 64.439193726
0.995984077 0.009767152 -0.088996015 -4.289001465 -0.009375315 0.999944389 0.004819801 -0.647994936 0.089038163 -0.003966080 0.996020257 65.275024414
0.995857120 0.009484526 -0.090436004 -4.366290092 -0.009047319 0.999945283 0.005243186 -0.655074477 0.090480842 -0.004403261 0.995888472 66.098136902
0.995763659 0.009625581 -0.091444194 -4.448126793 -0.009098948 0.999939501 0.006174215 -0.662879348 0.091498129 -0.005316013 0.995791137 66.906272888
0.995590985 0.012310985 -0.092989147 -4.522517681 -0.011514088 0.999892294 0.009101467 -0.674614191 0.093091153 -0.007990651 0.995625496 67.701164246
0.995506525 0.013737718 -0.093691699 -4.609239578 -0.012531001 0.999831021 0.013455871 -0.680700898 0.093860708 -0.012221353 0.995510399 68.490165710
0.995261133 0.016939193 -0.095750712 -4.689939499 -0.015572024 0.999766231 0.015007724 -0.685354233 0.095982552 -0.013445574 0.995292246 69.265876770
0.995096505 0.019733524 -0.096919239 -4.771865845 -0.018775120 0.999765515 0.010790805 -0.690581441 0.097109467 -0.008918221 0.995233834 70.016525269
0.994928956 0.019672113 -0.098637693 -4.842372417 -0.019411655 0.999805093 0.003599587 -0.701278925 0.098689415 -0.001666612 0.995116889 70.735694885
0.994803786 0.018776810 -0.100064188 -4.917051315 -0.019088883 0.999815524 -0.002162116 -0.709813118 0.100005120 0.004060994 0.994978666 71.441116333
0.994765878 0.019489933 -0.100303687 -4.996162891 -0.019938245 0.999795198 -0.003468931 -0.714767396 0.100215539 0.005450654 0.994950831 72.133918762
0.994642496 0.022160390 -0.100971185 -5.075231552 -0.022268783 0.999752045 0.000053599 -0.723216057 0.100947261 0.002195196 0.994889259 72.810737610
0.994535983 0.022894667 -0.101852588 -5.150733948 -0.022781571 0.999737918 0.002273580 -0.738885343 0.101877891 0.000059207 0.994796813 73.465080261
0.994500339 0.019435085 -0.102912962 -5.213050842 -0.019637626 0.999806762 -0.000955185 -0.752424836 0.102874421 0.002970900 0.994689882 74.092063904
0.994563460 0.011108490 -0.103538148 -5.259954453 -0.011759391 0.999914825 -0.005678255 -0.771946073 0.103466302 0.006864933 0.994609296 74.705062866
0.994700432 0.007150645 -0.102567367 -5.316151142 -0.008297621 0.999907792 -0.010760340 -0.776692212 0.102481015 0.011554381 0.994667888 75.301551819
0.995010972 0.009276830 -0.099333681 -5.379703522 -0.010402180 0.999887526 -0.010817039 -0.791809380 0.099222183 0.011796361 0.994995534 75.882072449
0.995329916 0.014529838 -0.095431678 -5.435401917 -0.015324384 0.999853730 -0.007598182 -0.809638202 0.095307283 0.009025129 0.995406866 76.450874329
0.995782375 0.013152513 -0.090799481 -5.486527920 -0.013633830 0.999896109 -0.004682628 -0.817797601 0.090728417 0.005900821 0.995858073 77.006843567
0.996325016 0.009536560 -0.085121177 -5.521079540 -0.009639969 0.999953270 -0.000803892 -0.824476421 0.085109502 0.001621504 0.996370196 77.548858643
0.997034013 0.004731808 -0.076817527 -5.554027081 -0.004525901 0.999985576 0.002854369 -0.840805590 0.076829903 -0.002498235 0.997040987 78.078346252
0.997764289 0.008546127 -0.066282853 -5.581913471 -0.008382836 0.999961138 0.002741247 -0.850861788 0.066303737 -0.002179480 0.997797072 78.590103149
0.998602390 0.013903671 -0.050991103 -5.612469673 -0.013803462 0.999902070 0.002316821 -0.859167039 0.051018335 -0.001609729 0.998696446 79.093994141
0.999284387 0.018702919 -0.032876175 -5.629013538 -0.018625202 0.999822974 0.002668454 -0.864603758 0.032920282 -0.002054219 0.999455929 79.591842651
0.999790192 0.017361185 -0.010871630 -5.616693020 -0.017327594 0.999844849 0.003176533 -0.869757056 0.010925114 -0.002987487 0.999935925 80.070571899
0.999783039 0.013887482 0.015525639 -5.589465618 -0.013954745 0.999893665 0.004232648 -0.879582644 -0.015465230 -0.004448385 0.999870539 80.518478394
0.998920202 0.012774910 0.044667561 -5.540561676 -0.013046027 0.999898136 0.005783491 -0.888774574 -0.044589154 -0.006359980 0.998985171 80.976226807
0.996860921 0.012425603 0.078191474 -5.491275311 -0.013053206 0.999886453 0.007520510 -0.900301993 -0.078089170 -0.008517551 0.996909976 81.424110413
0.993207455 0.012512708 0.115682378 -5.413784027 -0.013419363 0.999885023 0.007061963 -0.894473851 -0.115580723 -0.008566376 0.993261218 81.865524292
0.987485290 0.012400220 0.157222629 -5.326605797 -0.013687590 0.999881089 0.007108061 -0.903545022 -0.157115787 -0.009171103 0.987537622 82.265800476
0.979227841 0.012061993 0.202403426 -5.211961746 -0.013767604 0.999880672 0.007020976 -0.910757363 -0.202294588 -0.009661745 0.979277134 82.683380127
0.967804670 0.014237992 0.251299113 -5.080205917 -0.015997630 0.999859810 0.004960570 -0.921325803 -0.251193225 -0.008821052 0.967896819 83.081573486
0.952272236 0.015220438 0.304870427 -4.933412552 -0.016649194 0.999859273 0.002087017 -0.930768013 -0.304795742 -0.007063255 0.952391624 83.464736938
0.932653904 0.015933683 0.360420346 -4.749551773 -0.016726812 0.999859750 -0.000918705 -0.928720474 -0.360384464 -0.005171850 0.932789564 83.834548950
0.908517957 0.015518647 0.417557299 -4.560649872 -0.016057169 0.999868751 -0.002223358 -0.944773674 -0.417536944 -0.004684825 0.908647895 84.167373657
0.879684210 0.016237715 0.475280941 -4.343559265 -0.015793743 0.999863088 -0.004927576 -0.944134831 -0.475295991 -0.003171756 0.879820287 84.479759216
0.846355617 0.015049140 0.532405615 -4.102020264 -0.013232290 0.999886215 -0.007227958 -0.950696349 -0.532453954 -0.000927525 0.846458554 84.781288147
0.809222043 0.014494678 0.587324142 -3.845523834 -0.011877555 0.999894857 -0.008311542 -0.964518309 -0.587382853 -0.000250094 0.809309244 85.074035645
0.769338012 0.013518637 0.638698936 -3.568798065 -0.010953485 0.999908209 -0.007970048 -0.970677793 -0.638748050 -0.000864321 0.769415438 85.344459534
0.727357626 0.012975259 0.686136007 -3.275836945 -0.011989281 0.999908864 -0.006199325 -0.976617396 -0.686153948 -0.003717151 0.727446914 85.578811646
0.682823420 0.011997284 0.730485022 -2.972175598 -0.010565975 0.999922752 -0.006545869 -0.980881572 -0.730507135 -0.003248616 0.682897449 85.795257568
0.637012124 0.010410957 0.770783544 -2.641597748 -0.007309681 0.999945343 -0.007465171 -0.993987501 -0.770819187 -0.000878780 0.637053430 85.996231079
0.590857387 0.007357430 0.806742430 -2.312339783 -0.000031102 0.999958634 -0.009096767 -0.996675372 -0.806775987 0.005349803 0.590833247 86.169189453
0.544296622 0.009193184 0.838842392 -1.979267120 -0.002010234 0.999951422 -0.009654464 -1.010199785 -0.838890553 0.003568624 0.544288635 86.336616516
0.497319311 0.012445704 0.867478371 -1.641841888 -0.005033473 0.999921679 -0.011460214 -1.013575077 -0.867553055 0.001332958 0.497343063 86.493949890
0.451971501 0.014099333 0.891920924 -1.304546356 -0.005570380 0.999900162 -0.012983518 -1.028516054 -0.892015040 0.000899844 0.452004939 86.624656677
0.408761203 0.011852324 0.912564397 -0.949399948 0.001060799 0.999908745 -0.013461908 -1.038175344 -0.912640750 0.006470756 0.408711433 86.749702454
0.369047880 0.004323746 0.929400325 -0.577489853 0.015764315 0.999816179 -0.010911058 -1.044642210 -0.929276645 0.018678062 0.368911922 86.849090576
0.333784968 0.000818242 0.942648947 -0.211324692 0.020153796 0.999764860 -0.008004128 -1.047649622 -0.942433834 0.021669611 0.333689988 86.938766479
0.300414503 0.004681210 0.953797281 0.152624130 0.017469147 0.999793231 -0.010409158 -1.058128595 -0.953648865 0.019789085 0.300270647 87.036849976
0.269486666 0.012282318 0.962925732 0.523204803 0.006818583 0.999869227 -0.014661804 -1.073201060 -0.962979972 0.010516948 0.269367695 87.136581421
0.241000101 0.017051356 0.970375419 0.898109436 0.001803452 0.999836028 -0.018016938 -1.090609908 -0.970523357 0.006092106 0.240929797 87.225662231
0.215277791 0.018576719 0.976376176 1.288812637 0.003284725 0.999799609 -0.019746616 -1.106270313 -0.976547241 0.007458133 0.215173602 87.291847229
0.191834301 0.020055976 0.981222451 1.698715210 0.010509243 0.999691904 -0.022488102 -1.115955234 -0.981371045 0.014625891 0.191564411 87.348037720
0.171928629 0.025972834 0.984766960 2.110003471 0.017407309 0.999416173 -0.029398313 -1.121461987 -0.984955430 0.022196552 0.171376109 87.388412476
0.151950598 0.033173852 0.987831235 2.538711548 0.019639580 0.999137938 -0.036574569 -1.116639137 -0.988192916 0.024958117 0.151168048 87.447891235
0.134280950 0.033756617 0.990368187 2.977453232 0.017463760 0.999183893 -0.036424946 -1.131323814 -0.990789354 0.022186732 0.133581832 87.503547668
0.118962735 0.029549599 0.992458940 3.438845634 0.015379174 0.999382317 -0.031599186 -1.156257033 -0.992779613 0.019022325 0.118434764 87.552574158
0.104637176 0.026282731 0.994163156 3.908358574 0.015389999 0.999488294 -0.028043330 -1.177748442 -0.994391322 0.018234545 0.104179084 87.594093323
0.091308050 0.023824427 0.995537639 4.397012711 0.019066753 0.999488652 -0.025667736 -1.191317081 -0.995640159 0.021325344 0.090807147 87.630737305
0.079688966 0.023088997 0.996552348 4.892284393 0.022672515 0.999431074 -0.024968695 -1.206480026 -0.996561944 0.024584079 0.079120174 87.657272339
0.069472581 0.023696050 0.997302413 5.405670166 0.025955815 0.999336421 -0.025552478 -1.221945405 -0.997246206 0.027660994 0.068811439 87.686210632
0.061596997 0.024315927 0.997804821 5.940234661 0.027966268 0.999268591 -0.026078029 -1.236178637 -0.997709274 0.029511208 0.060871940 87.712738037
0.056111928 0.024478542 0.998124301 6.488730907 0.029745899 0.999214709 -0.026177518 -1.255192041 -0.997981250 0.031158978 0.055339694 87.735877991
0.050633617 0.025505427 0.998391509 7.050261974 0.031001175 0.999152005 -0.027097084 -1.272212267 -0.998236001 0.032323334 0.049799945 87.757972717
0.044776890 0.026214000 0.998652995 7.636942387 0.031290628 0.999128401 -0.027629465 -1.291936278 -0.998506844 0.032485642 0.043917570 87.781135559
0.040044609 0.026153926 0.998855710 8.237897873 0.033782922 0.999050379 -0.027513403 -1.308899522 -0.998626590 0.034846019 0.039122939 87.803024292
0.037289079 0.026190197 0.998961329 8.861274719 0.035196193 0.999001861 -0.027505061 -1.327611804 -0.998684525 0.036185268 0.036329973 87.819755554
0.034342162 0.025611972 0.999081850 9.500470161 0.036354359 0.998977900 -0.026858943 -1.349575162 -0.998748660 0.037243377 0.033376012 87.835144043
0.031917945 0.024980636 0.999178231 10.156429291 0.038531683 0.998913705 -0.026204892 -1.370859742 -0.998747468 0.039336421 0.030920770 87.853744507
0.031307399 0.024699183 0.999204636 10.832990646 0.042667158 0.998750389 -0.026024813 -1.389446020 -0.998598695 0.043447997 0.030214431 87.867843628
0.032516450 0.024353936 0.999174476 11.522811890 0.046455707 0.998585880 -0.025851408 -1.408830881 -0.998390913 0.047257945 0.031339087 87.884872437
0.034723151 0.024117960 0.999105930 12.229726791 0.048129480 0.998508453 -0.025776235 -1.433303714 -0.998237312 0.048981480 0.033510577 87.912361145
0.038653608 0.024190238 0.998959780 12.955016136 0.050718218 0.998370886 -0.026138462 -1.454171181 -0.997964740 0.051675804 0.037363768 87.934265137
0.043149646 0.023646967 0.998788714 13.693376541 0.051075581 0.998360395 -0.025843391 -1.476875544 -0.997762203 0.052128848 0.041871130 87.964477539
0.047233753 0.021951359 0.998642623 14.453274727 0.052887272 0.998301148 -0.024445312 -1.499427080 -0.997482836 0.053970125 0.045992579 88.000129700
0.050919324 0.020622890 0.998489797 15.218914032 0.051954299 0.998378277 -0.023270069 -1.520767927 -0.997350574 0.053060725 0.049765319 88.047508240
0.054977421 0.018388135 0.998318315 16.010982513 0.049393043 0.998556256 -0.021112593 -1.543786287 -0.997265160 0.050470684 0.053989735 88.097679138
0.058531303 0.017463356 0.998132944 16.803998947 0.048504125 0.998616338 -0.020316139 -1.564210892 -0.997106493 0.049602680 0.057603218 88.159790039
0.062934637 0.018153204 0.997852623 17.612249374 0.046024147 0.998718083 -0.021071699 -1.589969635 -0.996955872 0.047251452 0.062018417 88.215232849
0.066060446 0.022187011 0.997568905 18.403350830 0.043855432 0.998722136 -0.025116829 -1.618131280 -0.996851325 0.045408048 0.065002970 88.263404846
0.067258283 0.027560135 0.997354925 19.203632355 0.038159460 0.998816013 -0.030173851 -1.643238544 -0.997005582 0.040087957 0.066126928 88.329986572
0.067056961 0.030614527 0.997279406 20.013908386 0.035118729 0.998837352 -0.033023730 -1.675436139 -0.997130871 0.037237648 0.065903813 88.394134521
0.067502439 0.030266184 0.997259915 20.835659027 0.032778181 0.998932898 -0.032535646 -1.709647894 -0.997180581 0.034884598 0.066438459 88.449272156
0.067488082 0.028243855 0.997320294 21.646287918 0.029894128 0.999093115 -0.030316988 -1.748060942 -0.997272134 0.031860054 0.066582695 88.511413574
0.067704923 0.026982760 0.997340500 22.467548370 0.031028021 0.999093771 -0.029136550 -1.782802105 -0.997222841 0.032918185 0.066806473 88.563903809
0.067512214 0.026011564 0.997379363 23.281805038 0.028243475 0.999209583 -0.027971096 -1.824082851 -0.997318625 0.030057846 0.066724330 88.635879517
0.067592971 0.026677405 0.997356236 24.097982407 0.026691174 0.999236286 -0.028536616 -1.854948997 -0.997355938 0.028549485 0.066829242 88.696380615
0.067418225 0.027265843 0.997352183 24.912555695 0.023568237 0.999304116 -0.028912352 -1.890932918 -0.997446418 0.025455050 0.066728622 88.761589050
0.066376880 0.028607491 0.997384369 25.725891113 0.020548936 0.999337792 -0.030031068 -1.926509142 -0.997583032 0.022488559 0.065744981 88.824897766
0.063326105 0.028358800 0.997589886 26.533460617 0.017697485 0.999407053 -0.029533880 -1.959139347 -0.997836113 0.019525100 0.062786609 88.881629944
0.059512526 0.027466213 0.997849584 27.349929810 0.015382530 0.999477446 -0.028428448 -1.986007452 -0.998108983 0.017041294 0.059058964 88.936477661
0.054990761 0.024982383 0.998174191 28.163370132 0.013562243 0.999576092 -0.025764629 -2.018928528 -0.998394668 0.014954298 0.054628659 88.982810974
0.048736613 0.022990538 0.998546958 28.969863892 0.011259017 0.999659002 -0.023565659 -2.051054955 -0.998748183 0.012391170 0.048461173 89.025794983
0.041124258 0.023058284 0.998888016 29.778791428 0.011309216 0.999658942 -0.023541691 -2.081780910 -0.999090016 0.012264774 0.040849417 89.060813904
0.032490902 0.023855742 0.999187291 30.580055237 0.011132772 0.999644578 -0.024228666 -2.112077713 -0.999409974 0.011910938 0.032213736 89.087455750
0.022488372 0.024428006 0.999448538 31.385494232 0.011960514 0.999623358 -0.024701400 -2.139565706 -0.999675572 0.012509413 0.022187687 89.107734680
0.012150674 0.023382725 0.999652624 32.174545288 0.012933186 0.999639273 -0.023539606 -2.171148777 -0.999842525 0.013214717 0.011843860 89.113693237
0.001184160 0.022324869 0.999749959 32.968524933 0.011832625 0.999680459 -0.022337332 -2.203026533 -0.999929249 0.011856119 0.000919600 89.118125916
-0.009719065 0.021750413 0.999716103 33.754322052 0.013179463 0.999679387 -0.021621479 -2.230545998 -0.999865890 0.012965583 -0.010002625 89.106369019
-0.020874828 0.021989500 0.999540210 34.532188416 0.013681763 0.999670804 -0.021706637 -2.257041693 -0.999688447 0.013222351 -0.021168856 89.091423035
-0.032038413 0.022678705 0.999229252 35.310256958 0.013785372 0.999657571 -0.022246419 -2.283786058 -0.999391615 0.013062010 -0.032340124 89.066184998
-0.042385548 0.023614971 0.998822153 36.086250305 0.013241412 0.999646068 -0.023072544 -2.314528942 -0.999013543 0.012247873 -0.042683210 89.025253296
-0.052875586 0.024643067 0.998296976 36.850078583 0.013751610 0.999618649 -0.023947328 -2.340594769 -0.998506427 0.012461960 -0.053194277 88.985511780
-0.062285330 0.025172340 0.997740924 37.602287292 0.014796983 0.999595284 -0.024295405 -2.374408722 -0.997948587 0.013250306 -0.062632568 88.932601929
-0.071801305 0.025753118 0.997086346 38.372547150 0.015287098 0.999577641 -0.024716616 -2.399830341 -0.997301757 0.013467870 -0.072164647 88.869483948
-0.081199087 0.026154293 0.996354640 39.112911224 0.015981950 0.999561310 -0.024935994 -2.429568529 -0.996569693 0.013898908 -0.081581451 88.810043335
-0.089790955 0.025472749 0.995634854 39.844635010 0.017239347 0.999562800 -0.024018519 -2.457674980 -0.995811343 0.015007447 -0.090190828 88.738349915
-0.097271599 0.024427028 0.994958103 40.570400238 0.018791981 0.999565661 -0.022702953 -2.485245466 -0.995080411 0.016488882 -0.097688369 88.666336060
-0.102191955 0.023016043 0.994498372 41.321952820 0.022475645 0.999530613 -0.020822968 -2.514184237 -0.994510710 0.020224050 -0.102661274 88.579261780
-0.105367638 0.021397803 0.994203150 42.029170990 0.025831647 0.999490023 -0.018773904 -2.538786173 -0.994097769 0.023703735 -0.105866641 88.488952637
-0.108521827 0.020472253 0.993883252 42.739936829 0.027171077 0.999475658 -0.017620638 -2.560606241 -0.993722677 0.025092661 -0.109021150 88.415840149
-0.110275127 0.019392289 0.993711829 43.424819946 0.026941080 0.999500573 -0.016515523 -2.586049318 -0.993535936 0.024950417 -0.110742494 88.342300415
-0.111114509 0.019845899 0.993609548 44.093414307 0.028027739 0.999465466 -0.016828546 -2.608855724 -0.993412256 0.025978729 -0.111611404 88.265266418
-0.110067703 0.020787083 0.993706703 44.747714996 0.028692324 0.999431074 -0.017728729 -2.630930424 -0.993509889 0.026560392 -0.110601567 88.193077087
-0.106956840 0.022633929 0.994005978 45.364742279 0.029735655 0.999366403 -0.019556377 -2.652362108 -0.993818879 0.027465729 -0.107562162 88.128463745
-0.102018483 0.023111090 0.994514048 45.994415283 0.029843768 0.999351144 -0.020162094 -2.674410820 -0.994334936 0.027623136 -0.102642067 88.067115784
-0.094030023 0.023902392 0.995282412 46.586452484 0.029710181 0.999333858 -0.021192802 -2.694501162 -0.995126069 0.027577257 -0.094677590 88.017356873
-0.083025321 0.023735521 0.996264815 47.169464111 0.028093494 0.999374807 -0.021468399 -2.720721245 -0.996151388 0.026206134 -0.083640270 87.980911255
-0.069399938 0.023885813 0.997303009 47.721691132 0.027510405 0.999378920 -0.022021150 -2.746163607 -0.997209609 0.025907934 -0.070014000 87.952018738
-0.052263469 0.025057547 0.998318851 48.265544891 0.025599267 0.999390304 -0.023744280 -2.777272463 -0.998305202 0.024315270 -0.052873131 87.935440063
-0.030718926 0.027669607 0.999144971 48.798980713 0.023840787 0.999352694 -0.026942369 -2.799067974 -0.999243736 0.022992760 -0.031358782 87.935035706
-0.006262161 0.030595142 0.999512136 49.316318512 0.021722719 0.999300182 -0.030452553 -2.826180935 -0.999744415 0.021521423 -0.006922461 87.949722290
0.021907438 0.032193836 0.999241471 49.835266113 0.019687220 0.999273717 -0.032626495 -2.850142479 -0.999566197 0.020387050 0.021257650 87.982345581
0.055193674 0.031868499 0.997966886 50.333732605 0.016893251 0.999317706 -0.032845933 -2.871800184 -0.998332798 0.018671792 0.054617584 88.025794983
0.093494944 0.029347884 0.995187104 50.844303131 0.016443035 0.999383569 -0.031016417 -2.897240162 -0.995483994 0.019263772 0.092954822 88.090057373
0.135861233 0.025353741 0.990403414 51.332908630 0.013836576 0.999526381 -0.027485354 -2.923009872 -0.990631342 0.017437981 0.135446176 88.179054260
0.181026250 0.021511771 0.983243048 51.832038879 0.011277909 0.999649584 -0.023947116 -2.939514875 -0.983413637 0.015423978 0.180720299 88.296356201
0.229444712 0.018253282 0.973150492 52.311584473 0.006632263 0.999771535 -0.020316336 -2.959795475 -0.973299146 0.011115661 0.229271293 88.439422607
0.281215876 0.016430089 0.959503829 52.781715393 0.002607249 0.999836564 -0.017884873 -2.980543852 -0.959641039 0.007531171 0.281127185 88.608963013
0.335894287 0.016533822 0.941754580 53.236648560 0.001985092 0.999831259 -0.018261459 -2.994534016 -0.941897631 0.008003389 0.335804760 88.797889709
0.394249976 0.017359780 0.918839216 53.678199768 0.003740571 0.999782979 -0.020494044 -3.006574631 -0.918995678 0.011516762 0.394099474 89.013153076
0.453796506 0.020759638 0.890863538 54.088581085 0.004483493 0.999662817 -0.025578812 -3.023458004 -0.891094029 0.015601756 0.453550398 89.263656616
0.510471880 0.022707453 0.859594643 54.458957672 0.006024748 0.999532342 -0.029981922 -3.057110548 -0.859873414 0.020483769 0.510096312 89.561279297
0.568934441 0.027048636 0.821937978 54.827232361 0.002030795 0.999409676 -0.034294635 -3.068819284 -0.822380424 0.021180591 0.568543732 89.859130859
0.625467241 0.029436927 0.779694974 55.172348022 -0.001866760 0.999341726 -0.036232058 -3.088093281 -0.780248284 0.021206463 0.625110388 90.176437378
0.676952958 0.030276667 0.735403299 55.484489441 -0.003979586 0.999289572 -0.037477624 -3.109636545 -0.736015499 0.022443991 0.676592588 90.536422729
0.725426435 0.029168909 0.687681258 55.738071442 -0.003923776 0.999260664 -0.038245812 -3.105840921 -0.688288450 0.025046213 0.725004494 90.864875793
0.770722806 0.026912035 0.636602044 55.998733521 -0.006969935 0.999403894 -0.033810925 -3.116213083 -0.637132645 0.021621767 0.770450830 91.246124268
0.812723100 0.021402769 0.582256854 56.251594543 -0.007693272 0.999632180 -0.026006382 -3.136227608 -0.582599342 0.016656522 0.812588751 91.650299072
0.849151909 0.019934060 0.527772427 56.470722198 -0.010974601 0.999737680 -0.020102842 -3.143930912 -0.528034747 0.011278271 0.849147916 92.074607849
0.879641950 0.014131130 0.475426406 56.655326843 -0.009666008 0.999883235 -0.011835381 -3.167949200 -0.475538254 0.005815423 0.879675865 92.508445740
0.905371189 0.014972569 0.424356908 56.819007874 -0.013494184 0.999887824 -0.006488984 -3.179070234 -0.424406648 0.000148586 0.905471742 92.948486328
0.925332904 0.016424518 0.378799558 56.950054169 -0.016814483 0.999855995 -0.002278659 -3.198398113 -0.378782600 -0.004260806 0.925475955 93.386779785
0.940354288 0.022926524 0.339423090 57.057170868 -0.024421720 0.999701798 0.000133716 -3.207434893 -0.339318842 -0.008415038 0.940633774 93.830238342
0.952172935 0.027122719 0.304353356 57.166469574 -0.028383559 0.999597013 -0.000281679 -3.215648890 -0.304238379 -0.008370426 0.952559173 94.279487610
0.961493254 0.028818777 0.273313105 57.280883789 -0.029873356 0.999553680 -0.000303242 -3.211682796 -0.273199916 -0.007873219 0.961925089 94.748802185
0.967552125 0.023172250 0.251606673 57.387775421 -0.023825046 0.999715984 -0.000451906 -3.214878082 -0.251545727 -0.005557298 0.967829406 95.202789307
0.971532106 0.020044252 0.236058399 57.494426727 -0.020689111 0.999785960 0.000254907 -3.223299503 -0.236002743 -0.005131490 0.971738815 95.685836792
0.974456608 0.024611341 0.223223552 57.591156006 -0.025212210 0.999682128 -0.000158229 -3.225744486 -0.223156512 -0.005473771 0.974767268 96.178558350
0.976479173 0.029746026 0.213550329 57.683959961 -0.030512663 0.999534369 0.000294090 -3.226841927 -0.213442117 -0.006803163 0.976931989 96.683380127
0.977556288 0.037135974 0.207375616 57.773887634 -0.037765201 0.999286234 -0.000925160 -3.227585793 -0.207262009 -0.006927188 0.978260934 97.194801331
0.977822185 0.043773245 0.204811469 57.861125946 -0.043891102 0.999028444 -0.003969619 -3.244903803 -0.204786241 -0.005107821 0.978793442 97.711715698
0.977882385 0.045577567 0.204129457 57.969928741 -0.045233939 0.998956203 -0.006351479 -3.255459070 -0.204205900 -0.003022581 0.978923321 98.239753723
0.977563083 0.042963926 0.206214726 58.096431732 -0.041776810 0.999075770 -0.010109630 -3.262206316 -0.206458479 0.001267808 0.978454471 98.749580383
0.976796269 0.041910656 0.210028931 58.218368530 -0.039257996 0.999088168 -0.016785128 -3.268389463 -0.210540846 0.008150339 0.977550983 99.297080994
0.975960672 0.041733209 0.213913754 58.345230103 -0.037996985 0.999045432 -0.021549854 -3.274116993 -0.214608863 0.012903733 0.976614714 99.852432251
0.974714220 0.046878025 0.218482822 58.463146210 -0.043370292 0.998842061 -0.020825917 -3.291403532 -0.219206065 0.010823653 0.975618422 100.435302734
0.973275304 0.049867410 0.224161476 58.591400146 -0.047253340 0.998738050 -0.017014366 -3.302856445 -0.224727005 0.005967285 0.974403441 101.028846741
0.972282290 0.046632092 0.229112908 58.734115601 -0.045011420 0.998910725 -0.012297439 -3.319324493 -0.229436830 0.001643884 0.973322153 101.634017944
0.971632183 0.042368382 0.232670769 58.888530731 -0.041941360 0.999096990 -0.006784467 -3.331548452 -0.232748166 -0.003166522 0.972531855 102.247467041
0.970759034 0.040010817 0.236698031 59.039291382 -0.040653747 0.999170959 -0.002165847 -3.340445280 -0.236588478 -0.007520146 0.971580863 102.876869202
0.970310152 0.034751069 0.239354029 59.201026917 -0.035476722 0.999369621 -0.001277378 -3.352914572 -0.239247575 -0.007252043 0.970931470 103.500114441
0.970283449 0.031309582 0.239936620 59.358222961 -0.031051643 0.999505877 -0.004856364 -3.359192610 -0.239970177 -0.002738377 0.970776439 104.149444580
0.970415413 0.031275101 0.239407316 59.528121948 -0.029333862 0.999501646 -0.011668324 -3.369738102 -0.239652932 0.004300381 0.970849037 104.793510437
0.970561624 0.033455174 0.238518029 59.685394287 -0.029961424 0.999384403 -0.018259276 -3.380905390 -0.238982081 0.010575410 0.970966399 105.452529907
0.971075237 0.036533680 0.235962167 59.840682983 -0.032210715 0.999235809 -0.022150662 -3.389316082 -0.236591130 0.013909445 0.971509755 106.133949280
0.971717596 0.034829017 0.233562872 60.005363464 -0.031526111 0.999343395 -0.017860975 -3.401359320 -0.234031647 0.009992493 0.972177684 106.826492310
0.972179890 0.030734250 0.232210144 60.173202515 -0.029203320 0.999523163 -0.010028468 -3.419653416 -0.232407555 0.002968167 0.972613990 107.511344910
0.972786129 0.031187315 0.229596376 60.340244293 -0.031044580 0.999508917 -0.004234662 -3.434260845 -0.229615673 -0.003008305 0.973276794 108.232437134
0.973057687 0.034357786 0.227987528 60.495231628 -0.034185268 0.999404371 -0.004706786 -3.452748299 -0.228013411 -0.003213842 0.973652720 108.954010010
0.973351777 0.040229701 0.225760534 60.654624939 -0.039080460 0.999190331 -0.009559205 -3.457996607 -0.225962400 0.000481644 0.974135876 109.677864075
0.974226713 0.041122973 0.221790791 60.817443848 -0.038781550 0.999136508 -0.014903453 -3.469932795 -0.222212225 0.005917951 0.974980414 110.413467407
0.975143194 0.039653599 0.217998549 60.981590271 -0.036656793 0.999169827 -0.017775591 -3.484767914 -0.218522489 0.009342618 0.975787222 111.171394348
0.976087749 0.037268918 0.214158759 61.148200989 -0.034597870 0.999269903 -0.016208343 -3.500449657 -0.214606524 0.008411325 0.976664424 111.942405701
0.976950407 0.033763155 0.210779950 61.312549591 -0.031477869 0.999403775 -0.014188817 -3.517650127 -0.211133346 0.007226864 0.977430582 112.717742920
0.977346480 0.032636423 0.209114313 61.478942871 -0.030968675 0.999457061 -0.011245480 -3.538577080 -0.209367782 0.004514741 0.977826536 113.501045227
0.977699399 0.029271401 0.207959309 61.648582458 -0.028011991 0.999567151 -0.008999004 -3.549819946 -0.208132654 0.002972970 0.978096068 114.301971436
0.977876961 0.024469707 0.207744703 61.818443298 -0.023364039 0.999696732 -0.007774606 -3.563478470 -0.207871914 0.002748854 0.978152156 115.100654602
0.978048444 0.025047623 0.206866741 61.992427826 -0.024303021 0.999685764 -0.006140271 -3.578120470 -0.206955478 0.000977996 0.978349864 115.913917542
0.977797806 0.030396340 0.207334340 62.153060913 -0.029326325 0.999535978 -0.008233169 -3.588645935 -0.207488328 0.001970021 0.978235483 116.732246399
0.977476358 0.036493327 0.207866609 62.313468933 -0.034838270 0.999325454 -0.011618614 -3.600660324 -0.208150357 0.004115204 0.978088200 117.543594360
0.976972163 0.044680219 0.208636567 62.475944519 -0.042890981 0.998993933 -0.013094401 -3.616227150 -0.209011659 0.003844237 0.977905571 118.364807129
0.976048827 0.050500020 0.211609364 62.641311646 -0.048962031 0.998722374 -0.012504981 -3.638067245 -0.211970478 0.001844646 0.977274299 119.186012268
0.975212634 0.053314917 0.214750826 62.809478760 -0.052200474 0.998577654 -0.010861545 -3.652738810 -0.215024382 -0.000617779 0.976608455 120.020256042
0.974608958 0.054250874 0.217242390 62.989013672 -0.053051785 0.998527229 -0.011352439 -3.675786018 -0.217538312 -0.000460908 0.976051629 120.849792480
0.974317074 0.052161809 0.219055802 63.171699524 -0.050199684 0.998633683 -0.014517474 -3.689414978 -0.219513759 0.003148089 0.975604296 121.683601379
0.974378347 0.046062626 0.220147625 63.374958038 -0.044318002 0.998934805 -0.012859778 -3.712291241 -0.220505461 0.002773785 0.975381732 122.518333435
0.974520087 0.039544858 0.220786572 63.561855316 -0.037271559 0.999200702 -0.014454504 -3.733132839 -0.221181691 0.005857144 0.975215077 123.352729797
0.974317133 0.039206017 0.221740544 63.752670288 -0.036951035 0.999214709 -0.014310368 -3.760356903 -0.222127393 0.005749294 0.975000679 124.176940918
0.973820269 0.041431602 0.223512217 63.941940308 -0.039880380 0.999138892 -0.011451754 -3.778561354 -0.223794177 0.002238196 0.974633873 125.013641357
0.973413169 0.043354712 0.224915996 64.123916626 -0.043142773 0.999051750 -0.005859345 -3.794003010 -0.224956721 -0.003999936 0.974360466 125.842002869
0.973016024 0.046967663 0.225906953 64.302604675 -0.047819145 0.998854637 -0.001704561 -3.813457012 -0.225728244 -0.009144113 0.974147320 126.669258118
0.972794473 0.046205174 0.227015510 64.487831116 -0.045588266 0.998928547 -0.007962748 -3.835447550 -0.227140144 -0.002603123 0.973858595 127.490432739
0.973074555 0.041933116 0.226643935 64.681739807 -0.037828464 0.999032557 -0.022425644 -3.855229378 -0.227365032 0.013248233 0.973719418 128.299652100
