0.565697610 0.030042427 -0.824065328 193.972198486 -0.005698924 0.999454677 0.032524336 -8.726185799 0.824593067 -0.013702653 0.565560341 202.860595703
0.556008875 0.023471247 -0.830844939 193.444320679 -0.002103119 0.999637723 0.026832197 -8.706364632 0.831173718 -0.013171572 0.555856824 203.205902100
0.545255065 0.020375634 -0.838022530 192.894805908 -0.000449147 0.999711394 0.024014695 -8.688690186 0.838270068 -0.012717739 0.545106888 203.556762695
0.534707904 0.015392732 -0.844896913 192.329742432 0.004270163 0.999772131 0.020916773 -8.674665451 0.845026195 -0.014792211 0.534520447 203.911254883
0.524014652 0.010179104 -0.851648331 191.748977661 0.010007093 0.999785960 0.018106990 -8.662855148 0.851650417 -0.018010851 0.523800611 204.271667480
0.514478981 0.006686629 -0.857476830 191.153488159 0.018371508 0.999654233 0.018818082 -8.651323318 0.857306063 -0.025434654 0.514178276 204.632354736
0.505017996 0.004862978 -0.863095045 190.538497925 0.023270750 0.999543965 0.019248061 -8.643666267 0.862795055 -0.029805487 0.504674494 205.000030518
0.496673197 0.005045307 -0.867922902 189.910781860 0.025034145 0.999483943 0.020135991 -8.630347252 0.867576540 -0.031728715 0.496290475 205.354125977
0.489342958 0.008192459 -0.872052848 189.260025024 0.025967715 0.999375641 0.023960087 -8.619459152 0.871704757 -0.034369919 0.488824725 205.712203979
0.483527660 0.011493479 -0.875253558 188.605377197 0.032141600 0.999006391 0.030874955 -8.602734566 0.874738753 -0.043060947 0.482677788 206.079437256
0.478950292 0.014558486 -0.877721250 187.937911987 0.037751250 0.998595953 0.037163295 -8.585715294 0.877030075 -0.050934438 0.477728158 206.455841064
0.476570606 0.016191319 -0.878987014 187.264831543 0.039101508 0.998450637 0.039591998 -8.570564270 0.878266275 -0.053238090 0.475199044 206.811141968
0.474565297 0.013553293 -0.880115926 186.581481934 0.039271355 0.998559833 0.036552679 -8.547532082 0.879343808 -0.051909972 0.473349512 207.186416626
0.473033875 0.008983699 -0.880998433 185.893173218 0.040506877 0.998668909 0.031932935 -8.523247719 0.880112529 -0.050791848 0.472040266 207.558471680
0.472073615 0.009451777 -0.881508470 185.186096191 0.038949478 0.998742461 0.031567376 -8.497527122 0.880698323 -0.049236413 0.471111864 207.928939819
0.471587867 0.012812212 -0.881725967 184.469573975 0.036372337 0.998760879 0.033966437 -8.476373672 0.881068647 -0.048088588 0.470537573 208.306930542
0.470677137 0.016135264 -0.882157981 183.746063232 0.032487456 0.998837769 0.035603166 -8.457626343 0.881707251 -0.045416661 0.469605982 208.686935425
0.470019251 0.015864607 -0.882513583 183.020507812 0.027612876 0.999084830 0.032666549 -8.435636520 0.882224143 -0.039722644 0.469151020 209.060913086
0.469687343 0.013251820 -0.882733345 182.291213989 0.025537731 0.999265015 0.028589411 -8.422227859 0.882463396 -0.035971090 0.469003677 209.443328857
0.469159454 0.008731088 -0.883070350 181.543823242 0.023548802 0.999471843 0.022393027 -8.396403313 0.882799506 -0.031301152 0.468706012 209.834289551
0.469196707 0.007887975 -0.883058488 180.792770386 0.022903142 0.999514997 0.021097386 -8.382990837 0.882796705 -0.030123640 0.468788415 210.227218628
0.469509840 0.009399270 -0.882877290 180.024230957 0.023753589 0.999446869 0.023272334 -8.371784210 0.882607758 -0.031898096 0.469026834 210.626922607
0.469567299 0.013680639 -0.882790685 179.272262573 0.025249865 0.999262810 0.028916331 -8.358708382 0.882535577 -0.035868507 0.468875766 211.038864136
0.469781548 0.018186592 -0.882595360 178.504165649 0.026874183 0.999029696 0.034890220 -8.340880394 0.882373631 -0.040109813 0.468837053 211.450408936
0.470354319 0.021799590 -0.882208347 177.725006104 0.026665874 0.998887181 0.038899817 -8.318442345 0.882074773 -0.041821558 0.469249636 211.859115601
0.470605373 0.023020130 -0.882043481 176.936767578 0.023140185 0.998993754 0.038418584 -8.303719521 0.882040381 -0.038490642 0.469599128 212.273437500
0.471466303 0.022960294 -0.881585121 176.155853271 0.018216204 0.999194145 0.035765253 -8.279674530 0.881696045 -0.032921247 0.470668077 212.682479858
0.471926481 0.019165868 -0.881429613 175.382827759 0.018694989 0.999321342 0.031738803 -8.256823540 0.881439805 -0.031456698 0.471247882 213.095794678
0.472057283 0.019393755 -0.881354511 174.614898682 0.018489541 0.999320269 0.031892605 -8.240328789 0.881374002 -0.031350974 0.471377790 213.502929688
0.471887201 0.019770978 -0.881437242 173.843215942 0.018986605 0.999288857 0.032579120 -8.224657059 0.881454468 -0.032109167 0.471176207 213.911972046
0.471392989 0.020915704 -0.881675243 173.069061279 0.020461397 0.999190211 0.034643278 -8.205060005 0.881686032 -0.034370899 0.470583230 214.329803467
0.470957100 0.020243753 -0.881923854 172.290786743 0.021079563 0.999192894 0.034192279 -8.184083939 0.881904244 -0.034693658 0.470150322 214.746597290
0.470873088 0.022969574 -0.881901979 171.516021729 0.018304944 0.999191344 0.035797976 -8.167937279 0.882011116 -0.032999467 0.470071852 215.147750854
0.470982015 0.024274439 -0.881808817 170.746856689 0.019391425 0.999094844 0.037860230 -8.148329735 0.881929636 -0.034931011 0.470084995 215.560729980
0.470895648 0.022697391 -0.881896913 169.983764648 0.024009997 0.998968840 0.038530804 -8.130173683 0.881862104 -0.039318323 0.469865173 215.976501465
0.470335156 0.018363992 -0.882296741 169.222137451 0.024861284 0.999110818 0.034048408 -8.116269112 0.882137537 -0.037949193 0.469460428 216.383270264
0.469545990 0.010102576 -0.882850289 168.467208862 0.025254676 0.999371648 0.024867710 -8.099816322 0.882546782 -0.033972628 0.468995839 216.783035278
0.468011707 0.005375835 -0.883705914 167.705642700 0.027652634 0.999402642 0.020724520 -8.081268311 0.883289456 -0.034136113 0.467583537 217.186187744
0.466920853 0.006879230 -0.884272337 166.958190918 0.032032561 0.999181926 0.024687266 -8.072981834 0.883718729 -0.039852504 0.466318458 217.588409424
0.466418654 0.013950365 -0.884454072 166.204193115 0.029825885 0.999059141 0.031486753 -8.071814537 0.884061098 -0.041065641 0.465563685 217.981185913
0.466006041 0.015676728 -0.884642661 165.465545654 0.025975453 0.999169827 0.031389426 -8.059049606 0.884400129 -0.037606657 0.465211868 218.357421875
0.465330720 0.012372896 -0.885050416 164.739746094 0.027111705 0.999233961 0.028223623 -8.046387672 0.884721577 -0.037128545 0.464638829 218.736251831
0.464046866 0.009330359 -0.885761619 164.034255981 0.031964459 0.999117017 0.027270462 -8.034057617 0.885233819 -0.040967658 0.463338882 219.116409302
0.463199794 0.011424990 -0.886180222 163.339981079 0.031809296 0.999058306 0.029506747 -8.028033257 0.885682881 -0.041856293 0.462400228 219.474121094
0.461901009 0.013996942 -0.886821032 162.662902832 0.032125607 0.998955309 0.032499421 -8.019269943 0.886349559 -0.043501172 0.460968822 219.824234009
0.459095031 0.012238150 -0.888302803 162.005264282 0.034675166 0.998896301 0.031682704 -8.011609077 0.887710273 -0.045347430 0.458163947 220.168243408
0.455718309 0.011968116 -0.890043557 161.367080688 0.035520665 0.998868644 0.031618666 -8.002155304 0.889415145 -0.046024147 0.454777598 220.493087769
0.451456428 0.014699723 -0.892171979 160.748992920 0.032258537 0.998941779 0.032782342 -7.990914345 0.891709805 -0.043579970 0.450504482 220.797515869
0.445863754 0.015188311 -0.894971907 160.147323608 0.031102713 0.998989284 0.032448541 -7.976152420 0.894560158 -0.042303685 0.444940776 221.083648682
0.438019693 0.019409120 -0.898755789 159.561233521 0.028115585 0.998981953 0.035276040 -7.971344948 0.898525596 -0.040720649 0.437028110 221.368530273
0.430255383 0.021271044 -0.902456641 158.985076904 0.026986931 0.998972356 0.036412239 -7.963575840 0.902303755 -0.040021088 0.429239273 221.629943848
0.420796335 0.019811898 -0.906938732 158.435821533 0.024310630 0.999156117 0.033105876 -7.955534458 0.906829417 -0.035979085 0.419959605 221.872009277
0.409255087 0.013349445 -0.912322342 157.895614624 0.026722996 0.999288678 0.026609536 -7.952125549 0.912028551 -0.035270073 0.408607274 222.107376099
0.393752217 0.005189145 -0.919201970 157.360321045 0.032082319 0.999297261 0.019384190 -7.945580482 0.918656588 -0.037122697 0.393309087 222.337905884
0.373824835 0.001377239 -0.927498281 156.822494507 0.035119798 0.999260724 0.015638705 -7.941445827 0.926834166 -0.038419683 0.373500168 222.544296265
0.348238587 0.002920420 -0.937401354 156.273101807 0.033941716 0.999300182 0.015722396 -7.932687759 0.936791182 -0.037292149 0.347895831 222.732055664
0.319072187 0.009206990 -0.947685659 155.711791992 0.030588210 0.999331832 0.020007357 -7.925290108 0.947236657 -0.035371795 0.318577409 222.897186279
0.287508458 0.015262525 -0.957656503 155.147613525 0.027468417 0.999330461 0.024173286 -7.922286987 0.957384109 -0.033255331 0.286896646 223.060668945
0.253979862 0.020136556 -0.966999888 154.592041016 0.024401179 0.999331772 0.027218727 -7.914512634 0.966901541 -0.030508947 0.253318757 223.180969238
0.218964830 0.025178300 -0.975407839 154.048248291 0.020442916 0.999329269 0.030384922 -7.915846825 0.975518584 -0.026593413 0.218303233 223.271133423
0.183408514 0.027967054 -0.982638836 153.497497559 0.018314658 0.999324441 0.031860355 -7.905421734 0.982866108 -0.023840157 0.182772502 223.357437134
0.148398444 0.030115560 -0.988469124 152.949432373 0.016120715 0.999329627 0.032866653 -7.899895668 0.988796234 -0.020812187 0.147813559 223.408889771
0.113488272 0.031798832 -0.993030369 152.400177002 0.014346685 0.999330878 0.033640202 -7.889855385 0.993435681 -0.018064464 0.112956181 223.442077637
0.078427970 0.033353072 -0.996361732 151.846557617 0.012003021 0.999336183 0.034397449 -7.881874561 0.996847510 -0.014657074 0.077975601 223.465621948
0.043727271 0.032265563 -0.998522460 151.277191162 0.007180636 0.999442399 0.032609746 -7.870983601 0.999017656 -0.008595963 0.043471228 223.460937500
0.011941321 0.032077052 -0.999414146 150.705078125 -0.000613860 0.999485433 0.032072011 -7.851356506 0.999928534 0.000230519 0.011954807 223.429016113
-0.015206397 0.033951998 -0.999307811 150.133590698 -0.005049744 0.999408007 0.034032244 -7.831512451 0.999871612 0.005563756 -0.015025884 223.397125244
-0.037828799 0.038286962 -0.998550534 149.536956787 -0.004985652 0.999246120 0.038502507 -7.807714462 0.999271810 0.006434930 -0.037609383 223.360397339
-0.055662695 0.045483254 -0.997413099 148.930740356 -0.006401493 0.998925149 0.045909453 -7.789031506 0.998429120 0.008940376 -0.055311628 223.310882568
-0.069543503 0.052229904 -0.996210635 148.305740356 -0.009036941 0.998554468 0.052983634 -7.767045975 0.997538030 0.012687363 -0.068970948 223.258834839
-0.080688268 0.052958764 -0.995331526 147.667953491 -0.014296758 0.998423219 0.054282263 -7.740515232 0.996636868 0.018609952 -0.079803824 223.186080933
-0.089856319 0.053699337 -0.994506121 147.031478882 -0.018451236 0.998284221 0.055570472 -7.708383560 0.995783806 0.023343228 -0.088711247 223.111160278
-0.094724335 0.054180648 -0.994028091 146.371688843 -0.017485201 0.998273253 0.056078259 -7.676235676 0.995350003 0.022692753 -0.093613319 223.041610718
-0.097312585 0.053794641 -0.993799031 145.701339722 -0.013459080 0.998375773 0.055360287 -7.638080597 0.995162904 0.018762872 -0.096430391 222.976119995
-0.099180013 0.054061033 -0.993599892 144.996719360 -0.008770397 0.998436809 0.055199657 -7.609831810 0.995030880 0.014188966 -0.098550826 222.906967163
-0.100215659 0.051612761 -0.993626118 144.292709351 -0.006825600 0.998594463 0.052559257 -7.576028824 0.994942427 0.012049354 -0.099722557 222.833068848
-0.100413255 0.047266576 -0.993822396 143.575683594 -0.002951059 0.998852432 0.047803961 -7.546825409 0.994941473 0.007732979 -0.100158572 222.759338379
-0.100886881 0.042780276 -0.993977666 142.835952759 0.002108912 0.999082088 0.042785913 -7.512499332 0.994895697 0.002220323 -0.100884497 222.695083618
-0.100425243 0.040790819 -0.994108021 142.083541870 0.004649758 0.999167681 0.040528700 -7.477779388 0.994933784 -0.000552260 -0.100531310 222.619049072
-0.099803083 0.042990077 -0.994078040 141.317810059 0.004709944 0.999075413 0.042733327 -7.447060108 0.994996130 -0.000417136 -0.099913292 222.542724609
-0.098226517 0.048566911 -0.993978322 140.522903442 0.005194514 0.998819828 0.048290152 -7.410785675 0.995150566 -0.000419858 -0.098362774 222.460708618
-0.096515410 0.051377259 -0.994004667 139.713836670 0.006098190 0.998678625 0.051026739 -7.376130581 0.995312870 -0.001136764 -0.096701153 222.383621216
-0.093724161 0.047026895 -0.994486988 138.904006958 0.003478725 0.998893201 0.046907410 -7.344439030 0.995592237 0.000936812 -0.093783982 222.300567627
-0.089748822 0.038391940 -0.995224237 138.078811646 0.001819478 0.999261439 0.038383603 -7.309188843 0.995962679 0.001634094 -0.089752346 222.214279175
-0.085527204 0.032584142 -0.995802939 137.236740112 0.005793490 0.999464571 0.032206360 -7.272505760 0.996318936 -0.003014656 -0.085670128 222.142456055
-0.081094369 0.033684101 -0.996137142 136.374267578 0.011257789 0.999396086 0.032877810 -7.245738029 0.996642947 -0.008548097 -0.081424594 222.075973511
-0.076349765 0.036583439 -0.996409655 135.493530273 0.016592890 0.999234974 0.035415731 -7.225872993 0.996943057 -0.013829337 -0.076898456 222.016983032
-0.072163835 0.039662529 -0.996603847 134.590972900 0.017597854 0.999104083 0.038487770 -7.196603775 0.997237504 -0.014760666 -0.072797187 221.952468872
-0.067899615 0.041409526 -0.996832371 133.679428101 0.018929610 0.999011874 0.040210661 -7.155610085 0.997512639 -0.016139364 -0.068616420 221.893341064
-0.063947320 0.045881376 -0.996897995 132.758117676 0.021871381 0.998767078 0.044564426 -7.130258560 0.997713566 -0.018953759 -0.064871997 221.840194702
-0.060808860 0.047330886 -0.997026622 131.824111938 0.020078484 0.998730898 0.046187211 -7.094644070 0.997947574 -0.017210189 -0.061682079 221.778961182
-0.057809979 0.043287367 -0.997388721 130.857406616 0.026778808 0.998767197 0.041795067 -7.051039696 0.997968435 -0.024292706 -0.058897853 221.724838257
-0.056477051 0.038910907 -0.997645319 129.897674561 0.035954814 0.998671293 0.036915507 -7.015532017 0.997756243 -0.033785276 -0.057800990 221.682495117
-0.056137167 0.030544307 -0.997955799 128.932296753 0.035220146 0.998970389 0.028594160 -6.987923622 0.997801721 -0.033542950 -0.057154998 221.629119873
-0.056204792 0.025160365 -0.998102188 127.933151245 0.038670581 0.998987138 0.023005070 -6.962735176 0.997670054 -0.037304197 -0.057120800 221.574218750
-0.056437902 0.023531543 -0.998128772 126.937805176 0.041619554 0.998908699 0.021196604 -6.938509941 0.997538328 -0.040345378 -0.057355724 221.521682739
-0.055530697 0.031317379 -0.997965693 125.906356812 0.035072170 0.998952329 0.029396791 -6.923259258 0.997840822 -0.033368398 -0.056570917 221.451110840
-0.055176709 0.043198727 -0.997541726 124.873817444 0.031496983 0.998641789 0.041504178 -6.895401955 0.997979701 -0.029129492 -0.056462448 221.375671387
-0.057212859 0.052693129 -0.996970534 123.849647522 0.029217986 0.998266876 0.051084921 -6.863333702 0.997934341 -0.026206754 -0.058653176 221.311096191
-0.059635393 0.052649431 -0.996830761 122.829872131 0.030324904 0.998242855 0.050909821 -6.827535152 0.997759461 -0.027192773 -0.061127111 221.244628906
-0.062170710 0.042521108 -0.997159362 121.823677063 0.034048345 0.998600960 0.040459733 -6.789606571 0.997484565 -0.031436216 -0.063531518 221.178176880
-0.064948201 0.033700194 -0.997319460 120.802314758 0.035490841 0.998875201 0.031441510 -6.766913891 0.997257292 -0.033353630 -0.066071123 221.117385864
-0.067902386 0.030825408 -0.997215629 119.782752991 0.036803346 0.998919666 0.028372066 -6.748914719 0.997012854 -0.034774348 -0.068963550 221.047409058
-0.070337445 0.032567631 -0.996991456 118.761726379 0.037075162 0.998861849 0.030013081 -6.725304127 0.996834040 -0.034852583 -0.071464717 220.969055176
-0.072402328 0.036450546 -0.996709168 117.743408203 0.034923736 0.998811841 0.033990528 -6.706410885 0.996763885 -0.032347817 -0.073589191 220.880187988
-0.074693829 0.043807089 -0.996243954 116.706115723 0.036080476 0.998499155 0.041201115 -6.678349018 0.996553540 -0.032867480 -0.076162346 220.810928345
-0.076315753 0.052209765 -0.995715857 115.677925110 0.035555888 0.998135388 0.049611490 -6.649939537 0.996449530 -0.031617422 -0.078029804 220.733062744
-0.076955765 0.052280247 -0.995662928 114.671325684 0.032949172 0.998212337 0.049867429 -6.613959789 0.996489882 -0.028968683 -0.078540772 220.642211914
-0.077806950 0.045596354 -0.995925307 113.661186218 0.030665988 0.998590410 0.043322589 -6.582686424 0.996496618 -0.027170230 -0.079095542 220.553329468
-0.078582048 0.038450230 -0.996165931 112.674827576 0.032608017 0.998820364 0.035980426 -6.553211212 0.996374190 -0.029655576 -0.079743087 220.473846436
-0.079154104 0.037256017 -0.996166110 111.673866272 0.032078840 0.998878956 0.034808546 -6.525224686 0.996346056 -0.029200606 -0.080260463 220.388519287
-0.078402698 0.041644059 -0.996051550 110.666740417 0.034974284 0.998627007 0.038998790 -6.500917912 0.996308088 -0.031778578 -0.079751521 220.306945801
-0.078487694 0.048580065 -0.995730698 109.667236328 0.034477085 0.998346806 0.045990076 -6.469370842 0.996318638 -0.030720236 -0.080032811 220.225830078
-0.078202099 0.050740555 -0.995645404 108.671447754 0.036358759 0.998184681 0.048014197 -6.443819046 0.996274292 -0.032445617 -0.079905033 220.147766113
-0.076610237 0.047745306 -0.995917320 107.692756653 0.035415269 0.998352826 0.045137770 -6.411291599 0.996431828 -0.031812664 -0.078175038 220.062713623
-0.075436145 0.042301476 -0.996252954 106.718566895 0.035941489 0.998565853 0.039678201 -6.385460377 0.996502638 -0.032813638 -0.076848388 219.988967896
-0.074432574 0.038551450 -0.996480525 105.748641968 0.037963819 0.998637617 0.035799176 -6.362173557 0.996503115 -0.035165593 -0.075794689 219.917144775
-0.073588364 0.030711487 -0.996815681 104.786567688 0.041166037 0.998767316 0.027732603 -6.343741417 0.996438682 -0.038994160 -0.074761838 219.844970703
-0.072657555 0.029480873 -0.996921122 103.813308716 0.042601921 0.998742521 0.026429825 -6.324167252 0.996446729 -0.040550426 -0.073822051 219.775436401
-0.071324766 0.035234228 -0.996830583 102.838760376 0.045728058 0.998440683 0.032019224 -6.304197311 0.996404409 -0.043299366 -0.072824746 219.707473755
-0.070078477 0.042864807 -0.996620119 101.868408203 0.050121058 0.997965813 0.039398368 -6.287394524 0.996281564 -0.047190677 -0.072084352 219.644927979
-0.068664283 0.042959820 -0.996714473 100.899887085 0.048942842 0.998014510 0.039644152 -6.264215946 0.996438622 -0.046059895 -0.070630461 219.574859619
-0.068036914 0.041781489 -0.996807575 99.935798645 0.048881661 0.998062551 0.038497668 -6.235601902 0.996484637 -0.046106350 -0.069947541 219.506896973
-0.067919180 0.040440034 -0.996870935 98.983940125 0.054380409 0.997842968 0.036774404 -6.212869167 0.996207774 -0.051712558 -0.069971770 219.443878174
-0.068699718 0.038905852 -0.996878505 98.028366089 0.056848358 0.997768462 0.035022881 -6.190150261 0.996016383 -0.054264851 -0.070758134 219.390640259
-0.069589533 0.037420765 -0.996873677 97.083435059 0.057288598 0.997796893 0.033456229 -6.168921471 0.995929360 -0.054781292 -0.071580030 219.322891235
-0.070743740 0.041230988 -0.996642053 96.134452820 0.061284740 0.997437358 0.036913775 -6.144071579 0.995610058 -0.058467522 -0.073089287 219.255203247
-0.071968257 0.047197104 -0.996289611 95.192695618 0.063949943 0.997042894 0.042613283 -6.116891861 0.995354772 -0.060645863 -0.074773610 219.184844971
-0.074205011 0.047960840 -0.996089041 94.262390137 0.062643558 0.997094333 0.043342527 -6.089515686 0.995273650 -0.059182342 -0.076993749 219.109802246
-0.076678723 0.047003873 -0.995947361 93.335266113 0.063045695 0.997117877 0.042205185 -6.067119122 0.995060563 -0.059553951 -0.079421073 219.034454346
-0.080192961 0.048189778 -0.995613873 92.413841248 0.062388185 0.997115016 0.043237299 -6.036237240 0.994824946 -0.058647212 -0.082968093 218.960830688
-0.083241761 0.052260768 -0.995158076 91.489707947 0.059862964 0.997082710 0.047354504 -6.012563229 0.994729757 -0.055631239 -0.086127371 218.878189087
-0.086488336 0.053098917 -0.994836748 90.583671570 0.056865577 0.997213721 0.048282046 -5.984210014 0.994628668 -0.052396137 -0.089266829 218.793777466
-0.089047849 0.050862342 -0.994727790 89.704597473 0.054845214 0.997430503 0.046090804 -5.957520485 0.994516194 -0.050451785 -0.091608554 218.695968628
-0.092137039 0.048570022 -0.994561076 88.826301575 0.055837721 0.997490048 0.043540202 -5.921576977 0.994179487 -0.051522356 -0.094617873 218.621887207
-0.094044149 0.047443312 -0.994436860 87.963630676 0.055409934 0.997565031 0.042352412 -5.898838520 0.994024754 -0.051118683 -0.096444018 218.532180786
-0.095297307 0.046977784 -0.994339645 87.115806580 0.053088069 0.997704148 0.042048786 -5.875368118 0.994032145 -0.048780438 -0.097572677 218.450057983
-0.096019447 0.045816902 -0.994324446 86.302627563 0.051665824 0.997822881 0.040988870 -5.855717182 0.994037688 -0.047436859 -0.098177493 218.368072510
-0.096423738 0.046863355 -0.994236469 85.491882324 0.051387232 0.997793257 0.042047326 -5.833506584 0.994013011 -0.047036707 -0.098619044 218.288513184
-0.096074164 0.049079340 -0.994163513 84.706260681 0.048456062 0.997830093 0.044577651 -5.812270641 0.994194031 -0.043890484 -0.098243803 218.209243774
-0.094096296 0.050018981 -0.994305849 83.943031311 0.045462668 0.997911096 0.045897987 -5.792644978 0.994524598 -0.040884964 -0.096173719 218.126510620
-0.091879308 0.051174242 -0.994454443 83.204811096 0.044821925 0.997878850 0.047209308 -5.778090477 0.994760871 -0.040235799 -0.093978062 218.062713623
-0.087304063 0.052415852 -0.994801819 82.484733582 0.045502566 0.997782350 0.048579574 -5.751185417 0.995142043 -0.041024838 -0.089495420 218.002334595
-0.080545604 0.053799704 -0.995297849 81.792266846 0.044124093 0.997755826 0.050361767 -5.733344555 0.995773733 -0.039860208 -0.082738638 217.938964844
-0.072915882 0.054130249 -0.995868027 81.114128113 0.042816758 0.997775316 0.051098943 -5.712499619 0.996418536 -0.038913924 -0.075071231 217.895965576
-0.062735133 0.053595994 -0.996590018 80.450912476 0.040856075 0.997857809 0.051092289 -5.694199562 0.997193515 -0.037511472 -0.064790599 217.868118286
-0.048657149 0.050854344 -0.997520149 79.809005737 0.040384080 0.997986495 0.048908263 -5.668972969 0.997998834 -0.037904195 -0.050612941 217.837631226
-0.031596422 0.047706921 -0.998361647 79.189941406 0.041395824 0.998065650 0.046382681 -5.644805431 0.998643100 -0.039862473 -0.033510212 217.823608398
-0.010941334 0.047143549 -0.998828173 78.589904785 0.043922104 0.997946560 0.046620801 -5.634639740 0.998975039 -0.043360543 -0.012989596 217.822113037
0.012090564 0.046661939 -0.998837590 77.993057251 0.043841060 0.997925282 0.047149997 -5.611322403 0.998965383 -0.044360168 0.010019727 217.833969116
0.037838716 0.046938125 -0.998180866 77.400619507 0.042467542 0.997918248 0.048535619 -5.590012074 0.998381078 -0.044226810 0.035766587 217.861755371
0.067476228 0.049328644 -0.996500790 76.807518005 0.038320091 0.997911990 0.051993273 -5.583671570 0.996984780 -0.041694306 0.065444998 217.889556885
0.096802026 0.050088316 -0.994042516 76.250900269 0.035555035 0.997921407 0.053746194 -5.564897537 0.994668424 -0.040545955 0.094819874 217.985000610
0.130582169 0.047868099 -0.990281224 75.679244995 0.035018425 0.997987747 0.052858282 -5.537044525 0.990818977 -0.041580431 0.128643155 218.084167480
0.167501494 0.044160739 -0.984882295 75.112663269 0.029935328 0.998307765 0.049853902 -5.510699272 0.985417306 -0.037833378 0.165896073 218.200576782
0.207312241 0.040492289 -0.977436483 74.538925171 0.022386095 0.998684943 0.046120599 -5.488411427 0.978018701 -0.031442352 0.206133157 218.325683594
0.249668285 0.037340213 -0.967611253 73.981315613 0.016040402 0.998959482 0.042688783 -5.460997105 0.968198597 -0.026178904 0.248809606 218.469406128
0.294085503 0.036347903 -0.955087721 73.447166443 0.008720334 0.999132872 0.040709257 -5.450330257 0.955739379 -0.020300684 0.293513536 218.648300171
0.342107773 0.035444722 -0.938991904 72.909812927 0.000052370 0.999287486 0.037739813 -5.431882858 0.939660728 -0.012960255 0.341862202 218.852981567
0.391816378 0.035928793 -0.919341564 72.394210815 -0.012250753 0.999352276 0.033834517 -5.418573380 0.919961870 -0.001994283 0.392002761 219.089996338
0.443559617 0.038892090 -0.895400643 71.938537598 -0.012578103 0.999229729 0.037171073 -5.430892467 0.896156609 -0.005225146 0.443707168 219.349853516
0.496115535 0.040837664 -0.867295682 71.451118469 -0.015320104 0.999149561 0.038282674 -5.411443710 0.868121326 -0.005705568 0.496319264 219.654693604
0.548922479 0.045128975 -0.834654152 70.984588623 -0.018299097 0.998950958 0.041977692 -5.395897388 0.835672975 -0.007769082 0.549172461 219.994934082
0.599927783 0.045896359 -0.798736632 70.536483765 -0.018160041 0.998877168 0.043756746 -5.379546165 0.799848080 -0.011745797 0.600087643 220.365829468
0.647572994 0.044567600 -0.760699093 70.118797302 -0.017591782 0.998896480 0.043547392 -5.370660782 0.761800289 -0.014818064 0.647642434 220.764099121
0.690185666 0.039484255 -0.722554266 69.736618042 -0.016763907 0.999114752 0.038584080 -5.360493660 0.723438084 -0.014517345 0.690236688 221.193679810
0.731806517 0.036450628 -0.680536866 69.369926453 -0.022391487 0.999315560 0.029446516 -5.343638420 0.681144357 -0.006310922 0.732121944 221.597106934
0.768877149 0.035173170 -0.638428211 69.017723083 -0.031496130 0.999357164 0.017126273 -5.331588745 0.638620257 0.006940016 0.769490778 222.052154541
0.802998185 0.028673343 -0.595291257 68.696403503 -0.030196166 0.999516487 0.007411523 -5.320925236 0.595216036 0.012024073 0.803475857 222.534500122
0.834711015 0.019610796 -0.550338864 68.400367737 -0.021432744 0.999765456 0.003118163 -5.318235397 0.550270915 0.009192508 0.834935665 223.063507080
0.863750279 0.014333498 -0.503716111 68.131446838 -0.015089091 0.999882817 0.002578063 -5.319671154 0.503694177 0.005373813 0.863865376 223.618835449
0.889807642 0.014444987 -0.456107050 67.876121521 -0.014184911 0.999891400 0.003993744 -5.324871540 0.456115305 0.002916171 0.889915943 224.177917480
0.913504004 0.015822589 -0.406521946 67.591445923 -0.016316034 0.999864519 0.002252467 -5.326634407 0.406502366 0.004575191 0.913638234 224.751525879
0.932661533 0.013033322 -0.360517114 67.389289856 -0.012983317 0.999912500 0.002560597 -5.328859329 0.360518843 0.002292535 0.932749033 225.353393555
0.948818862 0.012018799 -0.315592170 67.208862305 -0.011782022 0.999927104 0.002658236 -5.335724831 0.315601170 0.001196131 0.948891103 225.976882935
0.962449610 0.015568371 -0.271013379 67.043045044 -0.015900629 0.999873221 0.000969820 -5.343518734 0.270994067 0.003375883 0.962575078 226.621719360
0.973277450 0.014652662 -0.229163647 66.911743164 -0.015925633 0.999866426 -0.003706378 -5.346688747 0.229078621 0.007256914 0.973380804 227.241073608
0.981421113 0.003948162 -0.191825166 66.811538696 -0.006541217 0.999895573 -0.012886451 -5.357924938 0.191754311 0.013901804 0.981344461 227.906112671
0.986877322 -0.002127350 -0.161457315 66.723098755 -0.001382225 0.999765277 -0.021621438 -5.369135380 0.161465451 0.021560885 0.986642957 228.583801270
0.990974247 -0.003629238 -0.134003043 66.642974854 0.000349687 0.999700010 -0.024489127 -5.381044865 0.134051651 0.024221241 0.990678310 229.270034790
0.993737042 -0.002850981 -0.111706465 66.572959900 0.000622546 0.999800205 -0.019978896 -5.390519142 0.111741267 0.019784227 0.993540406 229.988922119
0.995644927 -0.002692422 -0.093187928 66.509086609 0.001824699 0.999954224 -0.009395480 -5.411002159 0.093208998 0.009184517 0.995604217 230.717498779
0.997017384 -0.000042963 -0.077177942 66.450042725 0.000080847 0.999999881 0.000487728 -5.422570705 0.077177964 -0.000492511 0.997017264 231.453155518
0.997893631 -0.003139623 -0.064796358 66.411911011 0.003408862 0.999985993 0.004045060 -5.431294441 0.064782642 -0.004257417 0.997890353 232.199081421
0.998290718 -0.012427030 -0.057106875 66.383438110 0.012651982 0.999913514 0.003579274 -5.435123444 0.057057559 -0.004295675 0.998361588 232.948760986
0.998488724 -0.018243708 -0.051841222 66.351150513 0.018270001 0.999833107 0.000033169 -5.437489510 0.051831998 -0.000980260 0.998655379 233.698532104
0.998621583 -0.021168295 -0.048028015 66.311614990 0.021001101 0.999771535 -0.003983319 -5.443089485 0.048101425 0.002969185 0.998838127 234.464187622
0.998623610 -0.022849586 -0.047209561 66.283187866 0.022546491 0.999721646 -0.006942837 -5.457007408 0.047354966 0.005868881 0.998860896 235.229354858
0.998614132 -0.024110092 -0.046781089 66.243385315 0.023856908 0.999697626 -0.005962726 -5.462409019 0.046910681 0.004838414 0.998887420 236.009872437
0.998646021 -0.024924360 -0.045660049 66.204925537 0.024837056 0.999688506 -0.002478468 -5.470771790 0.045707528 0.001341055 0.998954058 236.807281494
0.998463333 -0.029980080 -0.046605464 66.179100037 0.029988680 0.999550104 -0.000514754 -5.485391140 0.046599891 -0.000883672 0.998913229 237.595733643
0.998347044 -0.032346122 -0.047506291 66.139823914 0.032086745 0.999465883 -0.006212538 -5.497437477 0.047681857 0.004677949 0.998851597 238.392303467
0.998262346 -0.034780402 -0.047567032 66.098373413 0.034137893 0.999315560 -0.014253952 -5.509210110 0.048030239 0.012605347 0.998766363 239.192718506
0.997779965 -0.045221876 -0.048887640 66.077003479 0.044258185 0.998807251 -0.020619489 -5.520710945 0.049761832 0.018410029 0.998591423 240.000473022
0.997201324 -0.054853424 -0.050796732 66.048431396 0.053719863 0.998281419 -0.023419751 -5.543563843 0.051994100 0.020625411 0.998434424 240.826080322
0.996636331 -0.063584030 -0.051701840 66.007781982 0.062458225 0.997780025 -0.023108277 -5.574235916 0.053056296 0.019801352 0.998395145 241.649627686
0.996218503 -0.067997076 -0.054082666 65.974708557 0.067074396 0.997572720 -0.018698787 -5.587594986 0.055222772 0.015000516 0.998361349 242.493499756
0.996026695 -0.068079270 -0.057410568 65.936630249 0.067547634 0.997653723 -0.011152696 -5.607424736 0.058035281 0.007230438 0.998288393 243.332153320
0.996097088 -0.064783610 -0.059946746 65.879447937 0.064745411 0.997898459 -0.002581727 -5.627872944 0.059988145 -0.001309632 0.998198271 244.195953369
0.996403456 -0.057794172 -0.061968990 65.813598633 0.058006763 0.998314798 0.001635463 -5.635179996 0.061770137 -0.005224206 0.998076737 245.068557739
0.996690035 -0.051609937 -0.062813386 65.754875183 0.052073229 0.998626649 0.005760041 -5.643964767 0.062429972 -0.009011877 0.998008668 245.934448242
0.996926486 -0.044770017 -0.064289093 65.677024841 0.045263678 0.998955548 0.006242261 -5.647250652 0.063942544 -0.009133037 0.997911751 246.853698730
0.996984065 -0.043295890 -0.064405687 65.610473633 0.043407757 0.999057353 0.000337858 -5.650327206 0.064330339 -0.003132550 0.997923732 247.752639771
0.997016191 -0.041682027 -0.064971618 65.547088623 0.041177299 0.999110460 -0.009088906 -5.660674095 0.065292567 0.006386427 0.997845650 248.654922485
0.997083426 -0.040100157 -0.064935856 65.495552063 0.039233536 0.999123871 -0.014566902 -5.674914360 0.065463006 0.011976755 0.997783124 249.556854248
0.997102320 -0.040087573 -0.064652301 65.429908752 0.039229479 0.999125242 -0.014488088 -5.689937592 0.065176487 0.011909834 0.997802734 250.481323242
0.997329175 -0.035904318 -0.063603327 65.361358643 0.035428625 0.999335289 -0.008591611 -5.707647324 0.063869447 0.006315283 0.997938275 251.425369263
0.997591019 -0.030697105 -0.062208068 65.292869568 0.030484483 0.999525785 -0.004364337 -5.724040031 0.062312506 0.002457442 0.998053610 252.378402710
0.997759938 -0.027744558 -0.060870379 65.233367920 0.027862282 0.999611318 0.001086100 -5.735283375 0.060816526 -0.002779652 0.998145163 253.330215454
0.997890294 -0.025172884 -0.059843224 65.174995422 0.025537474 0.999659717 0.005335459 -5.735329151 0.059688531 -0.006852447 0.998193622 254.301879883
0.998045683 -0.022718858 -0.058211811 65.107109070 0.023117844 0.999713600 0.006189733 -5.743485451 0.058054492 -0.007523369 0.998285174 255.285949707
0.998076022 -0.023371447 -0.057428449 65.051986694 0.023374015 0.999726593 -0.000627190 -5.755640030 0.057427555 -0.000716360 0.998349428 256.268768311
0.998068333 -0.024029318 -0.057290703 64.992988586 0.023398208 0.999658167 -0.011661384 -5.762291908 0.057551384 0.010298356 0.998289466 257.261108398
0.997930050 -0.027153406 -0.058295906 64.937454224 0.026386000 0.999555349 -0.013893734 -5.773931503 0.058647186 0.012326770 0.998202682 258.264282227
0.997856319 -0.025253635 -0.060376033 64.874076843 0.025046419 0.999677598 -0.004186573 -5.788754940 0.060462289 0.002665396 0.998166859 259.300415039
0.997778893 -0.025666567 -0.061468959 64.808502197 0.026084317 0.999641776 0.006003313 -5.801413059 0.061292797 -0.007593347 0.998090982 260.338012695
0.997716010 -0.024779363 -0.062839024 64.742065430 0.025278643 0.999654889 0.007162771 -5.807823658 0.062639825 -0.008734894 0.997997999 261.377349854
0.997642636 -0.025102455 -0.063867360 64.677154541 0.025252257 0.999679923 0.001539258 -5.810843468 0.063808292 -0.003148416 0.997957230 262.407348633
0.997509539 -0.028811779 -0.064378545 64.604393005 0.028646827 0.999583483 -0.003483964 -5.819822311 0.064452127 0.001631050 0.997919440 263.458374023
0.997452199 -0.026679168 -0.066162154 64.535423279 0.026403142 0.999638617 -0.005043075 -5.833047390 0.066272803 0.003283344 0.997796178 264.508270264
0.997427583 -0.026929472 -0.066430867 64.460800171 0.026782596 0.999636471 -0.003100684 -5.847969532 0.066490203 0.001313521 0.997786164 265.559265137
0.997386873 -0.026904656 -0.067048483 64.388359070 0.026930312 0.999637067 -0.000521215 -5.863413811 0.067038216 -0.001285784 0.997749567 266.613098145
0.997418463 -0.023639064 -0.067805909 64.306266785 0.023792259 0.999715865 0.001452465 -5.869113445 0.067752339 -0.003061975 0.997697473 267.679473877
0.997421145 -0.022329189 -0.068208247 64.235008240 0.022705559 0.999730885 0.004747698 -5.882398605 0.068083882 -0.006284161 0.997659802 268.746307373
0.997355282 -0.022557311 -0.069091551 64.167060852 0.023083735 0.999710202 0.006830245 -5.883774757 0.068917409 -0.008407077 0.997586906 269.815429688
0.997335434 -0.022534583 -0.069383591 64.084915161 0.023015158 0.999716222 0.006134717 -5.889690876 0.069225580 -0.007715246 0.997571170 270.874114990
0.997278392 -0.026615195 -0.068755001 64.012840271 0.026799915 0.999639273 0.001765528 -5.902577400 0.068683259 -0.003603352 0.997632027 271.931610107
0.997220039 -0.027193110 -0.069374040 63.937843323 0.027044028 0.999629438 -0.003087379 -5.910435200 0.069432355 0.001202643 0.997585952 272.984771729
0.997128546 -0.027208822 -0.070670061 63.867988586 0.027076511 0.999629319 -0.002829607 -5.932627201 0.070720807 0.000907986 0.997495711 274.027954102
0.996975541 -0.029718298 -0.071808666 63.793430328 0.029455889 0.999555171 -0.004710783 -5.946331024 0.071916640 0.002581355 0.997407258 275.092651367
0.996899486 -0.029512757 -0.072940767 63.711837769 0.028886346 0.999536455 -0.009628193 -5.961571693 0.073191069 0.007491345 0.997289777 276.136566162
0.996825099 -0.028899858 -0.074191883 63.631225586 0.028205767 0.999548316 -0.010386402 -5.985471725 0.074458510 0.008260788 0.997189879 277.192810059
0.996774256 -0.027296543 -0.075469732 63.557754517 0.027167317 0.999627292 -0.002738611 -6.004299164 0.075516388 0.000679465 0.997144222 278.229003906
0.996753097 -0.026891591 -0.075895578 63.478164673 0.027437143 0.999604523 0.006154444 -6.019806862 0.075700074 -0.008216820 0.997096777 279.276916504
0.996775568 -0.025908990 -0.075943306 63.395759583 0.026501890 0.999625623 0.006809624 -6.031182289 0.075738430 -0.008800312 0.997088850 280.313262939
0.996904075 -0.024187585 -0.074815661 63.312446594 0.024285836 0.999704957 0.000403597 -6.041577816 0.074783854 -0.002219312 0.997197270 281.339935303
0.997080207 -0.021337911 -0.073320262 63.224678040 0.021113951 0.999769807 -0.003828402 -6.049150944 0.073384970 0.002269145 0.997301042 282.369750977
0.997233808 -0.019203864 -0.071806766 63.138465881 0.018859860 0.999807298 -0.005465673 -6.062994003 0.071897767 0.004096290 0.997403622 283.409118652
0.997353733 -0.016347839 -0.070841096 63.060043335 0.016215313 0.999865592 -0.002445429 -6.082273006 0.070871443 0.001290245 0.997484624 284.446777344
0.997421205 -0.014346760 -0.070321880 62.989723206 0.014334720 0.999897063 -0.000675765 -6.099261284 0.070324451 -0.000334017 0.997524142 285.485687256
0.997503102 -0.010509110 -0.069836691 62.909767151 0.010684551 0.999940693 0.002139145 -6.111987591 0.069810182 -0.002879979 0.997556210 286.522583008
0.997541726 -0.010132743 -0.069338530 62.830245972 0.010115093 0.999948680 -0.000605692 -6.127074242 0.069341123 -0.000097158 0.997593105 287.544860840
0.997530460 -0.010036145 -0.069513857 62.757633209 0.009798946 0.999945164 -0.003752451 -6.143600464 0.069547743 0.003062016 0.997573912 288.572418213
0.997543693 -0.008019464 -0.069585919 62.679473877 0.007584013 0.999950111 -0.006519678 -6.158331394 0.069634795 0.005975919 0.997554660 289.591888428
0.997557223 -0.006081672 -0.069587223 62.602638245 0.005862346 0.999977291 -0.003355608 -6.180504322 0.069606081 0.002939461 0.997570157 290.608001709
0.997650087 -0.004615135 -0.068358384 62.519508362 0.004635526 0.999989450 0.000139669 -6.197819233 0.068357050 -0.000456225 0.997660756 291.609405518
0.997648239 -0.002762407 -0.068485349 62.453739166 0.003091384 0.999984086 0.004698107 -6.215240479 0.068471283 -0.004898773 0.997640967 292.644866943
0.997625530 -0.001155798 -0.068861775 62.376140594 0.001457573 0.999989450 0.004332248 -6.223134041 0.068855986 -0.004422332 0.997616589 293.668640137
0.997586131 -0.004872882 -0.069268592 62.303176880 0.005132292 0.999980390 0.003567599 -6.229361534 0.069249816 -0.003914495 0.997591615 294.692993164
0.997428536 -0.011366234 -0.070758976 62.237159729 0.011497326 0.999932826 0.001445598 -6.241945267 0.070737675 -0.002255419 0.997492254 295.704956055
0.997280478 -0.011836635 -0.072742790 62.165565491 0.011890866 0.999929249 0.000312473 -6.248128414 0.072733879 -0.001176594 0.997350693 296.710174561
0.997075737 -0.009068043 -0.075878300 62.086212158 0.008861250 0.999956071 -0.003061640 -6.265301704 0.075902693 0.002380311 0.997112393 297.716003418
0.996934295 -0.012611661 -0.077220187 62.003826141 0.012562827 0.999920487 -0.001118243 -6.268072605 0.077228144 0.000144709 0.997013390 298.715515137
0.996694446 -0.009179393 -0.080721170 61.925685883 0.009883063 0.999916553 0.008321976 -6.284625053 0.080638021 -0.009092240 0.996701956 299.715332031
0.996463239 -0.004432220 -0.083913244 61.831283569 0.005737031 0.999866366 0.015314722 -6.292596340 0.083834089 -0.015741967 0.996355414 300.723266602
0.996223390 -0.003734920 -0.086746544 61.737171173 0.005075602 0.999870956 0.015239751 -6.292266846 0.086678475 -0.015622489 0.996113777 301.729553223
0.995947719 -0.006884684 -0.089670897 61.655269623 0.007889431 0.999910057 0.010855267 -6.295366287 0.089588016 -0.011518727 0.995912313 302.697540283
0.995584428 -0.012245068 -0.093068570 61.571784973 0.012479476 0.999920249 0.001937089 -6.300096035 0.093037374 -0.003089981 0.995657802 303.688720703
0.995270669 -0.015017764 -0.095973596 61.473121643 0.014617998 0.999881268 -0.004867088 -6.309319973 0.096035339 0.003441130 0.995371938 304.678222656
0.994857967 -0.018244758 -0.099623375 61.379440308 0.017978411 0.999832034 -0.003570722 -6.328784943 0.099671811 0.001761295 0.995018721 305.655487061
0.994367838 -0.019063475 -0.104255989 61.274696350 0.019060649 0.999817848 -0.001023517 -6.344019413 0.104256496 -0.000969430 0.994549811 306.649261475
0.993820965 -0.018194204 -0.109493919 61.159767151 0.017709626 0.999828577 -0.005396499 -6.361321449 0.109573372 0.003424056 0.993972659 307.631622314
0.993251324 -0.020158544 -0.114216447 61.045951843 0.019093217 0.999763608 -0.010413723 -6.378683090 0.114399374 0.008162688 0.993401289 308.603027344
0.992757738 -0.016300453 -0.119023114 60.916824341 0.015215714 0.999834061 -0.010016805 -6.390810966 0.119166695 0.008133244 0.992840946 309.583862305
