1.000000000 0.000000000 0.000000000 0.000000000 0.000000000 1.000000000 0.000000001 0.000000000 0.000000000 0.000000001 1.000000119 0.000000954
0.999996126 -0.002410869 -0.001377698 -0.005294465 0.002414819 0.999992967 0.002873167 -0.015532941 0.001370762 -0.002876482 0.999994934 1.523610473
0.999991596 -0.002916149 -0.002894154 -0.008742735 0.002927126 0.999988496 0.003796279 -0.035393909 0.002883047 -0.003804717 0.999988616 3.046206951
0.999989271 -0.001795160 -0.004255340 -0.026310790 0.001809675 0.999992490 0.003409676 -0.047669791 0.004249185 -0.003417339 0.999985158 4.557197094
0.999983013 -0.001015216 -0.005743166 -0.040544506 0.001034888 0.999993622 0.003423465 -0.065386325 0.005739656 -0.003429350 0.999977648 6.060056686
0.999973059 -0.001329184 -0.007223781 -0.054788802 0.001354243 0.999993086 0.003465254 -0.074980497 0.007219127 -0.003474943 0.999967873 7.565431595
0.999958754 -0.001623314 -0.008933241 -0.072846800 0.001659207 0.999990523 0.004012010 -0.093942873 0.008926639 -0.004026665 0.999952018 9.070758820
0.999937952 -0.003413978 -0.010607751 -0.095090277 0.003446739 0.999989331 0.003071699 -0.106866367 0.010597145 -0.003108071 0.999938965 10.567165375
0.999918818 -0.004536018 -0.011905865 -0.113331109 0.004575739 0.999984026 0.003311097 -0.120016605 0.011890656 -0.003365307 0.999923646 12.049920082
0.999902904 -0.004186264 -0.013290077 -0.134372830 0.004229696 0.999985814 0.003241578 -0.136870503 0.013276321 -0.003297476 0.999906421 13.534974098
0.999890029 -0.003911613 -0.014308233 -0.169916198 0.003958559 0.999986827 0.003254151 -0.151767448 0.014295320 -0.003310432 0.999892294 15.016194344
0.999881506 -0.002537701 -0.015183229 -0.187205523 0.002598384 0.999988735 0.003978342 -0.170674503 0.015172962 -0.004017322 0.999876857 16.485345840
0.999872446 -0.001538349 -0.015895063 -0.218538672 0.001611236 0.999988258 0.004573745 -0.182380229 0.015887840 -0.004598773 0.999863267 17.958736420
0.999863744 -0.000263318 -0.016502716 -0.245299309 0.000356153 0.999984145 0.005622773 -0.200086713 0.016500974 -0.005627885 0.999847949 19.452169418
0.999858558 -0.000139244 -0.016814929 -0.277431101 0.000230507 0.999985218 0.005425675 -0.208091900 0.016813923 -0.005428784 0.999843955 20.919660568
0.999846280 0.000971071 -0.017505620 -0.310263157 -0.000878456 0.999985576 0.005297521 -0.217119336 0.017510507 -0.005281327 0.999832749 22.379735947
0.999846101 0.000958438 -0.017513053 -0.337717295 -0.000853454 0.999981582 0.006001138 -0.231989861 0.017518481 -0.005985267 0.999828637 23.834024429
0.999846339 0.001955754 -0.017417092 -0.370935768 -0.001830756 0.999972403 0.007189783 -0.242152780 0.017430674 -0.007156791 0.999822438 25.276086807
0.999843955 0.002365840 -0.017507460 -0.397762090 -0.002261816 0.999979734 0.005959162 -0.255317032 0.017521203 -0.005918632 0.999828994 26.715156555
0.999840200 0.002611879 -0.017685570 -0.426393509 -0.002544438 0.999989450 0.003834811 -0.264015555 0.017695395 -0.003789198 0.999836266 28.140254974
0.999853253 0.001007476 -0.017100342 -0.461799681 -0.000944941 0.999992907 0.003664652 -0.279572427 0.017103909 -0.003647955 0.999846995 29.576379776
0.999857605 0.000524180 -0.016864462 -0.493720114 -0.000416094 0.999979377 0.006411974 -0.296418935 0.016867474 -0.006404044 0.999837220 30.983415604
0.999858499 -0.001531499 -0.016744601 -0.517950177 0.001657896 0.999970257 0.007537276 -0.307736456 0.016732559 -0.007563971 0.999831438 32.411094666
0.999862731 -0.002117763 -0.016427135 -0.552096128 0.002230332 0.999974191 0.006837346 -0.317226529 0.016412234 -0.006873047 0.999841809 33.810340881
0.999868512 -0.002123717 -0.016074436 -0.574497759 0.002204551 0.999984920 0.005012680 -0.332212925 0.016063547 -0.005047458 0.999858260 35.197902679
0.999878347 -0.000937661 -0.015571137 -0.603821933 0.001003200 0.999990582 0.004201724 -0.345661193 0.015567049 -0.004216834 0.999869943 36.551414490
0.999888480 -0.000706829 -0.014913267 -0.626131535 0.000756822 0.999994099 0.003346876 -0.363786399 0.014910811 -0.003357788 0.999883175 37.919700623
0.999908209 -0.000178864 -0.013545129 -0.653534591 0.000242148 0.999988973 0.004670679 -0.382777929 0.013544145 -0.004673528 0.999897361 39.255187988
0.999926388 0.000274806 -0.012127999 -0.676698983 -0.000194860 0.999978244 0.006592499 -0.398028165 0.012129546 -0.006589651 0.999904752 40.580928802
0.999945939 -0.000125067 -0.010396044 -0.698401809 0.000205936 0.999969721 0.007778096 -0.414698094 0.010394756 -0.007779818 0.999915719 41.869289398
0.999965847 0.000151652 -0.008266326 -0.706766248 -0.000081244 0.999963701 0.008517208 -0.429736257 0.008267318 -0.008516250 0.999929547 43.173137665
0.999987364 -0.000110347 -0.005045435 -0.721721053 0.000150653 0.999968052 0.007989022 -0.441989124 0.005044394 -0.007989679 0.999955356 44.445125580
0.999998689 -0.001051838 -0.001209171 -0.731374979 0.001059243 0.999980569 0.006140567 -0.456531823 0.001202688 -0.006141840 0.999980390 45.690238953
0.999996543 -0.001065991 0.002405554 -0.734909296 0.001055863 0.999990702 0.004207531 -0.464484692 -0.002410019 -0.004204976 0.999988258 46.916542053
0.999981523 -0.000667625 0.006048500 -0.727616251 0.000637776 0.999987662 0.004935479 -0.480392605 -0.006051722 -0.004931530 0.999969602 48.130142212
0.999928534 -0.000442366 0.011948095 -0.725137651 0.000385819 0.999988735 0.004734664 -0.491443843 -0.011950056 -0.004729716 0.999917388 49.360340118
0.999835014 0.001203152 0.018124342 -0.709491014 -0.001268597 0.999992788 0.003599820 -0.500946105 -0.018119879 -0.003622219 0.999829292 50.559257507
0.999671638 0.002537879 0.025496885 -0.687885284 -0.002632199 0.999989808 0.003666349 -0.515883446 -0.025487322 -0.003732258 0.999668181 51.765190125
0.999414682 0.003324186 0.034046005 -0.650676370 -0.003485664 0.999982953 0.004684668 -0.529639542 -0.034029849 -0.004800599 0.999409318 52.939399719
0.998984933 0.005902314 0.044655383 -0.608437300 -0.006149058 0.999966562 0.005390187 -0.542174518 -0.044622067 -0.005659305 0.998987973 54.113155365
0.998336315 0.007736877 0.057138510 -0.552467585 -0.008055619 0.999953210 0.005350181 -0.557314932 -0.057094444 -0.005801565 0.998351932 55.246185303
0.997373819 0.009759717 0.071766034 -0.478969574 -0.010201098 0.999931216 0.005786339 -0.568434000 -0.071704611 -0.006503234 0.997404754 56.382377625
0.996028006 0.012097180 0.088214114 -0.395210743 -0.012780312 0.999892473 0.007183319 -0.585526943 -0.088117741 -0.008282191 0.996075630 57.494297028
0.994298279 0.012472408 0.105903059 -0.284570217 -0.013404945 0.999877334 0.008098321 -0.597564697 -0.105789058 -0.009471772 0.994343519 58.601142883
0.992089868 0.012022713 0.124952815 -0.155467987 -0.013033479 0.999888599 0.007274820 -0.606644332 -0.124851428 -0.008845844 0.992136002 59.698886871
0.989339471 0.011149907 0.145200536 0.001557350 -0.012150360 0.999908209 0.006005139 -0.608342648 -0.145120263 -0.007705361 0.989383996 60.793842316
0.986066937 0.008181369 0.166147873 0.170529366 -0.009314627 0.999938309 0.006042682 -0.626287818 -0.166088179 -0.007506093 0.986082315 61.836559296
0.982239962 0.003117360 0.187603429 0.371262550 -0.004749511 0.999954760 0.008251125 -0.634456277 -0.187569201 -0.008995609 0.982210219 62.871818542
0.977519214 -0.002135286 0.210835382 0.593614578 0.000083853 0.999952555 0.009738483 -0.646464944 -0.210846186 -0.009501874 0.977473080 63.904846191
0.972069979 -0.007138987 0.234582990 0.842771530 0.005133619 0.999944985 0.009158197 -0.654451847 -0.234635442 -0.007698147 0.972052991 64.914733887
0.965573668 -0.013108218 0.259799331 1.113043785 0.011540463 0.999904811 0.007558919 -0.666383386 -0.259873658 -0.004300488 0.965633035 65.906471252
0.958091557 -0.016834360 0.285967141 1.413700104 0.015089099 0.999851584 0.008305585 -0.671047091 -0.286064565 -0.003642523 0.958203375 66.884765625
0.949474990 -0.019329630 0.313246906 1.721229553 0.016816638 0.999801099 0.010722561 -0.681304097 -0.313391894 -0.004913044 0.949611187 67.838699341
0.939800620 -0.023798814 0.340893596 2.065889359 0.020441093 0.999700725 0.013438627 -0.682700753 -0.341111481 -0.005661392 0.940005779 68.782058716
0.928853691 -0.026634051 0.369487733 2.430681229 0.023392748 0.999638498 0.013250727 -0.690829992 -0.369707108 -0.003664653 0.929141104 69.694831848
0.916703463 -0.025690576 0.398741245 2.816297531 0.023913724 0.999669492 0.009430395 -0.693748534 -0.398851782 0.000890513 0.917015016 70.589431763
0.903715670 -0.027342884 0.427258998 3.232711792 0.028206177 0.999592781 0.004309761 -0.703349829 -0.427202851 0.008156546 0.904119074 71.449279785
0.889537692 -0.029274160 0.455922782 3.675170898 0.031858612 0.999490261 0.002017443 -0.711755395 -0.455749452 0.012730480 0.890017092 72.297912598
0.873974979 -0.029939706 0.485047817 4.146791458 0.031234099 0.999497473 0.005415623 -0.720866799 -0.484966159 0.010416916 0.874470830 73.136314392
0.856404841 -0.029023360 0.515488625 4.645748138 0.027283175 0.999567747 0.010951499 -0.727993071 -0.515583634 0.004685252 0.856826484 73.962577820
0.836637497 -0.029072674 0.546984911 5.160642624 0.025076559 0.999576330 0.014772565 -0.734326065 -0.547182620 0.001357220 0.837012172 74.765357971
0.815648079 -0.022985609 0.578091502 5.697710037 0.021076383 0.999727786 0.010013001 -0.738723159 -0.578164160 0.004016994 0.815910578 75.530059814
0.793720245 -0.016000643 0.608072460 6.261943817 0.018144708 0.999831915 0.002624902 -0.738439202 -0.608012259 0.008949859 0.793877184 76.277053833
0.771234453 -0.013446946 0.636409163 6.850879669 0.017105911 0.999853611 0.000396455 -0.740224898 -0.636321366 0.010580598 0.771351576 76.993820190
0.747842550 -0.016096292 0.663680911 7.472381592 0.018169940 0.999827743 0.003774804 -0.751098216 -0.663627505 0.009236087 0.748006165 77.692649841
0.723407984 -0.016708488 0.690218568 8.108287811 0.018649148 0.999815166 0.004657160 -0.764370441 -0.690168977 0.009502964 0.723585844 78.355346680
0.698075593 -0.014416798 0.715879083 8.764259338 0.018995503 0.999818206 0.001611836 -0.772860646 -0.715772152 0.012473301 0.698222399 78.994201660
0.672233880 -0.012179097 0.740238726 9.446815491 0.018949989 0.999820113 -0.000759107 -0.779761791 -0.740096271 0.014537814 0.672343791 79.593200684
0.644860268 -0.009561030 0.764240682 10.141159058 0.017036935 0.999853075 -0.001866974 -0.787667871 -0.764110625 0.014224255 0.644928396 80.197402954
0.617042601 -0.007894003 0.786890149 10.856544495 0.016819075 0.999853611 -0.003158303 -0.800435007 -0.786750019 0.015183572 0.617084861 80.753799438
0.587771595 -0.001913058 0.809024692 11.594554901 0.015619344 0.999837697 -0.008983482 -0.822660863 -0.808876157 0.017916668 0.587706029 81.316406250
0.557742953 0.007571073 0.829979181 12.353118896 0.014281625 0.999722779 -0.018716672 -0.836669028 -0.829890847 0.022292541 0.557480276 81.828231812
0.526750505 0.015893545 0.849871397 13.118221283 0.012983279 0.999558151 -0.026739895 -0.862202764 -0.849920869 0.025119370 0.526311457 82.310592651
0.495193899 0.020942422 0.868529856 13.938785553 0.010452556 0.999493480 -0.030059824 -0.886136651 -0.868719578 0.023963803 0.494724214 82.777984619
0.462648332 0.020251781 0.886310458 14.768100739 0.008816354 0.999584556 -0.027442124 -0.918175161 -0.886498034 0.020510085 0.462277681 83.218521118
0.429477006 0.019189559 0.902873933 15.616662979 0.003997222 0.999723971 -0.023149388 -0.949647427 -0.903069139 0.013551118 0.429281652 83.627655029
0.394965261 0.020098848 0.918476164 16.472089767 -0.000134565 0.999761879 -0.021819744 -0.984034181 -0.918696105 0.008494445 0.394873917 84.008644104
0.359966338 0.023239160 0.932675779 17.354293823 -0.007345535 0.999729276 -0.022074902 -1.012703419 -0.932936311 0.001095220 0.360039622 84.362670898
0.324915916 0.025169684 0.945407867 18.259260178 -0.012127536 0.999674499 -0.022446457 -1.039952040 -0.945665061 -0.004172255 0.325115412 84.666175842
0.287997246 0.024308078 0.957322657 19.156940460 -0.015048551 0.999669254 -0.020856183 -1.073422551 -0.957513034 -0.008399795 0.288267732 84.964286804
0.251638740 0.024223071 0.967518091 20.121387482 -0.015719322 0.999657154 -0.020939322 -1.095322132 -0.967693627 -0.009939582 0.251933217 85.226936340
0.215806186 0.023871284 0.976144373 21.066371918 -0.015137245 0.999662757 -0.021099875 -1.119062066 -0.976318955 -0.010222654 0.216094702 85.433898926
0.180793285 0.022463718 0.983264625 22.033630371 -0.012868060 0.999707580 -0.020473324 -1.145070672 -0.983436942 -0.008951266 0.181029439 85.600906372
0.146156192 0.021437427 0.989029169 23.012472153 -0.004496411 0.999769330 -0.021005746 -1.179766893 -0.989251316 -0.001376961 0.146218866 85.741455078
0.112540975 0.024707546 0.993339777 23.979053497 -0.002527649 0.999694705 -0.024579238 -1.212120295 -0.993643820 0.000255359 0.112569079 85.845016479
0.079058439 0.029337304 0.996438086 24.952804565 -0.001569768 0.999569237 -0.029304940 -1.248626709 -0.996868789 0.000752628 0.079070456 85.938034058
0.050012209 0.033711739 0.998179376 25.974933624 0.005254501 0.999407589 -0.034016486 -1.279206276 -0.998734832 0.006946174 0.049805436 85.989883423
0.024482943 0.032092974 0.999184847 26.958751678 0.007399513 0.999451458 -0.032282844 -1.312222958 -0.999672890 0.008183861 0.024232039 86.007698059
0.002176240 0.028688388 0.999585986 27.941541672 0.008694628 0.999549985 -0.028706286 -1.352950811 -0.999959886 0.008753501 0.001925826 86.005134583
-0.016797662 0.026612263 0.999504685 29.001115799 0.008628561 0.999612391 -0.026470123 -1.389124870 -0.999821603 0.008179649 -0.017020779 85.997451782
-0.033144355 0.029613892 0.999011755 29.996051788 0.010664889 0.999514580 -0.029274963 -1.426159859 -0.999393582 0.009684049 -0.033444092 85.958953857
-0.048236381 0.033818338 0.998263359 30.994289398 0.013118045 0.999361992 -0.033221692 -1.463551998 -0.998749852 0.011492767 -0.048649237 85.913887024
-0.059764151 0.039588910 0.997427166 32.005226135 0.017347161 0.999103487 -0.038616031 -1.496916413 -0.998061776 0.014994672 -0.060397327 85.842643738
-0.068692654 0.043168239 0.996703446 33.002090454 0.022521282 0.998875797 -0.041710161 -1.541957974 -0.997383654 0.019581856 -0.069587640 85.768882751
-0.074533597 0.048473243 0.996039689 33.996330261 0.026454376 0.998562396 -0.046616439 -1.592362404 -0.996867537 0.022875119 -0.075708777 85.687988281
-0.078165710 0.053131588 0.995523632 34.998500824 0.028376978 0.998292744 -0.051051304 -1.647110105 -0.996536374 0.024259489 -0.079539977 85.606987000
-0.081056215 0.057055786 0.995075166 36.005165100 0.029948624 0.998048782 -0.054786745 -1.707958698 -0.996259451 0.025360323 -0.082606785 85.521583557
-0.083351851 0.059916615 0.994717360 37.006893158 0.030524243 0.997875869 -0.057549104 -1.770972013 -0.996052563 0.025566172 -0.085003726 85.433273315
-0.085788667 0.063572362 0.994283080 38.032081604 0.031972416 0.997623861 -0.061027329 -1.834043384 -0.995800257 0.026554182 -0.087617382 85.338645935
-0.087793574 0.067761227 0.993831396 39.040298462 0.033090286 0.997331560 -0.065076716 -1.898545980 -0.995588839 0.027172862 -0.089801550 85.244003296
-0.089585930 0.068851396 0.993596375 40.050521851 0.036153331 0.997175038 -0.065839663 -1.973855257 -0.995322704 0.030023517 -0.091822058 85.144569397
-0.091860019 0.067518003 0.993480146 41.065689087 0.036334988 0.997261465 -0.064415336 -2.045935631 -0.995108783 0.030180905 -0.094061717 85.052314758
-0.094148144 0.067311466 0.993279994 42.086116791 0.035601683 0.997301161 -0.064209469 -2.118369341 -0.994921446 0.029317234 -0.096290477 84.959754944
-0.096726514 0.068409659 0.992957234 43.108184814 0.035328615 0.997242451 -0.065263458 -2.190638542 -0.994683862 0.028767094 -0.098876633 84.866165161
-0.098873533 0.070849977 0.992574573 44.127197266 0.035108481 0.997089505 -0.067674994 -2.264993906 -0.994480431 0.028156517 -0.101073213 84.761795044
-0.101474524 0.072931901 0.992161214 45.157585144 0.033505913 0.996993959 -0.069860280 -2.346159220 -0.994273722 0.026154226 -0.103613131 84.656105042
-0.103857659 0.076327607 0.991659105 46.185916901 0.030940169 0.996816337 -0.073484160 -2.425948858 -0.994110823 0.023050211 -0.105888627 84.552169800
-0.106346764 0.080667317 0.991051614 47.225402832 0.027248878 0.996565878 -0.078192174 -2.503437757 -0.993955672 0.018689562 -0.108179681 84.452033997
-0.108848035 0.083094761 0.990579307 48.269783020 0.025108688 0.996411920 -0.080825016 -2.588173628 -0.993741333 0.016074505 -0.110543884 84.332496643
-0.111958727 0.081612766 0.990355790 49.318786621 0.022873456 0.996569216 -0.079538986 -2.673944473 -0.993449688 0.013747774 -0.113441400 84.221794128
-0.114520721 0.077404104 0.990400732 50.371002197 0.020445723 0.996932387 -0.075550430 -2.764500141 -0.993210435 0.011597372 -0.115752004 84.099906921
-0.117022686 0.075668752 0.990242422 51.423820496 0.020707913 0.997062385 -0.073742703 -2.850843430 -0.992913306 0.011876290 -0.118245840 83.981155396
-0.119114488 0.075960808 0.989970505 52.467014313 0.019957693 0.997050881 -0.074102759 -2.938931465 -0.992679894 0.010930817 -0.120279193 83.861457825
-0.120251842 0.079104684 0.989586771 53.521747589 0.020892872 0.996801078 -0.077142537 -3.018574715 -0.992523611 0.011398779 -0.121519879 83.735702515
-0.120797880 0.081990033 0.989285409 54.589538574 0.021786196 0.996562064 -0.079932891 -3.103968620 -0.992438138 0.011897041 -0.122168839 83.601722717
-0.120988637 0.082554527 0.989215076 55.646549225 0.020717455 0.996528625 -0.080630988 -3.196863174 -0.992437661 0.010738588 -0.122278959 83.469757080
-0.121397682 0.081032693 0.989290833 56.705902100 0.017734203 0.996680081 -0.079461761 -3.289531231 -0.992445529 0.007897816 -0.122431718 83.352890015
-0.121058472 0.080441475 0.989380658 57.772430420 0.014040733 0.996750057 -0.079322658 -3.379111767 -0.992546082 0.004288948 -0.121794499 83.222312927
-0.120988958 0.081630737 0.989291728 58.839889526 0.010312835 0.996662498 -0.080977686 -3.467600107 -0.992600262 0.000404997 -0.121427014 83.096427917
-0.121046476 0.082008548 0.989253521 59.917060852 0.006186489 0.996624470 -0.081862591 -3.560218096 -0.992627621 -0.003789173 -0.121145241 82.972679138
-0.121854588 0.081209667 0.989220083 61.004714966 0.002383667 0.996668279 -0.081527494 -3.658253193 -0.992545128 -0.007576528 -0.121642180 82.851379395
-0.122251593 0.076396734 0.989554524 62.088165283 0.002615202 0.997054458 -0.076652661 -3.745068073 -0.992495775 -0.006783026 -0.122091278 82.726020813
-0.122574903 0.067306429 0.990174413 63.179710388 0.006258030 0.997730315 -0.067045353 -3.835880280 -0.992439568 -0.002021536 -0.122717910 82.594360352
-0.121864624 0.061881330 0.990616024 64.283096313 0.012505679 0.998071015 -0.060808614 -3.920300961 -0.992467940 0.004977907 -0.122403465 82.442123413
-0.121574283 0.064579934 0.990479350 65.378204346 0.020890173 0.997826576 -0.062494870 -3.991603136 -0.992362499 0.013093514 -0.122659147 82.304588318
-0.120323591 0.070511535 0.990227520 66.489303589 0.025995852 0.997356057 -0.067860372 -4.061672211 -0.992394388 0.017576607 -0.121838495 82.155784607
-0.118998393 0.075775713 0.989998758 67.592628479 0.030516939 0.996891618 -0.072635151 -4.149556637 -0.992425382 0.021568270 -0.120940946 82.015869141
-0.118706599 0.080214523 0.989684105 68.689994812 0.031127276 0.996542335 -0.077036858 -4.236397743 -0.992441356 0.021661388 -0.120792992 81.894737244
-0.118228436 0.077598780 0.989949763 69.837173462 0.028247105 0.996801257 -0.074762329 -4.321461678 -0.992584586 0.019124186 -0.120042190 81.749778748
-0.117696784 0.072943173 0.990366995 70.960052490 0.027308019 0.997159243 -0.070198104 -4.409945965 -0.992674112 0.018782867 -0.119354352 81.614624023
-0.117624268 0.070786789 0.990532041 72.096717834 0.025651572 0.997340024 -0.068227217 -4.501959801 -0.992726862 0.017383527 -0.119127162 81.483970642
-0.117539421 0.071862735 0.990464628 73.232612610 0.022909353 0.997309029 -0.069640651 -4.574178696 -0.992804050 0.014505384 -0.118869439 81.354721069
-0.117615886 0.077162519 0.990056753 74.366127014 0.024092278 0.996904969 -0.074834168 -4.661593437 -0.992766857 0.015051044 -0.119110860 81.226242065
-0.116481319 0.079740591 0.989986598 75.491600037 0.023993470 0.996706784 -0.077458821 -4.753083229 -0.992903054 0.014730708 -0.118010968 81.088348389
-0.115448162 0.078768879 0.990185380 76.644630432 0.023929294 0.996782124 -0.076503649 -4.840648174 -0.993025243 0.014862231 -0.116961539 80.947814941
-0.115528218 0.071902849 0.990698338 77.785942078 0.025186414 0.997267962 -0.069442585 -4.935405731 -0.992984891 0.016929561 -0.117023580 80.819824219
-0.116178513 0.070238009 0.990741730 78.940345764 0.024185879 0.997400701 -0.067873955 -5.022730350 -0.992933929 0.016076464 -0.117575288 80.690963745
-0.115843222 0.073342673 0.990555942 80.097152710 0.021638134 0.997219801 -0.071305536 -5.107142448 -0.993031979 0.013173522 -0.117108144 80.561515808
-0.115679294 0.076521695 0.990334690 81.247070312 0.020782318 0.996996224 -0.074608885 -5.192557335 -0.993069291 0.011950749 -0.116922125 80.437088013
-0.115560487 0.075706780 0.990411162 82.425285339 0.019976256 0.997066677 -0.073884711 -5.284171104 -0.993099630 0.011246558 -0.116733842 80.302436829
-0.115060538 0.072619416 0.990700424 83.605178833 0.019335546 0.997299016 -0.070857421 -5.368964195 -0.993170321 0.011002842 -0.116153888 80.153083801
-0.113601185 0.071736850 0.990933180 84.787475586 0.020008562 0.997352839 -0.069907777 -5.455025673 -0.993324995 0.011885545 -0.114735804 80.009750366
-0.113183111 0.072066098 0.990957141 85.966079712 0.021764524 0.997306585 -0.070041984 -5.548442841 -0.993335843 0.013640145 -0.114446737 79.891746521
-0.111951396 0.072157986 0.991090417 87.160644531 0.023437234 0.997274399 -0.069960810 -5.638772011 -0.993437290 0.015396209 -0.113337442 79.739875793
-0.111069612 0.071522325 0.991235673 88.349281311 0.022909403 0.997326255 -0.069394730 -5.727822781 -0.993548572 0.015000977 -0.112411179 79.613334656
-0.109501898 0.072194666 0.991361320 89.559219360 0.024460841 0.997252524 -0.069921844 -5.815549850 -0.993685544 0.016592961 -0.110966995 79.473030090
-0.108087510 0.070527948 0.991636395 90.758750916 0.024450848 0.997367144 -0.068270415 -5.901283741 -0.993840635 0.016867174 -0.109527409 79.342391968
-0.107372537 0.069963515 0.991754174 91.975952148 0.022449186 0.997437179 -0.067933962 -5.987536907 -0.993965387 0.014969830 -0.108667992 79.221908569
-0.106007777 0.068821020 0.991980910 93.175575256 0.024031581 0.997487843 -0.066634960 -6.081728935 -0.994074821 0.016775046 -0.107395366 79.088699341
-0.104009651 0.069577888 0.992139637 94.394493103 0.022266839 0.997462749 -0.067616895 -6.171818256 -0.994327009 0.015059003 -0.105295047 78.959716797
-0.102753446 0.072305441 0.992075384 95.624496460 0.021947565 0.997276485 -0.070411310 -6.255892754 -0.994464695 0.014538636 -0.104060523 78.833763123
-0.101644829 0.071110830 0.992275953 96.847465515 0.019522399 0.997392356 -0.069477700 -6.343986988 -0.994629204 0.012309561 -0.102768004 78.714538574
-0.101241380 0.069764867 0.992412686 98.084548950 0.016275622 0.997520864 -0.068463594 -6.441102982 -0.994728744 0.009220790 -0.102125861 78.597061157
-0.100956067 0.071036257 0.992351532 99.322906494 0.013331466 0.997454703 -0.070045285 -6.527285099 -0.994801462 0.006158009 -0.101646140 78.473571777
-0.101186730 0.070225127 0.992385864 100.546722412 0.010333886 0.997525930 -0.069535196 -6.621021748 -0.994813800 0.003219164 -0.101662092 78.352844238
-0.102317005 0.067643024 0.992449343 101.793571472 0.007485957 0.997709274 -0.067229770 -6.712965012 -0.994723678 0.000550684 -0.102589011 78.229980469
-0.103542432 0.066233456 0.992417216 103.047233582 0.005416883 0.997803032 -0.066027731 -6.805077076 -0.994610310 -0.001460865 -0.103673741 78.106269836
-0.105488271 0.065642171 0.992251694 104.308761597 0.003124237 0.997835875 -0.065679438 -6.892903805 -0.994415760 -0.003828383 -0.105465077 77.988761902
-0.106539421 0.065445095 0.992152333 105.560424805 0.003724365 0.997850776 -0.065421052 -6.989396095 -0.994301558 -0.003274782 -0.106554180 77.851898193
-0.108788989 0.064111695 0.991995275 106.820007324 0.003293419 0.997935832 -0.064134441 -7.078280449 -0.994059443 -0.003710064 -0.108775571 77.718841553
-0.112275779 0.059322733 0.991904736 108.086959839 -0.000220772 0.998214841 -0.059725128 -7.166166306 -0.993677139 -0.006924669 -0.112062268 77.590515137
-0.116843298 0.059180964 0.991385460 109.344352722 -0.001328561 0.998212814 -0.059745099 -7.250288010 -0.993149519 -0.008297931 -0.116555855 77.452217102
-0.121927015 0.065375388 0.990383685 110.579597473 -0.005186991 0.997772813 -0.066501729 -7.334236145 -0.992525578 -0.013245467 -0.121316351 77.302406311
-0.129240572 0.068330087 0.989256144 111.799499512 -0.004456343 0.997572899 -0.069486737 -7.423898220 -0.991603255 -0.013388969 -0.128622398 77.154838562
-0.137789100 0.064537257 0.988356709 113.056076050 -0.002051520 0.997854292 -0.065443411 -7.516295910 -0.990459502 -0.011045026 -0.137361035 76.973052979
-0.148707479 0.062529258 0.986902356 114.284400940 0.000146192 0.998000205 -0.063210361 -7.607129097 -0.988881290 -0.009255580 -0.148419246 76.793502808
-0.161723927 0.063285954 0.984804630 115.502380371 0.000182366 0.997943401 -0.064100340 -7.696604252 -0.986836076 -0.010186965 -0.161402881 76.603500366
-0.175480485 0.063237190 0.982449770 116.718505859 0.002419142 0.997959495 -0.063803412 -7.787460804 -0.984480023 -0.008819567 -0.175275430 76.386322021
-0.190227821 0.061498884 0.979811788 117.932662964 0.002557740 0.998063624 -0.062147904 -7.873289108 -0.981736600 -0.009316158 -0.190016776 76.160606384
-0.205440715 0.064078212 0.976569593 119.132965088 0.006758474 0.997923255 -0.064057574 -7.963176727 -0.978646219 -0.006559915 -0.205447182 75.907760620
-0.220802754 0.067289069 0.972994506 120.314064026 0.006410662 0.997695744 -0.067542531 -8.053770065 -0.975297451 -0.008676036 -0.220725358 75.648941040
-0.236114487 0.071167573 0.969115674 121.482009888 0.006137436 0.997403800 -0.071749605 -8.143756866 -0.971705794 -0.010993232 -0.235938251 75.371902466
-0.251732141 0.068985075 0.965335071 122.649795532 0.002797176 0.997504056 -0.070554525 -8.244039536 -0.967792869 -0.015060629 -0.251296818 75.072769165
-0.267994672 0.063234039 0.961342931 123.812965393 -0.002919775 0.997785807 -0.066445105 -8.337430954 -0.963415980 -0.020613834 -0.267216682 74.770263672
-0.283883452 0.059152272 0.957032442 125.003829956 -0.007125576 0.997937620 -0.063794181 -8.425382614 -0.958832383 -0.024929520 -0.282876432 74.440849304
-0.299315482 0.060526684 0.952232480 126.151260376 -0.009155549 0.997757792 -0.066298276 -8.513493538 -0.954110324 -0.028562307 -0.298090190 74.099517822
-0.313194782 0.062587157 0.947624207 127.303939819 -0.008666520 0.997596145 -0.068751939 -8.602390289 -0.949649394 -0.029745353 -0.311899632 73.723274231
-0.327218503 0.064933918 0.942714989 128.440490723 -0.007184554 0.997436345 -0.071196869 -8.692526817 -0.944921494 -0.030069921 -0.325913191 73.340209961
-0.341471583 0.064486004 0.937677264 129.570877075 -0.004979901 0.997505367 -0.070414029 -8.795090675 -0.939878941 -0.028713930 -0.340298623 72.940017700
-0.355618894 0.062459886 0.932541609 130.695663452 -0.005418812 0.997609973 -0.068884470 -8.888584137 -0.934615314 -0.029549889 -0.354430526 72.525436401
-0.369998217 0.061318886 0.927006721 131.819793701 -0.005173286 0.997667968 -0.068057768 -8.983821869 -0.929018080 -0.029976919 -0.368818164 72.082153320
-0.384899408 0.062728152 0.920824468 132.919189453 -0.006561070 0.997476578 -0.070692323 -9.076587677 -0.922935188 -0.033251025 -0.383516580 71.636161804
-0.400031149 0.064503938 0.914228797 134.009521484 -0.005810238 0.997321665 -0.072908930 -9.171984673 -0.916483164 -0.034477729 -0.398584962 71.178794861
-0.414790422 0.066266999 0.907500684 135.102416992 -0.004620468 0.997178257 -0.074927256 -9.266088486 -0.909905195 -0.035272181 -0.413313866 70.692092896
-0.429136008 0.068785205 0.900616944 136.188690186 -0.001780265 0.997029722 -0.076997094 -9.365809441 -0.903238118 -0.034645565 -0.427738905 70.173614502
-0.444140941 0.072142735 0.893047690 137.264602661 -0.002108006 0.996666133 -0.081561677 -9.463878632 -0.895954490 -0.038107432 -0.442508101 69.655593872
-0.458880007 0.074108213 0.885402203 138.335418701 -0.001782945 0.996436656 -0.084325857 -9.571665764 -0.888496459 -0.040274076 -0.457112759 69.103225708
-0.474315494 0.071556710 0.877442002 139.405609131 -0.002979394 0.996554971 -0.082881123 -9.673985481 -0.880349815 -0.041926056 -0.472468317 68.540519714
-0.490125656 0.067276649 0.869051516 140.457153320 -0.005616773 0.996752381 -0.080330208 -9.773690224 -0.871633708 -0.044253167 -0.488156080 67.962249756
-0.506311595 0.067615002 0.859695673 141.520690918 -0.005994603 0.996621370 -0.081914656 -9.875090599 -0.862329721 -0.046627887 -0.504195631 67.352294922
-0.522339284 0.066278927 0.850158036 142.579071045 -0.007633052 0.996571481 -0.082383201 -9.980137825 -0.852703571 -0.049521282 -0.520042539 66.725738525
-0.538260758 0.065299846 0.840244651 143.618896484 -0.008213316 0.996540010 -0.082707830 -10.083295822 -0.842738330 -0.051419582 -0.535862088 66.069564819
-0.553903699 0.064540930 0.830075562 144.650390625 -0.009370325 0.996444464 -0.083729379 -10.196877480 -0.832527995 -0.054156084 -0.551329374 65.406173706
-0.569237530 0.063725471 0.819699824 145.669631958 -0.009988414 0.996381998 -0.084397599 -10.305365562 -0.822112381 -0.056229789 -0.566541612 64.707595825
-0.584098816 0.061753474 0.809329987 146.688644409 -0.009508828 0.996512592 -0.082898445 -10.408597946 -0.811626852 -0.056116659 -0.581474662 63.975440979
-0.599188685 0.058144998 0.798493624 147.692367554 -0.009459812 0.996775329 -0.079682179 -10.518104553 -0.800552011 -0.055298269 -0.596706450 63.240600586
-0.614139855 0.056415949 0.787178159 148.692962646 -0.008786639 0.996891022 -0.078300938 -10.626830101 -0.789148331 -0.055004373 -0.611734748 62.470539093
-0.628722191 0.054971576 0.775684595 149.670883179 -0.009291958 0.996895909 -0.078179993 -10.729536057 -0.777574480 -0.056361116 -0.626259863 61.688724518
-0.643870771 0.055799339 0.763096750 150.654556274 -0.010735817 0.996580124 -0.081930600 -10.843017578 -0.765058935 -0.060945202 -0.641069949 60.893222809
-0.659006238 0.055279173 0.750103414 151.607055664 -0.012642263 0.996340513 -0.084532641 -10.952028275 -0.752031326 -0.065190516 -0.655895710 60.074100494
-0.674956322 0.051920373 0.736028731 152.554870605 -0.014680673 0.996378720 -0.083748318 -11.062526703 -0.737711668 -0.067331843 -0.671749890 59.238319397
-0.691283643 0.044213753 0.721229732 153.487335205 -0.018186223 0.996745408 -0.078534909 -11.176666260 -0.722354710 -0.067406327 -0.688229680 58.372074127
-0.708101511 0.041891716 0.704866767 154.409362793 -0.019022834 0.996744514 -0.078348733 -11.282751083 -0.705854297 -0.068887435 -0.704999387 57.475170135
-0.725425184 0.039508291 0.687166154 155.302200317 -0.020360185 0.996682763 -0.078797534 -11.385942459 -0.687999785 -0.071152560 -0.722214341 56.560653687
-0.742793798 0.035371941 0.668585181 156.176010132 -0.023729883 0.996585250 -0.079088762 -11.500219345 -0.669099569 -0.074612096 -0.739417911 55.617046356
-0.759480178 0.033465046 0.649668932 157.026290894 -0.023310600 0.996634603 -0.078588292 -11.605545998 -0.650112510 -0.074830428 -0.756144166 54.657688141
-0.775366485 0.035945363 0.630487502 157.844650269 -0.020627145 0.996404469 -0.082174040 -11.716284752 -0.631174564 -0.076720156 -0.771837413 53.670635223
-0.790625393 0.035457913 0.611272454 158.651580811 -0.017349079 0.996623695 -0.080250330 -11.822109222 -0.612054110 -0.074052975 -0.787341118 52.660453796
-0.805467606 0.036432076 0.591518939 159.437911987 -0.013257157 0.996751308 -0.079442814 -11.946934700 -0.592491627 -0.071830466 -0.802367926 51.626758575
-0.819527447 0.037812732 0.571790993 160.165283203 -0.011474560 0.996537566 -0.082347423 -12.052033424 -0.572925091 -0.074047029 -0.816256046 50.577880859
-0.833528399 0.039157964 0.551087260 160.886825562 -0.010618230 0.996165395 -0.086843602 -12.168697357 -0.552374661 -0.078238189 -0.829916298 49.526863098
-0.846203446 0.039833020 0.531368971 161.580703735 -0.007604683 0.996197701 -0.086788401 -12.283907890 -0.532805681 -0.077481560 -0.842683136 48.437717438
-0.857846618 0.037994273 0.512499273 162.250671387 -0.006269578 0.996415257 -0.084363818 -12.402351379 -0.513867497 -0.075584374 -0.854533255 47.333229065
-0.868302882 0.039839957 0.494431973 162.892120361 -0.003310276 0.996281743 -0.086091012 -12.520174980 -0.496023506 -0.076389775 -0.864942372 46.218681335
-0.877758920 0.042744361 0.477191985 163.509399414 -0.000346218 0.995955229 -0.089849286 -12.637476921 -0.479102403 -0.079031222 -0.874193847 45.098411560
-0.886721790 0.040460397 0.460529506 164.113098145 -0.002024749 0.995813370 -0.091386959 -12.760936737 -0.462299049 -0.081967257 -0.882927477 43.960216522
-0.895005465 0.037834328 0.444447696 164.702148438 -0.002801413 0.995899796 -0.090418883 -12.891473770 -0.446046412 -0.082170486 -0.891229808 42.814926147
-0.902170122 0.035885047 0.429885209 165.263122559 -0.003603042 0.995872378 -0.090692796 -13.017230988 -0.431365341 -0.083369225 -0.898317099 41.664745331
-0.908750534 0.034031108 0.415949881 165.807159424 -0.003996399 0.995914459 -0.090212338 -13.143677711 -0.417320549 -0.083642818 -0.904901922 40.493713379
-0.915087104 0.031525902 0.402021945 166.338073730 -0.005026178 0.995970368 -0.089543000 -13.265163422 -0.403224885 -0.083960295 -0.911241174 39.315174103
-0.920677066 0.026471589 0.389426500 166.849288940 -0.007694207 0.996272862 -0.085913040 -13.384851456 -0.390249312 -0.082094491 -0.917042077 38.127731323
-0.925918877 0.022893025 0.377027959 167.364608765 -0.009006534 0.996539712 -0.082628198 -13.508647919 -0.377614945 -0.079902716 -0.922508836 36.925003052
-0.930335522 0.023783535 0.365937412 167.852600098 -0.006019359 0.996769726 -0.080086723 -13.617407799 -0.366660148 -0.076710239 -0.927187145 35.709938049
-0.933354676 0.027483968 0.357901871 168.289810181 -0.001785074 0.996696711 -0.081193447 -13.734899521 -0.358951211 -0.076421171 -0.930222511 34.548439026
-0.935731053 0.032431625 0.351220191 168.768051147 0.003579959 0.996585667 -0.082486749 -13.851079941 -0.352696240 -0.075928055 -0.932652295 33.326927185
-0.937696099 0.035451502 0.345643222 169.212387085 0.006398076 0.996374130 -0.084837496 -13.966842651 -0.347397655 -0.077340342 -0.934523106 32.134719849
-0.939617932 0.032203030 0.340706825 169.667053223 0.003932299 0.996513069 -0.083344012 -14.089202881 -0.342202812 -0.076971777 -0.936468124 30.934915543
-0.941282451 0.025944481 0.336621940 170.113006592 -0.001046478 0.996814072 -0.079753719 -14.204593658 -0.337618649 -0.075423062 -0.938256383 29.689056396
-0.943079889 0.019582765 0.331989408 170.556015015 -0.006752902 0.996931434 -0.077988029 -14.314113617 -0.332497954 -0.075790845 -0.940053582 28.472957611
-0.944742203 0.013155237 0.327550262 170.990112305 -0.013568114 0.996769011 -0.079166800 -14.428838730 -0.327533364 -0.079236455 -0.941511273 27.272899628
-0.946057320 0.011000499 0.323812634 171.431793213 -0.016631508 0.996456981 -0.082442373 -14.531497002 -0.323572338 -0.083380692 -0.942522526 26.041799545
-0.946797192 0.010890898 0.321646601 171.852005005 -0.017251091 0.996272922 -0.084513828 -14.647144318 -0.321368277 -0.085566208 -0.943080544 24.834732056
-0.947182238 0.011862384 0.320476502 172.278411865 -0.016824333 0.996101499 -0.086595580 -14.766272545 -0.320254296 -0.087413587 -0.943290055 23.627632141
-0.946770489 0.015386036 0.321541965 172.677185059 -0.013724454 0.996019602 -0.088071555 -14.889841080 -0.321617216 -0.087796502 -0.942790568 22.400527954
-0.946554542 0.016149223 0.322139412 173.100646973 -0.013568520 0.995868087 -0.089792922 -15.009166718 -0.322258443 -0.089364849 -0.942424238 21.194194794
-0.945932865 0.017456645 0.323892325 173.516021729 -0.013064260 0.995690048 -0.091818549 -15.131410599 -0.324099213 -0.091085598 -0.941627920 19.982452393
-0.945367813 0.018588586 0.325475127 173.941177368 -0.011847042 0.995754659 -0.091280341 -15.261082649 -0.325790286 -0.090149425 -0.941134334 18.781936646
-0.944592535 0.018086897 0.327746451 174.363586426 -0.012762586 0.995701909 -0.091731302 -15.382995605 -0.327996969 -0.090831593 -0.940301836 17.589736938
-0.943404377 0.016766781 0.331220448 174.791854858 -0.014336218 0.995725870 -0.091238230 -15.514726639 -0.331334591 -0.090823010 -0.939131737 16.408287048
-0.941584110 0.014963174 0.336445272 175.221115112 -0.016113108 0.995866776 -0.089385010 -15.634601593 -0.336392164 -0.089584708 -0.937451303 15.208976746
-0.939700305 0.012759816 0.341760844 175.666381836 -0.017820524 0.996119380 -0.086189665 -15.759357452 -0.341534287 -0.087082818 -0.935826421 14.028484344
-0.937257886 0.009916650 0.348495722 176.117996216 -0.020583304 0.996277750 -0.083707221 -15.876323700 -0.348028660 -0.085628428 -0.933565140 12.852306366
-0.934824347 0.012198240 0.354900867 176.574905396 -0.018862022 0.996293247 -0.083926827 -15.987638474 -0.354609191 -0.085150979 -0.931129277 11.683559418
-0.931313336 0.012691575 0.363997519 177.023620605 -0.018843913 0.996375203 -0.082954280 -16.116657257 -0.363730967 -0.084115595 -0.927698433 10.517127991
-0.927440703 0.015383771 0.373653799 177.490203857 -0.017901361 0.996181965 -0.085446686 -16.229568481 -0.373541743 -0.085935645 -0.923624218 9.361785889
-0.923250675 0.017022515 0.383820832 177.974624634 -0.016752008 0.996284246 -0.084481001 -16.343605042 -0.383832753 -0.084426925 -0.919534922 8.200000763
-0.918846786 0.018186111 0.394195169 178.478164673 -0.016936688 0.996199489 -0.085437939 -16.463731766 -0.394250810 -0.085180737 -0.915046751 7.085227966
-0.912637413 0.020752169 0.408242911 178.975799561 -0.015934993 0.996145129 -0.086260043 -16.586755753 -0.408459336 -0.085229479 -0.908788741 5.938510895
-0.906762183 0.022921138 0.421018928 179.514144897 -0.014917484 0.996152222 -0.086360857 -16.700576782 -0.421378434 -0.084589288 -0.902931273 4.794265747
-0.899875283 0.023235057 0.435528010 180.064224243 -0.014833785 0.996371746 -0.083804749 -16.814441681 -0.435895056 -0.081874341 -0.896265686 3.619239807
-0.893573344 0.025468355 0.448193967 180.628890991 -0.013507255 0.996411979 -0.083550207 -16.942956924 -0.448713779 -0.080712102 -0.890023291 2.515747070
-0.886510551 0.027852276 0.461869389 181.202606201 -0.011865105 0.996490121 -0.082865551 -17.053174973 -0.462556273 -0.078941293 -0.883068502 1.394317627
-0.879276514 0.029092796 0.475422323 181.805267334 -0.010429687 0.996717513 -0.080282062 -17.169343948 -0.476197422 -0.075548634 -0.876087070 0.290458679
-0.871580184 0.031001071 0.489271849 182.414382935 -0.008002135 0.996966124 -0.077424273 -17.278982162 -0.490187675 -0.071396686 -0.868687928 -0.798759460
-0.863142312 0.033809960 0.503827572 183.031692505 -0.005156510 0.997113764 -0.075746506 -17.387268066 -0.504934490 -0.067978010 -0.860476792 -1.872016907
-0.854261279 0.036595378 0.518554211 183.666122437 -0.002362965 0.997235417 -0.074269570 -17.495882034 -0.519838572 -0.064670935 -0.851813138 -2.909049988
-0.843834639 0.039114852 0.535175860 184.312194824 -0.000068900 0.997331798 -0.073001482 -17.601011276 -0.536603451 -0.061638031 -0.841580391 -3.933197021
-0.832933128 0.042490773 0.551739872 184.973510742 0.003329237 0.997414351 -0.071787223 -17.701421738 -0.553363562 -0.057957072 -0.830920994 -4.943817139
-0.821617067 0.044127814 0.568329155 185.660308838 0.004414729 0.997461915 -0.071065478 -17.800088882 -0.570022762 -0.055879589 -0.819726586 -5.943168640
-0.809725821 0.045703102 0.585025907 186.352478027 0.005275958 0.997489095 -0.070622966 -17.903808594 -0.586784661 -0.054098655 -0.807933867 -6.924766541
-0.796540022 0.048274197 0.602655470 187.078842163 0.007561262 0.997524619 -0.069910355 -18.003395081 -0.604538381 -0.051129565 -0.794933438 -7.905197144
-0.783354819 0.048882876 0.619649589 187.828765869 0.008309169 0.997637212 -0.068197161 -18.093933105 -0.621519268 -0.048273791 -0.781910121 -8.838760376
-0.768021107 0.050863881 0.638401330 188.600296021 0.010332082 0.997695386 -0.067060329 -18.185691833 -0.640340984 -0.044907738 -0.766776860 -9.779579163
