-0.992410064 -0.017881144 -0.121665910 134.977111816 -0.013297440 0.999174595 -0.038382750 -27.955558777 0.122251809 -0.036473580 -0.991828680 459.625701904
-0.992429912 -0.017297098 -0.121588401 134.830841064 -0.012658557 0.999166012 -0.038819022 -28.023181915 0.122158460 -0.036986023 -0.991821170 458.338134766
-0.992532253 -0.017338080 -0.120744236 134.680801392 -0.012723787 0.999162734 -0.038882151 -28.083175659 0.121317297 -0.037055463 -0.991921842 457.045959473
-0.992622018 -0.016708640 -0.120092385 134.529586792 -0.012261217 0.999214709 -0.037677355 -28.147317886 0.120627604 -0.035926893 -0.992047548 455.757873535
-0.992784321 -0.015128353 -0.118954577 134.376464844 -0.010658913 0.999216318 -0.038119536 -28.210975647 0.119438022 -0.036576558 -0.992167711 454.478668213
-0.992876053 -0.015121008 -0.118188314 134.232574463 -0.010314604 0.999098718 -0.041173749 -28.281248093 0.118704394 -0.039661370 -0.992137253 453.200622559
-0.993059576 -0.015281405 -0.116615549 134.089538574 -0.010210211 0.998981059 -0.043960568 -28.344469070 0.117168508 -0.042464800 -0.992203891 451.931762695
-0.993249893 -0.013273519 -0.115232453 133.940612793 -0.008387522 0.999049187 -0.042783022 -28.410308838 0.115690768 -0.041527718 -0.992416799 450.660095215
-0.993444026 -0.011382293 -0.113751955 133.798019409 -0.006850077 0.999170005 -0.040154710 -28.480163574 0.114114605 -0.039112251 -0.992697418 449.391540527
-0.993646920 -0.010836777 -0.112019122 133.663696289 -0.006260553 0.999134421 -0.041123487 -28.542303085 0.112367816 -0.040160928 -0.992854834 448.129821777
-0.993875980 -0.010296054 -0.110020101 133.529678345 -0.005576485 0.999054432 -0.043119226 -28.605215073 0.110360019 -0.042241640 -0.992993653 446.867401123
-0.994088411 -0.010451442 -0.108069390 133.398315430 -0.005812539 0.999051690 -0.043151457 -28.677120209 0.108417906 -0.042268209 -0.993206441 445.594726562
-0.994295299 -0.011363613 -0.106055476 133.263748169 -0.006841349 0.999055684 -0.042907357 -28.746114731 0.106442913 -0.041937027 -0.993434072 444.328613281
-0.994466960 -0.012111205 -0.104349025 133.139404297 -0.007788949 0.999098539 -0.041729514 -28.814901352 0.104760371 -0.040685859 -0.993664861 443.063659668
-0.994657576 -0.014144051 -0.102255560 133.022109985 -0.010169950 0.999176383 -0.039281815 -28.877189636 0.102726959 -0.038032021 -0.993982375 441.793029785
-0.994819045 -0.016494393 -0.100313857 132.892608643 -0.012966156 0.999277592 -0.035722852 -28.944393158 0.100830615 -0.034237087 -0.994314373 440.497802734
-0.994965911 -0.019335195 -0.098331019 132.780883789 -0.015893908 0.999237537 -0.035660706 -29.006015778 0.098945558 -0.033918321 -0.994514585 439.235137939
-0.995185971 -0.020459639 -0.095845237 132.666473389 -0.016823366 0.999113321 -0.038594712 -29.062778473 0.096549891 -0.036796473 -0.994647801 437.957092285
-0.995421588 -0.020703493 -0.093311511 132.557708740 -0.016921420 0.999010026 -0.041142248 -29.122276306 0.094070911 -0.039374925 -0.994786620 436.667053223
-0.995686173 -0.019879436 -0.090629384 132.451553345 -0.016239058 0.999038279 -0.040729694 -29.186855316 0.091351904 -0.039082266 -0.995051503 435.388793945
-0.996010482 -0.018103953 -0.087380186 132.335922241 -0.014597137 0.999068618 -0.040606320 -29.255109787 0.088033937 -0.039168824 -0.995347202 434.116119385
-0.996229708 -0.017529722 -0.084965043 132.229644775 -0.013968141 0.999005914 -0.042332917 -29.318433762 0.085622668 -0.040986508 -0.995484233 432.827331543
-0.996468782 -0.018438835 -0.081913829 132.131805420 -0.014815315 0.998893917 -0.044625424 -29.384859085 0.082646087 -0.043254271 -0.995639861 431.544860840
-0.996747315 -0.020218357 -0.078012250 132.039138794 -0.016664507 0.998805344 -0.045940116 -29.454967499 0.078847870 -0.044490658 -0.995893359 430.268310547
-0.996989906 -0.024048163 -0.073707230 131.957458496 -0.020429833 0.998567283 -0.049457397 -29.524612427 0.074790984 -0.047802698 -0.996052861 428.987762451
-0.997258723 -0.026596272 -0.069049008 131.873931885 -0.023391329 0.998629630 -0.046816368 -29.599988937 0.070199527 -0.045072883 -0.996514201 427.701171875
-0.997453034 -0.029952666 -0.064732775 131.800277710 -0.027477924 0.998869598 -0.038788319 -29.665744781 0.065821417 -0.036910802 -0.997148514 426.417938232
-0.997640669 -0.032051031 -0.060711626 131.729217529 -0.029758595 0.998823225 -0.038294733 -29.729202271 0.061867572 -0.036397692 -0.997420430 425.126434326
-0.997901618 -0.031207412 -0.056731440 131.661590576 -0.028887594 0.998730659 -0.041261543 -29.785573959 0.057947088 -0.039536130 -0.997536480 423.846008301
-0.998134196 -0.031093938 -0.052547816 131.607879639 -0.028618572 0.998474479 -0.047220338 -29.854087830 0.053935900 -0.045628391 -0.997501373 422.575256348
-0.998413801 -0.029980471 -0.047655635 131.533203125 -0.027546560 0.998322010 -0.050934181 -29.930574417 0.049102694 -0.049540639 -0.997564375 421.313842773
-0.998630166 -0.029091084 -0.043490794 131.482238770 -0.026899967 0.998379648 -0.050144557 -30.004468918 0.044879079 -0.048905961 -0.997794628 420.031066895
-0.998765230 -0.029206971 -0.040186811 131.431747437 -0.027397692 0.998617530 -0.044858873 -30.084640503 0.041441448 -0.043702450 -0.998184741 418.717437744
-0.998862088 -0.029867750 -0.037181243 131.399078369 -0.028315682 0.998733282 -0.041592475 -30.149736404 0.038376428 -0.040492333 -0.998442531 417.432037354
-0.999016285 -0.028803093 -0.033716459 131.362945557 -0.027391469 0.998758554 -0.041606065 -30.214099884 0.034872975 -0.040641598 -0.998564959 416.138244629
-0.999124467 -0.029071691 -0.030087171 131.334503174 -0.027752455 0.998673379 -0.043372940 -30.279323578 0.031308185 -0.042499974 -0.998605669 414.856475830
-0.999254882 -0.028082561 -0.026476873 131.305450439 -0.026897319 0.998664677 -0.044105604 -30.352121353 0.027680121 -0.043360587 -0.998675942 413.562316895
-0.999322474 -0.028808981 -0.022910016 131.280548096 -0.027771164 0.998627901 -0.044395793 -30.421123505 0.024157591 -0.043729473 -0.998751283 412.273040771
-0.999382377 -0.029494967 -0.019103009 131.264160156 -0.028599732 0.998552442 -0.045553159 -30.493148804 0.020418949 -0.044978686 -0.998779237 410.993286133
-0.999382675 -0.031580348 -0.015389658 131.254165649 -0.030839056 0.998454452 -0.046233650 -30.566452026 0.016825940 -0.045730509 -0.998812199 409.720550537
-0.999325156 -0.034705598 -0.012031956 131.249023438 -0.034104601 0.998312652 -0.046996053 -30.638221741 0.013642667 -0.046553988 -0.998822749 408.454406738
-0.999224424 -0.038290989 -0.009181138 131.253204346 -0.037835535 0.998247683 -0.045495879 -30.717056274 0.010907134 -0.045113221 -0.998922348 407.213439941
-0.999042451 -0.043311659 -0.006171348 131.261795044 -0.042993024 0.998071790 -0.044768028 -30.792222977 0.008098437 -0.044459842 -0.998978317 405.962493896
-0.998860419 -0.047593940 -0.003535538 131.277801514 -0.047382411 0.997825146 -0.045824267 -30.859977722 0.005708791 -0.045604531 -0.998943269 404.700195312
-0.998837173 -0.048202626 -0.000811066 131.283065796 -0.048106320 0.997659206 -0.048599176 -30.944175720 0.003151791 -0.048503652 -0.998817980 403.495483398
-0.998869956 -0.047487278 0.001867643 131.296279907 -0.047520116 0.997514784 -0.052019756 -31.018228531 0.000607277 -0.052049730 -0.998644292 402.258148193
-0.998999417 -0.044406347 0.005284550 131.309829712 -0.044621974 0.997639894 -0.052185871 -31.095550537 -0.002954705 -0.052369468 -0.998623371 401.027832031
-0.999196589 -0.038905233 0.009618180 131.299819946 -0.039347485 0.997917116 -0.051119369 -31.176849365 -0.007609360 -0.051456757 -0.998646259 399.789916992
-0.999230921 -0.037209153 0.012369796 131.323074341 -0.037793078 0.997987986 -0.050907824 -31.254823685 -0.010450680 -0.051336169 -0.998626828 398.566986084
-0.999186099 -0.037009232 0.016042117 131.340118408 -0.037790976 0.997956216 -0.051528756 -31.332748413 -0.014102290 -0.052093074 -0.998542666 397.350402832
-0.999076068 -0.038824175 0.018430552 131.378173828 -0.039727096 0.997884870 -0.051454619 -31.405870438 -0.016393887 -0.052139275 -0.998505294 396.147521973
-0.998965859 -0.040267773 0.021115392 131.410079956 -0.041271795 0.997921407 -0.049491551 -31.480228424 -0.019078556 -0.050311830 -0.998551428 394.930175781
-0.998929083 -0.039490566 0.024104826 131.441696167 -0.040607568 0.998033106 -0.047757704 -31.554479599 -0.022171438 -0.048685398 -0.998568058 393.734863281
-0.998953402 -0.037499797 0.026190653 131.477584839 -0.038699016 0.998150051 -0.046890099 -31.632354736 -0.024383802 -0.047854569 -0.998556674 392.545471191
-0.998895705 -0.037075087 0.028859746 131.516464233 -0.038431726 0.998109221 -0.047966436 -31.702322006 -0.027026802 -0.049022589 -0.998431981 391.371734619
-0.998852074 -0.036756504 0.030716268 131.566757202 -0.038257055 0.998026967 -0.049782760 -31.771888733 -0.028825827 -0.050900728 -0.998287618 390.202239990
-0.998776436 -0.036727306 0.033117536 131.611297607 -0.038371764 0.997988164 -0.050468523 -31.841936111 -0.031197306 -0.051677544 -0.998176455 389.036071777
-0.998666167 -0.037725057 0.035252567 131.662216187 -0.039472021 0.997956336 -0.050249159 -31.913328171 -0.033284854 -0.051573623 -0.998114347 387.876403809
-0.998552024 -0.038446680 0.037627116 131.715728760 -0.040323693 0.997911274 -0.050467126 -31.989168167 -0.035608232 -0.051911309 -0.998016715 386.723876953
-0.998481035 -0.038113527 0.039787866 131.772201538 -0.040080432 0.997951269 -0.049867261 -32.056682587 -0.037805736 -0.051386222 -0.997963071 385.576171875
-0.998423696 -0.036830414 0.042352110 131.825271606 -0.038828697 0.998122394 -0.047370143 -32.129814148 -0.040527929 -0.048939943 -0.997979164 384.432617188
-0.998387158 -0.034858450 0.044810191 131.883193970 -0.036956821 0.998216331 -0.046885364 -32.198390961 -0.043095905 -0.048465781 -0.997894704 383.295623779
-0.998356760 -0.031968389 0.047559753 131.937316895 -0.034362111 0.998138011 -0.050395135 -32.264202118 -0.045860142 -0.051946566 -0.997596383 382.184204102
-0.998306632 -0.028227732 0.050862707 131.983535767 -0.030909803 0.998129725 -0.052740503 -32.337074280 -0.049278829 -0.054223344 -0.997312248 381.081298828
-0.998223782 -0.026816105 0.053197071 132.052276611 -0.029548980 0.998247564 -0.051269509 -32.406539917 -0.051729009 -0.052750371 -0.997267067 379.971069336
-0.998095572 -0.025794208 0.056034043 132.119552612 -0.028457537 0.998476923 -0.047264509 -32.478275299 -0.054729529 -0.048769090 -0.997309566 378.863952637
-0.997908294 -0.025127983 0.059561916 132.191528320 -0.027872538 0.998566091 -0.045705155 -32.539817810 -0.058328040 -0.047269702 -0.997177720 377.769348145
-0.997631550 -0.025726127 0.063792206 132.259231567 -0.028753513 0.998480856 -0.047002122 -32.608688354 -0.062486120 -0.048725046 -0.996855795 376.687835693
-0.997374475 -0.026786435 0.067280166 132.341842651 -0.030201698 0.998278975 -0.050268419 -32.672355652 -0.065817863 -0.052168407 -0.996467113 375.618286133
-0.997083485 -0.028122388 0.070948504 132.425979614 -0.031844277 0.998145223 -0.051885139 -32.741107941 -0.069357775 -0.053993117 -0.996129692 374.567016602
-0.996742547 -0.028354304 0.075500838 132.510253906 -0.032308180 0.998141289 -0.051672757 -32.810424805 -0.073895365 -0.053943727 -0.995806098 373.514434814
-0.996347606 -0.028081393 0.080640048 132.602386475 -0.032271262 0.998170376 -0.051133219 -32.878364563 -0.079056598 -0.053548817 -0.995430946 372.464385986
-0.995915949 -0.025885658 0.086494111 132.695144653 -0.030213412 0.998336494 -0.049106505 -32.945358276 -0.085079066 -0.051519234 -0.995041430 371.434936523
-0.995288551 -0.022258364 0.094367586 132.787231445 -0.026656099 0.998604000 -0.045600563 -33.011360168 -0.093220860 -0.047901187 -0.994492590 370.402465820
-0.994480669 -0.021246705 0.102746338 132.901031494 -0.025769386 0.998747289 -0.042892676 -33.069503784 -0.101706296 -0.045303643 -0.993782401 369.379486084
-0.993481398 -0.020015195 0.112223230 133.024108887 -0.024997192 0.998755276 -0.043163661 -33.130924225 -0.111219585 -0.045687564 -0.992745101 368.386718750
-0.992133260 -0.018259788 0.123847239 133.149490356 -0.023893870 0.998738766 -0.044160441 -33.184841156 -0.122884668 -0.046772234 -0.991318107 367.393737793
-0.990654051 -0.017316254 0.135295019 133.299011230 -0.023653677 0.998689950 -0.045375228 -33.244392395 -0.134332046 -0.048151378 -0.989765823 366.409332275
-0.988684058 -0.017459696 0.148993567 133.447250366 -0.024573132 0.998637378 -0.046036597 -33.301364899 -0.147986710 -0.049176883 -0.987765968 365.422088623
-0.986332238 -0.016736228 0.163916945 133.613006592 -0.024802165 0.998573363 -0.047285046 -33.357513428 -0.162891716 -0.050704256 -0.985340238 364.458190918
-0.983605325 -0.016191266 0.179606393 133.798599243 -0.025124107 0.998551726 -0.047572836 -33.414001465 -0.178576007 -0.051305342 -0.982587636 363.505493164
-0.980516851 -0.015718898 0.195804998 133.988876343 -0.025433253 0.998561740 -0.047197193 -33.472373962 -0.194781423 -0.051257599 -0.979506433 362.545654297
-0.977235556 -0.016460774 0.211517394 134.202163696 -0.027032660 0.998520195 -0.047186967 -33.527847290 -0.210427612 -0.051830657 -0.976234555 361.603088379
-0.973800361 -0.016047148 0.226837754 134.421569824 -0.027409542 0.998517334 -0.047029495 -33.585838318 -0.225746796 -0.052014865 -0.972796440 360.666595459
-0.970218778 -0.017585570 0.241591111 134.660125732 -0.030133784 0.998375952 -0.048343461 -33.636695862 -0.240348637 -0.054183789 -0.969173253 359.745727539
-0.966725707 -0.018816993 0.255122393 134.914703369 -0.032241732 0.998300612 -0.048541013 -33.692977905 -0.253775418 -0.055151440 -0.965689600 358.819671631
-0.963456869 -0.021773241 0.266976863 135.180343628 -0.036106125 0.998151124 -0.048894547 -33.748977661 -0.265418738 -0.056747295 -0.962461710 357.892578125
-0.960329831 -0.024321612 0.277803779 135.453323364 -0.039453901 0.998018742 -0.049010616 -33.805015564 -0.276061445 -0.058026809 -0.959386706 356.984741211
-0.957222283 -0.027214052 0.288070768 135.750335693 -0.043117322 0.997867465 -0.049004804 -33.855167389 -0.286122739 -0.059329335 -0.956354380 356.048614502
-0.954366624 -0.029039852 0.297222078 136.039474487 -0.045201510 0.997840941 -0.047646739 -33.915294647 -0.295196712 -0.058907352 -0.953618705 355.131134033
-0.951443732 -0.031978711 0.306157053 136.351348877 -0.048426434 0.997754037 -0.046277352 -33.972381592 -0.303989589 -0.058856394 -0.950855494 354.217285156
-0.948441565 -0.033365779 0.315190852 136.658142090 -0.050191395 0.997706413 -0.045414865 -34.024253845 -0.312952697 -0.058893219 -0.947940886 353.316406250
-0.945113361 -0.034991734 0.324863613 136.977905273 -0.051880091 0.997706890 -0.043467682 -34.082855225 -0.322597742 -0.057935841 -0.944761395 352.396667480
-0.941550970 -0.035571724 0.334987283 137.307495117 -0.052600581 0.997736454 -0.041896913 -34.135929108 -0.332738668 -0.057068605 -0.941290736 351.507263184
-0.937314272 -0.036184844 0.346601397 137.634368896 -0.053487696 0.997747600 -0.040482949 -34.187667847 -0.344355851 -0.056484159 -0.937138498 350.626220703
-0.933158100 -0.036017004 0.357657403 137.974014282 -0.053568311 0.997791171 -0.039284106 -34.236293793 -0.355452508 -0.055817388 -0.933026254 349.740234375
-0.928714216 -0.037215654 0.368924022 138.323455811 -0.054634288 0.997825205 -0.036877289 -34.282497406 -0.366749287 -0.054404367 -0.928727746 348.868164062
-0.924783230 -0.038141869 0.378577799 138.690216064 -0.055069387 0.997904062 -0.033983313 -34.331695557 -0.376488119 -0.052275252 -0.924945414 348.020690918
-0.920360327 -0.037342932 0.389284313 139.044281006 -0.054035850 0.998025596 -0.032015812 -34.370864868 -0.387320101 -0.050501388 -0.920561254 347.165649414
-0.915365577 -0.036452744 0.400970250 139.414016724 -0.052962795 0.998140752 -0.030165182 -34.409286499 -0.399125218 -0.048848670 -0.915594339 346.331359863
-0.909595966 -0.036033820 0.413928390 139.798004150 -0.051845696 0.998289347 -0.027025066 -34.450340271 -0.412246615 -0.046042297 -0.909908175 345.496704102
-0.903381586 -0.033456568 0.427530497 140.182235718 -0.049256366 0.998449147 -0.025945785 -34.482093811 -0.425999433 -0.044497542 -0.903628528 344.664489746
-0.896829188 -0.030989271 0.441290140 140.589981079 -0.047982145 0.998472452 -0.027396625 -34.517623901 -0.439767063 -0.045744140 -0.896946251 343.861206055
-0.889718652 -0.027391525 0.455686808 141.007202148 -0.045739818 0.998524129 -0.029284306 -34.551452637 -0.454212070 -0.046897821 -0.889658451 343.060180664
-0.881692767 -0.024008863 0.471212745 141.430389404 -0.042980146 0.998639226 -0.029538868 -34.584522247 -0.469862342 -0.046297003 -0.881524742 342.256134033
-0.873429418 -0.021173242 0.486490428 141.876876831 -0.039680399 0.998826504 -0.027769560 -34.616569519 -0.485331595 -0.043558884 -0.873244405 341.480834961
-0.863907218 -0.016779426 0.503371477 142.328765869 -0.034163240 0.999095261 -0.025328448 -34.657314301 -0.502491176 -0.039078228 -0.863698781 340.712402344
-0.852483213 -0.012905188 0.522595465 142.788299561 -0.030213680 0.999240398 -0.024610369 -34.686450958 -0.521880925 -0.036769453 -0.852225542 339.920898438
-0.841075599 -0.008357843 0.540853024 143.270767212 -0.025690684 0.999369383 -0.024508027 -34.714675903 -0.540307045 -0.034507986 -0.840760112 339.166900635
-0.828939199 -0.003934958 0.559325039 143.764801025 -0.020952789 0.999491751 -0.024021143 -34.748504639 -0.558946311 -0.031631485 -0.828600347 338.422302246
-0.816525102 -0.001158666 0.577308834 144.278656006 -0.017700754 0.999577940 -0.023029152 -34.769027710 -0.577038527 -0.029022682 -0.816201091 337.680236816
-0.803669035 -0.001621712 0.595074356 144.820983887 -0.016113391 0.999688923 -0.019037327 -34.798210144 -0.594858289 -0.024888379 -0.803445160 336.950988770
-0.790474713 -0.000236897 0.612494707 145.380249023 -0.013222731 0.999773443 -0.016678330 -34.830234528 -0.612351954 -0.021282654 -0.790298700 336.234191895
-0.777056873 0.002414253 0.629425883 145.943176270 -0.010019982 0.999818504 -0.016205097 -34.856395721 -0.629350841 -0.018899117 -0.776891589 335.539581299
-0.762852430 0.004484452 0.646556973 146.539306641 -0.008688685 0.999814570 -0.017186124 -34.871364594 -0.646514118 -0.018728212 -0.762672126 334.839355469
-0.748248935 0.006002218 0.663390875 147.157806396 -0.006355388 0.999848366 -0.016214758 -34.898174286 -0.663387656 -0.016348783 -0.748097420 334.155700684
-0.732679963 0.007964251 0.680526733 147.792388916 -0.003038750 0.999883235 -0.014973333 -34.920787811 -0.680566549 -0.013038612 -0.732570291 333.476348877
-0.715441585 0.008980109 0.698614776 148.446289062 -0.000363623 0.999912560 -0.013225419 -34.940776825 -0.698672533 -0.009716048 -0.715375841 332.805877686
-0.698125243 0.010779792 0.715894461 149.114471436 0.003981373 0.999929667 -0.011174178 -34.953105927 -0.715964615 -0.004950732 -0.698119044 332.147888184
-0.679950356 0.009949201 0.733190656 149.809600830 0.005711739 0.999949515 -0.008272061 -34.974010468 -0.733235955 -0.001436795 -0.679972827 331.495605469
-0.663317561 0.009142998 0.748282194 150.519500732 0.005123758 0.999957323 -0.007676157 -34.993488312 -0.748320460 -0.001257713 -0.663336158 330.879638672
-0.645408750 0.012640627 0.763732851 151.252838135 0.007438003 0.999919534 -0.010264143 -35.009613037 -0.763801098 -0.000943919 -0.645450890 330.261169434
-0.628230035 0.012342482 0.777929723 151.987762451 0.007083238 0.999923468 -0.010144403 -35.027267456 -0.777995408 -0.000862749 -0.628269374 329.677307129
-0.609304070 0.010857770 0.792862236 152.751129150 0.006881259 0.999940991 -0.008405430 -35.044914246 -0.792906761 0.000334427 -0.609342873 329.093170166
-0.589916587 0.006854639 0.807435036 153.538330078 0.006322146 0.999972522 -0.003870172 -35.065567017 -0.807439387 0.002821646 -0.589943886 328.518798828
-0.569687188 0.005022762 0.821846306 154.324340820 0.005699122 0.999981523 -0.002160927 -35.083385468 -0.821841896 0.003452759 -0.569705188 327.981262207
-0.547997892 0.002776182 0.836475194 155.140838623 0.003940585 0.999991894 -0.000737289 -35.099327087 -0.836470425 0.002892173 -0.548004389 327.454101562
-0.525120974 0.002095805 0.851025045 155.966064453 0.001729755 0.999997556 -0.001395341 -35.112453461 -0.851025879 0.000739342 -0.525123239 326.953918457
-0.500769138 0.000287150 0.865580916 156.811614990 0.004807349 0.999985397 0.002449491 -35.117835999 -0.865567565 0.005387792 -0.500763178 326.472656250
-0.474431336 -0.006599766 0.880267859 157.680358887 0.004579586 0.999939859 0.009965230 -35.122524261 -0.880280614 0.008759087 -0.474372506 326.014892578
-0.446785808 -0.011872885 0.894562244 158.541976929 0.007611417 0.999825180 0.017071463 -35.122562408 -0.894608676 0.014436181 -0.446617335 325.589355469
-0.418459475 -0.011049078 0.908168316 159.442108154 0.011198645 0.999787092 0.017323783 -35.116706848 -0.908166468 0.017419564 -0.418246657 325.176696777
-0.390474170 -0.010482144 0.920554221 160.332031250 0.013156580 0.999769449 0.016964819 -35.107780457 -0.920519888 0.018735675 -0.390246272 324.801269531
-0.363921255 -0.012264250 0.931348920 161.261154175 0.012918694 0.999750614 0.018212913 -35.095291138 -0.931340158 0.018659880 -0.363672107 324.446563721
-0.338625610 -0.015343092 0.940796018 162.186447144 0.013595449 0.999682903 0.021196935 -35.087455750 -0.940822959 0.019968377 -0.338309616 324.121124268
-0.313240230 -0.019526895 0.949473083 163.135284424 0.012992111 0.999606907 0.024844175 -35.078285217 -0.949585080 0.020117864 -0.312863380 323.817138672
-0.288882166 -0.022024132 0.957111299 164.112701416 0.012853797 0.999555945 0.026880456 -35.063144684 -0.957278490 0.020067804 -0.288470834 323.534545898
-0.265884757 -0.023810718 0.963710666 165.100723267 0.012009132 0.999535680 0.028009128 -35.046314240 -0.963930070 0.019020526 -0.265475273 323.269165039
-0.245423526 -0.024296010 0.969111443 166.096099854 0.012045211 0.999532282 0.028109074 -35.030513763 -0.969341159 0.018571775 -0.245016098 323.025939941
-0.227216601 -0.024939191 0.973524868 167.110061646 0.011042146 0.999541879 0.028182868 -35.010025024 -0.973781645 0.017153423 -0.226837128 322.797668457
-0.210981324 -0.025627786 0.977154076 168.121978760 0.010604438 0.999537408 0.028504476 -34.991439819 -0.977432609 0.016376082 -0.210611939 322.586822510
-0.196950510 -0.026678238 0.980050385 169.151672363 0.010777991 0.999510348 0.029373905 -34.966304779 -0.980354190 0.016348181 -0.196566552 322.388061523
-0.184755713 -0.028098928 0.982382596 170.193908691 0.010560843 0.999476790 0.030574029 -34.946201324 -0.982727706 0.016023517 -0.184362262 322.198059082
-0.174031839 -0.029022340 0.984312236 171.240676880 0.009580942 0.999468565 0.031163177 -34.922733307 -0.984693408 0.014854024 -0.173661247 322.025054932
-0.164673552 -0.030826490 0.985866308 172.313827515 0.010022965 0.999407649 0.032924082 -34.900558472 -0.986297190 0.015303030 -0.164267033 321.851837158
-0.156109035 -0.031491429 0.987237692 173.392028809 0.010445232 0.999383092 0.033530518 -34.875946045 -0.987684608 0.015546344 -0.155683786 321.690277100
-0.149008736 -0.032054506 0.988316119 174.459838867 0.011808119 0.999345481 0.034192532 -34.844657898 -0.988765359 0.016765144 -0.148532718 321.530151367
-0.143098280 -0.032964502 0.989159346 175.544433594 0.013454879 0.999288023 0.035248529 -34.815353394 -0.989617050 0.018353015 -0.142552853 321.376922607
-0.138382331 -0.034037624 0.989793897 176.646881104 0.013802996 0.999245882 0.036292464 -34.784278870 -0.990282774 0.018684357 -0.137808144 321.228942871
-0.133944348 -0.035391871 0.990356684 177.774551392 0.014355350 0.999187887 0.037649009 -34.754425049 -0.990885019 0.019259788 -0.133327514 321.077453613
-0.130431741 -0.036468569 0.990786314 178.888549805 0.015057866 0.999135137 0.038758155 -34.716930389 -0.991342962 0.019974424 -0.129769802 320.937133789
-0.128073692 -0.039344784 0.990983903 180.021377563 0.013955574 0.999042392 0.041468333 -34.682765961 -0.991666496 0.019140743 -0.127401963 320.802276611
-0.127075285 -0.043553073 0.990936399 181.158691406 0.011848836 0.998897552 0.045422453 -34.642284393 -0.991822302 0.017513515 -0.126419142 320.663879395
-0.126695156 -0.048283242 0.990765929 182.314651489 0.010224469 0.998697996 0.049977265 -34.596942902 -0.991889060 0.016461939 -0.126036555 320.519439697
-0.126642108 -0.052153006 0.990576506 183.471389771 0.009205063 0.998512208 0.053747650 -34.545654297 -0.991905808 0.015925046 -0.125973612 320.380981445
-0.126917854 -0.056220584 0.990318716 184.633438110 0.009387168 0.998279750 0.057875574 -34.492767334 -0.991868734 0.016641732 -0.126171783 320.237579346
-0.127453640 -0.057607543 0.990170121 185.815765381 0.007981006 0.998220026 0.059103180 -34.433666229 -0.991812408 0.015435471 -0.126766995 320.093261719
-0.128917128 -0.055649869 0.990092635 186.983825684 0.007245051 0.998344660 0.057057042 -34.377696991 -0.991628885 0.014528901 -0.128300548 319.951995850
-0.130347103 -0.054067675 0.989993274 188.159454346 0.007152406 0.998434722 0.055470437 -34.319107056 -0.991442621 0.014311243 -0.129756376 319.805541992
-0.132651240 -0.056484256 0.989552140 189.342178345 0.007160697 0.998294234 0.057943176 -34.267284393 -0.991136909 0.014772119 -0.132020503 319.651763916
-0.135753021 -0.060698975 0.988881588 190.527511597 0.007772289 0.998025477 0.062327217 -34.206333160 -0.990712225 0.016146990 -0.135013208 319.501983643
-0.138696983 -0.066989891 0.988066554 191.716888428 0.009119874 0.997580826 0.068915121 -34.146923065 -0.990292907 0.018569371 -0.137750506 319.328613281
-0.142863914 -0.072846435 0.987057865 192.907836914 0.010762811 0.997114480 0.075146392 -34.079463959 -0.989683867 0.021359216 -0.141667619 319.160614014
-0.147891477 -0.077414185 0.985969126 194.097961426 0.013511610 0.996680796 0.080281883 -34.003776550 -0.988911390 0.025195030 -0.146354556 318.982360840
-0.152632996 -0.080212615 0.985022306 195.277923584 0.015630323 0.996380210 0.083559461 -33.925716400 -0.988159359 0.028150145 -0.150826707 318.797119141
-0.157760605 -0.081328943 0.984122515 196.467300415 0.016315671 0.996251881 0.084946804 -33.841583252 -0.987342656 0.029457873 -0.155842304 318.617553711
-0.163160250 -0.081443645 0.983232260 197.649871826 0.018655108 0.996154130 0.085609660 -33.756866455 -0.986423194 0.032310393 -0.161013395 318.420776367
-0.168946818 -0.082755007 0.982144892 198.837600708 0.018783532 0.996017635 0.087155022 -33.674217224 -0.985446215 0.033172708 -0.166719601 318.213287354
-0.175106019 -0.086303875 0.980759680 200.023620605 0.017725486 0.995712757 0.090784438 -33.582168579 -0.984390020 0.033281341 -0.172825530 318.009460449
-0.182012603 -0.091108680 0.979066193 201.218719482 0.016504787 0.995274842 0.095685311 -33.489273071 -0.983157635 0.033575222 -0.179648831 317.792572021
-0.189544484 -0.095439054 0.977222741 202.398162842 0.015812235 0.994839013 0.100226499 -33.394363403 -0.981744766 0.034449454 -0.187057137 317.573852539
-0.197212607 -0.095682323 0.975680292 203.578933716 0.015655171 0.994791508 0.100720853 -33.288406372 -0.980235875 0.035137869 -0.194687471 317.340209961
-0.205050245 -0.098540418 0.973778367 204.761367798 0.015282693 0.994475186 0.103852928 -33.180587769 -0.978632212 0.036177024 -0.202411428 317.094635010
-0.214653492 -0.100383915 0.971517980 205.955749512 0.014984408 0.994248509 0.106043369 -33.073173523 -0.976575375 0.037320208 -0.211914763 316.844512939
-0.223201469 -0.102881230 0.969327807 207.137847900 0.015201397 0.993926466 0.108992346 -32.963390350 -0.974653721 0.039062399 -0.220281869 316.573852539
-0.232376575 -0.103356339 0.967118680 208.320907593 0.015545878 0.993816137 0.109944813 -32.852092743 -0.972501636 0.040583309 -0.229332805 316.296722412
-0.241651312 -0.103055827 0.964875162 209.495391846 0.016098585 0.993781745 0.110175125 -32.734035492 -0.970229566 0.042157091 -0.238489628 316.005157471
-0.251018286 -0.099409521 0.962864161 210.649993896 0.013444748 0.994258523 0.106155813 -32.625534058 -0.967888951 0.039592527 -0.248240560 315.719360352
-0.261005610 -0.093186490 0.960828960 211.806457520 0.016456733 0.994755566 0.100947306 -32.517879486 -0.965196967 0.042159934 -0.258103281 315.404296875
-0.271239787 -0.088819437 0.958404899 212.941772461 0.017027458 0.995134532 0.097042300 -32.415996552 -0.962361157 0.042640943 -0.268407702 315.090087891
-0.282467961 -0.088775873 0.955160022 214.068481445 0.018912824 0.994999468 0.098071761 -32.321254730 -0.959090173 0.045766916 -0.279376537 314.760223389
-0.292852551 -0.091261655 0.951792359 215.191558838 0.017648831 0.994749069 0.100810803 -32.221473694 -0.955994725 0.046320725 -0.289704114 314.408843994
-0.305678487 -0.091043502 0.947771966 216.297882080 0.016500456 0.994761884 0.100879140 -32.124275208 -0.951991856 0.046475261 -0.302575022 314.058349609
-0.320320398 -0.088741213 0.943143547 217.382904053 0.016065355 0.994950533 0.099072054 -32.027061462 -0.947172999 0.046886735 -0.317277282 313.693756104
-0.335735291 -0.088534966 0.937786579 218.476196289 0.014210107 0.994983733 0.099022225 -31.932744980 -0.941849351 0.046571296 -0.332793087 313.319763184
-0.350701749 -0.087561905 0.932384729 219.547576904 0.013921085 0.995021820 0.098680459 -31.837394714 -0.936383784 0.047587220 -0.347736955 312.922698975
-0.365401089 -0.086306825 0.926840484 220.599060059 0.013550611 0.995093703 0.098004766 -31.748750687 -0.930751562 0.048370302 -0.362438798 312.509918213
-0.380425960 -0.085219473 0.920876682 221.628890991 0.012655510 0.995172441 0.097323067 -31.658544540 -0.924724758 0.048678376 -0.377510905 312.091125488
-0.395611912 -0.085995838 0.914382875 222.653152466 0.009314561 0.995179713 0.097624607 -31.567720413 -0.918370664 0.047138534 -0.392903924 311.665130615
-0.410499632 -0.086060420 0.907790422 223.696289062 0.006939723 0.995212615 0.097486332 -31.473020554 -0.911834359 0.046317920 -0.407937169 311.206695557
-0.425545782 -0.085904762 0.900850177 224.695449829 0.004261188 0.995282769 0.096922740 -31.382232666 -0.904926777 0.045083750 -0.423172325 310.743621826
-0.440311968 -0.085061453 0.893806458 225.699829102 0.002262830 0.995393693 0.095844030 -31.292728424 -0.897841990 0.044223789 -0.438091308 310.265045166
-0.454366654 -0.083370171 0.886904895 226.661087036 0.002180594 0.995503902 0.094695725 -31.209590912 -0.890812099 0.044960570 -0.452142060 309.760406494
-0.468731999 -0.081593931 0.879563868 227.627349854 0.003054734 0.995569110 0.093983211 -31.124132156 -0.883335233 0.046739787 -0.466405869 309.247802734
-0.483044773 -0.078793764 0.872043192 228.581146240 0.004022903 0.995732546 0.092198148 -31.039875031 -0.875586510 0.048043974 -0.480666429 308.724700928
-0.497141659 -0.075883932 0.864344776 229.525573730 0.005989639 0.995844364 0.090873823 -30.961891174 -0.867648780 0.050354268 -0.494621217 308.186645508
-0.510769546 -0.072175190 0.856682658 230.445053101 0.008429023 0.996001482 0.088938303 -30.883529663 -0.859676301 0.052647971 -0.508118927 307.640502930
-0.523624182 -0.069670215 0.849095881 231.344451904 0.009909794 0.996085107 0.087842233 -30.806716919 -0.851891756 0.054410689 -0.520883858 307.085906982
-0.536049843 -0.068404995 0.841410398 232.246170044 0.010338021 0.996104896 0.087567568 -30.732799530 -0.844123006 0.055639099 -0.533254802 306.509735107
-0.548372328 -0.065794393 0.833641946 233.120086670 0.010301572 0.996292770 0.085407868 -30.668661118 -0.836170673 0.055423159 -0.545661747 305.936004639
-0.560611367 -0.062262677 0.825735033 233.983718872 0.009733345 0.996604800 0.081754923 -30.594993591 -0.828021765 0.053869907 -0.558102131 305.354858398
-0.572458088 -0.059366636 0.817781925 234.825347900 0.007839326 0.996933460 0.077859722 -30.533601761 -0.819896579 0.050982293 -0.570237279 304.780364990
-0.584252596 -0.054373361 0.809748292 235.646743774 0.008634259 0.997280240 0.073195659 -30.468025208 -0.811526000 0.049756352 -0.582194149 304.189544678
-0.595635712 -0.049711749 0.801714897 236.458984375 0.010768111 0.997499168 0.069851898 -30.415447235 -0.803182542 0.050239258 -0.593611062 303.582824707
-0.607464671 -0.050806563 0.792720258 237.251007080 0.010823256 0.997330427 0.072214223 -30.364700317 -0.794273019 0.052447401 -0.605293095 302.981903076
-0.619038880 -0.053043559 0.783567071 238.020645142 0.009506118 0.997137308 0.075011291 -30.304611206 -0.785302997 0.053883579 -0.616762459 302.376068115
-0.630535126 -0.054925792 0.774214923 238.770507812 0.006804246 0.997063458 0.076277040 -30.259937286 -0.776130915 0.053363297 -0.628309846 301.771301270
-0.642161131 -0.049222954 0.764987588 239.489593506 0.006062708 0.997578859 0.069278233 -30.205785751 -0.766545653 0.049125690 -0.640308022 301.162902832
-0.654063880 -0.047997601 0.754915059 240.190795898 0.002844123 0.997821808 0.065905809 -30.157001495 -0.756433904 0.045253687 -0.652502716 300.562133789
-0.665124178 -0.049609721 0.745083034 240.879470825 -0.001364903 0.997869849 0.065222554 -30.111948013 -0.746731400 0.042364132 -0.663775206 299.964355469
-0.675860465 -0.051846009 0.735203922 241.545578003 -0.002317243 0.997667313 0.068224519 -30.068197250 -0.737025976 0.044406600 -0.674403906 299.360595703
-0.686262727 -0.050812759 0.725576639 242.172729492 -0.002141510 0.997693658 0.067843869 -30.030540466 -0.727350473 0.045004897 -0.684788883 298.764190674
-0.697298229 -0.049918663 0.715040863 242.786956787 -0.003046789 0.997769475 0.066685423 -29.988677979 -0.716774702 0.044321038 -0.695894897 298.175720215
-0.708175838 -0.049230203 0.704317689 243.370681763 -0.004234890 0.997844219 0.065488972 -29.954063416 -0.706023395 0.043395005 -0.706857800 297.595245361
-0.719038904 -0.048548330 0.693272114 243.924911499 -0.004856900 0.997883677 0.064842217 -29.915182114 -0.694952786 0.043256912 -0.717753112 297.017517090
-0.730792999 -0.047560491 0.680940270 244.455612183 -0.003090895 0.997790039 0.066373788 -29.875942230 -0.682592094 0.046400782 -0.729325056 296.440002441
-0.743091106 -0.044791270 0.667689621 244.957977295 0.001613136 0.997634590 0.068720609 -29.845165253 -0.669188261 0.052142754 -0.741261244 295.864746094
-0.755635262 -0.041537724 0.653674185 245.412048340 0.006810947 0.997434795 0.071255289 -29.812999725 -0.654957235 0.058295146 -0.753414035 295.309020996
-0.768262804 -0.037228622 0.639051020 245.854614258 0.012122914 0.997282147 0.072671831 -29.777156830 -0.640019774 0.063578226 -0.765723467 294.749694824
-0.780795276 -0.032649871 0.623933375 246.279754639 0.014589525 0.997408509 0.070450932 -29.743278503 -0.624616742 0.064110652 -0.778295457 294.199951172
-0.794319332 -0.024317417 0.607013524 246.664855957 0.019143641 0.997700393 0.065019399 -29.715141296 -0.607198775 0.063266620 -0.792027056 293.667022705
-0.808696508 -0.015761256 0.588014960 247.048110962 0.023500357 0.997977138 0.059069969 -29.685531616 -0.587756574 0.061588235 -0.806690156 293.123840332
-0.823980749 -0.007824106 0.566563785 247.389312744 0.028310912 0.998087347 0.054957245 -29.667854309 -0.565910161 0.061323650 -0.822183192 292.597167969
-0.840076864 -0.003282861 0.542457342 247.712188721 0.030631337 0.998099148 0.053477552 -29.637550354 -0.541601837 0.061541460 -0.838379443 292.073089600
-0.856127024 0.001755203 0.516762614 248.005401611 0.035275981 0.997860193 0.055052884 -29.617588043 -0.515560031 0.065361567 -0.854356885 291.542999268
-0.872010946 0.008677577 0.489409447 248.266326904 0.041025724 0.997620463 0.055409536 -29.596605301 -0.487764060 0.068396106 -0.870292068 291.016967773
-0.888540506 0.015524070 0.458535612 248.498168945 0.045457128 0.997488737 0.054315072 -29.583839417 -0.456540942 0.069104865 -0.887014747 290.504882812
-0.905102670 0.020981241 0.424675167 248.728881836 0.046911415 0.997611940 0.050694048 -29.554924011 -0.422597468 0.065805443 -0.903925419 289.949035645
-0.921517193 0.027125996 0.387389153 248.910278320 0.048845340 0.997731268 0.046329025 -29.543846130 -0.385253519 0.061615162 -0.920751512 289.453277588
-0.937099993 0.033878077 0.347413242 249.072082520 0.051712066 0.997770488 0.042188425 -29.524778366 -0.345209450 0.057500236 -0.936762691 288.923278809
-0.951490223 0.041615624 0.304851592 249.206344604 0.056368079 0.997618556 0.039747708 -29.505588531 -0.302471489 0.055003464 -0.951570153 288.388244629
-0.964302719 0.046815645 0.260631144 249.324111938 0.058384106 0.997614980 0.036818162 -29.486463547 -0.258285880 0.050720572 -0.964736223 287.834594727
-0.975524902 0.046979297 0.214811862 249.417617798 0.055485588 0.997889221 0.033738457 -29.473079681 -0.212773457 0.044831671 -0.976072609 287.289978027
-0.985298276 0.045873184 0.164569184 249.485290527 0.051894892 0.998124361 0.032477539 -29.465923309 -0.162770703 0.040540379 -0.985830784 286.767486572
-0.992765248 0.045264859 0.111213297 249.521972656 0.048910145 0.998344481 0.030269504 -29.443981171 -0.109659016 0.035489976 -0.993335605 286.216522217
-0.997375488 0.046974838 0.055095658 249.527053833 0.048697110 0.998352528 0.030344456 -29.435989380 -0.053579465 0.032947812 -0.998019993 285.658905029
-0.999004841 0.044531345 -0.002498850 249.499389648 0.044424411 0.998463988 0.033110656 -29.421684265 0.003969461 0.032966696 -0.999448657 285.092071533
-0.997159719 0.043470006 -0.061505165 249.446868896 0.041230004 0.998455703 0.037232284 -29.405696869 0.063028671 0.034590680 -0.997412086 284.532501221
-0.991585255 0.043833047 -0.121808305 249.358718872 0.039095759 0.998393357 0.041013967 -29.383686066 0.123410374 0.035906658 -0.991705954 283.957183838
-0.982132852 0.044048488 -0.182961807 249.229553223 0.036161356 0.998276293 0.046224505 -29.365871429 0.184682563 0.038782440 -0.982032835 283.373901367
-0.968683422 0.042780206 -0.244585976 249.052734375 0.030765150 0.998134434 0.052736893 -29.348474503 0.246385798 0.043560620 -0.968192458 282.799194336
-0.950828314 0.042789564 -0.306748241 248.838119507 0.025063941 0.997792661 0.061495423 -29.324193954 0.308702499 0.050783273 -0.949802101 282.224792480
-0.929130495 0.037302576 -0.367865562 248.589538574 0.013249950 0.997618020 0.067695387 -29.284933090 0.369514585 0.058023639 -0.927411675 281.658050537
-0.903034151 0.035263006 -0.428119004 248.311157227 0.004330947 0.997321725 0.073011398 -29.251552582 0.429546952 0.064077623 -0.900768280 281.094726562
-0.874254048 0.034704678 -0.484226793 247.971923828 -0.003134966 0.997017145 0.077116616 -29.210853577 0.485458702 0.068937548 -0.871537507 280.538757324
-0.843088627 0.035859250 -0.536577821 247.581481934 -0.009301167 0.996652842 0.081220150 -29.172626495 0.537694275 0.073466592 -0.839932978 279.983917236
-0.809380889 0.035473466 -0.586211801 247.179702759 -0.014560310 0.996655226 0.080414027 -29.123901367 0.587103665 0.073621005 -0.806157172 279.442443848
-0.776482403 0.030861981 -0.629382730 246.725875854 -0.022493858 0.996805787 0.076629817 -29.071847916 0.629737496 0.073658951 -0.773307979 278.912231445
-0.745209813 0.028717775 -0.666211486 246.235534668 -0.028076135 0.996834993 0.074375026 -29.024011612 0.666238904 0.074129641 -0.742045045 278.392181396
-0.715632081 0.031749967 -0.697755396 245.714523315 -0.027982486 0.996861100 0.074059583 -28.973358154 0.697916687 0.072524332 -0.712497413 277.873443604
-0.688607395 0.035836153 -0.724248230 245.149414062 -0.027407050 0.996778190 0.075379401 -28.920732498 0.724616170 0.071756341 -0.685406804 277.370300293
-0.664678216 0.038754296 -0.746123850 244.554306030 -0.026919875 0.996763110 0.075754054 -28.871917725 0.746644557 0.070437647 -0.661483586 276.857147217
-0.645164847 0.041214734 -0.762931049 243.940841675 -0.025776532 0.996801436 0.075646445 -28.815498352 0.763608634 0.068470135 -0.642038882 276.354736328
-0.630369246 0.045961272 -0.774933755 243.317901611 -0.017872229 0.997121990 0.073677398 -28.769906998 0.776089728 0.060293760 -0.627733707 275.860778809
-0.620768249 0.051721029 -0.782286227 242.654647827 -0.009346197 0.997262418 0.073350728 -28.716049194 0.783938408 0.052845210 -0.618585467 275.358245850
-0.615879595 0.055087581 -0.785911918 241.981536865 -0.004214452 0.997307837 0.073207766 -28.662984848 0.787829101 0.048399370 -0.613989472 274.844696045
-0.614089072 0.057838105 -0.787114561 241.285278320 -0.001713675 0.997211158 0.074613214 -28.605543137 0.789234877 0.047168028 -0.612277389 274.305023193
