1.000000000 0.000000000 0.000000000 0.000000000 0.000000000 1.000000000 0.000000003 0.000000000 0.000000000 0.000000003 1.000000000 0.000015259
0.999997556 -0.001677615 -0.001434221 -0.002483064 0.001676347 0.999998212 -0.000885229 -0.008486159 0.001435704 0.000882829 0.999998569 0.564150274
0.999995530 -0.001795454 -0.002398992 -0.008073146 0.001789277 0.999995112 -0.002574453 -0.017638838 0.002403603 0.002570156 0.999993801 1.119336724
0.999986589 -0.002504961 -0.004527892 -0.009282034 0.002488882 0.999990582 -0.003553138 -0.035169266 0.004536749 0.003541828 0.999983430 1.684759378
0.999970257 -0.004340734 -0.006371859 -0.020210398 0.004305433 0.999975383 -0.005543502 -0.041277364 0.006395765 0.005515910 0.999964356 2.251550674
0.999944448 -0.006926737 -0.007945477 -0.022380117 0.006866194 0.999947309 -0.007622554 -0.054653995 0.007997849 0.007567574 0.999939382 2.810687542
0.999922276 -0.008168645 -0.009418749 -0.029138327 0.008091580 0.999933720 -0.008191739 -0.068350554 0.009485028 0.008114893 0.999922097 3.382668972
0.999908686 -0.008132462 -0.010795899 -0.040502127 0.008051733 0.999939501 -0.007500451 -0.081514724 0.010856232 0.007412843 0.999913633 3.965963364
0.999893725 -0.008670303 -0.011726987 -0.052252442 0.008578179 0.999932110 -0.007883567 -0.095826134 0.011794533 0.007782137 0.999900222 4.558973312
0.999883354 -0.007971525 -0.013026512 -0.060862366 0.007830433 0.999910474 -0.010846893 -0.109675363 0.013111792 0.010743621 0.999856174 5.150139332
0.999879599 -0.006323074 -0.014169870 -0.078387991 0.006115343 0.999873877 -0.014655973 -0.124864973 0.014260733 0.014567551 0.999792099 5.752521038
0.999865711 -0.005169721 -0.015548751 -0.093247607 0.004884169 0.999819696 -0.018347517 -0.137326971 0.015640778 0.018269105 0.999710679 6.370389462
0.999854982 -0.003092286 -0.016748030 -0.109152094 0.002785377 0.999828219 -0.018317897 -0.152582213 0.016801775 0.018268587 0.999691904 6.994826317
0.999835551 -0.001166519 -0.018100983 -0.119720414 0.000960246 0.999934554 -0.011400349 -0.162591100 0.018113093 0.011381091 0.999771237 7.635621548
0.999829412 -0.000107557 -0.018471926 -0.141355023 0.000092721 0.999999702 -0.000804166 -0.176011086 0.018471997 0.000802316 0.999829113 8.295102119
0.999808729 0.000636279 -0.019553583 -0.156218782 -0.000523655 0.999983191 0.005764230 -0.186225072 0.019556915 -0.005752889 0.999792278 8.981637001
0.999779940 0.002998982 -0.020767288 -0.178337187 -0.002897388 0.999983668 0.004920186 -0.203323334 0.020781700 -0.004858935 0.999772310 9.671023369
0.999758303 0.005018655 -0.021403357 -0.202384934 -0.005069352 0.999984384 -0.002315297 -0.210479468 0.021391390 0.002423238 0.999768198 10.354727745
0.999735892 0.004596381 -0.022516485 -0.222633749 -0.004780905 0.999955297 -0.008148308 -0.213107705 0.022478014 0.008253805 0.999713182 11.066061974
0.999721706 0.002267553 -0.023483679 -0.244675428 -0.002428966 0.999973595 -0.006847376 -0.213180274 0.023467518 0.006902510 0.999700785 11.805476189
0.999711633 0.001828850 -0.023946436 -0.265815347 -0.001774442 0.999995768 0.002292953 -0.221785456 0.023950513 -0.002249799 0.999710619 12.572740555
0.999701858 0.001561467 -0.024365399 -0.287511468 -0.001318708 0.999949396 0.009976012 -0.231513515 0.024379745 -0.009940905 0.999653280 13.348592758
0.999690056 0.000614028 -0.024888694 -0.308873147 -0.000303470 0.999922097 0.012479603 -0.234120011 0.024894414 -0.012468179 0.999612331 14.134992599
0.999689817 -0.000956193 -0.024889981 -0.330614954 0.001236972 0.999935746 0.011267706 -0.234128237 0.024877610 -0.011294995 0.999626637 14.935537338
0.999700606 -0.001489891 -0.024424557 -0.354849666 0.001710100 0.999958158 0.008997346 -0.235480443 0.024410127 -0.009036418 0.999661207 15.766016006
0.999705613 0.001062693 -0.024241896 -0.380910128 -0.000929028 0.999984324 0.005524254 -0.235709012 0.024247384 -0.005500103 0.999690890 16.605445862
0.999727726 -0.002460692 -0.023207426 -0.401025057 0.002456780 0.999996960 -0.000196963 -0.238842294 0.023207851 0.000139892 0.999730706 17.477823257
0.999731719 -0.005358113 -0.022537205 -0.417006433 0.005215100 0.999965906 -0.006399568 -0.248229474 0.022570733 0.006280315 0.999725580 18.349151611
0.999758959 -0.004091501 -0.021572920 -0.437513888 0.003842111 0.999925435 -0.011589026 -0.264498115 0.021618739 0.011503344 0.999700069 19.241853714
0.999764144 -0.002787450 -0.021539221 -0.462462574 0.002519985 0.999919534 -0.012434662 -0.278399765 0.021572160 0.012377450 0.999690711 20.153232574
0.999757588 -0.002734347 -0.021846343 -0.491664648 0.002476751 0.999927223 -0.011809526 -0.302858710 0.021877050 0.011752554 0.999691606 21.097957611
0.999763906 -0.001205359 -0.021698602 -0.511155844 0.000912245 0.999908209 -0.013513146 -0.324145943 0.021712899 0.013490161 0.999673188 22.048557281
0.999767959 0.001448936 -0.021496218 -0.538997889 -0.001786184 0.999875426 -0.015677776 -0.344393581 0.021470824 0.015712533 0.999645948 23.002218246
0.999751925 0.004951170 -0.021718111 -0.569382131 -0.005308935 0.999850571 -0.016446508 -0.366815925 0.021633439 0.016557729 0.999628782 23.965749741
0.999742985 0.007193707 -0.021501398 -0.608675718 -0.007544934 0.999838769 -0.016298940 -0.397289008 0.021380672 0.016456982 0.999635935 24.948165894
0.999728978 0.007785099 -0.021941558 -0.630417407 -0.008146960 0.999831498 -0.016451234 -0.425542891 0.021809775 0.016625538 0.999623895 25.928752899
0.999727726 0.007772096 -0.022001714 -0.652515709 -0.008131241 0.999834418 -0.016281448 -0.454102874 0.021871518 0.016455920 0.999625325 26.915256500
0.999697864 0.009185011 -0.022801353 -0.679983616 -0.009527418 0.999842763 -0.014954099 -0.487212896 0.022660401 0.015166822 0.999628186 27.915534973
0.999696612 0.009445803 -0.022750653 -0.707228184 -0.009749063 0.999864578 -0.013255864 -0.512142599 0.022622354 0.013473639 0.999653280 28.935138702
0.999684811 0.010188364 -0.022950036 -0.739015162 -0.010466388 0.999872923 -0.012026942 -0.541131496 0.022824582 0.012263357 0.999664247 29.955581665
0.999680996 0.009803781 -0.023275396 -0.765230954 -0.010106250 0.999865592 -0.012913401 -0.572706103 0.023145663 0.013144512 0.999645710 30.977445602
0.999666810 0.011489810 -0.023116142 -0.798474371 -0.011817358 0.999831021 -0.014083328 -0.594520569 0.022950396 0.014351808 0.999633610 32.026874542
0.999666333 0.011195286 -0.023278579 -0.830842793 -0.011503190 0.999847651 -0.013135409 -0.621921420 0.023127954 0.013398806 0.999642730 33.065246582
0.999648571 0.011011923 -0.024115704 -0.857796490 -0.011271706 0.999879539 -0.010663087 -0.645863891 0.023995355 0.010931164 0.999652326 34.115249634
0.999635100 0.010756939 -0.024778455 -0.885769963 -0.010931240 0.999916315 -0.006909814 -0.672679901 0.024702057 0.007178149 0.999669075 35.194671631
0.999617457 0.010874327 -0.025426505 -0.916904986 -0.010996647 0.999928594 -0.004676002 -0.693987370 0.025373843 0.004953818 0.999665797 36.255744934
0.999609888 0.010434395 -0.025906984 -0.947509468 -0.010533612 0.999937713 -0.003696351 -0.721253037 0.025866799 0.003967801 0.999657512 37.321174622
0.999596655 0.010414028 -0.026421843 -0.984035671 -0.010563063 0.999929070 -0.005507511 -0.735837698 0.026362611 0.005784383 0.999635637 38.398548126
0.999578536 0.010868235 -0.026919821 -1.020632982 -0.011035302 0.999920785 -0.006065385 -0.758668244 0.026851756 0.006359898 0.999619186 39.497680664
0.999561787 0.010640498 -0.027621994 -1.055751443 -0.010784940 0.999929011 -0.005085703 -0.774403572 0.027565906 0.005381379 0.999605477 40.582523346
0.999546707 0.010677105 -0.028150994 -1.106465459 -0.010768812 0.999937177 -0.003108222 -0.798066556 0.028116032 0.003409968 0.999598861 41.680652618
0.999520421 0.010579085 -0.029104738 -1.136167884 -0.010594582 0.999943912 -0.000378461 -0.824006617 0.029099088 0.000686634 0.999576330 42.768951416
0.999487996 0.012057154 -0.029636340 -1.161154270 -0.012078159 0.999926984 -0.000530004 -0.846464038 0.029627761 0.000887685 0.999560595 43.857452393
0.999462903 0.013292881 -0.029955419 -1.202970386 -0.013424112 0.999901175 -0.004184245 -0.869484663 0.029896814 0.004584121 0.999542534 44.929965973
0.999444723 0.014585781 -0.029956689 -1.245687366 -0.014845998 0.999853849 -0.008482664 -0.889903545 0.029828565 0.008922690 0.999515116 46.013080597
0.999438703 0.015246223 -0.029829456 -1.293073654 -0.015516761 0.999840379 -0.008859347 -0.912878215 0.029689604 0.009317230 0.999515712 47.087390900
0.999435902 0.015277961 -0.029906789 -1.314607739 -0.015456633 0.999863923 -0.005752273 -0.944877267 0.029814838 0.006211285 0.999536097 48.211383820
0.999437034 0.015727919 -0.029636418 -1.352622151 -0.015838873 0.999868393 -0.003512854 -0.970742166 0.029577270 0.003980281 0.999554515 49.299266815
0.999455690 0.014235289 -0.029761421 -1.393183231 -0.014319117 0.999894023 -0.002605408 -0.987636566 0.029721186 0.003030145 0.999553621 50.380767822
0.999452949 0.014769062 -0.029590063 -1.427316427 -0.014882188 0.999882758 -0.003606560 -1.010638952 0.029533327 0.004044951 0.999555528 51.477096558
0.999477863 0.013981029 -0.029129338 -1.467894673 -0.014139123 0.999886334 -0.005228449 -1.037387252 0.029052913 0.005637584 0.999562144 52.584453583
0.999485731 0.014018635 -0.028842190 -1.500938296 -0.014245297 0.999869049 -0.007668204 -1.056693554 0.028730907 0.008075127 0.999554634 53.678161621
0.999503374 0.013003314 -0.028701860 -1.537624359 -0.013287939 0.999864161 -0.009748287 -1.092672586 0.028571187 0.010124838 0.999540508 54.774074554
0.999529600 0.011398745 -0.028472207 -1.575745583 -0.011775011 0.999845028 -0.013082901 -1.124569178 0.028318664 0.013412006 0.999508917 55.860816956
0.999544680 0.009764898 -0.028550906 -1.604627371 -0.010192410 0.999837518 -0.014866943 -1.155712724 0.028401090 0.015151177 0.999481797 56.946372986
0.999583125 0.008020172 -0.027737131 -1.642637014 -0.008367589 0.999887645 -0.012432303 -1.190809727 0.027634308 0.012659211 0.999537885 58.027873993
0.999588609 0.006673250 -0.027896602 -1.673525453 -0.006871123 0.999951839 -0.007003459 -1.209724665 0.027848531 0.007192262 0.999586284 59.152606964
0.999601007 0.005182745 -0.027766813 -1.702633142 -0.005206407 0.999986172 -0.000780184 -1.235003710 0.027762383 0.000924441 0.999614179 60.244441986
0.999614537 0.003565892 -0.027529925 -1.735043526 -0.003580261 0.999993443 -0.000472836 -1.253045678 0.027528046 0.000571218 0.999620855 61.349296570
0.999614954 0.000342715 -0.027745051 -1.760823965 -0.000440390 0.999993742 -0.003514572 -1.269733191 0.027743662 0.003525437 0.999608874 62.444831848
0.999627292 -0.001140147 -0.027273480 -1.799884677 0.000952674 0.999975860 -0.006886004 -1.288715601 0.027280662 0.006857455 0.999604225 63.533050537
0.999625444 0.001357984 -0.027329087 -1.838457346 -0.001648638 0.999942303 -0.010615577 -1.324067950 0.027313085 0.010656659 0.999570012 64.642761230
0.999621332 0.001422159 -0.027478650 -1.869130969 -0.001833048 0.999886811 -0.014933567 -1.350475907 0.027454296 0.014978286 0.999510765 65.736534119
0.999630570 0.004442940 -0.026814228 -1.905939817 -0.004855869 0.999870300 -0.015354143 -1.384016991 0.026742529 0.015478678 0.999522507 66.832756042
0.999641955 0.008209612 -0.025468539 -1.961103916 -0.008514989 0.999892890 -0.011905045 -1.415943384 0.025368065 0.012117644 0.999604881 67.951423645
0.999639392 0.009440225 -0.025139369 -1.998843312 -0.009685878 0.999906361 -0.009667724 -1.444286585 0.025045739 0.009907732 0.999637306 69.043556213
0.999641180 0.008789426 -0.025305210 -2.027247667 -0.009022418 0.999917865 -0.009107757 -1.471382499 0.025223071 0.009332801 0.999638379 70.141021729
0.999641895 0.007723842 -0.025622794 -2.054362297 -0.007937659 0.999934435 -0.008253916 -1.504011154 0.025557337 0.008454346 0.999637604 71.260452271
0.999643803 0.006620276 -0.025854325 -2.086081028 -0.006795528 0.999954402 -0.006696771 -1.532714128 0.025808789 0.006870081 0.999643266 72.353698730
0.999647319 0.005030037 -0.026078854 -2.121674776 -0.005150923 0.999976277 -0.004570573 -1.561614990 0.026055222 0.004703293 0.999649405 73.457252502
0.999633968 0.004240904 -0.026717452 -2.153457165 -0.004329074 0.999985337 -0.003243373 -1.583855987 0.026703298 0.003357844 0.999637723 74.560501099
0.999623060 0.003660046 -0.027208285 -2.187561989 -0.003772466 0.999984562 -0.004081880 -1.613532901 0.027192919 0.004182980 0.999621391 75.646301270
0.999602139 0.003715072 -0.027962178 -2.218190432 -0.003940348 0.999960184 -0.008005817 -1.640804052 0.027931310 0.008112818 0.999576867 76.733802795
0.999573827 0.004367305 -0.028863223 -2.250228882 -0.004662915 0.999937296 -0.010182545 -1.665696263 0.028816925 0.010312798 0.999531507 77.812561035
0.999548018 0.006196685 -0.029418245 -2.289147139 -0.006446287 0.999944031 -0.008397339 -1.694988728 0.029364571 0.008583184 0.999531865 78.901397705
0.999519944 0.007427025 -0.030079795 -2.327183723 -0.007556680 0.999962747 -0.004198972 -1.718032002 0.030047499 0.004424264 0.999538660 79.980186462
0.999501228 0.008367947 -0.030451033 -2.369686842 -0.008371025 0.999964893 0.000026259 -1.748999953 0.030450184 0.000228660 0.999536276 81.060913086
0.999473631 0.009569166 -0.030996542 -2.411868095 -0.009554777 0.999954164 0.000612149 -1.767797351 0.031000981 -0.000315663 0.999519348 82.131240845
0.999459445 0.009627978 -0.031434208 -2.454679728 -0.009691354 0.999951363 -0.001864528 -1.783685684 0.031414729 0.002168160 0.999504089 83.200180054
0.999442220 0.009335981 -0.032064330 -2.490797758 -0.009416386 0.999952853 -0.002357683 -1.809988737 0.032040808 0.002658298 0.999483049 84.280723572
0.999430895 0.008529711 -0.032636680 -2.527813673 -0.008610874 0.999960124 -0.002347260 -1.835608840 0.032615367 0.002626954 0.999464512 85.336608887
0.999407470 0.007176307 -0.033662409 -2.560917139 -0.007251709 0.999971449 -0.002118481 -1.853662729 0.033646252 0.002361336 0.999431014 86.371208191
0.999401808 0.006512623 -0.033962768 -2.601523876 -0.006545778 0.999978125 -0.000865071 -1.878290772 0.033956397 0.001086866 0.999422669 87.416488647
0.999394953 0.006842653 -0.034099076 -2.645003080 -0.006784373 0.999975264 0.001824570 -1.900111318 0.034110717 -0.001592126 0.999416769 88.418785095
0.999362826 0.005793290 -0.035219107 -2.687217712 -0.005691106 0.999979258 0.003000968 -1.924623489 0.035235766 -0.002798620 0.999375165 89.395851135
0.999277830 0.004684120 -0.037706174 -2.723113060 -0.004573296 0.999984980 0.003024725 -1.943284631 0.037719775 -0.002850099 0.999284327 90.378776550
0.999148190 0.003889360 -0.041081525 -2.764356136 -0.003803628 0.999990404 0.002164718 -1.963518500 0.041089561 -0.002006615 0.999153435 91.310340881
0.999012351 0.003516899 -0.044293389 -2.814437389 -0.003462644 0.999993205 0.001301474 -1.983949542 0.044297665 -0.001146816 0.999017715 92.233764648
0.998864293 0.003564950 -0.047513239 -2.860921621 -0.003485650 0.999992430 0.001751656 -2.004183292 0.047519140 -0.001584051 0.998869121 93.138641357
0.998703301 0.004662464 -0.050695758 -2.910463572 -0.004530261 0.999986053 0.002722257 -2.021389961 0.050707765 -0.002489061 0.998710454 94.005935669
0.998553395 0.005328536 -0.053505134 -2.967606783 -0.005120508 0.999978840 0.004024283 -2.041598082 0.053525414 -0.003744481 0.998559475 94.844772339
0.998366714 0.006748068 -0.056731243 -3.019302607 -0.006440188 0.999963582 0.005608038 -2.056610823 0.056767002 -0.005233511 0.998373687 95.659088135
0.998215139 0.007835079 -0.059204262 -3.075620174 -0.007467334 0.999951422 0.006430133 -2.073024273 0.059251748 -0.005976551 0.998225093 96.450332642
0.998044372 0.010204284 -0.061670627 -3.128489494 -0.009799840 0.999928474 0.006857044 -2.090109825 0.061736174 -0.006239273 0.998072922 97.215492249
0.997834384 0.011833013 -0.064702652 -3.179298639 -0.011484169 0.999917448 0.005760768 -2.105381966 0.064765468 -0.005005238 0.997887909 97.945137024
0.997669220 0.013386649 -0.066908814 -3.241397381 -0.013275158 0.999909639 0.002110663 -2.124023199 0.066930994 -0.001217519 0.997756839 98.637306213
0.997458696 0.016046703 -0.069417119 -3.301574945 -0.016190441 0.999867737 -0.001508494 -2.136345387 0.069383726 0.002628554 0.997586608 99.312927246
0.997275472 0.017324286 -0.071703352 -3.344497919 -0.017684573 0.999834001 -0.004392889 -2.151304483 0.071615301 0.005648968 0.997416317 99.955299377
0.997167110 0.019344665 -0.072687104 -3.393829107 -0.019783624 0.999790132 -0.005323803 -2.166731834 0.072568811 0.006746738 0.997340560 100.571731567
0.997186184 0.021776695 -0.071731143 -3.446398020 -0.022180444 0.999742329 -0.004836796 -2.183190823 0.071607292 0.006414218 0.997412324 101.154357910
0.997360468 0.025455389 -0.068000555 -3.510174990 -0.025745919 0.999662817 -0.003399360 -2.198465109 0.067891054 0.005141127 0.997679472 101.725364685
0.997605503 0.028008938 -0.063234732 -3.532454967 -0.028182929 0.999601126 -0.001861085 -2.216582775 0.063157350 0.003638772 0.997996986 102.271751404
0.998040259 0.028613074 -0.055651639 -3.565356255 -0.028639218 0.999589860 0.000327944 -2.231668711 0.055638153 0.001266521 0.998450220 102.784156799
0.998535454 0.028867064 -0.045756154 -3.590078354 -0.028774759 0.999582350 0.002674937 -2.242871761 0.045814231 -0.001354393 0.998949051 103.282066345
0.999008596 0.028596230 -0.034117203 -3.591117859 -0.028482368 0.999587059 0.003818631 -2.255714893 0.034212280 -0.002843102 0.999410570 103.758377075
0.999402344 0.027714914 -0.020663688 -3.592573643 -0.027639188 0.999610305 0.003941224 -2.266864777 0.020764839 -0.003367737 0.999778748 104.216590881
0.999602139 0.027704777 -0.005293040 -3.589260101 -0.027689932 0.999612570 0.002856562 -2.275620699 0.005370101 -0.002708858 0.999981940 104.655784607
0.999581218 0.026263056 0.012152161 -3.559477091 -0.026260208 0.999655187 -0.000393485 -2.285388947 -0.012158331 0.000074205 0.999926150 105.080329895
0.999103189 0.025875509 0.033511866 -3.536449671 -0.025732709 0.999657929 -0.004685342 -2.301026106 -0.033621669 0.003818794 0.999427319 105.499076843
0.998059332 0.023602964 0.057623643 -3.487272739 -0.023075687 0.999685824 -0.009798712 -2.308957577 -0.057836842 0.008449995 0.998290300 105.909370422
0.996157289 0.021573748 0.084884033 -3.428419113 -0.020556327 0.999706209 -0.012841916 -2.318488598 -0.085136175 0.011047669 0.996308088 106.322463989
0.993264377 0.018675212 0.114354976 -3.347532272 -0.017237652 0.999759614 -0.013547054 -2.337130547 -0.114580497 0.011484600 0.993347585 106.717864990
0.988992035 0.016302373 0.147068202 -3.267268181 -0.014179366 0.999779761 -0.015472450 -2.353235245 -0.147288054 0.013216794 0.989005327 107.073204041
0.982962787 0.013977467 0.183272943 -3.173334122 -0.011081064 0.999797165 -0.016818423 -2.369680405 -0.183470875 0.014501022 0.982918143 107.443893433
0.975145578 0.010607707 0.221311226 -3.053941727 -0.006865803 0.999820292 -0.017670341 -2.381671429 -0.221458882 0.015711673 0.975043058 107.805465698
0.965123415 0.008735722 0.261649549 -2.932645798 -0.004044081 0.999821365 -0.018464107 -2.396931887 -0.261764109 0.016762011 0.964986324 108.154289246
0.952925026 0.009095284 0.303069532 -2.800371170 -0.003458361 0.999810994 -0.019130949 -2.418142557 -0.303186238 0.017182237 0.952776432 108.474044800
0.937708795 0.011466260 0.347232789 -2.653190613 -0.004756798 0.999785304 -0.020168908 -2.426673889 -0.347389519 0.017260846 0.937562048 108.802978516
0.920104265 0.011751289 0.391497433 -2.476322174 -0.004590470 0.999804676 -0.019221801 -2.436992645 -0.391646862 0.015888901 0.919978380 109.123107910
0.899692059 0.010105381 0.436408103 -2.305541992 -0.002717819 0.999842286 -0.017549148 -2.453255653 -0.436516643 0.014602749 0.899577677 109.420639038
0.876386642 0.009215901 0.481519938 -2.114189148 -0.000612327 0.999837399 -0.018021619 -2.467897892 -0.481607765 0.015499057 0.876249850 109.703445435
0.851163447 0.010785418 0.524789870 -1.894256592 0.000064158 0.999786794 -0.020651557 -2.478802681 -0.524900675 0.017611519 0.850981236 109.995597839
0.823878944 0.011966898 0.566639423 -1.677024841 0.001537346 0.999726176 -0.023348538 -2.505103588 -0.566763699 0.020107487 0.823634982 110.239006042
0.792763114 0.016637640 0.609302640 -1.444244385 -0.000068427 0.999629676 -0.027206887 -2.525225163 -0.609529853 0.021526925 0.792470932 110.505729675
0.758850932 0.022804398 0.650865018 -1.191341400 -0.003325568 0.999509335 -0.031142548 -2.536853075 -0.651255906 0.021468053 0.758554399 110.758743286
0.721525192 0.027712107 0.691833258 -0.919738770 -0.004946385 0.999379456 -0.034872510 -2.538522720 -0.692370474 0.021739319 0.721214652 111.002662659
0.682367921 0.027725033 0.730482936 -0.625202179 -0.002879457 0.999374688 -0.035240855 -2.558942080 -0.731003225 0.021943830 0.682021081 111.227684021
0.641641200 0.025186505 0.766591191 -0.311370850 0.001352536 0.999421895 -0.033968277 -2.572721958 -0.767003775 0.022832286 0.641236305 111.428527832
0.597051442 0.023299074 0.801864505 0.013427734 0.003328624 0.999497533 -0.031519942 -2.578722477 -0.802196026 0.021488130 0.596674025 111.639663696
0.552993000 0.022124164 0.832892001 0.344142914 0.004188074 0.999561012 -0.029332040 -2.589537144 -0.833175421 0.019708624 0.552657664 111.762084961
0.504981160 0.019702695 0.862905443 0.702693939 0.006097630 0.999633014 -0.026392985 -2.600063324 -0.863108814 0.018589634 0.504675686 111.928192139
0.454124600 0.015930314 0.890795767 1.073944092 0.009443826 0.999697864 -0.022692267 -2.610075712 -0.890888095 0.018717634 0.453836977 112.078811646
0.401725590 0.016288681 0.915615201 1.431041718 0.005865850 0.999775589 -0.020359520 -2.633038044 -0.915741324 0.013549799 0.401539892 112.209243774
0.350296706 0.021100026 0.936401129 1.821567535 0.002585783 0.999720514 -0.023494121 -2.644630909 -0.936635256 0.010651241 0.350144267 112.330642700
0.300073028 0.026381973 0.953551412 2.223510742 0.001137210 0.999606848 -0.028014060 -2.663482666 -0.953915596 0.009490649 0.299925059 112.422950745
0.253397226 0.028406899 0.966945231 2.630384445 0.002990054 0.999540985 -0.030148070 -2.676849127 -0.967357695 0.010530652 0.253195912 112.495376587
0.212372631 0.028196769 0.976781964 3.051006317 0.009876276 0.999470651 -0.030999033 -2.693922758 -0.977138877 0.016230309 0.211981744 112.543380737
0.177210093 0.028158914 0.983770192 3.482278824 0.018347757 0.999322414 -0.031909123 -2.703215122 -0.984001994 0.023704592 0.176573366 112.583465576
0.146743342 0.029395090 0.988737822 3.933994293 0.022609653 0.999197543 -0.033061672 -2.719501972 -0.988916159 0.027206592 0.145960972 112.622100830
0.118567631 0.027459485 0.992566347 4.407646179 0.020866834 0.999327898 -0.030139208 -2.742671490 -0.992726743 0.024285246 0.117915004 112.668640137
0.092861548 0.024317330 0.995382071 4.916796684 0.014592377 0.999561131 -0.025780782 -2.754677534 -0.995572150 0.016919030 0.092465937 112.718414307
0.069438204 0.020396955 0.997377753 5.400871754 0.009263582 0.999734819 -0.021090090 -2.773169994 -0.997543216 0.010703751 0.069230825 112.745216370
0.046838529 0.017862260 0.998742819 5.925724983 0.013544896 0.999736845 -0.018515259 -2.793410063 -0.998810649 0.014395095 0.046584241 112.751861572
0.026779085 0.018718019 0.999466181 6.463266850 0.021072593 0.999591947 -0.019284979 -2.810103893 -0.999419272 0.021577779 0.026373696 112.737136841
0.009388186 0.021201473 0.999731183 7.015543938 0.026430152 0.999420702 -0.021443086 -2.827224255 -0.999606609 0.026624365 0.008822374 112.720634460
-0.005671941 0.026536841 0.999631763 7.624287128 0.025512878 0.999326289 -0.026383966 -2.846014261 -0.999658465 0.025353834 -0.006345168 112.734298706
-0.015963435 0.031086087 0.999389350 8.220925331 0.024163298 0.999236703 -0.030695379 -2.856747389 -0.999580562 0.023658536 -0.016702401 112.717262268
-0.022616694 0.030726654 0.999271870 8.840613365 0.026000565 0.999207616 -0.030136202 -2.876396894 -0.999406099 0.025300058 -0.023397690 112.702232361
-0.025279835 0.028038101 0.999287188 9.492801666 0.032513753 0.999100864 -0.027210342 -2.889608622 -0.999151587 0.031802710 -0.026168734 112.683700562
-0.024622228 0.026046278 0.999357462 10.136848450 0.033644270 0.999115825 -0.025211049 -2.920413494 -0.999130547 0.033001903 -0.025476772 112.656425476
-0.022438668 0.025569012 0.999421179 10.823223114 0.032191668 0.999172926 -0.024839902 -2.947609901 -0.999229789 0.031615660 -0.023243234 112.643135071
-0.020979153 0.026094703 0.999439299 11.507338524 0.029050615 0.999253094 -0.025480041 -2.967399120 -0.999357700 0.028499778 -0.021721564 112.635368347
-0.019888140 0.027353277 0.999427915 12.221708298 0.028156541 0.999244452 -0.026787950 -2.987412691 -0.999405682 0.027607666 -0.020643301 112.632797241
-0.018835522 0.027978361 0.999431074 12.949044228 0.027604347 0.999241889 -0.027452821 -3.017435312 -0.999441624 0.027071545 -0.019593583 112.617660522
-0.018434158 0.027702438 0.999446273 13.698745728 0.026753429 0.999271870 -0.027204150 -3.039092541 -0.999472082 0.026237126 -0.019161884 112.616485596
-0.017797599 0.026278505 0.999496162 14.453336716 0.025978582 0.999329269 -0.025811518 -3.066919804 -0.999504089 0.025506107 -0.018468352 112.607582092
-0.017034538 0.024822710 0.999546766 15.213411331 0.026751470 0.999345303 -0.024361799 -3.100512981 -0.999496937 0.026324352 -0.017687446 112.590148926
-0.017792050 0.022687245 0.999584317 16.000816345 0.027090911 0.999386430 -0.022200553 -3.125473261 -0.999474704 0.026684659 -0.018395770 112.583511353
-0.019357082 0.021001875 0.999592125 16.779630661 0.023773603 0.999506414 -0.020539699 -3.155499935 -0.999529958 0.023366313 -0.019846834 112.579124451
-0.019532081 0.019968430 0.999609768 17.574747086 0.024422333 0.999511719 -0.019489264 -3.176657200 -0.999510825 0.024032135 -0.020010225 112.546699524
-0.020689789 0.017665807 0.999629855 18.373485565 0.026524169 0.999501586 -0.017114559 -3.195305109 -0.999433994 0.026160249 -0.021148048 112.530029297
-0.022315945 0.015945999 0.999623775 19.183477402 0.028144686 0.999486506 -0.015315499 -3.220769405 -0.999354720 0.027792310 -0.022753285 112.517951965
-0.024167780 0.014894094 0.999597013 20.007772446 0.025666665 0.999568582 -0.014273118 -3.252658367 -0.999378324 0.025311369 -0.024539638 112.502639771
-0.024501113 0.019762635 0.999504447 20.832029343 0.022335056 0.999565780 -0.019216344 -3.277506113 -0.999450266 0.021853162 -0.024931893 112.480812073
-0.025513886 0.024383653 0.999377072 21.666877747 0.023765245 0.999434710 -0.023778332 -3.302165031 -0.999392033 0.023143759 -0.026078964 112.465667725
-0.026688265 0.026249047 0.999299169 22.504077911 0.023791160 0.999388635 -0.025616009 -3.327505827 -0.999360740 0.023090832 -0.027296461 112.445465088
-0.028321335 0.024036411 0.999309838 23.349342346 0.020341985 0.999517620 -0.023464898 -3.360890388 -0.999391913 0.019663386 -0.028796636 112.432456970
-0.028991064 0.019532427 0.999388814 24.195779800 0.017430292 0.999666929 -0.019032234 -3.396662951 -0.999427617 0.016867874 -0.029321872 112.414062500
-0.029591937 0.014325649 0.999459386 25.049135208 0.015955370 0.999776781 -0.013857787 -3.423810482 -0.999434650 0.015536664 -0.029813908 112.397491455
-0.029881451 0.008717400 0.999515414 25.897539139 0.012383258 0.999888480 -0.008350438 -3.448395491 -0.999476671 0.012127733 -0.029986070 112.380912781
-0.029538957 0.006710297 0.999541163 26.748497009 0.009784718 0.999931574 -0.006423752 -3.482173920 -0.999515593 0.009590479 -0.029602604 112.366165161
-0.028319007 0.013986146 0.999501109 27.586029053 0.011916067 0.999835730 -0.013653207 -3.510493279 -0.999527812 0.011523480 -0.028481029 112.329490662
-0.026896136 0.025117449 0.999322712 28.415178299 0.014635049 0.999587059 -0.024730198 -3.535548687 -0.999531031 0.013959993 -0.027252635 112.302352905
-0.026975885 0.030581040 0.999168217 29.251108170 0.016446518 0.999410272 -0.030144416 -3.557984352 -0.999500811 0.015619667 -0.027462937 112.291297913
-0.025766686 0.025094330 0.999352992 30.092000961 0.018145451 0.999531925 -0.024630971 -3.593237400 -0.999503195 0.017499056 -0.026209980 112.271362305
-0.024518602 0.017244600 0.999550581 30.931903839 0.021095982 0.999637663 -0.016728621 -3.628795624 -0.999476731 0.020676343 -0.024873517 112.244499207
-0.023644332 0.014253825 0.999618828 31.760313034 0.022406111 0.999654770 -0.013724354 -3.657278061 -0.999469280 0.022073064 -0.023955554 112.222953796
-0.024083320 0.015284094 0.999593019 32.580299377 0.021651739 0.999656618 -0.014763402 -3.680976629 -0.999475479 0.021287376 -0.024405986 112.210189819
-0.024956601 0.015757360 0.999564350 33.391555786 0.017941615 0.999721825 -0.015311882 -3.713827610 -0.999527514 0.017551662 -0.025232384 112.193107605
-0.027089059 0.015808981 0.999508023 34.216205597 0.015942011 0.999754786 -0.015380816 -3.742402554 -0.999505997 0.015517519 -0.027334448 112.180984497
-0.029159689 0.015804952 0.999449849 35.023773193 0.015552763 0.999761224 -0.015356117 -3.768635273 -0.999453783 0.015096429 -0.029398534 112.157608032
-0.031061037 0.015947076 0.999390304 35.830116272 0.014687756 0.999772072 -0.015496673 -3.797655344 -0.999409556 0.014197459 -0.031288192 112.135406494
-0.033203699 0.016076725 0.999319315 36.641815186 0.012510480 0.999798954 -0.015668767 -3.828318357 -0.999370337 0.011981706 -0.033398151 112.116790771
-0.035556689 0.015383721 0.999249220 37.437755585 0.010737577 0.999829650 -0.015010580 -3.855272293 -0.999309957 0.010195789 -0.035715826 112.096527100
-0.037614997 0.014278416 0.999190331 38.228427887 0.011080808 0.999842286 -0.013870595 -3.882190228 -0.999230981 0.010550093 -0.037767306 112.067428589
-0.039620128 0.013739485 0.999120355 39.005332947 0.010068468 0.999860168 -0.013350395 -3.917440653 -0.999164164 0.009530667 -0.039752945 112.038482666
-0.041425202 0.015222279 0.999025643 39.795982361 0.010869778 0.999831617 -0.014783839 -3.937239885 -0.999082506 0.010246764 -0.041583706 112.009918213
-0.042585306 0.015258900 0.998976350 40.578346252 0.011497180 0.999824643 -0.014781744 -3.963900328 -0.999026656 0.010855922 -0.042753272 111.984130859
-0.043749575 0.014292237 0.998940349 41.355537415 0.013563466 0.999814034 -0.013710715 -3.987956524 -0.998950481 0.012949253 -0.043935280 111.950233459
-0.045297731 0.013240192 0.998885870 42.129989624 0.013796154 0.999825060 -0.012627012 -4.017919064 -0.998878241 0.013208807 -0.045472469 111.920021057
-0.046853334 0.012674964 0.998821378 42.889171600 0.011877859 0.999855876 -0.012130919 -4.047561646 -0.998831153 0.011295483 -0.046997126 111.890655518
-0.048022248 0.012072263 0.998773336 43.646812439 0.009686929 0.999885499 -0.011619951 -4.065716267 -0.998799205 0.009117030 -0.048133694 111.860092163
-0.048499662 0.010713306 0.998765767 44.377590179 0.009593760 0.999901354 -0.010259616 -4.090385437 -0.998777092 0.009084335 -0.048597664 111.826202393
-0.049203936 0.010437145 0.998734176 45.094032288 0.009661978 0.999903560 -0.009973355 -4.114564896 -0.998742104 0.009159022 -0.049300034 111.795036316
-0.049293533 0.012739365 0.998703003 45.802738190 0.009862845 0.999876082 -0.012267523 -4.139298916 -0.998735666 0.009245348 -0.049413070 111.765907288
-0.049181659 0.015795410 0.998664975 46.509853363 0.009823397 0.999834239 -0.015330127 -4.163497448 -0.998741567 0.009056323 -0.049328674 111.734115601
-0.049518120 0.017427702 0.998621047 47.198593140 0.007980909 0.999822676 -0.017052924 -4.186518192 -0.998741329 0.007125477 -0.049648438 111.702911377
-0.049667735 0.018444564 0.998595476 47.896896362 0.008563538 0.999800563 -0.018040892 -4.208534241 -0.998729110 0.007655461 -0.049815789 111.672698975
-0.049389191 0.018105710 0.998615444 48.579013824 0.010566899 0.999789178 -0.017604373 -4.233818531 -0.998723686 0.009682805 -0.049570117 111.634529114
-0.049669921 0.017512582 0.998612165 49.268917084 0.010470442 0.999800384 -0.017012635 -4.259918213 -0.998710752 0.009610898 -0.049843375 111.602920532
-0.050231706 0.017667172 0.998581350 49.950763702 0.006839366 0.999826074 -0.017345151 -4.282793999 -0.998714149 0.005958388 -0.050343804 111.579643250
-0.050414301 0.017775845 0.998570204 50.644912720 0.003856005 0.999837577 -0.017603727 -4.310017586 -0.998720884 0.002963015 -0.050474659 111.561805725
-0.049642213 0.016248204 0.998634875 51.307849884 0.006212317 0.999853313 -0.015959213 -4.335961342 -0.998747706 0.005411589 -0.049735870 111.517700195
-0.051021099 0.016096847 0.998567820 51.987503052 0.007071899 0.999850810 -0.015756197 -4.355698109 -0.998672605 0.006257878 -0.051127322 111.490928650
-0.054555006 0.015556812 0.998389542 52.657577515 0.003630789 0.999875128 -0.015381563 -4.379737854 -0.998504102 0.002785807 -0.054604672 111.460830688
-0.059603591 0.014849097 0.998111665 53.322494507 -0.000323079 0.999888957 -0.014894833 -4.406772614 -0.998221934 -0.001210248 -0.059592180 111.425781250
-0.065650269 0.019345608 0.997655153 53.989887238 0.004155423 0.999808669 -0.019113922 -4.422496319 -0.997833908 0.002890851 -0.065718085 111.384788513
-0.072254568 0.022254081 0.997137904 54.661560059 0.006846449 0.999738574 -0.021816013 -4.443742752 -0.997362673 0.005250554 -0.072388038 111.329360962
-0.079806238 0.023339944 0.996537268 55.332771301 0.004568804 0.999723852 -0.023048699 -4.473555088 -0.996799886 0.002713553 -0.079890847 111.280120850
-0.085805796 0.022202913 0.996064544 56.005752563 0.001042108 0.999753237 -0.022195367 -4.501409054 -0.996311367 -0.000866483 -0.085807763 111.225219727
-0.091608554 0.021603273 0.995560765 56.683338165 0.001277962 0.999766409 -0.021576943 -4.518192291 -0.995794296 -0.000704343 -0.091614753 111.170135498
-0.096154995 0.021967461 0.995123982 57.381687164 -0.001108574 0.999753475 -0.022176776 -4.546706676 -0.995365858 -0.003235575 -0.096106939 111.108398438
-0.100330204 0.021581743 0.994720161 58.080612183 -0.003204316 0.999752462 -0.022014126 -4.566606045 -0.994949102 -0.005396078 -0.100236215 111.046638489
-0.103105240 0.018443938 0.994499445 58.779930115 -0.002922240 0.999818206 -0.018845543 -4.590503693 -0.994666159 -0.004849240 -0.103032596 110.980789185
-0.104643226 0.014874064 0.994398594 59.498908997 -0.001699353 0.999884009 -0.015134941 -4.619424343 -0.994508386 -0.003273608 -0.104605809 110.904365540
-0.105579391 0.011986901 0.994338572 60.212036133 -0.001791939 0.999923408 -0.012244492 -4.642306328 -0.994409263 -0.003074567 -0.105549827 110.827033997
-0.107168928 0.011561425 0.994173646 60.941970825 -0.003078772 0.999923706 -0.011960174 -4.663015366 -0.994235992 -0.004342600 -0.107125171 110.758460999
-0.107443705 0.015687903 0.994087338 61.658737183 -0.000826243 0.999873757 -0.015868519 -4.680657387 -0.994210839 -0.002526336 -0.107417166 110.681556702
-0.107906736 0.019927455 0.993961334 62.402507782 0.005230911 0.999796629 -0.019476561 -4.701019287 -0.994147301 0.003097665 -0.107989028 110.601089478
-0.108787231 0.025155794 0.993746698 63.143085480 0.012895606 0.999631345 -0.023893047 -4.725603104 -0.993981421 0.010215702 -0.109071530 110.512008667
-0.109021917 0.025639363 0.993708611 63.868282318 0.014061723 0.999607086 -0.024248810 -4.754855156 -0.993939936 0.011329602 -0.109339610 110.423217773
-0.109458476 0.023375854 0.993716359 64.620101929 0.011874080 0.999682844 -0.022208266 -4.781371593 -0.993920565 0.009368584 -0.109701321 110.349861145
-0.109193593 0.018305043 0.993851960 65.367584229 0.012395986 0.999777794 -0.017052250 -4.809322357 -0.993943214 0.010457780 -0.109396249 110.268157959
-0.109139189 0.016436297 0.993890524 66.117835999 0.014168774 0.999787390 -0.014977942 -4.834166527 -0.993925571 0.012447530 -0.109348871 110.184089661
-0.110140383 0.016406672 0.993780673 66.863525391 0.015543828 0.999769926 -0.014782837 -4.857255459 -0.993794501 0.013818966 -0.110370070 110.097534180
-0.111836776 0.017014043 0.993580937 67.609588623 0.014008737 0.999781013 -0.015543404 -4.883415222 -0.993627846 0.012180489 -0.112050630 110.021423340
-0.113938853 0.017858936 0.993327320 68.344192505 0.013070463 0.999778867 -0.016475691 -4.906159401 -0.993401825 0.011106024 -0.114147075 109.941467285
-0.116308011 0.018399188 0.993042767 69.084289551 0.014832596 0.999749124 -0.016786212 -4.929393768 -0.993102491 0.012777032 -0.116551742 109.855270386
-0.118317679 0.018527117 0.992802978 69.828407288 0.015009276 0.999745131 -0.016867934 -4.952643394 -0.992862403 0.012905478 -0.118565582 109.770309448
-0.119936496 0.018307017 0.992612779 70.574974060 0.015305801 0.999745309 -0.016589174 -4.977241993 -0.992663622 0.013203087 -0.120186165 109.675476074
-0.121705182 0.018634669 0.992391348 71.324676514 0.013054698 0.999767303 -0.017172163 -4.999715328 -0.992480338 0.010865429 -0.121920139 109.590507507
-0.122807361 0.020107441 0.992226839 72.074981689 0.012924403 0.999742389 -0.018660095 -5.026378155 -0.992346287 0.010532344 -0.123035580 109.502182007
-0.123579577 0.020519296 0.992122591 72.839569092 0.012271764 0.999741375 -0.019148290 -5.048269749 -0.992258787 0.009808755 -0.123799421 109.412475586
-0.124977715 0.020681601 0.991944015 73.604591370 0.011521147 0.999745548 -0.019392679 -5.074576855 -0.992092550 0.009004681 -0.125184208 109.320159912
-0.126135036 0.019230042 0.991826713 74.382026672 0.012147501 0.999767184 -0.017839139 -5.094308853 -0.991938710 0.009798077 -0.126339287 109.227867126
-0.126990408 0.016766621 0.991762340 75.163063049 0.010177208 0.999826491 -0.015599811 -5.119009972 -0.991851687 0.008112346 -0.127139032 109.132781982
-0.128989995 0.014987582 0.991532743 75.953857422 0.006652520 0.999876320 -0.014248265 -5.137637138 -0.991623580 0.004758309 -0.129073769 109.042137146
-0.130936503 0.014078559 0.991290927 76.733436584 0.007914757 0.999882102 -0.013155137 -5.164741993 -0.991359115 0.006123337 -0.131032497 108.934158325
-0.132396311 0.014961052 0.991083980 77.528884888 0.009156355 0.999861896 -0.013870384 -5.185029507 -0.991154492 0.007238328 -0.132515028 108.830177307
-0.134718299 0.016332589 0.990749300 78.322608948 0.008728615 0.999844968 -0.015295644 -5.204775810 -0.990845501 0.006587264 -0.134840012 108.722984314
-0.136380851 0.019373210 0.990467072 79.119422913 0.009607259 0.999787688 -0.018232655 -5.237127304 -0.990609884 0.007029086 -0.136538029 108.618820190
-0.136465386 0.023228038 0.990372479 79.930160522 0.011936388 0.999691010 -0.021801854 -5.264146805 -0.990572810 0.008846271 -0.136700481 108.504508972
-0.137938201 0.027169663 0.990068078 80.730842590 0.012970900 0.999587417 -0.025623763 -5.300425529 -0.990355909 0.009307577 -0.138233691 108.390182495
-0.137891039 0.028788047 0.990029037 81.558410645 0.015315502 0.999519944 -0.026930884 -5.326060295 -0.990328968 0.011449262 -0.138265759 108.278907776
-0.137096882 0.027697565 0.990170419 82.384719849 0.018612254 0.999504507 -0.025381655 -5.363194466 -0.990382731 0.014949556 -0.137544498 108.160484314
-0.137035102 0.025699422 0.990232766 83.219940186 0.019339582 0.999542296 -0.023264686 -5.395525932 -0.990377367 0.015962610 -0.137469411 108.044479370
-0.135747746 0.024355482 0.990444005 84.058212280 0.018428078 0.999586821 -0.022054601 -5.424460411 -0.990572035 0.015258119 -0.136140510 107.928535461
-0.134598255 0.021524083 0.990666509 84.905433655 0.017794963 0.999655306 -0.019301644 -5.458140373 -0.990740418 0.015030907 -0.134934917 107.831375122
-0.133412227 0.018622715 0.990885735 85.763282776 0.018248202 0.999700069 -0.016331445 -5.483014584 -0.990892649 0.015903069 -0.133712053 107.727813721
-0.131451756 0.014982941 0.991209388 86.613639832 0.018557582 0.999747634 -0.012650942 -5.512755394 -0.991148770 0.016731463 -0.131696627 107.613685608
-0.129632145 0.014798814 0.991451740 87.461357117 0.016734773 0.999778867 -0.012735041 -5.540510178 -0.991420984 0.014940849 -0.129851118 107.508529663
-0.128489465 0.019041464 0.991528034 88.314628601 0.017564651 0.999702513 -0.016922293 -5.569222927 -0.991555333 0.015241507 -0.128785715 107.404327393
-0.126221985 0.025180906 0.991682351 89.161338806 0.018629249 0.999561667 -0.023009833 -5.598598480 -0.991827011 0.015569954 -0.126635745 107.294883728
-0.124870814 0.028793082 0.991755068 90.019432068 0.016814359 0.999496758 -0.026900759 -5.625745296 -0.992030501 0.013316608 -0.125292107 107.194175720
-0.123355530 0.026089532 0.992019534 90.859977722 0.014884206 0.999590576 -0.024437824 -5.659712315 -0.992250860 0.011750884 -0.123693347 107.091094971
