0.142312914 0.053237773 -0.988389015 145.242340088 -0.040142480 0.998041391 0.047977779 -8.768365860 0.989007354 0.032848526 0.144171298 161.785446167
0.141045123 0.048740603 -0.988802671 144.292190552 -0.039320566 0.998274982 0.043598745 -8.730928421 0.989221931 0.032730889 0.142718330 161.917709351
0.140176028 0.047589943 -0.988982320 143.341583252 -0.039941244 0.998302996 0.042377282 -8.705457687 0.989320695 0.033560902 0.141838968 162.049057007
0.137719288 0.047944713 -0.989310205 142.375396729 -0.041749038 0.998221099 0.042564772 -8.678763390 0.989591002 0.035440754 0.139475927 162.174179077
0.134699002 0.048570674 -0.989695430 141.401077271 -0.041216366 0.998208165 0.043378834 -8.649191856 0.990028918 0.034948554 0.136459544 162.304428101
0.130102754 0.049006496 -0.990288675 140.422851562 -0.039671533 0.998235285 0.044187754 -8.620498657 0.990706563 0.033537317 0.131817311 162.431854248
0.125143021 0.048576362 -0.990948796 139.440933228 -0.037491854 0.998318791 0.044202939 -8.589809418 0.991430044 0.031620812 0.126753867 162.554336548
0.119745284 0.048864774 -0.991601408 138.438522339 -0.038110629 0.998278081 0.044591572 -8.561603546 0.992072940 0.032450914 0.121401355 162.663848877
0.114700720 0.049030490 -0.992189407 137.440109253 -0.038956344 0.998234987 0.044825748 -8.530879974 0.992635965 0.033510521 0.116408318 162.777435303
0.109705031 0.050641183 -0.992673397 136.437484741 -0.040268328 0.998107791 0.046468180 -8.495359421 0.993148208 0.034875493 0.111536689 162.877990723
0.105111472 0.051748019 -0.993113220 135.425750732 -0.041816477 0.997991979 0.047576364 -8.464982986 0.993580878 0.036527663 0.107064322 162.978897095
0.101247057 0.050999582 -0.993553400 134.414291382 -0.043008585 0.997975945 0.046843853 -8.432168961 0.993931293 0.037988517 0.103235565 163.072814941
0.098630473 0.047485106 -0.993990541 133.395629883 -0.042572048 0.998147726 0.043459419 -8.398954391 0.994213104 0.038029790 0.100469336 163.166458130
0.096645392 0.043771416 -0.994355977 132.372863770 -0.043514755 0.998263180 0.039714038 -8.368878365 0.994367242 0.039430983 0.098382242 163.257369995
0.095087200 0.042374719 -0.994566560 131.331161499 -0.041908812 0.998378158 0.038530350 -8.344010353 0.994586289 0.038017366 0.096708871 163.355712891
0.093595624 0.042317338 -0.994710565 130.288894653 -0.039228342 0.998477221 0.038786449 -8.317876816 0.994837224 0.035390612 0.095113128 163.454498291
0.093609989 0.043582223 -0.994654596 129.236831665 -0.036954477 0.998505056 0.040273037 -8.289663315 0.994922876 0.032986980 0.095080614 163.546173096
0.093481526 0.046663411 -0.994526863 128.178573608 -0.036012057 0.998405874 0.043460421 -8.257085800 0.994969487 0.031752214 0.095012963 163.639907837
0.092737891 0.049753223 -0.994446695 127.118896484 -0.034936991 0.998298407 0.046687849 -8.227306366 0.995077431 0.030413246 0.094318315 163.740112305
0.092249259 0.051337574 -0.994411588 126.062095642 -0.034917824 0.998222530 0.048295073 -8.191591263 0.995123506 0.030267509 0.093877882 163.831802368
0.091560148 0.052329514 -0.994423687 124.981758118 -0.037000332 0.998107612 0.049116604 -8.158523560 0.995111823 0.032296889 0.093323089 163.923126221
0.091032729 0.053135481 -0.994429410 123.913650513 -0.037372053 0.998054385 0.049908038 -8.121194839 0.995146453 0.032620598 0.092841402 164.019042969
0.090239376 0.053582720 -0.994477570 122.841064453 -0.039141424 0.997970939 0.050219219 -8.085926056 0.995150506 0.034393519 0.092153579 164.116180420
0.090770379 0.053012729 -0.994459867 121.772216797 -0.039745145 0.997979403 0.049572565 -8.054117203 0.995078444 0.035025228 0.092693970 164.202697754
0.090944588 0.051548623 -0.994520843 120.703750610 -0.041278735 0.997996271 0.047953993 -8.013345718 0.995000064 0.036691405 0.092890218 164.293701172
0.091530763 0.051053487 -0.994492590 119.624908447 -0.042949643 0.997958004 0.047278393 -7.979930401 0.994875610 0.038385678 0.093536571 164.385299683
0.092357665 0.050915271 -0.994423330 118.558769226 -0.042428140 0.997986019 0.047157146 -7.958667755 0.994821608 0.037836205 0.094331898 164.475891113
0.092905022 0.050993565 -0.994368374 117.489250183 -0.042800289 0.997969031 0.047179345 -7.922032356 0.994754672 0.038176052 0.094898880 164.567977905
0.093480892 0.050728798 -0.994327903 116.424957275 -0.041789260 0.998020947 0.046988431 -7.893797874 0.994743764 0.037159704 0.095415801 164.661941528
0.093313619 0.050742730 -0.994342864 115.346534729 -0.041756317 0.998021245 0.047011834 -7.864152431 0.994760692 0.037133254 0.095247798 164.763916016
0.094220243 0.050386429 -0.994275451 114.275428772 -0.041650318 0.998043656 0.046630472 -7.830638885 0.994679689 0.037018362 0.096134514 164.857101440
0.094557479 0.050497685 -0.994237900 113.201492310 -0.042140886 0.998020530 0.046681978 -7.796497822 0.994626939 0.037483938 0.096498325 164.950271606
0.094385989 0.052066002 -0.994173229 112.133323669 -0.042582769 0.997928619 0.048219897 -7.771045685 0.994624496 0.037783366 0.096407607 165.056289673
0.094377227 0.052291267 -0.994162261 111.061691284 -0.042692803 0.997913480 0.048435684 -7.738299370 0.994620621 0.037872344 0.096412793 165.152893066
0.094041497 0.051005695 -0.994260848 109.990318298 -0.043046154 0.997961044 0.047124024 -7.706761837 0.994637251 0.038367491 0.096045367 165.250259399
0.093775898 0.050908107 -0.994290948 108.916305542 -0.043705370 0.997939706 0.046972867 -7.676906586 0.994633496 0.039050933 0.095807642 165.346633911
0.092893764 0.052698459 -0.994280457 107.849380493 -0.044020128 0.997839332 0.048774362 -7.642706394 0.994702458 0.039237514 0.095012844 165.444992065
0.092390731 0.055008367 -0.994202256 106.771575928 -0.044275116 0.997712135 0.051088110 -7.606239796 0.994737983 0.039298348 0.094614863 165.539321899
0.092130065 0.055434398 -0.994202793 105.693183899 -0.045773365 0.997629464 0.051383771 -7.573560715 0.994694293 0.040774018 0.094449095 165.624313354
0.091810383 0.054909889 -0.994261503 104.626121521 -0.046324439 0.997632921 0.050818484 -7.536975384 0.994698405 0.041392937 0.094136737 165.718048096
0.091696337 0.054707233 -0.994283140 103.561050415 -0.046884697 0.997619569 0.050566938 -7.502592564 0.994682670 0.041979861 0.094042994 165.813415527
0.093015313 0.056413516 -0.994065225 102.488647461 -0.051032864 0.997351408 0.051824827 -7.464646339 0.994355977 0.045909490 0.095647894 165.901733398
0.094641462 0.055476669 -0.993964374 101.423645020 -0.054453611 0.997239709 0.050474606 -7.426903725 0.994021058 0.049347959 0.097401127 165.997879028
0.097057469 0.051900256 -0.993924677 100.366897583 -0.056933846 0.997293651 0.046516545 -7.394236565 0.993649065 0.052073169 0.099749684 166.091979980
0.100935109 0.047582895 -0.993754447 99.313400269 -0.061031185 0.997270644 0.041552339 -7.365609169 0.993019283 0.056455929 0.103563666 166.179763794
0.104523838 0.046703335 -0.993425131 98.248764038 -0.063094072 0.997195899 0.040242121 -7.334638596 0.992519021 0.058472972 0.107177459 166.279708862
0.108043529 0.048812926 -0.992947161 97.177436829 -0.062559582 0.997148216 0.042212281 -7.304201126 0.992175996 0.057557590 0.110789128 166.395965576
0.111174233 0.052321382 -0.992422819 96.104469299 -0.060873248 0.997096539 0.045748588 -7.286046982 0.991934955 0.055325922 0.114036426 166.515396118
0.114048474 0.053935949 -0.992010117 95.029190063 -0.059264023 0.997116446 0.047400169 -7.251394272 0.991705954 0.053384595 0.116916075 166.641250610
0.117871732 0.056043554 -0.991446137 93.954727173 -0.058332976 0.997072935 0.049426481 -7.221095085 0.991313994 0.052008018 0.120795891 166.762832642
0.121140286 0.056944460 -0.991000772 92.866691589 -0.057229169 0.997093260 0.050298832 -7.189002991 0.990984321 0.050620932 0.124047063 166.900299072
0.124023527 0.057618864 -0.990604997 91.784484863 -0.059098355 0.996969521 0.050589949 -7.150470734 0.990517855 0.052268784 0.127052858 167.029434204
0.126475543 0.056418236 -0.990363955 90.711540222 -0.057943232 0.997096896 0.049402073 -7.115791321 0.990275979 0.051136740 0.129377425 167.164688110
0.128534257 0.053408392 -0.990265906 89.626655579 -0.057312023 0.997279882 0.046347708 -7.083415985 0.990047634 0.050796874 0.131245583 167.301712036
0.130284131 0.049757462 -0.990227401 88.545799255 -0.055588398 0.997535467 0.042810921 -7.048925400 0.989917219 0.049467571 0.132728994 167.446365356
0.131563038 0.048061907 -0.990141988 87.458213806 -0.054387711 0.997669578 0.041200645 -7.023453712 0.989814758 0.048431072 0.133870408 167.585906982
0.131557003 0.048968967 -0.990098357 86.376968384 -0.052932288 0.997701347 0.042311743 -6.992772102 0.989894450 0.046841767 0.133846626 167.730026245
0.131494075 0.050054256 -0.990052462 85.273330688 -0.048848271 0.997838438 0.043960094 -6.959446907 0.990112901 0.042581856 0.133654878 167.882186890
0.131153196 0.050232373 -0.990088642 84.174552917 -0.045189295 0.997980237 0.044646703 -6.929837227 0.990331650 0.038885847 0.133158252 168.020889282
0.130167186 0.049344186 -0.990263402 83.083580017 -0.042661328 0.998114645 0.044127692 -6.899981022 0.990573883 0.036501974 0.132026866 168.169036865
0.129095674 0.050120655 -0.990364730 81.982513428 -0.040231626 0.998164296 0.045271125 -6.863667488 0.990815759 0.033999678 0.130875111 168.312667847
0.127368331 0.054864001 -0.990336895 80.870910645 -0.038783409 0.997980893 0.050299484 -6.829049110 0.991096914 0.032002084 0.129238963 168.447052002
0.124669462 0.059127390 -0.990434945 79.754562378 -0.037920356 0.997777402 0.054792553 -6.788885117 0.991473436 0.030726686 0.126634523 168.593505859
0.121709086 0.056926802 -0.990931988 78.647865295 -0.036098931 0.997947335 0.052896038 -6.742194653 0.991909206 0.029333655 0.123514257 168.730331421
0.118315443 0.049333606 -0.991749823 77.537590027 -0.034542330 0.998365045 0.045541789 -6.717146873 0.992375076 0.028869048 0.119826101 168.854446411
0.115663819 0.043707449 -0.992326319 76.428817749 -0.033467129 0.998635709 0.040084474 -6.683733940 0.992724419 0.028573990 0.116968766 168.969879150
0.111775815 0.044920042 -0.992717743 75.294342041 -0.032826282 0.998599529 0.041490093 -6.646623611 0.993191123 0.027949641 0.113093838 169.101791382
0.108818270 0.049061235 -0.992850184 74.157928467 -0.032160975 0.998432279 0.045812164 -6.616662979 0.993541241 0.026945835 0.110225528 169.218063354
0.106066629 0.050642505 -0.993068576 73.013793945 -0.032886859 0.998334587 0.047398508 -6.576323986 0.993814945 0.027631512 0.107555464 169.328262329
0.103549629 0.050981853 -0.993316829 71.870353699 -0.034366842 0.998272538 0.047653589 -6.535528183 0.994030297 0.029202655 0.105122842 169.437957764
0.100945815 0.052289039 -0.993516862 70.735694885 -0.035427961 0.998173535 0.048934471 -6.502050400 0.994260907 0.030258549 0.102613941 169.548400879
0.098998599 0.053675774 -0.993638813 69.586692810 -0.034763999 0.998121262 0.050454281 -6.460485458 0.994480073 0.029547961 0.100678585 169.656036377
0.096871816 0.053662900 -0.993849158 68.449905396 -0.033632867 0.998151720 0.050616972 -6.423003674 0.994728446 0.028522640 0.098497614 169.766525269
0.095042638 0.052168898 -0.994105279 67.273773193 -0.031832580 0.998274505 0.049344290 -6.383397579 0.994964063 0.026955126 0.096539311 169.871047974
0.092639700 0.051093645 -0.994387984 66.118499756 -0.030635526 0.998356044 0.048443452 -6.342575550 0.995228291 0.025975807 0.094052687 169.978958130
0.090396054 0.050239578 -0.994637907 64.963172913 -0.030912077 0.998387158 0.047619555 -6.305234909 0.995425999 0.026441703 0.091803275 170.078765869
0.088742182 0.050080322 -0.994795024 63.791419983 -0.031193981 0.998385072 0.047478363 -6.272212029 0.995565951 0.026818281 0.090161093 170.169723511
0.086397320 0.052070785 -0.994899154 62.618289948 -0.031616498 0.998273432 0.049501818 -6.229920387 0.995758891 0.027178396 0.087894455 170.265121460
0.083499022 0.055559915 -0.994957864 61.447441101 -0.031483922 0.998093128 0.053092796 -6.194940090 0.996010363 0.026891984 0.085089050 170.368499756
0.080538094 0.055694632 -0.995194376 60.288425446 -0.032387100 0.998056710 0.053233832 -6.150220871 0.996225178 0.027944105 0.082185380 170.451019287
0.077479236 0.054699428 -0.995492399 59.109939575 -0.033394247 0.998075902 0.052242316 -6.101711273 0.996434510 0.029196015 0.079156816 170.543975830
0.075984575 0.054741446 -0.995605230 57.952342987 -0.032982156 0.998083532 0.052360505 -6.070753098 0.996563375 0.028858615 0.077644460 170.618026733
0.074639663 0.054500498 -0.995720208 56.786319733 -0.033499014 0.998079002 0.052118499 -6.029128075 0.996647775 0.029465534 0.076321997 170.701263428
0.072809927 0.054802991 -0.995839059 55.623809814 -0.034059107 0.998043418 0.052434102 -5.999800682 0.996764123 0.030099666 0.074534014 170.781433105
0.071082957 0.056116719 -0.995890617 54.466781616 -0.033998024 0.997972429 0.053807370 -5.966379166 0.996890843 0.030033523 0.072846673 170.861938477
0.069909215 0.056134164 -0.995972812 53.315216064 -0.034075402 0.997967243 0.053854764 -5.924407959 0.996971130 0.030173229 0.071679920 170.936950684
0.068562739 0.055459257 -0.996104121 52.159523010 -0.032700405 0.998042107 0.053316362 -5.883481026 0.997110724 0.028917490 0.070242047 171.017562866
0.067933366 0.054559849 -0.996196985 50.999717712 -0.033678930 0.998059988 0.052365221 -5.845988274 0.997121215 0.029993504 0.069639102 171.081527710
0.066459656 0.053708464 -0.996342659 49.847473145 -0.032757211 0.998129487 0.051619757 -5.805541992 0.997251213 0.029206773 0.068094693 171.162918091
0.065610364 0.051744986 -0.996502757 48.713649750 -0.034126960 0.998186707 0.049585480 -5.773733139 0.997261643 0.030754289 0.067257270 171.219360352
0.064972654 0.047111936 -0.996774375 47.567382812 -0.031898785 0.998472571 0.045112941 -5.740461349 0.997377098 0.028864782 0.066376232 171.293182373
0.063960873 0.044149939 -0.996975482 46.441143036 -0.031889133 0.998601139 0.042176098 -5.715764046 0.997442782 0.029095061 0.065279335 171.348144531
0.062655240 0.043876104 -0.997070372 45.293334961 -0.029945489 0.998666048 0.042064570 -5.680717468 0.997585833 0.027222198 0.063885570 171.426620483
0.061035007 0.047904681 -0.996985495 44.155254364 -0.027534466 0.998548269 0.046294134 -5.653498650 0.997755826 0.024625901 0.062265445 171.490539551
0.059901677 0.051066291 -0.996897221 43.041130066 -0.027035991 0.998407185 0.049519099 -5.625808239 0.997838199 0.023985822 0.061186898 171.554443359
0.058446996 0.052059118 -0.996932209 41.915943146 -0.027453221 0.998345494 0.050523423 -5.590514183 0.997912943 0.024416056 0.059779517 171.620239258
0.057092212 0.052263204 -0.997000039 40.803112030 -0.028363468 0.998310685 0.050707713 -5.558560848 0.997965872 0.025383363 0.058478162 171.680755615
0.055929918 0.053762153 -0.996986151 39.702987671 -0.030012308 0.998188496 0.052143324 -5.520109653 0.997983515 0.027005482 0.057442132 171.734207153
0.054378890 0.056942396 -0.996895432 38.605579376 -0.032275531 0.997951269 0.055242121 -5.488715649 0.997998536 0.029171327 0.056105327 171.790100098
0.053653412 0.058063336 -0.996870100 37.516471863 -0.034651484 0.997815132 0.056253359 -5.449069023 0.997958183 0.031524844 0.055548165 171.830703735
0.052256811 0.057855744 -0.996956348 36.435085297 -0.035833661 0.997786105 0.056025628 -5.416453838 0.997990549 0.032796875 0.054214291 171.882064819
0.051131483 0.057560921 -0.997031808 35.371257782 -0.036765985 0.997769415 0.055718012 -5.377351761 0.998014927 0.033807911 0.053133711 171.931671143
0.049604498 0.058192987 -0.997072279 34.331630707 -0.038657065 0.997664928 0.056304395 -5.337725639 0.998020530 0.035750933 0.051738247 171.967315674
0.047643878 0.058815408 -0.997131288 33.294265747 -0.039189324 0.997606337 0.056970928 -5.304229736 0.998095512 0.036362581 0.049834765 172.020111084
0.045056809 0.060108393 -0.997174442 32.276496887 -0.039905339 0.997499704 0.058324900 -5.264986992 0.998187125 0.037164651 0.047342807 172.070144653
0.043813713 0.060125392 -0.997228742 31.280021667 -0.041138120 0.997449338 0.058331251 -5.230825901 0.998192430 0.038468413 0.046175390 172.094512939
0.042384557 0.060334750 -0.997277975 30.291973114 -0.041120332 0.997434378 0.058596600 -5.200404644 0.998254836 0.038524803 0.044756800 172.132232666
0.040420920 0.059805382 -0.997391403 29.324234009 -0.041724980 0.997437358 0.058117174 -5.163503170 0.998311222 0.039266981 0.042812727 172.162658691
0.038896948 0.058828238 -0.997510076 28.376605988 -0.041640021 0.997493744 0.057203565 -5.129293442 0.998375297 0.039311290 0.041249078 172.189682007
0.036789641 0.058893003 -0.997586131 27.433090210 -0.042347208 0.997457087 0.057323676 -5.098419189 0.998425364 0.040136065 0.039190035 172.226257324
0.035150256 0.058505472 -0.997668087 26.507783890 -0.042939153 0.997451484 0.056979924 -5.063190460 0.998459101 0.040836163 0.037572838 172.255218506
0.034433801 0.059213609 -0.997651279 25.609140396 -0.044270169 0.997353792 0.057667971 -5.034129143 0.998425961 0.042180464 0.036964081 172.280105591
0.034258913 0.059697561 -0.997628450 24.731443405 -0.045280296 0.997282028 0.058121890 -5.004361153 0.998386621 0.043181725 0.036868937 172.305999756
0.034992486 0.059048727 -0.997641623 23.864364624 -0.047404144 0.997227371 0.057361502 -4.973241806 0.998262644 0.045285124 0.037694633 172.332992554
0.037997503 0.058623549 -0.997556746 23.008647919 -0.049467456 0.997164130 0.056716226 -4.945602894 0.998052835 0.047191516 0.040789708 172.356811523
0.041916158 0.057593271 -0.997459769 22.171829224 -0.051334038 0.997142732 0.055417757 -4.917882442 0.997801483 0.048880745 0.044752892 172.386749268
0.047733761 0.057003997 -0.997232080 21.348468781 -0.051691383 0.997173548 0.054526363 -4.890768528 0.997521698 0.048945565 0.050545443 172.427658081
0.054288570 0.056660760 -0.996916294 20.540824890 -0.054399610 0.997073889 0.053707298 -4.863686562 0.997042358 0.051316172 0.057212029 172.471343994
0.063501634 0.056585588 -0.996376276 19.730060577 -0.055509374 0.997045994 0.053085864 -4.841695786 0.996436715 0.051937182 0.066455081 172.517196655
0.074056134 0.055924390 -0.995684743 18.940164566 -0.055141225 0.997128665 0.051904235 -4.815255165 0.995728314 0.051059451 0.076927237 172.575912476
0.085168824 0.055721737 -0.994807184 18.145208359 -0.054704867 0.997190475 0.051171761 -4.789041519 0.994863510 0.050062563 0.087977774 172.650894165
0.096842863 0.054302879 -0.993817270 17.388660431 -0.053196929 0.997365654 0.049312972 -4.765386581 0.993876934 0.048092417 0.099476516 172.729339600
0.108021431 0.055229463 -0.992613256 16.628702164 -0.051874239 0.997408569 0.049851045 -4.743702888 0.992794216 0.046106078 0.110606477 172.820022583
0.119423836 0.055676222 -0.991281033 15.876604080 -0.050202262 0.997487783 0.049976755 -4.712608337 0.991573393 0.043796133 0.121918902 172.915069580
0.130152851 0.057341818 -0.989834428 15.153953552 -0.046968579 0.997561991 0.051613607 -4.704808712 0.990380883 0.039773449 0.132528812 173.014907837
0.140962303 0.057483181 -0.988344729 14.422594070 -0.044394650 0.997675657 0.051694110 -4.682367802 0.989019096 0.036590289 0.143186614 173.114273071
0.150493860 0.056521945 -0.986993849 13.722972870 -0.040188625 0.997888803 0.051018015 -4.656851292 0.987793684 0.031988032 0.152447686 173.232925415
0.159335464 0.055848677 -0.985643446 13.024839401 -0.037931252 0.998007715 0.050417423 -4.635861397 0.986495554 0.029353410 0.161136448 173.347808838
0.165979698 0.055872824 -0.984545052 12.336244583 -0.034350149 0.998115301 0.050852004 -4.619959354 0.985530615 0.025378872 0.167586118 173.468627930
0.170511186 0.055859175 -0.983771265 11.658227921 -0.030229779 0.998218358 0.051439960 -4.596368313 0.984891891 0.020968096 0.171896040 173.596389771
0.173040688 0.056535773 -0.983290851 10.987661362 -0.025386840 0.998275518 0.052929744 -4.582876205 0.984587431 0.015803646 0.174177572 173.715454102
0.173456728 0.056732912 -0.983206093 10.337625504 -0.021478349 0.998319864 0.053815808 -4.557856083 0.984607220 0.011782933 0.174383864 173.833374023
0.172447965 0.056514338 -0.983396113 9.699357986 -0.017458113 0.998371303 0.054313492 -4.540967941 0.984863877 0.007801983 0.173153728 173.946945190
0.169614509 0.056629177 -0.983882189 9.072790146 -0.014997815 0.998380363 0.054878131 -4.519755363 0.985396326 0.005447953 0.170189127 174.055862427
0.166051686 0.057257045 -0.984453380 8.470027924 -0.012504963 0.998354852 0.055956315 -4.500905037 0.986037850 0.003018908 0.166494489 174.152664185
0.161785975 0.057543617 -0.985146761 7.884574890 -0.010501694 0.998342276 0.056589745 -4.477676392 0.986770034 0.001190279 0.162122101 174.246200562
0.157262728 0.058782667 -0.985805809 7.311838150 -0.007847901 0.998269856 0.058273926 -4.461887360 0.987525702 -0.001427812 0.157451943 174.337509155
0.152932376 0.059477754 -0.986445129 6.752502441 -0.005820669 0.998224199 0.059285551 -4.437368393 0.988219500 -0.003324911 0.153006956 174.418411255
0.148587659 0.059986502 -0.987078130 6.224245071 -0.004300477 0.998188198 0.060014315 -4.418728828 0.988889873 -0.004672478 0.148576409 174.494628906
0.143876553 0.060062464 -0.987771213 5.714563370 -0.002582122 0.998175800 0.060319018 -4.400185108 0.989592254 -0.006127952 0.143769160 174.568008423
0.139260843 0.059892215 -0.988442838 5.227409363 -0.002241564 0.998185813 0.060166743 -4.385690689 0.990253031 -0.006163214 0.139142454 174.627197266
0.134780899 0.058336884 -0.989156604 4.770053864 -0.001608690 0.998277009 0.058655556 -4.369628429 0.990874112 -0.006314405 0.134642512 174.693634033
0.130980089 0.055735383 -0.989817023 4.330398560 -0.001978426 0.998431146 0.055958621 -4.352065086 0.991382957 -0.005371187 0.130884871 174.739227295
0.127048805 0.053971030 -0.990427017 3.914863586 -0.002671290 0.998533607 0.054070104 -4.342960358 0.991892815 -0.004223825 0.127006650 174.779541016
0.122854561 0.053064063 -0.991004944 3.539024353 -0.003024723 0.998584926 0.053094950 -4.332051754 0.992419958 -0.003525444 0.122841194 174.825500488
0.119267978 0.051972542 -0.991500854 3.171684265 -0.002628577 0.998642027 0.052030668 -4.317769051 0.992858529 -0.003599352 0.119242616 174.868072510
0.115880348 0.051072754 -0.991949260 2.847757339 -0.003347261 0.998691618 0.051028866 -4.309680939 0.993257582 -0.002592923 0.115899682 174.907897949
0.112846531 0.050232492 -0.992341876 2.534450531 -0.004127256 0.998736382 0.050086837 -4.299144745 0.993603945 -0.001556476 0.112911254 174.936111450
0.109876692 0.050190523 -0.992677212 2.238996506 -0.005692459 0.998739839 0.049866956 -4.291617393 0.993928969 0.000171558 0.110023916 174.965240479
0.107739553 0.050213777 -0.992910206 1.971000671 -0.007195630 0.998736918 0.049727648 -4.283767223 0.994153142 0.001786974 0.107964784 174.984298706
0.105072789 0.049943510 -0.993209600 1.726770401 -0.007452038 0.998749673 0.049433731 -4.279679298 0.994436622 0.002207292 0.105313592 175.007980347
0.103023231 0.049037032 -0.993469477 1.489257812 -0.007268658 0.998794556 0.048546106 -4.270980358 0.994652450 0.002219806 0.103255466 175.027099609
0.100832455 0.047422692 -0.993772507 1.268550873 -0.007074958 0.998872280 0.046948191 -4.267257690 0.994878352 0.002296994 0.101054251 175.053634644
0.098987646 0.045295689 -0.994057238 1.048267365 -0.007453263 0.998969316 0.044777311 -4.265916348 0.995060742 0.002976568 0.099223204 175.068328857
0.097333752 0.043755993 -0.994289458 0.840111732 -0.007191657 0.999037981 0.043260947 -4.260272980 0.995225847 0.002939835 0.097554788 175.084503174
0.095478892 0.043427337 -0.994483709 0.646513939 -0.006368335 0.999054193 0.043015506 -4.256627083 0.995411038 0.002226134 0.095665142 175.100189209
0.093291521 0.041935839 -0.994755328 0.437084198 -0.005254650 0.999119520 0.041627016 -4.244681835 0.995624959 0.001343635 0.093429722 175.121734619
0.091781229 0.040473275 -0.994956315 0.238983154 -0.006071719 0.999177933 0.040084898 -4.247383595 0.995760798 0.002362053 0.091951497 175.124298096
0.089582339 0.039527107 -0.995194793 0.050370216 -0.006877031 0.999212921 0.039067663 -4.242302895 0.995955646 0.003344214 0.089783661 175.142105103
0.087470263 0.039995831 -0.995363891 -0.149530411 -0.006239201 0.999196112 0.039601527 -4.240365982 0.996147573 0.002746322 0.087649487 175.157745361
0.085659795 0.040315256 -0.995508492 -0.356490135 -0.004718815 0.999186277 0.040058155 -4.230867386 0.996313334 0.001266243 0.085780315 175.173873901
0.083789021 0.040616419 -0.995655477 -0.555074692 -0.003239042 0.999174774 0.040487409 -4.224222183 0.996478200 -0.000167433 0.083851434 175.189590454
0.081935644 0.041115273 -0.995789170 -0.751166344 -0.002248114 0.999153793 0.041069213 -4.220350742 0.996635139 -0.001126392 0.081958733 175.200271606
0.079390138 0.041716378 -0.995970309 -0.949379921 -0.001728028 0.999128222 0.041710895 -4.216098309 0.996842086 -0.001590375 0.079392992 175.215591431
0.077002987 0.041986585 -0.996146381 -1.148387909 -0.001961166 0.999117374 0.041960202 -4.209090233 0.997028947 -0.001277464 0.077017359 175.225021362
0.074292950 0.042689044 -0.996322334 -1.353100777 -0.003629444 0.999088287 0.042536918 -4.200914383 0.997229755 0.000455900 0.074380152 175.237655640
0.071629480 0.042785924 -0.996513188 -1.549134254 -0.007125441 0.999076009 0.042383779 -4.197224617 0.997405827 0.004064662 0.071868174 175.237686157
0.068055741 0.039099984 -0.996915042 -1.762241364 -0.011340714 0.999197543 0.038415313 -4.193688869 0.997617006 0.008691342 0.068444550 175.245040894
0.064777993 0.034872729 -0.997290194 -1.989353180 -0.013203584 0.999331713 0.034086481 -4.192369461 0.997812390 0.010959746 0.065195143 175.252914429
0.061808132 0.032618221 -0.997554958 -2.232926369 -0.013905956 0.999396980 0.031816848 -4.187632561 0.997991145 0.011905408 0.062224448 175.261947632
0.058194809 0.032840893 -0.997764885 -2.510254860 -0.014432183 0.999382079 0.032052353 -4.184167862 0.998200953 0.012534640 0.058632791 175.274703979
0.054885473 0.032448389 -0.997965276 -2.792215347 -0.014455901 0.999392927 0.031699765 -4.178442478 0.998388052 0.012686620 0.055321198 175.277908325
0.051599767 0.030724667 -0.998195171 -3.087253571 -0.014117423 0.999449193 0.030033495 -4.169970036 0.998567998 0.012542214 0.052005105 175.283950806
0.047640823 0.028599868 -0.998454988 -3.395956993 -0.013894703 0.999512315 0.027967174 -4.161695480 0.998767912 0.012540855 0.048014969 175.313339233
0.045062266 0.026177984 -0.998641074 -3.741033554 -0.016050220 0.999546587 0.025477473 -4.151813507 0.998855233 0.014880333 0.045462012 175.318222046
0.043474492 0.024388935 -0.998756766 -4.110513687 -0.019253267 0.999536812 0.023569915 -4.141648293 0.998869002 0.018204639 0.043923929 175.325210571
0.043420836 0.022811051 -0.998796463 -4.504213810 -0.022972453 0.999497831 0.021828381 -4.131533146 0.998792768 0.021996997 0.043923069 175.337249756
0.044418152 0.022349052 -0.998763025 -4.922461033 -0.026338305 0.999428451 0.021192590 -4.124472141 0.998665869 0.025364386 0.044981401 175.345993042
0.045898303 0.024793055 -0.998638391 -5.364381790 -0.027561896 0.999342859 0.023543775 -4.116996288 0.998565912 0.026443746 0.046551507 175.356735229
0.046280004 0.029126650 -0.998503745 -5.840325356 -0.027047072 0.999244988 0.027894653 -4.111379623 0.998562276 0.025715638 0.047032859 175.382034302
0.048006285 0.033863544 -0.998272836 -6.327717781 -0.028430261 0.999066651 0.032523274 -4.093566895 0.998442411 0.026819838 0.048924234 175.398193359
0.049362689 0.038328793 -0.998045206 -6.823435783 -0.030450437 0.998856664 0.036853895 -4.077662468 0.998316646 0.028571708 0.050473385 175.423248291
0.050170746 0.043999474 -0.997771025 -7.353971481 -0.029803196 0.998650253 0.042539649 -4.062217236 0.998295903 0.027602522 0.051414352 175.445571899
0.050808955 0.048770715 -0.997516811 -7.899065018 -0.021687884 0.998625278 0.047720224 -4.048866749 0.998472929 0.019209413 0.051796861 175.486175537
0.051874042 0.048161734 -0.997491598 -8.461236000 -0.011965833 0.998794675 0.047602374 -4.028997421 0.998581946 0.009466493 0.052387830 175.532043457
0.051987257 0.047141925 -0.997534454 -9.035556793 -0.005975327 0.998881996 0.046894196 -4.007479191 0.998629928 0.003522698 0.052210830 175.567413330
0.050032545 0.045039456 -0.997731566 -9.624603271 -0.007989672 0.998968780 0.044694651 -3.981712103 0.998715580 0.005735359 0.050340816 175.593612671
0.048733450 0.043223009 -0.997876227 -10.247589111 -0.010297511 0.999031842 0.042770170 -3.954584599 0.998758793 0.008191301 0.049131349 175.615142822
0.046928085 0.043969918 -0.997930110 -10.888381958 -0.005588756 0.999026716 0.043755416 -3.928023815 0.998882592 0.003523833 0.047128133 175.649597168
0.044094205 0.047392365 -0.997902632 -11.549356461 0.004259150 0.998856246 0.047625843 -3.903242588 0.999018312 -0.006350243 0.043841921 175.689926147
0.041613691 0.048592709 -0.997951508 -12.236675262 0.005288513 0.998791933 0.048854157 -3.873444557 0.999119759 -0.007310682 0.041306425 175.715484619
0.039079219 0.045510985 -0.998199165 -12.911777496 0.004499737 0.998944163 0.045721114 -3.854793310 0.999225974 -0.006278378 0.038833171 175.733627319
0.035445806 0.037545566 -0.998666108 -13.613462448 0.000183451 0.999293864 0.037575673 -3.837866783 0.999371588 -0.001515108 0.035413891 175.745788574
0.033483174 0.026140859 -0.999097407 -14.335442543 -0.001309303 0.999658227 0.026111659 -3.811027050 0.999438405 0.000433822 0.033505954 175.762451172
0.033000290 0.020962659 -0.999235451 -15.072742462 -0.003901845 0.999775171 0.020845115 -3.785665035 0.999447703 0.003210971 0.033074655 175.780563354
0.032013535 0.025658479 -0.999158025 -15.840032578 -0.002161290 0.999670029 0.025602363 -3.770826817 0.999485075 0.001339852 0.032058440 175.799667358
0.031318996 0.032183845 -0.998991132 -16.633573532 -0.000333011 0.999481738 0.032189209 -3.754779339 0.999509335 -0.000675456 0.031313490 175.822097778
0.030028295 0.037157893 -0.998858154 -17.432163239 0.001118363 0.999306917 0.037208207 -3.738659859 0.999548376 -0.002234382 0.029965941 175.844375610
0.028335087 0.034759656 -0.998993993 -18.246637344 -0.003363974 0.999392927 0.034678120 -3.718516827 0.999592841 0.002377978 0.028434835 175.856094360
0.026823565 0.030179614 -0.999184608 -19.072626114 -0.005692201 0.999532580 0.030037317 -3.695863008 0.999623954 0.004881851 0.026982831 175.874542236
0.026250046 0.027638484 -0.999273300 -19.932178497 -0.005155412 0.999608219 0.027512318 -3.676385403 0.999642193 0.004429461 0.026382251 175.887008667
0.025425700 0.029318508 -0.999246716 -20.811653137 -0.006062119 0.999556065 0.029173326 -3.655233622 0.999658227 0.005315792 0.025592148 175.908813477
0.024741082 0.032814838 -0.999155164 -21.691942215 -0.007674665 0.999437988 0.032634076 -3.634740829 0.999664366 0.006860773 0.024979020 175.924133301
0.023851922 0.036001656 -0.999067008 -22.580310822 -0.007383750 0.999330521 0.035834860 -3.617456913 0.999688148 0.006522127 0.024101783 175.937576294
0.023452438 0.038367804 -0.998988450 -23.492736816 -0.007281495 0.999243319 0.038206652 -3.595262527 0.999698460 0.006378089 0.023714088 175.956085205
0.023210132 0.040514309 -0.998909354 -24.410591125 -0.007927602 0.999154508 0.040340055 -3.572068691 0.999699175 0.006982655 0.023511698 175.975860596
0.023606613 0.041426640 -0.998862624 -25.345165253 -0.007677526 0.999119163 0.041255828 -3.545156956 0.999691904 0.006694880 0.023903899 175.991958618
0.024623539 0.038693633 -0.998947680 -26.279014587 -0.010023507 0.999210000 0.038456716 -3.514391422 0.999646544 0.009066016 0.024991952 176.008422852
0.026427910 0.036534086 -0.998982847 -27.224843979 -0.010679748 0.999285281 0.036262609 -3.493810415 0.999593735 0.009710541 0.026799217 176.027053833
0.027957160 0.035924580 -0.998963356 -28.183284760 -0.012147256 0.999292493 0.035596460 -3.463089705 0.999535382 0.011139486 0.028373783 176.046493530
0.029688381 0.038540415 -0.998815894 -29.166116714 -0.011078529 0.999207675 0.038226236 -3.442318678 0.999497831 0.009930537 0.030091828 176.070953369
0.031187652 0.039972611 -0.998713911 -30.152706146 -0.011509173 0.999148130 0.039630573 -3.413574219 0.999447286 0.010258388 0.031621125 176.102981567
0.033077396 0.040501460 -0.998631775 -31.148113251 -0.011224433 0.999130607 0.040149901 -3.388139248 0.999389708 0.009881021 0.033503238 176.129898071
0.034638494 0.040635753 -0.998573482 -32.147232056 -0.011182369 0.999126256 0.040270355 -3.358499050 0.999337375 0.009771510 0.035062641 176.162139893
0.035225026 0.040102903 -0.998574615 -33.162017822 -0.009062387 0.999166369 0.039806996 -3.335373402 0.999338329 0.007647263 0.035559092 176.199768066
0.035895929 0.039918803 -0.998558044 -34.171249390 -0.008342661 0.999179065 0.039643738 -3.309450150 0.999320805 0.006907575 0.036199484 176.232574463
0.035575792 0.038683299 -0.998618066 -35.200073242 -0.007906978 0.999230266 0.038425326 -3.281297207 0.999335706 0.006529037 0.035854276 176.274261475
0.035345946 0.039336409 -0.998600721 -36.216445923 -0.007532803 0.999207079 0.039093673 -3.258074760 0.999346733 0.006140460 0.035614267 176.296630859
0.034723286 0.040233526 -0.998586774 -37.246459961 -0.007131194 0.999173820 0.040009208 -3.230466843 0.999371529 0.005731865 0.034981526 176.330001831
0.033322085 0.040870588 -0.998608708 -38.292221069 -0.010064108 0.999126613 0.040555958 -3.201904774 0.999394059 0.008698698 0.033704318 176.359985352
0.032377668 0.039183166 -0.998707354 -39.333160400 -0.011519381 0.999179542 0.038828235 -3.181384563 0.999409318 0.010247323 0.032802470 176.384643555
0.031652939 0.037086081 -0.998810649 -40.384281158 -0.011648583 0.999257207 0.036733508 -3.152664900 0.999431014 0.010472008 0.032061432 176.416442871
0.031455666 0.038595889 -0.998759747 -41.417549133 -0.013402737 0.999180615 0.038190041 -3.125220299 0.999415338 0.012184821 0.031947188 176.428573608
0.030864194 0.041127115 -0.998677075 -42.477096558 -0.015166187 0.999057353 0.040674061 -3.099401951 0.999408543 0.013890743 0.031458870 176.461456299
0.030175095 0.042460576 -0.998642325 -43.535320282 -0.014693126 0.999008179 0.042032160 -3.072519064 0.999436677 0.013404848 0.030769056 176.494400024
0.031004773 0.042914372 -0.998597503 -44.587234497 -0.013430254 0.999005616 0.042514917 -3.044473171 0.999429107 0.012093248 0.031550299 176.518493652
0.031183407 0.044130277 -0.998538971 -45.657398224 -0.012616276 0.998962760 0.043754995 -3.013305902 0.999434114 0.011233416 0.031707849 176.549652100
0.031523403 0.045397989 -0.998471439 -46.718059540 -0.011323680 0.998920143 0.045060877 -2.983568192 0.999438941 0.009885900 0.032003462 176.576354980
0.031449694 0.045559298 -0.998466492 -47.778903961 -0.012364008 0.998901904 0.045189720 -2.950218678 0.999428868 0.010923846 0.031978477 176.603958130
0.031323686 0.044992343 -0.998496115 -48.843086243 -0.013200154 0.998917937 0.044597235 -2.927490950 0.999422133 0.011783353 0.031883687 176.629989624
0.031153277 0.043905828 -0.998549759 -49.903701782 -0.015741799 0.998932302 0.043431520 -2.897057295 0.999390602 0.014365933 0.031811163 176.658050537
0.031461995 0.040834773 -0.998670459 -50.965129852 -0.017786207 0.999029636 0.040289130 -2.871539116 0.999346673 0.016494980 0.032157745 176.680709839
0.031075105 0.039324410 -0.998743296 -52.028144836 -0.021427620 0.999022365 0.038668703 -2.840616465 0.999287367 0.020199055 0.031887379 176.706848145
0.030959127 0.043821692 -0.998559535 -53.102672577 -0.024899429 0.998762190 0.043058615 -2.814568758 0.999210536 0.023530502 0.032011949 176.726989746
0.030431280 0.051318720 -0.998218596 -54.174259186 -0.024192166 0.998426318 0.050591893 -2.780171156 0.999244094 0.022609491 0.031624909 176.756347656
0.029680049 0.058175210 -0.997865140 -55.259979248 -0.024097329 0.998056412 0.057469625 -2.746178627 0.999268949 0.022340184 0.031024240 176.790344238
0.029105375 0.057224691 -0.997936964 -56.328235626 -0.026504509 0.998053074 0.056458332 -2.701727629 0.999224961 0.024806589 0.030565428 176.816665649
0.028533364 0.051161081 -0.998282731 -57.389194489 -0.027747946 0.998345017 0.050371170 -2.664541960 0.999207675 0.026263034 0.029905761 176.847213745
0.029392101 0.044146162 -0.998592615 -58.446052551 -0.028256970 0.998661697 0.043317512 -2.639489412 0.999168515 0.026944008 0.030600220 176.861892700
0.030000515 0.038924914 -0.998791635 -59.506835938 -0.027472248 0.998896062 0.038103804 -2.608929157 0.999172330 0.026295917 0.031036746 176.892196655
0.030626580 0.040360998 -0.998715699 -60.573699951 -0.026689311 0.998861253 0.039548419 -2.585573673 0.999174476 0.025443805 0.031668920 176.922698975
0.030670274 0.040770307 -0.998697698 -61.632453918 -0.025930006 0.998863935 0.039980777 -2.558592558 0.999193311 0.024670010 0.031692602 176.949722290
0.031589769 0.042504609 -0.998596787 -62.709339142 -0.022790540 0.998866320 0.041795123 -2.528892994 0.999241054 0.021438261 0.032522663 176.982131958
0.031156113 0.042076346 -0.998628497 -63.778072357 -0.021788245 0.998904705 0.041408207 -2.499138594 0.999276996 0.020468241 0.032038767 177.010955811
0.031051077 0.041310854 -0.998663723 -64.835861206 -0.020093026 0.998969495 0.040698748 -2.477830648 0.999315858 0.018802438 0.031849146 177.037231445
0.029903654 0.038586102 -0.998807728 -65.900566101 -0.019194288 0.999092460 0.038022436 -2.450475454 0.999368489 0.018034395 0.030617174 177.068756104
0.028973408 0.038383454 -0.998843014 -66.962692261 -0.018447446 0.999112785 0.037858717 -2.428848267 0.999409914 0.017329203 0.029655792 177.095962524
0.028348792 0.040549710 -0.998775363 -68.029930115 -0.016843494 0.999054253 0.040082965 -2.403677464 0.999456167 0.015686555 0.029004995 177.119873047
0.027385589 0.044853348 -0.998618186 -69.110649109 -0.015291449 0.998894572 0.044446424 -2.374462605 0.999508023 0.014053123 0.028041206 177.143524170
0.027135294 0.047941636 -0.998481452 -70.178146362 -0.015782269 0.998745441 0.047525387 -2.345803976 0.999507308 0.014468685 0.027857870 177.161849976
0.026250483 0.044890605 -0.998646975 -71.245796204 -0.015271991 0.998892605 0.044500206 -2.316930056 0.999538720 0.014083173 0.026907003 177.186721802
0.025197661 0.040212926 -0.998873413 -72.318138123 -0.018074242 0.999045551 0.039763920 -2.288865089 0.999518991 0.017051926 0.025900438 177.206481934
0.024673156 0.037193894 -0.999003530 -73.386032104 -0.019817280 0.999129415 0.036709145 -2.262066126 0.999499142 0.018891800 0.025388774 177.225234985
0.024045942 0.038676009 -0.998962402 -74.489295959 -0.019988148 0.999070227 0.038199045 -2.236906052 0.999510944 0.019048879 0.024796670 177.249664307
0.023551082 0.043356434 -0.998782039 -75.581260681 -0.020152869 0.998876810 0.042885341 -2.204119682 0.999519467 0.019118326 0.024398400 177.271957397
0.023126170 0.046796825 -0.998636842 -76.666687012 -0.019727636 0.998730719 0.046344388 -2.177812815 0.999537885 0.018628970 0.024020042 177.289443970
0.022246104 0.045695554 -0.998707712 -77.749458313 -0.020061601 0.998774171 0.045251723 -2.140441179 0.999551177 0.019029001 0.023135589 177.312927246
0.021399906 0.043131486 -0.998840213 -78.830551147 -0.021623278 0.998855233 0.042668857 -2.113541603 0.999537051 0.020685093 0.022308059 177.328063965
0.019420849 0.042146411 -0.998922646 -79.904571533 -0.025050765 0.998817980 0.041654948 -2.080352068 0.999497473 0.024214804 0.020453714 177.342071533
0.017677899 0.041868407 -0.998966694 -80.996849060 -0.029273067 0.998716235 0.041339878 -2.056482315 0.999415100 0.028512014 0.018880840 177.349182129
0.015992396 0.042203221 -0.998980999 -82.080047607 -0.028789271 0.998714089 0.041731052 -2.028742313 0.999457598 0.028092556 0.017186834 177.360443115
0.012377373 0.038653225 -0.999176025 -83.154556274 -0.028687309 0.998854995 0.038285434 -1.999852419 0.999511838 0.028189799 0.013472050 177.372497559
0.009221900 0.039365541 -0.999182284 -84.244796753 -0.027047759 0.998869061 0.039103556 -1.975577593 0.999591589 0.026665037 0.010276215 177.378540039
0.006600030 0.037854537 -0.999261498 -85.329986572 -0.022314057 0.999040067 0.037698761 -1.952675104 0.999729276 0.022048764 0.007438385 177.385284424
0.005582884 0.034493752 -0.999389291 -86.398590088 -0.021826407 0.999170959 0.034364283 -1.931804657 0.999746323 0.021621222 0.006331131 177.368652344
