1.000000000 0.000000000 0.000000000 0.000000000 0.000000000 1.000000000 0.000000000 0.000000000 0.000000000 0.000000000 1.000000000 0.000000000
0.999997318 0.001039006 0.002066517 -0.009280416 -0.001036778 0.999998868 -0.001078757 -0.016977478 -0.002067636 0.001076611 0.999997258 1.205656886
0.999994457 0.001132720 0.003127533 -0.006038066 -0.001130664 0.999999106 -0.000659166 -0.037256360 -0.003128277 0.000655626 0.999994874 2.406833649
0.999990404 0.000625541 0.004315542 -0.007797698 -0.000623884 0.999999702 -0.000385389 -0.055940531 -0.004315781 0.000382693 0.999990582 3.605641127
0.999985874 0.000310269 0.005301780 -0.007128665 -0.000307744 0.999999821 -0.000477148 -0.076129735 -0.005301927 0.000475510 0.999985874 4.804815292
0.999981940 0.000161103 0.005998672 -0.002432436 -0.000160231 1.000000000 -0.000145883 -0.100585580 -0.005998697 0.000144919 0.999981999 6.006993294
0.999977708 0.000496870 0.006667654 0.002543293 -0.000489297 0.999999344 -0.001137398 -0.122062236 -0.006668214 0.001134110 0.999977112 7.206867218
0.999971628 0.000233752 0.007526799 0.005934816 -0.000223688 0.999999106 -0.001337850 -0.146606073 -0.007527106 0.001336128 0.999970734 8.392213821
0.999970853 -0.000242871 0.007623330 0.013421807 0.000240908 0.999999940 0.000258459 -0.171778724 -0.007623393 -0.000256615 0.999970853 9.589204788
0.999979556 -0.000708738 0.006345327 0.015233126 0.000700088 0.999998808 0.001365344 -0.194684654 -0.006346287 -0.001360874 0.999978960 10.787324905
0.999990284 -0.002040203 0.003897179 0.014839295 0.002037763 0.999997675 0.000629996 -0.211319938 -0.003898455 -0.000622049 0.999992192 11.986661911
0.999996305 -0.001754926 0.002076636 0.007418443 0.001754748 0.999998510 0.000087288 -0.229143351 -0.002076786 -0.000083644 0.999997795 13.182628632
0.999998391 -0.001723159 0.000610427 0.005768742 0.001723157 0.999998569 0.000003309 -0.250750422 -0.000610433 -0.000002257 0.999999821 14.379244804
0.999999821 -0.000368703 -0.000247242 0.002066995 0.000368660 0.999999940 -0.000174066 -0.271401197 0.000247306 0.000173975 0.999999881 15.575929642
0.999999523 -0.000595556 -0.000741728 -0.004723014 0.000595463 0.999999881 -0.000124875 -0.291384816 0.000741802 0.000124433 0.999999702 16.776151657
0.999997795 -0.001381157 -0.001566739 -0.008681925 0.001381683 0.999998987 0.000334706 -0.309712738 0.001566275 -0.000336870 0.999998689 17.964714050
0.999997377 -0.001335487 -0.001822536 -0.015849669 0.001336866 0.999998808 0.000755635 -0.334959686 0.001821525 -0.000758069 0.999998033 19.159484863
0.999995112 -0.001184833 -0.002865265 -0.022302315 0.001184699 0.999999225 -0.000048409 -0.357738018 0.002865321 0.000045014 0.999995828 20.355361938
0.999994755 -0.001412218 -0.002919250 -0.037594460 0.001409071 0.999998450 -0.001080053 -0.380093604 0.002920771 0.001075934 0.999995172 21.564594269
0.999992967 -0.000487609 -0.003712813 -0.047421195 0.000485565 0.999999821 -0.000551629 -0.399418652 0.003713081 0.000549822 0.999992967 22.761266708
0.999991715 -0.000478547 -0.004032847 -0.066961005 0.000475167 0.999999464 -0.000839013 -0.421556383 0.004033246 0.000837089 0.999991536 23.950542450
0.999987960 -0.000461970 -0.004883512 -0.080881029 0.000454701 0.999998748 -0.001489531 -0.443009615 0.004884194 0.001487293 0.999986947 25.144464493
0.999982834 -0.000138241 -0.005861221 -0.093003765 0.000134996 0.999999821 -0.000554140 -0.470247775 0.005861296 0.000553339 0.999982655 26.339479446
0.999976754 -0.001733889 -0.006598740 -0.105621815 0.001741111 0.999997795 0.001088943 -0.489145100 0.006596837 -0.001100407 0.999977648 27.541872025
0.999969244 -0.001927588 -0.007591087 -0.116087355 0.001935627 0.999997556 0.001051847 -0.510456681 0.007589042 -0.001066508 0.999970615 28.735466003
0.999960303 -0.002639437 -0.008507786 -0.130398214 0.002642337 0.999996483 0.000329607 -0.531430900 0.008506887 -0.000352075 0.999963760 29.935546875
0.999953210 -0.002676495 -0.009296778 -0.141856223 0.002670784 0.999996245 -0.000626740 -0.551972747 0.009298418 0.000601881 0.999956608 31.126989365
0.999947608 -0.002109721 -0.010027677 -0.161326081 0.002104210 0.999997616 -0.000560058 -0.571739554 0.010028834 0.000538928 0.999949515 32.320640564
0.999940395 -0.002443722 -0.010643486 -0.175610527 0.002443359 0.999997020 -0.000047062 -0.593961000 0.010643569 0.000021054 0.999943316 33.517921448
0.999930739 -0.002684299 -0.011465167 -0.188494906 0.002684525 0.999996424 0.000004290 -0.613736749 0.011465115 -0.000035069 0.999934196 34.707801819
0.999925613 -0.003569467 -0.011662648 -0.214420244 0.003570546 0.999993622 0.000071688 -0.636910856 0.011662318 -0.000113325 0.999931991 35.927585602
0.999921739 -0.003433838 -0.012022505 -0.236762330 0.003433402 0.999994099 -0.000056919 -0.655609965 0.012022629 0.000015637 0.999927759 37.132789612
0.999916852 -0.004546069 -0.012063266 -0.257567346 0.004556730 0.999989271 0.000856418 -0.684630573 0.012059242 -0.000911316 0.999926865 38.323303223
0.999919713 -0.004141782 -0.011977017 -0.272531271 0.004165399 0.999989390 0.001947722 -0.698279917 0.011968824 -0.001997455 0.999926448 39.526699066
0.999919236 -0.003674218 -0.012164416 -0.288640201 0.003706060 0.999989688 0.002596215 -0.719194889 0.012154748 -0.002641087 0.999922633 40.729343414
0.999918640 -0.003011147 -0.012395451 -0.308167577 0.003039528 0.999992728 0.002271422 -0.739065826 0.012388521 -0.002308913 0.999920607 41.938045502
0.999925911 -0.001811789 -0.012029161 -0.332017839 0.001838461 0.999995947 0.002206582 -0.754549563 0.012025112 -0.002228534 0.999925196 43.127925873
0.999935091 0.000472423 -0.011381242 -0.349389374 -0.000426654 0.999991775 0.004023590 -0.774404645 0.011383050 -0.004018473 0.999927163 44.330657959
0.999952912 0.000539216 -0.009687893 -0.370084584 -0.000470049 0.999974430 0.007140379 -0.789556503 0.009691496 -0.007135490 0.999927640 45.537464142
0.999970615 0.000652991 -0.007631615 -0.387975127 -0.000577958 0.999951482 0.009829894 -0.799840629 0.007637665 -0.009825194 0.999922574 46.743289948
0.999977231 0.001437688 -0.006589200 -0.394500732 -0.001351375 0.999913454 0.013084998 -0.805821478 0.006607441 -0.013075797 0.999892592 47.939334869
0.999984086 0.000513612 -0.005616814 -0.403046250 -0.000433199 0.999897420 0.014308333 -0.811642170 0.005623587 -0.014305672 0.999881804 49.145233154
0.999991894 -0.000706860 -0.003965936 -0.407387376 0.000757242 0.999918878 0.012716683 -0.812924325 0.003956625 -0.012719581 0.999911249 50.361904144
0.999996006 0.000353476 -0.002800920 -0.415621430 -0.000321862 0.999936283 0.011279293 -0.823578596 0.002804728 -0.011278346 0.999932468 51.531547546
0.999997497 0.000607872 -0.002146512 -0.421936452 -0.000584894 0.999942780 0.010689377 -0.827293932 0.002152886 -0.010688093 0.999940574 52.740978241
0.999998689 0.000328857 -0.001564730 -0.440350443 -0.000312660 0.999946535 0.010339885 -0.838828385 0.001568046 -0.010339382 0.999945402 53.928730011
0.999996424 -0.000858258 -0.002521474 -0.440202355 0.000881064 0.999958694 0.009057260 -0.845563650 0.002513596 -0.009059450 0.999955714 55.142253876
0.999989748 -0.000615887 -0.004482957 -0.447688818 0.000659212 0.999953032 0.009669420 -0.852966249 0.004476791 -0.009672277 0.999943137 56.353130341
0.999983788 -0.001090429 -0.005593971 -0.462469399 0.001150806 0.999940991 0.010801537 -0.866375923 0.005581864 -0.010807801 0.999926031 57.551445007
0.999975979 -0.001909356 -0.006667568 -0.472978085 0.001982710 0.999937415 0.011012417 -0.874642730 0.006646125 -0.011025373 0.999917150 58.757934570
0.999970078 -0.000191217 -0.007736883 -0.486043274 0.000277076 0.999938369 0.011097805 -0.887193441 0.007734285 -0.011099617 0.999908447 59.961200714
0.999963880 0.000255038 -0.008492643 -0.500855505 -0.000162826 0.999941051 0.010856817 -0.892824769 0.008494911 -0.010855041 0.999904990 61.163982391
0.999964774 -0.000903302 -0.008358347 -0.517647862 0.000990206 0.999945462 0.010398966 -0.903356135 0.008348498 -0.010406876 0.999911010 62.367496490
0.999962151 -0.001834738 -0.008503223 -0.533325076 0.001916958 0.999951422 0.009671277 -0.914250791 0.008485066 -0.009687211 0.999917090 63.576953888
0.999958634 -0.002307895 -0.008812628 -0.547377348 0.002403452 0.999938250 0.010847937 -0.926169991 0.008787048 -0.010868668 0.999902308 64.758766174
0.999949932 -0.003263343 -0.009458564 -0.555282772 0.003381113 0.999916673 0.012461951 -0.937553465 0.009417108 -0.012493309 0.999877632 65.958099365
0.999953806 -0.001957702 -0.009412252 -0.581528485 0.002059869 0.999938965 0.010857368 -0.948029160 0.009390422 -0.010876256 0.999896765 67.150764465
0.999960184 -0.000129478 -0.008918883 -0.607255995 0.000217499 0.999951303 0.009868735 -0.958418727 0.008917172 -0.009870282 0.999911547 68.349082947
0.999954343 0.001678198 -0.009400203 -0.618476391 -0.001584249 0.999948800 0.009992884 -0.965172648 0.009416492 -0.009977538 0.999905825 69.538597107
0.999949515 0.003976500 -0.009229892 -0.637646258 -0.003882107 0.999940217 0.010222374 -0.973627865 0.009269989 -0.010186029 0.999905109 70.726470947
0.999944508 0.005033652 -0.009251178 -0.655210495 -0.004935595 0.999931693 0.010591755 -0.982650399 0.009303863 -0.010545508 0.999901116 71.924934387
0.999948680 0.005828990 -0.008289889 -0.671229243 -0.005730564 0.999913394 0.011847503 -0.993834317 0.008358230 -0.011799389 0.999895453 73.120880127
0.999954164 0.007395187 -0.006068810 -0.687893391 -0.007319955 0.999897301 0.012326456 -0.999012709 0.006159342 -0.012281466 0.999905646 74.313255310
0.999971867 0.006407588 -0.003881218 -0.690073013 -0.006367775 0.999927878 0.010184706 -1.011441827 0.003946198 -0.010159708 0.999940574 75.497688293
0.999992192 0.003667045 -0.001470464 -0.695122182 -0.003659841 0.999981463 0.004872247 -1.019489646 0.001488303 -0.004866830 0.999987066 76.671928406
0.999988794 0.004573779 0.001237083 -0.700422585 -0.004579541 0.999978483 0.004695083 -1.034497023 -0.001215582 -0.004700697 0.999988139 77.852996826
0.999987900 0.003265721 0.003678879 -0.698211312 -0.003296081 0.999960303 0.008277239 -1.048669219 -0.003651702 -0.008289265 0.999958932 79.035446167
0.999966145 0.003906136 0.007239767 -0.694411814 -0.003975544 0.999946058 0.009597578 -1.061570525 -0.007201886 -0.009626037 0.999927759 80.203285217
0.999932289 0.003655100 0.011055874 -0.685403109 -0.003744789 0.999960124 0.008102493 -1.073430538 -0.011025820 -0.008143349 0.999906063 81.373458862
0.999887168 0.002696126 0.014786988 -0.672291279 -0.002768012 0.999984443 0.004843188 -1.087125897 -0.014773701 -0.004883572 0.999878943 82.533065796
0.999833941 0.001484624 0.018161764 -0.654546142 -0.001511539 0.999997735 0.001468300 -1.103260994 -0.018159544 -0.001495508 0.999834001 83.691154480
0.999761105 0.001215665 0.021821508 -0.634329438 -0.001229912 0.999999046 0.000639464 -1.122120142 -0.021820711 -0.000666150 0.999761701 84.845855713
0.999684334 0.000556968 0.025116991 -0.606954336 -0.000619380 0.999996722 0.002477150 -1.148932457 -0.025115531 -0.002491925 0.999681473 86.012969971
0.999572575 0.001616749 0.029187765 -0.589211226 -0.001710685 0.999993503 0.003193623 -1.171918869 -0.029182412 -0.003242189 0.999568820 87.175331116
0.999468982 0.001020492 0.032569159 -0.547072649 -0.001044822 0.999999166 0.000730000 -1.185075521 -0.032568388 -0.000763641 0.999469221 88.319450378
0.999360859 0.000945573 0.035737280 -0.508534193 -0.000901006 0.999998689 -0.001263161 -1.206675053 -0.035738423 0.001230154 0.999360442 89.466934204
0.999227166 0.001273840 0.039286423 -0.472612858 -0.001207676 0.999997795 -0.001707842 -1.228381753 -0.039288502 0.001659076 0.999226630 90.626136780
0.999111116 -0.000208399 0.042152308 -0.425886631 0.000235955 0.999999762 -0.000648766 -1.248705983 -0.042152163 0.000658135 0.999110937 91.777618408
0.998990357 -0.000568670 0.044921350 -0.379674911 0.000519381 0.999999225 0.001108897 -1.269653559 -0.044921946 -0.001084446 0.998989880 92.939292908
0.998868227 -0.001634993 0.047535203 -0.328716755 0.001506687 0.999995112 0.002734898 -1.288900614 -0.047539443 -0.002660182 0.998865783 94.098281860
0.998755336 -0.003138717 0.049777962 -0.267907619 0.002957623 0.999988735 0.003711281 -1.306970358 -0.049789030 -0.003559438 0.998753548 95.253479004
0.998653591 -0.004278909 0.051698290 -0.207831860 0.004213829 0.999990165 0.001367791 -1.322999120 -0.051703632 -0.001148101 0.998661816 96.409179688
0.998497784 -0.005483764 0.054517195 -0.153418064 0.005604641 0.999982119 -0.002064612 -1.343661785 -0.054504901 0.002367060 0.998510718 97.579353333
0.998406231 -0.004799547 0.056230713 -0.093421936 0.005081162 0.999975264 -0.004866326 -1.362098694 -0.056205966 0.005144288 0.998405933 98.737434387
0.998293340 -0.004893315 0.058192085 -0.028281689 0.005237358 0.999969661 -0.005761131 -1.387488127 -0.058162119 0.006056070 0.998288929 99.917739868
0.998281717 -0.004766999 0.058401983 0.039385796 0.005084991 0.999973059 -0.005297467 -1.407542944 -0.058375154 0.005585337 0.998279154 101.097900391
0.998317719 -0.004669233 0.057791900 0.091799259 0.004864134 0.999982893 -0.003232245 -1.434768319 -0.057775829 0.003507915 0.998323381 102.270103455
0.998402178 -0.005030274 0.056282148 0.155893803 0.005150542 0.999984741 -0.001992017 -1.451553822 -0.056271266 0.002278718 0.998412967 103.474098206
0.998496830 -0.004742203 0.054604251 0.215069771 0.004817253 0.999987602 -0.001242890 -1.469392657 -0.054597680 0.001504064 0.998507261 104.662750244
0.998629510 -0.004559946 0.052138038 0.272264481 0.004609313 0.999989033 -0.000826661 -1.486657619 -0.052133702 0.001065849 0.998639524 105.869537354
0.998791575 -0.003963408 0.048989050 0.321737766 0.004006936 0.999991596 -0.000790334 -1.510773182 -0.048985515 0.000985674 0.998799026 107.047561646
0.998976290 -0.002247151 0.045180328 0.361321449 0.002317189 0.999996126 -0.001497872 -1.523535490 -0.045176785 0.001601030 0.998977780 108.236648560
0.999142110 -0.002457201 0.041338321 0.407483101 0.002488613 0.999996662 -0.000708428 -1.550518632 -0.041336440 0.000810696 0.999144912 109.453056335
0.999308467 -0.002038451 0.037126057 0.454674482 0.002020512 0.999997854 0.000520693 -1.570724487 -0.037127037 -0.000445319 0.999310434 110.682434082
0.999461234 -0.001435209 0.032790851 0.484808922 0.001399961 0.999998391 0.001097869 -1.591785550 -0.032792374 -0.001051372 0.999461651 111.872413635
0.999596000 -0.001302994 0.028393550 0.512073517 0.001256582 0.999997854 0.001652386 -1.608287573 -0.028395638 -0.001616040 0.999595463 113.084297180
0.999730408 -0.000919778 0.023198862 0.539410591 0.000877984 0.999997914 0.001811646 -1.625362396 -0.023200478 -0.001790790 0.999729276 114.301498413
0.999830484 -0.000123281 0.018410100 0.557897449 0.000090804 0.999998450 0.001764873 -1.647083521 -0.018410290 -0.001762902 0.999828875 115.533988953
0.999911666 0.000040060 0.013292957 0.567389488 -0.000058597 0.999999046 0.001394081 -1.661674261 -0.013292889 -0.001394737 0.999910593 116.750404358
0.999961495 0.001526430 0.008643179 0.572424352 -0.001532173 0.999998629 0.000657814 -1.680492163 -0.008642163 -0.000671032 0.999962449 117.989685059
0.999981940 0.003165141 0.005092815 0.572853088 -0.003168628 0.999994695 0.000676634 -1.701485038 -0.005090646 -0.000692759 0.999986827 119.221244812
0.999983072 0.005039343 0.002896992 0.569436371 -0.005041314 0.999987066 0.000673070 -1.715882182 -0.002893562 -0.000687663 0.999995589 120.467048645
0.999978423 0.006306624 0.001867426 0.564091742 -0.006307136 0.999980152 0.000267605 -1.735701084 -0.001865701 -0.000279377 0.999998271 121.704811096
0.999960959 0.008801319 0.000677289 0.561357260 -0.008801905 0.999960840 0.000869077 -1.760215521 -0.000669613 -0.000875005 0.999999404 122.947021484
0.999950945 0.009903048 -0.000132427 0.547588527 -0.009902818 0.999949634 0.001640214 -1.776841164 0.000148664 -0.001638822 0.999998629 124.202453613
0.999952018 0.009780555 -0.000530990 0.533873022 -0.009779469 0.999950111 0.002009639 -1.792204380 0.000550618 -0.002004349 0.999997795 125.452575684
0.999906540 0.013579887 -0.001598903 0.526540816 -0.013573376 0.999899805 0.004014745 -1.808129787 0.001653262 -0.003992667 0.999990642 126.692794800
0.999893069 0.014516844 -0.001798489 0.511194587 -0.014503609 0.999869108 0.007165437 -1.819778681 0.001902274 -0.007138586 0.999972641 127.941719055
0.999911070 0.013010476 -0.002925305 0.504471183 -0.012990506 0.999892890 0.006744434 -1.834423065 0.003012740 -0.006705832 0.999972999 129.209259033
0.999911308 0.012874344 -0.003389207 0.495447785 -0.012856042 0.999902904 0.005367919 -1.844502687 0.003457987 -0.005323872 0.999979854 130.459518433
0.999937594 0.010362357 -0.004176754 0.490124106 -0.010336219 0.999927163 0.006231478 -1.854435682 0.004241023 -0.006187918 0.999971867 131.729980469
0.999953151 0.008050954 -0.005377441 0.486332178 -0.008008311 0.999936640 0.007905127 -1.863084435 0.005440746 -0.007861691 0.999954283 132.987731934
0.999976277 0.004600929 -0.005114845 0.465716898 -0.004550343 0.999941051 0.009858037 -1.876343727 0.005159899 -0.009834532 0.999938309 134.255783081
0.999980569 0.002614145 -0.005662176 0.458416879 -0.002550214 0.999933243 0.011268960 -1.887146831 0.005691257 -0.011254303 0.999920428 135.522445679
0.999985397 -0.001687180 -0.005136210 0.446836770 0.001734645 0.999955714 0.009251015 -1.897421360 0.005120374 -0.009259791 0.999944031 136.795074463
0.999979138 -0.004090677 -0.004996225 0.436489701 0.004131012 0.999958694 0.008089807 -1.903988481 0.004962927 -0.008110277 0.999954760 138.067825317
0.999973178 -0.005199338 -0.005153163 0.433205366 0.005240478 0.999954224 0.008002303 -1.914906740 0.005111321 -0.008029091 0.999954700 139.338973999
0.999975562 -0.005281083 -0.004593024 0.419790328 0.005318921 0.999951720 0.008265478 -1.924033165 0.004549153 -0.008289705 0.999955237 140.616180420
0.999976695 -0.005263337 -0.004341927 0.416031599 0.005307799 0.999932945 0.010293111 -1.933159828 0.004287459 -0.010315920 0.999937594 141.887557983
0.999988735 -0.002815522 -0.003818096 0.401961625 0.002860814 0.999924958 0.011909092 -1.941151261 0.003784279 -0.011919882 0.999921799 143.164932251
0.999991119 -0.003197872 -0.002752821 0.388327122 0.003226251 0.999941170 0.010367472 -1.956866741 0.002719505 -0.010376263 0.999942482 144.443313599
0.999993742 -0.002785028 -0.002186824 0.373562306 0.002803533 0.999959946 0.008504908 -1.965283275 0.002163050 -0.008510984 0.999961495 145.718170166
0.999994338 -0.002851284 -0.001792341 0.369216919 0.002862206 0.999977171 0.006121005 -1.979234934 0.001774847 -0.006126099 0.999979675 146.997055054
0.999989390 -0.004323476 -0.001606973 0.366129339 0.004326303 0.999989152 0.001760458 -1.991689086 0.001599344 -0.001767390 0.999997139 148.274566650
0.999992907 -0.003675904 -0.000855015 0.358674020 0.003674694 0.999992251 -0.001411533 -2.019505978 0.000860197 0.001408381 0.999998629 149.540420532
0.999990821 -0.004229476 -0.000780505 0.351410627 0.004227615 0.999988258 -0.002371056 -2.041164637 0.000790524 0.002367734 0.999996841 150.812286377
0.999990165 -0.004318165 -0.000965395 0.351675332 0.004316178 0.999988556 -0.002050111 -2.069671869 0.000974237 0.002045924 0.999997437 152.084686279
0.999992251 -0.003745370 -0.001212576 0.345327288 0.003743470 0.999991715 -0.001565528 -2.093778849 0.001218429 0.001560977 0.999998093 153.346282959
0.999994397 -0.003081389 -0.001290884 0.340297669 0.003080890 0.999995172 -0.000388517 -2.119053841 0.001292075 0.000384538 0.999999106 154.616043091
0.999994099 -0.002823385 -0.001942252 0.333618581 0.002823805 0.999995947 0.000213429 -2.140867472 0.001941642 -0.000218912 0.999998093 155.887985229
0.999993920 -0.002552122 -0.002343766 0.327867985 0.002551623 0.999996662 -0.000216072 -2.163803339 0.002344309 0.000210090 0.999997258 157.151565552
0.999993086 -0.002140495 -0.003047601 0.313354224 0.002140619 0.999997675 0.000037262 -2.184080601 0.003047514 -0.000043785 0.999995410 158.418548584
0.999989271 -0.002638366 -0.003797065 0.310419619 0.002642684 0.999995828 0.001132574 -2.208172560 0.003794061 -0.001142596 0.999992073 159.689331055
0.999990642 -0.001463479 -0.004067680 0.288607597 0.001470702 0.999997377 0.001773362 -2.231703758 0.004065074 -0.001779328 0.999990106 160.943084717
0.999986172 -0.001374555 -0.005073776 0.286803782 0.001376920 0.999998927 0.000462661 -2.251174212 0.005073135 -0.000469641 0.999986947 162.221206665
0.999981880 -0.001187310 -0.005903747 0.275110602 0.001184147 0.999999106 -0.000539079 -2.275860548 0.005904383 0.000532078 0.999982357 163.485214233
0.999981105 -0.000262108 -0.006138038 0.250240803 0.000260566 0.999999940 -0.000252031 -2.304234505 0.006138105 0.000250427 0.999981105 164.748779297
0.999976218 -0.000368742 -0.006888355 0.232399106 0.000362405 0.999999583 -0.000921150 -2.327434063 0.006888691 0.000918631 0.999975860 166.025772095
0.999970794 -0.000028833 -0.007634766 0.217576504 0.000010270 0.999997020 -0.002431379 -2.344086170 0.007634813 0.002431230 0.999967873 167.289993286
0.999963760 0.000367025 -0.008502179 0.203130126 -0.000386835 0.999997139 -0.002328381 -2.363741875 0.008501301 0.002331586 0.999961078 168.564453125
0.999959469 0.000620378 -0.008983929 0.184225559 -0.000626802 0.999999464 -0.000712334 -2.394832850 0.008983483 0.000717937 0.999959409 169.844665527
0.999950171 0.000005586 -0.009977670 0.169090748 -0.000008621 0.999999881 -0.000304165 -2.417586327 0.009977668 0.000304236 0.999950230 171.111175537
0.999945045 0.000906823 -0.010442176 0.147583246 -0.000908581 0.999999583 -0.000163612 -2.438026667 0.010442023 0.000173091 0.999945462 172.379287720
0.999934375 0.001355538 -0.011369830 0.126703978 -0.001351741 0.999998987 0.000341660 -2.462232351 0.011370283 -0.000326268 0.999935269 173.649597168
0.999928355 0.001439877 -0.011886429 0.103384733 -0.001445893 0.999998868 -0.000497603 -2.488689661 0.011885699 0.000514754 0.999929249 174.911697388
0.999920964 0.002561858 -0.012308250 0.081738949 -0.002577975 0.999995828 -0.001293712 -2.507061958 0.012304885 0.001325340 0.999923408 176.186492920
0.999917924 0.001941986 -0.012666667 0.058480263 -0.001952295 0.999997735 -0.000801543 -2.533525229 0.012665083 0.000826206 0.999919474 177.452987671
0.999916732 0.002134780 -0.012727276 0.035032034 -0.002159750 0.999995768 -0.001948464 -2.555613756 0.012723065 0.001975790 0.999917090 178.712265015
0.999921560 0.001134338 -0.012471468 0.007156610 -0.001181444 0.999992132 -0.003770364 -2.575599194 0.012467094 0.003784803 0.999915123 179.977569580
0.999913096 -0.001951650 -0.013036817 -0.001862049 0.001906835 0.999992192 -0.003449160 -2.603302002 0.013043448 0.003424002 0.999908984 181.244186401
0.999898612 -0.001718636 -0.014134166 -0.017229557 0.001721933 0.999998450 0.000221111 -2.626347065 0.014133764 -0.000245427 0.999899983 182.512359619
0.999903977 -0.002555100 -0.013620544 -0.042690516 0.002618834 0.999985695 0.004663439 -2.649799109 0.013608436 -0.004698661 0.999896348 183.771133423
0.999902606 -0.001404324 -0.013883722 -0.063775539 0.001462938 0.999990046 0.004212517 -2.667335510 0.013877669 -0.004232418 0.999894738 185.029403687
0.999910057 0.000219024 -0.013404914 -0.089591026 -0.000208463 0.999999642 0.000789274 -2.684653997 0.013405082 -0.000786408 0.999909818 186.256362915
0.999907196 0.000177119 -0.013623239 -0.111586332 -0.000192861 0.999999285 -0.001154187 -2.705674410 0.013623026 0.001156708 0.999906480 187.502899170
0.999901116 0.000126765 -0.014062369 -0.134793043 -0.000135915 0.999999702 -0.000649743 -2.732834339 0.014062284 0.000651590 0.999900877 188.752304077
0.999898434 -0.000011661 -0.014254056 -0.154048681 0.000013901 0.999999940 0.000157007 -2.752836466 0.014254055 -0.000157189 0.999898374 189.998870850
0.999905884 0.000138117 -0.013720114 -0.180413961 -0.000104499 0.999997020 0.002450957 -2.773766756 0.013720411 -0.002449293 0.999902844 191.244827271
0.999914110 -0.000635247 -0.013096219 -0.202249289 0.000681064 0.999993682 0.003494301 -2.798231602 0.013093916 -0.003502921 0.999908149 192.494964600
0.999930739 -0.000581037 -0.011765709 -0.218296766 0.000612931 0.999996066 0.002707375 -2.815621614 0.011764091 -0.002714399 0.999927104 193.734375000
0.999943197 -0.001998221 -0.010469155 -0.236524463 0.002013605 0.999996901 0.001459088 -2.838472128 0.010466208 -0.001480086 0.999944091 194.965957642
0.999956429 -0.001834162 -0.009152720 -0.249677777 0.001832825 0.999998331 -0.000154463 -2.860174894 0.009152987 0.000137681 0.999958098 196.192932129
0.999966264 -0.002457221 -0.007829658 -0.262804508 0.002451675 0.999996722 -0.000717750 -2.881994009 0.007831397 0.000698531 0.999969065 197.414978027
0.999975622 -0.002571327 -0.006490643 -0.275344729 0.002571204 0.999996662 -0.000027466 -2.904694080 0.006490693 0.000010777 0.999978900 198.632095337
0.999981940 -0.002802128 -0.005300196 -0.287127674 0.002812197 0.999994397 0.001893221 -2.927274466 0.005294861 -0.001908092 0.999984145 199.857330322
0.999990344 -0.001821529 -0.003984279 -0.300989866 0.001831211 0.999995410 0.002427686 -2.951315403 0.003979838 -0.002434959 0.999989092 201.075698853
0.999993443 -0.002118420 -0.002911185 -0.312292337 0.002125177 0.999995053 0.002319879 -2.970157385 0.002906256 -0.002326051 0.999993086 202.274200439
0.999995410 -0.002087960 -0.002172052 -0.318989396 0.002092506 0.999995649 0.002092890 -2.982186794 0.002167672 -0.002097425 0.999995470 203.485305786
0.999997973 -0.001919570 -0.000774143 -0.329321265 0.001921641 0.999994576 0.002682606 -3.013209820 0.000768989 -0.002684087 0.999996126 204.669509888
0.999998927 -0.001514228 -0.000109452 -0.332647413 0.001514494 0.999995828 0.002469146 -3.031020641 0.000105713 -0.002469309 0.999996960 205.865051270
0.999997675 -0.001731861 0.001273441 -0.350532025 0.001728182 0.999994397 0.002884614 -3.057008505 -0.001278430 -0.002882407 0.999995112 207.043029785
0.999995708 -0.002613118 0.001312771 -0.344166458 0.002609771 0.999993324 0.002545018 -3.068313837 -0.001319412 -0.002541582 0.999995828 208.190277100
0.999995649 -0.002382654 0.001720558 -0.352206260 0.002376960 0.999991775 0.003304251 -3.089561701 -0.001728417 -0.003300147 0.999993026 209.344573975
0.999994218 -0.003121274 0.001291671 -0.353885353 0.003115586 0.999985516 0.004382736 -3.108178377 -0.001305332 -0.004378686 0.999989569 210.462722778
0.999994934 -0.002973547 0.001093574 -0.363202572 0.002968638 0.999985576 0.004462972 -3.130084753 -0.001106829 -0.004459703 0.999989450 211.576812744
0.999997318 -0.002272054 0.000440316 -0.368710697 0.002270564 0.999991715 0.003358295 -3.149691105 -0.000447943 -0.003357286 0.999994278 212.685073853
0.999998093 -0.001892833 -0.000228625 -0.372484565 0.001893403 0.999994934 0.002519831 -3.166663885 0.000223855 -0.002520259 0.999996781 213.771514893
0.999997437 -0.002155663 -0.000616307 -0.382058442 0.002157160 0.999994695 0.002436888 -3.188760519 0.000611051 -0.002438212 0.999996841 214.837509155
0.999994457 -0.002807542 -0.001779320 -0.390012413 0.002811849 0.999993026 0.002423011 -3.207025051 0.001772505 -0.002428001 0.999995530 215.900573730
0.999987781 -0.003394215 -0.003577359 -0.395834029 0.003406100 0.999988675 0.003321459 -3.230563164 0.003566044 -0.003333603 0.999988079 216.943252563
0.999974728 -0.004206468 -0.005720407 -0.408305824 0.004234096 0.999979377 0.004826113 -3.248501062 0.005699988 -0.004850212 0.999971986 217.983047485
0.999961972 -0.004053674 -0.007718446 -0.421384692 0.004102961 0.999971211 0.006380515 -3.263264418 0.007692358 -0.006411941 0.999949813 219.018630981
0.999943316 -0.003968354 -0.009871858 -0.439489007 0.004038929 0.999966383 0.007139538 -3.289740801 0.009843195 -0.007179007 0.999925792 220.013641357
0.999915302 -0.003887824 -0.012414334 -0.458195210 0.003967577 0.999971688 0.006406106 -3.299634218 0.012389077 -0.006454819 0.999902487 221.008728027
0.999874055 -0.003482030 -0.015477512 -0.477982759 0.003581577 0.999972999 0.006408632 -3.313831568 0.015454781 -0.006463259 0.999859631 221.991851807
0.999822319 -0.003116172 -0.018590156 -0.495901823 0.003248472 0.999969602 0.007090698 -3.332657337 0.018567497 -0.007149827 0.999802172 222.931091309
0.999767601 -0.002882044 -0.021362988 -0.524736881 0.003033115 0.999970675 0.007042593 -3.351285934 0.021342063 -0.007105754 0.999746978 223.859420776
0.999708235 -0.002433279 -0.024033029 -0.556457996 0.002579728 0.999978304 0.006064567 -3.359412670 0.024017751 -0.006124795 0.999692798 224.765396118
0.999622107 -0.002835492 -0.027341856 -0.584462643 0.002983529 0.999981165 0.005375031 -3.374472618 0.027326100 -0.005454575 0.999611676 225.645385742
0.999528885 -0.002183195 -0.030613547 -0.614429474 0.002359062 0.999980927 0.005709802 -3.400023937 0.030600496 -0.005779332 0.999514937 226.498428345
0.999457240 -0.001600674 -0.032902349 -0.657354832 0.001763152 0.999986410 0.004909766 -3.412487984 0.032894045 -0.004965113 0.999446511 227.330062866
0.999368250 -0.000130565 -0.035539065 -0.692126751 0.000302185 0.999988377 0.004823733 -3.427814484 0.035538021 -0.004831424 0.999356687 228.147705078
0.999328554 0.000411666 -0.036635585 -0.721173763 -0.000217123 0.999985874 0.005314047 -3.439257145 0.036637254 -0.005302526 0.999314606 228.949279785
0.999330759 0.000857416 -0.036572937 -0.750647068 -0.000618473 0.999978364 0.006544158 -3.456844568 0.036577761 -0.006517158 0.999309540 229.729690552
0.999341130 0.000673398 -0.036289684 -0.779920101 -0.000417134 0.999974906 0.007068710 -3.468819857 0.036293533 -0.007048915 0.999316335 230.489196777
0.999366760 0.000410680 -0.035579145 -0.813029289 -0.000169440 0.999977052 0.006783122 -3.483078957 0.035581112 -0.006772798 0.999343812 231.234649658
0.999372780 0.001001987 -0.035397869 -0.841402054 -0.000822338 0.999986708 0.005089314 -3.496344566 0.035402488 -0.005057013 0.999360323 231.972427368
0.999403894 0.000929942 -0.034510128 -0.867123127 -0.000826601 0.999995172 0.003008657 -3.507912636 0.034512751 -0.002978337 0.999399781 232.702957153
0.999449551 0.000974725 -0.033162791 -0.896547794 -0.000912077 0.999997795 0.001904172 -3.524404287 0.033164576 -0.001872877 0.999448121 233.428985596
0.999487281 0.001533220 -0.031979840 -0.922365189 -0.001498339 0.999998391 0.001114664 -3.533006191 0.031981491 -0.001066176 0.999487877 234.157760620
0.999549568 0.001133912 -0.029988466 -0.947739601 -0.001104908 0.999998927 0.000983701 -3.545226574 0.029989548 -0.000950124 0.999549687 234.876724243
0.999604106 0.000817395 -0.028126229 -0.971657753 -0.000788100 0.999999166 0.001052609 -3.561094999 0.028127071 -0.001030026 0.999603868 235.584411621
0.999649644 0.000923451 -0.026450818 -0.991619110 -0.000899981 0.999999166 0.000899206 -3.575593233 0.026451621 -0.000875085 0.999649704 236.309539795
0.999690115 0.000567390 -0.024885356 -1.002916813 -0.000553580 0.999999642 0.000561834 -3.588316679 0.024885666 -0.000547883 0.999690175 237.014022827
0.999771059 0.000775777 -0.021382626 -1.031882286 -0.000750146 0.999998868 0.001206699 -3.602137566 0.021383541 -0.001190382 0.999770582 237.720153809
0.999830484 -0.000497595 -0.018403616 -1.040290117 0.000533508 0.999997914 0.001946582 -3.615889549 0.018402610 -0.001956071 0.999828637 238.431243896
0.999882758 -0.000835386 -0.015289494 -1.055526018 0.000862490 0.999998093 0.001766249 -3.622427464 0.015287988 -0.001779229 0.999881506 239.125823975
0.999920785 -0.001250258 -0.012527740 -1.061796188 0.001275082 0.999997199 0.001973722 -3.636270761 0.012525238 -0.001989539 0.999919534 239.824584961
0.999956250 -0.001406651 -0.009252571 -1.072923899 0.001421969 0.999997735 0.001649138 -3.648628473 0.009250229 -0.001662223 0.999955833 240.509857178
0.999979794 -0.001937641 -0.006048928 -1.081822276 0.001947107 0.999996841 0.001559410 -3.663336515 0.006045887 -0.001571156 0.999980509 241.204666138
0.999993443 -0.001025469 -0.003472671 -1.081880927 0.001027595 0.999999344 0.000610319 -3.672781944 0.003472042 -0.000613884 0.999993801 241.897872925
0.999999523 -0.000941466 -0.000249936 -1.087420106 0.000941495 0.999999464 0.000115949 -3.683886528 0.000249827 -0.000116184 0.999999940 242.589050293
0.999996662 -0.000566750 0.002533619 -1.086680651 0.000564175 0.999999225 0.001016851 -3.694666386 -0.002534193 -0.001015418 0.999996245 243.291503906
0.999986827 -0.000610186 0.005086487 -1.086322308 0.000601120 0.999998152 0.001783654 -3.706914902 -0.005087566 -0.001780573 0.999985397 243.988479614
0.999974012 -0.000501497 0.007190045 -1.079165578 0.000491961 0.999998987 0.001327990 -3.716276646 -0.007190704 -0.001324418 0.999973297 244.704208374
0.999953210 -0.000646159 0.009660564 -1.077610254 0.000646893 0.999999762 -0.000072775 -3.728857517 -0.009660516 0.000079022 0.999953330 245.408630371
0.999935627 -0.000424186 0.011333741 -1.071968079 0.000453071 0.999996603 -0.002546121 -3.739512444 -0.011332622 0.002551092 0.999932528 246.117004395
0.999925375 -0.001719825 0.012093496 -1.058161736 0.001770315 0.999989748 -0.004165557 -3.752023220 -0.012086207 0.004186656 0.999918222 246.846481323
0.999922216 -0.001585153 0.012368264 -1.052678823 0.001641333 0.999988377 -0.004533459 -3.764610291 -0.012360933 0.004553407 0.999913335 247.566055298
0.999922514 -0.002593931 0.012172645 -1.041522503 0.002656827 0.999983191 -0.005153669 -3.781007051 -0.012159070 0.005185611 0.999912560 248.294097900
0.999924302 -0.001249223 0.012238611 -1.033379555 0.001315315 0.999984503 -0.005393773 -3.795241833 -0.012231685 0.005409463 0.999910474 249.033081055
0.999921322 -0.000517482 0.012534994 -1.029184341 0.000591274 0.999982536 -0.005883918 -3.809087276 -0.012531727 0.005890866 0.999904037 249.768524170
0.999915898 -0.001403023 0.012893376 -1.021532059 0.001503869 0.999968350 -0.007815213 -3.822873116 -0.012882004 0.007833946 0.999886274 250.513854980
0.999895453 -0.005119053 0.013520612 -1.012337446 0.005252761 0.999937475 -0.009872314 -3.842207909 -0.013469233 0.009942302 0.999859869 251.263809204
0.999868691 -0.008517227 0.013783428 -0.996404171 0.008665189 0.999905109 -0.010710969 -3.856691122 -0.013690893 0.010828999 0.999847651 252.031250000
0.999879301 -0.006140527 0.014271070 -0.989239693 0.006238100 0.999957442 -0.006802784 -3.869085550 -0.014228689 0.006890988 0.999875069 252.808563232
0.999884844 -0.002133085 0.015026034 -0.992015839 0.002145380 0.999997377 -0.000802183 -3.880132198 -0.015024283 0.000834327 0.999886811 253.590942383
0.999873877 -0.002951435 0.015609999 -0.978594780 0.002909544 0.999992073 0.002705603 -3.895135641 -0.015617861 -0.002659843 0.999874532 254.378509521
0.999828458 -0.004033207 0.018074295 -0.965201855 0.004027281 0.999991834 0.000364259 -3.905709505 -0.018075615 -0.000291407 0.999836624 255.175720215
0.999751329 -0.003315141 0.022051521 -0.945550442 0.003438561 0.999978602 -0.005561357 -3.918922901 -0.022032607 0.005635798 0.999741375 255.987777710
0.999655783 -0.001124075 0.026213244 -0.937767506 0.001365224 0.999956906 -0.009183431 -3.930738926 -0.026201785 0.009216057 0.999614239 256.793975830
0.999571562 0.000861461 0.029256133 -0.916399956 -0.000604587 0.999961197 -0.008787889 -3.947056293 -0.029262567 0.008766436 0.999533296 257.607391357
0.999482810 -0.000664280 0.032151062 -0.884928703 0.000884503 0.999976218 -0.006835914 -3.956120968 -0.032145757 0.006860817 0.999459624 258.455017090
0.999381483 -0.003666355 0.034973692 -0.850049019 0.003790919 0.999986768 -0.003496022 -3.973056793 -0.034960411 0.003626443 0.999382138 259.292022705
0.999257028 -0.006526260 0.037984010 -0.821959496 0.006620302 0.999975264 -0.002350601 -3.985420704 -0.037967723 0.002600319 0.999275625 260.129974365
0.999133885 -0.005973349 0.041182678 -0.789351463 0.006036993 0.999980688 -0.001421179 -4.006038189 -0.041173398 0.001668567 0.999150634 260.986938477
0.999043405 -0.003785263 0.043565512 -0.756146431 0.003937914 0.999986291 -0.003418648 -4.021800041 -0.043551981 0.003586935 0.999044716 261.828948975
0.998929977 -0.003328579 0.046128735 -0.725480080 0.003592649 0.999977589 -0.005642898 -4.040290833 -0.046108924 0.005802584 0.998919547 262.662567139
0.998806119 -0.002392346 0.048791640 -0.685371399 0.002690419 0.999978244 -0.006044336 -4.052549362 -0.048776116 0.006168392 0.998790681 263.520843506
0.998666883 -0.001493475 0.051596265 -0.648256302 0.001686109 0.999991775 -0.003690166 -4.073258400 -0.051590327 0.003772244 0.998661160 264.362213135
0.998498023 -0.000185739 0.054786853 -0.607146263 0.000300392 0.999997735 -0.002084470 -4.092130661 -0.054786343 0.002097797 0.998495877 265.206909180
0.998349488 0.000496881 0.057428926 -0.557106972 -0.000350590 0.999996603 -0.002557399 -4.103411198 -0.057429995 0.002533044 0.998346329 266.072082520
0.998203456 0.000696018 0.059910644 -0.508309364 -0.000521088 0.999995589 -0.002935422 -4.119519234 -0.059912406 0.002898929 0.998199463 266.916992188
0.998055100 -0.001367281 0.062322840 -0.454460144 0.001563355 0.999993980 -0.003097443 -4.137403488 -0.062318228 0.003188852 0.998051226 267.755126953
0.997916281 -0.004761541 0.064345419 -0.395208359 0.004926624 0.999984980 -0.002407160 -4.156964302 -0.064332992 0.002719150 0.997924745 268.621398926
0.997869492 -0.005206065 0.065034218 -0.336185455 0.005385220 0.999982178 -0.002579788 -4.171616077 -0.065019637 0.002924515 0.997879684 269.469055176
0.997831106 -0.005944895 0.065556452 -0.287595749 0.006094977 0.999979317 -0.002089618 -4.194131851 -0.065542653 0.002484651 0.997846723 270.318450928
0.997810423 -0.006222571 0.065845892 -0.227348328 0.006378499 0.999977350 -0.002158091 -4.208737373 -0.065830983 0.002573364 0.997827470 271.197845459
0.997813225 -0.005914754 0.065831229 -0.178699493 0.006041043 0.999980271 -0.001719479 -4.223048687 -0.065819770 0.002113408 0.997829318 272.057952881
0.997849226 -0.005463176 0.065322921 -0.127395630 0.005562111 0.999983609 -0.001332789 -4.236905575 -0.065314583 0.001693256 0.997863233 272.911315918
0.997943401 -0.006181065 0.063802719 -0.067651749 0.006326909 0.999977827 -0.002084085 -4.254087448 -0.063788407 0.002483473 0.997960329 273.784362793
0.998039424 -0.006145193 0.062286969 -0.018669128 0.006343113 0.999975443 -0.002980301 -4.271327972 -0.062267128 0.003369552 0.998053789 274.636535645
0.998153210 -0.005260118 0.060518470 0.034015656 0.005489680 0.999978304 -0.003627612 -4.286710262 -0.060498077 0.003953139 0.998160481 275.515472412
0.998263955 -0.004209182 0.058747407 0.081567764 0.004451519 0.999982119 -0.003994815 -4.302691460 -0.058729537 0.004249395 0.998264909 276.367767334
0.998360157 -0.002950290 0.057167783 0.121509552 0.003188636 0.999986529 -0.004078479 -4.327960968 -0.057154987 0.004254078 0.998356283 277.233551025
0.998483658 -0.002422582 0.054995283 0.163596153 0.002623254 0.999990225 -0.003577004 -4.343227386 -0.054986075 0.003715846 0.998480201 278.079986572
0.998636186 -0.002622578 0.052143183 0.205167770 0.002745805 0.999993563 -0.002291744 -4.359802723 -0.052136838 0.002431794 0.998636961 278.940887451
0.998848379 -0.003738552 0.047833357 0.241838455 0.003730569 0.999993026 0.000256157 -4.377213955 -0.047833987 -0.000077416 0.998855233 279.781616211
0.999074817 -0.005683822 0.042628750 0.280833244 0.005600056 0.999982059 0.002084181 -4.396583557 -0.042639833 -0.001843530 0.999088824 280.628631592
0.999246597 -0.006122852 0.038324960 0.303795815 0.005995841 0.999976158 0.003428141 -4.412036896 -0.038345043 -0.003195768 0.999259472 281.481109619
0.999421239 -0.006087749 0.033466499 0.324818611 0.005968893 0.999975622 0.003650218 -4.420202255 -0.033487901 -0.003448348 0.999433219 282.299072266
0.999562263 -0.006851803 0.028784031 0.353018284 0.006723743 0.999967098 0.004543394 -4.436367989 -0.028814217 -0.004347869 0.999575317 283.125823975
0.999678493 -0.007555219 0.024204740 0.365544319 0.007449493 0.999962270 0.004455201 -4.445829391 -0.024237491 -0.004273455 0.999697089 283.927124023
0.999766052 -0.007345323 0.020345284 0.375877380 0.007261218 0.999964714 0.004204806 -4.460829735 -0.020375455 -0.004056091 0.999784112 284.711425781
0.999845982 -0.007002672 0.016092341 0.390240192 0.006937931 0.999967635 0.004075440 -4.473299026 -0.016120363 -0.003963165 0.999862194 285.487854004
0.999897599 -0.007101182 0.012418917 0.393465996 0.007053175 0.999967456 0.003905033 -4.485491753 -0.012446241 -0.003817041 0.999915242 286.237609863
