-0.998175502 0.059303645 -0.011346535 -13.368458748 0.058902711 0.997721493 0.032898020 1.315549850 0.013271654 0.032169655 -0.999394298 16.873073578
-0.998234272 0.058209095 -0.011836413 -13.373982430 0.057832513 0.997875571 0.029995676 1.337230682 0.013557290 0.029258180 -0.999479890 15.482153893
-0.998360574 0.055873822 -0.012422852 -13.386024475 0.055537209 0.998118937 0.025965368 1.348213434 0.013850269 0.025232868 -0.999585629 14.113946915
-0.998558700 0.052220657 -0.012383446 -13.392526627 0.051908869 0.998356402 0.024287961 1.359929204 0.013631425 0.023610147 -0.999628305 12.736424446
-0.998703599 0.049400389 -0.012270546 -13.397003174 0.049061727 0.998443604 0.026517289 1.370112181 0.013561411 0.025880901 -0.999573112 11.371918678
-0.998758852 0.048385553 -0.011811603 -13.405820847 0.048028093 0.998428524 0.028872903 1.379170179 0.013190073 0.028269779 -0.999513328 9.986705780
-0.998703420 0.049529757 -0.011766576 -13.414869308 0.049150232 0.998322248 0.030608920 1.398749232 0.013262888 0.029990900 -0.999462247 8.618408203
-0.998480260 0.053919930 -0.011394227 -13.430651665 0.053514451 0.998011231 0.033312719 1.409806132 0.013167787 0.032652337 -0.999379992 7.239261150
-0.998194039 0.059040044 -0.011087773 -13.445409775 0.058622103 0.997671902 0.034845509 1.427607536 0.013119241 0.034132592 -0.999331176 5.855132580
-0.998063326 0.061238810 -0.010931463 -13.458257675 0.060838647 0.997575104 0.033801019 1.450343132 0.012974893 0.033070508 -0.999368727 4.489300728
-0.998024523 0.061903745 -0.010720643 -13.475830078 0.061542634 0.997615039 0.031252775 1.475290895 0.012629739 0.030531261 -0.999454021 3.120520592
-0.998096168 0.060679894 -0.011046452 -13.482402802 0.060337093 0.997754037 0.029093744 1.494706392 0.012787046 0.028371844 -0.999515653 1.749264717
-0.998226583 0.058387950 -0.011599780 -13.487385750 0.058043268 0.997918189 0.028110003 1.514352918 0.013216917 0.027386861 -0.999537528 0.374204576
-0.998301685 0.056993660 -0.012062682 -13.492181778 0.056632224 0.997990012 0.028439587 1.537979603 0.013659312 0.027708152 -0.999522686 -0.998861253
-0.998328149 0.056482553 -0.012284181 -13.503980637 0.056121115 0.998031020 0.028008914 1.546883345 0.013842012 0.027272683 -0.999532104 -2.370509386
-0.998312116 0.056704808 -0.012548394 -13.512359619 0.056359127 0.998062193 0.026371755 1.563157320 0.014019484 0.025620030 -0.999573350 -3.756174803
-0.998375118 0.055596691 -0.012496770 -13.528682709 0.055258971 0.998135805 0.025914913 1.577206016 0.013914256 0.025182249 -0.999586046 -5.128724575
-0.998376548 0.055482268 -0.012880468 -13.535670280 0.055124424 0.998123825 0.026647978 1.590563059 0.014334793 0.025894690 -0.999561906 -6.514960289
-0.998456001 0.053999346 -0.013022909 -13.546250343 0.053649928 0.998225510 0.025833989 1.605581284 0.014394818 0.025095422 -0.999581397 -7.899571896
-0.998561203 0.051906899 -0.013463437 -13.553458214 0.051540487 0.998325348 0.026267499 1.623349667 0.014804355 0.025535792 -0.999564290 -9.297959328
-0.998665750 0.049865697 -0.013422613 -13.567370415 0.049457092 0.998348653 0.029222902 1.631407499 0.014857668 0.028520068 -0.999482751 -10.712001801
-0.998763323 0.047857925 -0.013469452 -13.578385353 0.047451179 0.998450994 0.029050644 1.650191784 0.014838892 0.028375575 -0.999487221 -12.106786728
-0.998757482 0.047797099 -0.014102452 -13.592535973 0.047422178 0.998541057 0.025819682 1.666823387 0.015315985 0.025118828 -0.999567151 -13.517325401
-0.998815119 0.046554398 -0.014175508 -13.604534149 0.046185028 0.998611033 0.025355343 1.683566809 0.015336222 0.024670606 -0.999577999 -14.919028282
-0.998825669 0.046509102 -0.013571040 -13.623403549 0.046140548 0.998588324 0.026312543 1.688867927 0.014775655 0.025655465 -0.999561667 -16.322175980
-0.998884559 0.045256495 -0.013476123 -13.633654594 0.044923339 0.998700261 0.024075678 1.701566219 0.014548189 0.023443429 -0.999619305 -17.732847214
-0.998958766 0.043661773 -0.013230609 -13.644790649 0.043387093 0.998850405 0.020381920 1.713542104 0.014105310 0.019786660 -0.999704719 -19.148307800
-0.998968303 0.043474365 -0.013126662 -13.659351349 0.043213796 0.998875082 0.019521356 1.723125100 0.013960576 0.018933965 -0.999723196 -20.555345535
-0.998926342 0.044512071 -0.012839938 -13.672129631 0.044231661 0.998793006 0.021353662 1.728880167 0.013774937 0.020762803 -0.999689460 -21.971551895
-0.998788595 0.047692299 -0.012115097 -13.687557220 0.047420695 0.998637199 0.021795511 1.739951134 0.013138065 0.021194601 -0.999688983 -23.395872116
-0.998739481 0.048858620 -0.011500239 -13.702396393 0.048603047 0.998585820 0.021542324 1.743752241 0.012536505 0.020956226 -0.999701738 -24.824962616
-0.998756826 0.048553813 -0.011283585 -13.714375496 0.048302595 0.998599946 0.021561727 1.751072049 0.012314692 0.020989897 -0.999703825 -26.254188538
-0.998788118 0.047860935 -0.011466037 -13.724725723 0.047631387 0.998674214 0.019519603 1.759962320 0.012385062 0.018949807 -0.999743700 -27.669153214
-0.998848438 0.046645705 -0.011217910 -13.726146698 0.046401009 0.998698592 0.021164447 1.769217134 0.012190543 0.020619556 -0.999713004 -29.097005844
-0.998857319 0.046700265 -0.010156377 -13.743018150 0.046439376 0.998619080 0.024562739 1.778542399 0.011289439 0.024063017 -0.999646664 -30.531719208
-0.998758435 0.048910867 -0.009446886 -13.753677368 0.048659783 0.998497605 0.025195215 1.790662289 0.010665012 0.024704253 -0.999637902 -31.974512100
-0.998656809 0.051068917 -0.008743303 -13.766700745 0.050848898 0.998423457 0.023767568 1.801218271 0.009943302 0.023291055 -0.999679267 -33.396072388
-0.998548627 0.053250082 -0.008066391 -13.778020859 0.053039622 0.998294830 0.024377819 1.810769081 0.009350757 0.023914600 -0.999670267 -34.829715729
-0.998493493 0.054340895 -0.007597972 -13.785264969 0.054133497 0.998214245 0.025257364 1.822617769 0.008956911 0.024808010 -0.999652088 -36.265342712
-0.998392582 0.056201544 -0.007323694 -13.791644096 0.056000110 0.998110354 0.025293980 1.833078623 0.008731415 0.024843194 -0.999653220 -37.687259674
-0.998237431 0.058943871 -0.006898898 -13.804833412 0.058745924 0.997933209 0.026042258 1.842610836 0.008419670 0.025591075 -0.999637008 -39.113380432
-0.998109639 0.061134979 -0.006285355 -13.814666748 0.060940087 0.997760952 0.027555559 1.850484371 0.007955890 0.027120441 -0.999600530 -40.529804230
-0.997983873 0.063179344 -0.006035849 -13.820836067 0.062983327 0.997608185 0.028476350 1.860110283 0.007820530 0.028038781 -0.999576271 -41.944171906
-0.997840524 0.065422930 -0.005824836 -13.829922676 0.065260611 0.997562826 0.024685025 1.870320916 0.007425606 0.024251590 -0.999678314 -43.354190826
-0.997750998 0.066786937 -0.005699965 -13.840796471 0.066659190 0.997570395 0.020245790 1.880825758 0.007038270 0.019820301 -0.999778807 -44.757209778
-0.997695863 0.067632057 -0.005381632 -13.848982811 0.067518108 0.997535110 0.019105611 1.890176058 0.006660518 0.018698230 -0.999803066 -46.156970978
-0.997694552 0.067632034 -0.005610554 -13.845385551 0.067494996 0.997481346 0.021801416 1.884786367 0.007070898 0.021372467 -0.999746561 -47.566417694
-0.997736990 0.067001976 -0.005621648 -13.846540451 0.066858724 0.997505069 0.022661291 1.894307733 0.007125974 0.022234153 -0.999727309 -48.967582703
-0.997783184 0.066298671 -0.005759544 -13.847783089 0.066158168 0.997569263 0.021878611 1.897861719 0.007196068 0.021449072 -0.999743998 -50.373500824
-0.997772038 0.066460833 -0.005826971 -13.850706100 0.066319384 0.997560084 0.021806221 1.908974171 0.007262013 0.021371195 -0.999745250 -51.783138275
-0.997813642 0.065858364 -0.005527764 -13.856875420 0.065717749 0.997581840 0.022620179 1.911685944 0.007004125 0.022207452 -0.999728858 -53.185604095
-0.997783422 0.066272102 -0.006017727 -13.864678383 0.066135719 0.997598529 0.020575853 1.917368889 0.007366880 0.020132262 -0.999770224 -54.585968018
-0.997834325 0.065385722 -0.007170241 -13.863849640 0.065229923 0.997666717 0.020153603 1.923564434 0.008471269 0.019642243 -0.999771178 -55.990493774
-0.997834742 0.065276042 -0.008055015 -13.870983124 0.065097868 0.997664273 0.020691892 1.935339212 0.009386888 0.020122724 -0.999753416 -57.395942688
-0.997775137 0.066086717 -0.008795235 -13.882716179 0.065892257 0.997609496 0.020817507 1.935528517 0.010149973 0.020191653 -0.999744594 -58.792434692
-0.997709394 0.066955462 -0.009640218 -13.894806862 0.066755816 0.997574389 0.019724524 1.938893557 0.010937500 0.019035805 -0.999758899 -60.197322845
-0.997724116 0.066611096 -0.010458885 -13.904238701 0.066397488 0.997600794 0.019592132 1.941457987 0.011738845 0.018853100 -0.999753356 -61.588768005
-0.997752011 0.066035509 -0.011420480 -13.908574104 0.065792933 0.997623622 0.020452730 1.947663546 0.012743950 0.019655362 -0.999725580 -62.999820709
-0.997771502 0.065614499 -0.012113769 -13.923266411 0.065351382 0.997641921 0.020970644 1.952422738 0.013461182 0.020132259 -0.999706686 -64.395568848
-0.997810602 0.064941481 -0.012516716 -13.937374115 0.064661503 0.997673273 0.021608138 1.953187227 0.013890857 0.020751478 -0.999688148 -65.801574707
-0.997832894 0.064452671 -0.013240560 -13.949566841 0.064158961 0.997707546 0.021523954 1.955556989 0.014597484 0.020627812 -0.999680579 -67.195243835
-0.997845829 0.064086124 -0.014020066 -13.962443352 0.063767605 0.997720182 0.022095028 1.955057383 0.015404087 0.021153409 -0.999657512 -68.587181091
-0.997772932 0.065338761 -0.013413944 -13.984011650 0.065058418 0.997673512 0.020368306 1.963129282 0.014713577 0.019450253 -0.999702573 -69.991035461
-0.997767806 0.065508872 -0.012964115 -13.998754501 0.065269329 0.997703254 0.018110262 1.965014815 0.014120724 0.017223675 -0.999751925 -71.379234314
-0.997805178 0.064999573 -0.012645858 -14.009920120 0.064768672 0.997739971 0.017884163 1.961558819 0.013779743 0.017025854 -0.999760091 -72.776824951
-0.997668445 0.067071736 -0.012613826 -14.016511917 0.066824943 0.997582614 0.019063065 1.961011887 0.013861925 0.018175699 -0.999738693 -74.148460388
-0.997588992 0.068408534 -0.011679938 -14.031888008 0.068153486 0.997453988 0.020992313 1.962427855 0.013086253 0.020145670 -0.999711394 -75.534660339
-0.997530937 0.069389187 -0.010818714 -14.036963463 0.069126904 0.997343183 0.022978732 1.965188742 0.012384445 0.022174135 -0.999677420 -76.925277710
-0.997512817 0.069805272 -0.009769733 -14.048028946 0.069573388 0.997326553 0.022345480 1.971168160 0.011303446 0.021610191 -0.999702573 -78.300056458
-0.997546017 0.069379434 -0.009408648 -14.057613373 0.069196448 0.997430503 0.018551046 1.975729704 0.010671535 0.017854476 -0.999783635 -79.665206909
-0.997663081 0.067763001 -0.008750765 -14.068295479 0.067614943 0.997579455 0.016232606 1.971507311 0.009829554 0.015602992 -0.999829888 -81.034500122
-0.997744441 0.066513069 -0.009064576 -14.068191528 0.066344455 0.997638285 0.017781120 1.973388195 0.010225846 0.017139629 -0.999800801 -82.389266968
-0.997719944 0.066937342 -0.008611897 -14.076789856 0.066731706 0.997521996 0.022285275 1.974745631 0.010082275 0.021659778 -0.999714494 -83.763420105
-0.997685432 0.067480847 -0.008366528 -14.080027580 0.067258231 0.997434199 0.024521086 1.985543847 0.009999764 0.023901613 -0.999664247 -85.125358582
-0.997655928 0.067893140 -0.008570769 -14.090181351 0.067663193 0.997401178 0.024750646 1.993072510 0.010228895 0.024112700 -0.999656916 -86.469619751
-0.997654378 0.067878313 -0.008846119 -14.099130630 0.067660801 0.997445047 0.022923959 1.996068954 0.010379556 0.022271654 -0.999698102 -87.803756714
-0.997706890 0.066921748 -0.010122894 -14.102020264 0.066694297 0.997545004 0.021348050 2.002791405 0.011526692 0.020623956 -0.999720871 -89.156501770
-0.997753263 0.066015728 -0.011421971 -14.107542038 0.065776192 0.997629642 0.020211149 2.006916046 0.012729151 0.019414442 -0.999730587 -90.488594055
-0.997818530 0.064909264 -0.012042220 -14.116464615 0.064643189 0.997680962 0.021305500 2.008128643 0.013397219 0.020480575 -0.999700427 -91.831802368
-0.997823060 0.064832360 -0.012081241 -14.137213707 0.064548090 0.997658610 0.022596808 2.015951872 0.013517962 0.021767793 -0.999671578 -93.156547546
-0.997811615 0.064742848 -0.013429220 -14.137865067 0.064441569 0.997684002 0.021770013 2.013893843 0.014807570 0.020856971 -0.999672830 -94.485092163
-0.997773528 0.065229312 -0.013893519 -14.154275894 0.064928591 0.997666955 0.021094872 2.014381170 0.015237107 0.020145817 -0.999680936 -95.813011169
-0.997822344 0.064323813 -0.014594419 -14.167872429 0.063990161 0.997701764 0.022280725 2.015256882 0.015994059 0.021298306 -0.999645233 -97.139144897
-0.997798502 0.064524017 -0.015324533 -14.183412552 0.064155690 0.997665048 0.023420272 2.016386986 0.016799921 0.022385556 -0.999608219 -98.454780579
-0.997818291 0.064026736 -0.016107827 -14.203809738 0.063650146 0.997709572 0.022897378 2.030294895 0.017536979 0.021822153 -0.999607980 -99.763442993
-0.997771561 0.064531468 -0.016958201 -14.219581604 0.064127900 0.997668445 0.023352211 2.028072357 0.018425617 0.022212680 -0.999583423 -101.093696594
-0.997761071 0.064445168 -0.017880375 -14.238304138 0.064023368 0.997677803 0.023237044 2.031966209 0.019336369 0.022040259 -0.999570012 -102.401046753
-0.997757971 0.064305797 -0.018546106 -14.255773544 0.063874565 0.997693360 0.022976348 2.039929628 0.019980840 0.021740211 -0.999563932 -103.696899414
-0.997757912 0.064151458 -0.019069646 -14.283315659 0.063706577 0.997701585 0.023086924 2.046376467 0.020506874 0.021820301 -0.999551594 -105.004638672
-0.997773945 0.063637175 -0.019934535 -14.298238754 0.063177571 0.997739673 0.022894673 2.052046061 0.021346429 0.021584295 -0.999539137 -106.305755615
-0.997756958 0.063757129 -0.020402525 -14.326227188 0.063314043 0.997758269 0.021673057 2.056014061 0.021738604 0.020332677 -0.999556839 -107.616073608
-0.997713447 0.064169742 -0.021213459 -14.343227386 0.063742012 0.997760713 0.020259583 2.060348511 0.022466009 0.018861072 -0.999569595 -108.919319153
-0.997703314 0.064208560 -0.021571167 -14.363976479 0.063760005 0.997746885 0.020876059 2.069723606 0.022862986 0.019452736 -0.999549329 -110.181594849
-0.997684658 0.064415380 -0.021814676 -14.381891251 0.063900433 0.997678757 0.023533348 2.071364164 0.023279948 0.022084896 -0.999485016 -111.461997986
-0.997663021 0.064888380 -0.021401616 -14.409698486 0.064401716 0.997665942 0.022695320 2.070725918 0.022824327 0.021263983 -0.999513268 -112.743362427
-0.997699916 0.064375713 -0.021230839 -14.428477287 0.063909478 0.997714162 0.021953832 2.074271679 0.022595607 0.020546487 -0.999533474 -114.014350891
-0.997639894 0.065248415 -0.021383544 -14.450394630 0.064773023 0.997652650 0.022218121 2.083284616 0.022783047 0.020780608 -0.999524415 -115.298248291
-0.997582674 0.066285111 -0.020858670 -14.476117134 0.065814294 0.997578084 0.022502810 2.089640617 0.022299754 0.021075614 -0.999529123 -116.556968689
-0.997590184 0.066124372 -0.021008568 -14.489359856 0.065630414 0.997569740 0.023391761 2.101478577 0.022504281 0.021956591 -0.999505579 -117.799148560
-0.997678280 0.064916469 -0.020590253 -14.515399933 0.064420350 0.997636557 0.023906676 2.098812103 0.022093525 0.022524741 -0.999502122 -119.090431213
-0.997585714 0.066390626 -0.020365650 -14.548906326 0.065907158 0.997547567 0.023557680 2.104719400 0.021879712 0.022158563 -0.999514997 -120.323944092
-0.997610331 0.066035718 -0.020316370 -14.568742752 0.065557264 0.997574866 0.023378411 2.115622997 0.021810910 0.021990661 -0.999520183 -121.573745728
-0.997592390 0.066245109 -0.020518374 -14.593324661 0.065774217 0.997573256 0.022832364 2.122308731 0.021981111 0.021427808 -0.999528706 -122.800216675
-0.997675300 0.064515464 -0.021949360 -14.604404449 0.064031139 0.997703195 0.022096533 2.135420799 0.023324516 0.020639719 -0.999514878 -124.062080383
-0.997686744 0.063965924 -0.023013655 -14.630689621 0.063441820 0.997724414 0.022825873 2.137559891 0.024421366 0.021313038 -0.999474525 -125.270248413
-0.997717023 0.063169733 -0.023882728 -14.657454491 0.062589280 0.997743070 0.024317652 2.133265018 0.025364967 0.022767333 -0.999418974 -126.479988098
-0.997757018 0.062200289 -0.024742646 -14.685340881 0.061578993 0.997785866 0.025126582 2.134267807 0.026250744 0.023546595 -0.999378085 -127.677848816
-0.997761548 0.061346315 -0.026616849 -14.709806442 0.060716726 0.997869968 0.023850881 2.137009859 0.028023317 0.022181399 -0.999361277 -128.871536255
-0.997688770 0.061987843 -0.027830480 -14.735597610 0.061375082 0.997864187 0.022357890 2.140278339 0.029156957 0.020598115 -0.999362648 -130.055526733
-0.997650683 0.062429138 -0.028208122 -14.774759293 0.061817836 0.997843921 0.022047803 2.141205311 0.029523732 0.020252239 -0.999358892 -131.219772339
-0.997617483 0.063142538 -0.027789114 -14.809706688 0.062472258 0.997749329 0.024362108 2.140448570 0.029264858 0.022568015 -0.999316871 -132.374496460
-0.997581065 0.063678943 -0.027871907 -14.837865829 0.062949538 0.997669876 0.026309021 2.129684448 0.029482286 0.024490859 -0.999265254 -133.529953003
-0.997395635 0.066579483 -0.027728764 -14.869666100 0.065839134 0.997470140 0.026808115 2.139093161 0.029443482 0.024912665 -0.999256015 -134.649124146
-0.997361243 0.067170531 -0.027542707 -14.894021034 0.066443391 0.997437775 0.026517242 2.134143353 0.029253311 0.024617240 -0.999268830 -135.760986328
-0.997441888 0.065965600 -0.027531622 -14.921053886 0.065194719 0.997479141 0.028017219 2.142783165 0.029310392 0.026150633 -0.999228120 -136.845352173
-0.997440755 0.065724842 -0.028146366 -14.939885139 0.064874522 0.997438669 0.030127712 2.151002169 0.030054413 0.028224628 -0.999149680 -137.913818359
-0.997388244 0.065914728 -0.029529193 -14.965038300 0.065031312 0.997433960 0.029940614 2.163530827 0.031426948 0.027942095 -0.999115407 -138.963272095
-0.997457206 0.064046323 -0.031258084 -15.007656097 0.063159771 0.997594297 0.028571136 2.171522856 0.033012763 0.026524231 -0.999102890 -139.995330811
-0.997438610 0.063747533 -0.032440498 -15.037996292 0.062825821 0.997612298 0.028680893 2.174961090 0.034191374 0.026569329 -0.999062061 -140.976013184
-0.997334659 0.064543381 -0.034025781 -15.056684494 0.063554347 0.997545481 0.029389938 2.184699774 0.035839193 0.027149115 -0.998988748 -141.961746216
-0.997235596 0.065745384 -0.034621879 -15.087732315 0.064720444 0.997454286 0.029936891 2.188298702 0.036501952 0.027613390 -0.998952031 -142.896682739
-0.997200072 0.066523798 -0.034154691 -15.117672920 0.065521784 0.997410119 0.029664321 2.195623398 0.036039617 0.027343387 -0.998976231 -143.829132080
-0.997096360 0.069093458 -0.032011643 -15.143308640 0.068178840 0.997256339 0.028833430 2.195434332 0.033916015 0.026567193 -0.999071538 -144.695755005
-0.997052908 0.072253048 -0.025787409 -15.172088623 0.071545869 0.997061789 0.027367651 2.205866575 0.027689038 0.025442015 -0.999292672 -145.550491333
-0.996965110 0.076601215 -0.013886291 -15.182693481 0.076217696 0.996743858 0.026315024 2.204648733 0.015856840 0.025176778 -0.999557257 -146.359329224
-0.996775329 0.080138981 0.004076506 -15.176115990 0.080216140 0.996464431 0.024979316 2.208743095 -0.002060276 0.025225770 -0.999679685 -147.138702393
-0.996379435 0.080719940 0.026689222 -15.146661758 0.081389301 0.996368229 0.025022898 2.203921318 -0.024572447 0.027104517 -0.999330521 -147.885940552
-0.995388567 0.080069564 0.052827362 -15.098842621 0.081566215 0.996307313 0.026807392 2.203785896 -0.050485842 0.030992694 -0.998243749 -148.607849121
-0.993601382 0.078082263 0.081605829 -15.032341957 0.080675997 0.996318996 0.028980013 2.202492237 -0.079042614 0.035378214 -0.996243238 -149.296829224
-0.990603745 0.077339344 0.112795614 -14.940704346 0.080942295 0.996333420 0.027713502 2.199864864 -0.110238701 0.036583036 -0.993231654 -149.953247070
-0.985806644 0.078102671 0.148610577 -14.832126617 0.082480803 0.996315181 0.023519712 2.193178415 -0.146226004 0.035443410 -0.988616168 -150.576126099
-0.978753865 0.079565153 0.188971594 -14.693500519 0.084438376 0.996268511 0.017865775 2.190578222 -0.186844915 0.033442650 -0.981820047 -151.167984009
-0.969200015 0.080206811 0.232848078 -14.534690857 0.085502416 0.996256709 0.012722307 2.185528755 -0.230956018 0.032239534 -0.972429931 -151.724578857
-0.956762373 0.079210013 0.279877752 -14.356781006 0.085164547 0.996324778 0.009158756 2.179285049 -0.278123677 0.032598414 -0.959991932 -152.246307373
-0.940575480 0.079872504 0.330057740 -14.147235870 0.086714342 0.996214926 0.006032894 2.165158510 -0.328326583 0.034295131 -0.943941474 -152.747528076
-0.920102298 0.080461726 0.383324504 -13.915233612 0.088002957 0.996117830 0.002145303 2.148856878 -0.381663769 0.035707586 -0.923611164 -153.226425171
-0.895609260 0.079013072 0.437768221 -13.653865814 0.086881205 0.996216536 -0.002061636 2.134051800 -0.436274797 0.036187410 -0.899085522 -153.669433594
-0.866884112 0.077496983 0.492449075 -13.367660522 0.085844882 0.996292293 -0.005669801 2.115199566 -0.491062701 0.037359171 -0.870322764 -154.089553833
-0.833464682 0.075500645 0.547390282 -13.075096130 0.084470145 0.996386945 -0.008814490 2.094726086 -0.546078026 0.038891569 -0.836831033 -154.470214844
-0.795292258 0.074257031 0.601661086 -12.741744995 0.083765745 0.996410131 -0.012253081 2.074514389 -0.600411117 0.040653810 -0.798657477 -154.856414795
-0.752485514 0.072101742 0.654650211 -12.387008667 0.082077704 0.996506751 -0.015409148 2.052191019 -0.653474391 0.042137019 -0.755774915 -155.202148438
-0.703958929 0.069314249 0.706850350 -12.015647888 0.080400892 0.996606171 -0.017655924 2.032071590 -0.705675244 0.044402350 -0.707142770 -155.518341064
-0.650888264 0.065283269 0.756361365 -11.628860474 0.077454865 0.996807456 -0.019382771 2.011148453 -0.755212009 0.045967851 -0.653866768 -155.799499512
-0.595088959 0.059166767 0.801478922 -11.246650696 0.071314022 0.997239769 -0.020668378 1.988711715 -0.800489545 0.044857163 -0.597665787 -156.044174194
-0.537192702 0.054937996 0.841668546 -10.822418213 0.066153958 0.997546852 -0.022890022 1.965727329 -0.840861320 0.043383345 -0.539509237 -156.253845215
-0.476798952 0.051492199 0.877502918 -10.385265350 0.061316792 0.997799337 -0.025234215 1.931883931 -0.876871169 0.041774020 -0.478907049 -156.435745239
-0.413987517 0.050485346 0.908881426 -9.924076080 0.059221465 0.997839272 -0.028451804 1.912351727 -0.908354104 0.042046595 -0.416082859 -156.593643188
-0.349125385 0.050332248 0.935723305 -9.488147736 0.057776377 0.997812867 -0.032115228 1.884488702 -0.935293198 0.042850457 -0.351269811 -156.712356567
-0.284085035 0.051270194 0.957427263 -9.020565033 0.054832045 0.997803807 -0.037162744 1.858291864 -0.957229912 0.041940317 -0.286272347 -156.782180786
-0.216075465 0.051138423 0.975036561 -8.578176498 0.050923564 0.997858465 -0.041050345 1.834671021 -0.975047767 0.040782358 -0.218216926 -156.852340698
-0.148731798 0.047583975 0.987731993 -8.089703560 0.044692721 0.998144388 -0.041355792 1.811420679 -0.987867057 0.037993513 -0.150582507 -156.850143433
-0.078066669 0.039820738 0.996152520 -7.622873783 0.042120062 0.998441517 -0.036611356 1.788385153 -0.996057987 0.039099880 -0.079622254 -156.850952148
-0.006809831 0.029060081 0.999554455 -7.182831287 0.040817067 0.998752654 -0.028758682 1.762073040 -0.999143362 0.040603042 -0.007987529 -156.831253052
0.064972207 0.016632086 0.997748435 -6.724643707 0.038289633 0.999083102 -0.019147709 1.736331582 -0.997152209 0.039447494 0.064275816 -156.783340454
0.137218520 0.005118320 0.990527570 -6.206542969 0.034947257 0.999339044 -0.010005123 1.713917494 -0.989924133 0.035989106 0.136948958 -156.685455322
0.208612114 -0.003806827 0.977991045 -5.739002228 0.030799743 0.999522090 -0.002679159 1.690949678 -0.977513313 0.030680779 0.208629638 -156.543579102
0.279349089 -0.008225363 0.960154414 -5.286128998 0.030256378 0.999542177 -0.000240056 1.680591345 -0.959712803 0.029117849 0.279470086 -156.368255615
0.349849403 -0.011471752 0.936735690 -4.807716370 0.030040108 0.999548197 0.001021692 1.669415355 -0.936324179 0.027782202 0.350035995 -156.166107178
0.416391253 -0.017091185 0.909024835 -4.361858368 0.031770546 0.999486208 0.004239078 1.665010691 -0.908630311 0.027115101 0.416720331 -155.910507202
0.481100768 -0.022169165 0.876384914 -3.907226562 0.032187060 0.999453008 0.007612913 1.678385735 -0.876074195 0.024545679 0.481551170 -155.623016357
0.543594599 -0.026836362 0.838918805 -3.449035645 0.032533448 0.999411345 0.010889694 1.677802086 -0.838717103 0.021373345 0.544147730 -155.287216187
0.602475405 -0.028153867 0.797640800 -3.002876282 0.031500652 0.999437749 0.011483459 1.676034808 -0.797515690 0.018207703 0.603023469 -154.916885376
0.655790210 -0.027887847 0.754428029 -2.610527039 0.030640462 0.999477267 0.010311864 1.662405252 -0.754321218 0.016353600 0.656301856 -154.510131836
0.704342961 -0.027722649 0.709318280 -2.261314392 0.032414902 0.999450862 0.006874512 1.649034739 -0.709119439 0.018150462 0.704854786 -154.089599609
0.750033975 -0.027335629 0.660834193 -1.872871399 0.034549169 0.999400854 0.002127909 1.655692220 -0.660496354 0.021235270 0.750528932 -153.642089844
0.790885150 -0.028227633 0.611313224 -1.508483887 0.035495754 0.999369860 0.000223738 1.657141089 -0.610934258 0.021522069 0.791388750 -153.127990723
0.828327179 -0.028872674 0.559500456 -1.167243958 0.034309685 0.999410927 0.000779306 1.661273599 -0.559193373 0.018550761 0.828829765 -152.563385010
0.863202214 -0.030251406 0.503951430 -0.859619141 0.033117641 0.999446094 0.003269027 1.636235595 -0.503771186 0.013867849 0.863725901 -151.978302002
0.894751191 -0.033138804 0.445333749 -0.604133606 0.035004083 0.999379039 0.004038073 1.623715878 -0.445190996 0.011975434 0.895355463 -151.414535522
0.921318054 -0.032626085 0.387438387 -0.377727509 0.033503052 0.999428570 0.004492235 1.617123246 -0.387363523 0.008841590 0.921884656 -150.776870728
0.942589223 -0.031722542 0.332444459 -0.180404663 0.031947415 0.999478161 0.004790872 1.608775020 -0.332422912 0.006104920 0.943110704 -150.115051270
0.959232628 -0.026780460 0.281345934 0.004901886 0.027118104 0.999628603 0.002694026 1.604579568 -0.281313479 0.005045367 0.959602654 -149.444442749
0.971567094 -0.020869007 0.235843211 0.144664764 0.021371314 0.999771535 0.000426481 1.598953724 -0.235798210 0.004625927 0.971791029 -148.718856812
0.980384886 -0.015989646 0.196442932 0.254287720 0.016486503 0.999863684 -0.000894191 1.597818136 -0.196401834 0.004115311 0.980514824 -147.968292236
0.986927629 -0.016685745 0.160297841 0.369562149 0.016868830 0.999857664 0.000218734 1.589221478 -0.160278648 0.002488161 0.987068653 -147.198928833
0.991814435 -0.016828891 0.126573622 0.457160950 0.016802238 0.999858022 0.001278291 1.583643556 -0.126577154 0.000858902 0.991956353 -146.401168823
0.995211422 -0.015887765 0.096445724 0.525200844 0.015755109 0.999873579 0.002136815 1.580269814 -0.096467510 -0.000607071 0.995335937 -145.574188232
0.997441053 -0.012286357 0.070429690 0.565141678 0.012177617 0.999923885 0.001973344 1.566284895 -0.070448570 -0.001110630 0.997514784 -144.716201782
0.998766303 -0.007622566 0.049066409 0.583487511 0.007579719 0.999970675 0.001059112 1.560876608 -0.049073040 -0.000685899 0.998794973 -143.836990356
0.999448299 -0.002270242 0.033136040 0.599634647 0.002281523 0.999997497 -0.000302792 1.558949113 -0.033135265 0.000378226 0.999450803 -142.949645996
0.999710858 0.002415793 0.023922864 0.603852034 -0.002383558 0.999996245 -0.001375978 1.549946427 -0.023926098 0.001318556 0.999712825 -142.039108276
0.999781132 0.005922081 0.020064348 0.607085943 -0.005892743 0.999981582 -0.001520896 1.542704701 -0.020072985 0.001402330 0.999797463 -141.104492188
0.999809802 0.005869785 0.018593749 0.622240305 -0.005853452 0.999982476 -0.000932980 1.537072778 -0.018598901 0.000823962 0.999826610 -140.142532349
0.999826729 0.005279675 0.017849544 0.633891344 -0.005289313 0.999985874 0.000492687 1.528171301 -0.017846689 -0.000587006 0.999840558 -139.171890259
0.999859929 0.004738628 0.016047167 0.649053335 -0.004764638 0.999987304 0.001583196 1.518944740 -0.016039465 -0.001659434 0.999869943 -138.181350708
0.999889195 0.003397061 0.014502781 0.656884551 -0.003409406 0.999993801 0.000826195 1.515295506 -0.014499887 -0.000875541 0.999894500 -137.154830933
0.999920070 0.003860055 0.012037935 0.667605639 -0.003862082 0.999992549 0.000145261 1.513705492 -0.012037285 -0.000191734 0.999927521 -136.123611450
0.999939382 0.003652993 0.010385173 0.669445515 -0.003669119 0.999992132 0.001533697 1.504142642 -0.010379488 -0.001571708 0.999944866 -135.066955566
0.999956846 0.003903253 0.008444775 0.675688863 -0.003936252 0.999984622 0.003894135 1.499008894 -0.008429446 -0.003927206 0.999956787 -133.985305786
0.999977112 0.002596197 0.006246734 0.680369556 -0.002624187 0.999986529 0.004476978 1.495719910 -0.006235027 -0.004493263 0.999970496 -132.895095825
0.999985695 0.002117912 0.004909459 0.680213213 -0.002134856 0.999991775 0.003447310 1.485087991 -0.004902116 -0.003457742 0.999981999 -131.783432007
0.999992311 0.000537852 0.003888683 0.671974838 -0.000547080 0.999997079 0.002371562 1.471826196 -0.003887396 -0.002373668 0.999989629 -130.668182373
0.999996662 0.000675089 0.002501872 0.677216649 -0.000680244 0.999997675 0.002059047 1.472924471 -0.002500476 -0.002060750 0.999994695 -129.503433228
0.999997437 0.001682651 0.001505348 0.678753138 -0.001684914 0.999997556 0.001505796 1.467519879 -0.001502810 -0.001508329 0.999997735 -128.334655762
0.999997675 0.001549931 0.001449818 0.674092412 -0.001550431 0.999998748 0.000346344 1.455385685 -0.001449279 -0.000348598 0.999998868 -127.137680054
0.999997735 0.001394669 0.001575765 0.668245196 -0.001394204 0.999998927 -0.000293317 1.447099447 -0.001576173 0.000291115 0.999998689 -125.942192078
0.999995291 0.002049698 0.002288341 0.669843197 -0.002050775 0.999997795 0.000469991 1.430562019 -0.002287373 -0.000474681 0.999997199 -124.726470947
0.999993145 0.002158582 0.003014010 0.669256330 -0.002161857 0.999997079 0.001083720 1.416970372 -0.003011664 -0.001090227 0.999994814 -123.496170044
0.999983549 0.002950676 0.004917977 0.666991055 -0.002946633 0.999995232 -0.000830057 1.402894616 -0.004920404 0.000815545 0.999987483 -122.252204895
0.999971747 0.003351593 0.006738460 0.666248620 -0.003322713 0.999985278 -0.004292743 1.387749195 -0.006752749 0.004270230 0.999968112 -120.997703552
0.999959469 0.002184243 0.008735427 0.671754479 -0.002121949 0.999972284 -0.007133713 1.378417253 -0.008750767 0.007114891 0.999936402 -119.722198486
0.999955416 0.000078669 0.009445651 0.687184930 -0.000005485 0.999969959 -0.007747419 1.356506705 -0.009445976 0.007747023 0.999925375 -118.453109741
0.999953032 -0.000031146 0.009683556 0.683766961 0.000092475 0.999979913 -0.006332855 1.333670020 -0.009683164 0.006333450 0.999933064 -117.132499695
0.999960899 -0.000863391 0.008798368 0.690665483 0.000922262 0.999977112 -0.006688923 1.312475681 -0.008792393 0.006696774 0.999938965 -115.796676636
0.999973059 -0.000699599 0.007304375 0.690789044 0.000765170 0.999959290 -0.008978173 1.285224676 -0.007297798 0.008983519 0.999933004 -114.455307007
0.999985874 -0.001271071 0.005162551 0.692130566 0.001324869 0.999944687 -0.010432125 1.255352974 -0.005149005 0.010438818 0.999932230 -113.136489868
0.999998093 -0.001163715 0.001574150 0.696790099 0.001179725 0.999947131 -0.010209114 1.238678455 -0.001562186 0.010210949 0.999946654 -111.763977051
0.999996960 -0.002400188 -0.000587303 0.690598786 0.002395400 0.999964952 -0.008012329 1.212844610 0.000606512 0.008010893 0.999967754 -110.407058716
0.999997914 -0.001257884 -0.001648870 0.673666298 0.001244447 0.999966145 -0.008123896 1.178917408 0.001659034 0.008121824 0.999965727 -109.024612427
0.999992907 -0.002108858 -0.003118773 0.665892720 0.002081685 0.999960184 -0.008694294 1.156631351 0.003136984 0.008687746 0.999957263 -107.627548218
0.999986291 -0.003052723 -0.004256071 0.652356684 0.003009741 0.999944806 -0.010069386 1.131635308 0.004286576 0.010056442 0.999940217 -106.221450806
0.999981999 -0.002677386 -0.005353774 0.644879758 0.002617132 0.999933541 -0.011229326 1.105800748 0.005383484 0.011215114 0.999922574 -104.792015076
0.999977767 -0.001268041 -0.006532518 0.630357325 0.001196144 0.999938846 -0.010997966 1.075714111 0.006546066 0.010989910 0.999918163 -103.345016479
0.999979615 -0.001315557 -0.006246246 0.610733151 0.001253710 0.999950230 -0.009895668 1.044653058 0.006258950 0.009887639 0.999931514 -101.868873596
0.999985397 0.000506065 -0.005377369 0.586604714 -0.000544266 0.999974549 -0.007105108 1.024120927 0.005373639 0.007107931 0.999960244 -100.385574341
0.999986410 0.000224331 -0.005201298 0.573498189 -0.000252633 0.999985158 -0.005442335 1.000250697 0.005199995 0.005443571 0.999971688 -98.879074097
0.999985754 -0.000446542 -0.005333469 0.563119769 0.000434058 0.999997199 -0.002343028 0.977548242 0.005334502 0.002340681 0.999982953 -97.378028870
0.999990106 -0.000196709 -0.004439984 0.547180533 0.000211888 0.999994159 0.003419168 0.961715460 0.004439283 -0.003420075 0.999984324 -95.860984802
0.999991894 0.000330614 -0.004020231 0.535111547 -0.000295468 0.999961853 0.008740128 0.950102985 0.004022966 -0.008738874 0.999953747 -94.350570679
0.999988735 0.002053150 -0.004262415 0.521919131 -0.002002230 0.999927044 0.011914416 0.937140942 0.004286567 -0.011905757 0.999919951 -92.815872192
0.999984086 0.003328935 -0.004534706 0.507832229 -0.003267548 0.999903798 0.013476812 0.931222320 0.004579135 -0.013461783 0.999898911 -91.314125061
0.999987423 0.002821574 -0.004174715 0.489235103 -0.002761595 0.999893904 0.014303654 0.919927001 0.004214630 -0.014291943 0.999888957 -89.811058044
0.999987125 0.002557319 -0.004387803 0.478784412 -0.002501784 0.999917328 0.012617356 0.912005305 0.004419707 -0.012606218 0.999910772 -88.309829712
0.999990642 0.001811505 -0.003958551 0.467752457 -0.001772011 0.999948740 0.009960078 0.906639218 0.003976392 -0.009952975 0.999942541 -86.803924561
0.999995470 0.000841326 -0.002889575 0.452933848 -0.000812001 0.999948323 0.010132393 0.890328884 0.002897953 -0.010129985 0.999944508 -85.293235779
0.999997437 0.001052116 -0.001967238 0.444192052 -0.001027889 0.999924123 0.012274131 0.884076715 0.001980004 -0.012272079 0.999922752 -83.784820557
0.999999285 -0.000488188 -0.001088650 0.431153953 0.000501168 0.999928355 0.011955349 0.874789596 0.001082735 -0.011955884 0.999927938 -82.282562256
0.999999702 -0.000247708 -0.000642053 0.426164716 0.000254386 0.999945641 0.010418552 0.867819011 0.000639438 -0.010418712 0.999945462 -80.780227661
0.999999464 -0.001041409 0.000111409 0.419495255 0.001040146 0.999941409 0.010769493 0.854115725 -0.000122618 -0.010769371 0.999941945 -79.272888184
0.999998033 -0.001837102 0.000712445 0.413381696 0.001828108 0.999921083 0.012429072 0.843156517 -0.000735223 -0.012427738 0.999922514 -77.774566650
0.999997079 -0.002072565 0.001179655 0.412177771 0.002055042 0.999890268 0.014667432 0.835299730 -0.001209923 -0.014664972 0.999891758 -76.259109497
0.999995112 -0.002913412 0.001147398 0.409189433 0.002894413 0.999864161 0.016221104 0.827627301 -0.001194501 -0.016217703 0.999867797 -74.758544922
0.999995053 -0.003010477 0.000926898 0.402759999 0.002996570 0.999888062 0.014655485 0.826490045 -0.000970913 -0.014652641 0.999892235 -73.253982544
0.999996722 -0.002544439 0.000101043 0.402404815 0.002543221 0.999939978 0.010654780 0.813543320 -0.000128145 -0.010654482 0.999943197 -71.758316040
0.999999762 0.000476057 -0.000473605 0.388182014 -0.000471964 0.999962807 0.008606857 0.801551163 0.000477685 -0.008606631 0.999962866 -70.273185730
0.999998391 0.001651719 -0.000638295 0.373203367 -0.001645243 0.999948502 0.010012697 0.789006352 0.000654800 -0.010011632 0.999949634 -68.761962891
0.999994993 0.002844078 -0.001342376 0.364912987 -0.002828864 0.999933302 0.011198566 0.777967811 0.001374139 -0.011194716 0.999936402 -67.271133423
0.999998748 0.000058942 -0.001537926 0.359482437 -0.000044816 0.999957800 0.009181733 0.762264967 0.001538403 -0.009181652 0.999956667 -65.783233643
0.999996841 -0.000743082 -0.002396224 0.351188183 0.000767834 0.999946296 0.010345747 0.752313197 0.002388407 -0.010347554 0.999943614 -64.303779602
0.999992013 -0.002230215 -0.003296486 0.348837942 0.002272086 0.999916017 0.012754390 0.736113548 0.003267766 -0.012761778 0.999913156 -62.788970947
0.999986947 -0.002699220 -0.004346424 0.333526909 0.002747231 0.999934793 0.011078450 0.730825067 0.004316238 -0.011090246 0.999929130 -61.297554016
0.999978781 -0.002998002 -0.005787202 0.327474028 0.003043129 0.999964952 0.007803238 0.716859102 0.005763605 -0.007820677 0.999952793 -59.841011047
0.999968469 -0.003302532 -0.007222769 0.312568337 0.003364084 0.999958038 0.008525637 0.703535676 0.007194311 -0.008549667 0.999937534 -58.363346100
0.999958515 -0.003523675 -0.008398951 0.291478246 0.003636464 0.999902844 0.013451819 0.688233852 0.008350736 -0.013481795 0.999874234 -56.900218964
0.999941111 -0.004316894 -0.009961994 0.278641731 0.004448073 0.999903142 0.013183347 0.681630790 0.009904117 -0.013226883 0.999863446 -55.422328949
0.999942005 -0.002783148 -0.010406674 0.255176067 0.002911357 0.999919832 0.012324778 0.672996283 0.010371542 -0.012354353 0.999869883 -53.959117889
0.999939859 -0.001750340 -0.010829693 0.228632063 0.001881194 0.999925256 0.012084741 0.664827347 0.010807730 -0.012104379 0.999868333 -52.490795135
0.999942601 -0.001377592 -0.010624832 0.203240842 0.001507663 0.999923885 0.012243615 0.653576493 0.010607157 -0.012258931 0.999868572 -51.031784058
0.999939799 -0.001447742 -0.010883215 0.178932816 0.001574341 0.999931037 0.011633005 0.643717527 0.010865620 -0.011649437 0.999872983 -49.570003510
0.999940932 -0.002212360 -0.010639407 0.159921736 0.002332015 0.999934018 0.011246981 0.624731243 0.010613823 -0.011271122 0.999880075 -48.116157532
0.999943078 -0.002669234 -0.010330680 0.141264558 0.002789214 0.999928653 0.011616199 0.613490999 0.010298937 -0.011644348 0.999879122 -46.661865234
0.999946415 -0.003716020 -0.009663425 0.118442208 0.003827080 0.999926567 0.011499724 0.601849496 0.009619980 -0.011536092 0.999887109 -45.205669403
0.999941766 -0.005433703 -0.009324425 0.099384755 0.005545069 0.999913156 0.011959707 0.587273479 0.009258625 -0.012010710 0.999884963 -43.760650635
0.999943852 -0.006222484 -0.008593796 0.085522354 0.006336476 0.999891460 0.013301658 0.577051103 0.008510094 -0.013355363 0.999874592 -42.299739838
0.999951899 -0.005908272 -0.007825148 0.066683292 0.006011007 0.999895155 0.013172830 0.569470823 0.007746500 -0.013219227 0.999882579 -40.859458923
0.999962986 -0.005112799 -0.006910884 0.049378619 0.005194989 0.999915361 0.011927773 0.556414008 0.006849315 -0.011963227 0.999904990 -39.415401459
0.999970019 -0.004926888 -0.005966125 0.033613458 0.004984204 0.999941170 0.009631952 0.548120260 0.005918321 -0.009661401 0.999935746 -37.987430573
0.999982476 -0.002875241 -0.005171160 0.021725878 0.002923765 0.999951661 0.009398754 0.541006804 0.005143886 -0.009413709 0.999942482 -36.525856018
0.999989629 -0.001617237 -0.004255210 0.005539373 0.001666532 0.999931157 0.011607543 0.528950691 0.004236145 -0.011614514 0.999923587 -35.093021393
0.999993920 -0.000743157 -0.003439701 -0.006296098 0.000788187 0.999913752 0.013110869 0.518380761 0.003429659 -0.013113499 0.999908149 -33.653442383
0.999997079 -0.000025404 -0.002427052 -0.015215501 0.000057267 0.999913812 0.013127092 0.508329511 0.002426510 -0.013127193 0.999910891 -32.216247559
0.999999523 0.000278446 -0.001012506 -0.029086221 -0.000267058 0.999936938 0.011224192 0.502967715 0.001015568 -0.011223920 0.999936581 -30.788906097
0.999999344 -0.001083819 0.000325732 -0.034619700 0.001080797 0.999957621 0.009140795 0.484856248 -0.000335625 -0.009140429 0.999958158 -29.356412888
0.999997914 -0.000896890 0.001805580 -0.042822130 0.000878253 0.999946594 0.010298433 0.476762742 -0.001814719 -0.010296828 0.999945283 -27.926084518
0.999995172 -0.000433429 0.003063402 -0.039817747 0.000398189 0.999933839 0.011496766 0.464418113 -0.003068182 -0.011495492 0.999929190 -26.504505157
