1.000000000 0.000000000 0.000000000 0.000000000 0.000000000 1.000000000 0.000000000 0.000000000 0.000000000 0.000000000 1.000000000 0.000000000
0.999978900 0.000356236 -0.006483169 -0.008000228 -0.000353460 0.999999821 0.000429214 -0.002480439 0.006483321 -0.000426913 0.999978900 0.092252955
0.999907076 0.000960632 -0.013596998 -0.016255792 -0.000958853 0.999999523 0.000137313 -0.001649663 0.013597123 -0.000124262 0.999907553 0.188524663
0.999772668 0.001366825 -0.021279087 -0.026115671 -0.001379015 0.999998868 -0.000558184 -0.002158303 0.021278301 0.000587402 0.999773443 0.285285711
0.999540746 0.001681586 -0.030256942 -0.042500999 -0.001741459 0.999996603 -0.001952593 -0.002259610 0.030253554 0.002004388 0.999540269 0.390647024
0.999125540 0.001925478 -0.041766323 -0.059025198 -0.002070247 0.999992013 -0.003423215 -0.004958521 0.041759398 0.003506688 0.999121547 0.501122117
0.998479664 0.001743515 -0.055093963 -0.084381260 -0.001969662 0.999989867 -0.004050714 -0.007824375 0.055086341 0.004153072 0.998472929 0.626054108
0.997428000 0.001851375 -0.071651399 -0.108765811 -0.002174580 0.999987781 -0.004433061 -0.004043401 0.071642317 0.004577470 0.997419894 0.761250794
0.995906234 0.000198855 -0.090392210 -0.135176092 -0.000578197 0.999991119 -0.004170453 -0.009404638 0.090390578 0.004205645 0.995897532 0.916660964
0.993912756 -0.000755182 -0.110167690 -0.176074713 0.000275392 0.999990404 -0.004370240 -0.012625655 0.110169932 0.004313298 0.993903399 1.075498819
0.991253853 -0.000842716 -0.131966025 -0.220006764 0.000278161 0.999990761 -0.004296416 -0.018097501 0.131968424 0.004222131 0.991244912 1.222633839
0.987748504 0.002819305 -0.156028822 -0.275640726 -0.003752498 0.999976814 -0.005686675 -0.021925837 0.156009167 0.006202503 0.987736106 1.391189218
0.983375132 0.007188080 -0.181443572 -0.342418641 -0.008616902 0.999937773 -0.007087681 -0.028483700 0.181381330 0.008533332 0.983375788 1.565886140
0.977988839 0.010126876 -0.208411425 -0.415143847 -0.012105506 0.999893010 -0.008220554 -0.031255312 0.208305895 0.010562535 0.978006601 1.746693254
0.971305788 0.010854613 -0.237586603 -0.494629443 -0.013249221 0.999876201 -0.008484382 -0.032681547 0.237465084 0.011388766 0.971329272 1.932984591
0.963244975 0.012570092 -0.268330455 -0.582248926 -0.015275405 0.999851346 -0.007996596 -0.036270518 0.268190026 0.011801537 0.963293672 2.127599239
0.953818798 0.014617324 -0.300027132 -0.679174423 -0.017459378 0.999824464 -0.006793782 -0.039686866 0.299875170 0.011718323 0.953906417 2.313037395
0.942543805 0.016421026 -0.333678693 -0.779291451 -0.019453557 0.999794245 -0.005748594 -0.039620981 0.333515614 0.011909541 0.942669332 2.504169226
0.929989755 0.018573714 -0.367115945 -0.880862474 -0.021959180 0.999746144 -0.005046935 -0.044871300 0.366928995 0.012755164 0.930161536 2.682042122
0.916151106 0.021351449 -0.400264233 -1.002216458 -0.025248135 0.999671221 -0.004463731 -0.044436507 0.400037348 0.014195376 0.916388869 2.861503363
0.900109410 0.022108536 -0.435102701 -1.117752910 -0.026384318 0.999644697 -0.003787817 -0.045905411 0.434864402 0.014889340 0.900372863 3.035182476
0.881734967 0.018044725 -0.471399963 -1.242027521 -0.022659713 0.999734700 -0.004115227 -0.050233673 0.471200705 0.014310325 0.881909966 3.211286545
0.860532165 0.013445476 -0.509218693 -1.371648192 -0.018198321 0.999824882 -0.004353958 -0.055609182 0.509070992 0.013013642 0.860626161 3.377825260
0.835497141 0.014976236 -0.549290717 -1.532200098 -0.018700818 0.999824464 -0.001184928 -0.059202701 0.549176514 0.011262190 0.835630476 3.557757854
0.806277156 0.020725569 -0.591174901 -1.708967924 -0.023459125 0.999720156 0.003053609 -0.067175150 0.591072679 0.011406390 0.806537628 3.722847700
0.773871303 0.023832202 -0.632894278 -1.910682917 -0.026839087 0.999628127 0.004824408 -0.069103405 0.632773876 0.013252834 0.774223149 3.892704010
0.737817407 0.022813737 -0.674614668 -2.119540453 -0.025860766 0.999650300 0.005522023 -0.070167743 0.674504817 0.013371810 0.738149285 4.062467575
0.697751999 0.018474737 -0.716101050 -2.337471008 -0.019815207 0.999782622 0.006485982 -0.067634225 0.716065288 0.009664087 0.697966337 4.231568336
0.654832006 0.014778133 -0.755630076 -2.575506687 -0.014416675 0.999871135 0.007061297 -0.065649606 0.755637050 0.006269709 0.654960573 4.394315243
0.610604882 0.014273165 -0.791806698 -2.837220192 -0.011711375 0.999890983 0.008992830 -0.065125182 0.791848660 0.003782079 0.610705435 4.536106110
0.562053561 0.014841245 -0.826967657 -3.115552187 -0.009276780 0.999889255 0.011639575 -0.061724506 0.827048838 0.001129533 0.562128961 4.678975105
0.511081517 0.015601238 -0.859390736 -3.410667658 -0.007522278 0.999878109 0.013678110 -0.059035040 0.859499454 -0.000526055 0.511136591 4.801642418
0.458579838 0.016491955 -0.888500154 -3.716149330 -0.006877578 0.999863684 0.015009326 -0.047732629 0.888626575 -0.000772244 0.458630741 4.903362274
0.403911382 0.018636402 -0.914608240 -4.049447060 -0.005476817 0.999823749 0.017954100 -0.045571148 0.914781690 -0.002242723 0.403942257 5.000680923
0.348316848 0.020566728 -0.937151194 -4.402550697 -0.005309785 0.999786556 0.019967802 -0.037946545 0.937361836 -0.001979050 0.348351628 5.085399628
0.293085277 0.023892967 -0.955787659 -4.770691872 -0.002787993 0.999704778 0.024135899 -0.035564899 0.956082225 -0.004409146 0.293065369 5.154920101
0.239140898 0.025454788 -0.970651150 -5.126805782 0.002147334 0.999639988 0.026744047 -0.034607619 0.970982492 -0.008479908 0.239000171 5.216134071
0.188245982 0.025822343 -0.981782377 -5.516720772 0.004306968 0.999622941 0.027117396 -0.028584868 0.982112527 -0.009333245 0.188063785 5.250168324
0.140339211 0.027003407 -0.989735186 -5.944246292 0.002031722 0.999617934 0.027561137 -0.021648854 0.990101397 -0.005878774 0.140230715 5.276654243
0.097988293 0.027267486 -0.994813859 -6.368245125 0.000696756 0.999622464 0.027467918 -0.011654541 0.995187283 -0.003384677 0.097932279 5.276881695
0.060354367 0.025890116 -0.997841179 -6.801105022 -0.001078072 0.999664664 0.025872221 -0.006336987 0.998176336 -0.000485757 0.060362056 5.259693623
0.025863867 0.023099806 -0.999398530 -7.267858028 0.000682172 0.999732435 0.023125177 0.000762358 0.999665260 -0.001279869 0.025841186 5.258575916
-0.005205376 0.020533400 -0.999775589 -7.742969513 0.001011262 0.999788702 0.020528400 0.004213080 0.999985933 -0.000904177 -0.005225046 5.227596283
-0.032142140 0.018597249 -0.999310315 -8.239111900 0.000570805 0.999827087 0.018588506 0.012407228 0.999483168 0.000027063 -0.032147199 5.192004681
-0.052498378 0.016140845 -0.998490512 -8.743371964 -0.000356211 0.999868929 0.016181858 0.022236861 0.998620987 0.001205194 -0.052485757 5.141203880
-0.069251038 0.015212422 -0.997483194 -9.263483047 0.000280619 0.999883950 0.015229553 0.033552162 0.997599244 0.000774749 -0.069247276 5.102961063
-0.082291253 0.015464298 -0.996488392 -9.801646233 0.000481310 0.999880075 0.015477188 0.042571776 0.996608198 0.000794017 -0.082288817 5.047411919
-0.091825731 0.016950937 -0.995630801 -10.358295441 0.000447572 0.999855638 0.016981589 0.044180505 0.995774984 0.001113730 -0.091820061 4.986795425
-0.098696984 0.018140087 -0.994952142 -10.931602478 -0.001157424 0.999831021 0.018343849 0.043657392 0.995116889 0.002962064 -0.098659307 4.921409130
-0.103110448 0.019183716 -0.994484961 -11.524029732 -0.001080225 0.999811292 0.019398462 0.049920827 0.994669378 0.003074451 -0.103070259 4.852319717
-0.104439154 0.019906523 -0.994332135 -12.128975868 0.001087871 0.999801397 0.019901756 0.060525388 0.994530678 0.000996817 -0.104440063 4.784971237
-0.103782818 0.022091495 -0.994354665 -12.746213913 0.003006845 0.999755740 0.021897661 0.065962791 0.994595468 -0.000717270 -0.103823878 4.729012489
-0.101985499 0.024417456 -0.994486094 -13.404858589 0.002166644 0.999701738 0.024323320 0.076445743 0.994783521 0.000325929 -0.102007985 4.653728008
-0.100427277 0.024524376 -0.994642079 -14.058403969 -0.000122160 0.999695778 0.024661321 0.082226783 0.994944394 0.002598174 -0.100393727 4.583920956
-0.098667301 0.021997968 -0.994877279 -14.721663475 -0.001387073 0.999751508 0.022243312 0.093580440 0.995119572 0.003574654 -0.098612279 4.514339924
-0.097282685 0.021819368 -0.995017529 -15.399831772 -0.002178340 0.999752522 0.022136178 0.103210196 0.995254457 0.004320954 -0.097211063 4.442143440
-0.095616326 0.024490580 -0.995116889 -16.096817017 -0.002191106 0.999689698 0.024813650 0.113439947 0.995415866 0.004552997 -0.095533006 4.375533104
-0.093665995 0.028016681 -0.995209396 -16.817838669 -0.003748770 0.999586940 0.028492738 0.121999472 0.995596647 0.006399612 -0.093522280 4.301847458
-0.092067488 0.030104207 -0.995297611 -17.547428131 -0.003298374 0.999528110 0.030537274 0.135019124 0.995747328 0.006094353 -0.091924742 4.232570171
-0.090410940 0.029133946 -0.995478332 -18.283716202 -0.005448550 0.999542534 0.029747738 0.151506186 0.995889604 0.008113434 -0.090210848 4.160117149
-0.088473253 0.026350494 -0.995729923 -19.045921326 -0.007559400 0.999603450 0.027124681 0.163734436 0.996049881 0.009926929 -0.088238992 4.083430290
-0.086857922 0.025695592 -0.995889246 -19.820930481 -0.008317077 0.999613643 0.026517075 0.179998547 0.996185958 0.010586105 -0.086610660 4.007328033
-0.085463479 0.027798478 -0.995953441 -20.600400925 -0.005957750 0.999578536 0.028410899 0.196647435 0.996323466 0.008361737 -0.085261844 3.939252138
-0.084386542 0.030150440 -0.995976865 -21.396600723 -0.003856410 0.999524653 0.030584585 0.206339896 0.996425629 0.006421821 -0.084230155 3.874490023
-0.082732037 0.031871431 -0.996062040 -22.189897537 -0.003356542 0.999473870 0.032259393 0.220801145 0.996566236 0.006012210 -0.082581528 3.793589354
-0.082122318 0.027104698 -0.996253550 -22.996257782 -0.003731457 0.999614716 0.027503729 0.229884326 0.996615231 0.005976147 -0.081989557 3.733243942
-0.081690840 0.020267297 -0.996451676 -23.803234100 -0.002457262 0.999785960 0.020536570 0.238751382 0.996654749 0.004126193 -0.081623569 3.663342237
-0.081975147 0.015690524 -0.996510863 -24.627025604 0.000955294 0.999876857 0.015664937 0.249785423 0.996633887 0.000332175 -0.081980035 3.599275827
-0.082499117 0.016393259 -0.996456385 -25.457431793 0.001897063 0.999865413 0.016292289 0.259827793 0.996589363 -0.000546241 -0.082519121 3.528982401
-0.082453795 0.024003280 -0.996305764 -26.316471100 0.001006559 0.999711394 0.024002027 0.264004201 0.996594369 0.000976218 -0.082454167 3.446330070
-0.083034255 0.030797388 -0.996070683 -27.145456314 -0.000414886 0.999521196 0.030938661 0.275108933 0.996546626 0.002982224 -0.082981721 3.385129213
-0.083473444 0.036447730 -0.995843172 -27.989212036 -0.002289070 0.999321103 0.036766894 0.284203172 0.996507406 0.005348614 -0.083333358 3.308834076
-0.083774023 0.036884293 -0.995801866 -28.830703735 -0.004066482 0.999293745 0.037355728 0.292841673 0.996476412 0.007178851 -0.083564870 3.228583813
-0.084099144 0.033086032 -0.995907962 -29.664840698 -0.004016324 0.999429226 0.033542179 0.311005592 0.996449292 0.006820757 -0.083918266 3.155956030
-0.084102206 0.030069187 -0.996003330 -30.506187439 -0.003969666 0.999526560 0.030510750 0.332347155 0.996449292 0.006519822 -0.083943017 3.068452358
-0.084314190 0.031643238 -0.995936573 -31.324903488 -0.005567319 0.999465108 0.032226659 0.341585815 0.996423662 0.008261862 -0.084092915 3.000994921
-0.084490605 0.034020018 -0.995843291 -32.166465759 -0.006519434 0.999376833 0.034693848 0.351452112 0.996402919 0.009423640 -0.084216140 2.929618597
-0.084204145 0.032675266 -0.995912731 -32.991298676 -0.007430182 0.999413788 0.033418361 0.357083976 0.996420801 0.010213776 -0.083912015 2.850710154
-0.083943263 0.027439218 -0.996092618 -33.816204071 -0.008197160 0.999567866 0.028225753 0.369912326 0.996436775 0.010534491 -0.083682075 2.779088736
-0.083659850 0.023094919 -0.996226668 -34.649669647 -0.009506249 0.999667406 0.023972984 0.383166432 0.996448994 0.011475958 -0.083412491 2.698875904
-0.083053172 0.024128277 -0.996252894 -35.473060608 -0.009370049 0.999643743 0.024991537 0.384744465 0.996501088 0.011410563 -0.082797490 2.629982471
-0.082552522 0.026646663 -0.996230423 -36.302227020 -0.008190950 0.999590516 0.027415283 0.390883982 0.996553063 0.010423274 -0.082300462 2.559275627
-0.082096010 0.031631198 -0.996122360 -37.145385742 -0.007870818 0.999444425 0.032385364 0.401501656 0.996593416 0.010499008 -0.081801437 2.483139277
-0.081501640 0.036987990 -0.995986640 -37.980171204 -0.007247751 0.999262750 0.037702739 0.419196248 0.996646881 0.010291498 -0.081173465 2.414991379
-0.081382871 0.040074706 -0.995876908 -38.830295563 -0.007749542 0.999135673 0.040839117 0.435307622 0.996652722 0.011041197 -0.081001975 2.330398560
-0.081057303 0.039964791 -0.995907903 -39.660072327 -0.007033186 0.999147952 0.040667240 0.456101656 0.996684611 0.010300783 -0.080707148 2.260024548
-0.080868699 0.035701733 -0.996085167 -40.484657288 -0.007786488 0.999305189 0.036449302 0.470861018 0.996694386 0.010703611 -0.080534525 2.188239336
-0.080210917 0.031133166 -0.996291578 -41.314861298 -0.008027412 0.999459505 0.031878442 0.490953565 0.996745586 0.010554643 -0.079917647 2.106198311
-0.080023125 0.028934604 -0.996372938 -42.137027740 -0.013206406 0.999460101 0.030084919 0.492706776 0.996705532 0.015565995 -0.079597794 2.027411938
-0.080780469 0.026953597 -0.996367335 -42.960327148 -0.016318113 0.999464512 0.028360374 0.506596088 0.996598303 0.018549798 -0.080297388 1.960905075
-0.081541240 0.024949549 -0.996357620 -43.778881073 -0.014215449 0.999555767 0.026193021 0.515122652 0.996568501 0.016299481 -0.081150353 1.891534805
-0.082559660 0.021508811 -0.996353984 -44.603851318 -0.011215068 0.999683678 0.022509996 0.516127944 0.996523082 0.013032595 -0.082292326 1.822280884
-0.083291881 0.020009778 -0.996324301 -45.421749115 -0.006328087 0.999767661 0.020607956 0.528423309 0.996505141 0.008021302 -0.083145909 1.755867243
-0.085151605 0.023336999 -0.996094704 -46.235286713 -0.006139074 0.999694407 0.023946138 0.534034073 0.996349156 0.008154150 -0.084982321 1.677764893
-0.086876504 0.029548012 -0.995780706 -47.067375183 -0.004542127 0.999537945 0.030055774 0.536289930 0.996208787 0.007134103 -0.086702138 1.603183746
-0.088926136 0.033616528 -0.995470881 -47.883350372 -0.002228116 0.999421060 0.033948962 0.541496277 0.996035874 0.005236974 -0.088799767 1.545137405
-0.090281211 0.032876678 -0.995373487 -48.692050934 -0.002225730 0.999445736 0.033213057 0.549545050 0.995913863 0.005213948 -0.090158001 1.465437889
-0.091509417 0.028718162 -0.995389938 -49.487602234 -0.005569286 0.999553740 0.029350290 0.561014414 0.995788693 0.008229440 -0.091308631 1.384553432
-0.092397124 0.025128221 -0.995405197 -50.268951416 -0.010763193 0.999597967 0.026233140 0.565815866 0.995664179 0.013137602 -0.092089511 1.291624546
-0.094225712 0.023948222 -0.995262802 -51.068416595 -0.014497676 0.999571681 0.025424458 0.572999120 0.995445371 0.016824637 -0.093838163 1.209130764
-0.094839580 0.024783093 -0.995184004 -51.857749939 -0.016608464 0.999511540 0.026473626 0.578963220 0.995353997 0.019039225 -0.094381645 1.125628471
-0.095974654 0.026236387 -0.995037973 -52.645233154 -0.016577601 0.999471843 0.027952256 0.586370587 0.995245695 0.019178052 -0.095489033 1.046469212
-0.096747845 0.025841787 -0.994973361 -53.428661346 -0.018440338 0.999444783 0.027750991 0.591009259 0.995138109 0.021032499 -0.096217588 0.962145329
-0.097312011 0.025655085 -0.994923294 -54.205734253 -0.019234227 0.999432623 0.027652634 0.598796189 0.995068073 0.021827513 -0.096763328 0.879395962
-0.097815357 0.027603677 -0.994821668 -54.980892181 -0.017499574 0.999413133 0.029451709 0.605930448 0.995050728 0.020289782 -0.097274907 0.801112652
-0.098021999 0.030208210 -0.994725585 -55.751468658 -0.017010534 0.999342382 0.032024652 0.617681384 0.995038807 0.020059938 -0.097443692 0.723095417
-0.098387338 0.034553569 -0.994548142 -56.531822205 -0.016794367 0.999197006 0.036376487 0.627241969 0.995006502 0.020281795 -0.097728021 0.644354820
-0.098971762 0.036581237 -0.994417667 -57.292591095 -0.016980475 0.999116361 0.038444109 0.640378952 0.994945347 0.020690564 -0.098263152 0.566201210
-0.099617295 0.036710758 -0.994348407 -58.043464661 -0.016603738 0.999118686 0.038550295 0.649611712 0.994887292 0.020350181 -0.098919965 0.488674164
-0.099963412 0.034957696 -0.994376838 -58.784313202 -0.015992729 0.999197125 0.036734879 0.657760620 0.994862616 0.019574942 -0.099324092 0.412473679
-0.099966653 0.031198323 -0.994501591 -59.513442993 -0.015196493 0.999343872 0.032877769 0.674812436 0.994874716 0.018399617 -0.099426970 0.333251476
-0.099624313 0.028005764 -0.994630933 -60.239818573 -0.015846865 0.999432385 0.029728211 0.688570619 0.994898915 0.018723434 -0.099123962 0.254555225
-0.098444097 0.025924388 -0.994804800 -60.957736969 -0.016882978 0.999473214 0.027716752 0.690351844 0.994999349 0.019523820 -0.097954549 0.177621365
-0.096154824 0.024924761 -0.995054185 -61.650817871 -0.019375127 0.999450028 0.026907142 0.699780345 0.995177805 0.021866558 -0.095619023 0.104335785
-0.091695756 0.025902508 -0.995450139 -62.333553314 -0.019621361 0.999420524 0.027813239 0.702529669 0.995593727 0.022082441 -0.091134369 0.033438206
-0.086026616 0.027749646 -0.995906353 -62.999431610 -0.019182574 0.999380529 0.029503448 0.703279018 0.996108115 0.021642130 -0.085441008 -0.021864414
-0.078932710 0.029346485 -0.996447921 -63.644596100 -0.018585097 0.999349475 0.030904142 0.705237985 0.996706605 0.020958429 -0.078335963 -0.066612244
-0.070290565 0.030751344 -0.997052431 -64.270591736 -0.019263597 0.999296427 0.032178611 0.708275557 0.997340500 0.021468671 -0.069648750 -0.106384277
-0.058346175 0.032331787 -0.997772694 -64.895683289 -0.021364635 0.999206066 0.033627562 0.716949344 0.998067737 0.023279091 -0.057609104 -0.147966146
-0.043285653 0.033847168 -0.998489201 -65.502441406 -0.024880961 0.999079525 0.034945793 0.724455714 0.998752832 0.026356027 -0.042403653 -0.177589893
-0.024842605 0.035218921 -0.999070823 -66.089729309 -0.026088517 0.999015987 0.035865694 0.729448676 0.999350846 0.026955275 -0.023899343 -0.186636209
-0.002847768 0.036143184 -0.999342561 -66.655502319 -0.026847294 0.998983622 0.036206704 0.737253070 0.999635458 0.026932757 -0.001874514 -0.174491748
0.022737734 0.036367226 -0.999079764 -67.197669983 -0.025847113 0.999025404 0.035777003 0.742842317 0.999407291 0.025009843 0.023655578 -0.150919199
0.051713094 0.035641965 -0.998025775 -67.676490784 -0.024657803 0.999103844 0.034402806 0.752807140 0.998357534 0.022830047 0.052545603 -0.099797010
0.086083442 0.035609547 -0.995651424 -68.183334351 -0.023538588 0.999154747 0.033699710 0.760266542 0.996009827 0.020535238 0.086848870 -0.037172794
0.123952881 0.035645664 -0.991647720 -68.656585693 -0.023399225 0.999181688 0.032991663 0.769534349 0.992012143 0.019114377 0.124685526 0.044618607
0.164989144 0.035223998 -0.985666275 -69.113395691 -0.022835039 0.999230623 0.031886425 0.773842454 0.986031055 0.017246811 0.165666521 0.142975807
0.209745839 0.036277812 -0.977082670 -69.541572571 -0.022188656 0.999230742 0.032337002 0.778928995 0.977504134 0.014897598 0.210389435 0.263707161
0.258539587 0.035342280 -0.965354025 -69.962066650 -0.018248133 0.999330878 0.031699020 0.769530416 0.965828359 0.009420456 0.259011507 0.399345398
0.307930976 0.029773653 -0.950942695 -70.379508972 -0.011007186 0.999554873 0.027731366 0.782243729 0.951345026 0.001927859 0.308121622 0.585836411
0.358963937 0.024739936 -0.933023512 -70.788467407 -0.005189908 0.999686122 0.024510831 0.774657428 0.933337092 -0.003956200 0.358979642 0.786592484
0.411517501 0.020514816 -0.911171019 -71.157745361 -0.000093683 0.999747515 0.022466796 0.770575821 0.911401868 -0.009160117 0.411415547 0.993925095
0.461861670 0.020447286 -0.886716187 -71.480453491 -0.000401067 0.999738932 0.022844635 0.770788014 0.886951923 -0.010195429 0.461749196 1.221456528
0.510649323 0.018839622 -0.859582663 -71.852569580 0.001099784 0.999744773 0.022564923 0.782371879 0.859788358 -0.012468119 0.510498226 1.474102020
0.555863023 0.014703833 -0.831143796 -72.203559875 0.008935612 0.999680042 0.023661496 0.785010934 0.831225872 -0.020579331 0.555553794 1.758583069
0.599329352 0.007893378 -0.800463617 -72.522689819 0.019816482 0.999498546 0.024693217 0.786846280 0.800257266 -0.030661743 0.598872423 2.070327759
0.641724706 0.002951462 -0.766929328 -72.837142944 0.021079957 0.999546826 0.021485236 0.790551066 0.766645253 -0.029954446 0.641371727 2.385044098
0.682960153 -0.000879199 -0.730455101 -73.131973267 0.017774925 0.999723136 0.015415880 0.781283081 0.730239391 -0.023512214 0.682786703 2.699672699
0.723093390 -0.007267842 -0.690712035 -73.368659973 0.013946069 0.999894440 0.004078744 0.780098557 0.690609455 -0.012582033 0.723118424 3.011032104
0.762659490 -0.009957038 -0.646723628 -73.641044617 0.009402291 0.999946475 -0.004307497 0.783674657 0.646731794 -0.002795530 0.762712300 3.376392365
0.800166786 -0.011121979 -0.599674642 -73.912185669 0.007820114 0.999936461 -0.008110866 0.792078435 0.599726677 0.001800522 0.800202847 3.769931793
0.833996713 -0.012325117 -0.551631689 -74.158294678 0.008562387 0.999919176 -0.009395975 0.781314194 0.551702976 0.003112928 0.834034860 4.207115173
0.864774585 -0.010164976 -0.502057374 -74.391143799 0.005143023 0.999921918 -0.011386400 0.770261407 0.502133906 0.007264578 0.864759386 4.653505325
0.890828907 -0.008862255 -0.454252452 -74.601348877 0.004780252 0.999937177 -0.010133820 0.759877205 0.454313725 0.006856060 0.890815318 5.130729675
0.911993921 -0.002894318 -0.410193712 -74.794647217 -0.000851248 0.999959528 -0.008948300 0.746103585 0.410203010 0.008509971 0.911954522 5.628831863
0.929648578 0.001703290 -0.368443578 -74.984100342 -0.006013335 0.999926269 -0.010550122 0.738392949 0.368398458 0.012023482 0.929590225 6.141834259
0.943240225 0.006767988 -0.332042307 -75.171417236 -0.010468732 0.999901414 -0.009357866 0.731326520 0.331946224 0.012302780 0.943218052 6.680450439
0.953255951 0.007260289 -0.302077055 -75.329315186 -0.010019222 0.999921143 -0.007584708 0.719963193 0.301998138 0.010256747 0.953253269 7.246294022
0.960666955 0.006533707 -0.277626395 -75.485885620 -0.008551107 0.999945164 -0.006056402 0.710096776 0.277571589 0.008192198 0.960669935 7.828729630
0.966581702 0.007199533 -0.256257743 -75.644508362 -0.008452036 0.999957144 -0.003786650 0.694942594 0.256219506 0.005826009 0.966601014 8.441146851
0.971214652 0.009598071 -0.238012567 -75.791801453 -0.010259527 0.999946177 -0.001540450 0.693695664 0.237984970 0.003938005 0.971260846 9.053375244
0.974787831 0.014383502 -0.222669691 -75.937690735 -0.014778822 0.999890745 -0.000109048 0.688514352 0.222643778 0.003397094 0.974893928 9.687913895
0.977637410 0.018109608 -0.209516898 -76.074981689 -0.018178962 0.999833465 0.001594920 0.677809179 0.209510893 0.002249545 0.977803707 10.333681107
0.980369449 0.016569667 -0.196471825 -76.203323364 -0.016633637 0.999860704 0.001324626 0.670708835 0.196466386 0.001969417 0.980508566 10.998531342
0.983063281 0.017091656 -0.182467178 -76.332939148 -0.017259216 0.999850690 0.000669720 0.663261354 0.182451412 0.002490863 0.983211696 11.681214333
0.985634446 0.017248871 -0.168008938 -76.445976257 -0.017335823 0.999849200 0.000949264 0.662968874 0.167999998 0.001976947 0.985785007 12.376552582
0.987902582 0.018588956 -0.153957769 -76.553955078 -0.018650172 0.999825478 0.001046770 0.662116826 0.153950363 0.001837233 0.988076806 13.086535454
0.989812911 0.018835131 -0.141122669 -76.657028198 -0.019220585 0.999814332 -0.001368677 0.646280289 0.141070664 0.004067195 0.989991188 13.803648949
0.991293490 0.018988593 -0.130294219 -76.751602173 -0.019992664 0.999779701 -0.006402389 0.631665349 0.130143970 0.008951576 0.991454720 14.542208672
0.992566168 0.018747583 -0.120254338 -76.847389221 -0.020413663 0.999711692 -0.012637667 0.614144087 0.119982764 0.014998552 0.992662728 15.276302338
0.993474662 0.017719014 -0.112668417 -76.936706543 -0.019278374 0.999732792 -0.012765748 0.600146294 0.112412110 0.014854514 0.993550599 16.047454834
0.994232416 0.019536259 -0.105452202 -77.027374268 -0.020332398 0.999772310 -0.006479919 0.584950984 0.105301589 0.008586641 0.994403303 16.813919067
0.994664311 0.024038643 -0.100325361 -77.113433838 -0.024006676 0.999710679 0.001526103 0.569604993 0.100333005 0.000890517 0.994953573 17.579504013
0.995020926 0.024662683 -0.096567392 -77.180236816 -0.024255153 0.999691308 0.005391919 0.554219365 0.096670568 -0.003022815 0.995311856 18.338741302
0.995431364 0.023747204 -0.092479832 -77.270019531 -0.023439083 0.999715567 0.004416618 0.543429554 0.092558406 -0.002228796 0.995704830 19.107450485
0.995701611 0.023060311 -0.089703463 -77.342834473 -0.022913815 0.999733865 0.002662756 0.540182412 0.089740999 -0.000595861 0.995965004 19.893489838
0.995978415 0.023175415 -0.086544394 -77.418907166 -0.022778608 0.999725044 0.005569866 0.516123831 0.086649694 -0.003576105 0.996232450 20.668209076
0.996254742 0.021040004 -0.083868071 -77.484069824 -0.020423649 0.999757767 0.008200437 0.505816400 0.084020294 -0.006456832 0.996443152 21.439079285
0.996552169 0.019113103 -0.080736719 -77.546234131 -0.018358199 0.999780595 0.010082277 0.492909551 0.080911703 -0.008565333 0.996684551 22.202735901
0.996766508 0.018167349 -0.078270942 -77.601028442 -0.017725125 0.999822795 0.006341014 0.486470819 0.078372277 -0.004933149 0.996912003 22.954378128
0.996836245 0.020867761 -0.076694272 -77.669662476 -0.020985309 0.999779522 -0.000727000 0.472619325 0.076662168 0.002334153 0.997054458 23.716758728
0.996923029 0.021632476 -0.075341545 -77.724037170 -0.022329345 0.999715209 -0.008419304 0.460898817 0.075137958 0.010075725 0.997122169 24.449262619
0.997008026 0.022553599 -0.073934302 -77.787422180 -0.023552408 0.999642432 -0.012665411 0.447058141 0.073622212 0.014368846 0.997182667 25.208492279
0.997137606 0.024474274 -0.071537264 -77.851608276 -0.025345815 0.999614894 -0.011300640 0.429203808 0.071233146 0.013081464 0.997373879 25.970619202
0.997224331 0.027678419 -0.069119632 -77.914863586 -0.028237764 0.999575794 -0.007128290 0.406555831 0.068893023 0.009060288 0.997582912 26.722774506
0.997278035 0.031227097 -0.066794038 -77.973434448 -0.031412814 0.999504924 -0.001731667 0.388915181 0.066706903 0.003825142 0.997765303 27.483209610
0.997531474 0.029080527 -0.063916743 -78.028907776 -0.029142603 0.999575317 -0.000038906 0.376194417 0.063888453 0.001901510 0.997955203 28.243259430
0.997683942 0.026412783 -0.062684111 -78.079338074 -0.026451051 0.999650061 0.000219491 0.358548433 0.062667966 0.001439077 0.998033404 29.007146835
0.997825265 0.024353324 -0.061252188 -78.130020142 -0.024383290 0.999702632 0.000258360 0.343084604 0.061240263 0.001235731 0.998122394 29.760044098
0.997848213 0.024224009 -0.060927324 -78.171157837 -0.024389585 0.999700606 -0.001975295 0.334177613 0.060861230 0.003457037 0.998140275 30.500041962
0.997943521 0.022197613 -0.060133778 -78.217262268 -0.022423325 0.999743879 -0.003081201 0.321208954 0.060049973 0.004423263 0.998185635 31.256917953
0.998003364 0.020689793 -0.059676442 -78.261405945 -0.020915490 0.999776244 -0.003159705 0.308813959 0.059597723 0.004401558 0.998212814 32.014297485
0.997983694 0.025045065 -0.058319248 -78.325836182 -0.025220199 0.999679267 -0.002268762 0.296129912 0.058243725 0.003735010 0.998295486 32.795810699
0.997985005 0.024665371 -0.058459334 -78.369621277 -0.024879787 0.999686122 -0.002942684 0.281852931 0.058368411 0.004391211 0.998285472 33.564693451
0.997880280 0.024118248 -0.060441703 -78.414558411 -0.024341119 0.999699354 -0.002953674 0.266972363 0.060352296 0.004418632 0.998167396 34.338626862
0.997833610 0.021999760 -0.061999347 -78.472038269 -0.022191912 0.999750733 -0.002412257 0.253689408 0.061930820 0.003782915 0.998073339 35.126518250
0.997601509 0.023368265 -0.065154038 -78.535430908 -0.023587402 0.999718368 -0.002596082 0.241639853 0.065075032 0.004126670 0.997871935 35.929748535
0.997298062 0.027900238 -0.067955077 -78.595031738 -0.028133856 0.999601066 -0.002483048 0.221542224 0.067858674 0.004388178 0.997685313 36.704959869
0.997114182 0.028228231 -0.070472613 -78.663024902 -0.028819187 0.999557376 -0.007382791 0.207289070 0.070233025 0.009392450 0.997486413 37.500919342
0.996934175 0.028664537 -0.072806060 -78.735748291 -0.029528785 0.999505341 -0.010821803 0.194362193 0.072459862 0.012938499 0.997287512 38.293895721
0.996820867 0.028448813 -0.074423343 -78.808166504 -0.029446509 0.999490142 -0.012342685 0.178512216 0.074034266 0.014494953 0.997150421 39.084045410
0.996642053 0.029094219 -0.076538786 -78.878776550 -0.030024672 0.999488235 -0.011033882 0.159547448 0.076178595 0.013294883 0.997005522 39.910579681
0.996486306 0.027579360 -0.079085246 -78.941986084 -0.028492726 0.999539495 -0.010443911 0.141533703 0.078760788 0.012660569 0.996813118 40.735713959
0.996381044 0.027058996 -0.080576755 -79.013237000 -0.027832024 0.999576628 -0.008485825 0.121516764 0.080313012 0.010697732 0.996712208 41.560512543
0.996323526 0.026332060 -0.081522971 -79.087409973 -0.026808437 0.999629200 -0.004754276 0.107257888 0.081367567 0.006922300 0.996660113 42.381584167
0.996230364 0.026479540 -0.082605787 -79.163665771 -0.026593279 0.999646306 -0.000276769 0.094395667 0.082569242 0.002472484 0.996582210 43.262031555
0.996289432 0.026174981 -0.081990026 -79.235656738 -0.026105708 0.999657333 0.001916987 0.079866827 0.082012117 0.000230534 0.996631205 44.114250183
0.996356308 0.029362146 -0.080075517 -79.309814453 -0.029306224 0.999568641 0.001873807 0.067149311 0.080095999 0.000479731 0.996787012 44.966804504
0.996536791 0.028939303 -0.077954590 -79.385612488 -0.028963607 0.999580145 0.000819155 0.056852426 0.077945560 0.001441528 0.996956587 45.832401276
0.996725976 0.026683491 -0.076323166 -79.452102661 -0.026878949 0.999637544 -0.001534639 0.044347644 0.076254539 0.003581101 0.997081935 46.691452026
0.996922374 0.022527823 -0.075087190 -79.510711670 -0.022829650 0.999734461 -0.003163695 0.029157087 0.074995950 0.004868174 0.997171998 47.562683105
0.997116327 0.021408847 -0.072805583 -79.583244324 -0.021712450 0.999758542 -0.003381089 0.016451240 0.072715633 0.004952126 0.997340441 48.436176300
0.997227490 0.019095374 -0.071920119 -79.646514893 -0.019196680 0.999815464 -0.000717601 -0.000171535 0.071893141 0.002096238 0.997410178 49.311492920
0.997360528 0.016789634 -0.070640117 -79.714973450 -0.016731048 0.999858975 0.001420963 -0.011150040 0.070654012 -0.000235329 0.997500837 50.187168121
0.997405946 0.016297990 -0.070112005 -79.775428772 -0.016185623 0.999866605 0.002170556 -0.034184001 0.070138030 -0.001030119 0.997536838 51.063945770
0.997441053 0.018554876 -0.069044210 -79.836479187 -0.018704904 0.999823868 -0.001527059 -0.044617712 0.069003701 0.002814617 0.997612417 51.944026947
0.997445464 0.020898161 -0.068308458 -79.905044556 -0.021421921 0.999746382 -0.006943954 -0.067237675 0.068146028 0.008389512 0.997640133 52.803627014
0.997466922 0.022732725 -0.067403592 -79.969169617 -0.023633173 0.999641418 -0.012591753 -0.084846914 0.067093186 0.014152815 0.997646332 53.663566589
0.997410953 0.027530082 -0.066433638 -80.040840149 -0.028813049 0.999414861 -0.018431617 -0.109707236 0.065887354 0.020298051 0.997620523 54.511146545
0.997489214 0.027550753 -0.065241113 -80.105697632 -0.028864630 0.999397337 -0.019282416 -0.137377262 0.064670555 0.021117162 0.997683227 55.363349915
0.997555554 0.024884949 -0.065297469 -80.160087585 -0.025827855 0.999573350 -0.013635830 -0.157212913 0.064930290 0.015288989 0.997772634 56.223953247
0.997518063 0.023900149 -0.066230685 -80.217285156 -0.024258116 0.999695122 -0.004605810 -0.183066756 0.066100411 0.006201011 0.997793734 57.077728271
0.997469962 0.022519251 -0.067428105 -80.277244568 -0.022336554 0.999744475 0.003462353 -0.206952944 0.067488849 -0.001947482 0.997718096 57.929653168
0.997373760 0.020616869 -0.069430418 -80.342689514 -0.020571543 0.999787450 0.001367867 -0.223010778 0.069443852 0.000064016 0.997585893 58.768562317
0.997326195 0.015938738 -0.071318612 -80.407150269 -0.016115746 0.999868393 -0.001907182 -0.241232723 0.071278811 0.003051435 0.997451842 59.609298706
0.997116983 0.014590126 -0.074463859 -80.461959839 -0.014914843 0.999881446 -0.003806507 -0.259682059 0.074399479 0.004906149 0.997216463 60.421237946
0.996865034 0.016571037 -0.077365302 -80.530204773 -0.017096952 0.999834895 -0.006140369 -0.278480977 0.077250794 0.007443830 0.996983826 61.243453979
0.996595144 0.018096244 -0.080439977 -80.608955383 -0.018912762 0.999776900 -0.009400330 -0.301969886 0.080251910 0.010889666 0.996715188 62.057571411
0.996287286 0.019088278 -0.083948068 -80.693176270 -0.020225557 0.999714613 -0.012717827 -0.321614742 0.083681330 0.014368506 0.996389031 62.872234344
0.995952785 0.021055410 -0.087376870 -80.766181946 -0.022571333 0.999610722 -0.016397569 -0.350791454 0.086997591 0.018303420 0.996040344 63.677783966
0.995578170 0.026017778 -0.090262055 -80.866012573 -0.027645616 0.999476075 -0.016831214 -0.373747349 0.089776851 0.019252138 0.995775819 64.480117798
0.995154083 0.029687544 -0.093739510 -80.952491760 -0.031212348 0.999402523 -0.014842029 -0.397518754 0.093242869 0.017695935 0.995486200 65.284263611
0.994717777 0.032569211 -0.097344026 -81.045783997 -0.033591513 0.999396086 -0.008881263 -0.420677543 0.096995980 0.012104284 0.995211184 66.084907532
0.994280696 0.032826122 -0.101629168 -81.133979797 -0.033328667 0.999439180 -0.003250374 -0.442476958 0.101465479 0.006618948 0.994817019 66.899429321
0.993762851 0.032602593 -0.106641538 -81.220497131 -0.032755494 0.999463320 0.000317908 -0.459661782 0.106594674 0.003177172 0.994297504 67.691101074
0.993063807 0.032182466 -0.113085717 -81.316307068 -0.032238089 0.999479294 0.001337265 -0.472102165 0.113069877 0.002317677 0.993584335 68.480308533
0.992532849 0.029659284 -0.118316397 -81.418914795 -0.029248893 0.999558568 0.005203864 -0.485879987 0.118418515 -0.001704382 0.992962360 69.259338379
0.991627991 0.031153284 -0.125314340 -81.516319275 -0.030818205 0.999514341 0.004612151 -0.495379180 0.125397161 -0.000711573 0.992106378 70.037994385
0.990705490 0.035974212 -0.131180763 -81.632919312 -0.035786383 0.999352276 0.003789741 -0.507012308 0.131232128 0.000939968 0.991351187 70.809020996
0.989886761 0.038000368 -0.136675924 -81.757125854 -0.038330235 0.999265075 0.000218377 -0.518364906 0.136583820 0.005022654 0.990615845 71.569595337
0.989003181 0.037122224 -0.143159688 -81.868103027 -0.037879068 0.999279022 -0.002563974 -0.530003905 0.142961308 0.007958535 0.989696205 72.324943542
0.988162398 0.038263064 -0.148563161 -81.991035461 -0.039213903 0.999224782 -0.003475359 -0.546572566 0.148315027 0.009259962 0.988896847 73.088378906
0.987413168 0.040259168 -0.152952924 -82.120056152 -0.040468350 0.999179304 0.001746570 -0.556001902 0.152897716 0.004465168 0.988231897 73.855384827
0.986464083 0.040906511 -0.158793256 -82.256477356 -0.040531136 0.999162555 0.005603125 -0.564004362 0.158889502 0.000908789 0.987295926 74.624618530
0.985461533 0.040562663 -0.164985344 -82.389442444 -0.039776836 0.999176085 0.008065524 -0.582654059 0.165176585 -0.001385668 0.986262977 75.382247925
0.984354198 0.038162380 -0.172018543 -82.528594971 -0.037962478 0.999269187 0.004452848 -0.592116833 0.172062770 0.002147070 0.985083640 76.128608704
0.982896686 0.035964597 -0.180611685 -82.672134399 -0.037106112 0.999306977 -0.002944461 -0.597196221 0.180380628 0.009595899 0.983550072 76.872146606
0.981234908 0.033236016 -0.189929888 -82.820793152 -0.034762178 0.999384522 -0.004708605 -0.607970953 0.189656496 0.011222624 0.981786311 77.615089417
0.979099512 0.033118617 -0.200666949 -82.975196838 -0.034129582 0.999416173 -0.001579608 -0.625308692 0.200497448 0.008395270 0.979658306 78.350036621
0.976721108 0.033106346 -0.211943313 -83.142211914 -0.032883037 0.999448657 0.004579220 -0.631903350 0.211978063 0.002496719 0.977271199 79.086616516
0.974158049 0.034393568 -0.223233342 -83.314918518 -0.032416355 0.999396086 0.012516686 -0.642988682 0.223529056 -0.004956820 0.974684656 79.807403564
0.971515596 0.035032813 -0.234371439 -83.501686096 -0.032169178 0.999353886 0.016031442 -0.650709510 0.234781668 -0.008035260 0.972014904 80.532455444
0.968557298 0.038355414 -0.245816156 -83.701377869 -0.036484025 0.999260187 0.012164241 -0.664032221 0.246100903 -0.002813400 0.969240129 81.249206543
0.965448320 0.037854955 -0.257830441 -83.905540466 -0.038443755 0.999256968 0.002759054 -0.667040825 0.257743329 0.007248246 0.966186285 81.947685242
0.962178111 0.035556819 -0.270090461 -84.115928650 -0.037485827 0.999295115 -0.001985597 -0.669927418 0.269829482 0.012035065 0.962832928 82.652626038
0.958728492 0.034369454 -0.282238096 -84.323379517 -0.034915943 0.999385476 0.003094622 -0.673028648 0.282171100 0.006887709 0.959339321 83.378189087
0.955300033 0.035612877 -0.293485373 -84.553680420 -0.034030564 0.999365628 0.010497596 -0.679780602 0.293673038 -0.000040882 0.955905914 84.099990845
0.951627433 0.035531156 -0.305193067 -84.794311523 -0.032204516 0.999354303 0.015929298 -0.684555650 0.305562019 -0.005330161 0.952157259 84.808296204
0.947519124 0.033196196 -0.317970812 -85.038536072 -0.030292930 0.999442041 0.014072185 -0.686571598 0.318260521 -0.003701400 0.947996080 85.516036987
0.943702579 0.031719603 -0.329270720 -85.293563843 -0.030074868 0.999496758 0.010088680 -0.693513036 0.329425007 0.000382060 0.944181740 86.212020874
0.940599382 0.027110038 -0.338434428 -85.548797607 -0.027631300 0.999612808 0.003278516 -0.700671196 0.338392347 0.006267614 0.940984249 86.909667969
0.937813699 0.023166986 -0.346365184 -85.811523438 -0.025609486 0.999668956 -0.002476014 -0.708280683 0.346193194 0.011192273 0.938096464 87.611534119
0.935200036 0.022497203 -0.353404462 -86.086524963 -0.025847964 0.999654472 -0.004763906 -0.713946879 0.353175193 0.013589989 0.935458541 88.313644409
0.932137549 0.028245552 -0.361001074 -86.382171631 -0.031946518 0.999480307 -0.004287162 -0.732665241 0.360692441 0.015528952 0.932555556 89.021652222
0.928967118 0.028433112 -0.369068950 -86.656036377 -0.031343989 0.999506831 -0.001892417 -0.746194601 0.368833184 0.013326086 0.929400086 89.711029053
0.925842106 0.028644010 -0.376823366 -86.946945190 -0.029028744 0.999567747 0.004658946 -0.748443305 0.376793891 0.006625258 0.926273465 90.415786743
0.922983646 0.030809252 -0.383603901 -87.240020752 -0.027946338 0.999524534 0.013035820 -0.756586075 0.383823127 -0.001311525 0.923405766 91.124412537
0.920369387 0.041278902 -0.388865292 -87.564529419 -0.036347575 0.999138474 0.020033017 -0.767364264 0.389357150 -0.004303468 0.921076834 91.819694519
0.917531729 0.047721304 -0.394788831 -87.873291016 -0.044652004 0.998858571 0.016964016 -0.764665604 0.395147711 0.002063086 0.918615222 92.506454468
0.915206671 0.044267606 -0.400546014 -88.182067871 -0.044103175 0.998980641 0.009634219 -0.765692949 0.400564164 0.008848052 0.916226029 93.191970825
0.913345337 0.036544260 -0.405542612 -88.489685059 -0.038948435 0.999238491 0.002325431 -0.770761251 0.405318767 0.013671328 0.914073169 93.879714966
0.911338747 0.037050359 -0.409986585 -88.802078247 -0.039917007 0.999201715 0.001568018 -0.773109853 0.409717470 0.014936442 0.912090182 94.577995300
0.909379542 0.043270599 -0.413710594 -89.148925781 -0.044514764 0.998986602 0.006637311 -0.779459834 0.413578510 0.012380399 0.910384297 95.268699646
0.906820834 0.045908328 -0.419008702 -89.479721069 -0.045512091 0.998903811 0.010946515 -0.785601974 0.419051975 0.009143434 0.907916188 95.982116699
0.904615641 0.042147327 -0.424139440 -89.808296204 -0.042342629 0.999062896 0.008968809 -0.794569373 0.424120009 0.009845854 0.905552447 96.678344727
0.902346253 0.040531687 -0.429102004 -90.146850586 -0.043493871 0.999049544 0.002905230 -0.805208325 0.428811938 0.016041784 0.903251350 97.362945557
0.900130272 0.037661862 -0.433989763 -90.488128662 -0.043614376 0.999041378 -0.003762446 -0.809118748 0.433432013 0.022314884 0.900909901 98.054862976
