-0.974534452 0.057235505 0.216810346 -151.877426147 0.061088290 0.998070598 0.011104481 2.741228580 -0.215756461 0.024066273 -0.976150572 1.739364624
-0.978629053 0.056119211 0.197827980 -151.708587646 0.059883568 0.998119533 0.013092784 2.745776653 -0.196721226 0.024659624 -0.980149269 0.877708435
-0.982322812 0.053115100 0.179501474 -151.558883667 0.057500653 0.998158634 0.019314062 2.749117851 -0.178145096 0.029294096 -0.983568132 -0.003562927
-0.985523880 0.053060129 0.161019608 -151.414932251 0.057327099 0.998113871 0.021967432 2.756747723 -0.159550279 0.030880218 -0.986706674 -0.871223450
-0.988222361 0.053237639 0.143465340 -151.292053223 0.056956116 0.998135686 0.021935074 2.770146847 -0.142030105 0.029847959 -0.989412248 -1.756422043
-0.990480363 0.052969918 0.127054542 -151.177886963 0.055711955 0.998282373 0.018123405 2.778273344 -0.125876307 0.025029335 -0.991730213 -2.645471573
-0.992004454 0.056613676 0.112792090 -151.076187134 0.058729693 0.998153210 0.015524094 2.778805017 -0.111704908 0.022024214 -0.993497312 -3.540591240
-0.992750406 0.062407356 0.102722727 -150.989212036 0.064689033 0.997724116 0.019029416 2.795062065 -0.101301357 0.025536496 -0.994527936 -4.460864067
-0.993047893 0.067645967 0.096332550 -150.917266846 0.070689365 0.997090220 0.028534409 2.805631638 -0.094122000 0.035145722 -0.994940102 -5.388760567
-0.993122458 0.070296735 0.093627669 -150.838272095 0.074072503 0.996548355 0.037477948 2.822697639 -0.090669908 0.044155430 -0.994901657 -6.336487293
-0.993389845 0.068516254 0.092098020 -150.744705200 0.072223455 0.996681750 0.037537664 2.850404739 -0.089220479 0.043941170 -0.995042145 -7.270661831
-0.993666530 0.065511122 0.091296479 -150.658111572 0.068956733 0.997001648 0.035108678 2.866647720 -0.088722736 0.041181829 -0.995204628 -8.210142136
-0.994081974 0.060618967 0.090146400 -150.559143066 0.063587867 0.997512162 0.030432630 2.890420437 -0.088077329 0.035984747 -0.995463490 -9.161153793
-0.994615555 0.052208435 0.089521408 -150.459655762 0.054978605 0.998073220 0.028761201 2.902081966 -0.087847337 0.033528101 -0.995569527 -10.153610229
-0.994886279 0.047083471 0.089355260 -150.357284546 0.049823932 0.998345852 0.028689524 2.921727896 -0.087856665 0.032994844 -0.995586514 -11.138227463
-0.994910896 0.045211516 0.090045638 -150.261276245 0.048164681 0.998361468 0.030896967 2.939594984 -0.088501193 0.035076752 -0.995458245 -12.135147095
-0.994985640 0.042396687 0.090587825 -150.153442383 0.045487374 0.998441637 0.032329578 2.958826542 -0.089075990 0.036288064 -0.995363653 -13.139082909
-0.994870842 0.042162299 0.091947488 -150.064224243 0.045363843 0.998424888 0.033010907 2.977225065 -0.090410881 0.037012678 -0.995216548 -14.149182320
-0.994857132 0.039948776 0.093075842 -149.960220337 0.043060672 0.998570323 0.031668380 3.000333548 -0.091677681 0.035513427 -0.995155215 -15.171265602
-0.994833350 0.038303584 0.094019063 -149.860198975 0.041304782 0.998690486 0.030184733 3.011831760 -0.092739768 0.033912215 -0.995112658 -16.188119888
-0.994879842 0.035810284 0.094507314 -149.748809814 0.038621552 0.998859107 0.028086415 3.029756308 -0.093393713 0.031592626 -0.995127797 -17.232196808
-0.994973004 0.033967283 0.094206668 -149.647033691 0.036672454 0.998958826 0.027133744 3.045042753 -0.093186930 0.030452132 -0.995182812 -18.273506165
-0.995204747 0.031198055 0.092704728 -149.540634155 0.033879962 0.999047577 0.027497586 3.058193207 -0.091758557 0.030506561 -0.995313942 -19.323667526
-0.995397389 0.029330567 0.091234408 -149.439163208 0.032046977 0.999081254 0.028452640 3.070488691 -0.090316057 0.031245472 -0.995422840 -20.373077393
-0.995533824 0.029649975 0.089628674 -149.340164185 0.032332972 0.999066949 0.028632123 3.086488247 -0.088696077 0.031402208 -0.995563626 -21.432331085
-0.995682597 0.028759304 0.088255361 -149.241256714 0.031406179 0.999093175 0.028750328 3.101140976 -0.087348521 0.031397969 -0.995682836 -22.482803345
-0.995791614 0.028568178 0.087080106 -149.147689819 0.031354528 0.999033809 0.030799340 3.108966589 -0.086116076 0.033400085 -0.995725095 -23.537170410
-0.995837390 0.028237348 0.086664669 -149.055267334 0.031190787 0.998971343 0.032915939 3.124652386 -0.085646078 0.035482056 -0.995693624 -24.588272095
-0.995987117 0.027145457 0.085280359 -148.955001831 0.030186001 0.998946309 0.034568481 3.142271042 -0.084252127 0.037004031 -0.995757163 -25.641477585
-0.996080816 0.026035700 0.084528804 -148.864837646 0.028944166 0.999023914 0.033366621 3.155775309 -0.083577573 0.035682462 -0.995862246 -26.687994003
-0.996176958 0.025928037 0.083420850 -148.766464233 0.028563030 0.999125063 0.030549668 3.171967983 -0.082555771 0.032815628 -0.996046066 -27.725357056
-0.996252239 0.025098862 0.082773894 -148.675659180 0.027638724 0.999177158 0.029682437 3.181399822 -0.081960805 0.031858958 -0.996126235 -28.759990692
-0.996363342 0.025193077 0.081397787 -148.592468262 0.027709782 0.999167621 0.029938102 3.191154718 -0.080575809 0.032084737 -0.996231973 -29.817939758
-0.996520698 0.024256328 0.079737358 -148.505676270 0.026765589 0.999174833 0.030552268 3.207761288 -0.078930490 0.032580189 -0.996347547 -30.855163574
-0.996789157 0.022685228 0.076790176 -148.415252686 0.025237218 0.999155462 0.032427587 3.219714165 -0.075989679 0.034261439 -0.996519804 -31.886585236
-0.997003436 0.022249028 0.074089013 -148.338302612 0.024703555 0.999170303 0.032379359 3.231179714 -0.073307164 0.034112595 -0.996725857 -32.929458618
-0.997272372 0.020746946 0.070832558 -148.258285522 0.023023522 0.999239326 0.031476442 3.246776581 -0.070125639 0.033021405 -0.996991456 -33.956066132
-0.997513592 0.019799139 0.067636989 -148.182617188 0.021904327 0.999293864 0.030526118 3.258139133 -0.066984884 0.031931758 -0.997242928 -34.976978302
-0.997711837 0.019541690 0.064723670 -148.107498169 0.021664402 0.999244690 0.032258585 3.265005112 -0.064044409 0.033586975 -0.997381628 -35.994087219
-0.997891963 0.019516505 0.061892658 -148.038757324 0.021635529 0.999195993 0.033753678 3.278268576 -0.061184138 0.035021614 -0.997511804 -37.012329102
-0.998054266 0.019825352 0.059114907 -147.972198486 0.021926792 0.999142706 0.035114255 3.291013002 -0.058368035 0.036342129 -0.997633517 -38.035305023
-0.998155355 0.020762626 0.057050247 -147.913314819 0.022797488 0.999118447 0.035251752 3.308156013 -0.056267995 0.036487333 -0.997748733 -39.058280945
-0.998266637 0.020657191 0.055108085 -147.856719971 0.022601618 0.999135375 0.034897242 3.320596695 -0.054339558 0.036082294 -0.997870266 -40.072715759
-0.998360753 0.021466164 0.053057086 -147.807769775 0.023278505 0.999158144 0.033779636 3.341093779 -0.052287299 0.034959350 -0.998019993 -41.072406769
-0.998436749 0.020903694 0.051837005 -147.754425049 0.022678511 0.999168158 0.033889923 3.354217529 -0.051085476 0.035012525 -0.998080373 -42.078498840
-0.998527527 0.019870896 0.050475985 -147.689819336 0.021626635 0.999171376 0.034478996 3.370882511 -0.049749058 0.035519853 -0.998129904 -43.087837219
-0.998591363 0.018764572 0.049630839 -147.642715454 0.020428542 0.999238908 0.033234943 3.383061409 -0.048969451 0.034202017 -0.998214543 -44.080638885
-0.998625457 0.018608529 0.048998985 -147.590774536 0.020036060 0.999384165 0.028805707 3.396638870 -0.048432782 0.029747853 -0.998383403 -45.069114685
-0.998654366 0.017363241 0.048865333 -147.535659790 0.018662930 0.999480665 0.026268030 3.403798342 -0.048383888 0.027144654 -0.998459816 -46.056518555
-0.998639643 0.017792163 0.049013618 -147.483261108 0.019033939 0.999506533 0.024986137 3.412429810 -0.048544899 0.025885068 -0.998485506 -47.042613983
-0.998573899 0.019221023 0.049805123 -147.429779053 0.020538246 0.999449074 0.026072158 3.422655106 -0.049276546 0.027057888 -0.998418570 -48.045135498
-0.998491824 0.020807415 0.050804172 -147.383483887 0.022197682 0.999390185 0.026956167 3.429195881 -0.050212286 0.028043251 -0.998344779 -49.023918152
-0.998422503 0.022839863 0.051290914 -147.326828003 0.024291957 0.999316394 0.027868273 3.440339565 -0.050619327 0.029070269 -0.998294830 -50.001552582
-0.998342454 0.023627911 0.052477710 -147.270614624 0.025177473 0.999260306 0.029065738 3.443725109 -0.051752161 0.030338814 -0.998198986 -50.975669861
-0.998283684 0.023937240 0.053447776 -147.216323853 0.025554072 0.999229968 0.029774988 3.453777313 -0.052693892 0.031089693 -0.998126626 -51.949874878
-0.998265743 0.022550667 0.054377720 -147.158111572 0.024219319 0.999249637 0.030225107 3.462936640 -0.053655323 0.031489681 -0.998062849 -52.915248871
-0.998234808 0.022437956 0.054987811 -147.097167969 0.024050733 0.999294460 0.028845487 3.474703789 -0.054301780 0.030117068 -0.998070300 -53.885318756
-0.998096108 0.024778277 0.056481406 -147.036819458 0.026369177 0.999271214 0.027597558 3.483695507 -0.055756424 0.029034384 -0.998022139 -54.849643707
-0.997925043 0.025331933 0.059192982 -146.967376709 0.026912466 0.999298036 0.026058281 3.493894577 -0.058491327 0.027597243 -0.997906387 -55.807182312
-0.997747540 0.024281735 0.062531680 -146.909744263 0.025952507 0.999323785 0.026046608 3.493278980 -0.061856940 0.027610794 -0.997703016 -56.764999390
-0.997589052 0.024150979 0.065059848 -146.844451904 0.025798447 0.999364376 0.024602188 3.497672081 -0.064424351 0.026221316 -0.997577965 -57.718261719
-0.997478604 0.024566112 0.066579573 -146.764862061 0.026217539 0.999367058 0.024044396 3.501433372 -0.065946788 0.025729328 -0.997491241 -58.654323578
-0.997438848 0.023379305 0.067595810 -146.696075439 0.025075871 0.999388695 0.024360007 3.507904053 -0.066984929 0.025992638 -0.997415483 -59.603126526
-0.997441471 0.021759868 0.068096064 -146.627105713 0.023615880 0.999367952 0.026570374 3.510468721 -0.067474879 0.028110540 -0.997324884 -60.534851074
-0.997538924 0.020662185 0.067001075 -146.553085327 0.022634730 0.999328375 0.028816197 3.514069557 -0.066360660 0.030261829 -0.997336686 -61.449783325
-0.997586191 0.020349389 0.066390321 -146.494430542 0.022352066 0.999313056 0.029563261 3.519993782 -0.065743126 0.030975869 -0.997355640 -62.367145538
-0.997690201 0.019317701 0.065122671 -146.431732178 0.021306003 0.999323487 0.029976759 3.526506424 -0.064499542 0.031295024 -0.997426927 -63.263538361
-0.997878492 0.017154768 0.062802739 -146.368133545 0.019063488 0.999370456 0.029920286 3.534154415 -0.062249970 0.031054053 -0.997577310 -64.142555237
-0.998126209 0.016137501 0.059022088 -146.315399170 0.017948836 0.999379992 0.030288856 3.541656733 -0.058496676 0.031291481 -0.997797072 -65.009986877
-0.998415947 0.016949389 0.053650092 -146.268951416 0.018593052 0.999368310 0.030287238 3.549605846 -0.053102855 0.031236783 -0.998100340 -65.863105774
-0.998758137 0.017905928 0.046490218 -146.228958130 0.019334100 0.999349296 0.030454427 3.554287910 -0.045914643 0.031315461 -0.998454392 -66.691406250
-0.999051452 0.019738216 0.038813803 -146.201187134 0.020948529 0.999299109 0.031027380 3.562190533 -0.038174164 0.031811044 -0.998764753 -67.506134033
-0.999279439 0.022091947 0.030860821 -146.178390503 0.023092894 0.999206126 0.032463335 3.570085049 -0.030119171 0.033152610 -0.998996317 -68.295364380
-0.999404490 0.025592752 0.023144744 -146.167388916 0.026350599 0.999106109 0.033054158 3.574039936 -0.022278110 0.033644356 -0.999185503 -69.067771912
-0.999505162 0.027281547 0.015663117 -146.159774780 0.027791824 0.999057472 0.033341318 3.586137056 -0.014738754 0.033760119 -0.999321282 -69.809928894
-0.999545395 0.028895667 0.008608190 -146.165115356 0.029174011 0.998989522 0.034185015 3.594661713 -0.007611678 0.034420602 -0.999378443 -70.537086487
-0.999555290 0.029787397 0.001395931 -146.158615112 0.029817682 0.998973310 0.034109537 3.601415873 -0.000378463 0.034135997 -0.999417126 -71.228080750
-0.999495625 0.031401489 -0.004739705 -146.166519165 0.031224497 0.998944879 0.033675659 3.606088877 0.005792201 0.033510678 -0.999421597 -71.893630981
-0.999403834 0.032950271 -0.010307586 -146.183151245 0.032588854 0.998908639 0.033459421 3.610050678 0.011398834 0.033103574 -0.999386907 -72.525993347
-0.999309540 0.033569384 -0.015931405 -146.190200806 0.033028767 0.998907268 0.033063851 3.618668556 0.017023904 0.032514822 -0.999326289 -73.141059875
-0.999139965 0.036000907 -0.020576496 -146.208480835 0.035318006 0.998842835 0.032640420 3.621656418 0.021727782 0.031885620 -0.999255359 -73.721717834
-0.998969376 0.037767917 -0.025174465 -146.224288940 0.036903687 0.998741865 0.033952907 3.626761436 0.026425123 0.032988884 -0.999106348 -74.272735596
-0.998840690 0.038570069 -0.028802495 -146.243850708 0.037525751 0.998648524 0.035958350 3.629459143 0.030150466 0.034835830 -0.998938143 -74.794075012
-0.998682380 0.039356239 -0.032932263 -146.254592896 0.038134389 0.998589635 0.036941983 3.633023500 0.034339685 0.035637464 -0.998774588 -75.293830872
-0.998558462 0.039901752 -0.035899721 -146.275466919 0.038547501 0.998547018 0.037655987 3.636752844 0.037350126 0.036217857 -0.998645723 -75.766754150
-0.998400152 0.041462686 -0.038443256 -146.291671753 0.039988656 0.998463988 0.038350198 3.643532038 0.039974339 0.036751542 -0.998524666 -76.201065063
-0.998237133 0.043600872 -0.040268980 -146.316284180 0.042039864 0.998360991 0.038830515 3.647993803 0.041896027 0.037069157 -0.998434067 -76.619293213
-0.998156428 0.044407006 -0.041373380 -146.343353271 0.042773683 0.998301148 0.039560407 3.659796238 0.043059871 0.037717778 -0.998360276 -77.006866455
-0.998149753 0.044063415 -0.041898537 -146.350830078 0.042345520 0.998259723 0.041041102 3.660406828 0.043634027 0.039190948 -0.998278737 -77.344261169
-0.998206913 0.042507242 -0.042145964 -146.352813721 0.040799808 0.998342991 0.040577374 3.678305149 0.043800961 0.038785059 -0.998287201 -77.650337219
-0.998201609 0.042223673 -0.042550735 -146.345962524 0.040494323 0.998349845 0.040715877 3.682491541 0.044199657 0.038919598 -0.998264372 -77.892997742
-0.998344421 0.040008675 -0.041324116 -146.346206665 0.038335338 0.998442948 0.040521495 3.673679113 0.042880975 0.038870234 -0.998323798 -78.137039185
-0.998539925 0.036980029 -0.039375052 -146.339996338 0.035400849 0.998569369 0.040075321 3.659217358 0.040800668 0.038622901 -0.998420596 -78.353866577
-0.998688221 0.036178343 -0.036234595 -146.349258423 0.034765050 0.998638034 0.038902681 3.662341833 0.037592664 0.037591953 -0.998585880 -78.593002319
-0.998835385 0.035629429 -0.032530893 -146.358688354 0.034462970 0.998766720 0.035739847 3.673548222 0.033764191 0.034577120 -0.998831511 -78.794258118
-0.998889744 0.036247555 -0.030088246 -146.364501953 0.035232857 0.998814285 0.033595856 3.680006266 0.031270333 0.032498460 -0.998982549 -78.983993530
-0.998931706 0.036909897 -0.027803048 -146.366455078 0.035968203 0.998786509 0.033641271 3.676822186 0.029011063 0.032605313 -0.999047220 -79.171936035
-0.999033213 0.035817754 -0.025487557 -146.360778809 0.034917574 0.998779655 0.034927942 3.674907923 0.026707523 0.034004211 -0.999064744 -79.352958679
-0.999168634 0.033942666 -0.022580653 -146.363204956 0.033141155 0.998838723 0.034969926 3.680905104 0.023741439 0.034192506 -0.999133229 -79.527343750
-0.999292970 0.032044876 -0.019663736 -146.360000610 0.031362046 0.998926103 0.034103263 3.685540676 0.020735495 0.033462450 -0.999224901 -79.688659668
-0.999311745 0.033191580 -0.016563168 -146.343597412 0.032623157 0.998906672 0.033483326 3.685910702 0.017656440 0.032919940 -0.999302089 -79.831153870
-0.999340951 0.034386151 -0.011627231 -146.342697144 0.033990648 0.998888493 0.032654986 3.688532114 0.012737168 0.032238252 -0.999399006 -79.972290039
-0.999385774 0.034550868 -0.005842678 -146.347885132 0.034347102 0.998898447 0.031971138 3.691711187 0.006940901 0.031750821 -0.999471724 -80.102722168
-0.999446511 0.033241954 0.001241673 -146.349288940 0.033264652 0.998937845 0.031882275 3.693033457 -0.000180513 0.031905938 -0.999490857 -80.227706909
-0.999476373 0.031030487 0.009169444 -146.339141846 0.031309552 0.998995960 0.032044303 3.684859991 -0.008165840 0.032314621 -0.999444366 -80.343315125
-0.999453187 0.028701546 0.016415514 -146.320785522 0.029209901 0.999073207 0.031615373 3.694901228 -0.015492875 0.032077588 -0.999365330 -80.453842163
-0.999344826 0.027479775 0.023549512 -146.313018799 0.028241880 0.999067247 0.032664552 3.694876432 -0.022629905 0.033308238 -0.999188960 -80.553749084
-0.999231339 0.025690991 0.029609833 -146.296661377 0.026680382 0.999081910 0.033518244 3.689659595 -0.028721515 0.034282476 -0.998999476 -80.629943848
-0.999073505 0.025262969 0.034837950 -146.296905518 0.026428850 0.999091864 0.033421807 3.693161964 -0.033961952 0.034311578 -0.998834014 -80.682861328
-0.998914182 0.025749927 0.038824558 -146.287307739 0.027005203 0.999117792 0.032161921 3.698583841 -0.037962127 0.033175465 -0.998728335 -80.725677490
-0.998803437 0.025303103 0.041849963 -146.279449463 0.026657810 0.999127924 0.032135606 3.696419716 -0.041000322 0.033212785 -0.998606920 -80.767715454
-0.998748422 0.025598532 0.042967636 -146.253982544 0.026982859 0.999125063 0.031953242 3.698682785 -0.042112060 0.033072647 -0.998565376 -80.789009094
-0.998653173 0.024732700 0.045607485 -146.267242432 0.026204502 0.999145567 0.031960540 3.689157009 -0.044778015 0.033112619 -0.998448074 -80.806106567
-0.998619080 0.024731589 0.046349894 -146.268035889 0.026232276 0.999141872 0.032053627 3.691873074 -0.045517378 0.033225227 -0.998410821 -80.818351746
-0.998623371 0.024788797 0.046225965 -146.271957397 0.026269829 0.999151707 0.031711414 3.696740150 -0.045400660 0.032882109 -0.998427570 -80.808937073
-0.998630047 0.025462909 0.045712039 -146.262847900 0.026915208 0.999143124 0.031441346 3.689169645 -0.044872280 0.032628622 -0.998459697 -80.791191101
-0.998616993 0.025590055 0.045925457 -146.266006470 0.026987934 0.999183059 0.030080516 3.686587572 -0.045118142 0.031278349 -0.998491943 -80.782287598
-0.998603880 0.025620047 0.046193119 -146.273223877 0.026987176 0.999208570 0.029219192 3.695160627 -0.045407943 0.030425023 -0.998505056 -80.801033020
-0.998602211 0.025741510 0.046162732 -146.256591797 0.027126141 0.999192894 0.029623089 3.700197697 -0.045362938 0.030833894 -0.998494565 -80.817268372
-0.998633325 0.025911320 0.045387715 -146.234863281 0.027255805 0.999200225 0.029258139 3.695055246 -0.044593289 0.030455237 -0.998540878 -80.817001343
-0.998637915 0.025731809 0.045389872 -146.235626221 0.027093876 0.999192953 0.029652528 3.690102339 -0.044590209 0.030841924 -0.998529196 -80.816429138
-0.998614550 0.025610784 0.045966204 -146.249847412 0.027016742 0.999177754 0.030230664 3.685566187 -0.045154154 0.031430639 -0.998485565 -80.809700012
-0.998597026 0.025801603 0.046241067 -146.255661011 0.027198836 0.999184310 0.029846091 3.685396433 -0.045433268 0.031061921 -0.998484313 -80.813690186
-0.998573124 0.025749240 0.046785079 -146.268676758 0.027143585 0.999198556 0.029416287 3.693731070 -0.045990143 0.030644225 -0.998471737 -80.808830261
-0.998563230 0.025684675 0.047029074 -146.279632568 0.027091235 0.999196947 0.029519096 3.693444014 -0.046233092 0.030750761 -0.998457253 -80.821540833
-0.998574913 0.025320854 0.046979494 -146.277954102 0.026721697 0.999209464 0.029433597 3.696711779 -0.046197046 0.030647025 -0.998462141 -80.826019287
-0.998568535 0.025646014 0.046937939 -146.266189575 0.027061161 0.999190450 0.029766362 3.691387177 -0.046136539 0.030993950 -0.998454213 -80.810279846
-0.998537838 0.026008351 0.047389597 -146.275070190 0.027433861 0.999182820 0.029682605 3.691277027 -0.046578869 0.030939287 -0.998435378 -80.814132690
-0.998530746 0.025946967 0.047571331 -146.276855469 0.027366547 0.999191880 0.029436463 3.695905209 -0.046769097 0.030695081 -0.998434007 -80.810203552
-0.998528242 0.026072001 0.047556221 -146.273147583 0.027491357 0.999188304 0.029439971 3.696141720 -0.046750046 0.030704023 -0.998434603 -80.808097839
-0.998531044 0.026107205 0.047477908 -146.272613525 0.027517863 0.999191642 0.029304961 3.698510408 -0.046674460 0.030568404 -0.998442352 -80.819602966
-0.998528242 0.026170645 0.047502793 -146.267318726 0.027586980 0.999186754 0.029409222 3.695932150 -0.046694469 0.030676398 -0.998438060 -80.818572998
-0.998504400 0.026132552 0.048022322 -146.273910522 0.027556617 0.999192595 0.029235218 3.698813677 -0.047219541 0.030514827 -0.998418331 -80.813636780
-0.998491168 0.026208151 0.048254199 -146.273681641 0.027640490 0.999189675 0.029258965 3.695638418 -0.047448266 0.030548591 -0.998406410 -80.807548523
-0.998457074 0.026416805 0.048842210 -146.273269653 0.027872162 0.999180198 0.029359937 3.696121454 -0.048026554 0.030675974 -0.998374879 -80.817962646
-0.998448491 0.026498871 0.048971254 -146.269744873 0.027952464 0.999181509 0.029239926 3.697432518 -0.048156306 0.030563435 -0.998372138 -80.819869995
-0.998419642 0.026771273 0.049411181 -146.271835327 0.028230201 0.999178648 0.029068233 3.698651314 -0.048592418 0.030417182 -0.998355448 -80.813591003
-0.998414516 0.026832270 0.049481165 -146.267745972 0.028307639 0.999167860 0.029360861 3.695850611 -0.048652172 0.030715004 -0.998343349 -80.820556641
-0.998401165 0.026707157 0.049816839 -146.270248413 0.028175781 0.999181688 0.029014729 3.701071024 -0.049001168 0.030371971 -0.998336792 -80.824935913
-0.998400271 0.027048372 0.049652003 -146.266433716 0.028519908 0.999167442 0.029171620 3.698824644 -0.048821609 0.030541027 -0.998340487 -80.824958801
-0.998355091 0.027146138 0.050498407 -146.279052734 0.028648628 0.999160826 0.029271109 3.697004080 -0.049661420 0.030669674 -0.998295128 -80.811019897
-0.998374224 0.027069462 0.050160982 -146.272659302 0.028570201 0.999157906 0.029446883 3.693358421 -0.049321618 0.030832119 -0.998306990 -80.806427002
-0.998393059 0.027328881 0.049643550 -146.256515503 0.028821886 0.999145746 0.029611651 3.691178799 -0.048791867 0.030994885 -0.998327971 -80.811347961
-0.998410046 0.027042525 0.049459442 -146.245590210 0.028533390 0.999151826 0.029689549 3.688165903 -0.048614584 0.031053590 -0.998334706 -80.812103271
-0.998420715 0.027390072 0.049049463 -146.231918335 0.028869692 0.999141395 0.029715765 3.689612627 -0.048193403 0.031084880 -0.998354256 -80.814270020
-0.998394668 0.027447654 0.049544156 -146.237777710 0.028918248 0.999154806 0.029213846 3.700302839 -0.048700400 0.030599684 -0.998344600 -80.820655823
-0.998355210 0.027209029 0.050462622 -146.271331787 0.028721478 0.999152303 0.029492494 3.692597151 -0.049617376 0.030893348 -0.998290420 -80.799331665
-0.998354673 0.027033448 0.050566554 -146.268310547 0.028547250 0.999158263 0.029457886 3.694981813 -0.049727626 0.030852959 -0.998286188 -80.801773071
-0.998338521 0.027096178 0.050852381 -146.271392822 0.028618967 0.999156117 0.029459801 3.691656113 -0.050011218 0.030866195 -0.998271644 -80.804817200
-0.998339117 0.027125897 0.050825428 -146.266769409 0.028645320 0.999156892 0.029408738 3.694595814 -0.049984835 0.030815806 -0.998274505 -80.802696228
-0.998314738 0.027313950 0.051200505 -146.266921997 0.028841492 0.999153376 0.029336903 3.696622372 -0.050355840 0.030764170 -0.998257399 -80.807342529
-0.998316884 0.027368454 0.051129736 -146.265228271 0.028896652 0.999150097 0.029392224 3.694079876 -0.050281841 0.030820236 -0.998259425 -80.801818848
-0.998288035 0.027460072 0.051641300 -146.270111084 0.028966675 0.999169528 0.028655607 3.707106113 -0.050811533 0.030102424 -0.998254478 -80.819068909
-0.998305917 0.027389614 0.051334120 -146.263549805 0.028902343 0.999162555 0.028961215 3.700878620 -0.050497867 0.030395830 -0.998261511 -80.804237366
-0.998300076 0.027446186 0.051416520 -146.260147095 0.028969649 0.999155939 0.029122537 3.699099064 -0.050573792 0.030562555 -0.998252630 -80.823112488
-0.998331308 0.027262053 0.050903723 -146.250076294 0.028768919 0.999162138 0.029108014 3.699765682 -0.050067488 0.030523892 -0.998279393 -80.819656372
-0.998324037 0.027406806 0.050970640 -146.250732422 0.028934404 0.999146581 0.029477572 3.691861868 -0.050119255 0.030902974 -0.998265028 -80.820594788
-0.998336077 0.027207546 0.050841022 -146.246185303 0.028721718 0.999158144 0.029292952 3.695852041 -0.050001204 0.030704455 -0.998277128 -80.818069458
-0.998333931 0.027502405 0.050726425 -146.243591309 0.029008284 0.999152780 0.029192746 3.699733734 -0.049880564 0.030615594 -0.998285890 -80.821289062
-0.998335242 0.027505090 0.050697930 -146.241851807 0.029016005 0.999149144 0.029311087 3.697032213 -0.049848590 0.030733343 -0.998283803 -80.819030762
-0.998322248 0.027212119 0.051108286 -146.253280640 0.028734664 0.999157727 0.029295802 3.696692944 -0.050268024 0.030715238 -0.998263299 -80.812202454
-0.998322010 0.027331771 0.051049560 -146.252288818 0.028840968 0.999161363 0.029064354 3.701074123 -0.050212353 0.030487902 -0.998273134 -80.813758850
-0.998293877 0.027365366 0.051577933 -146.265258789 0.028891433 0.999159515 0.029077824 3.699742556 -0.050738860 0.030518377 -0.998245597 -80.811729431
-0.998319745 0.027277516 0.051122718 -146.254669189 0.028802510 0.999154627 0.029334541 3.696141958 -0.050279330 0.030757718 -0.998261452 -80.811027527
-0.998270392 0.027397498 0.052014112 -146.271133423 0.028939268 0.999156833 0.029123284 3.699911356 -0.051172327 0.030578166 -0.998221636 -80.810615540
-0.998281658 0.027452869 0.051769018 -146.271591187 0.028987221 0.999155402 0.029124105 3.700660706 -0.050925758 0.030574704 -0.998234272 -80.801864624
-0.998230100 0.027575636 0.052689392 -146.273361206 0.029132102 0.999154687 0.029004231 3.699762344 -0.051845036 0.030487850 -0.998189628 -80.809341431
-0.998112679 0.027188104 0.055062033 -146.271392822 0.028817587 0.999163389 0.029018864 3.688528061 -0.054226987 0.030550856 -0.998061240 -80.804847717
-0.998038292 0.026678594 0.056638006 -146.261688232 0.028339554 0.999185383 0.028727867 3.690450430 -0.055825435 0.030276602 -0.997981429 -80.817375183
-0.997890830 0.026254704 0.059369233 -146.250488281 0.027996821 0.999195755 0.028704727 3.686932802 -0.058567811 0.030306336 -0.997823238 -80.816032410
-0.997561634 0.026405156 0.064603344 -146.253753662 0.028275497 0.999202013 0.028210104 3.693496704 -0.063806854 0.029968005 -0.997512221 -80.841163635
-0.997223377 0.026274564 0.069678277 -146.229141235 0.028277641 0.999210060 0.027918531 3.697220325 -0.068889692 0.029811347 -0.997178793 -80.873130798
-0.996799946 0.026016971 0.075583838 -146.210128784 0.028208070 0.999207973 0.028067423 3.697485924 -0.074793711 0.030109683 -0.996744335 -80.880065918
-0.996170521 0.025636241 0.083588414 -146.204895020 0.028066648 0.999212921 0.028031455 3.697448730 -0.082803980 0.030270157 -0.996106029 -80.911155701
-0.995357156 0.025410498 0.092835069 -146.195220947 0.028069761 0.999229014 0.027452288 3.700757504 -0.092065908 0.029930694 -0.995302975 -80.941329956
-0.994378448 0.025148384 0.102854878 -146.186309814 0.028079383 0.999237001 0.027148297 3.705130577 -0.102093697 0.029883787 -0.994325697 -80.984268188
-0.993248284 0.024511158 0.113389090 -146.167755127 0.027778521 0.999240518 0.027325541 3.701416969 -0.112633198 0.030290827 -0.993174791 -81.018119812
-0.991835952 0.024497386 0.125145704 -146.148239136 0.028127525 0.999230921 0.027322866 3.700342655 -0.124380112 0.030619839 -0.991762102 -81.059852600
-0.990152419 0.024178240 0.137890041 -146.118728638 0.028179303 0.999234438 0.027138080 3.694318295 -0.137128323 0.030756479 -0.990075648 -81.109199524
-0.987987161 0.023839381 0.152686745 -146.104766846 0.028073210 0.999277174 0.025633022 3.701658249 -0.151965290 0.029611502 -0.987942159 -81.164466858
-0.985388339 0.022992514 0.168763742 -146.079986572 0.027344672 0.999349535 0.023509538 3.703467369 -0.168113440 0.027780810 -0.985376120 -81.225341797
-0.982401907 0.021722555 0.185512304 -146.043884277 0.026148271 0.999427974 0.021443158 3.702009678 -0.184940398 0.025916621 -0.982407928 -81.302139282
-0.978855848 0.020351563 0.203536168 -146.006149292 0.024984343 0.999483466 0.020217653 3.707459927 -0.203019530 0.024875389 -0.978858650 -81.390060425
-0.974949121 0.019628176 0.221560150 -145.959381104 0.024851425 0.999474525 0.020811554 3.708511114 -0.221035212 0.025796292 -0.974924505 -81.502914429
-0.970365942 0.020442672 0.240774125 -145.913696289 0.026462814 0.999412179 0.021796145 3.710833549 -0.240187019 0.027521795 -0.970336378 -81.627334595
-0.964919090 0.020987133 0.261707515 -145.860305786 0.027920153 0.999350071 0.022800989 3.711641312 -0.261058927 0.029308023 -0.964877903 -81.774192810
-0.958403945 0.020115094 0.284705579 -145.794708252 0.028038062 0.999323964 0.023779996 3.716119289 -0.284034789 0.030773435 -0.958319962 -81.938880920
-0.951271296 0.017461834 0.307860285 -145.716476440 0.026910095 0.999287248 0.026471118 3.717656136 -0.307178646 0.033465762 -0.951063275 -82.092453003
-0.943234146 0.016953269 0.331695765 -145.633193970 0.027927002 0.999208033 0.028344806 3.718367577 -0.330952525 0.035999056 -0.942960382 -82.248214722
-0.934713900 0.016786639 0.355004460 -145.557128906 0.029199144 0.999134123 0.029635496 3.703748465 -0.354199618 0.038066532 -0.934394777 -82.346183777
-0.924107909 0.017072432 0.381750405 -145.460067749 0.031373587 0.999018490 0.031268835 3.711392879 -0.380841970 0.040872652 -0.923736334 -82.532897949
-0.911669672 0.016538972 0.410590887 -145.352706909 0.033346165 0.998871922 0.033805832 3.713403225 -0.409568638 0.044511389 -0.911192715 -82.712341309
-0.897127032 0.016122764 0.441478491 -145.224624634 0.034879509 0.998799086 0.034402438 3.717756271 -0.440393716 0.046261903 -0.896612048 -82.900550842
-0.879668057 0.016080277 0.475316375 -145.092391968 0.036134515 0.998799086 0.033084080 3.718770266 -0.474213630 0.046278328 -0.879192650 -83.090354919
-0.859330893 0.014224390 0.511222363 -144.948135376 0.034904830 0.998913467 0.030878641 3.715472460 -0.510227740 0.044379089 -0.858893514 -83.261695862
-0.835363567 0.011182254 0.549584150 -144.785659790 0.032405499 0.999055982 0.028928535 3.707690954 -0.548741937 0.041975390 -0.834937394 -83.456054688
-0.807449698 0.010949516 0.589834929 -144.593612671 0.032955483 0.999103606 0.026567068 3.711369753 -0.589015365 0.040889863 -0.807086766 -83.663780212
-0.775084615 0.013140289 0.631720781 -144.367065430 0.036482461 0.999046445 0.023980889 3.701556444 -0.630803466 0.041633949 -0.774824977 -83.904846191
-0.739631414 0.017251931 0.672791123 -144.105102539 0.040353373 0.999009609 0.018745445 3.718231678 -0.671801329 0.041014101 -0.739595056 -84.163307190
-0.702774286 0.018780684 0.711165071 -143.798233032 0.040864315 0.999066651 0.013998477 3.736062527 -0.710238338 0.038899042 -0.702885687 -84.428642273
-0.664651155 0.020456921 0.746873736 -143.437164307 0.042288270 0.999052703 0.010268678 3.763067722 -0.745956123 0.038409088 -0.664886594 -84.696746826
-0.622918606 0.020861616 0.782008469 -143.060394287 0.044152312 0.998988628 0.008520088 3.772649527 -0.781039715 0.039834805 -0.623209536 -84.974349976
-0.579820693 0.019441936 0.814512134 -142.644454956 0.045754522 0.998914599 0.008727406 3.777988911 -0.813458383 0.042327948 -0.580080807 -85.236938477
-0.535323083 0.015452013 0.844506085 -142.184539795 0.045444533 0.998911381 0.010529599 3.780471325 -0.843424082 0.044014923 -0.535442412 -85.487998962
-0.487635076 0.011113614 0.872976840 -141.707336426 0.047688127 0.998765171 0.013923053 3.781517744 -0.871744156 0.048420001 -0.487562895 -85.738159180
-0.440696210 0.007593428 0.897624195 -141.167938232 0.052736681 0.998456061 0.017445108 3.782088757 -0.896105826 0.055025704 -0.440416306 -85.949668884
-0.389967054 0.004173258 0.920819283 -140.617401123 0.056557804 0.998210251 0.019428242 3.789597034 -0.919090271 0.059655894 -0.389505148 -86.162712097
-0.339357376 -0.000259259 0.940657496 -140.034378052 0.058421791 0.998063564 0.021351695 3.793164492 -0.938841462 0.062200747 -0.338685155 -86.347061157
-0.289577752 -0.003629589 0.957147598 -139.423706055 0.060691215 0.997910857 0.022145832 3.805799484 -0.955228388 0.064503394 -0.288752466 -86.503715515
-0.240057468 -0.005919519 0.970740616 -138.783630371 0.062589779 0.997806370 0.021562580 3.818228006 -0.968738794 0.065934703 -0.239160404 -86.645294189
-0.194615230 -0.005786482 0.980862617 -138.137466431 0.066277370 0.997619629 0.019035576 3.817645788 -0.978637874 0.068713605 -0.193768442 -86.752685547
-0.154642537 -0.005100246 0.987957299 -137.439193726 0.066251710 0.997682154 0.015520656 3.826276779 -0.985746622 0.067854002 -0.153946206 -86.844474792
-0.120884165 -0.004527216 0.992656291 -136.700180054 0.066320643 0.997718453 0.012626730 3.829735279 -0.990448713 0.067359976 -0.120308056 -86.921058655
-0.093341753 -0.002232698 0.995631635 -135.957000732 0.064793818 0.997863948 0.008312204 3.838027477 -0.993523598 0.065286644 -0.092997715 -86.974281311
-0.071316674 -0.000594406 0.997453570 -135.196716309 0.065618955 0.997830749 0.005286305 3.834949970 -0.995292962 0.065828867 -0.071122974 -87.023132324
-0.054699898 0.000106738 0.998502791 -134.398605347 0.065642066 0.997837126 0.003489329 3.836828709 -0.996342838 0.065734655 -0.054588601 -87.054740906
-0.039529398 0.001365995 0.999217451 -133.570205688 0.067450598 0.997721910 0.001304430 3.837035418 -0.996939242 0.067449383 -0.039531507 -87.089714050
-0.025126237 0.003355912 0.999678671 -132.736572266 0.068997636 0.997615457 -0.001614784 3.830028296 -0.997300327 0.068934880 -0.025297869 -87.108833313
-0.010417480 0.006869908 0.999922216 -131.871612549 0.070041426 0.997525394 -0.006123732 3.820714951 -0.997489691 0.069972187 -0.010872876 -87.113395691
0.003386479 0.009638578 0.999947906 -131.004669189 0.070108533 0.997490704 -0.009852332 3.802180290 -0.997533619 0.070138238 0.002702265 -87.098358154
0.016102370 0.010291613 0.999817312 -130.095184326 0.066598848 0.997715354 -0.011342566 3.792726755 -0.997649968 0.066769324 0.015380148 -87.078948975
0.025390517 0.010064647 0.999626935 -129.167098999 0.062328845 0.997987807 -0.011631301 3.773581982 -0.997732639 0.062600911 0.024712110 -87.048225403
0.030885383 0.010255837 0.999470294 -128.218353271 0.057835966 0.998253584 -0.012030585 3.756581306 -0.997848213 0.058176897 0.030238293 -87.009140015
0.032883637 0.010615027 0.999402940 -127.250564575 0.055008113 0.998408735 -0.012414415 3.735308170 -0.997944295 0.055383500 0.032247402 -86.961715698
0.033701759 0.009715814 0.999384701 -126.249763489 0.054113496 0.998468220 -0.011531751 3.722273588 -0.997965932 0.054468840 0.033124380 -86.925270081
0.034817345 0.008758783 0.999355257 -125.230796814 0.054391414 0.998462915 -0.010645948 3.708041906 -0.997912526 0.054727010 0.034287423 -86.886245728
0.037574913 0.007865604 0.999262869 -124.194923401 0.055964042 0.998383045 -0.009963070 3.679120064 -0.997725487 0.056297157 0.037073966 -86.839363098
0.042486586 0.007532179 0.999068677 -123.129676819 0.056566335 0.998349428 -0.009932307 3.664654493 -0.997494400 0.056935634 0.041990399 -86.804222107
0.046448492 0.007971015 0.998888850 -122.062133789 0.056337513 0.998355627 -0.010586461 3.642623425 -0.997330844 0.056766640 0.045923054 -86.741340637
0.051121134 0.008553126 0.998655796 -120.964027405 0.055707157 0.998381972 -0.011402425 3.627864361 -0.997137487 0.056215174 0.050561953 -86.686813354
0.056440771 0.008339896 0.998371065 -119.861999512 0.054778926 0.998432934 -0.011437227 3.609274149 -0.996902108 0.055335216 0.055895478 -86.623336792
0.061318532 0.005847243 0.998101115 -118.737792969 0.055200424 0.998432577 -0.009240428 3.590449810 -0.996590674 0.055662226 0.060899626 -86.554389954
0.066013917 0.001683348 0.997817278 -117.600097656 0.057502951 0.998330235 -0.005488505 3.562735081 -0.996160388 0.057739764 0.065806866 -86.470809937
0.070452958 -0.000458670 0.997514963 -116.442436218 0.057808258 0.998321116 -0.003623868 3.547410727 -0.995838642 0.057919912 0.070361197 -86.390640259
0.071878880 -0.000075911 0.997413337 -115.266571045 0.057807337 0.998319387 -0.004089925 3.530516148 -0.995736718 0.057951797 0.071762472 -86.296630859
0.072136827 0.002003914 0.997392654 -114.107330322 0.055846274 0.998421073 -0.006045077 3.516504526 -0.995830059 0.056136742 0.071911015 -86.215827942
0.071291782 0.002379256 0.997452617 -112.907600403 0.055882223 0.998417020 -0.006375673 3.502143621 -0.995888889 0.056194410 0.071045958 -86.134468079
0.070199147 -0.000016966 0.997532904 -111.718170166 0.056730058 0.998381674 -0.003975268 3.482040644 -0.995918572 0.056869172 0.070086472 -86.047988892
0.068931684 -0.002181227 0.997618973 -110.509346008 0.057931907 0.998318851 -0.001820115 3.456357002 -0.995937884 0.057919435 0.068942130 -85.951713562
0.068544641 -0.003817729 0.997640669 -109.308151245 0.059669193 0.998218119 -0.000279735 3.434188843 -0.995862067 0.059547585 0.068650283 -85.876152039
0.067853682 -0.003993668 0.997687280 -108.113868713 0.059335515 0.998238146 -0.000039594 3.416567087 -0.995929301 0.059200983 0.067971073 -85.788513184
0.066963024 -0.004552520 0.997745037 -106.931182861 0.060119890 0.998190939 0.000519642 3.389363527 -0.995942533 0.059949532 0.067115553 -85.698844910
0.066857480 -0.002986283 0.997758090 -105.739082336 0.059530642 0.998225927 -0.001001331 3.366245031 -0.995985031 0.059464123 0.066916652 -85.623710632
0.065727726 -0.000741230 0.997837305 -104.561233521 0.059261180 0.998237431 -0.003162019 3.339162827 -0.996076405 0.059340838 0.065655828 -85.533226013
0.065404497 -0.000295345 0.997858763 -103.362533569 0.058716290 0.998268366 -0.003553087 3.320631266 -0.996129811 0.058822952 0.065308578 -85.455039978
0.064900003 -0.002748497 0.997888029 -102.169822693 0.058409806 0.998292148 -0.001049208 3.294075966 -0.996180832 0.058354527 0.064949706 -85.375007629
0.064216502 -0.004670589 0.997924984 -100.987991333 0.058195185 0.998304725 0.000927506 3.273773193 -0.996237695 0.058014873 0.064379416 -85.292915344
0.064024046 -0.003304905 0.997942746 -99.805915833 0.056967460 0.998376012 -0.000348464 3.251727581 -0.996321023 0.056872576 0.064108327 -85.217132568
0.063774481 -0.001661588 0.997963011 -98.614166260 0.057931069 0.998318493 -0.002039878 3.222193241 -0.996281505 0.057943150 0.063763507 -85.140930176
0.063232429 0.000180329 0.997998774 -97.434539795 0.058256727 0.998294115 -0.003871485 3.201722145 -0.996297121 0.058384944 0.063114047 -85.061630249
0.062622294 -0.002083913 0.998035133 -96.258110046 0.056578759 0.998396993 -0.001465410 3.172379971 -0.996432245 0.056559354 0.062639855 -84.983497620
0.062566712 -0.005444750 0.998025954 -95.081703186 0.055768520 0.998441815 0.001950862 3.153836966 -0.996481419 0.055536363 0.062772885 -84.908538818
0.061428908 -0.008145907 0.998078287 -93.908790588 0.054005802 0.998528957 0.004825683 3.127158642 -0.996649325 0.053605571 0.061778478 -84.826873779
0.061264649 -0.006307910 0.998101652 -92.754013062 0.051259171 0.998680294 0.003165220 3.110977888 -0.996804476 0.050967950 0.061507143 -84.748992920
0.061143558 -0.004963547 0.998116672 -91.590789795 0.050719991 0.998711169 0.001859453 3.090677977 -0.996839464 0.050510775 0.061316513 -84.676528931
0.060724832 -0.004210802 0.998145640 -90.438835144 0.049807519 0.998758137 0.001183216 3.072070122 -0.996911108 0.049643308 0.060859151 -84.594039917
0.060702484 -0.004650759 0.998144984 -89.281669617 0.048792217 0.998807490 0.001686538 3.057261467 -0.996962667 0.048599336 0.060857024 -84.520637512
0.060227510 -0.006470701 0.998163700 -88.144050598 0.049634565 0.998761296 0.003479702 3.032698393 -0.996949852 0.049333844 0.060474049 -84.438568115
0.059889197 -0.006398248 0.998184443 -86.991477966 0.049904305 0.998748064 0.003407694 3.011053562 -0.996956706 0.049609620 0.060133517 -84.363288879
0.059927840 -0.003994629 0.998194695 -85.858619690 0.052513923 0.998619795 0.000843589 2.996654034 -0.996820390 0.052368574 0.060054891 -84.298614502
0.061166041 -0.002909621 0.998123288 -84.699508667 0.055637911 0.998450816 -0.000498965 2.973352432 -0.996575713 0.055564016 0.061233170 -84.247009277
0.062595561 -0.003619949 0.998032391 -83.549835205 0.058006272 0.998316288 -0.000017116 2.950631857 -0.996351838 0.057893217 0.062700145 -84.174552917
0.065111682 -0.004735880 0.997866690 -82.419555664 0.058489237 0.998287618 0.000921404 2.930776358 -0.996162415 0.058304466 0.065277204 -84.092269897
