1.000000000 0.000000000 0.000000000 0.000000002 0.000000000 0.999999940 -0.000000000 -0.000000060 0.000000000 -0.000000000 0.999999940 0.000000000
0.999991417 -0.002452774 -0.003343707 -0.003153381 0.002445369 0.999994516 -0.002216767 -0.005059183 0.003349126 0.002208570 0.999991894 0.666578889
0.999969542 -0.001596346 -0.007643243 -0.007470397 0.001570158 0.999992788 -0.003431047 -0.011700267 0.007648666 0.003418941 0.999964833 1.370519876
0.999932706 -0.001415764 -0.011511650 -0.022545051 0.001359954 0.999987185 -0.004854478 -0.013560813 0.011518377 0.004838496 0.999921978 2.072832823
0.999864757 -0.000191534 -0.016439267 -0.041983675 0.000100246 0.999984503 -0.005553687 -0.015992789 0.016440079 0.005551288 0.999849439 2.803352833
0.999786675 -0.001017742 -0.020634722 -0.060315326 0.000902637 0.999983966 -0.005586751 -0.031576864 0.020640079 0.005566932 0.999771476 3.542461634
0.999682546 0.000764729 -0.025182568 -0.085449725 -0.000941192 0.999974966 -0.006996224 -0.034263734 0.025176590 0.007017705 0.999658346 4.297945499
0.999553084 0.003652047 -0.029669138 -0.120924078 -0.003878544 0.999963641 -0.007580122 -0.044867627 0.029640382 0.007691808 0.999530971 5.057658672
0.999407768 0.003752492 -0.034206063 -0.149660632 -0.003954249 0.999975085 -0.005832532 -0.053920072 0.034183331 0.005964336 0.999397755 5.858656883
0.999244690 0.003129512 -0.038733121 -0.183928967 -0.003266731 0.999988675 -0.003479908 -0.056757338 0.038721785 0.003603811 0.999243498 6.662155628
0.999111235 0.002645835 -0.042068128 -0.224975720 -0.002668595 0.999996305 -0.000484877 -0.067599609 0.042066682 0.000596709 0.999114513 7.466763496
0.999009848 0.004087420 -0.044301137 -0.273058027 -0.004148091 0.999990642 -0.001277675 -0.075588897 0.044295497 0.001460176 0.999017417 8.275258064
0.998907745 0.003948699 -0.046559408 -0.319847822 -0.004028392 0.999990523 -0.001617930 -0.083050832 0.046552584 0.001803722 0.998914301 9.122633934
0.998840809 0.001134088 -0.048122700 -0.363003999 -0.001240373 0.999996841 -0.002178825 -0.087883607 0.048120070 0.002235989 0.998839021 9.956961632
0.998725414 0.000721694 -0.050469212 -0.403298408 -0.000781466 0.999998987 -0.001164616 -0.096886232 0.050468318 0.001202572 0.998724878 10.807169914
0.998617411 -0.001070573 -0.052556448 -0.443771213 0.000969428 0.999997616 -0.001949946 -0.101034582 0.052558411 0.001896300 0.998615980 11.662565231
0.998548508 0.001340442 -0.053843454 -0.497137487 -0.001540498 0.999992073 -0.003674179 -0.117415816 0.053838100 0.003751792 0.998542607 12.504542351
0.998482049 0.001699018 -0.055051256 -0.555446863 -0.002065253 0.999976158 -0.006596413 -0.123007998 0.055038732 0.006700095 0.998461783 13.372858047
0.998394966 0.005778938 -0.056338359 -0.620266438 -0.006262769 0.999944985 -0.008415171 -0.134829611 0.056286633 0.008754499 0.998376250 14.241024971
0.998305380 0.006410641 -0.057837166 -0.668499529 -0.006871345 0.999946177 -0.007770189 -0.149347275 0.057784241 0.008154441 0.998295724 15.146367073
0.998225927 0.006008023 -0.059236102 -0.726042628 -0.006356897 0.999963462 -0.005702867 -0.173663825 0.059199680 0.006069307 0.998227656 16.030099869
0.998149455 0.006812474 -0.060425654 -0.787261844 -0.007098385 0.999964595 -0.004518232 -0.182168037 0.060392734 0.004938795 0.998162448 16.927251816
0.998117805 0.006446810 -0.060986876 -0.852016330 -0.006711230 0.999968946 -0.004131852 -0.200951993 0.060958356 0.004533372 0.998129904 17.829650879
0.997980118 0.006157351 -0.063226014 -0.904598236 -0.006497365 0.999965489 -0.005173561 -0.209858716 0.063191980 0.005573914 0.997985780 18.738561630
0.997915089 0.004678308 -0.064368643 -0.966673970 -0.005056718 0.999970913 -0.005717142 -0.222779050 0.064340018 0.006030717 0.997909725 19.654090881
0.997872174 0.004267920 -0.065059952 -1.021915436 -0.004528707 0.999982357 -0.003861481 -0.235159069 0.065042317 0.004147902 0.997873783 20.573745728
0.997888505 0.006339805 -0.064638928 -1.092646241 -0.006402664 0.999979317 -0.000765376 -0.245110542 0.064632714 0.001177621 0.997908413 21.493631363
0.997943699 0.007413303 -0.063666590 -1.155384660 -0.007228972 0.999969065 0.003125105 -0.255736917 0.063687772 -0.002658435 0.997966290 22.423786163
0.998068392 0.006576527 -0.061774667 -1.223518014 -0.006239240 0.999964595 0.005651264 -0.258208364 0.061809618 -0.005254922 0.998074174 23.356525421
0.998139083 0.006231159 -0.060659714 -1.275160909 -0.005830041 0.999959946 0.006787350 -0.267980337 0.060699578 -0.006421069 0.998135388 24.306509018
0.998219967 0.006727417 -0.059260264 -1.333114147 -0.006512786 0.999971569 0.003814221 -0.273063123 0.059284233 -0.003421481 0.998235285 25.251024246
0.998264611 0.007136087 -0.058454070 -1.390208125 -0.007196493 0.999973714 -0.000822976 -0.279192507 0.058446664 0.001242212 0.998289645 26.191541672
0.998338401 0.006954465 -0.057200667 -1.445879698 -0.007173297 0.999967694 -0.003621274 -0.293515772 0.057173632 0.004025575 0.998356104 27.138906479
0.998371303 0.004195583 -0.056895565 -1.494188190 -0.004357797 0.999986768 -0.002727345 -0.301600128 0.056883365 0.002970842 0.998376429 28.097944260
0.998406053 0.002525874 -0.056381840 -1.562309384 -0.002392103 0.999994159 0.002439967 -0.313879937 0.056387678 -0.002301207 0.998406291 29.072370529
0.998362303 -0.001185359 -0.057195608 -1.614058018 0.001526541 0.999981225 0.005921856 -0.324430019 0.057187524 -0.005999468 0.998345315 30.026796341
0.998253524 -0.008634293 -0.058441188 -1.661438704 0.008962953 0.999945462 0.005363958 -0.331273705 0.058391694 -0.005878395 0.998276353 31.003078461
0.998158455 -0.010953953 -0.059663117 -1.717386723 0.011063132 0.999937654 0.001499895 -0.336282223 0.059642956 -0.002157194 0.998217404 31.966770172
0.998083115 -0.010617135 -0.060970005 -1.781581521 0.010486810 0.999942005 -0.002457083 -0.343151867 0.060992550 0.001812993 0.998136520 32.948745728
0.997973382 -0.009511499 -0.062916718 -1.854913712 0.009326437 0.999951184 -0.003234412 -0.350721210 0.062944405 0.002641069 0.998013496 33.933597565
0.997918010 -0.009341722 -0.063814268 -1.909154415 0.009266264 0.999955952 -0.001478322 -0.370728076 0.063825265 0.000883924 0.997960687 34.902069092
0.997849226 -0.006387422 -0.065238796 -1.978240132 0.006483539 0.999978185 0.001261694 -0.382133782 0.065229297 -0.001681959 0.997868836 35.901721954
0.997783422 -0.005850225 -0.066286609 -2.047788858 0.006032407 0.999978602 0.002548580 -0.393978715 0.066270277 -0.002942798 0.997797310 36.878574371
0.997726262 -0.004736200 -0.067229055 -2.116932869 0.005090883 0.999974012 0.005105419 -0.401164353 0.067203127 -0.005436066 0.997724473 37.855216980
0.997744024 -0.004561875 -0.066977546 -2.183398962 0.005121706 0.999953330 0.008189143 -0.410425633 0.066937074 -0.008513709 0.997720838 38.841102600
0.997713983 0.000981916 -0.067571208 -2.261318207 -0.000281075 0.999946058 0.010380613 -0.408469677 0.067577757 -0.010337888 0.997660339 39.831199646
0.997705042 0.001391221 -0.067695081 -2.339784145 -0.000741958 0.999953449 0.009615192 -0.413132787 0.067705303 -0.009542899 0.997659624 40.821800232
0.997721612 0.001654919 -0.067444563 -2.403313160 -0.001105423 0.999965847 0.008183874 -0.423868924 0.067455806 -0.008090674 0.997689366 41.810180664
0.997716784 0.004123671 -0.067411780 -2.482530594 -0.003743728 0.999976397 0.005761520 -0.426505923 0.067433946 -0.005495994 0.997708499 42.801757812
0.997678816 0.003550589 -0.068002656 -2.558768034 -0.003158171 0.999977767 0.005877259 -0.431611389 0.068022005 -0.005648854 0.997667730 43.776588440
0.997600794 0.001727099 -0.069208369 -2.625578642 -0.001233425 0.999973476 0.007175252 -0.441524684 0.069218941 -0.007072675 0.997576356 44.773075104
0.997534394 0.002034673 -0.070151038 -2.695051193 -0.001443164 0.999962986 0.008481593 -0.449900240 0.070165709 -0.008359441 0.997500241 45.760124207
0.997542441 0.004889066 -0.069894128 -2.781795502 -0.004568405 0.999978304 0.004746917 -0.459828198 0.069915816 -0.004415947 0.997543037 46.727661133
0.997454226 0.005249130 -0.071116678 -2.852236748 -0.005213439 0.999986172 0.000687459 -0.468564808 0.071119301 -0.000314946 0.997467697 47.689113617
0.997380853 0.005550983 -0.072114684 -2.911233664 -0.005595785 0.999984264 -0.000419241 -0.474073142 0.072111219 0.000821682 0.997396231 48.658485413
0.997382760 0.004579158 -0.072156608 -2.985300541 -0.004350032 0.999984980 0.003332234 -0.487359941 0.072170764 -0.003009629 0.997387707 49.641010284
0.997375429 0.002400902 -0.072364144 -3.056294680 -0.001950079 0.999978185 0.006299946 -0.495615602 0.072377697 -0.006142296 0.997358382 50.607173920
0.997365654 0.000328480 -0.072536431 -3.121820688 0.000174721 0.999975979 0.006930772 -0.501579285 0.072536953 -0.006925188 0.997341633 51.557868958
0.997327983 -0.003022197 -0.072991125 -3.189383745 0.003453033 0.999977350 0.005777112 -0.510026097 0.072972015 -0.006013715 0.997315884 52.518634796
0.997304559 -0.005977423 -0.073129304 -3.258933306 0.006335387 0.999968946 0.004663953 -0.519730926 0.073099166 -0.005114684 0.997311532 53.469955444
0.997199714 -0.007399501 -0.074417681 -3.327746391 0.007839454 0.999953389 0.005621589 -0.525757909 0.074372627 -0.006189240 0.997211337 54.427837372
0.997098207 -0.010800870 -0.075356632 -3.400747061 0.011568274 0.999885499 0.009754583 -0.529894054 0.075242661 -0.010598024 0.997108936 55.375877380
0.997032940 -0.011031111 -0.076182120 -3.466735601 0.012183987 0.999817848 0.014685015 -0.531594098 0.076006241 -0.015569642 0.996985734 56.320297241
0.997040093 -0.009420147 -0.076304540 -3.550708771 0.010730412 0.999801636 0.016779739 -0.530264080 0.076131329 -0.017548850 0.996943295 57.266796112
0.996924460 -0.007795613 -0.077979878 -3.626067162 0.008799792 0.999882519 0.012542045 -0.529780865 0.077872954 -0.013189674 0.996876001 58.197700500
0.996820927 -0.006703544 -0.079392053 -3.699329853 0.007136896 0.999961138 0.005175872 -0.537153721 0.079354271 -0.005726029 0.996829987 59.119476318
0.996779144 -0.004573730 -0.080065437 -3.783309221 0.004597500 0.999989390 0.000112518 -0.542281628 0.080064066 -0.000480257 0.996789575 60.030426025
0.996728957 0.000214919 -0.080817439 -3.868002176 -0.000153827 0.999999702 0.000762129 -0.549082339 0.080817588 -0.000747204 0.996728659 60.930221558
0.996612906 0.002500280 -0.082196951 -3.944439411 -0.002212475 0.999991119 0.003592309 -0.568334162 0.082205206 -0.003398282 0.996609569 61.826438904
0.996496439 0.005172470 -0.083475702 -4.019633293 -0.004772190 0.999976218 0.004993984 -0.578446150 0.083499543 -0.004578124 0.996497214 62.714931488
0.996388614 0.005870085 -0.084707201 -4.096122742 -0.005456844 0.999972045 0.005109182 -0.594866395 0.084734835 -0.004628496 0.996392667 63.591537476
0.996289074 0.007410093 -0.085750647 -4.183504581 -0.006926399 0.999958336 0.005936853 -0.600761652 0.085791066 -0.005320879 0.996298850 64.436622620
0.996151567 0.008457107 -0.087239824 -4.260191917 -0.007926027 0.999947906 0.006432197 -0.609841466 0.087289654 -0.005715977 0.996166468 65.281669617
0.996034980 0.007882369 -0.088611841 -4.335026264 -0.007294849 0.999949157 0.006952163 -0.618698955 0.088662148 -0.006278188 0.996041954 66.096580505
0.995935321 0.007578104 -0.089752175 -4.407906055 -0.006879097 0.999943614 0.008094963 -0.626374602 0.089808457 -0.007444645 0.995931208 66.902740479
0.995778918 0.010476846 -0.091183364 -4.486649513 -0.009540605 0.999897242 0.010697505 -0.630734265 0.091286086 -0.009782408 0.995776534 67.698524475
0.995643556 0.012372099 -0.092416480 -4.564664841 -0.011054011 0.999829948 0.014760790 -0.635984182 0.092583381 -0.013674913 0.995611012 68.479629517
0.995459557 0.014741695 -0.094037451 -4.647986889 -0.013237236 0.999774516 0.016602313 -0.636957645 0.094260991 -0.015282135 0.995430231 69.260948181
0.995301723 0.017839609 -0.095163278 -4.732058525 -0.016729608 0.999782681 0.012449248 -0.644894838 0.095364667 -0.010798714 0.995383739 70.002349854
0.995161176 0.017681951 -0.096650995 -4.803471565 -0.017257530 0.999837518 0.005225447 -0.651470542 0.096727669 -0.003532205 0.995304585 70.723884583
0.995026350 0.016982747 -0.098153770 -4.875663757 -0.017113769 0.999853492 -0.000493038 -0.660506845 0.098130994 0.002170366 0.995171130 71.430534363
0.994981885 0.017445182 -0.098523259 -4.948348045 -0.017695893 0.999842107 -0.001671309 -0.665557325 0.098478533 0.003406379 0.995133340 72.120307922
0.994872510 0.020227455 -0.099093117 -5.029459476 -0.020136056 0.999795377 0.001922475 -0.674930811 0.099111728 0.000082727 0.995076239 72.798477173
0.994742036 0.020839816 -0.100269072 -5.103099346 -0.020521875 0.999780536 0.004201344 -0.691347718 0.100334622 -0.002121545 0.994951427 73.450843811
0.994702339 0.017432870 -0.101309098 -5.164063454 -0.017431539 0.999847710 0.000898459 -0.700979292 0.101309314 0.000872275 0.994854629 74.074592590
0.994794250 0.009194404 -0.101487964 -5.213000774 -0.009655394 0.999945283 -0.004052027 -0.717809200 0.101445138 0.005010840 0.994828522 74.691635132
0.994917810 0.005301225 -0.100551009 -5.266488075 -0.006238204 0.999939978 -0.009006316 -0.723413706 0.100497223 0.009587801 0.994891107 75.291397095
0.995193064 0.007462564 -0.097647749 -5.323042870 -0.008400199 0.999922514 -0.009194626 -0.736214757 0.097571552 0.009970689 0.995178580 75.881805420
0.995552778 0.012616562 -0.093356416 -5.388281822 -0.013229711 0.999894798 -0.005951799 -0.752824366 0.093271516 0.007160408 0.995614946 76.436759949
0.995993435 0.010988584 -0.088747911 -5.438054085 -0.011288762 0.999932170 -0.002881141 -0.761928022 0.088710234 0.003871451 0.996049941 76.996566772
0.996513724 0.007393248 -0.083100520 -5.472178459 -0.007341632 0.999972641 0.000926713 -0.766370058 0.083105117 -0.000313390 0.996540725 77.539299011
0.997185469 0.002809398 -0.074920766 -5.500511646 -0.002470545 0.999986351 0.004615107 -0.782682896 0.074932709 -0.004417022 0.997178853 78.069252014
0.997907877 0.006496508 -0.064324886 -5.529591084 -0.006214236 0.999970257 0.004587298 -0.792975366 0.064352758 -0.004177971 0.997918367 78.578376770
0.998718202 0.011710934 -0.049243145 -5.556341648 -0.011529901 0.999925733 0.003958780 -0.796992302 0.049285840 -0.003385936 0.998778939 79.081565857
0.999383271 0.016746139 -0.030866630 -5.574829102 -0.016620435 0.999852479 0.004324548 -0.800084829 0.030934498 -0.003808864 0.999514103 79.578674316
0.999844551 0.015331300 -0.008723855 -5.564506054 -0.015288242 0.999870658 0.004980862 -0.807427764 0.008799106 -0.004846714 0.999949515 80.059158325
0.999779940 0.011904276 0.017273445 -5.530240536 -0.012008577 0.999910176 0.005947224 -0.814169288 -0.017201096 -0.006153344 0.999833107 80.506118774
0.998854280 0.010760767 0.046631221 -5.484597206 -0.011116843 0.999910831 0.007383395 -0.820226073 -0.046547621 -0.007893327 0.998884857 80.961799622
0.996749759 0.010297836 0.079899542 -5.430918694 -0.011056432 0.999897838 0.009057783 -0.829286337 -0.079798095 -0.009911747 0.996761799 81.413970947
0.993022442 0.010446212 0.117461860 -5.353715897 -0.011625880 0.999888599 0.009362314 -0.832208753 -0.117350966 -0.010662587 0.993033230 81.855636597
0.987217546 0.010301638 0.159045279 -5.267924309 -0.011941504 0.999884844 0.009358384 -0.837554693 -0.158930585 -0.011138003 0.987226844 82.254974365
0.978890300 0.009937655 0.204144642 -5.151762009 -0.012032214 0.999886870 0.009021471 -0.840127230 -0.204031914 -0.011287344 0.978899121 82.671165466
0.967372000 0.012267740 0.253062963 -5.016782761 -0.014496248 0.999870777 0.006943370 -0.848469138 -0.252945065 -0.010385286 0.967424929 83.074134827
0.951808453 0.013556504 0.306393415 -4.865873337 -0.015492498 0.999872327 0.003887533 -0.853096843 -0.306301653 -0.008446986 0.951896966 83.457710266
0.932048023 0.013922043 0.362067074 -4.686361313 -0.015434621 0.999880016 0.001285497 -0.854155242 -0.362005770 -0.006786514 0.932151139 83.823570251
0.907833159 0.013466261 0.419115365 -4.494533539 -0.014859106 0.999889553 0.000059204 -0.869039953 -0.419068277 -0.006281427 0.907932997 84.156547546
0.878930271 0.014027452 0.476743877 -4.282711029 -0.014785686 0.999888361 -0.002161117 -0.874311328 -0.476720959 -0.005149515 0.879039586 84.459220886
0.845306456 0.013004102 0.534123421 -4.041900635 -0.012627015 0.999910831 -0.004360872 -0.880077899 -0.534132481 -0.003058112 0.845395207 84.764320374
0.808427572 0.012525119 0.588462293 -3.779953003 -0.011135714 0.999920130 -0.005984580 -0.886380076 -0.588490248 -0.001714849 0.808502555 85.051536560
0.768520594 0.011440380 0.639722705 -3.501625061 -0.010252325 0.999931931 -0.005565659 -0.892238975 -0.639742911 -0.002281323 0.768585563 85.321090698
0.726204395 0.011235471 0.687386870 -3.208518982 -0.011899137 0.999922156 -0.003772823 -0.897042930 -0.687375784 -0.005439470 0.726281524 85.561767578
0.681328416 0.010268112 0.731905818 -2.904937744 -0.010587214 0.999935269 -0.004172773 -0.899489403 -0.731901288 -0.004905816 0.681393027 85.780944824
0.635388315 0.008257184 0.772148609 -2.574611664 -0.007212600 0.999962687 -0.004758248 -0.915480971 -0.772159100 -0.002545864 0.635424197 85.982467651
0.589929521 0.004988616 0.807439268 -2.243927002 -0.000711523 0.999983728 -0.005658364 -0.924874425 -0.807454348 0.002763525 0.589923561 86.140029907
0.543317556 0.006841293 0.839499414 -1.910221100 -0.003004344 0.999976099 -0.006204671 -0.937708974 -0.839521885 0.000848962 0.543325126 86.307281494
0.496419132 0.010166055 0.868023574 -1.570560455 -0.006302420 0.999947309 -0.008106783 -0.939746797 -0.868060112 -0.001446287 0.496457040 86.463531494
0.451343566 0.011494224 0.892276347 -1.230388641 -0.006812800 0.999932170 -0.009434894 -0.955117643 -0.892324269 -0.001820522 0.451391220 86.591812134
0.408312172 0.009858217 0.912789226 -0.877521515 -0.000352957 0.999943256 -0.010641604 -0.957121253 -0.912842214 0.004022921 0.408292383 86.711769104
0.368098617 0.002194287 0.929784119 -0.509845734 0.014020068 0.999870420 -0.007910191 -0.966285229 -0.929681003 0.015947368 0.368020147 86.815742493
0.332751930 -0.001165507 0.943013549 -0.143449783 0.018028516 0.999824405 -0.005125823 -0.968600988 -0.942842007 0.018706765 0.332714438 86.906829834
0.299399734 0.002490302 0.954124510 0.220886230 0.015477436 0.999852359 -0.007466399 -0.978793383 -0.954002142 0.017002840 0.299317002 87.003166199
0.268530011 0.009981889 0.963219523 0.591144562 0.004764277 0.999920309 -0.011690425 -0.993392825 -0.963259459 0.007728275 0.268461108 87.102294922
0.240017384 0.014831230 0.970655322 0.966104507 -0.000394102 0.999884605 -0.015180390 -1.008911371 -0.970768511 0.003261021 0.239995509 87.189590454
0.214241117 0.016473694 0.976641953 1.357463837 0.000985969 0.999853551 -0.017081510 -1.022893429 -0.976780236 0.004622501 0.214193553 87.255676270
0.190768883 0.017976269 0.981470406 1.766736984 0.008348884 0.999766350 -0.019934148 -1.030896664 -0.981599510 0.011996999 0.190574273 87.311584473
0.170865729 0.023787539 0.985007167 2.177854538 0.015187527 0.999526083 -0.026772695 -1.035580873 -0.985177279 0.019534359 0.170423508 87.351318359
0.151080191 0.031024387 0.988034487 2.600589752 0.017640794 0.999263585 -0.034074426 -1.029420614 -0.988364041 0.022577684 0.150421605 87.405776978
0.133433044 0.031650525 0.990552306 3.040502548 0.015357535 0.999303818 -0.033998892 -1.043011665 -0.990938902 0.019749021 0.132854044 87.461280823
0.118139520 0.027489068 0.992616475 3.499534607 0.013408586 0.999481380 -0.029275050 -1.065191865 -0.992906511 0.016768126 0.117709637 87.510749817
0.103596814 0.024252402 0.994323611 3.967144966 0.013128576 0.999582231 -0.025748499 -1.086184740 -0.994532704 0.015721517 0.103235118 87.552650452
0.090275370 0.021736875 0.995679617 4.446969032 0.015534786 0.999609590 -0.023231162 -1.102609277 -0.995795548 0.017564867 0.089902438 87.589317322
0.078675076 0.021050356 0.996678054 4.941766739 0.019238770 0.999558866 -0.022629859 -1.116352081 -0.996714592 0.020955266 0.078235380 87.614685059
0.068352051 0.021729141 0.997424662 5.451958656 0.022303659 0.999479651 -0.023302346 -1.131197214 -0.997411966 0.023838984 0.067831822 87.642944336
0.060539741 0.022205442 0.997918844 5.980981350 0.024494758 0.999418437 -0.023724809 -1.143680573 -0.997865081 0.025880072 0.059960615 87.665245056
0.055159822 0.022338107 0.998227656 6.522317886 0.026028074 0.999377787 -0.023802094 -1.162647486 -0.998138189 0.027294859 0.054544076 87.687210083
0.049752008 0.023432894 0.998486698 7.081845760 0.027407810 0.999316216 -0.024818016 -1.177136302 -0.998385370 0.028601082 0.049075745 87.708053589
0.043874983 0.024142290 0.998745263 7.669687748 0.027523877 0.999299288 -0.025364805 -1.196575880 -0.998657763 0.028602220 0.043179736 87.731369019
0.038971532 0.024110634 0.998949349 8.267390251 0.029910043 0.999232709 -0.025284337 -1.211546659 -0.998792529 0.030863987 0.038220476 87.754257202
0.036173224 0.024127278 0.999054134 8.890418053 0.031270955 0.999191642 -0.025262842 -1.228577614 -0.998856127 0.032155219 0.035389498 87.770790100
0.033348057 0.023547536 0.999166369 9.527715683 0.032489099 0.999168456 -0.024631936 -1.250063896 -0.998915553 0.033283442 0.032555286 87.784721375
0.030867085 0.022861660 0.999262035 10.183568954 0.034599639 0.999114692 -0.023927063 -1.270291805 -0.998924375 0.035312664 0.030048750 87.803245544
0.030264689 0.022534609 0.999287903 10.861656189 0.038678475 0.998970628 -0.023698883 -1.288933277 -0.998793364 0.039368156 0.029361920 87.816635132
0.031493843 0.022075782 0.999260187 11.550727844 0.042392079 0.998826861 -0.023402296 -1.307451248 -0.998604536 0.043097738 0.030521056 87.832344055
0.033811953 0.021956019 0.999187112 12.257426262 0.044119824 0.998751223 -0.023439439 -1.329249978 -0.998453736 0.044876475 0.032801032 87.858154297
0.037597477 0.022014353 0.999050379 12.981731415 0.046628661 0.998629630 -0.023759866 -1.348609090 -0.998204410 0.047477692 0.036519460 87.881523132
0.042078085 0.021429840 0.998884439 13.719379425 0.047004919 0.998620450 -0.023404261 -1.370676279 -0.998007894 0.047937289 0.041012727 87.911659241
0.046206232 0.019857733 0.998734534 14.479600906 0.048738230 0.998566806 -0.022109261 -1.389258623 -0.997742176 0.049698140 0.045172185 87.945114136
0.049782753 0.018486105 0.998588920 15.242395401 0.047863357 0.998635769 -0.020873107 -1.409728765 -0.997612536 0.048834942 0.048830025 87.993164062
0.054092322 0.016286371 0.998403072 16.038398743 0.045417264 0.998792052 -0.018753368 -1.427707672 -0.997502446 0.046359155 0.053287301 88.039909363
0.057673462 0.015374295 0.998217106 16.831254959 0.044523530 0.998847008 -0.017956406 -1.446466208 -0.997342169 0.045479756 0.056922439 88.101501465
0.061988123 0.016008420 0.997948527 17.636348724 0.042053159 0.998941541 -0.018636506 -1.470958233 -0.997190475 0.043122139 0.061249301 88.157196045
0.065268435 0.020047843 0.997666359 18.437496185 0.039532293 0.998961329 -0.022660118 -1.498464465 -0.997084320 0.040919028 0.064408101 88.200790405
0.066629343 0.025615674 0.997449040 19.239315033 0.033719424 0.999041617 -0.027909026 -1.519695520 -0.997207820 0.035492964 0.065701738 88.265388489
0.066337846 0.028609103 0.997386992 20.047794342 0.030945938 0.999049008 -0.030715041 -1.548650265 -0.997317135 0.032902643 0.065389432 88.329460144
0.066441812 0.028183894 0.997392178 20.866285324 0.028257882 0.999146819 -0.030115895 -1.582155585 -0.997389972 0.030185146 0.065588720 88.393539429
0.066639751 0.026324917 0.997429729 21.680154800 0.025352480 0.999284387 -0.028067704 -1.616903782 -0.997454882 0.027157748 0.065924659 88.451828003
0.066778675 0.024846151 0.997458398 22.499937057 0.026526017 0.999292374 -0.026667722 -1.653374195 -0.997415125 0.028239431 0.066072352 88.505226135
0.066486955 0.024206195 0.997493625 23.321226120 0.024080358 0.999375582 -0.025856916 -1.686575890 -0.997496605 0.025739150 0.065862544 88.577484131
0.066615224 0.024567544 0.997476220 24.132652283 0.022357503 0.999409139 -0.026108265 -1.718632221 -0.997528195 0.024040284 0.066026576 88.637817383
0.066502035 0.025165072 0.997468889 24.939243317 0.019327102 0.999461830 -0.026503906 -1.751248479 -0.997598946 0.021040745 0.065979891 88.700004578
0.065504290 0.026382165 0.997503459 25.755847931 0.016692007 0.999481559 -0.027530616 -1.784675121 -0.997712553 0.018453710 0.065029964 88.756797791
0.062523633 0.026252760 0.997698128 26.569894791 0.013543420 0.999539614 -0.027149953 -1.813211679 -0.997951448 0.015209757 0.062139299 88.817703247
0.058517948 0.025041439 0.997972250 27.376192093 0.010879707 0.999609947 -0.025720481 -1.845810056 -0.998227060 0.012362756 0.058222692 88.872924805
0.053576998 0.022467196 0.998310924 28.201120377 0.009157019 0.999693751 -0.022989752 -1.876940966 -0.998521686 0.010373274 0.053354856 88.925842285
0.047837690 0.020292794 0.998648942 29.015275955 0.007047853 0.999761820 -0.020653017 -1.907921314 -0.998830199 0.008026322 0.047683269 88.964324951
0.040257428 0.020733360 0.998974085 29.823780060 0.006733997 0.999756336 -0.021020960 -1.934521914 -0.999166548 0.007573340 0.040107999 88.998138428
0.031728067 0.021434478 0.999266624 30.612865448 0.006164046 0.999746799 -0.021640493 -1.965932131 -0.999477446 0.006846138 0.031587910 89.017745972
0.021418005 0.022050591 0.999527454 31.415197372 0.006490909 0.999732554 -0.022194207 -1.989480019 -0.999749422 0.006963199 0.021269150 89.038909912
0.011391882 0.020994797 0.999714732 32.218006134 0.008768791 0.999739051 -0.021095229 -2.017593622 -0.999896646 0.009006604 0.011204807 89.044792175
0.000608591 0.020194575 0.999795854 33.008705139 0.007294646 0.999769330 -0.020198481 -2.043810368 -0.999973238 0.007305452 0.000461139 89.044670105
-0.010486160 0.019597832 0.999752939 33.796684265 0.008777130 0.999771059 -0.019506130 -2.068352699 -0.999906540 0.008570416 -0.010655775 89.034202576
-0.021501284 0.019745231 0.999573767 34.582069397 0.009110914 0.999767303 -0.019553065 -2.096883774 -0.999727249 0.008686612 -0.021676170 89.014923096
-0.032648649 0.020385269 0.999258876 35.361366272 0.009286510 0.999755085 -0.020091968 -2.121904612 -0.999423623 0.008623653 -0.032829955 88.989166260
-0.043050613 0.021331208 0.998845100 36.139690399 0.008704415 0.999742091 -0.020975206 -2.151325464 -0.999034941 0.007791367 -0.043225184 88.950546265
-0.053358003 0.022433307 0.998323381 36.900356293 0.009272465 0.999715626 -0.021969004 -2.175882339 -0.998532355 0.008084698 -0.053550839 88.909629822
-0.062733680 0.023089562 0.997763216 37.658840179 0.010702997 0.999690354 -0.022461217 -2.205237627 -0.997972906 0.009269981 -0.062961377 88.853439331
-0.072715297 0.023823770 0.997068167 38.430614471 0.011037692 0.999672711 -0.023081033 -2.229929447 -0.997291625 0.009326986 -0.072954446 88.807037354
-0.082074329 0.024159551 0.996333361 39.170783997 0.011678521 0.999660850 -0.023278203 -2.258444309 -0.996557772 0.009725155 -0.082328625 88.746376038
-0.090611495 0.023587544 0.995606899 39.906097412 0.012983348 0.999662519 -0.022501992 -2.284303188 -0.995801628 0.010887371 -0.090887137 88.675491333
-0.098026566 0.022438718 0.994930744 40.629562378 0.014266363 0.999674857 -0.021140100 -2.311696768 -0.995081544 0.012121752 -0.098314792 88.602462769
-0.102985926 0.020703407 0.994467258 41.374755859 0.017561037 0.999665380 -0.018993026 -2.343393326 -0.994527817 0.015507863 -0.103315026 88.510078430
-0.106427632 0.019273575 0.994133592 42.080825806 0.021059956 0.999631524 -0.017125579 -2.364085197 -0.994097412 0.019113777 -0.106794313 88.421936035
-0.109319091 0.018124336 0.993841469 42.790332794 0.022030585 0.999632478 -0.015806651 -2.388056278 -0.993762553 0.020166937 -0.109678164 88.345489502
-0.111111350 0.017034980 0.993662000 43.475166321 0.021951923 0.999651313 -0.014682988 -2.412966728 -0.993565500 0.020181343 -0.111446545 88.271026611
-0.112016313 0.017555755 0.993551254 44.140190125 0.023153385 0.999618590 -0.015052573 -2.434159994 -0.993436575 0.021317940 -0.112380072 88.197349548
-0.110992163 0.018421585 0.993650496 44.795551300 0.023743775 0.999591947 -0.015879519 -2.456106901 -0.993537605 0.021830512 -0.111384280 88.124298096
-0.107737117 0.020081693 0.993976593 45.416545868 0.024852507 0.999537945 -0.017500285 -2.478776455 -0.993868649 0.022817371 -0.108186439 88.055274963
-0.102777436 0.020673545 0.994489670 46.026706696 0.025013940 0.999521434 -0.018193036 -2.499047041 -0.994389713 0.023006268 -0.103245392 87.995056152
-0.094798498 0.021602361 0.995262086 46.624725342 0.024420677 0.999514043 -0.019368585 -2.516893148 -0.995196879 0.022468859 -0.095279977 87.943420410
-0.083649725 0.021338690 0.996266782 47.202709198 0.022866324 0.999548554 -0.019489054 -2.543598652 -0.996232808 0.021150701 -0.084099904 87.906181335
-0.070008211 0.021511281 0.997314453 47.751289368 0.022636838 0.999544263 -0.019970344 -2.567091703 -0.997289479 0.021177959 -0.070463262 87.876533508
-0.053103391 0.022794114 0.998328745 48.307109833 0.021316508 0.999537468 -0.021687841 -2.593065023 -0.998361409 0.020129187 -0.053564720 87.863739014
-0.031609427 0.025370643 0.999178171 48.840438843 0.019456945 0.999503970 -0.024763385 -2.613699913 -0.999310911 0.018658200 -0.032087378 87.863563538
-0.007102247 0.028277118 0.999574840 49.358459473 0.017330071 0.999453545 -0.028150551 -2.639563560 -0.999824524 0.017122768 -0.007588405 87.878425598
0.020815350 0.029915754 0.999335647 49.877128601 0.015649004 0.999420047 -0.030244241 -2.664188862 -0.999660850 0.016268149 0.020335130 87.913894653
0.054159187 0.029380502 0.998099923 50.393028259 0.013068239 0.999460518 -0.030129669 -2.686584473 -0.998446703 0.014675209 0.053746030 87.962753296
0.092785448 0.026994925 0.995320082 50.889656067 0.012307091 0.999524951 -0.028256254 -2.706681967 -0.995610058 0.014871266 0.092409149 88.021583557
0.134537995 0.023273509 0.990635037 51.389087677 0.009991141 0.999641478 -0.024841994 -2.725362539 -0.990857959 0.013239767 0.134257212 88.119575500
0.179912746 0.018977340 0.983499467 51.874286652 0.006985099 0.999764025 -0.020568967 -2.749046564 -0.983657658 0.010570461 0.179737717 88.231910706
0.228614777 0.015487250 0.973393738 52.356857300 0.002721633 0.999859333 -0.016547546 -2.769626617 -0.973513126 0.006432234 0.228540465 88.375335693
0.280227691 0.014125455 0.959829628 52.825046539 -0.000764892 0.999894679 -0.014491766 -2.783562183 -0.959933221 0.003326826 0.280208945 88.532890320
0.335723758 0.014240106 0.941852868 53.280616760 -0.001477439 0.999892414 -0.014590991 -2.793417931 -0.941959321 0.003507011 0.335708678 88.721343994
0.393782854 0.014420638 0.919090390 53.719696045 0.000874458 0.999870598 -0.016062750 -2.808164358 -0.919202983 0.007128941 0.393719226 88.936691284
0.451282889 0.018593511 0.892187178 54.116279602 0.002107495 0.999757886 -0.021901328 -2.814522505 -0.892378449 0.011763975 0.451134413 89.201705933
0.510923803 0.021783151 0.859349966 54.512714386 0.003653530 0.999614775 -0.027510840 -2.829760551 -0.859618187 0.017195601 0.510647416 89.473632812
0.570273161 0.026603758 0.821024239 54.887390137 -0.000249050 0.999481022 -0.032213334 -2.833764315 -0.821455121 0.018165920 0.569983780 89.758255005
0.625405014 0.028713156 0.779771805 55.228782654 -0.004390377 0.999436378 -0.033280510 -2.859685659 -0.780287921 0.017390305 0.625178456 90.094078064
0.676815987 0.030624783 0.735514879 55.523178101 -0.006626819 0.999347270 -0.035512071 -2.867945671 -0.736122370 0.019161010 0.676577151 90.438934326
0.726901591 0.027854796 0.686176479 55.838573456 -0.006597677 0.999414206 -0.033581182 -2.893103600 -0.686709940 0.019883044 0.726659477 90.796737671
0.771722615 0.024539409 0.635485768 56.096134186 -0.008651162 0.999567807 -0.028092694 -2.907843590 -0.635900557 0.016182071 0.771601319 91.179672241
0.812501311 0.022272458 0.582533777 56.340461731 -0.010838491 0.999674320 -0.023104103 -2.897328138 -0.582858562 0.012458328 0.812478065 91.602607727
0.848888159 0.018658578 0.528243065 56.538955688 -0.012217842 0.999802351 -0.015680868 -2.916769981 -0.528431237 0.006857313 0.848948359 92.002212524
0.880147099 0.015490309 0.474448234 56.726818085 -0.013012244 0.999879181 -0.008506184 -2.923664570 -0.474522710 0.001313058 0.880242288 92.435104370
0.905525208 0.016716283 0.423962951 56.886558533 -0.017134786 0.999849200 -0.002825195 -2.936148405 -0.423946142 -0.004706226 0.905675113 92.877418518
0.925371170 0.018056234 0.378632009 57.005088806 -0.020085827 0.999797225 0.001411063 -2.954156637 -0.378529757 -0.008910893 0.925546169 93.288421631
0.940522969 0.024112951 0.338873178 57.123615265 -0.027217593 0.999619782 0.004411659 -2.965061903 -0.338637918 -0.013372576 0.940821648 93.735961914
0.952206731 0.029212637 0.304054022 57.226158142 -0.031738587 0.999490499 0.003367649 -2.968191385 -0.303800642 -0.012856941 0.952648759 94.184127808
0.961554945 0.030117314 0.272955775 57.348678589 -0.032322753 0.999471068 0.003585662 -2.961674929 -0.272703439 -0.012270496 0.962019801 94.649467468
0.967660069 0.025297385 0.250986129 57.461589813 -0.027033670 0.999628484 0.003471956 -2.964389324 -0.250805050 -0.010144750 0.967984378 95.121124268
0.971609354 0.022255246 0.235541523 57.565773010 -0.024016825 0.999700904 0.004612292 -2.975475550 -0.235368371 -0.010138306 0.971853316 95.609970093
0.974408567 0.026999621 0.223157093 57.657073975 -0.028603746 0.999583006 0.003958527 -2.972358704 -0.222957134 -0.010240350 0.974774420 96.104736328
0.976451874 0.032046743 0.213341594 57.749675751 -0.033851366 0.999415278 0.004810263 -2.973804235 -0.213062629 -0.011918894 0.976965845 96.612205505
0.977451622 0.040327575 0.207272768 57.843303680 -0.041944038 0.999114096 0.003408169 -2.975349665 -0.206951708 -0.012025177 0.978277206 97.118156433
0.977775097 0.046253610 0.204490900 57.935829163 -0.047310658 0.998880208 0.000280543 -2.983765125 -0.204248875 -0.009948906 0.978868484 97.627334595
0.977835715 0.047652345 0.203878641 58.035713196 -0.048221178 0.998834252 -0.002179726 -2.992516518 -0.203744844 -0.007699855 0.978993714 98.152969360
0.977613389 0.045170046 0.205503568 58.171440125 -0.044895209 0.998973608 -0.006002450 -2.995277405 -0.205563784 -0.003358051 0.978637934 98.664184570
0.976868391 0.044197671 0.209224299 58.294494629 -0.042512886 0.999017119 -0.012545086 -3.000582695 -0.209573135 0.003360170 0.977787256 99.211906433
0.976011992 0.044174362 0.213187903 58.418556213 -0.041400157 0.998989999 -0.017462052 -3.002990246 -0.213743955 0.008217163 0.976855159 99.764533997
0.974763155 0.049140915 0.217766166 58.535598755 -0.046639711 0.998773694 -0.016614046 -3.021377802 -0.218315542 0.006038205 0.975859523 100.349998474
0.973276258 0.052122183 0.223643735 58.662284851 -0.050447501 0.998639584 -0.013199158 -3.024463415 -0.224027410 0.001564159 0.974581599 100.943244934
0.972412169 0.048866436 0.228093266 58.811679840 -0.048243515 0.998800993 -0.008309155 -3.039362431 -0.228225827 -0.002924100 0.973603845 101.534011841
0.971736252 0.044775318 0.231783420 58.963756561 -0.045374572 0.998966098 -0.002747885 -3.049609184 -0.231666863 -0.007846856 0.972763538 102.147972107
0.970901370 0.042159911 0.235739112 59.116264343 -0.043896634 0.999033809 0.002121554 -3.059011459 -0.235421941 -0.012407974 0.971814156 102.775787354
0.970416248 0.037032921 0.238580629 59.276962280 -0.038796924 0.999243438 0.002700420 -3.065725803 -0.238300145 -0.011876730 0.971118987 103.404052734
0.970371425 0.033936091 0.239222959 59.431365967 -0.034806192 0.999393821 -0.000587692 -3.069876909 -0.239097923 -0.007756161 0.970964491 104.052627563
0.970563769 0.033549961 0.238496020 59.601074219 -0.032668244 0.999436975 -0.007649843 -3.077657461 -0.238618374 -0.000366585 0.971113324 104.699859619
0.970732808 0.035736375 0.237488165 59.758605957 -0.033286586 0.999343276 -0.014318692 -3.085608006 -0.237843901 0.005994453 0.971284926 105.358741760
0.971208572 0.038974132 0.235021070 59.910934448 -0.035657413 0.999195695 -0.018347263 -3.089638710 -0.235547110 0.009438775 0.971817195 106.042266846
0.971849561 0.037197512 0.232647121 60.076301575 -0.034906827 0.999293089 -0.013956885 -3.098682404 -0.233001858 0.005443019 0.972460985 106.733055115
0.972316563 0.033077069 0.231314167 60.243984222 -0.032589335 0.999451220 -0.005930277 -3.117159367 -0.231383368 -0.001772271 0.972860992 107.422386169
0.972897291 0.033602327 0.228783101 60.410324097 -0.034502767 0.999404550 -0.000064107 -3.128846645 -0.228648990 -0.007831282 0.973477304 108.146430969
0.973167658 0.036661930 0.227157697 60.564231873 -0.037566658 0.999294043 -0.000340730 -3.146240473 -0.227009833 -0.008201968 0.973857880 108.867286682
0.973444462 0.042742711 0.224897638 60.724704742 -0.042596485 0.999077201 -0.005504536 -3.144097328 -0.224925369 -0.004221489 0.974366784 109.597038269
0.974356234 0.043592196 0.220748022 60.891731262 -0.042242046 0.999048769 -0.010835567 -3.151404381 -0.221010357 0.001232855 0.975270689 110.338821411
0.975232542 0.042114135 0.217135713 61.051853180 -0.040082589 0.999101698 -0.013753877 -3.163987637 -0.217519879 0.004709866 0.976044536 111.093460083
0.976171494 0.039832607 0.213313505 61.217758179 -0.038107827 0.999199271 -0.012193004 -3.177120686 -0.213628352 0.003773547 0.976907790 111.862731934
0.977041066 0.036343228 0.209928274 61.383739471 -0.034955341 0.999335527 -0.010319152 -3.189136028 -0.210163802 0.002744121 0.977662325 112.646080017
0.977444947 0.035034426 0.208264410 61.548259735 -0.034267630 0.999386072 -0.007289796 -3.206725359 -0.208391964 -0.000011354 0.978045404 113.428024292
0.977805853 0.031692669 0.207102165 61.717342377 -0.031346157 0.999496222 -0.004955256 -3.215286255 -0.207154840 -0.001646580 0.978306830 114.229377747
0.978020310 0.026840320 0.206774592 61.886787415 -0.026644474 0.999637961 -0.003732378 -3.226292372 -0.206799895 -0.001859060 0.978381515 115.027511597
0.978169501 0.027420638 0.205991492 62.058006287 -0.027575959 0.999617457 -0.002117483 -3.238624096 -0.205970794 -0.003609156 0.978551388 115.833580017
0.977901042 0.032757565 0.206486031 62.218017578 -0.032583416 0.999459982 -0.004244932 -3.245966196 -0.206513569 -0.002576896 0.978440344 116.651405334
0.977583826 0.038699567 0.206959188 62.378158569 -0.037944935 0.999250770 -0.007616051 -3.254266024 -0.207098901 -0.000407726 0.978319824 117.462310791
0.977047861 0.047032446 0.207763150 62.540924072 -0.046147712 0.998893142 -0.009105888 -3.267010212 -0.207961455 -0.000690907 0.978136659 118.281028748
0.976111174 0.053032879 0.210700050 62.701637268 -0.052419279 0.998588860 -0.008500278 -3.284342289 -0.210853547 -0.002747524 0.977513731 119.099563599
0.975280881 0.055957966 0.213766173 62.870105743 -0.055795658 0.998418927 -0.006797449 -3.296455860 -0.213808611 -0.005297801 0.976861179 119.933685303
0.974701405 0.056451514 0.216264576 63.048442841 -0.056133788 0.998394072 -0.007616495 -3.312843800 -0.216347247 -0.004715939 0.976305008 120.755691528
0.974391460 0.054719407 0.218098596 63.230335236 -0.053745661 0.998500466 -0.010399120 -3.327634811 -0.218340576 -0.001589039 0.975871384 121.592948914
0.974407613 0.048679955 0.219454020 63.427200317 -0.047902368 0.998812616 -0.008866195 -3.345430374 -0.219625026 -0.001873079 0.975582659 122.427253723
0.974571228 0.042109616 0.220085710 63.613952637 -0.040840633 0.999112427 -0.010314794 -3.363764763 -0.220324710 0.001064064 0.975426018 123.261535645
0.974384129 0.041697342 0.220990703 63.804672241 -0.040460438 0.999129832 -0.010122828 -3.388449669 -0.221220493 0.000922144 0.975223362 124.082046509
0.973899007 0.043784399 0.222718954 63.994674683 -0.043174025 0.999038517 -0.007611183 -3.399032593 -0.222838074 -0.002203151 0.974852920 124.920433044
0.973433375 0.046062969 0.224289134 64.172080994 -0.046852347 0.998900175 -0.001804261 -3.413653851 -0.224125579 -0.008752143 0.974521101 125.745994568
0.973050535 0.049537409 0.225208133 64.351287842 -0.051384423 0.998676181 0.002343633 -3.428870678 -0.224793896 -0.013852663 0.974307895 126.574295044
0.972843945 0.048881687 0.226241335 64.536598206 -0.049273655 0.998777568 -0.003917770 -3.448254108 -0.226156309 -0.007336356 0.974063456 127.394592285
0.973182142 0.044225659 0.225744322 64.733276367 -0.041101888 0.998983324 -0.018521244 -3.463236570 -0.226333931 0.008746026 0.974010527 128.206314087
