0.999999940 0.000000000 0.000000000 -0.000000954 0.000000000 1.000000000 0.000000000 0.000000238 0.000000000 0.000000000 0.999999940 0.000000000
0.999996066 -0.002413697 -0.001373308 -0.006298744 0.002417731 0.999992728 0.002943433 -0.017085014 0.001366190 -0.002946743 0.999994636 1.521056652
0.999991715 -0.002818368 -0.002942171 -0.009692947 0.002829531 0.999988854 0.003796947 -0.034526367 0.002931434 -0.003805241 0.999988437 3.042176485
0.999989092 -0.001737960 -0.004323117 -0.025113307 0.001752896 0.999992430 0.003453377 -0.048565060 0.004317083 -0.003460917 0.999984682 4.553822517
0.999982774 -0.000974607 -0.005786783 -0.040309355 0.000994476 0.999993622 0.003431747 -0.065780044 0.005783398 -0.003437442 0.999977291 6.056110382
0.999972820 -0.001311448 -0.007248484 -0.055728648 0.001336601 0.999993086 0.003466466 -0.075890206 0.007243884 -0.003476060 0.999967694 7.556667805
0.999958932 -0.001785043 -0.008890666 -0.077180475 0.001821919 0.999989688 0.004141401 -0.094075233 0.008883184 -0.004157429 0.999951959 9.063314438
0.999937475 -0.003556042 -0.010597013 -0.098918691 0.003590574 0.999988198 0.003241416 -0.107074961 0.010585363 -0.003279261 0.999938607 10.561249733
0.999917865 -0.004471842 -0.012007462 -0.117917970 0.004514627 0.999983490 0.003538401 -0.123022564 0.011991440 -0.003592320 0.999921620 12.043578148
0.999902129 -0.004267194 -0.013325416 -0.145252079 0.004313992 0.999984682 0.003485121 -0.140200362 0.013310338 -0.003542266 0.999905109 13.533797264
0.999890029 -0.003995153 -0.014285115 -0.171291724 0.004045604 0.999985635 0.003504534 -0.155123726 0.014270911 -0.003561941 0.999891818 15.006061554
0.999882996 -0.001973026 -0.015171051 -0.200316951 0.002036412 0.999989271 0.004163751 -0.171119303 0.015162675 -0.004194159 0.999876261 16.491415024
0.999880433 -0.000865081 -0.015440344 -0.231087700 0.000936295 0.999988973 0.004605581 -0.182972476 0.015436189 -0.004619487 0.999870062 17.971788406
0.999865532 -0.000039221 -0.016400998 -0.260982007 0.000128028 0.999985397 0.005413722 -0.195295542 0.016400546 -0.005415094 0.999850750 19.440687180
0.999861896 -0.000426230 -0.016609661 -0.288351327 0.000519959 0.999983907 0.005639156 -0.212848082 0.016606994 -0.005647015 0.999846041 20.907487869
0.999850214 0.000753737 -0.017283056 -0.319977641 -0.000656793 0.999983966 0.005614180 -0.222357333 0.017287014 -0.005601989 0.999834776 22.373096466
0.999846518 0.000293425 -0.017516129 -0.335840702 -0.000185585 0.999980986 0.006157927 -0.234109372 0.017517596 -0.006153731 0.999827623 23.843265533
0.999849021 0.001304718 -0.017324302 -0.369617283 -0.001176794 0.999971986 0.007392166 -0.245679840 0.017333459 -0.007370664 0.999822557 25.287796021
0.999847651 0.001678102 -0.017371826 -0.397087306 -0.001570873 0.999979615 0.006184382 -0.258680344 0.017381847 -0.006156150 0.999829948 26.727563858
0.999846756 0.001871756 -0.017399846 -0.428477645 -0.001803636 0.999990642 0.003929802 -0.264208078 0.017407035 -0.003897818 0.999840975 28.164472580
0.999854565 0.000628998 -0.017036995 -0.462510198 -0.000564629 0.999992728 0.003782684 -0.279440016 0.017039251 -0.003772514 0.999847710 29.581941605
0.999859154 -0.000241427 -0.016779818 -0.488638371 0.000351604 0.999978304 0.006563444 -0.294905812 0.016777869 -0.006568419 0.999837637 31.026657104
0.999860406 -0.001997635 -0.016585533 -0.521221936 0.002129036 0.999966443 0.007908814 -0.310513526 0.016569175 -0.007943021 0.999831200 32.428092957
0.999863088 -0.002981503 -0.016271798 -0.544125319 0.003097781 0.999969780 0.007125429 -0.320181519 0.016250063 -0.007174859 0.999842167 33.843673706
0.999871910 -0.002848641 -0.015745856 -0.579458177 0.002933512 0.999981225 0.005369554 -0.333627820 0.015730264 -0.005415058 0.999861538 35.216983795
0.999880075 -0.002093426 -0.015342432 -0.606290817 0.002164004 0.999987125 0.004585046 -0.347420096 0.015332634 -0.004617698 0.999871731 36.578472137
0.999897361 -0.001286548 -0.014268169 -0.640681207 0.001338976 0.999992430 0.003665545 -0.362226933 0.014263341 -0.003684274 0.999891400 37.931030273
0.999913633 -0.000628698 -0.013128639 -0.660599589 0.000691251 0.999988377 0.004760610 -0.380920291 0.013125498 -0.004769273 0.999902427 39.273849487
0.999931574 -0.000133664 -0.011697285 -0.690040171 0.000212721 0.999977112 0.006757584 -0.395631760 0.011696118 -0.006759610 0.999908745 40.597675323
0.999951363 -0.000604068 -0.009844346 -0.705556393 0.000680308 0.999969780 0.007743043 -0.410561323 0.009839371 -0.007749364 0.999921560 41.909435272
0.999972641 -0.000201379 -0.007393600 -0.726842999 0.000263613 0.999964535 0.008417269 -0.423701882 0.007391641 -0.008418988 0.999937236 43.190670013
0.999991357 -0.000471195 -0.004112405 -0.730923414 0.000503941 0.999968112 0.007965532 -0.438549399 0.004108519 -0.007967534 0.999959826 44.454677582
0.999999225 -0.001119510 -0.000454728 -0.742559135 0.001122206 0.999981523 0.005973566 -0.448194057 0.000448031 -0.005974072 0.999982119 45.711585999
0.999994934 -0.001019364 0.002982798 -0.749316752 0.001005710 0.999988973 0.004575350 -0.468741208 -0.002987430 -0.004572326 0.999985099 46.908466339
0.999975443 -0.000647029 0.006968603 -0.743895531 0.000611714 0.999986947 0.005068586 -0.480627239 -0.006971794 -0.005064198 0.999962926 48.124320984
0.999919236 -0.000655928 0.012689409 -0.742094457 0.000593113 0.999987602 0.004953332 -0.496127874 -0.012692501 -0.004945406 0.999907255 49.351528168
0.999818742 0.001072234 0.019006895 -0.723789930 -0.001147862 0.999991477 0.003968478 -0.506263912 -0.019002477 -0.003989574 0.999811471 50.540454865
0.999645650 0.002387895 0.026510390 -0.705441356 -0.002493741 0.999989033 0.003960271 -0.519515276 -0.026500640 -0.004024978 0.999640703 51.733093262
0.999385178 0.003550124 0.034876999 -0.665171862 -0.003718390 0.999981880 0.004760886 -0.528595328 -0.034859456 -0.004887648 0.999380171 52.935966492
0.998964310 0.005851887 0.045120884 -0.621205568 -0.006111887 0.999965489 0.005626488 -0.543490410 -0.045086402 -0.005896435 0.998965621 54.103271484
0.998280346 0.007940506 0.058080040 -0.568452597 -0.008271332 0.999950886 0.005457857 -0.555779457 -0.058033843 -0.005928870 0.998296976 55.236598969
0.997275651 0.009674931 0.073127747 -0.499882698 -0.010126760 0.999931812 0.005810386 -0.566470385 -0.073066555 -0.006535104 0.997305512 56.372520447
0.995921969 0.012412739 0.089360841 -0.412107468 -0.013099028 0.999888897 0.007097627 -0.578207850 -0.089262821 -0.008239223 0.995974004 57.503223419
0.994172633 0.012472006 0.107075408 -0.302012920 -0.013400622 0.999878407 0.007957398 -0.589402437 -0.106963158 -0.009345905 0.994219065 58.610557556
0.991920173 0.012286292 0.126266420 -0.176120758 -0.013307182 0.999885082 0.007244869 -0.602755487 -0.126162902 -0.008866582 0.991969883 59.700923920
0.989107788 0.011645131 0.146731555 -0.020944595 -0.012662915 0.999901712 0.006004174 -0.604609251 -0.146647245 -0.007796825 0.989158094 60.808990479
0.985863686 0.008469192 0.167335108 0.151926994 -0.009629208 0.999934852 0.006122121 -0.622453094 -0.167272359 -0.007646881 0.985881031 61.823188782
0.981971145 0.003624106 0.188996270 0.351351738 -0.005293190 0.999951243 0.008327311 -0.631235123 -0.188956842 -0.009177571 0.981942594 62.859775543
0.977206469 -0.001953755 0.212281808 0.573226929 -0.000117775 0.999952495 0.009745312 -0.641233861 -0.212290749 -0.009548184 0.977159798 63.902233124
0.971764147 -0.007061366 0.235848457 0.825492859 0.005069107 0.999946177 0.009052462 -0.647783041 -0.235899657 -0.007601319 0.971747637 64.914802551
0.965227544 -0.013001386 0.261087626 1.097966194 0.011460424 0.999906719 0.007423791 -0.659193993 -0.261159807 -0.004173474 0.965286553 65.897232056
0.957679033 -0.016513636 0.287364155 1.397939682 0.014763906 0.999856830 0.008254996 -0.664906323 -0.287459373 -0.003663019 0.957785904 66.878089905
0.949045599 -0.019211274 0.314552605 1.709627151 0.016736109 0.999804020 0.010567958 -0.674352407 -0.314694017 -0.004765087 0.949181080 67.830734253
0.939327538 -0.023686448 0.342202991 2.053409576 0.020396398 0.999704719 0.013210159 -0.675985813 -0.342414856 -0.005428956 0.939533114 68.772636414
0.928399622 -0.026771924 0.370617568 2.423151016 0.023650307 0.999636114 0.012965513 -0.683656394 -0.370829821 -0.003271958 0.928695023 69.681289673
0.916174412 -0.025583595 0.399962395 2.808090210 0.023821896 0.999672174 0.009376378 -0.688427210 -0.400071174 0.000937464 0.916483581 70.578918457
0.903234065 -0.027365608 0.428274989 3.226678848 0.028318776 0.999590337 0.004146669 -0.699063659 -0.428213030 0.008382811 0.903638959 71.430114746
0.889008641 -0.029366225 0.456948042 3.670003891 0.032104243 0.999482989 0.001772847 -0.706909657 -0.456763893 0.013093893 0.889491677 72.279975891
0.873402059 -0.030108090 0.486068279 4.139181137 0.031533767 0.999488950 0.005248334 -0.717909694 -0.485977948 0.010743659 0.873905003 73.115028381
0.855712891 -0.028828552 0.516647160 4.633592606 0.027181687 0.999572575 0.010754948 -0.723291934 -0.516736388 0.004840191 0.856130898 73.936790466
0.835981190 -0.029061219 0.547988117 5.150413513 0.025205256 0.999576330 0.014558318 -0.730725825 -0.548178971 0.001641700 0.836359382 74.740890503
0.814914763 -0.023059689 0.579121888 5.687473297 0.021238016 0.999725103 0.009922219 -0.735658407 -0.579191566 0.004213641 0.815180600 75.504821777
0.792935848 -0.016118230 0.609091997 6.253582001 0.018372066 0.999827921 0.002540814 -0.737117290 -0.609028101 0.009175575 0.793095529 76.252655029
0.770406604 -0.013639725 0.637407005 6.843597412 0.017388739 0.999848664 0.000378505 -0.739340246 -0.637315691 0.010792102 0.770527184 76.969429016
0.746977985 -0.016203146 0.664651275 7.467559814 0.018435264 0.999823332 0.003655373 -0.749084353 -0.664593101 0.009522540 0.747144818 77.669784546
0.722543538 -0.016817071 0.691120803 8.106109619 0.018897664 0.999810934 0.004571565 -0.763041258 -0.691067040 0.009757416 0.722724855 78.330894470
0.697107911 -0.014464605 0.716820240 8.760150909 0.019104462 0.999816060 0.001596041 -0.773466170 -0.716711581 0.012581851 0.697256029 78.973800659
0.671212137 -0.012346936 0.741162479 9.439075470 0.019207109 0.999815166 -0.000738557 -0.781759322 -0.741016448 0.014731316 0.671325207 79.569656372
0.643738270 -0.009714397 0.765183985 10.134796143 0.017210571 0.999850214 -0.001785400 -0.790717006 -0.765052080 0.014318585 0.643809199 80.175338745
0.615875483 -0.008054160 0.787802398 10.852531433 0.017044319 0.999849796 -0.003102585 -0.802805722 -0.787659109 0.015338358 0.615920365 80.730690002
0.586693525 -0.001845563 0.809806824 11.589485168 0.015725883 0.999834716 -0.009114541 -0.819663286 -0.809656382 0.018082367 0.586625636 81.287315369
0.556587398 0.007476621 0.830755472 12.348323822 0.014607377 0.999716759 -0.018783851 -0.834888279 -0.830660641 0.022590013 0.556320548 81.799430847
0.525735736 0.015815310 0.850501001 13.116127014 0.013381635 0.999549568 -0.026858741 -0.860194802 -0.850542784 0.025501689 0.525287211 82.278968811
0.493903518 0.020931644 0.869264722 13.935317993 0.010670721 0.999488950 -0.030130353 -0.883492947 -0.869451225 0.024157168 0.493427843 82.747512817
0.461426318 0.020334983 0.886945486 14.766973495 0.008937178 0.999579966 -0.027566848 -0.914980173 -0.887133658 0.020646857 0.461050779 83.185104370
0.428459913 0.019318683 0.903354287 15.612436295 0.004219795 0.999717593 -0.023380909 -0.944411993 -0.903550863 0.013829754 0.428257436 83.584121704
0.393655002 0.020356352 0.919032872 16.481828690 0.000163783 0.999753118 -0.022214441 -0.976662755 -0.919258237 0.008895349 0.393554509 83.983810425
0.358331889 0.023680404 0.933293939 17.355947495 -0.007203165 0.999718487 -0.022600185 -1.001488209 -0.933566451 0.001375695 0.358401656 84.335937500
0.322643042 0.025627190 0.946173728 18.257091522 -0.012127644 0.999663115 -0.022940459 -1.026751280 -0.946443021 -0.004073280 0.322845161 84.645721436
0.286167711 0.024557954 0.957864761 19.178710938 -0.014270951 0.999669790 -0.021366233 -1.061057210 -0.958073199 -0.007555314 0.286423713 84.947616577
0.249757320 0.023985051 0.968011320 20.110586166 -0.015051493 0.999668539 -0.020885997 -1.091217756 -0.968191385 -0.009353586 0.250035495 85.191162109
0.214002118 0.023732543 0.976544857 21.057346344 -0.014359267 0.999673247 -0.021147899 -1.116276741 -0.976727664 -0.009496770 0.214272976 85.393539429
0.178387016 0.022522321 0.983702600 22.028306961 -0.012828549 0.999706209 -0.020562368 -1.145027757 -0.983876705 -0.008951419 0.178623542 85.578758240
0.144405186 0.021565139 0.989283681 22.995342255 -0.004527871 0.999766409 -0.021132719 -1.172984242 -0.989508212 -0.001427675 0.144469082 85.700157166
0.110495873 0.024984397 0.993562520 23.951261520 -0.002220668 0.999687552 -0.024891458 -1.204712868 -0.993873954 0.000544029 0.110516854 85.800201416
0.077448301 0.029792497 0.996551156 24.938806534 -0.001775646 0.999555886 -0.029744327 -1.241512060 -0.996994793 0.000534126 0.077466801 85.889488220
0.048427209 0.033638973 0.998260081 25.915262222 0.005248138 0.999410391 -0.033932324 -1.275699377 -0.998812973 0.006882255 0.048222102 85.925117493
0.023153789 0.031970028 0.999220610 26.904491425 0.007144206 0.999457717 -0.032143153 -1.312514544 -0.999706507 0.007882874 0.022912834 85.939910889
0.000507418 0.029070461 0.999577165 27.936847687 0.008499336 0.999541044 -0.029073725 -1.349946618 -0.999963760 0.008510496 0.000260106 85.949081421
-0.018200198 0.026529480 0.999482274 28.930639267 0.008733062 0.999613941 -0.026373945 -1.385757089 -0.999796271 0.008248531 -0.018424857 85.926338196
-0.035048012 0.029733654 0.998943150 29.928064346 0.010603650 0.999512076 -0.029378558 -1.425513983 -0.999329388 0.009562784 -0.035346199 85.898872375
-0.049341753 0.033928700 0.998205483 30.927692413 0.013362359 0.999355793 -0.033307292 -1.459361076 -0.998692513 0.011694942 -0.049763337 85.840698242
-0.061623871 0.039042678 0.997335553 31.914293289 0.017804930 0.999118567 -0.038012348 -1.504019737 -0.997940600 0.015415021 -0.062264711 85.781677246
-0.070237346 0.042833623 0.996610165 32.946018219 0.022739680 0.998886764 -0.041328851 -1.546757936 -0.997271001 0.019759772 -0.071133159 85.697525024
-0.076265663 0.048209697 0.995921314 33.943862915 0.026324153 0.998579562 -0.046322517 -1.595660567 -0.996739864 0.022683971 -0.077426396 85.616737366
-0.079780854 0.052964430 0.995404303 34.946315765 0.028172914 0.998308361 -0.050860900 -1.650668383 -0.996414244 0.023985719 -0.081138052 85.532424927
-0.082588278 0.057025675 0.994950831 35.955959320 0.030450163 0.998039722 -0.054675117 -1.710292935 -0.996118486 0.025780892 -0.084162816 85.446685791
-0.085197695 0.059917927 0.994560719 36.960113525 0.031140072 0.997862577 -0.057449270 -1.772918701 -0.995877326 0.026076147 -0.086881444 85.355354309
-0.087545067 0.063692190 0.994122326 37.998882294 0.032046646 0.997617424 -0.061093997 -1.834303141 -0.995644867 0.026509816 -0.089377604 85.262107849
-0.089366801 0.067837633 0.993685961 39.003391266 0.033435673 0.997319818 -0.065078698 -1.897364378 -0.995437324 0.027408680 -0.091395468 85.162651062
-0.091560841 0.068863928 0.993415534 40.016288757 0.036012668 0.997182369 -0.065805830 -1.973865271 -0.995148122 0.029750308 -0.093782827 85.071998596
-0.093599513 0.067506045 0.993318737 41.031883240 0.036014084 0.997275293 -0.064381346 -2.046102524 -0.994958341 0.029747406 -0.095775642 84.973808289
-0.095883496 0.067262009 0.993117332 42.060379028 0.035570756 0.997308552 -0.064111575 -2.119594097 -0.994756758 0.029178699 -0.098017998 84.877075195
-0.098399371 0.068533853 0.992784202 43.081298828 0.035314489 0.997237861 -0.065341115 -2.189548492 -0.994520187 0.028630156 -0.100547820 84.782768250
-0.100429527 0.070715949 0.992427945 44.103088379 0.034922089 0.997106731 -0.067515403 -2.268637419 -0.994331121 0.027877115 -0.102608532 84.667503357
-0.102765940 0.072759099 0.992040992 45.133850098 0.033421069 0.997010589 -0.069661498 -2.350435972 -0.994143963 0.025996238 -0.104890428 84.557922363
-0.105566233 0.076226890 0.991486371 46.159210205 0.031011049 0.996825159 -0.073335521 -2.431741476 -0.993928552 0.023005281 -0.107594945 84.459899902
-0.107872717 0.080548115 0.990896344 47.198196411 0.027367558 0.996575236 -0.078030422 -2.509624243 -0.993787885 0.018701062 -0.109707691 84.355682373
-0.110629350 0.083086684 0.990382671 48.248241425 0.025062323 0.996415794 -0.080793284 -2.595276594 -0.993545651 0.015883185 -0.112315178 84.244476318
-0.113371357 0.081590518 0.990197062 49.301002502 0.022846619 0.996572971 -0.079500109 -2.679307938 -0.993289948 0.013609615 -0.114846930 84.119598389
-0.116367310 0.077316515 0.990192354 50.357460022 0.019522905 0.996950865 -0.075549908 -2.765111446 -0.993014336 0.010539889 -0.117521934 84.003074646
-0.119144686 0.075772986 0.989981353 51.397331238 0.019911792 0.997065485 -0.073918812 -2.851557493 -0.992677152 0.010905272 -0.120303810 83.891326904
-0.120533966 0.075862944 0.989806294 52.477802277 0.020137774 0.997057498 -0.073966414 -2.947233677 -0.992504895 0.011017029 -0.121707022 83.752731323
-0.122109897 0.078751348 0.989387453 53.524093628 0.020795761 0.996831477 -0.076777250 -3.026621342 -0.992298603 0.011199800 -0.123360679 83.631668091
-0.122324899 0.081655644 0.989125311 54.578548431 0.021821037 0.996590137 -0.079573259 -3.112864971 -0.992250144 0.011849949 -0.123689599 83.490013123
-0.122932397 0.082288131 0.988997579 55.659210205 0.020504709 0.996554255 -0.080368131 -3.204660654 -0.992203176 0.010399260 -0.124196105 83.362052917
-0.122992985 0.080994636 0.989096880 56.724697113 0.017661732 0.996684670 -0.079419784 -3.295502186 -0.992250383 0.007701088 -0.124015726 83.233879089
-0.123420462 0.080264531 0.989103138 57.777301788 0.013407944 0.996767461 -0.079213440 -3.382534027 -0.992263854 0.003485278 -0.124097675 83.120269775
-0.122902840 0.081565745 0.989061117 58.842338562 0.010071347 0.996667922 -0.080941588 -3.476782322 -0.992367625 0.000013231 -0.123314813 82.986366272
-0.123237938 0.081812084 0.988999069 59.922077179 0.005706342 0.996638000 -0.081732936 -3.566964388 -0.992360771 -0.004429028 -0.123290464 82.862655640
-0.123345509 0.080704845 0.989076614 61.004478455 0.002494156 0.996709645 -0.081016630 -3.667606115 -0.992360711 -0.007526126 -0.123140961 82.727668762
-0.123675846 0.075724989 0.989429116 62.093818665 0.002978388 0.997107804 -0.075940400 -3.756795883 -0.992318153 -0.006445086 -0.123543687 82.603500366
-0.124075331 0.067228325 0.989992738 63.187381744 0.006137659 0.997735023 -0.066984855 -3.841646910 -0.992253721 -0.002234930 -0.124206945 82.472450256
-0.123731665 0.061857034 0.990385830 64.282287598 0.011960184 0.998075604 -0.060843099 -3.924623966 -0.992243588 0.004316980 -0.124233387 82.331298828
-0.122723073 0.064257823 0.990358472 65.387123108 0.020588711 0.997851789 -0.062192708 -3.998536110 -0.992227316 0.012757728 -0.123782389 82.176788330
-0.121289007 0.069805525 0.990159690 66.473632812 0.026299851 0.997399926 -0.067094393 -4.073379993 -0.992268682 0.017903242 -0.122809514 82.035896301
-0.120676205 0.075605735 0.989808500 67.574226379 0.029650763 0.996925056 -0.072534338 -4.153411865 -0.992249012 0.020595413 -0.122546896 81.900207520
-0.120430924 0.079810075 0.989508450 68.665664673 0.030545916 0.996588886 -0.076663494 -4.241457462 -0.992251635 0.020992782 -0.122458033 81.777168274
-0.120095931 0.076943137 0.989776194 69.783882141 0.027387138 0.996869206 -0.074171498 -4.327697754 -0.992384434 0.018199438 -0.121827215 81.647827148
-0.119597889 0.072442174 0.990175903 70.881179810 0.027079187 0.997201383 -0.069685414 -4.418062687 -0.992453039 0.018478928 -0.121224858 81.522422791
-0.119314231 0.070778258 0.990330517 72.044609070 0.025372718 0.997347534 -0.068222865 -4.498492241 -0.992532253 0.016987426 -0.120793574 81.368942261
-0.119445592 0.071478330 0.990264416 73.170654297 0.023348063 0.997331560 -0.069172196 -4.579858780 -0.992566109 0.014858449 -0.120795749 81.242233276
-0.119559042 0.076159678 0.989901721 74.287551880 0.025198836 0.996965110 -0.073659636 -4.678941727 -0.992507279 0.016137702 -0.121115342 81.122039795
-0.117771707 0.079093166 0.989885867 75.441719055 0.024540771 0.996750414 -0.076721899 -4.757733345 -0.992737353 0.015256889 -0.119330034 80.956405640
-0.116723359 0.077960618 0.990099907 76.590644836 0.024604669 0.996835351 -0.075590283 -4.845806122 -0.992859542 0.015537923 -0.118272178 80.814544678
-0.116902761 0.071074411 0.990596890 77.737892151 0.025892042 0.997314870 -0.068500862 -4.939877033 -0.992805719 0.017640637 -0.118429147 80.684089661
-0.117456883 0.069561094 0.990638733 78.900039673 0.024999885 0.997434616 -0.067074157 -5.024802208 -0.992763162 0.016887533 -0.118894607 80.548851013
-0.117564127 0.072266616 0.990432322 80.045661926 0.022276759 0.997289479 -0.070122719 -5.112915039 -0.992815375 0.013819706 -0.118855350 80.434219360
-0.117020406 0.075780630 0.990234137 81.232131958 0.022132903 0.997035861 -0.073685609 -5.193485737 -0.992882848 0.013294035 -0.118350782 80.288314819
-0.117294706 0.075359970 0.990233779 82.402404785 0.020966733 0.997082353 -0.073397614 -5.281599522 -0.992875814 0.012152813 -0.118532524 80.159225464
-0.116106614 0.072115012 0.990615368 83.593315125 0.020882403 0.997317433 -0.070155345 -5.369086742 -0.993017197 0.012540926 -0.117301106 80.007263184
-0.115803897 0.070714034 0.990751684 84.785896301 0.020730620 0.997417331 -0.068766683 -5.463962555 -0.993055761 0.012575450 -0.116970778 79.874816895
-0.114703685 0.071088307 0.990852892 85.973419189 0.022058297 0.997372508 -0.069002509 -5.552809715 -0.993154764 0.013941688 -0.115970403 79.741065979
-0.113424897 0.071387067 0.990978658 87.166931152 0.024500359 0.997312963 -0.069039129 -5.641620636 -0.993244469 0.016448583 -0.114869155 79.597656250
-0.112476721 0.071006797 0.991114020 88.375465393 0.024102369 0.997344911 -0.068717942 -5.726069927 -0.993362010 0.016159032 -0.113889523 79.459403992
-0.111178055 0.071745880 0.991207421 89.576637268 0.025330780 0.997271240 -0.069343574 -5.814487934 -0.993477583 0.017398572 -0.112692058 79.324607849
-0.110145733 0.070028521 0.991445422 90.766548157 0.024521021 0.997402608 -0.067725100 -5.904435158 -0.993612945 0.016851621 -0.111576818 79.199279785
-0.109049343 0.068615578 0.991665363 91.986038208 0.023502717 0.997513890 -0.066435747 -5.998263359 -0.993758380 0.016062051 -0.110390902 79.059623718
-0.107352175 0.068184659 0.991880238 93.198791504 0.024617167 0.997521937 -0.065908149 -6.081895828 -0.993916214 0.017341897 -0.108764663 78.929031372
-0.105304390 0.068648569 0.992067754 94.428291321 0.022729876 0.997519910 -0.066613145 -6.175549030 -0.994180143 0.015534918 -0.106603593 78.794982910
-0.104459397 0.071486250 0.991956651 95.653900146 0.022911893 0.997321546 -0.069460116 -6.260223389 -0.994265079 0.015471842 -0.105817482 78.668807983
-0.103452414 0.070173495 0.992155969 96.874557495 0.020302705 0.997449279 -0.068430915 -6.347070694 -0.994427085 0.013064105 -0.104613245 78.549072266
-0.102726445 0.069028750 0.992311656 98.122863770 0.017341804 0.997561872 -0.067598715 -6.442051411 -0.994558394 0.010264297 -0.103673071 78.422859192
-0.102649026 0.070235908 0.992234945 99.361587524 0.014655832 0.997502625 -0.069092602 -6.528230667 -0.994609594 0.007449741 -0.103422031 78.299423218
-0.102760814 0.069416374 0.992281020 100.588653564 0.011568111 0.997577906 -0.068588942 -6.621567726 -0.994638801 0.004430563 -0.103314936 78.173622131
-0.103822634 0.066726461 0.992354989 101.833099365 0.008823394 0.997769415 -0.066167422 -6.714785576 -0.994556606 0.001886265 -0.104179807 78.047927856
-0.105043754 0.065422654 0.992313325 103.100685120 0.006520175 0.997857571 -0.065097988 -6.802062035 -0.994446278 -0.000368080 -0.105245255 77.921783447
-0.106968381 0.064989150 0.992136180 104.362060547 0.004249386 0.997882247 -0.064907394 -6.887876034 -0.994253278 -0.002727070 -0.107018016 77.802474976
-0.107909165 0.064610355 0.992059112 105.609718323 0.004690244 0.997907758 -0.064481117 -6.985922813 -0.994149685 -0.002305104 -0.107986465 77.660743713
-0.110330142 0.063247547 0.991880476 106.866523743 0.004184728 0.997993886 -0.063171886 -7.072892189 -0.993886113 -0.002819013 -0.110373482 77.527763367
-0.113563336 0.058371000 0.991814673 108.135955811 0.000877795 0.998278201 -0.058650892 -7.161594868 -0.993530333 -0.005789981 -0.113419026 77.393089294
-0.117779136 0.058479056 0.991316497 109.394607544 0.000050526 0.998264909 -0.058882955 -7.241542816 -0.993039846 -0.006885095 -0.117577717 77.248130798
-0.123271942 0.064527765 0.990272701 110.627044678 -0.004082774 0.997842252 -0.065529235 -7.325632572 -0.992364526 -0.012120976 -0.122742519 77.102127075
-0.130620420 0.067533344 0.989129603 111.847579956 -0.003429342 0.997640550 -0.068567283 -7.414226055 -0.991426528 -0.012348353 -0.130080670 76.953880310
-0.139223829 0.063716628 0.988209009 113.103454590 -0.001331948 0.997914791 -0.064530097 -7.505439758 -0.990259945 -0.010300372 -0.138848662 76.774475098
-0.150008902 0.061718758 0.986756384 114.329483032 0.000846285 0.998057246 -0.062296946 -7.594932556 -0.988684237 -0.008510021 -0.149769723 76.591781616
-0.163069651 0.062338777 0.984643102 115.551338196 0.001110291 0.998012781 -0.063001342 -7.688429832 -0.986613870 -0.009180368 -0.162814826 76.397834778
-0.176881686 0.062445533 0.982249200 116.770843506 0.003352500 0.998017728 -0.062844291 -7.776967049 -0.984226406 -0.007823016 -0.176740408 76.177551270
-0.191692486 0.060567010 0.979584396 117.997604370 0.003467579 0.998129487 -0.061035093 -7.860902786 -0.981448948 -0.008303184 -0.191543937 75.954368591
-0.206796572 0.063192077 0.976341069 119.197013855 0.007707485 0.997986257 -0.062960520 -7.949200153 -0.978353679 -0.005494887 -0.206867188 75.698760986
-0.222243890 0.066507958 0.972719967 120.375526428 0.007590992 0.997758627 -0.066485524 -8.037542343 -0.974961579 -0.007392093 -0.222250536 75.438552856
-0.237510428 0.070323609 0.968836129 121.543014526 0.007346706 0.997477472 -0.070601523 -8.128107071 -0.971357226 -0.009650841 -0.237427950 75.159881592
-0.253220260 0.068221629 0.965000153 122.720138550 0.004119028 0.997577369 -0.069443859 -8.224883080 -0.967399836 -0.013609723 -0.252887785 74.858833313
-0.269595623 0.062631786 0.960934639 123.882186890 -0.001459448 0.997854888 -0.065447643 -8.314619064 -0.962972403 -0.019046836 -0.268925935 74.556182861
-0.285391808 0.058392677 0.956630409 125.065635681 -0.005653252 0.998022258 -0.062605776 -8.404048920 -0.958394170 -0.023275251 -0.284497261 74.226272583
-0.300773650 0.059719093 0.951823950 126.212867737 -0.007591287 0.997855961 -0.065006040 -8.490771294 -0.953665316 -0.026777674 -0.299675435 73.881118774
-0.314574689 0.061973576 0.947207451 127.366195679 -0.007415546 0.997675478 -0.067738354 -8.576254845 -0.949203730 -0.028332826 -0.313383847 73.501060486
-0.328719109 0.064212576 0.942242324 128.503234863 -0.006061757 0.997521937 -0.070094585 -8.666905403 -0.944408238 -0.028753070 -0.327515215 73.117614746
-0.342783302 0.063731857 0.937250137 129.637344360 -0.003890857 0.997591138 -0.069258004 -8.768508911 -0.939406574 -0.027387189 -0.341709644 72.709350586
-0.356762290 0.061531559 0.932166576 130.759460449 -0.004352908 0.997708142 -0.067523867 -8.862949371 -0.934185028 -0.028147606 -0.355676860 72.292022705
-0.371122837 0.060450587 0.926614046 131.882522583 -0.004309647 0.997755826 -0.066817828 -8.955835342 -0.928573668 -0.028791007 -0.370029449 71.843940735
-0.385964572 0.061842747 0.920438468 132.982482910 -0.005796066 0.997568130 -0.069455415 -9.047195435 -0.922495425 -0.032142255 -0.384667456 71.395729065
-0.401147932 0.064005569 0.913774371 134.056396484 -0.004873401 0.997392476 -0.072002061 -9.138422012 -0.916000366 -0.033336665 -0.399790049 70.943740845
-0.415550858 0.065615900 0.907200098 135.161392212 -0.003607469 0.997267962 -0.073782727 -9.235194206 -0.909562767 -0.033933185 -0.414178789 70.442138672
-0.429783136 0.068514325 0.900328994 136.242446899 -0.000319554 0.997105360 -0.076031461 -9.331495285 -0.902932048 -0.032964747 -0.428517163 69.924758911
-0.445000112 0.071266778 0.892690241 137.323791504 -0.001291984 0.996776223 -0.080220394 -9.434993744 -0.895529509 -0.036851432 -0.443473518 69.408309937
-0.459884077 0.073758960 0.884910285 138.387908936 -0.000143448 0.996537983 -0.083137885 -9.532584190 -0.887978911 -0.038360730 -0.458281428 68.860748291
-0.475403786 0.070859261 0.876909494 139.466461182 -0.001756012 0.996672630 -0.081488818 -9.637498856 -0.879765987 -0.040279958 -0.473697543 68.296951294
-0.491718829 0.066209041 0.868233204 140.537902832 -0.004790218 0.996884286 -0.078732520 -9.742855072 -0.870740891 -0.042873293 -0.489869595 67.711944580
-0.507793903 0.066293605 0.858924091 141.611236572 -0.005229969 0.996779084 -0.080025509 -9.847370148 -0.861462653 -0.045128606 -0.505811632 67.101730347
-0.523519278 0.065639175 0.849481642 142.659057617 -0.006284708 0.996703386 -0.080888085 -9.946820259 -0.851990461 -0.047685213 -0.521380901 66.468307495
-0.539534390 0.064593136 0.839482248 143.705780029 -0.007029319 0.996672511 -0.081205726 -10.046199799 -0.841934144 -0.049714267 -0.537285030 65.810577393
-0.555016756 0.063961379 0.829376400 144.734619141 -0.008277442 0.996565402 -0.082394205 -10.155162811 -0.831797898 -0.052595284 -0.552581072 65.135444641
-0.570402682 0.063436389 0.818911791 145.767654419 -0.008525473 0.996502042 -0.083131604 -10.262356758 -0.821320832 -0.054400105 -0.567866683 64.430999756
-0.585817099 0.060733661 0.808164537 146.779510498 -0.008889395 0.996646583 -0.081341818 -10.368963242 -0.810394585 -0.054835521 -0.583312750 63.718757629
-0.600703955 0.057151418 0.797426164 147.798263550 -0.009151340 0.996884644 -0.078340314 -10.474388123 -0.799419045 -0.054356858 -0.598309636 62.961601257
-0.615262449 0.055555072 0.786362350 148.788726807 -0.008155283 0.997011781 -0.076817878 -10.580766678 -0.788280070 -0.053676169 -0.612970889 62.192150116
-0.630141258 0.054049391 0.774597049 149.767333984 -0.008800554 0.997013211 -0.076728337 -10.683509827 -0.776430607 -0.055166580 -0.627783477 61.413455963
-0.644929528 0.055037308 0.762257695 150.731277466 -0.009912586 0.996717095 -0.080352806 -10.791147232 -0.764177740 -0.059377845 -0.642266810 60.614315033
-0.660240114 0.054370474 0.749083996 151.687194824 -0.012152453 0.996472239 -0.083037704 -10.896434784 -0.750956237 -0.063928016 -0.657250285 59.796798706
-0.676191509 0.051144939 0.734948337 152.638000488 -0.013928026 0.996521592 -0.082162283 -11.006881714 -0.736594200 -0.065793820 -0.673127115 58.956493378
-0.692386508 0.043547485 0.720211446 153.569946289 -0.017376395 0.996881068 -0.076981343 -11.118253708 -0.721317530 -0.065815523 -0.689470232 58.087329865
-0.709252357 0.040985461 0.703762352 154.493408203 -0.018494938 0.996882915 -0.076695338 -11.223033905 -0.704712033 -0.067412384 -0.706283510 57.186988831
-0.726573825 0.038385514 0.686015308 155.390090942 -0.020094607 0.996824026 -0.077059232 -11.327462196 -0.686794460 -0.069774427 -0.723494828 56.266124725
-0.743906319 0.034660839 0.667384505 156.264007568 -0.023218373 0.996710718 -0.077645078 -11.432106018 -0.667880535 -0.073256232 -0.740654528 55.324546814
-0.760666907 0.032430738 0.648331702 157.120712280 -0.023099018 0.996766508 -0.076961420 -11.541749954 -0.648731232 -0.073517829 -0.757458150 54.361007690
-0.776560724 0.034568839 0.629093349 157.941696167 -0.020875866 0.996533632 -0.080529191 -11.646665573 -0.629696608 -0.075668670 -0.773147166 53.364994049
-0.791497052 0.034836788 0.610179186 158.736816406 -0.016438186 0.996799588 -0.078232862 -11.762725830 -0.610951722 -0.071951322 -0.788391232 52.347995758
-0.806467772 0.035026435 0.590239584 159.523254395 -0.013650718 0.996874809 -0.077808812 -11.876935959 -0.591120481 -0.070807479 -0.803469419 51.333976746
-0.820833921 0.036426201 0.570004344 160.270355225 -0.011837094 0.996665001 -0.080738008 -11.984899521 -0.571044505 -0.073019676 -0.817665219 50.282928467
-0.834570527 0.037522756 0.549621940 160.993469238 -0.011186910 0.996317685 -0.085005425 -12.100894928 -0.550787747 -0.077091575 -0.831077456 49.223491669
-0.847625375 0.037735414 0.529251575 161.693161011 -0.008471982 0.996378124 -0.084609687 -12.221273422 -0.530527472 -0.076201126 -0.844235718 48.132465363
-0.859226823 0.035853613 0.510337055 162.363784790 -0.007365702 0.996570766 -0.082415104 -12.337117195 -0.511541784 -0.074572250 -0.856016099 47.026180267
-0.869713545 0.037620086 0.492121011 163.007553101 -0.004489822 0.996446550 -0.084107898 -12.451687813 -0.493536413 -0.075359315 -0.866454065 45.908790588
-0.879050374 0.040604006 0.474996626 163.618301392 -0.001515141 0.996123135 -0.087955303 -12.566659927 -0.476726562 -0.078036830 -0.875580847 44.786781311
-0.888010263 0.038127404 0.458240122 164.219589233 -0.003400400 0.995984793 -0.089459412 -12.687660217 -0.459811002 -0.080999091 -0.884314895 43.651294708
-0.896373212 0.035356246 0.441887975 164.808135986 -0.004467954 0.996043146 -0.088758476 -12.811206818 -0.443277717 -0.081535041 -0.892668366 42.509490967
-0.903447926 0.033381164 0.427396178 165.368713379 -0.005368375 0.996004641 -0.089139432 -12.933038712 -0.428664148 -0.082827263 -0.899659276 41.349361420
-0.910028934 0.031406082 0.413353324 165.912811279 -0.005816521 0.996060491 -0.088485003 -13.059807777 -0.414503843 -0.082928196 -0.906261265 40.175891876
-0.916303158 0.028845057 0.399445325 166.438125610 -0.006927897 0.996111870 -0.087824158 -13.178988457 -0.400425583 -0.083240867 -0.912540495 39.006530762
-0.921723723 0.024062635 0.387099981 166.939727783 -0.009364688 0.996401846 -0.084235862 -13.296358109 -0.387734115 -0.081267267 -0.918181837 37.813453674
-0.927015245 0.020617982 0.374456286 167.458465576 -0.010675087 0.996632278 -0.081303224 -13.412315369 -0.374871582 -0.079366699 -0.923673213 36.614967346
-0.931480646 0.021137303 0.363176167 167.941696167 -0.008008355 0.996877313 -0.078559451 -13.521160126 -0.363702625 -0.076085053 -0.928402722 35.400890350
-0.934448421 0.025401780 0.355191171 168.391693115 -0.003151627 0.996823430 -0.079580024 -13.642248154 -0.356084406 -0.075482853 -0.931400120 34.222358704
-0.936675787 0.030543184 0.348863244 168.841094971 0.002284568 0.996701062 -0.081127837 -13.752769470 -0.350190282 -0.075193480 -0.933655560 33.021572113
-0.938698709 0.033816729 0.343075931 169.288208008 0.005309300 0.996477306 -0.083695099 -13.861489296 -0.344697624 -0.076742984 -0.935571432 31.813915253
-0.940509558 0.030938102 0.338355631 169.731384277 0.003106477 0.996587157 -0.082489647 -13.977472305 -0.339752972 -0.076531209 -0.937395811 30.607324600
-0.942231774 0.023457507 0.334139258 170.178604126 -0.003122935 0.996886432 -0.078790456 -14.091170311 -0.334947139 -0.075282380 -0.939224660 29.387376785
-0.944153547 0.017420478 0.329044938 170.622497559 -0.008575086 0.996964276 -0.077386968 -14.197563171 -0.329394132 -0.075886779 -0.941137969 28.171720505
-0.945623279 0.011007491 0.325077444 171.049179077 -0.015355982 0.996801913 -0.078422107 -14.310686111 -0.324901104 -0.079149649 -0.942430139 26.955366135
-0.946810305 0.008455511 0.321681082 171.475570679 -0.018698459 0.996520042 -0.081229441 -14.419680595 -0.321248472 -0.082923815 -0.943357348 25.745681763
-0.947722375 0.008601733 0.318980157 171.895019531 -0.019053131 0.996327639 -0.083476126 -14.533636093 -0.318526715 -0.085189760 -0.944078088 24.547519684
-0.947933435 0.009475111 0.318327516 172.308456421 -0.018833863 0.996139944 -0.085734941 -14.646776199 -0.317911029 -0.087266348 -0.944095969 23.341537476
-0.947823048 0.012221662 0.318562567 172.718231201 -0.016562596 0.996027529 -0.087491527 -14.765813828 -0.318366379 -0.088202685 -0.943855464 22.111747742
-0.947346747 0.013134319 0.319940329 173.130096436 -0.016215313 0.995908797 -0.088898160 -14.887086868 -0.319798976 -0.089405283 -0.943257868 20.896301270
-0.946956396 0.014359700 0.321041107 173.551635742 -0.015766637 0.995722234 -0.091043137 -15.010334015 -0.320975155 -0.091275603 -0.942678988 19.673393250
-0.946139812 0.015693389 0.323377967 173.965789795 -0.014386256 0.995800138 -0.090417057 -15.139341354 -0.323438793 -0.090199366 -0.941940188 18.465812683
-0.945458889 0.015119632 0.325390309 174.390579224 -0.015381005 0.995735824 -0.090959281 -15.260444641 -0.325377971 -0.091003090 -0.941194713 17.262218475
-0.944157660 0.013787840 0.329205632 174.812820435 -0.016939269 0.995771646 -0.090286680 -15.393139839 -0.329058528 -0.090821341 -0.939931870 16.075218201
-0.942373037 0.012432859 0.334332585 175.240478516 -0.018329775 0.995889723 -0.088699818 -15.506978035 -0.334061205 -0.089716583 -0.938271821 14.867446899
-0.940470874 0.010106311 0.339723825 175.682037354 -0.020157900 0.996139586 -0.085437655 -15.631697655 -0.339275897 -0.087199762 -0.936636567 13.684421539
-0.937825024 0.007772416 0.347021401 176.122833252 -0.022401879 0.996309698 -0.082855918 -15.746637344 -0.346384794 -0.085478276 -0.934190094 12.497196198
-0.935335040 0.010037451 0.353620976 176.575912476 -0.020568648 0.996363401 -0.082686082 -15.860757828 -0.353164881 -0.084612675 -0.931727111 11.328659058
-0.931837022 0.011044442 0.362708777 177.026504517 -0.020172974 0.996414423 -0.082167208 -15.983098984 -0.362315685 -0.083883353 -0.928273082 10.148700714
-0.927940488 0.013734464 0.372475207 177.490753174 -0.019306161 0.996208429 -0.084830754 -16.093961716 -0.372228056 -0.085908972 -0.924156904 8.991065979
-0.923463881 0.015132535 0.383386612 177.968566895 -0.018215017 0.996366322 -0.083201818 -16.214832306 -0.383252531 -0.083817273 -0.919832706 7.818420410
-0.919016957 0.017201697 0.393842429 178.476318359 -0.017594846 0.996262133 -0.084570259 -16.329193115 -0.393825054 -0.084651113 -0.915279210 6.681602478
-0.913755417 0.018698962 0.405834258 178.997436523 -0.017627900 0.996174514 -0.085589185 -16.446819305 -0.405882150 -0.085361585 -0.909930348 5.560684204
-0.907380998 0.021090174 0.419779778 179.527786255 -0.016387595 0.996205628 -0.085473269 -16.560102463 -0.419989616 -0.084435977 -0.903592527 4.404296875
-0.901134849 0.020459766 0.433055758 180.081069946 -0.017271297 0.996398687 -0.083014347 -16.674362183 -0.433194637 -0.082286574 -0.897536218 3.246902466
-0.894707859 0.022903342 0.446064234 180.647888184 -0.015946142 0.996409893 -0.083145529 -16.793075562 -0.446367085 -0.081503972 -0.891130447 2.115386963
-0.887447476 0.025345623 0.460211247 181.209014893 -0.014477447 0.996461332 -0.082796581 -16.898040771 -0.460681170 -0.080140315 -0.883940160 0.996360779
-0.880399048 0.027026968 0.473462671 181.805450439 -0.012700828 0.996672809 -0.080510743 -17.005447388 -0.474063396 -0.076894969 -0.877126575 -0.097610474
-0.872943997 0.028858867 0.486965925 182.416992188 -0.010567995 0.996895552 -0.078023016 -17.111721039 -0.487705767 -0.073255964 -0.869929075 -1.185279846
-0.864369988 0.031980336 0.501838446 183.024169922 -0.007070127 0.997104049 -0.075719431 -17.223331451 -0.502806664 -0.068997666 -0.861640751 -2.254638672
-0.855994940 0.034945354 0.515801668 183.665069580 -0.004079149 0.997225225 -0.074331120 -17.327852249 -0.516967893 -0.065731108 -0.853477418 -3.283317566
-0.844956338 0.038144596 0.533473432 184.304138184 -0.001169123 0.997319341 -0.073162399 -17.427421570 -0.534834087 -0.062442739 -0.842646718 -4.340118408
-0.834401488 0.040863216 0.549640298 184.966064453 0.001231676 0.997383535 -0.072281070 -17.526002884 -0.551155746 -0.059634473 -0.832268715 -5.342315674
-0.822850287 0.042617939 0.566657901 185.643020630 0.003420249 0.997536957 -0.070057489 -17.641227722 -0.568247914 -0.055708695 -0.820969403 -6.344924927
-0.811432302 0.044492379 0.582750499 186.352722168 0.004224959 0.997518539 -0.070276581 -17.736194611 -0.584431231 -0.054562598 -0.809606791 -7.322509766
-0.798558533 0.047021557 0.600077569 187.079620361 0.006273779 0.997539937 -0.069817483 -17.833278656 -0.601884425 -0.051988594 -0.796889186 -8.297264099
-0.785194039 0.047492091 0.617425919 187.825347900 0.007058360 0.997676373 -0.067764491 -17.925872803 -0.619209468 -0.048850268 -0.783704758 -9.246986389
-0.769941211 0.049462512 0.636195004 188.594345093 0.009010568 0.997734606 -0.066666439 -18.016942978 -0.638051271 -0.045596763 -0.768642604 -10.189186096
