1.000000000 0.000000000 0.000000000 0.000000000 0.000000000 0.999999940 0.000000000 0.000000000 0.000000000 0.000000000 0.999999940 -0.000000238
0.999996066 -0.002403596 -0.001425243 -0.005403895 0.002407697 0.999992967 0.002882595 -0.015485313 0.001418304 -0.002886016 0.999994814 1.525328040
0.999992073 -0.002756478 -0.002874083 -0.009664609 0.002767356 0.999988973 0.003787486 -0.034221377 0.002863611 -0.003795409 0.999988675 3.045678139
0.999989450 -0.001730062 -0.004265637 -0.026046883 0.001744564 0.999992609 0.003398395 -0.047338750 0.004259726 -0.003405800 0.999985039 4.560343742
0.999982774 -0.000937086 -0.005797275 -0.040990207 0.000956630 0.999993861 0.003369368 -0.064283535 0.005794083 -0.003374855 0.999977469 6.065487385
0.999973357 -0.001321269 -0.007186351 -0.056252144 0.001345572 0.999993384 0.003378000 -0.075099960 0.007181842 -0.003387579 0.999968410 7.565051079
0.999956787 -0.001792057 -0.009119838 -0.072422810 0.001829142 0.999990046 0.004059721 -0.095891252 0.009112469 -0.004076227 0.999950051 9.080412865
0.999936223 -0.003541442 -0.010726879 -0.096096829 0.003575035 0.999988794 0.003114171 -0.108704619 0.010715728 -0.003152321 0.999937594 10.576444626
0.999917388 -0.004562523 -0.012014485 -0.115476593 0.004603254 0.999983728 0.003364642 -0.122315496 0.011998933 -0.003419670 0.999922037 12.064361572
0.999903142 -0.004162317 -0.013281651 -0.139754400 0.004206475 0.999985695 0.003298488 -0.139477015 0.013267729 -0.003354038 0.999906361 13.551471710
0.999889135 -0.003887609 -0.014372814 -0.174253330 0.003935828 0.999986708 0.003328133 -0.154989064 0.014359683 -0.003384332 0.999891162 15.032417297
0.999882638 -0.002276549 -0.015147479 -0.193230808 0.002336563 0.999989450 0.003945475 -0.170286328 0.015138335 -0.003980405 0.999877453 16.497896194
0.999876380 -0.000986099 -0.015690137 -0.227414772 0.001056389 0.999989450 0.004472238 -0.182159618 0.015685558 -0.004488261 0.999866843 17.971357346
0.999862611 -0.000075624 -0.016573552 -0.248826101 0.000167327 0.999984562 0.005531789 -0.200098068 0.016572876 -0.005533801 0.999847293 19.466722488
0.999858856 -0.000141669 -0.016798886 -0.282976240 0.000232279 0.999985397 0.005391969 -0.209077477 0.016797876 -0.005395109 0.999844313 20.931165695
0.999846220 0.000667416 -0.017526159 -0.305067003 -0.000571504 0.999984860 0.005476953 -0.220323175 0.017529545 -0.005466093 0.999831498 22.420938492
0.999842882 0.001763202 -0.017640999 -0.340605170 -0.001659302 0.999981284 0.005902542 -0.230022877 0.017651074 -0.005872342 0.999826968 23.876817703
0.999846339 0.002120530 -0.017405210 -0.369845808 -0.001995030 0.999971867 0.007224713 -0.244471133 0.017420037 -0.007188878 0.999822378 25.327840805
0.999844730 0.002427728 -0.017454732 -0.398011804 -0.002320999 0.999978423 0.006132305 -0.261269182 0.017469242 -0.006090839 0.999828815 26.765611649
0.999843538 0.002751418 -0.017479017 -0.429892719 -0.002682817 0.999988556 0.003946981 -0.269252419 0.017489679 -0.003899470 0.999839365 28.196350098
0.999854922 0.000999369 -0.017002704 -0.464007765 -0.000936753 0.999992669 0.003690290 -0.282573223 0.017006265 -0.003673827 0.999848545 29.614198685
0.999856710 0.000084780 -0.016924746 -0.494312525 0.000024569 0.999979019 0.006460590 -0.298638612 0.016924936 -0.006460081 0.999835849 31.025653839
0.999860466 -0.001486279 -0.016634036 -0.525313497 0.001615051 0.999968708 0.007730706 -0.311796576 0.016622026 -0.007756494 0.999831736 32.441879272
0.999863625 -0.002197287 -0.016368296 -0.558142006 0.002310983 0.999973238 0.006930413 -0.319047987 0.016352626 -0.006967295 0.999841988 33.845252991
0.999870121 -0.002440159 -0.015932141 -0.581512868 0.002524098 0.999983013 0.005250619 -0.336009681 0.015919061 -0.005290152 0.999859273 35.229297638
0.999876976 -0.001413124 -0.015625777 -0.610559285 0.001480967 0.999989510 0.004331020 -0.347465754 0.015619492 -0.004353627 0.999868512 36.588272095
0.999890566 -0.000865772 -0.014769015 -0.629508257 0.000916918 0.999993563 0.003456656 -0.364367366 0.014765926 -0.003469819 0.999884963 37.959560394
0.999907911 -0.000142861 -0.013569736 -0.653156281 0.000204699 0.999989569 0.004555769 -0.382201612 0.013568943 -0.004558127 0.999897540 39.287326813
0.999926031 0.000031150 -0.012155615 -0.680212557 0.000049110 0.999978304 0.006602341 -0.397000611 0.012155555 -0.006602450 0.999904275 40.630031586
0.999944270 -0.000378471 -0.010544284 -0.699513614 0.000459194 0.999970615 0.007654203 -0.411145508 0.010541075 -0.007658619 0.999915063 41.921352386
0.999965906 -0.000250088 -0.008251341 -0.712257862 0.000320400 0.999963582 0.008521046 -0.429561615 0.008248908 -0.008523401 0.999929607 43.201129913
0.999988019 -0.000463859 -0.004875932 -0.727906108 0.000502832 0.999967933 0.007994610 -0.441011637 0.004872066 -0.007996965 0.999956131 44.476470947
0.999998629 -0.001160083 -0.001202151 -0.739379942 0.001167344 0.999980927 0.006057032 -0.454175651 0.001195100 -0.006058428 0.999980867 45.729137421
0.999996543 -0.001309362 0.002258402 -0.739438295 0.001299435 0.999989629 0.004391334 -0.468930155 -0.002264129 -0.004388386 0.999987781 46.938137054
0.999981642 -0.000728643 0.005998355 -0.733540893 0.000697746 0.999986529 0.005151437 -0.484758854 -0.006002028 -0.005147158 0.999968648 48.150638580
0.999933183 -0.000832552 0.011527315 -0.730694711 0.000773406 0.999986470 0.005134470 -0.499655485 -0.011531435 -0.005125212 0.999920309 49.375869751
0.999832213 0.000969678 0.018291753 -0.717636883 -0.001041556 0.999991775 0.003920431 -0.509759188 -0.018287800 -0.003938825 0.999824941 50.577003479
0.999671400 0.002141202 0.025542507 -0.695042729 -0.002238626 0.999990404 0.003786219 -0.521233618 -0.025534153 -0.003842156 0.999666512 51.774383545
0.999420285 0.003369614 0.033874549 -0.656242490 -0.003532563 0.999982476 0.004751686 -0.532001495 -0.033857949 -0.004868597 0.999414742 52.968997955
0.998992145 0.005937347 0.044489153 -0.618484974 -0.006192299 0.999965191 0.005595030 -0.545775890 -0.044454385 -0.005864882 0.998994231 54.138568878
0.998330295 0.007796453 0.057237759 -0.563924789 -0.008118390 0.999952495 0.005394145 -0.560213089 -0.057192985 -0.005849815 0.998345971 55.266174316
0.997370720 0.009296592 0.071869105 -0.490659714 -0.009732097 0.999936342 0.005711920 -0.571193337 -0.071811423 -0.006396339 0.997397721 56.402793884
0.996021152 0.012046304 0.088299617 -0.406909943 -0.012731813 0.999893010 0.007204339 -0.586275697 -0.088203385 -0.008299888 0.996067882 57.523151398
0.994297564 0.012124921 0.105949260 -0.294984818 -0.013040393 0.999883413 0.007952169 -0.594919503 -0.105840459 -0.009288443 0.994339705 58.634216309
0.992084622 0.011972926 0.124999009 -0.166012287 -0.012980180 0.999889433 0.007246724 -0.608158112 -0.124898426 -0.008811872 0.992130399 59.724872589
0.989320576 0.011197858 0.145324856 -0.009824753 -0.012220645 0.999906361 0.006147108 -0.610997677 -0.145242393 -0.007857424 0.989364922 60.822654724
0.986081958 0.007878088 0.166072771 0.163878441 -0.008997101 0.999941587 0.005986858 -0.625876009 -0.166015923 -0.007397707 0.986095250 61.862548828
0.982246161 0.002857025 0.187574491 0.364396095 -0.004482434 0.999955952 0.008241820 -0.634879589 -0.187542692 -0.008936286 0.982215703 62.897571564
0.977470219 -0.002323098 0.211060345 0.582233429 0.000286760 0.999953091 0.009678223 -0.643224955 -0.211072907 -0.009399654 0.977425098 63.945575714
0.972006381 -0.007265039 0.234842196 0.831168175 0.005263200 0.999944210 0.009149853 -0.651977003 -0.234895602 -0.007657692 0.971990466 64.958206177
0.965527654 -0.013161206 0.259967744 1.103960037 0.011602717 0.999904335 0.007528642 -0.662887216 -0.260042012 -0.004252779 0.965587914 65.948554993
0.958066702 -0.017110784 0.286034226 1.406248093 0.015429067 0.999847889 0.008132264 -0.665677547 -0.286129892 -0.003378009 0.958184898 66.927635193
0.949413717 -0.019318078 0.313432902 1.715131760 0.016846312 0.999802113 0.010592781 -0.675739288 -0.313575476 -0.004776743 0.949551225 67.887786865
0.939799726 -0.023856327 0.340891838 2.060434341 0.020497229 0.999699533 0.013452549 -0.679691195 -0.341110259 -0.005655365 0.940006196 68.824890137
0.928818524 -0.026806997 0.369563818 2.425594330 0.023595808 0.999634266 0.013207380 -0.687430680 -0.369782776 -0.003547101 0.929111481 69.739639282
0.916669428 -0.025896583 0.398806036 2.813697815 0.024195483 0.999663949 0.009299305 -0.689125896 -0.398912907 0.001124917 0.916988134 70.640785217
0.903698921 -0.027424704 0.427289277 3.227813721 0.028347511 0.999589205 0.004202827 -0.699037969 -0.427229017 0.008314497 0.904105186 71.492668152
0.889535725 -0.029286487 0.455926061 3.670587540 0.031938914 0.999487936 0.001887775 -0.707329988 -0.455747962 0.012882540 0.890015602 72.342689514
0.873842776 -0.030056009 0.485278755 4.138223648 0.031443857 0.999491453 0.005283025 -0.716218472 -0.485190779 0.010642503 0.874343455 73.184547424
0.856217802 -0.028729878 0.515815616 4.632848740 0.027046859 0.999575973 0.010778449 -0.721527517 -0.515906572 0.004722493 0.856631756 74.007255554
0.836449504 -0.029098565 0.547270954 5.148326874 0.025227157 0.999575198 0.014590510 -0.728190720 -0.547463000 0.001601861 0.836828291 74.811103821
0.815446496 -0.023039179 0.578373671 5.686916351 0.021270864 0.999725282 0.009833775 -0.731781483 -0.578441322 0.004283587 0.815712631 75.575973511
0.793387532 -0.016068675 0.608504713 6.250503540 0.018143022 0.999831557 0.002746927 -0.735994220 -0.608446181 0.008860735 0.793545485 76.321044922
0.770907342 -0.013623928 0.636801660 6.844844818 0.017356321 0.999849260 0.000379644 -0.735207617 -0.636710823 0.010759862 0.771027565 77.055290222
0.747506201 -0.016063590 0.664060593 7.468852997 0.018363224 0.999825120 0.003514973 -0.742406845 -0.664000988 0.009566830 0.747670531 77.754379272
0.723255992 -0.016810177 0.690375447 8.108371735 0.018899228 0.999810994 0.004545382 -0.761518180 -0.690321326 0.009760087 0.723437011 78.414329529
0.697670579 -0.014654160 0.716268718 8.763561249 0.019634094 0.999806285 0.001330774 -0.765850484 -0.716149569 0.013134849 0.697823226 79.067779541
0.671666205 -0.012454744 0.740749121 9.439739227 0.019581355 0.999807775 -0.000944698 -0.774863899 -0.740594983 0.015139399 0.671781123 79.667572021
0.644448221 -0.009843933 0.764584482 10.136592865 0.017538147 0.999844313 -0.001909569 -0.784071326 -0.764446795 0.014640012 0.644520640 80.262619019
0.616555572 -0.008142028 0.787269235 10.852912903 0.017202811 0.999847054 -0.003131970 -0.795755386 -0.787123442 0.015474277 0.616601348 80.820098877
0.587529600 -0.002009135 0.809200168 11.589233398 0.016129833 0.999827385 -0.009228822 -0.813253343 -0.809041917 0.018474471 0.587460518 81.368888855
0.557479262 0.007445219 0.830157518 12.348663330 0.014850161 0.999710262 -0.018938232 -0.827385247 -0.830058038 0.022885647 0.557207286 81.882225037
0.526542008 0.015714534 0.850003958 13.119152069 0.013624748 0.999544680 -0.026919147 -0.854345381 -0.850039899 0.025755148 0.526088178 82.364250183
0.494733572 0.020791482 0.868795991 13.936195374 0.011015066 0.999483347 -0.030191511 -0.877310514 -0.868974805 0.024506604 0.494248956 82.837020874
0.462548435 0.020276338 0.886362195 14.768344879 0.009208108 0.999574602 -0.027671425 -0.907166541 -0.886546254 0.020961098 0.462164968 83.268653870
0.429104626 0.019016417 0.903054595 15.618106842 0.004654816 0.999718487 -0.023263790 -0.941002727 -0.903242826 0.014186149 0.428895295 83.685943604
0.394887120 0.020035978 0.918511093 16.475580215 0.000392604 0.999758422 -0.021977056 -0.972692609 -0.918729603 0.009039067 0.394783765 84.058982849
0.359473526 0.023150828 0.932868242 17.359399796 -0.006764790 0.999730587 -0.022203384 -1.002604246 -0.933130682 0.001670873 0.359533340 84.424652100
0.324341476 0.024953958 0.945610940 18.259395599 -0.011615818 0.999681592 -0.022396656 -1.031952858 -0.945868671 -0.003719878 0.324528098 84.725341797
0.287754059 0.024036108 0.957402706 19.171770096 -0.014260115 0.999681652 -0.020811569 -1.063746452 -0.957598150 -0.007664058 0.288005203 85.020721436
0.251151025 0.024203889 0.967645228 20.127231598 -0.015088025 0.999663830 -0.021088688 -1.083529949 -0.967830241 -0.009303407 0.251431793 85.285812378
0.215232372 0.023687460 0.976275563 21.072286606 -0.014480953 0.999673247 -0.021062644 -1.109806776 -0.976455450 -0.009604036 0.215505093 85.492942810
0.180246741 0.022525309 0.983363569 22.037435532 -0.012391404 0.999710441 -0.020628452 -1.134969831 -0.983543336 -0.008467043 0.180473655 85.659637451
0.145523936 0.021428332 0.989122629 23.011463165 -0.003841602 0.999770105 -0.021093804 -1.168544650 -0.989347219 -0.000730162 0.145572811 85.800460815
0.111928448 0.024668260 0.993410051 23.979656219 -0.001897895 0.999695241 -0.024610497 -1.201988697 -0.993714392 0.000869228 0.111941189 85.901992798
0.078488544 0.029411182 0.996481001 24.946392059 -0.001166732 0.999566674 -0.029410355 -1.238872528 -0.996914268 0.001145750 0.078488864 85.992538452
0.049311478 0.033728506 0.998213768 25.960512161 0.005896357 0.999402344 -0.034059949 -1.267328739 -0.998766005 0.007565371 0.049083121 86.042694092
0.023727663 0.032044131 0.999204814 26.943433762 0.008194987 0.999446332 -0.032246485 -1.300803185 -0.999684811 0.008953603 0.023451919 86.059822083
0.001631983 0.028732337 0.999585867 27.935897827 0.009378930 0.999542654 -0.028746413 -1.340406418 -0.999954700 0.009421959 0.001361758 86.056213379
-0.017168771 0.026535524 0.999500394 28.979278564 0.009330038 0.999608338 -0.026378129 -1.379222512 -0.999808967 0.008872497 -0.017409626 86.040519714
-0.033569768 0.029535754 0.998999834 29.974527359 0.011434689 0.999509096 -0.029166568 -1.417748928 -0.999370813 0.010444137 -0.033891022 86.002006531
-0.048642140 0.033950225 0.998238981 30.972248077 0.013697001 0.999350786 -0.033320606 -1.452681303 -0.998722315 0.012052097 -0.049075574 85.956153870
-0.060361605 0.039313558 0.997402251 31.982780457 0.017744439 0.999108374 -0.038306937 -1.492432833 -0.998018920 0.015386072 -0.061005395 85.885696411
-0.069214925 0.042691141 0.996688008 32.976863861 0.023039972 0.998885751 -0.041185271 -1.538178802 -0.997335672 0.020113025 -0.070121415 85.810272217
-0.075293846 0.048064787 0.996002376 33.956211090 0.026799489 0.998574257 -0.046162967 -1.590057254 -0.996801138 0.023216560 -0.076474614 85.734046936
-0.078566760 0.052769475 0.995511234 34.969444275 0.029121628 0.998293340 -0.050618634 -1.646249771 -0.996483386 0.025013963 -0.079969399 85.643981934
-0.080950886 0.056754194 0.995100975 35.975994110 0.031363484 0.998028219 -0.054369740 -1.704581022 -0.996224523 0.026808552 -0.082571283 85.553627014
-0.083751440 0.059448816 0.994711936 36.987461090 0.032370269 0.997854233 -0.056911170 -1.770996094 -0.995960653 0.027432704 -0.085496128 85.466514587
-0.086424716 0.063201316 0.994251788 37.992233276 0.032907948 0.997622192 -0.060555063 -1.834357262 -0.995714664 0.027485330 -0.088299043 85.383552551
-0.088090226 0.066978201 0.993858159 39.004364014 0.034581091 0.997341037 -0.064147837 -1.898627996 -0.995512009 0.028717896 -0.090172179 85.281318665
-0.090568833 0.068599313 0.993524790 40.021209717 0.037159901 0.997162759 -0.065463044 -1.966940880 -0.995196581 0.030990364 -0.092861019 85.188728333
-0.093176529 0.066769056 0.993408322 41.041538239 0.037333049 0.997281432 -0.063527741 -2.048454523 -0.994949400 0.031167665 -0.095415920 85.104873657
-0.094693199 0.066912279 0.993255258 42.067363739 0.037129432 0.997281730 -0.063643746 -2.112371445 -0.994813800 0.030852376 -0.096920215 84.994644165
-0.096818730 0.068340175 0.992953122 43.098114014 0.036994848 0.997197628 -0.065025099 -2.181487560 -0.994614244 0.030438500 -0.099075638 84.886146545
-0.099071562 0.070616350 0.992571533 44.113922119 0.036533400 0.997064292 -0.067289487 -2.256232738 -0.994409382 0.029595533 -0.101360559 84.781723022
-0.101562291 0.072573476 0.992178559 45.146949768 0.034860615 0.996982574 -0.069356427 -2.336564541 -0.994218171 0.027543949 -0.103785776 84.674629211
-0.104059689 0.076086432 0.991656423 46.174064636 0.032478865 0.996797621 -0.073072739 -2.419062138 -0.994040608 0.024603948 -0.106197655 84.570594788
-0.106255159 0.080238320 0.991096318 47.213760376 0.028866956 0.996567667 -0.077586472 -2.498420238 -0.993919790 0.020365968 -0.108206689 84.464859009
-0.109002382 0.082804807 0.990586698 48.259742737 0.026410324 0.996413887 -0.080385782 -2.581279993 -0.993690491 0.017399473 -0.110798366 84.351425171
-0.112063356 0.081322782 0.990367889 49.303871155 0.024247618 0.996572614 -0.079088613 -2.666798592 -0.993405104 0.015151130 -0.113651149 84.238746643
-0.114644110 0.077241987 0.990399122 50.364849091 0.021590505 0.996930778 -0.075252175 -2.753757000 -0.993171990 0.012755998 -0.115959905 84.114547729
-0.116979271 0.075599343 0.990252852 51.415672302 0.021795014 0.997053683 -0.073543921 -2.838619232 -0.992895186 0.012979460 -0.118282296 83.994316101
-0.119411469 0.075744137 0.989951372 52.452037811 0.021183545 0.997052848 -0.073732279 -2.928177357 -0.992618859 0.012166200 -0.120664082 83.879554749
-0.120282874 0.078814484 0.989606142 53.518440247 0.021817071 0.996812582 -0.076736659 -3.008484364 -0.992499888 0.012360203 -0.121618979 83.751373291
-0.121042758 0.081902981 0.989262760 54.586589813 0.022456029 0.996561050 -0.079759598 -3.091343164 -0.992393196 0.012560589 -0.122465730 83.620384216
-0.121254213 0.082208842 0.989211321 55.643413544 0.021383174 0.996549487 -0.080197610 -3.186549187 -0.992391050 0.011428177 -0.122593738 83.490280151
-0.121753611 0.080750704 0.989270151 56.703071594 0.018400291 0.996697426 -0.079092368 -3.278621197 -0.992389798 0.008573076 -0.122837365 83.374809265
-0.121497124 0.080209501 0.989345670 57.765579224 0.014592995 0.996766150 -0.079019032 -3.366821766 -0.992484450 0.004836931 -0.122274756 83.245101929
-0.121386617 0.081282176 0.989271581 58.831195831 0.010810068 0.996690571 -0.080565318 -3.456728220 -0.992546380 0.000914539 -0.121863581 83.119010925
-0.121454090 0.081664585 0.989231884 59.914230347 0.007105029 0.996655703 -0.081405103 -3.550521851 -0.992571592 -0.002858465 -0.121628135 82.993103027
-0.121966757 0.080991857 0.989224136 61.015625000 0.003092639 0.996691227 -0.081221908 -3.644442320 -0.992529333 -0.006847058 -0.121813692 82.862953186
-0.122370802 0.075726219 0.989591241 62.101219177 0.003418308 0.997111201 -0.075878948 -3.734997749 -0.992478490 -0.005902640 -0.122276142 82.737922668
-0.122727081 0.067252994 0.990159094 63.191028595 0.006846642 0.997734845 -0.066918932 -3.818009377 -0.992416859 -0.001433499 -0.122909538 82.605354309
-0.122153267 0.061762866 0.990587711 64.314773560 0.012736875 0.998077214 -0.060659207 -3.903897047 -0.992429376 0.005207270 -0.122705072 82.449462891
-0.121894956 0.064247228 0.990461469 65.404907227 0.021083606 0.997845232 -0.062131446 -3.976928949 -0.992318988 0.013308991 -0.122986868 82.314575195
-0.120489471 0.070182301 0.990230739 66.524826050 0.025944643 0.997379780 -0.067532085 -4.047156334 -0.992375374 0.017554272 -0.121994600 82.159790039
-0.119010635 0.075729199 0.990000844 67.620552063 0.030611791 0.996892929 -0.072576500 -4.131236076 -0.992420971 0.021668319 -0.120959058 82.018775940
-0.118879966 0.080218397 0.989662886 68.719017029 0.030998414 0.996545076 -0.077052653 -4.216306686 -0.992424548 0.021517958 -0.120955847 81.898880005
-0.118371971 0.077520169 0.989938796 69.870391846 0.028172540 0.996808767 -0.074689426 -4.303179741 -0.992569506 0.019047951 -0.120178163 81.753555298
-0.117689133 0.072969466 0.990366042 70.995056152 0.027375259 0.997156024 -0.070216633 -4.391427040 -0.992673039 0.018847786 -0.119351976 81.616172791
-0.117500603 0.070721872 0.990551531 72.129165649 0.025829040 0.997341156 -0.068142772 -4.484439850 -0.992736816 0.017578168 -0.119014844 81.485023499
-0.117425188 0.071625493 0.990495384 73.266716003 0.023263359 0.997320414 -0.069361106 -4.559369087 -0.992809176 0.014897512 -0.118776776 81.353302002
-0.117490500 0.076925345 0.990090132 74.402099609 0.024627380 0.996914387 -0.074533097 -4.647418976 -0.992768586 0.015626391 -0.119022422 81.224349976
-0.116332851 0.079503000 0.990023375 75.526161194 0.024265192 0.996721089 -0.077189587 -4.737586021 -0.992913842 0.015043419 -0.117880568 81.086639404
-0.115513057 0.078536585 0.990196347 76.674430847 0.024438908 0.996792316 -0.076208778 -4.825824738 -0.993005276 0.015396209 -0.117061868 80.950080872
-0.115544468 0.071410976 0.990732193 77.824119568 0.025457339 0.997297585 -0.068915270 -4.921178341 -0.992976010 0.017258618 -0.117050171 80.819793701
-0.116127126 0.070143089 0.990754485 78.979408264 0.024440706 0.997402847 -0.067749083 -5.004195690 -0.992933571 0.016347229 -0.117539883 80.690605164
-0.115729466 0.072767332 0.990611732 80.138183594 0.021869686 0.997257769 -0.070700586 -5.094378948 -0.993039966 0.013482224 -0.117003508 80.563323975
-0.115721174 0.076295264 0.990347207 81.285850525 0.021539232 0.997003973 -0.074291267 -5.170826912 -0.993048251 0.012734247 -0.117017776 80.435150146
-0.115885578 0.075668670 0.990376055 82.454315186 0.020551510 0.997063100 -0.073774830 -5.262341499 -0.993049920 0.011804287 -0.117100336 80.306945801
-0.115109213 0.072306961 0.990717590 83.636489868 0.020606454 0.997306466 -0.070393622 -5.352067947 -0.993139029 0.012312229 -0.116289146 80.163902283
-0.114530504 0.071065865 0.990874588 84.832817078 0.019464310 0.997407019 -0.069284588 -5.443986893 -0.993229032 0.011351491 -0.115616776 80.026992798
-0.113385014 0.071538888 0.990972281 86.018699646 0.021005929 0.997354031 -0.069596127 -5.533503532 -0.993329048 0.012925132 -0.114587732 79.895050049
-0.112320311 0.072063878 0.991055489 87.215324402 0.023279235 0.997283757 -0.069878437 -5.619952202 -0.993399382 0.015222245 -0.113692828 79.754730225
-0.111101829 0.071274698 0.991249859 88.401382446 0.023309952 0.997337222 -0.069099784 -5.711166859 -0.993535638 0.015428878 -0.112467408 79.612686157
-0.109969594 0.071950726 0.991327226 89.601776123 0.024589879 0.997268081 -0.069654107 -5.800978184 -0.993630767 0.016716786 -0.111438408 79.481918335
-0.108474068 0.070001394 0.991631627 90.794754028 0.023706788 0.997415960 -0.067816466 -5.892878532 -0.993816555 0.016152073 -0.109853290 79.351425171
-0.107486397 0.068945974 0.991813004 92.021148682 0.022617059 0.997503936 -0.066890478 -5.982665062 -0.993949354 0.015242077 -0.108777441 79.215736389
-0.105972804 0.068744533 0.991989911 93.234779358 0.023702048 0.997498631 -0.066594213 -6.064794540 -0.994086385 0.016455015 -0.107337110 79.088073730
-0.104135424 0.069428541 0.992136896 94.465087891 0.021462951 0.997484982 -0.067550018 -6.155833721 -0.994331479 0.014259834 -0.105363667 78.959838867
-0.103067160 0.071882620 0.992073655 95.688896179 0.021869794 0.997307897 -0.069989830 -6.245405674 -0.994434059 0.014482794 -0.104361750 78.835289001
-0.101894155 0.070776612 0.992274284 96.909019470 0.019207496 0.997419834 -0.069171265 -6.331011295 -0.994609833 0.012010960 -0.102990694 78.715866089
-0.101335101 0.069348067 0.992432415 98.155387878 0.016138442 0.997550726 -0.068057872 -6.429992676 -0.994721413 0.009119658 -0.102206096 78.593612671
-0.101308316 0.070441268 0.992358088 99.394760132 0.013392798 0.997496307 -0.069438741 -6.517630577 -0.994764924 0.006255727 -0.101998083 78.472763062
-0.101330236 0.069821090 0.992399752 100.622283936 0.010282734 0.997554362 -0.069133796 -6.609343052 -0.994799674 0.003199234 -0.101800382 78.347053528
-0.102324106 0.067028061 0.992490351 101.866531372 0.007399468 0.997750938 -0.066620454 -6.703933716 -0.994723558 0.000527019 -0.102589950 78.222167969
-0.103802644 0.065796278 0.992419243 103.130622864 0.005344783 0.997831941 -0.065596096 -6.791701794 -0.994583547 -0.001504783 -0.103929259 78.102203369
-0.105788268 0.065177791 0.992250323 104.391258240 0.003084998 0.997866273 -0.065217771 -6.879658699 -0.994383812 -0.003838185 -0.105763622 77.985061646
-0.106947333 0.064970978 0.992139578 105.643203735 0.003480899 0.997880995 -0.064971738 -6.975527763 -0.994258523 -0.003495015 -0.106946863 77.848251343
-0.109261878 0.063717231 0.991968632 106.899971008 0.002976382 0.997959912 -0.063774228 -7.062707424 -0.994008601 -0.004015614 -0.109228618 77.715698242
-0.112647444 0.058895484 0.991888165 108.173881531 -0.000456581 0.998238623 -0.059324414 -7.151372433 -0.993634880 -0.007135621 -0.112422146 77.584602356
-0.117139004 0.058779586 0.991374493 109.429321289 -0.001300556 0.998236954 -0.059340134 -7.234805584 -0.993114591 -0.008240383 -0.116856031 77.445472717
-0.122331016 0.064862087 0.990367651 110.668388367 -0.005341333 0.997804701 -0.066008948 -7.318566322 -0.992474854 -0.013364824 -0.121716022 77.295921326
-0.129896522 0.067982867 0.989194274 111.887969971 -0.004721056 0.997592926 -0.069180049 -7.406198978 -0.991516352 -0.013656288 -0.129262924 77.150733948
-0.138237655 0.063918084 0.988334298 113.144081116 -0.002516934 0.997889280 -0.064888060 -7.500978470 -0.990396023 -0.011457546 -0.137784973 76.968223572
-0.149088249 0.061817657 0.986889720 114.370628357 -0.000265122 0.998041213 -0.062556237 -7.591951370 -0.988823831 -0.009588046 -0.148779839 76.787384033
-0.162222877 0.062738135 0.984757662 115.596481323 -0.000111264 0.997975647 -0.063598581 -7.681542873 -0.986754119 -0.010426710 -0.161887482 76.593750000
-0.176130235 0.062934592 0.982352972 116.812149048 0.002129402 0.997976124 -0.063553706 -7.770116806 -0.984364510 -0.009101903 -0.175907791 76.377624512
-0.190753862 0.060829096 0.979751408 118.042648315 0.002212108 0.998102248 -0.061537739 -7.859487534 -0.981635332 -0.009571248 -0.190526426 76.153282166
-0.205892369 0.063431621 0.976516724 119.243110657 0.006444323 0.997963190 -0.063465983 -7.948501587 -0.978553414 -0.006774171 -0.205881789 75.898910522
-0.221219420 0.066735052 0.972938001 120.422721863 0.006359243 0.997733295 -0.066989884 -8.037916183 -0.975203335 -0.008632315 -0.221142352 75.638366699
-0.236610249 0.070591003 0.969036877 121.588020325 0.006008560 0.997444332 -0.071193278 -8.127740860 -0.971586049 -0.011022545 -0.236429706 75.360565186
-0.252112120 0.068640985 0.965260565 122.767051697 0.002972640 0.997531354 -0.070159413 -8.223621368 -0.967693388 -0.014818665 -0.251693815 75.059768677
-0.268629491 0.063091360 0.961175203 123.929374695 -0.002579247 0.997801960 -0.066216379 -8.313730240 -0.963240147 -0.020266777 -0.267876267 74.760536194
-0.284329504 0.058904763 0.956915319 125.113792419 -0.006681648 0.997964680 -0.063416965 -8.403111458 -0.958703279 -0.024425087 -0.283357233 74.429916382
-0.299769610 0.060193710 0.952110767 126.260238647 -0.008622314 0.997795761 -0.065796681 -8.491456032 -0.953972578 -0.027933249 -0.298589885 74.087783813
-0.313601553 0.062356863 0.947504938 127.411483765 -0.008355578 0.997621536 -0.068420604 -8.579174995 -0.949517846 -0.029373769 -0.312334657 73.710891724
-0.327701062 0.064587280 0.942571282 128.545867920 -0.006955726 0.997468531 -0.070767261 -8.671232224 -0.944755852 -0.029746773 -0.326422274 73.329055786
-0.341905653 0.064140879 0.937542737 129.674972534 -0.004841793 0.997534454 -0.070010848 -8.771924019 -0.939721763 -0.028476497 -0.340752035 72.926635742
-0.356000304 0.062090639 0.932420909 130.799514771 -0.005176816 0.997643828 -0.068410411 -8.866231918 -0.934471428 -0.029181095 -0.354840040 72.510650635
-0.370544136 0.060808189 0.926822186 131.925445557 -0.005266533 0.997700989 -0.067564055 -8.960821152 -0.928799927 -0.029916609 -0.369371951 72.068634033
-0.385327935 0.062237017 0.920678437 133.022903442 -0.006616304 0.997510970 -0.070199914 -9.053173065 -0.922755957 -0.033141479 -0.383957028 71.621902466
-0.400435805 0.064175844 0.914074659 134.115737915 -0.005818574 0.997346222 -0.072571181 -9.146537781 -0.916306317 -0.034378719 -0.398999751 71.162879944
-0.415076643 0.065931655 0.907394230 135.209152222 -0.004557744 0.997207463 -0.074542396 -9.241582870 -0.909775078 -0.035076480 -0.413616985 70.674560547
-0.429527730 0.068507820 0.900451362 136.287353516 -0.001760523 0.997052789 -0.076697215 -9.338579178 -0.903052032 -0.034528844 -0.428141117 70.159408569
-0.444538742 0.071835324 0.892874479 137.362152100 -0.002022485 0.996696115 -0.081195131 -9.436889648 -0.895757198 -0.037900213 -0.442924798 69.644241333
-0.459431797 0.073872708 0.885135770 138.426071167 -0.001551092 0.996467054 -0.083969437 -9.543064117 -0.888211727 -0.039951161 -0.457694113 69.094924927
-0.474922925 0.071115553 0.877149343 139.493133545 -0.002870977 0.996598899 -0.082354486 -9.648200989 -0.880022824 -0.041630309 -0.473103553 68.534523010
-0.490788877 0.066629320 0.868727088 140.562561035 -0.005756451 0.996801794 -0.079704471 -9.752618790 -0.871259630 -0.044118848 -0.488835692 67.948150635
-0.507007599 0.066892929 0.859342098 141.623657227 -0.006146630 0.996678054 -0.081209928 -9.855215073 -0.861919582 -0.046456117 -0.504912138 67.339179993
-0.522713780 0.065992072 0.849950135 142.673278809 -0.007279635 0.996617496 -0.081856586 -9.956455231 -0.852477133 -0.048974894 -0.520465374 66.704299927
-0.538708329 0.065041795 0.839977801 143.710693359 -0.007721223 0.996592402 -0.082120791 -10.059889793 -0.842456937 -0.050724808 -0.536370456 66.049217224
-0.554250836 0.064323671 0.829860568 144.750274658 -0.009274802 0.996470273 -0.083432294 -10.168478012 -0.832297981 -0.053939220 -0.551697850 65.379257202
-0.569883525 0.063541301 0.819265127 145.771209717 -0.009834362 0.996407032 -0.084121026 -10.276024818 -0.821666539 -0.055996139 -0.567210913 64.685119629
-0.584623694 0.061427113 0.808975816 146.782318115 -0.009401144 0.996549606 -0.082463920 -10.381736755 -0.811250150 -0.055815667 -0.582029045 63.958507538
-0.599629462 0.057755794 0.798191011 147.785964966 -0.009337459 0.996819496 -0.079142883 -10.492465973 -0.800223410 -0.054909475 -0.597182989 63.221916199
-0.614503205 0.056068659 0.786919355 148.785888672 -0.008851023 0.996918559 -0.077943005 -10.593788147 -0.788864613 -0.054861277 -0.612113357 62.449928284
-0.628923953 0.054722529 0.775538623 149.762969971 -0.009363131 0.996914268 -0.077935994 -10.694903374 -0.777410448 -0.056277275 -0.626470864 61.665401459
-0.644164443 0.055653669 0.762859583 150.741638184 -0.010576736 0.996605873 -0.081637464 -10.805900574 -0.764813840 -0.060656525 -0.641389489 60.873619080
-0.659431636 0.054939259 0.749754310 151.698059082 -0.012648116 0.996374011 -0.084135041 -10.915578842 -0.751658142 -0.064964294 -0.656345665 60.055126190
-0.675296426 0.051703047 0.735732079 152.646163940 -0.014525936 0.996414006 -0.083355010 -11.026222229 -0.737403333 -0.066976532 -0.672123671 59.216075897
-0.691554904 0.044112660 0.720975578 153.576477051 -0.018033067 0.996767938 -0.078284107 -11.137911797 -0.722098708 -0.067139171 -0.688524246 58.352859497
-0.708535969 0.041813266 0.704434752 154.503326416 -0.018819623 0.996768236 -0.078094542 -11.242507935 -0.705423594 -0.068590008 -0.705459356 57.455726624
-0.725900173 0.038859360 0.686701477 155.394409180 -0.020582868 0.996728122 -0.078161076 -11.352855682 -0.687492073 -0.070871405 -0.722725213 56.536872864
-0.743269086 0.035045180 0.668074071 156.271881104 -0.023758143 0.996614277 -0.078711644 -11.459190369 -0.668570638 -0.074376136 -0.739919901 55.594669342
-0.759991348 0.032981858 0.649095833 157.122863770 -0.023490731 0.996665120 -0.078146547 -11.569928169 -0.649508595 -0.074638419 -0.756681979 54.632392883
-0.775870621 0.035260864 0.629905879 157.945251465 -0.021059602 0.996433020 -0.081717938 -11.677410126 -0.630540371 -0.076668106 -0.772360444 53.636005402
-0.790759981 0.035315707 0.611106753 158.741394043 -0.017037703 0.996677637 -0.079644196 -11.789745331 -0.611889303 -0.073391296 -0.787531018 52.614402771
-0.805552065 0.036108151 0.591423631 159.530548096 -0.013363292 0.996780396 -0.079057917 -11.910232544 -0.592374206 -0.071588635 -0.802475870 51.583671570
-0.820036352 0.037366375 0.571090341 160.278884888 -0.011554577 0.996581912 -0.081797592 -12.021535873 -0.572194874 -0.073675700 -0.816801488 50.538219452
-0.833759964 0.038419787 0.550788879 161.004394531 -0.010966493 0.996226728 -0.086091518 -12.141028404 -0.552018285 -0.077819884 -0.830192626 49.472221375
-0.846861601 0.038499851 0.530418098 161.706558228 -0.008418631 0.996280551 -0.085755117 -12.261768341 -0.531746805 -0.077088110 -0.843387604 48.383296967
-0.858360648 0.036973160 0.511712909 162.374664307 -0.006930412 0.996473193 -0.083624132 -12.375322342 -0.513000131 -0.075326040 -0.855077028 47.271808624
-0.868833184 0.038689520 0.493590832 163.019912720 -0.004056246 0.996352255 -0.085237801 -12.493552208 -0.495088160 -0.076059572 -0.865507066 46.155250549
-0.878206134 0.041594710 0.476470083 163.632385254 -0.001184731 0.996018887 -0.089133732 -12.607759476 -0.478280723 -0.078842297 -0.874660671 45.034759521
-0.887207985 0.039082572 0.459711403 164.232116699 -0.003093262 0.995879531 -0.090634882 -12.729104996 -0.461359322 -0.081834018 -0.883431196 43.905902863
-0.895500064 0.036593266 0.443554521 164.818756104 -0.003787489 0.995951474 -0.089812674 -12.856469154 -0.445045263 -0.082107209 -0.891735911 42.764785767
-0.902659535 0.034486849 0.428971291 165.382446289 -0.004819357 0.995911360 -0.090206690 -12.980176926 -0.430328339 -0.083493277 -0.898802698 41.606121063
-0.909285486 0.032584470 0.414895207 165.929489136 -0.005160972 0.995970607 -0.089530975 -13.108449936 -0.416140735 -0.083550498 -0.905453563 40.435287476
-0.915573537 0.029901708 0.401037276 166.457229614 -0.006374261 0.996027470 -0.088817246 -13.230888367 -0.402099997 -0.083875038 -0.911745906 39.264514923
-0.921051621 0.025071064 0.388632536 166.963287354 -0.008820248 0.996326685 -0.085177824 -13.350927353 -0.389340490 -0.081881002 -0.917447329 38.070075989
-0.926253676 0.021844914 0.376267076 167.473785400 -0.009835106 0.996578038 -0.082069293 -13.471015930 -0.376772285 -0.079717614 -0.922869265 36.871410370
-0.930511296 0.022417188 0.365576357 167.955596924 -0.007098443 0.996833861 -0.079193845 -13.579344749 -0.366194248 -0.076285794 -0.927406192 35.659214020
-0.933859706 0.026131863 0.356683761 168.416732788 -0.002993263 0.996721029 -0.080860056 -13.692567825 -0.357627094 -0.076579593 -0.930719256 34.483894348
-0.936197400 0.031099668 0.350096047 168.875183105 0.002267778 0.996591389 -0.082464725 -13.804550171 -0.351467252 -0.076409325 -0.933076799 33.282852173
-0.938124061 0.034428768 0.344583780 169.319564819 0.005478170 0.996396542 -0.084639810 -13.920755386 -0.346256047 -0.077514939 -0.934932172 32.075500488
-0.939884424 0.031510502 0.340035826 169.760879517 0.003203714 0.996503472 -0.083488889 -14.037408829 -0.341477633 -0.077380508 -0.936699152 30.873859406
-0.941764355 0.024239030 0.335398674 170.214813232 -0.002765167 0.996806800 -0.079802819 -14.153512955 -0.336262017 -0.076082893 -0.938690066 29.654136658
-0.943610132 0.018186210 0.330558985 170.659011841 -0.008068956 0.996929944 -0.077881187 -14.265527725 -0.330960512 -0.076156743 -0.940566421 28.438497543
-0.945205331 0.011750322 0.326264918 171.087615967 -0.015038617 0.996724188 -0.079464294 -14.373491287 -0.326129794 -0.080016643 -0.941932321 27.235670090
-0.946436048 0.009099550 0.322763145 171.515701294 -0.018438630 0.996448517 -0.082159989 -14.484778404 -0.322364450 -0.083710492 -0.942907035 26.026187897
-0.947273910 0.009619774 0.320280522 171.934875488 -0.018379401 0.996272326 -0.084283128 -14.602457047 -0.319897324 -0.085725777 -0.943565965 24.830886841
-0.947459519 0.010455363 0.319704950 172.351257324 -0.018130243 0.996103704 -0.086305507 -14.718544006 -0.319361627 -0.087567315 -0.943578303 23.623901367
-0.947323143 0.013233317 0.320005834 172.761459351 -0.015909679 0.995968163 -0.088284537 -14.837930679 -0.319883972 -0.088725172 -0.943293154 22.394832611
-0.946836352 0.014129139 0.321405530 173.174957275 -0.015505638 0.995869756 -0.089457355 -14.961509705 -0.321341962 -0.089685068 -0.942706704 21.180961609
-0.946490586 0.015618232 0.322353005 173.599166870 -0.014806312 0.995675027 -0.091715343 -15.083126068 -0.322391331 -0.091580592 -0.942166030 19.970695496
-0.945799053 0.016907331 0.324311793 174.017532349 -0.013447738 0.995748222 -0.091129318 -15.212043762 -0.324473619 -0.090551294 -0.941550493 18.767684937
-0.944909334 0.016427439 0.326920211 174.435943604 -0.014405741 0.995685279 -0.091669694 -15.334459305 -0.327015460 -0.091329068 -0.940595448 17.570281982
-0.943797886 0.014859951 0.330188900 174.865386963 -0.016250098 0.995694578 -0.091259211 -15.464675903 -0.330123365 -0.091495864 -0.939492941 16.391681671
-0.941933036 0.013586703 0.335525692 175.292938232 -0.017499989 0.995837331 -0.089453541 -15.581668854 -0.335344404 -0.090130948 -0.937774181 15.184028625
-0.940107763 0.011144150 0.340695143 175.737640381 -0.019503769 0.996069491 -0.086399809 -15.706275940 -0.340318978 -0.087869957 -0.936195374 14.006340027
-0.937346220 0.009065787 0.348281354 176.180053711 -0.021500036 0.996250749 -0.083796553 -15.821233749 -0.347735286 -0.086034440 -0.933637083 12.812633514
-0.934825063 0.011230899 0.354931235 176.634063721 -0.019835917 0.996287644 -0.083769210 -15.935268402 -0.354554474 -0.085349932 -0.931131780 11.645069122
-0.931281686 0.011706800 0.364111900 177.079315186 -0.020040002 0.996323884 -0.083289377 -16.058677673 -0.363748401 -0.084862664 -0.927623510 10.473609924
-0.927433550 0.014391189 0.373711288 177.546218872 -0.019170083 0.996116459 -0.085933402 -16.170602798 -0.373496622 -0.086861566 -0.923555732 9.320247650
-0.923085988 0.015894214 0.384264976 178.026092529 -0.018196171 0.996221781 -0.084917441 -16.285644531 -0.384162873 -0.085378259 -0.919309199 8.154933929
-0.918520927 0.017458128 0.394986868 178.527282715 -0.017996090 0.996143162 -0.085877746 -16.404220581 -0.394962728 -0.085988715 -0.914664030 7.037757874
-0.912415087 0.019594429 0.408796668 179.034622192 -0.017729014 0.996023357 -0.087311685 -16.521739960 -0.408881783 -0.086912058 -0.908439279 5.875823975
-0.906450987 0.021829871 0.421746492 179.571762085 -0.016661286 0.996037006 -0.087365270 -16.638261795 -0.421982288 -0.086219169 -0.902495086 4.732490540
-0.899649143 0.021865720 0.436065555 180.114974976 -0.016758233 0.996279895 -0.084530674 -16.756582260 -0.436291605 -0.083355643 -0.895936012 3.575790405
-0.893359601 0.024380367 0.448680609 180.685974121 -0.015178568 0.996319652 -0.084359720 -16.879360199 -0.449086010 -0.082173891 -0.889701724 2.461921692
-0.886301100 0.026818659 0.462332428 181.259216309 -0.013556405 0.996391475 -0.083785914 -16.989364624 -0.462911099 -0.080527119 -0.882739305 1.342033386
-0.878846943 0.028346935 0.476261079 181.868286133 -0.012058285 0.996594787 -0.081568308 -17.101310730 -0.476951480 -0.077428937 -0.875512421 0.222518921
-0.871042430 0.030249992 0.490275532 182.472259521 -0.009569995 0.996867597 -0.078509107 -17.209657669 -0.491114587 -0.073076703 -0.868024290 -0.865028381
-0.863107145 0.032883696 0.503949225 183.093536377 -0.006824237 0.997027218 -0.076745838 -17.318344116 -0.504974723 -0.069678947 -0.860316992 -1.919212341
-0.853818834 0.036534827 0.519286573 183.724822998 -0.002885527 0.997186661 -0.074902311 -17.429615021 -0.520562172 -0.065451421 -0.851311386 -2.967742920
-0.843213975 0.039430816 0.536130011 184.371215820 -0.000281551 0.997273803 -0.073789433 -17.531734467 -0.537578046 -0.062371228 -0.840904117 -4.005416870
-0.832402408 0.042222016 0.552561045 185.043334961 0.002228106 0.997340202 -0.072851740 -17.633491516 -0.554167271 -0.059410784 -0.830282450 -5.016075134
-0.821336210 0.043610711 0.568775117 185.728210449 0.003379687 0.997427762 -0.071597181 -17.739562988 -0.570434391 -0.056883074 -0.819371045 -6.000656128
-0.809067667 0.045785714 0.585929513 186.431594849 0.005069059 0.997467339 -0.070944607 -17.845878601 -0.587693870 -0.054428883 -0.807250559 -7.002517700
-0.795978367 0.048211545 0.603402019 187.159210205 0.006854182 0.997477174 -0.070656270 -17.942501068 -0.605286300 -0.052105032 -0.794300616 -7.977455139
-0.782936215 0.049084742 0.620162547 187.910003662 0.008220047 0.997611642 -0.068581581 -18.036148071 -0.622047603 -0.048597243 -0.781469762 -8.910018921
-0.767615974 0.051074091 0.638871670 188.682739258 0.010039584 0.997655630 -0.067694053 -18.126346588 -0.640831292 -0.045549028 -0.766329169 -9.850517273
