1.000000000 0.000000000 0.000000000 0.000000060 0.000000000 1.000000000 0.000000000 -0.000000004 0.000000000 0.000000000 0.999999940 0.000000000
0.999997675 -0.001599312 -0.001435119 -0.002513319 0.001597988 0.999998271 -0.000923661 -0.007768461 0.001436594 0.000921366 0.999998510 0.564021170
0.999995410 -0.001836846 -0.002412095 -0.007711087 0.001830636 0.999994993 -0.002574542 -0.017681522 0.002416811 0.002570114 0.999993742 1.119531155
0.999986529 -0.002510730 -0.004543792 -0.009113493 0.002494600 0.999990582 -0.003552157 -0.035163872 0.004552668 0.003540774 0.999983311 1.684644699
0.999970317 -0.004340240 -0.006361867 -0.020483969 0.004305043 0.999975383 -0.005535925 -0.041317161 0.006385737 0.005508373 0.999964356 2.251303434
0.999951601 -0.006945687 -0.006974573 -0.043540075 0.006896639 0.999951541 -0.007031834 -0.065775424 0.007023077 0.006983391 0.999950945 2.796631575
0.999931037 -0.008155173 -0.008460362 -0.050215449 0.008090273 0.999937773 -0.007676952 -0.078057013 0.008522442 0.007607976 0.999934673 3.369760990
0.999918640 -0.008124766 -0.009824826 -0.060869142 0.008055639 0.999942601 -0.007055167 -0.090028137 0.009881584 0.006975449 0.999926805 3.951893568
0.999905527 -0.008535511 -0.010770034 -0.072938204 0.008455158 0.999936223 -0.007484372 -0.104478814 0.010833230 0.007392603 0.999913990 4.543793678
0.999894857 -0.008073359 -0.012049544 -0.082541287 0.007950886 0.999916613 -0.010177773 -0.119826034 0.012130708 0.010080897 0.999875605 5.138772488
0.999892294 -0.006389403 -0.013215436 -0.097863756 0.006205432 0.999883950 -0.013915429 -0.135558292 0.013302812 0.013831923 0.999815762 5.741720676
0.999880373 -0.005209547 -0.014575317 -0.112547204 0.004952060 0.999832094 -0.017646696 -0.147627950 0.014664799 0.017572399 0.999738097 6.356423378
0.999871016 -0.003236659 -0.015728571 -0.129549444 0.002959843 0.999840856 -0.017591175 -0.162792474 0.015783004 0.017542351 0.999721527 6.984967709
0.999854565 -0.001094783 -0.017011363 -0.142220929 0.000908960 0.999939919 -0.010927303 -0.169211179 0.017022297 0.010910254 0.999795616 7.625985146
0.999849021 0.000057468 -0.017372375 -0.162246138 -0.000061239 1.000000000 -0.000216497 -0.184040979 0.017372359 0.000217527 0.999849141 8.283374786
0.999831259 0.000619955 -0.018358007 -0.179008454 -0.000501167 0.999978960 0.006474538 -0.194802478 0.018361632 -0.006464245 0.999810576 8.970176697
0.999796271 0.003055563 -0.019953554 -0.194310620 -0.002950398 0.999981523 0.005297825 -0.208795086 0.019969372 -0.005237874 0.999786854 9.655058861
0.999778628 0.005013098 -0.020438928 -0.221194267 -0.005053745 0.999985278 -0.001937559 -0.214594498 0.020428916 0.002040423 0.999789298 10.349205017
0.999753833 0.004766712 -0.021668956 -0.236701667 -0.004936185 0.999957561 -0.007774305 -0.215181321 0.021630980 0.007879354 0.999734938 11.054195404
0.999736011 0.002323044 -0.022858545 -0.254163265 -0.002468231 0.999976933 -0.006325389 -0.215405658 0.022843326 0.006380140 0.999718666 11.796463013
0.999732196 0.001950317 -0.023061484 -0.279824764 -0.001879455 0.999993443 0.003093997 -0.230682984 0.023067364 -0.003049826 0.999729156 12.555470467
0.999726653 0.001544470 -0.023329409 -0.302563429 -0.001296790 0.999942660 0.010628033 -0.236849904 0.023344483 -0.010594873 0.999671280 13.331796646
0.999715209 0.000643029 -0.023859559 -0.326365083 -0.000332165 0.999915063 0.013030577 -0.237263784 0.023865910 -0.013018939 0.999630332 14.119989395
0.999708772 -0.001295795 -0.024098847 -0.344223231 0.001586111 0.999926388 0.012031637 -0.236611858 0.024081483 -0.012066356 0.999637127 14.925366402
0.999721944 -0.001591910 -0.023527438 -0.365721107 0.001815259 0.999953449 0.009474806 -0.236180440 0.023511259 -0.009514879 0.999678254 15.752748489
0.999737918 0.001143605 -0.022864137 -0.391185611 -0.001001861 0.999980211 0.006209864 -0.237996578 0.022870781 -0.006185329 0.999719322 16.589960098
0.999752104 -0.002198395 -0.022154205 -0.410227954 0.002205477 0.999997497 0.000295257 -0.238926888 0.022153499 -0.000344044 0.999754548 17.446289062
0.999759257 -0.004932275 -0.021381162 -0.428642571 0.004807901 0.999971211 -0.005864508 -0.249581486 0.021409467 0.005760296 0.999754250 18.316265106
0.999786735 -0.003677371 -0.020324970 -0.448056996 0.003450375 0.999931395 -0.011192164 -0.263745129 0.020364726 0.011119646 0.999730885 19.226409912
0.999798179 -0.002527718 -0.019934732 -0.473908067 0.002287194 0.999924421 -0.012079208 -0.277888238 0.019963756 0.012031172 0.999728322 20.131553650
0.999783218 -0.002497737 -0.020675857 -0.491324991 0.002260947 0.999931633 -0.011467981 -0.296957672 0.020703083 0.011418747 0.999720514 21.070493698
0.999786794 -0.000729199 -0.020640293 -0.519508481 0.000462638 0.999916375 -0.012916452 -0.321049303 0.020647986 0.012904149 0.999703526 22.010259628
0.999786675 0.002230187 -0.020531192 -0.534595490 -0.002536994 0.999885261 -0.014929567 -0.344856173 0.020495541 0.014978469 0.999677718 22.970413208
0.999765933 0.005453959 -0.020937320 -0.559924424 -0.005784242 0.999859273 -0.015746852 -0.368003100 0.020848492 0.015864274 0.999656737 23.936012268
0.999757826 0.007226737 -0.020785276 -0.592505157 -0.007555629 0.999846816 -0.015788568 -0.393217653 0.020667996 0.015941789 0.999659240 24.914449692
0.999745190 0.008389764 -0.020957271 -0.621786892 -0.008723583 0.999835670 -0.015888313 -0.419382274 0.020820530 0.016067086 0.999654114 25.892929077
0.999740958 0.007907037 -0.021341594 -0.639605463 -0.008246893 0.999839723 -0.015883833 -0.444549680 0.021212582 0.016055722 0.999646127 26.865171432
0.999723792 0.009133492 -0.021658570 -0.662407219 -0.009446087 0.999852061 -0.014374779 -0.483835489 0.021524074 0.014575395 0.999662042 27.897344589
0.999712050 0.009664007 -0.021965772 -0.688460708 -0.009931990 0.999877214 -0.012123868 -0.512438178 0.021845907 0.012338540 0.999685168 28.917049408
0.999700785 0.010434066 -0.022129223 -0.717659771 -0.010680148 0.999882102 -0.011031345 -0.539428115 0.022011511 0.011264386 0.999694169 29.934637070
0.999693036 0.010733288 -0.022336848 -0.742320120 -0.011003829 0.999867141 -0.012024364 -0.563749790 0.022204818 0.012266461 0.999678135 30.971450806
0.999682605 0.011904763 -0.022211351 -0.778018594 -0.012200261 0.999838173 -0.013216195 -0.591825962 0.022050420 0.013482982 0.999665856 31.971406937
0.999678314 0.011530021 -0.022595320 -0.806544960 -0.011812078 0.999853373 -0.012389609 -0.616800487 0.022449158 0.012652519 0.999667823 33.006072998
0.999665260 0.011412935 -0.023223683 -0.835488617 -0.011645096 0.999883354 -0.009886269 -0.640742660 0.023108141 0.010153402 0.999681413 34.061882019
0.999662876 0.011391959 -0.023334362 -0.873238146 -0.011539453 0.999914229 -0.006196045 -0.666205466 0.023261772 0.006463224 0.999708474 35.108028412
0.999643862 0.011505210 -0.024076959 -0.898145437 -0.011602123 0.999925137 -0.003889429 -0.688891113 0.024030408 0.004167388 0.999702513 36.195541382
0.999633372 0.011761427 -0.024388567 -0.931872666 -0.011850197 0.999923706 -0.003498579 -0.706128001 0.024345556 0.003786305 0.999696434 37.265026093
0.999622285 0.011092140 -0.025147749 -0.960213959 -0.011216438 0.999925554 -0.004807147 -0.729402781 0.025092559 0.005087400 0.999672115 38.356609344
0.999598861 0.011566725 -0.025857843 -0.995821238 -0.011712275 0.999916434 -0.005484691 -0.746462345 0.025792245 0.005785344 0.999650538 39.436187744
0.999591589 0.011065259 -0.026343307 -1.032382011 -0.011174907 0.999929607 -0.004018775 -0.774459898 0.026296979 0.004311518 0.999644816 40.512969971
0.999562860 0.011810249 -0.027102647 -1.069501400 -0.011878810 0.999926627 -0.002370051 -0.788497269 0.027072666 0.002690962 0.999629796 41.599876404
0.999560952 0.011120046 -0.027463503 -1.110114813 -0.011108782 0.999938130 0.000562717 -0.816726804 0.027468063 -0.000257384 0.999622583 42.691474915
0.999534845 0.012754921 -0.027703028 -1.154107332 -0.012747299 0.999918640 0.000451730 -0.839262247 0.027706536 -0.000098382 0.999616027 43.766437531
0.999491811 0.014052957 -0.028610155 -1.175037622 -0.014159676 0.999893427 -0.003530858 -0.858392000 0.028557491 0.003934174 0.999584377 44.852920532
0.999480963 0.015227862 -0.028389333 -1.215751052 -0.015452730 0.999850690 -0.007718272 -0.878102899 0.028267564 0.008152958 0.999567151 45.934566498
0.999469399 0.015699364 -0.028539743 -1.253352165 -0.015935628 0.999840379 -0.008069710 -0.901866078 0.028408499 0.008520227 0.999560058 47.015983582
0.999453306 0.016572112 -0.028611757 -1.288695455 -0.016735110 0.999844909 -0.005466769 -0.926138878 0.028516725 0.005942601 0.999575555 48.116020203
0.999462783 0.016716912 -0.028191729 -1.325403929 -0.016808471 0.999854207 -0.003013993 -0.954631329 0.028137237 0.003486234 0.999597967 49.211093903
0.999484956 0.015220956 -0.028251223 -1.359201908 -0.015278646 0.999881685 -0.001827399 -0.975334466 0.028220063 0.002258098 0.999599159 50.299377441
0.999491990 0.015263639 -0.027979981 -1.392515540 -0.015337741 0.999879420 -0.002435740 -1.001079798 0.027939435 0.002863653 0.999605417 51.390586853
0.999509871 0.014501783 -0.027743336 -1.432069421 -0.014634236 0.999882460 -0.004577246 -1.019714832 0.027673697 0.004981005 0.999604523 52.481315613
0.999522150 0.014264577 -0.027423762 -1.458330393 -0.014445053 0.999875188 -0.006394129 -1.050182462 0.027329128 0.006787211 0.999603391 53.556243896
0.999543488 0.013619171 -0.026971865 -1.493888259 -0.013862279 0.999864757 -0.008847036 -1.077405691 0.026847728 0.009216889 0.999597013 54.647796631
0.999566793 0.012151937 -0.026806314 -1.528192520 -0.012478231 0.999849677 -0.012038747 -1.111799717 0.026655987 0.012368025 0.999568164 55.737075806
0.999588549 0.010088744 -0.026851349 -1.551699638 -0.010461125 0.999850512 -0.013764063 -1.142897844 0.026708474 0.014039294 0.999544621 56.809513092
0.999605715 0.008562833 -0.026741387 -1.582342386 -0.008871687 0.999895036 -0.011452466 -1.173803210 0.026640516 0.011685191 0.999576747 57.896675110
0.999624372 0.007229503 -0.026435809 -1.614134073 -0.007374157 0.999958396 -0.005378491 -1.202497721 0.026395826 0.005571413 0.999635935 58.987445831
0.999642134 0.005534489 -0.026175141 -1.646462560 -0.005530477 0.999984622 0.000225640 -1.222895026 0.026175994 -0.000080798 0.999657333 60.099098206
0.999645114 0.003859140 -0.026361577 -1.674308777 -0.003840412 0.999992311 0.000760978 -1.239759088 0.026364317 -0.000659468 0.999652147 61.191101074
0.999658585 0.000809779 -0.026118418 -1.703133821 -0.000866307 0.999997258 -0.002153082 -1.258673668 0.026116611 0.002174973 0.999656439 62.281589508
0.999666572 -0.000778505 -0.025808081 -1.738654971 0.000640183 0.999985337 -0.005367495 -1.281150937 0.025811879 0.005349184 0.999652505 63.383506775
0.999664962 0.001355508 -0.025847495 -1.775954962 -0.001599765 0.999954224 -0.009431627 -1.306685209 0.025833521 0.009469818 0.999621451 64.470054626
0.999669671 0.001610666 -0.025648508 -1.807888389 -0.001960168 0.999905467 -0.013607325 -1.335018754 0.025624163 0.013653109 0.999578416 65.553321838
0.999677002 0.004508042 -0.025012152 -1.843283772 -0.004868034 0.999885082 -0.014350571 -1.364111066 0.024944585 0.014467696 0.999584138 66.654106140
0.999674201 0.008510431 -0.024064267 -1.888737082 -0.008769501 0.999904513 -0.010680897 -1.398518682 0.023971062 0.010888449 0.999653339 67.771789551
0.999664903 0.009858029 -0.023936849 -1.921844482 -0.010061996 0.999913990 -0.008415624 -1.426173210 0.023851825 0.008653656 0.999678016 68.866539001
0.999666929 0.009136697 -0.024135545 -1.949591398 -0.009327659 0.999926031 -0.007811415 -1.452283382 0.024062386 0.008033942 0.999678135 69.965789795
0.999676168 0.007809566 -0.024223398 -1.974470735 -0.007984358 0.999942899 -0.007127554 -1.478214145 0.024166351 0.007318655 0.999681175 71.073455811
0.999682546 0.006775994 -0.024269631 -2.005804539 -0.006910816 0.999961257 -0.005475625 -1.507659316 0.024231585 0.005641611 0.999690473 72.165763855
0.999676526 0.004918084 -0.024952374 -2.033148766 -0.005007277 0.999981344 -0.003513319 -1.532580614 0.024934629 0.003637127 0.999682426 73.266876221
0.999665558 0.004183095 -0.025521118 -2.068343639 -0.004228710 0.999989510 -0.001733654 -1.561232924 0.025513593 0.001840996 0.999672711 74.376365662
0.999662042 0.003667415 -0.025735218 -2.103956938 -0.003739304 0.999989212 -0.002745864 -1.588094115 0.025724867 0.002841169 0.999664962 75.464591980
0.999641776 0.003379654 -0.026552223 -2.130566359 -0.003559076 0.999971092 -0.006712954 -1.610251665 0.026528768 0.006805050 0.999624789 76.533096313
0.999621689 0.004442186 -0.027148239 -2.172666550 -0.004683976 0.999949813 -0.008849177 -1.638908386 0.027107574 0.008972989 0.999592245 77.641326904
0.999595404 0.006450854 -0.027703114 -2.208592892 -0.006646330 0.999953568 -0.006969879 -1.664104342 0.027656870 0.007151182 0.999591887 78.724937439
0.999571145 0.007545016 -0.028295925 -2.247797966 -0.007625805 0.999967098 -0.002748348 -1.689548612 0.028274259 0.002962948 0.999595821 79.819320679
0.999546409 0.008759445 -0.028813940 -2.286566973 -0.008732007 0.999961257 0.001077918 -1.709251881 0.028822262 -0.000825826 0.999584198 80.892288208
0.999519169 0.009948887 -0.029370250 -2.326631069 -0.009897699 0.999949217 0.001887739 -1.733253360 0.029387537 -0.001596133 0.999566793 81.973869324
0.999510407 0.009428292 -0.029832704 -2.367190361 -0.009434736 0.999955535 -0.000075284 -1.759586215 0.029830661 0.000356711 0.999554873 83.046882629
0.999502301 0.009397119 -0.030115483 -2.407413483 -0.009426512 0.999955297 -0.000834162 -1.776597023 0.030106295 0.001117631 0.999546051 84.113899231
0.999494851 0.009365281 -0.030371424 -2.449855566 -0.009403277 0.999955297 -0.001108422 -1.797283173 0.030359678 0.001393453 0.999538124 85.173820496
0.999459803 0.007712799 -0.031945109 -2.473291636 -0.007743734 0.999969661 -0.000844799 -1.819365740 0.031937622 0.001091717 0.999489188 86.207496643
0.999459386 0.006399571 -0.032247618 -2.512729168 -0.006392802 0.999979496 0.000312993 -1.836075306 0.032248959 -0.000106671 0.999479830 87.229545593
0.999439776 0.006613276 -0.032808892 -2.550319910 -0.006507146 0.999973238 0.003340515 -1.863095164 0.032830108 -0.003125151 0.999455929 88.241355896
0.999413013 0.005893948 -0.033746533 -2.588979006 -0.005753316 0.999974370 0.004262874 -1.883615017 0.033770796 -0.004066218 0.999421358 89.231178284
0.999345541 0.004669618 -0.035869185 -2.627459288 -0.004501547 0.999978542 0.004764955 -1.902559638 0.035890665 -0.004600371 0.999345183 90.184432983
0.999229193 0.004028495 -0.039048545 -2.672109127 -0.003883259 0.999985278 0.003794471 -1.924924374 0.039063256 -0.003639910 0.999230087 91.126670837
0.999076366 0.003699058 -0.042811587 -2.709028482 -0.003579851 0.999989450 0.002860767 -1.938883662 0.042821717 -0.002704866 0.999078989 92.054115295
0.998950183 0.003416783 -0.045683779 -2.756475449 -0.003266093 0.999988973 0.003372763 -1.956608415 0.045694795 -0.003220015 0.998950124 92.945930481
0.998794556 0.004690906 -0.048860915 -2.806386948 -0.004479319 0.999980152 0.004439001 -1.975804925 0.048880752 -0.004214786 0.998795629 93.817237854
0.998637497 0.005458165 -0.051897436 -2.856914759 -0.005177501 0.999971271 0.005540941 -1.993571162 0.051926184 -0.005264693 0.998637021 94.658767700
0.998455167 0.006779589 -0.055151634 -2.905159235 -0.006409056 0.999955654 0.006892533 -2.005563974 0.055195913 -0.006528413 0.998454213 95.474464417
0.998322546 0.008073973 -0.057330716 -2.966076136 -0.007637861 0.999940157 0.007822000 -2.021892786 0.057390448 -0.007370994 0.998324573 96.266952515
0.998138487 0.010196352 -0.060129125 -3.015069246 -0.009723836 0.999919474 0.008145732 -2.034372091 0.060207348 -0.007545882 0.998157322 97.032371521
0.997958362 0.011678007 -0.062792167 -3.067313194 -0.011249415 0.999910951 0.007174753 -2.052399158 0.062870361 -0.006453729 0.998000741 97.758102417
0.997773468 0.013397560 -0.065335691 -3.124897718 -0.013192857 0.999906600 0.003563541 -2.069228172 0.065377310 -0.002693641 0.997856915 98.462257385
0.997566819 0.015915072 -0.067876853 -3.181914330 -0.015951950 0.999872744 -0.000001338 -2.084961653 0.067868181 0.001084102 0.997693598 99.125671387
0.997391045 0.017597349 -0.070011646 -3.235208511 -0.017832456 0.999837220 -0.002734434 -2.098060369 0.069952130 0.003975779 0.997542322 99.776489258
0.997309208 0.019561227 -0.070651725 -3.291179180 -0.019872222 0.999795675 -0.003701534 -2.113426447 0.070564866 0.005095580 0.997494102 100.394760132
0.997309983 0.021999851 -0.069919057 -3.332563162 -0.022267921 0.999747396 -0.003056783 -2.131404400 0.069834143 0.004605512 0.997547865 100.974754333
0.997447312 0.026111085 -0.066460535 -3.383333445 -0.026268743 0.999653757 -0.001499277 -2.146546602 0.066398375 0.003241284 0.997787833 101.540351868
0.997722268 0.028542442 -0.061118312 -3.419470787 -0.028606696 0.999590755 -0.000176381 -2.158816099 0.061088249 0.001924373 0.998130500 102.081466675
0.998129010 0.029425930 -0.053596281 -3.447416782 -0.029349063 0.999566734 0.002220883 -2.177767038 0.053638406 -0.000643727 0.998560190 102.601852417
0.998606563 0.029262185 -0.043916535 -3.470542669 -0.029085178 0.999566078 0.004664209 -2.189615011 0.044033960 -0.003380389 0.999024212 103.114250183
0.999063492 0.028748667 -0.032336667 -3.475936890 -0.028577272 0.999574959 0.005750148 -2.199488163 0.032488242 -0.004820668 0.999460459 103.592346191
0.999436259 0.027606297 -0.019107658 -3.471891880 -0.027499966 0.999604940 0.005805537 -2.211922646 0.019260377 -0.005276803 0.999800563 104.051559448
0.999613822 0.027506934 -0.003956621 -3.464336872 -0.027487531 0.999610186 0.004877296 -2.221618891 0.004089234 -0.004766653 0.999980271 104.489326477
0.999563634 0.025957182 0.014098926 -3.447096109 -0.025984986 0.999660671 0.001792484 -2.231188536 -0.014047617 -0.002158062 0.999898911 104.913383484
0.999049187 0.025640829 0.035261013 -3.414957047 -0.025563696 0.999669731 -0.002636470 -2.246679544 -0.035316974 0.001732563 0.999374688 105.323509216
0.997942448 0.023563061 0.059629850 -3.369849205 -0.023157654 0.999703884 -0.007480686 -2.255662918 -0.059788462 0.006084406 0.998192489 105.732360840
0.995987475 0.021538360 0.086862534 -3.312802315 -0.020710370 0.999731183 -0.010422210 -2.264122486 -0.087063663 0.008581435 0.996165752 106.133384705
0.993016601 0.018566089 0.116504923 -3.233700752 -0.017340969 0.999783218 -0.011520483 -2.277835369 -0.116693571 0.009419722 0.993123293 106.528274536
0.988638759 0.016320862 0.149422556 -3.153483391 -0.014446289 0.999802768 -0.013622306 -2.290165424 -0.149615422 0.011308935 0.988679528 106.914924622
0.982675910 0.013356230 0.184850469 -3.064571381 -0.010792911 0.999831259 -0.014866301 -2.308811426 -0.185017779 0.012613679 0.982654154 107.245307922
0.974695086 0.010371598 0.223297924 -2.945676804 -0.007105658 0.999855757 -0.015424467 -2.321249723 -0.223425671 0.013447472 0.974628150 107.607322693
0.964666128 0.007899719 0.263357013 -2.819025040 -0.003738383 0.999860168 -0.016298499 -2.336453199 -0.263448924 0.014738079 0.964560688 107.959533691
0.952316403 0.008840112 0.304983854 -2.682798386 -0.003729140 0.999842703 -0.017336659 -2.353034973 -0.305089116 0.015372654 0.952199697 108.292190552
0.936855197 0.011003538 0.349544287 -2.549800873 -0.005067382 0.999827027 -0.017892536 -2.364403486 -0.349680692 0.014991441 0.936748922 108.600044250
0.918863773 0.011407600 0.394409895 -2.381919861 -0.005158895 0.999843836 -0.016899925 -2.373864174 -0.394541085 0.013494011 0.918779075 108.923110962
0.898379624 0.010390056 0.439097106 -2.197849274 -0.003858058 0.999868214 -0.015765732 -2.385648489 -0.439203024 0.012469548 0.898301184 109.233665466
0.875042796 0.009216322 0.483957797 -2.007797241 -0.001667535 0.999870181 -0.016026111 -2.401228905 -0.484042525 0.013216515 0.874944448 109.513237000
0.850125313 0.010555656 0.526474535 -1.780761719 -0.000768379 0.999822795 -0.018805409 -2.411271095 -0.526579678 0.015582422 0.849982858 109.799453735
0.822514415 0.012240047 0.568612456 -1.554462433 0.000291729 0.999759257 -0.021942973 -2.431530952 -0.568744063 0.018214293 0.822312713 110.065994263
0.791813374 0.015867485 0.610556960 -1.314708710 -0.000316209 0.999672949 -0.025569959 -2.454777718 -0.610763073 0.020053569 0.791559517 110.336578369
0.757547140 0.022273161 0.652400434 -1.063812256 -0.003968116 0.999556303 -0.029517524 -2.466462612 -0.652768373 0.019772114 0.757299483 110.593048096
0.719895840 0.026946224 0.693559051 -0.792762756 -0.005967245 0.999449432 -0.032636870 -2.474209785 -0.694056511 0.019356504 0.719660163 110.840858459
0.680513084 0.027322236 0.732226551 -0.497665405 -0.003965526 0.999427259 -0.033607084 -2.488803148 -0.732725263 0.019966390 0.680231512 111.064399719
0.639720440 0.024479615 0.768217802 -0.183582306 0.000579592 0.999477029 -0.032331444 -2.501315117 -0.768607378 0.021128340 0.639371753 111.262069702
0.595798016 0.022705989 0.802813411 0.141506195 0.002077478 0.999553263 -0.029812166 -2.508696079 -0.803131580 0.019429855 0.595484734 111.455551147
0.550064862 0.021174859 0.834853530 0.467643738 0.002843946 0.999625146 -0.027227864 -2.524999619 -0.835117161 0.017351368 0.549798369 111.608459473
0.501905739 0.018633369 0.864721656 0.825515747 0.004708727 0.999694288 -0.024274874 -2.535326958 -0.864909589 0.016255436 0.501664340 111.772590637
0.451128274 0.014957791 0.892333865 1.194961548 0.007750718 0.999756217 -0.020676916 -2.544682980 -0.892425537 0.016244171 0.450902224 111.917228699
0.398446590 0.014840842 0.917071462 1.554145813 0.004369265 0.999826968 -0.018078411 -2.569918633 -0.917181194 0.011210211 0.398312807 112.051856995
0.347317040 0.020270716 0.937528610 1.948135376 0.000527375 0.999761999 -0.021811660 -2.576720476 -0.937747598 0.008069990 0.347223639 112.167877197
0.296614587 0.025339376 0.954661131 2.332344055 -0.001040792 0.999655962 -0.026210289 -2.598685741 -0.954996824 0.006780750 0.296538830 112.262176514
0.249926686 0.027515369 0.967873752 2.740407944 0.000707761 0.999590576 -0.028599799 -2.609997749 -0.968264520 0.007832875 0.249804854 112.332969666
0.209027052 0.027186558 0.977531910 3.161128998 0.007600727 0.999538064 -0.029423855 -2.628135443 -0.977880359 0.013580334 0.208723783 112.377517700
0.173645079 0.027015693 0.984437704 3.593002319 0.016158817 0.999410808 -0.030276855 -2.639163256 -0.984675765 0.021164775 0.173106194 112.418006897
0.143176883 0.028232986 0.989294410 4.046310425 0.020429915 0.999295652 -0.031475157 -2.654641151 -0.989486158 0.024717715 0.142499179 112.454071045
0.114976868 0.026305269 0.993019938 4.520953178 0.018531088 0.999418497 -0.028620396 -2.676364422 -0.993195355 0.021692423 0.114422515 112.499694824
0.089512348 0.023027403 0.995719492 5.032380104 0.012505155 0.999627829 -0.024241965 -2.688538551 -0.995907187 0.014621584 0.089191034 112.545463562
0.066040002 0.019119514 0.997633934 5.504388809 0.007310928 0.999780297 -0.019644612 -2.705713034 -0.997790098 0.008590959 0.065885730 112.565162659
0.043364145 0.016569303 0.998921990 6.029206276 0.011489798 0.999788046 -0.017082449 -2.725151300 -0.998993218 0.012218176 0.043164581 112.570693970
0.023306768 0.017473092 0.999575734 6.566775799 0.018956363 0.999659777 -0.017916560 -2.741105318 -0.999548554 0.019365896 0.022967629 112.554206848
0.005975794 0.019940780 0.999783218 7.119018078 0.024182318 0.999505877 -0.020079782 -2.758296251 -0.999689639 0.024297068 0.005490631 112.535430908
-0.009053491 0.025060935 0.999644935 7.723997116 0.023241416 0.999421120 -0.024844829 -2.778582573 -0.999688864 0.023008231 -0.009630695 112.545516968
-0.019193618 0.030059334 0.999363840 8.336588860 0.022338351 0.999311328 -0.029628735 -2.780718803 -0.999566138 0.021755453 -0.019851878 112.526031494
-0.025972642 0.029607866 0.999224067 8.955294609 0.024211224 0.999286711 -0.028980402 -2.800105572 -0.999369383 0.023439739 -0.026670959 112.511138916
-0.028636210 0.026811842 0.999230266 9.605193138 0.030646592 0.999193847 -0.025932584 -2.816085577 -0.999119937 0.029880388 -0.029434813 112.489479065
-0.028085873 0.024892503 0.999295592 10.260707855 0.031654384 0.999210715 -0.024000721 -2.843757391 -0.999104083 0.030958001 -0.028851658 112.465423584
-0.025664952 0.024545036 0.999369204 10.946855545 0.030466283 0.999253392 -0.023759780 -2.869875431 -0.999206245 0.029837277 -0.026393585 112.444503784
-0.024177209 0.024982831 0.999395430 11.627353668 0.027360698 0.999329805 -0.024319284 -2.889833450 -0.999333203 0.026756190 -0.024844551 112.432540894
-0.023120876 0.026158227 0.999390423 12.340438843 0.026138019 0.999331713 -0.025551988 -2.909728050 -0.999390960 0.025531303 -0.023789147 112.427268982
-0.021981660 0.027014140 0.999393523 13.070495605 0.025895009 0.999314785 -0.026442455 -2.935857058 -0.999422908 0.025298050 -0.022666130 112.407775879
-0.021428196 0.026803060 0.999411106 13.821363449 0.025152104 0.999338567 -0.026261827 -2.956244946 -0.999453902 0.024574548 -0.022088176 112.401885986
-0.020900812 0.025440224 0.999457836 14.577526093 0.024375509 0.999391913 -0.024928795 -2.982597351 -0.999484360 0.023841260 -0.021508222 112.392127991
-0.019995334 0.023803968 0.999516666 15.347639084 0.025110470 0.999413133 -0.023299167 -3.017907858 -0.999484658 0.024632454 -0.020581327 112.370468140
-0.020634843 0.021634324 0.999552965 16.136087418 0.025563624 0.999450386 -0.021104366 -3.042131186 -0.999460101 0.025116714 -0.021176554 112.360038757
-0.022191834 0.019913912 0.999555409 16.916751862 0.022211568 0.999564588 -0.019420961 -3.072560787 -0.999506891 0.021770706 -0.022624491 112.353218079
-0.022784956 0.018803982 0.999563456 17.703634262 0.023053266 0.999567032 -0.018278552 -3.094892502 -0.999474525 0.022626726 -0.023208583 112.325431824
-0.023923378 0.016527617 0.999577165 18.502578735 0.025085591 0.999558330 -0.015926925 -3.111901999 -0.999399006 0.024693957 -0.024327418 112.305679321
-0.025489582 0.014799345 0.999565482 19.317426682 0.026712736 0.999543428 -0.014117826 -3.136919498 -0.999318123 0.026341271 -0.025873277 112.290206909
-0.027107265 0.013645738 0.999539375 20.141052246 0.024462802 0.999616444 -0.012983365 -3.168606520 -0.999333084 0.024099588 -0.027430678 112.269645691
-0.027711624 0.018460704 0.999445438 20.960836411 0.020829085 0.999623001 -0.017886452 -3.195729733 -0.999398828 0.020321874 -0.028085697 112.247253418
-0.028713118 0.023076382 0.999321342 21.796018600 0.022166673 0.999502242 -0.022443656 -3.220065594 -0.999341846 0.021507200 -0.029210359 112.229576111
-0.029979760 0.025043875 0.999236643 22.635211945 0.022224359 0.999455631 -0.024382569 -3.242825747 -0.999303341 0.021476412 -0.030520024 112.208534241
-0.031492963 0.022697520 0.999246240 23.481361389 0.018593328 0.999582469 -0.022119153 -3.276187420 -0.999330997 0.017882714 -0.031901836 112.192260742
-0.032144368 0.018199831 0.999317527 24.321485519 0.015959661 0.999716043 -0.017693724 -3.309016705 -0.999355793 0.015380016 -0.032425690 112.169143677
-0.032468926 0.012941690 0.999388933 25.175691605 0.014555652 0.999816239 -0.012474324 -3.335800886 -0.999366701 0.014141731 -0.032651331 112.147193909
-0.032910839 0.007429630 0.999430716 26.023431778 0.010798724 0.999916553 -0.007077645 -3.358416557 -0.999399900 0.010559645 -0.032988317 112.128921509
-0.032613125 0.005634040 0.999452293 26.878376007 0.008188772 0.999952018 -0.005369651 -3.387778282 -0.999434412 0.008009166 -0.032657694 112.112167358
-0.031751975 0.012650453 0.999415636 27.708353043 0.010449827 0.999869466 -0.012324199 -3.418548822 -0.999441087 0.010052403 -0.031880025 112.079483032
-0.030086383 0.023879960 0.999261975 28.537645340 0.013205884 0.999636889 -0.023491304 -3.441526890 -0.999460042 0.012489371 -0.030390808 112.046646118
-0.030276371 0.029345013 0.999110699 29.372171402 0.015038531 0.999469161 -0.028899822 -3.462248802 -0.999428272 0.014150174 -0.030701600 112.034240723
-0.029146090 0.023615275 0.999296129 30.218702316 0.016380215 0.999598026 -0.023144651 -3.500117779 -0.999440849 0.015694110 -0.029521191 112.013381958
-0.028034938 0.015957262 0.999479592 31.050722122 0.019722925 0.999686718 -0.015407351 -3.532181263 -0.999412358 0.019280715 -0.028340882 111.983428955
-0.027034044 0.013275542 0.999546349 31.880430222 0.021179354 0.999694943 -0.012704692 -3.557186604 -0.999410152 0.020826284 -0.027306961 111.958198547
-0.027421309 0.013993818 0.999526024 32.699176788 0.020256460 0.999704480 -0.013440594 -3.581776857 -0.999418736 0.019878302 -0.027696664 111.941535950
-0.028282855 0.014313811 0.999497533 33.516613007 0.016437072 0.999768913 -0.013852578 -3.615309000 -0.999464810 0.016037023 -0.028511597 111.925178528
-0.030468561 0.014556887 0.999429703 34.337764740 0.014640210 0.999793231 -0.014115860 -3.641767502 -0.999428451 0.014201771 -0.030675378 111.908843994
-0.032523341 0.014593048 0.999364436 35.147048950 0.014346504 0.999797225 -0.014132474 -3.666833401 -0.999367952 0.013877750 -0.032726102 111.882453918
-0.034437843 0.014656210 0.999299288 35.951194763 0.013334719 0.999810278 -0.014204161 -3.694911957 -0.999317765 0.012836214 -0.034626745 111.857688904
-0.036596280 0.014909763 0.999218881 36.767726898 0.011419510 0.999829650 -0.014500638 -3.722513676 -0.999264836 0.010879920 -0.036760304 111.838661194
-0.039144360 0.014093805 0.999134183 37.570640564 0.009794085 0.999857843 -0.013720295 -3.749286652 -0.999185443 0.009248532 -0.039276835 111.821136475
-0.040986743 0.013056085 0.999074399 38.359722137 0.010051950 0.999869347 -0.012654093 -3.774915934 -0.999109089 0.009523994 -0.041112624 111.786827087
-0.043204475 0.012572729 0.998987079 39.140735626 0.009274200 0.999882758 -0.012182907 -3.807375669 -0.999023080 0.008738447 -0.043316014 111.757736206
-0.044927318 0.013961438 0.998892665 39.930362701 0.009664130 0.999861658 -0.013540315 -3.826935530 -0.998943388 0.009045099 -0.045056023 111.730842590
-0.045766432 0.014175546 0.998851597 40.698352814 0.010572148 0.999850154 -0.013705312 -3.852168798 -0.998896182 0.009932764 -0.045909438 111.687042236
-0.046860304 0.012842481 0.998818994 41.477008820 0.012457598 0.999846995 -0.012271246 -3.879324913 -0.998823702 0.011867850 -0.047013126 111.655982971
-0.048606090 0.012178293 0.998743713 42.252948761 0.012338477 0.999856651 -0.011591384 -3.904209852 -0.998741746 0.011759565 -0.048749376 111.626823425
-0.050095044 0.011833666 0.998674273 43.015834808 0.011210500 0.999873400 -0.011285540 -3.927148342 -0.998681486 0.010630286 -0.050221365 111.596054077
-0.051439077 0.010894206 0.998616695 43.778869629 0.009194060 0.999903262 -0.010434653 -3.948669672 -0.998633742 0.008644594 -0.051534265 111.567153931
-0.052636370 0.009753426 0.998566031 44.517749786 0.008124087 0.999923289 -0.009338446 -3.972712040 -0.998580635 0.007620896 -0.052711569 111.538894653
-0.053650849 0.009018460 0.998519003 45.241767883 0.007920845 0.999931514 -0.008605627 -4.002900124 -0.998528361 0.007447415 -0.053718604 111.511581421
-0.052891757 0.012088760 0.998527169 45.933582306 0.008271071 0.999897659 -0.011667236 -4.015850544 -0.998566091 0.007641787 -0.052986339 111.460975647
-0.053215038 0.015048878 0.998469770 46.636234283 0.008613174 0.999856055 -0.014610721 -4.038516521 -0.998546004 0.007822483 -0.053337008 111.431991577
-0.053333215 0.016726095 0.998436809 47.337669373 0.006583615 0.999843836 -0.016397994 -4.059278965 -0.998555064 0.005698764 -0.053435013 111.400672913
-0.053724613 0.017114395 0.998409092 48.038547516 0.006727383 0.999836624 -0.016776860 -4.089979649 -0.998533010 0.005815349 -0.053830978 111.369827271
-0.053525887 0.016981935 0.998422086 48.735328674 0.008276902 0.999828517 -0.016562127 -4.112629890 -0.998532116 0.007377338 -0.053657271 111.332893372
-0.054060716 0.016252261 0.998405397 49.424663544 0.008769879 0.999836624 -0.015800692 -4.138795853 -0.998499036 0.007901697 -0.054194413 111.299987793
-0.054137837 0.016944667 0.998389661 50.105369568 0.005432508 0.999846160 -0.016674805 -4.155175209 -0.998518586 0.004521022 -0.054221559 111.266540527
-0.054498147 0.016544996 0.998376846 50.803733826 0.002416041 0.999861956 -0.016437722 -4.188612461 -0.998510838 0.001516293 -0.054530598 111.247840881
-0.053997818 0.015131596 0.998426378 51.477142334 0.003945929 0.999880552 -0.014940226 -4.216205120 -0.998533249 0.003132980 -0.054051079 111.207969666
-0.055197626 0.014862156 0.998364866 52.161422729 0.004595273 0.999882340 -0.014630684 -4.234552383 -0.998464882 0.003780180 -0.055259425 111.176277161
-0.058705077 0.013927449 0.998178184 52.823059082 0.001282331 0.999902844 -0.013876094 -4.259174824 -0.998274505 0.000465397 -0.058717225 111.143440247
-0.063805208 0.013762921 0.997867465 53.502536774 -0.002058216 0.999900877 -0.013922572 -4.280565739 -0.997960210 -0.002942160 -0.063770570 111.107704163
-0.070168629 0.017915959 0.997374356 54.158847809 0.001968112 0.999839127 -0.017821770 -4.298231602 -0.997533202 0.000712415 -0.070192598 111.061737061
-0.076107726 0.020768831 0.996883333 54.820846558 0.003963554 0.999781430 -0.020526608 -4.320757389 -0.997091770 0.002388967 -0.076173410 111.000114441
-0.083397672 0.022259435 0.996267796 55.489597321 0.003151269 0.999751389 -0.022073478 -4.345931053 -0.996511400 0.001298631 -0.083447091 110.944412231
-0.089492165 0.021242114 0.995761037 56.161609650 -0.000497509 0.999771476 -0.021372378 -4.370404720 -0.995987535 -0.002408060 -0.089461140 110.888626099
-0.095893212 0.020578464 0.995178938 56.865879059 -0.000809324 0.999784410 -0.020751677 -4.391656399 -0.995391369 -0.002795368 -0.095855877 110.838890076
-0.100041814 0.020796863 0.994765878 57.547538757 -0.003404556 0.999768615 -0.021243837 -4.420808315 -0.994977415 -0.005512009 -0.099947855 110.770286560
-0.104242675 0.020589285 0.994338810 58.249195099 -0.004594649 0.999765038 -0.021183331 -4.431686878 -0.994541287 -0.006776846 -0.104123585 110.705017090
-0.106420778 0.017070554 0.994174659 58.938430786 -0.005067536 0.999830306 -0.017710116 -4.461008072 -0.994308233 -0.006922738 -0.106316209 110.625541687
-0.108262911 0.014253319 0.994020104 59.651470184 -0.002898567 0.999888420 -0.014653157 -4.480901718 -0.994118094 -0.004467626 -0.108209521 110.550369263
-0.109368294 0.011008015 0.993940353 60.362354279 -0.003526353 0.999928057 -0.011462353 -4.506807804 -0.993995011 -0.004758602 -0.109321609 110.470649719
-0.110972874 0.010737151 0.993765473 61.092308044 -0.004521466 0.999925792 -0.011308617 -4.528316975 -0.993813157 -0.005748227 -0.110916108 110.398979187
-0.111224197 0.014029276 0.993696392 61.809799194 -0.002826122 0.999891818 -0.014433074 -4.550273895 -0.993791282 -0.004413614 -0.111172527 110.318283081
-0.111530773 0.018662620 0.993585885 62.559402466 0.003374010 0.999825001 -0.018401083 -4.568859577 -0.993755162 0.001300081 -0.111574240 110.232864380
-0.112154625 0.023912372 0.993403137 63.301811218 0.010940501 0.999679565 -0.022828277 -4.591777325 -0.993630469 0.008308027 -0.112380289 110.142707825
-0.112884387 0.024387132 0.993308902 64.041648865 0.010898288 0.999669075 -0.023304751 -4.620178223 -0.993548334 0.008194624 -0.113112792 110.058410645
-0.113792665 0.022345794 0.993253291 64.807983398 0.009342200 0.999726951 -0.021421140 -4.647067070 -0.993460596 0.006841601 -0.113970339 109.986930847
-0.113251887 0.017684186 0.993408978 65.556488037 0.009566079 0.999814630 -0.016707653 -4.669981003 -0.993520200 0.007610855 -0.113400079 109.898956299
-0.113037497 0.015642796 0.993467569 66.299316406 0.012284486 0.999821603 -0.014345105 -4.696532249 -0.993514836 0.010582702 -0.113209501 109.804740906
-0.113748126 0.014883922 0.993398249 67.046592712 0.012100791 0.999834418 -0.013594766 -4.722901344 -0.993435919 0.010474524 -0.113909394 109.721191406
-0.115538970 0.015959620 0.993174851 67.793930054 0.010397970 0.999835670 -0.014857030 -4.746086597 -0.993248582 0.008610434 -0.115685925 109.642654419
-0.117928162 0.016653948 0.992882431 68.536422729 0.010079226 0.999827981 -0.015573304 -4.773026466 -0.992970943 0.008170956 -0.118075714 109.558341980
-0.120147668 0.016872028 0.992612600 69.276924133 0.011198024 0.999815047 -0.015639022 -4.797943115 -0.992692828 0.009236310 -0.120314360 109.471328735
-0.122014128 0.017103858 0.992380977 70.020553589 0.011209332 0.999811471 -0.015853725 -4.819433212 -0.992465079 0.009189550 -0.122182839 109.380813599
-0.124126337 0.016913064 0.992122412 70.770324707 0.010933992 0.999817312 -0.015676273 -4.841330528 -0.992206097 0.008902020 -0.124288589 109.291603088
-0.125680372 0.017129151 0.991922915 71.518630981 0.008727876 0.999831319 -0.016159864 -4.864985943 -0.992032409 0.006626402 -0.125808701 109.201980591
-0.126862466 0.018604891 0.991745949 72.271789551 0.008596308 0.999807298 -0.017656494 -4.890296459 -0.991883039 0.006285408 -0.126997918 109.111434937
-0.127850801 0.018976277 0.991611838 73.035697937 0.007889170 0.999804914 -0.018115889 -4.911971092 -0.991761982 0.005506864 -0.127975568 109.021018982
-0.129041493 0.019273482 0.991451919 73.797271729 0.007070913 0.999803722 -0.018515524 -4.936496258 -0.991613925 0.004621199 -0.129152432 108.923164368
-0.130257800 0.017864553 0.991319239 74.583175659 0.007812890 0.999825120 -0.016991232 -4.956744194 -0.991449356 0.005531826 -0.130374581 108.830116272
-0.131174341 0.015137196 0.991243780 75.350524902 0.004689494 0.999881685 -0.014648525 -4.986484051 -0.991348267 0.002726921 -0.131229743 108.728324890
-0.133005545 0.012894908 0.991031408 76.129341125 0.001827664 0.999916852 -0.012765232 -5.010630131 -0.991113544 0.000113425 -0.133018047 108.631874084
-0.135202751 0.012378987 0.990740597 76.917282104 0.003184481 0.999922216 -0.012059133 -5.030638218 -0.990812778 0.001524567 -0.135231629 108.527130127
-0.137035474 0.012762383 0.990483940 77.718200684 0.004212279 0.999915481 -0.012301132 -5.057557106 -0.990557194 0.002486504 -0.137077644 108.421569824
-0.139263168 0.014141464 0.990154386 78.506546021 0.004000393 0.999897957 -0.013717971 -5.078250885 -0.990247250 0.002050598 -0.139305517 108.314437866
-0.140627101 0.017678417 0.989905000 79.325508118 0.005375030 0.999839365 -0.017092258 -5.106179714 -0.990047991 0.002917133 -0.140699536 108.200431824
-0.140932932 0.021695737 0.989781559 80.130218506 0.007306087 0.999755442 -0.020874063 -5.129721642 -0.989992142 0.004289587 -0.141056970 108.081268311
-0.142435476 0.025505723 0.989475429 80.946876526 0.008172513 0.999664187 -0.024591919 -5.159282207 -0.989770293 0.004583740 -0.142596096 107.974647522
-0.141855910 0.026733121 0.989526331 81.770385742 0.011093833 0.999615431 -0.025415307 -5.190251350 -0.989825070 0.007372327 -0.142097950 107.856033325
-0.141271919 0.025987869 0.989629686 82.606391907 0.013538619 0.999612689 -0.024317352 -5.220886230 -0.989878118 0.009962859 -0.141569033 107.727493286
-0.141312450 0.024261843 0.989667654 83.445877075 0.014031427 0.999648333 -0.022503002 -5.250362396 -0.989865482 0.010706495 -0.141603187 107.612533569
-0.140481547 0.022807067 0.989820540 84.283035278 0.013392210 0.999686897 -0.021133700 -5.278335571 -0.989992619 0.010286989 -0.140742987 107.499351501
-0.139037639 0.019824337 0.990088642 85.132949829 0.012114157 0.999758720 -0.018316776 -5.314343929 -0.990212977 0.009447368 -0.139244258 107.390678406
-0.137301609 0.016759586 0.990387619 85.980392456 0.012953949 0.999801576 -0.015123038 -5.338178158 -0.990444660 0.010753009 -0.137491480 107.277915955
-0.135386646 0.013035397 0.990707159 86.834327698 0.013265957 0.999847591 -0.011342787 -5.366790771 -0.990703940 0.011607016 -0.135538951 107.160400391
-0.133879483 0.013203925 0.990909696 87.691970825 0.011981730 0.999859691 -0.011704363 -5.390140533 -0.990925133 0.010305838 -0.134018913 107.054023743
-0.132471904 0.017367138 0.991034567 88.551086426 0.012872610 0.999792278 -0.015799928 -5.420531750 -0.991103053 0.010664155 -0.132667959 106.941169739
-0.130426303 0.023810748 0.991171956 89.396202087 0.014126518 0.999654710 -0.022155646 -5.446355820 -0.991357267 0.011112131 -0.130717635 106.831604004
-0.129200190 0.027049892 0.991249561 90.253723145 0.011116881 0.999604583 -0.025828904 -5.473992348 -0.991556168 0.007682503 -0.129449844 106.728416443
-0.127868876 0.024613691 0.991485596 91.113113403 0.009802969 0.999674618 -0.023552718 -5.503534794 -0.991742551 0.006707842 -0.128068566 106.624908447
