1.000000000 0.000000000 0.000000000 0.000000000 0.000000000 1.000000000 0.000000000 0.000000000 0.000000000 0.000000000 1.000000000 0.000000000
0.999997437 0.001000859 0.002044363 -0.008982586 -0.000998621 0.999998927 -0.001095367 -0.016819879 -0.002045457 0.001093323 0.999997318 1.206172585
0.999992073 0.000994456 0.003853465 -0.017365858 -0.000990577 0.999998987 -0.001008337 -0.033292800 -0.003854464 0.001004512 0.999992013 2.403415918
0.999987125 0.000559283 0.005031956 -0.017367439 -0.000555273 0.999999523 -0.000798220 -0.051588979 -0.005032400 0.000795416 0.999986947 3.601034641
0.999981225 0.000519301 0.006107402 -0.015985748 -0.000513545 0.999999344 -0.000944123 -0.071945481 -0.006107888 0.000940969 0.999980807 4.802757263
0.999978065 0.000362153 0.006617832 -0.009365465 -0.000357781 0.999999642 -0.000661717 -0.093882300 -0.006618071 0.000659335 0.999977887 6.004744053
0.999974251 0.000550557 0.007156842 -0.002109684 -0.000538496 0.999998450 -0.001687173 -0.115522057 -0.007157759 0.001683276 0.999972999 7.203982830
0.999965966 0.000218227 0.008248507 -0.000995450 -0.000203201 0.999998331 -0.001822414 -0.140466720 -0.008248889 0.001820676 0.999964297 8.386799812
0.999964654 0.000065952 0.008404826 0.003902473 -0.000062553 0.999999881 -0.000404621 -0.162480786 -0.008404853 0.000404081 0.999964595 9.586144447
0.999974966 -0.000697352 0.007041957 0.006570183 0.000692160 0.999999523 0.000739656 -0.187569261 -0.007042469 -0.000734764 0.999974906 10.779469490
0.999987185 -0.002133091 0.004575027 0.009544618 0.002131748 0.999997675 0.000298277 -0.208255842 -0.004575653 -0.000288520 0.999989510 11.984300613
0.999994695 -0.001765489 0.002745267 0.003086183 0.001766288 0.999998391 -0.000288802 -0.225790650 -0.002744752 0.000293649 0.999996185 13.179318428
0.999997139 -0.001993017 0.001307477 0.003396187 0.001993445 0.999997973 -0.000326336 -0.250592470 -0.001306823 0.000328942 0.999999106 14.378647804
0.999999762 -0.000466652 0.000400640 0.000966861 0.000466843 0.999999702 -0.000478800 -0.270949364 -0.000400416 0.000478987 0.999999821 15.580042839
0.999999702 -0.000680119 -0.000110621 -0.004419514 0.000680075 0.999999702 -0.000404997 -0.291361332 0.000110896 0.000404922 0.999999940 16.781740189
0.999998331 -0.001580758 -0.000903890 -0.007007318 0.001580576 0.999998689 -0.000201939 -0.308929175 0.000904209 0.000200510 0.999999642 17.965454102
0.999998093 -0.001435982 -0.001327164 -0.015337437 0.001436362 0.999998927 0.000285821 -0.334492445 0.001326752 -0.000287727 0.999999106 19.164127350
0.999996722 -0.001104314 -0.002308228 -0.022178147 0.001103331 0.999999344 -0.000426736 -0.358750552 0.002308697 0.000424188 0.999997318 20.360078812
0.999996305 -0.001553085 -0.002212390 -0.041798808 0.001550121 0.999997914 -0.001341111 -0.383906782 0.002214468 0.001337676 0.999996662 21.566457748
0.999995410 -0.000356764 -0.002986321 -0.049954355 0.000354583 0.999999702 -0.000730876 -0.404444367 0.002986580 0.000729814 0.999995291 22.763633728
0.999993384 -0.001108538 -0.003467803 -0.069275878 0.001105121 0.999998927 -0.000987239 -0.429272890 0.003468893 0.000983400 0.999993503 23.949340820
0.999989510 -0.001070134 -0.004455259 -0.079571277 0.001063028 0.999998212 -0.001596984 -0.451480985 0.004456959 0.001592231 0.999988794 25.143346786
0.999984920 -0.000881298 -0.005407768 -0.091396369 0.000878059 0.999999404 -0.000601206 -0.481866330 0.005408295 0.000596449 0.999985158 26.336585999
0.999977529 -0.002638567 -0.006145587 -0.103651896 0.002646120 0.999995708 0.001221267 -0.503887773 0.006142339 -0.001237501 0.999980330 27.539779663
0.999971628 -0.002327397 -0.007160294 -0.113954529 0.002335465 0.999996603 0.001118577 -0.522749722 0.007157666 -0.001135268 0.999973714 28.730514526
0.999962866 -0.003084061 -0.008052884 -0.128271848 0.003086846 0.999995291 0.000333443 -0.543694198 0.008051817 -0.000358289 0.999967515 29.930772781
0.999956131 -0.003213143 -0.008796971 -0.140531227 0.003207818 0.999994576 -0.000619374 -0.564678907 0.008798917 0.000591128 0.999961078 31.124378204
0.999949634 -0.002662023 -0.009673693 -0.157006353 0.002656403 0.999996245 -0.000593695 -0.584147453 0.009675240 0.000567968 0.999953032 32.318351746
0.999941468 -0.002773647 -0.010454231 -0.173031941 0.002771848 0.999996185 -0.000186629 -0.603949308 0.010454710 0.000157641 0.999945343 33.523574829
0.999935269 -0.003516265 -0.010828337 -0.190981135 0.003519061 0.999993920 0.000239149 -0.629020333 0.010827428 -0.000277239 0.999941289 34.708961487
0.999922335 -0.004179382 -0.011744810 -0.201967493 0.004185313 0.999991179 0.000480381 -0.653189957 0.011742699 -0.000529499 0.999930918 35.909931183
0.999921858 -0.004071014 -0.011818364 -0.228605241 0.004072284 0.999991715 0.000083293 -0.670392931 0.011817927 -0.000131414 0.999930143 37.108051300
0.999915361 -0.004966921 -0.012022084 -0.242727146 0.004976716 0.999987364 0.000784956 -0.691757381 0.012018031 -0.000844720 0.999927461 38.307697296
0.999918997 -0.004628325 -0.011856676 -0.264135242 0.004655405 0.999986529 0.002257500 -0.716110468 0.011846068 -0.002312514 0.999927104 39.524837494
0.999917567 -0.004115516 -0.012160825 -0.279220432 0.004148573 0.999987781 0.002694450 -0.728727579 0.012149587 -0.002744679 0.999922395 40.726940155
0.999921978 -0.003453710 -0.012010610 -0.299937934 0.003485582 0.999990404 0.002633807 -0.752818048 0.012001401 -0.002675465 0.999924421 41.928031921
0.999929070 -0.002357359 -0.011672191 -0.323662519 0.002384934 0.999994397 0.002349074 -0.766119540 0.011666590 -0.002376744 0.999929070 43.123859406
0.999937654 -0.000020714 -0.011160973 -0.344736934 0.000065791 0.999991894 0.004038409 -0.781334281 0.011160798 -0.004038892 0.999929607 44.327190399
0.999952912 0.000459230 -0.009683430 -0.363232851 -0.000391245 0.999975324 0.007021544 -0.794288993 0.009686414 -0.007017425 0.999928474 45.535396576
0.999971569 0.000638552 -0.007507293 -0.378383815 -0.000563715 0.999950171 0.009966523 -0.807541728 0.007513280 -0.009962009 0.999922156 46.741638184
0.999978065 0.001076878 -0.006539544 -0.384768367 -0.000989628 0.999910653 0.013330620 -0.815173388 0.006553314 -0.013323857 0.999889731 47.943801880
0.999988198 -0.000088106 -0.004845826 -0.402958632 0.000158943 0.999893010 0.014619763 -0.822867692 0.004844021 -0.014620360 0.999881446 49.155784607
0.999993861 -0.001145544 -0.003317593 -0.402878225 0.001189044 0.999912977 0.013139695 -0.825062156 0.003302253 -0.013143559 0.999908149 50.373695374
0.999997973 -0.000167119 -0.002025715 -0.414438337 0.000190495 0.999933362 0.011544876 -0.831768394 0.002023650 -0.011545238 0.999931335 51.589080811
0.999999106 -0.000247127 -0.001321147 -0.420960933 0.000261705 0.999938965 0.011045604 -0.838512063 0.001318337 -0.011045942 0.999938130 52.773792267
0.999998748 -0.000462389 -0.001519019 -0.425186276 0.000478179 0.999945700 0.010411207 -0.842967749 0.001514122 -0.010411922 0.999944627 53.978858948
0.999997497 -0.000881909 -0.002047473 -0.434330910 0.000900572 0.999957919 0.009132357 -0.848661304 0.002039333 -0.009134181 0.999956191 55.187404633
0.999992728 -0.000702644 -0.003742095 -0.440864384 0.000739500 0.999951184 0.009856574 -0.859842479 0.003734986 -0.009859270 0.999944448 56.390342712
0.999986768 -0.000819944 -0.005077861 -0.452114046 0.000874551 0.999941766 0.010760950 -0.864584982 0.005068741 -0.010765250 0.999929249 57.596328735
0.999981344 -0.001052073 -0.006013833 -0.464434147 0.001121420 0.999932826 0.011539610 -0.880376101 0.006001289 -0.011546139 0.999915361 58.794429779
0.999976516 -0.000025701 -0.006851277 -0.478702128 0.000101203 0.999939263 0.011020068 -0.882854760 0.006850579 -0.011020504 0.999915838 59.995079041
0.999971509 0.000113188 -0.007543637 -0.493818015 -0.000027288 0.999935210 0.011386303 -0.899333835 0.007544439 -0.011385774 0.999906659 61.201290131
0.999970734 -0.000878321 -0.007599491 -0.507260382 0.000958954 0.999943197 0.010613170 -0.902781606 0.007589737 -0.010620148 0.999914765 62.397541046
0.999967277 -0.001694903 -0.007908315 -0.520115912 0.001771747 0.999951184 0.009719972 -0.915612936 0.007891455 -0.009733666 0.999921441 63.616020203
0.999964535 -0.001810079 -0.008217979 -0.532672107 0.001901328 0.999936461 0.011109365 -0.923822224 0.008197348 -0.011124597 0.999904513 64.819984436
0.999960959 -0.002526050 -0.008468332 -0.549891710 0.002632570 0.999917269 0.012591224 -0.934502780 0.008435826 -0.012613025 0.999884784 66.024963379
0.999960840 -0.001667434 -0.008692475 -0.569661736 0.001761994 0.999939263 0.010882083 -0.941057324 0.008673801 -0.010896974 0.999902964 67.210960388
0.999964297 0.000140199 -0.008443016 -0.591799498 -0.000056410 0.999950767 0.009923443 -0.950301647 0.008443992 -0.009922614 0.999915123 68.410644531
0.999960721 0.002355773 -0.008543195 -0.607643008 -0.002268762 0.999945641 0.010180127 -0.960798621 0.008566710 -0.010160343 0.999911666 69.590782166
0.999952018 0.004742607 -0.008575501 -0.623256207 -0.004653075 0.999934733 0.010430344 -0.970228493 0.008624408 -0.010389941 0.999908805 70.776153564
0.999950767 0.005822202 -0.008031593 -0.645687580 -0.005737146 0.999927640 0.010572826 -0.975883424 0.008092568 -0.010526229 0.999911785 71.984924316
0.999954045 0.006212528 -0.007303329 -0.662173510 -0.006125877 0.999911308 0.011827600 -0.986895382 0.007376160 -0.011782316 0.999903381 73.161888123
0.999950051 0.008366998 -0.005469198 -0.677928090 -0.008297827 0.999886811 0.012549919 -0.992277682 0.005573585 -0.012503911 0.999906242 74.341278076
0.999970913 0.007070221 -0.002867658 -0.687458456 -0.007040900 0.999924183 0.010108639 -0.999490321 0.002938911 -0.010088157 0.999944806 75.525405884
0.999991238 0.004161931 -0.000280864 -0.684917390 -0.004160357 0.999976873 0.005386512 -1.018413544 0.000303275 -0.005385297 0.999985397 76.703666687
0.999985456 0.005024424 0.001967966 -0.686290562 -0.005033952 0.999975562 0.004867574 -1.028273106 -0.001943461 -0.004877411 0.999986112 77.889221191
0.999979615 0.004077449 0.004916754 -0.684460521 -0.004119663 0.999954462 0.008606335 -1.043475866 -0.004881438 -0.008626415 0.999950886 79.052314758
0.999950647 0.004716330 0.008750562 -0.685831368 -0.004801493 0.999940991 0.009736942 -1.054600239 -0.008704124 -0.009778475 0.999914229 80.217658997
0.999907672 0.004754855 0.012728840 -0.677699327 -0.004855844 0.999956906 0.007914725 -1.064343691 -0.012690655 -0.007975804 0.999887705 81.393661499
0.999865174 0.003160482 0.016111424 -0.661482692 -0.003246895 0.999980569 0.005340183 -1.081009626 -0.016094230 -0.005391776 0.999855936 82.556175232
0.999809384 0.002486352 0.019367026 -0.644863725 -0.002517782 0.999995530 0.001598602 -1.100202918 -0.019362964 -0.001647059 0.999811172 83.731048584
0.999742031 0.001473232 0.022666356 -0.620275855 -0.001494111 0.999998450 0.000904212 -1.119011283 -0.022664990 -0.000937845 0.999742687 84.888427734
0.999651551 0.001699209 0.026342303 -0.592394590 -0.001763075 0.999995589 0.002401399 -1.139023304 -0.026338104 -0.002447005 0.999650121 86.044563293
0.999535620 0.003187316 0.030304078 -0.569557428 -0.003283011 0.999989808 0.003108607 -1.162885308 -0.030293861 -0.003206652 0.999535918 87.211128235
0.999421954 0.002479328 0.033904307 -0.528984308 -0.002506954 0.999996483 0.000772336 -1.180576205 -0.033902280 -0.000856886 0.999424815 88.354347229
0.999311447 0.002266919 0.037032682 -0.489852190 -0.002215449 0.999996424 -0.001430841 -1.200623393 -0.037035801 0.001347812 0.999313056 89.500518799
0.999191344 0.002152229 0.040150952 -0.443137169 -0.002081653 0.999996126 -0.001799498 -1.221579552 -0.040154669 0.001714463 0.999192059 90.659126282
0.999071240 0.000983435 0.043076880 -0.397673368 -0.000959398 0.999999344 -0.000578692 -1.243600249 -0.043077424 0.000536827 0.999071538 91.808860779
0.998950779 0.000528567 0.045792352 -0.349858284 -0.000570485 0.999999404 0.000902318 -1.261817217 -0.045791857 -0.000927495 0.998950481 92.966049194
0.998815954 -0.000408198 0.048645779 -0.299234390 0.000275445 0.999996245 0.002735640 -1.281879783 -0.048646722 -0.002719002 0.998812258 94.132148743
0.998703837 -0.001925302 0.050861947 -0.240777493 0.001737727 0.999991536 0.003731874 -1.297518492 -0.050868705 -0.003638653 0.998698711 95.286300659
0.998579562 -0.002731498 0.053210400 -0.183731079 0.002666891 0.999995589 0.001285134 -1.312865019 -0.053213667 -0.001141403 0.998582482 96.444961548
0.998450994 -0.004339632 0.055468023 -0.119651318 0.004470256 0.999987543 -0.002231076 -1.332738519 -0.055457640 0.002475576 0.998457968 97.605522156
0.998338342 -0.003276158 0.057530273 -0.060710907 0.003562090 0.999981880 -0.004868258 -1.353383660 -0.057513278 0.005065097 0.998331904 98.767562866
0.998241901 -0.003500641 0.059167005 0.008185387 0.003853216 0.999975443 -0.005845931 -1.376204491 -0.059145089 0.006063637 0.998230875 99.947456360
0.998233318 -0.003253494 0.059327342 0.078178883 0.003569672 0.999979973 -0.005224184 -1.398563504 -0.059309162 0.005426734 0.998224854 101.125473022
0.998268008 -0.003540302 0.058723308 0.139477253 0.003734150 0.999987841 -0.003191619 -1.429827809 -0.058711298 0.003405372 0.998269200 102.312088013
0.998336792 -0.003729367 0.057529546 0.200613499 0.003840161 0.999990880 -0.001815431 -1.448966861 -0.057522256 0.002033334 0.998342156 103.513130188
0.998454928 -0.003468202 0.055457912 0.259873390 0.003526302 0.999993324 -0.000949802 -1.468649864 -0.055454243 0.001143896 0.998460531 104.703079224
0.998601556 -0.003242836 0.052767556 0.320984364 0.003290601 0.999994218 -0.000818326 -1.482900381 -0.052764591 0.000990819 0.998606503 105.907165527
0.998743653 -0.002672112 0.050038055 0.369819641 0.002707314 0.999996126 -0.000635735 -1.504807234 -0.050036155 0.000770405 0.998747110 107.110664368
0.998929083 -0.000857513 0.046257868 0.415364742 0.000919363 0.999998689 -0.001315836 -1.516416311 -0.046256673 0.001356955 0.998928666 108.314949036
0.999099731 -0.001094524 0.042411789 0.460547924 0.001125320 0.999999046 -0.000702233 -1.541688800 -0.042410977 0.000749327 0.999099910 109.518974304
0.999267459 -0.000517564 0.038266730 0.506256104 0.000502733 0.999999762 0.000397183 -1.560089588 -0.038266927 -0.000377654 0.999267459 110.742134094
0.999423683 -0.000084862 0.033945512 0.541789055 0.000045605 0.999999285 0.001157236 -1.581627250 -0.033945594 -0.001155021 0.999422967 111.955757141
0.999565125 -0.000097093 0.029489445 0.572946548 0.000049534 0.999998629 0.001613473 -1.597051859 -0.029489568 -0.001611311 0.999563754 113.175590515
0.999704182 0.000202687 0.024319991 0.600688457 -0.000244849 0.999998450 0.001730654 -1.614534855 -0.024319604 -0.001736097 0.999702692 114.391868591
0.999805152 0.001058611 0.019712748 0.613300800 -0.001094519 0.999997735 0.001810896 -1.635336518 -0.019710790 -0.001832120 0.999804080 115.635093689
0.999890566 0.001500375 0.014716364 0.622546554 -0.001521361 0.999997795 0.001414898 -1.648932099 -0.014714211 -0.001437132 0.999890804 116.855575562
0.999944389 0.002689603 0.010196639 0.628619730 -0.002697968 0.999996066 0.000806602 -1.669619679 -0.010194429 -0.000834067 0.999947667 118.089561462
0.999967217 0.004542985 0.006705689 0.630565226 -0.004548470 0.999989331 0.000803189 -1.688942671 -0.006701968 -0.000833663 0.999977171 119.324699402
0.999970376 0.006278316 0.004459816 0.630303442 -0.006282850 0.999979734 0.001003556 -1.708670616 -0.004453426 -0.001031546 0.999989569 120.551368713
0.999963999 0.007705350 0.003553629 0.626393080 -0.007707307 0.999970138 0.000537014 -1.730409384 -0.003549385 -0.000564384 0.999993563 121.812210083
0.999945700 0.010033475 0.002840058 0.614138484 -0.010036130 0.999949217 0.000922196 -1.748636007 -0.002830661 -0.000950649 0.999995589 123.051712036
0.999938190 0.011010279 0.001499281 0.613099933 -0.011012841 0.999937892 0.001711427 -1.767767787 -0.001480344 -0.001727832 0.999997437 124.299415588
0.999941587 0.010746631 0.001112324 0.605065644 -0.010748953 0.999940097 0.002104574 -1.782747507 -0.001089640 -0.002116408 0.999997139 125.548881531
0.999893129 0.014620688 0.000113689 0.593222916 -0.014621028 0.999884903 0.004050530 -1.799987316 -0.000054454 -0.004051760 0.999991775 126.794601440
0.999876976 0.015681691 -0.000391168 0.580523133 -0.015678404 0.999850273 0.007330882 -1.812240601 0.000506070 -0.007323847 0.999973059 128.045928955
0.999897480 0.014285473 -0.001012787 0.577477992 -0.014277980 0.999873102 0.007057010 -1.830386639 0.001113471 -0.007041826 0.999974608 129.309661865
0.999898195 0.014193331 -0.001533447 0.567156971 -0.014184614 0.999884009 0.005553789 -1.837794781 0.001612096 -0.005531473 0.999983430 130.561279297
0.999929130 0.011720912 -0.002085703 0.560218692 -0.011707319 0.999910891 0.006414895 -1.849685431 0.002160705 -0.006390023 0.999977350 131.821701050
0.999950230 0.009398011 -0.003353502 0.560381413 -0.009370092 0.999922097 0.008246610 -1.861088514 0.003430743 -0.008214780 0.999960303 133.088088989
0.999977589 0.005745266 -0.003446471 0.548730612 -0.005710489 0.999933481 0.010017512 -1.870332241 0.003503795 -0.009997608 0.999943912 134.360824585
0.999986887 0.003917257 -0.003290489 0.532320380 -0.003880488 0.999930739 0.011107998 -1.879303455 0.003333774 -0.011095084 0.999932885 135.645126343
0.999993205 -0.000132481 -0.003675571 0.540576756 0.000167357 0.999954879 0.009489960 -1.887894750 0.003674148 -0.009490511 0.999948204 136.889099121
0.999989927 -0.002608491 -0.003657375 0.532964826 0.002639398 0.999960601 0.008471131 -1.895336747 0.003635134 -0.008480699 0.999957383 138.161346436
0.999986231 -0.003720625 -0.003702676 0.531929493 0.003750413 0.999960423 0.008071027 -1.901741385 0.003672500 -0.008084802 0.999960542 139.445068359
0.999987662 -0.003823177 -0.003191942 0.521214128 0.003849789 0.999957502 0.008372918 -1.910658598 0.003159795 -0.008385099 0.999959826 140.723236084
0.999990404 -0.003468365 -0.002679123 0.518585801 0.003495783 0.999940813 0.010297728 -1.918066144 0.002643249 -0.010306993 0.999943316 142.003768921
0.999997079 -0.001204906 -0.002131535 0.507082880 0.001230142 0.999928713 0.011877369 -1.926749468 0.002117072 -0.011879954 0.999927163 143.282928467
0.999997973 -0.001532739 -0.001251557 0.497470737 0.001545491 0.999946177 0.010252344 -1.939621210 0.001235775 -0.010254258 0.999946654 144.562591553
0.999999464 -0.000728434 -0.000824286 0.485823363 0.000735473 0.999962986 0.008572260 -1.949331880 0.000818011 -0.008572862 0.999962926 145.838439941
0.999999762 -0.000731787 -0.000221829 0.478231341 0.000733139 0.999980807 0.006155926 -1.966449022 0.000217320 -0.006156087 0.999980986 147.118865967
0.999997616 -0.002223614 0.000151984 0.474842221 0.002223288 0.999995291 0.002113475 -1.982643366 -0.000156683 -0.002113133 0.999997675 148.398406982
0.999997139 -0.002342054 0.000412723 0.471099287 0.002342742 0.999995828 -0.001674281 -1.999807596 -0.000408800 0.001675243 0.999998510 149.676834106
0.999996781 -0.002403599 0.000800915 0.466378450 0.002405618 0.999993920 -0.002529408 -2.023050785 -0.000794831 0.002531326 0.999996483 150.945480347
0.999996364 -0.002420400 0.001158983 0.456419528 0.002422950 0.999994636 -0.002202827 -2.048842669 -0.001153645 0.002205627 0.999996901 152.213272095
0.999998093 -0.001906561 0.000449212 0.462399423 0.001907190 0.999997199 -0.001405072 -2.077502251 -0.000446531 0.001405925 0.999998927 153.468078613
0.999998331 -0.001800246 0.000026792 0.462404519 0.001800258 0.999998271 -0.000433611 -2.100692272 -0.000026011 0.000433658 0.999999881 154.729614258
0.999999583 -0.000802776 0.000150781 0.444511324 0.000802762 0.999999702 0.000091337 -2.122968674 -0.000150854 -0.000091216 1.000000000 156.001022339
0.999999821 -0.000334648 -0.000359565 0.436034054 0.000334608 0.999999940 -0.000111834 -2.145591497 0.000359603 0.000111713 1.000000000 157.267700195
0.999999106 -0.000330344 -0.001229230 0.434565663 0.000330411 0.999999940 0.000054751 -2.170442820 0.001229213 -0.000055157 0.999999225 158.537124634
0.999997497 -0.000937240 -0.001983589 0.427833229 0.000939916 0.999998689 0.001348623 -2.191805840 0.001982323 -0.001350484 0.999997139 159.806106567
0.999997735 0.000251136 -0.002093641 0.410970390 -0.000247405 0.999998391 0.001782281 -2.217158079 0.002094084 -0.001781759 0.999996185 161.082473755
0.999995649 0.000301518 -0.002928742 0.403745055 -0.000300035 0.999999762 0.000506663 -2.233967304 0.002928894 -0.000505781 0.999995649 162.350234985
0.999993265 0.000632218 -0.003651041 0.397260547 -0.000634269 0.999999642 -0.000560557 -2.254951715 0.003650685 0.000562869 0.999993145 163.605285645
0.999988496 0.001770425 -0.004465643 0.387116134 -0.001773064 0.999998331 -0.000586926 -2.274753094 0.004464597 0.000594837 0.999989808 164.871520996
0.999986470 0.001374213 -0.005036065 0.370055676 -0.001381451 0.999998152 -0.001433859 -2.299239874 0.005034085 0.001440797 0.999986291 166.141174316
0.999979615 0.001487464 -0.006201105 0.360687733 -0.001504460 0.999995172 -0.002737012 -2.320218563 0.006197004 0.002746286 0.999977052 167.409805298
0.999977648 0.001557446 -0.006492643 0.344108343 -0.001571963 0.999996185 -0.002231361 -2.346633911 0.006489143 0.002241517 0.999976397 168.685256958
0.999968767 0.001789468 -0.007693066 0.334554672 -0.001795519 0.999998033 -0.000779766 -2.371755362 0.007691656 0.000793554 0.999970138 169.959732056
0.999968112 0.001592929 -0.007825867 0.316116333 -0.001594568 0.999998689 -0.000203172 -2.398832321 0.007825536 0.000215644 0.999969363 171.229278564
0.999958754 0.002300131 -0.008787588 0.299977422 -0.002298355 0.999997258 0.000212219 -2.420363188 0.008788053 -0.000192013 0.999961317 172.497985840
0.999948680 0.002385964 -0.009842593 0.286519766 -0.002381180 0.999997079 0.000497788 -2.444381237 0.009843752 -0.000474325 0.999951422 173.783187866
0.999945998 0.002842244 -0.009997427 0.259584904 -0.002845605 0.999995887 -0.000321990 -2.470022440 0.009996471 0.000350421 0.999949932 175.031356812
0.999943078 0.003697795 -0.010013801 0.228988409 -0.003709419 0.999992490 -0.001142497 -2.488035917 0.010009501 0.001179578 0.999949157 176.299453735
0.999938846 0.003724625 -0.010419864 0.199833274 -0.003736097 0.999992490 -0.001081773 -2.502284050 0.010415755 0.001120636 0.999945164 177.570205688
0.999934793 0.003731894 -0.010789513 0.180968046 -0.003750586 0.999991477 -0.001712595 -2.538090944 0.010783032 0.001752950 0.999940276 178.805328369
0.999940872 0.002696023 -0.010532778 0.156288624 -0.002729763 0.999991238 -0.003190302 -2.561256647 0.010524084 0.003218865 0.999939442 180.069824219
0.999942541 -0.000534443 -0.010703804 0.136821151 0.000499395 0.999994457 -0.003276772 -2.585079908 0.010705497 0.003271238 0.999937296 181.339935303
0.999933720 -0.000154108 -0.011510537 0.129203320 0.000162070 0.999999762 0.000690794 -2.608536482 0.011510429 -0.000692614 0.999933481 182.615051270
0.999931931 -0.000909742 -0.011627548 0.109390020 0.000969871 0.999986231 0.005166583 -2.631102324 0.011622688 -0.005177509 0.999919057 183.881607056
0.999932230 0.000029478 -0.011640131 0.088044167 0.000019126 0.999991298 0.004175424 -2.645894051 0.011640153 -0.004175362 0.999923527 185.131561279
0.999937117 0.001692922 -0.011084075 0.060697317 -0.001681964 0.999998212 0.000997825 -2.662406445 0.011085743 -0.000979119 0.999938011 186.380493164
0.999930620 0.001915791 -0.011622421 0.040584326 -0.001927163 0.999997616 -0.000967283 -2.682657480 0.011620538 0.000989614 0.999931991 187.631759644
0.999923766 0.001874016 -0.012202305 0.023696661 -0.001882472 0.999997973 -0.000681523 -2.705810547 0.012201004 0.000704442 0.999925315 188.882675171
0.999932230 0.001237403 -0.011571630 -0.002397537 -0.001230321 0.999998987 0.000619108 -2.731511354 0.011572383 -0.000604829 0.999932826 190.131118774
0.999931574 0.001310504 -0.011618728 -0.022408485 -0.001276667 0.999994874 0.002919254 -2.754878044 0.011622493 -0.002904221 0.999928236 191.376861572
0.999942243 0.000709664 -0.010716872 -0.041848660 -0.000670994 0.999993265 0.003611479 -2.774349213 0.010719365 -0.003604080 0.999936044 192.626007080
0.999960840 0.001018649 -0.008786478 -0.065824509 -0.000995354 0.999995947 0.002655248 -2.789278507 0.008789150 -0.002646399 0.999957860 193.874526978
0.999967694 -0.000452960 -0.008019054 -0.074425697 0.000464080 0.999998987 0.001384799 -2.813340425 0.008018418 -0.001388476 0.999966919 195.101913452
0.999977708 -0.000565443 -0.006654028 -0.086208582 0.000565258 0.999999940 -0.000029652 -2.832284927 0.006654046 0.000025890 0.999977767 196.331451416
0.999986112 -0.001027518 -0.005175268 -0.096845210 0.001023801 0.999999285 -0.000720719 -2.854872942 0.005176005 0.000715411 0.999986291 197.547424316
0.999992490 -0.000540536 -0.003825854 -0.111628175 0.000540264 0.999999821 -0.000072004 -2.875903845 0.003825893 0.000069936 0.999992669 198.785522461
0.999996424 -0.000720066 -0.002563187 -0.116295457 0.000724749 0.999998033 0.001826573 -2.900007486 0.002561867 -0.001828424 0.999994993 200.005233765
0.999999166 -0.000074934 -0.001283147 -0.130742431 0.000077854 0.999997377 0.002275762 -2.924238920 0.001282974 -0.002275860 0.999996603 201.220336914
0.999999940 -0.000181660 -0.000149335 -0.138394684 0.000181973 0.999997795 0.002093652 -2.940401316 0.000148955 -0.002093679 0.999997795 202.431243896
0.999999344 -0.000795214 0.000823614 -0.140362740 0.000793409 0.999997318 0.002189518 -2.965273380 -0.000825353 -0.002188863 0.999997318 203.643783569
0.999997020 0.000007458 0.002489627 -0.157814026 -0.000013596 0.999996960 0.002465298 -2.982945442 -0.002489601 -0.002465324 0.999993801 204.809402466
0.999994457 0.000509683 0.003314661 -0.162386775 -0.000518125 0.999996662 0.002546552 -3.004631281 -0.003313353 -0.002548255 0.999991238 206.007324219
0.999990344 -0.000100772 0.004409578 -0.172236383 0.000088897 0.999996364 0.002693068 -3.028119087 -0.004409834 -0.002692651 0.999986589 207.181915283
0.999988198 -0.000778708 0.004795342 -0.166939199 0.000766605 0.999996662 0.002525304 -3.048472643 -0.004797292 -0.002521598 0.999985337 208.339050293
0.999986708 -0.000812386 0.005098226 -0.170417547 0.000794232 0.999993384 0.003561862 -3.073284149 -0.005101086 -0.003557765 0.999980688 209.495223999
0.999987543 -0.001427399 0.004782303 -0.168772221 0.001406016 0.999989033 0.004471802 -3.090490341 -0.004788634 -0.004465022 0.999978602 210.622680664
0.999988854 -0.001241846 0.004549085 -0.174401343 0.001220558 0.999988258 0.004679460 -3.113498926 -0.004554844 -0.004673855 0.999978721 211.732650757
0.999992549 -0.000595675 0.003816014 -0.173437893 0.000582333 0.999993682 0.003496574 -3.132087946 -0.003818072 -0.003494326 0.999986589 212.844741821
0.999995112 -0.000227396 0.003132238 -0.173705995 0.000219513 0.999996781 0.002516662 -3.147940159 -0.003132801 -0.002515962 0.999991894 213.930938721
0.999996185 -0.000485107 0.002710219 -0.176406860 0.000478328 0.999996722 0.002501404 -3.168751001 -0.002711424 -0.002500098 0.999993205 215.001800537
0.999997914 -0.000962230 0.001762994 -0.183471411 0.000958182 0.999996960 0.002295397 -3.186563015 -0.001765197 -0.002293703 0.999995887 216.065139771
0.999999106 -0.001342427 -0.000112246 -0.185587376 0.001342780 0.999993861 0.003210365 -3.208763838 0.000107936 -0.003210512 0.999994814 217.106735229
0.999994457 -0.002335939 -0.002399284 -0.193320543 0.002347270 0.999986053 0.004730525 -3.226839066 0.002388201 -0.004736131 0.999985933 218.146118164
0.999989331 -0.001947042 -0.004174185 -0.203389525 0.001973038 0.999978602 0.006232566 -3.241037846 0.004161961 -0.006240736 0.999971867 219.188629150
0.999977291 -0.001897644 -0.006458353 -0.219013095 0.001940696 0.999975860 0.006666411 -3.261147022 0.006445547 -0.006678794 0.999956906 220.187820435
0.999955297 -0.001836419 -0.009274670 -0.230190754 0.001894137 0.999978900 0.006218227 -3.274611473 0.009263054 -0.006235516 0.999937713 221.182235718
0.999925792 -0.001507039 -0.012090438 -0.250100136 0.001580662 0.999980271 0.006082098 -3.288052559 0.012081033 -0.006100758 0.999908388 222.165557861
0.999884069 -0.000898154 -0.015206296 -0.265677691 0.001001223 0.999976575 0.006771755 -3.307692766 0.015199857 -0.006786195 0.999861360 223.106033325
0.999837816 -0.000503678 -0.018005306 -0.290333509 0.000624106 0.999977529 0.006683530 -3.325492382 0.018001536 -0.006693683 0.999815524 224.031982422
0.999776900 -0.000370837 -0.021114463 -0.314265251 0.000494174 0.999982774 0.005836441 -3.336488724 0.021111939 -0.005845574 0.999760032 224.943252563
0.999708891 -0.000610938 -0.024118751 -0.344675064 0.000735709 0.999986410 0.005164685 -3.350606441 0.024115272 -0.005180926 0.999695718 225.823669434
0.999628723 0.000162382 -0.027250616 -0.370422840 -0.000019193 0.999986172 0.005254729 -3.372751713 0.027251100 -0.005252255 0.999614835 226.679870605
0.999538720 0.000658684 -0.030363068 -0.401751518 -0.000518647 0.999989212 0.004619721 -3.387286186 0.030365782 -0.004601843 0.999528289 227.510177612
0.999472320 0.001771280 -0.032433286 -0.440465450 -0.001627857 0.999988735 0.004447964 -3.403016090 0.032440808 -0.004392820 0.999464035 228.330703735
0.999444366 0.002824393 -0.033208795 -0.471732616 -0.002667884 0.999985039 0.004756230 -3.412698507 0.033221740 -0.004664991 0.999437153 229.136413574
0.999448717 0.003223053 -0.033041075 -0.500494003 -0.003021185 0.999976456 0.006157717 -3.432368040 0.033060133 -0.006054498 0.999435008 229.913314819
0.999458849 0.003026435 -0.032754458 -0.527375221 -0.002813459 0.999974608 0.006546361 -3.443127871 0.032773443 -0.006450665 0.999441981 230.674179077
0.999472737 0.002732325 -0.032351546 -0.555439472 -0.002522703 0.999975562 0.006518552 -3.460058928 0.032368563 -0.006433502 0.999455273 231.417709351
0.999487638 0.003676897 -0.031798460 -0.584402561 -0.003535010 0.999983549 0.004517147 -3.469411135 0.031814549 -0.004402425 0.999484003 232.158966064
0.999513626 0.003427952 -0.030995438 -0.607425213 -0.003355414 0.999991536 0.002392008 -3.481533527 0.031003376 -0.002286842 0.999516606 232.889755249
0.999555290 0.003736433 -0.029583173 -0.635202408 -0.003704785 0.999992430 0.001124537 -3.496352196 0.029587157 -0.001014438 0.999561667 233.614852905
0.999591410 0.004422454 -0.028236207 -0.659956455 -0.004409085 0.999990165 0.000535750 -3.507773876 0.028238291 -0.000411036 0.999601066 234.339935303
0.999645054 0.003960300 -0.026344921 -0.682046890 -0.003951188 0.999992192 0.000397940 -3.520050764 0.026346287 -0.000293705 0.999652863 235.060241699
0.999691546 0.003820905 -0.024539309 -0.702402115 -0.003811672 0.999992669 0.000423088 -3.536670685 0.024540743 -0.000329422 0.999698699 235.772415161
0.999736249 0.003805897 -0.022648510 -0.721341610 -0.003799962 0.999992728 0.000305078 -3.550469398 0.022649504 -0.000218934 0.999743342 236.497436523
0.999773324 0.003452058 -0.021010567 -0.732681274 -0.003452812 0.999994040 0.000000378 -3.564160109 0.021010442 0.000072168 0.999779224 237.209716797
0.999836206 0.003564963 -0.017743032 -0.752667427 -0.003555837 0.999993563 0.000545864 -3.576848984 0.017744865 -0.000482683 0.999842405 237.917205811
0.999891996 0.002433682 -0.014490671 -0.762115479 -0.002414486 0.999996185 0.001342047 -3.591577530 0.014493882 -0.001306914 0.999894083 238.621795654
0.999929190 0.001889729 -0.011748150 -0.772047997 -0.001876226 0.999997556 0.001160331 -3.599785566 0.011750315 -0.001138207 0.999930263 239.321197510
0.999958992 0.001414032 -0.008935416 -0.777301788 -0.001403393 0.999998271 0.001196875 -3.613410234 0.008937094 -0.001184286 0.999959350 240.020370483
0.999981999 0.001425465 -0.005830860 -0.783941567 -0.001419407 0.999998510 0.001042955 -3.626667023 0.005832337 -0.001034659 0.999982536 240.705902100
0.999996543 0.001160743 -0.002370793 -0.793604493 -0.001158774 0.999998987 0.000831997 -3.641510963 0.002371756 -0.000829247 0.999996841 241.403060913
0.999997914 0.002037304 0.000178128 -0.791076243 -0.002037261 0.999997914 -0.000238110 -3.650617123 -0.000178613 0.000237746 0.999999940 242.094055176
0.999991655 0.002489089 0.003257553 -0.791833937 -0.002486266 0.999996543 -0.000870433 -3.660655022 -0.003259709 0.000862327 0.999994338 242.790740967
0.999977946 0.002451277 0.006159266 -0.790784359 -0.002453630 0.999996841 0.000374404 -3.677542686 -0.006158329 -0.000389508 0.999980986 243.489181519
0.999961793 0.002630405 0.008331760 -0.785287619 -0.002637856 0.999996066 0.000883487 -3.687986612 -0.008329404 -0.000905431 0.999964952 244.194458008
0.999938369 0.002463524 0.010821227 -0.781288862 -0.002469322 0.999996722 0.000522580 -3.699011326 -0.010819906 -0.000549269 0.999941349 244.898635864
0.999905467 0.002694651 0.013483950 -0.776848793 -0.002682815 0.999995947 -0.000895840 -3.712132692 -0.013486310 0.000859580 0.999908686 245.604309082
0.999878764 0.002852674 0.015308829 -0.769845486 -0.002803318 0.999990761 -0.003244493 -3.723669767 -0.015317944 0.003201184 0.999877512 246.311828613
0.999875367 0.001174746 0.015743267 -0.750869274 -0.001099608 0.999987960 -0.004780542 -3.737694502 -0.015748695 0.004762635 0.999864578 247.039794922
0.999869525 0.000883267 0.016130840 -0.743773699 -0.000803598 0.999987483 -0.004944698 -3.752139091 -0.016135005 0.004931090 0.999857605 247.759246826
0.999871910 0.000398055 0.016001172 -0.728689671 -0.000308456 0.999984205 -0.005601662 -3.766519070 -0.016003150 0.005596009 0.999856293 248.490707397
0.999865770 0.002124393 0.016245287 -0.721935749 -0.002024692 0.999979019 -0.006151187 -3.779152393 -0.016258013 0.006117470 0.999849141 249.221725464
0.999860227 0.002592207 0.016513182 -0.714566708 -0.002484547 0.999975502 -0.006536867 -3.794949055 -0.016529720 0.006494926 0.999842286 249.956176758
0.999857306 0.001374272 0.016835967 -0.704560280 -0.001232438 0.999963701 -0.008431950 -3.809794426 -0.016846942 0.008409997 0.999822736 250.700576782
0.999845624 -0.002078332 0.017447509 -0.691401005 0.002265394 0.999940097 -0.010708530 -3.826973200 -0.017424209 0.010746401 0.999790370 251.459548950
0.999828696 -0.005427113 0.017696183 -0.673237324 0.005628778 0.999919534 -0.011366133 -3.843822718 -0.017633073 0.011463793 0.999778807 252.222518921
0.999828756 -0.002961369 0.018268416 -0.662439823 0.003099700 0.999966681 -0.007548464 -3.856685877 -0.018245453 0.007603796 0.999804616 253.002197266
0.999820709 0.000869280 0.018916188 -0.660373211 -0.000842336 0.999998629 -0.001432338 -3.868330479 -0.018917408 0.001416148 0.999819994 253.783065796
0.999809086 0.000000916 0.019541353 -0.645389557 -0.000041607 0.999997854 0.002081899 -3.884330273 -0.019541306 -0.002082315 0.999806821 254.570327759
0.999757648 -0.001039156 0.021989306 -0.627647400 0.001044020 0.999999464 -0.000209729 -3.894421816 -0.021989074 0.000232636 0.999758124 255.371276855
0.999664843 0.000055991 0.025889961 -0.606353283 0.000107795 0.999979913 -0.006324769 -3.906255245 -0.025889797 0.006325441 0.999644816 256.180786133
0.999544024 0.002467606 0.030097216 -0.595648289 -0.002168047 0.999947786 -0.009981630 -3.917486191 -0.030120278 0.009911828 0.999497175 256.984466553
0.999441981 0.003958412 0.033166938 -0.571904182 -0.003645805 0.999948382 -0.009480450 -3.935945988 -0.033202756 0.009354239 0.999404907 257.799530029
0.999330223 0.002826798 0.036485404 -0.543721199 -0.002552016 0.999967992 -0.007575688 -3.948828697 -0.036505651 0.007477502 0.999305427 258.644744873
0.999222577 -0.000400808 0.039424792 -0.505914688 0.000571122 0.999990523 -0.004308825 -3.967060566 -0.039422687 0.004327991 0.999213219 259.481658936
0.999098241 -0.003150427 0.042341031 -0.472665787 0.003275913 0.999990463 -0.002894673 -3.982760906 -0.042331509 0.003030768 0.999099016 260.318725586
0.998979330 -0.002497171 0.045099784 -0.428239822 0.002606271 0.999993801 -0.002360421 -3.996620893 -0.045093600 0.002475554 0.998979688 261.192535400
0.998875022 -0.000378097 0.047417842 -0.390143394 0.000582027 0.999990642 -0.004286964 -4.012454033 -0.047415771 0.004309741 0.998865902 262.034027100
0.998739123 0.000393620 0.050197747 -0.360198975 -0.000065934 0.999978662 -0.006529393 -4.033162594 -0.050199244 0.006517852 0.998717964 262.870178223
0.998615623 0.000840632 0.052593276 -0.312576294 -0.000471284 0.999975145 -0.007034731 -4.044210911 -0.052597873 0.007000206 0.998591185 263.739410400
0.998461902 0.001753748 0.055414639 -0.271782875 -0.001491546 0.999987483 -0.004772652 -4.064915657 -0.055422325 0.004682657 0.998451948 264.581665039
0.998262048 0.003453079 0.058830045 -0.231482506 -0.003264892 0.999989271 -0.003294651 -4.081015587 -0.058840785 0.003096852 0.998262525 265.432006836
0.998099089 0.004250074 0.061481878 -0.176391602 -0.004035870 0.999985337 -0.003607786 -4.097009182 -0.061496302 0.003352796 0.998101592 266.299346924
0.997933745 0.004426731 0.064098358 -0.125747681 -0.004181985 0.999983430 -0.003951946 -4.115032196 -0.064114787 0.003675722 0.997935712 267.143280029
0.997782946 0.002461760 0.066505298 -0.067697525 -0.002179451 0.999988317 -0.004317121 -4.131312847 -0.066515148 0.004162605 0.997776628 267.979614258
0.997646809 -0.000900610 0.068556927 -0.009679794 0.001160991 0.999992251 -0.003758278 -4.147018909 -0.068553008 0.003829028 0.997640133 268.855194092
0.997599959 -0.001374618 0.069227174 0.055646896 0.001645184 0.999991298 -0.003851526 -4.163183212 -0.069221251 0.003956174 0.997593462 269.707977295
0.997562051 -0.002060432 0.069755301 0.106283188 0.002307548 0.999991357 -0.003462213 -4.185051918 -0.069747552 0.003614736 0.997558117 270.550231934
0.997555077 -0.003117429 0.069814697 0.177658081 0.003379686 0.999987602 -0.003638658 -4.204549313 -0.069802500 0.003865714 0.997553349 271.458282471
0.997568727 -0.002758087 0.069634505 0.231863022 0.002984918 0.999990582 -0.003153605 -4.220243931 -0.069625124 0.003353791 0.997567594 272.321594238
0.997614086 -0.002487366 0.068991184 0.287775040 0.002680229 0.999992788 -0.002703044 -4.236159801 -0.068983942 0.002881507 0.997613668 273.173645020
0.997685909 -0.003285275 0.067910679 0.341945648 0.003519334 0.999988258 -0.003327228 -4.254235268 -0.067898944 0.003558530 0.997685850 274.024902344
0.997820735 -0.002101349 0.065948620 0.408145905 0.002390344 0.999987841 -0.004303527 -4.272909164 -0.065938763 0.004451788 0.997813702 274.924133301
0.997930825 -0.001143508 0.064285673 0.460115433 0.001495047 0.999984264 -0.005420543 -4.286846161 -0.064278446 0.005505437 0.997916758 275.784606934
0.998017788 -0.000041085 0.062931061 0.503175735 0.000376651 0.999985754 -0.005320441 -4.311548710 -0.062929936 0.005333598 0.998003662 276.633911133
0.998135149 0.001362087 0.061027125 0.554817200 -0.001016385 0.999983251 -0.005695418 -4.327493668 -0.061033852 0.005622769 0.998119831 277.487152100
0.998257041 0.001790446 0.058988865 0.598946571 -0.001501166 0.999986589 -0.004947921 -4.348617554 -0.058996923 0.004850744 0.998246491 278.363739014
0.998413920 0.001475912 0.056279954 0.637479782 -0.001280068 0.999993026 -0.003515712 -4.367341042 -0.056284744 0.003438094 0.998408794 279.215942383
0.998653889 0.000287464 0.051868305 0.689858437 -0.000233056 0.999999404 -0.001055010 -4.385801315 -0.051868577 0.001041501 0.998653352 280.067749023
0.998896062 -0.001140332 0.046960469 0.724365234 0.001109774 0.999999166 0.000676794 -4.404277802 -0.046961196 -0.000623932 0.998896539 280.901641846
0.999108613 -0.001272381 0.042194009 0.755564690 0.001195631 0.999997675 0.001844156 -4.417696953 -0.042196259 -0.001792063 0.999107659 281.737731934
0.999291062 -0.001485987 0.037620142 0.786828041 0.001393171 0.999995887 0.002493293 -4.427373409 -0.037623696 -0.002439114 0.999289036 282.595153809
0.999463022 -0.002172953 0.032694899 0.813054085 0.002075240 0.999993145 0.003022275 -4.440933704 -0.032701254 -0.002952802 0.999460757 283.406433105
0.999596119 -0.003080225 0.028251870 0.826930523 0.002990942 0.999990523 0.003201950 -4.456712246 -0.028261457 -0.003116157 0.999595702 284.214385986
0.999698937 -0.002829500 0.024373367 0.836569786 0.002757536 0.999991775 0.002985702 -4.471401691 -0.024381613 -0.002917593 0.999698460 284.994476318
0.999786913 -0.003056649 0.020415289 0.851091862 0.003001219 0.999991715 0.002745271 -4.485551357 -0.020423511 -0.002683416 0.999787807 285.773071289
0.999860406 -0.002760221 0.016479194 0.860115051 0.002716740 0.999992788 0.002660393 -4.499342918 -0.016486421 -0.002615252 0.999860644 286.526397705
