1.000000000 0.000000000 0.000000000 0.000000000 0.000000000 1.000000000 0.000000000 0.000000000 0.000000000 0.000000000 1.000000000 0.000000000
0.999978960 0.000420853 -0.006473001 -0.008220525 -0.000418198 0.999999821 0.000411424 -0.002099499 0.006473173 -0.000408709 0.999978960 0.091714330
0.999907494 0.000953805 -0.013566815 -0.016565345 -0.000951712 0.999999523 0.000160745 -0.001839712 0.013566962 -0.000147818 0.999907970 0.188445464
0.999772429 0.001384567 -0.021287324 -0.026087407 -0.001396859 0.999998868 -0.000562579 -0.002101093 0.021286521 0.000592186 0.999773264 0.285381794
0.999541819 0.001708015 -0.030219937 -0.042929459 -0.001768713 0.999996483 -0.001981945 -0.002036593 0.030216446 0.002034487 0.999541283 0.390632421
0.999125302 0.001927754 -0.041772835 -0.058927905 -0.002073046 0.999991953 -0.003435101 -0.004826342 0.041765876 0.003518693 0.999121249 0.501264572
0.998479605 0.001741860 -0.055094421 -0.084377460 -0.001967971 0.999989867 -0.004050076 -0.007822992 0.055086806 0.004152343 0.998472929 0.626058102
0.997427404 0.001848648 -0.071660236 -0.108602986 -0.002171818 0.999987841 -0.004432092 -0.004024220 0.071651168 0.004576323 0.997419238 0.761297822
0.995904922 0.000211048 -0.090406239 -0.134937018 -0.000591046 0.999991119 -0.004176478 -0.009375324 0.090404555 0.004212809 0.995896220 0.916337490
0.993912697 -0.000755153 -0.110167719 -0.176074222 0.000275337 0.999990404 -0.004370469 -0.012621878 0.110169962 0.004313531 0.993903399 1.075499654
0.991220891 -0.001071266 -0.132211849 -0.217207700 0.000477658 0.999989629 -0.004521456 -0.014670758 0.132215366 0.004418609 0.991211057 1.228727937
0.987716794 0.002511806 -0.156234458 -0.273400396 -0.003487065 0.999976099 -0.005968503 -0.018311512 0.156215757 0.006439992 0.987701893 1.397115946
0.983331084 0.006892830 -0.181693226 -0.339731544 -0.008359181 0.999938369 -0.007305922 -0.025368739 0.181631655 0.008702948 0.983328104 1.571476460
0.977939188 0.009795518 -0.208659828 -0.412988991 -0.011819515 0.999894381 -0.008455307 -0.028071254 0.208554983 0.010735033 0.977951705 1.753968596
0.971250296 0.010513388 -0.237828463 -0.491958588 -0.012969343 0.999877393 -0.008764210 -0.029234136 0.237707198 0.011596720 0.971267581 1.939352751
0.963176370 0.012249973 -0.268591255 -0.579515517 -0.015005600 0.999853730 -0.008208972 -0.033897184 0.268451393 0.011937059 0.963219285 2.134942055
0.953770638 0.014395185 -0.300190449 -0.675003111 -0.017349321 0.999823689 -0.007177537 -0.036700428 0.300034195 0.012053825 0.953852296 2.317357540
0.942498863 0.016214259 -0.333815724 -0.775414109 -0.019369485 0.999793589 -0.006125559 -0.036568001 0.333647490 0.012239171 0.942618489 2.506837845
0.929954946 0.018322846 -0.367216408 -0.876339853 -0.021826427 0.999747217 -0.005390253 -0.042628281 0.367024809 0.013027718 0.930119991 2.683602571
0.916079998 0.021207599 -0.400434345 -0.997256577 -0.025241332 0.999669909 -0.004800999 -0.042316470 0.400200307 0.014505595 0.916312933 2.865819454
0.900020659 0.022010092 -0.435290992 -1.115094185 -0.026435474 0.999642074 -0.004112798 -0.043857697 0.435044646 0.015208729 0.900280535 3.040945530
0.881615102 0.017831685 -0.471631974 -1.238181949 -0.022653524 0.999733031 -0.004547550 -0.046845719 0.471424997 0.014693317 0.881783783 3.216807604
0.860442042 0.013505935 -0.509369493 -1.370777249 -0.018448312 0.999818981 -0.004653232 -0.053442679 0.509214282 0.013400842 0.860535324 3.386670351
0.835374177 0.015051866 -0.549475610 -1.531740665 -0.019021656 0.999817967 -0.001530687 -0.055950444 0.549352527 0.011730633 0.835508347 3.567047596
0.806273222 0.020803256 -0.591177523 -1.708263159 -0.023803515 0.999713004 0.002715166 -0.063962243 0.591064155 0.011882938 0.806536973 3.728576660
0.773724973 0.023881225 -0.633071423 -1.910380602 -0.027140537 0.999621272 0.004537991 -0.065475479 0.632940054 0.013670742 0.774080098 3.902376652
0.737936020 0.023043985 -0.674477160 -2.126722336 -0.026222996 0.999641299 0.005463228 -0.069082603 0.674361050 0.013655301 0.738275528 4.072883606
0.697855055 0.018691603 -0.715995193 -2.343033791 -0.020215254 0.999775112 0.006396810 -0.066214673 0.715953648 0.010009980 0.698076010 4.241313934
0.654917479 0.014941702 -0.755552709 -2.581923008 -0.014707123 0.999867201 0.007025008 -0.065689914 0.755557299 0.006511203 0.655050278 4.405590057
0.611030340 0.014525150 -0.791473866 -2.843411684 -0.012157468 0.999885917 0.008964178 -0.064238697 0.791513860 0.004144934 0.611137211 4.540028572
0.562536180 0.015097081 -0.826634705 -3.122194767 -0.009789231 0.999884844 0.011599494 -0.060897704 0.826714635 0.001566983 0.562619209 4.682247639
0.511890113 0.015748084 -0.858906567 -3.416006088 -0.008146021 0.999875963 0.013477908 -0.056660250 0.859012306 0.000097465 0.511954963 4.800602913
0.459646344 0.016877426 -0.887941658 -3.723505259 -0.007982063 0.999857545 0.014872702 -0.043876305 0.888066173 0.000251423 0.459715575 4.897399902
0.404982150 0.019067923 -0.914125741 -4.057602882 -0.006461937 0.999817252 0.017992565 -0.042520247 0.914301693 -0.001379647 0.405031353 4.995396137
0.349431783 0.021024186 -0.936725795 -4.410465240 -0.006309710 0.999778271 0.020085614 -0.034894779 0.936940491 -0.001108083 0.349486947 5.080732346
0.294076860 0.024038948 -0.955479383 -4.788565159 -0.003443086 0.999703884 0.024091881 -0.029396638 0.955775499 -0.003795067 0.294072509 5.155034065
0.240602747 0.025927262 -0.970277250 -5.133357048 0.001130240 0.999635041 0.026992014 -0.032805040 0.970623016 -0.007590998 0.240485638 5.209305286
0.189815670 0.026373269 -0.981465459 -5.517237186 0.003485082 0.999614835 0.027534980 -0.027723253 0.981813610 -0.008647058 0.189650595 5.242332458
0.142023280 0.027435472 -0.989483118 -5.932282448 0.000651217 0.999612987 0.027809823 -0.021332353 0.989863038 -0.004594010 0.141950458 5.264503002
0.099735677 0.027881734 -0.994623244 -6.357273579 -0.000711037 0.999609053 0.027950205 -0.012118682 0.995013714 -0.002080418 0.099716514 5.264428139
0.061973285 0.026274897 -0.997731864 -6.793767929 -0.001204596 0.999654651 0.026250711 -0.003855333 0.998077035 -0.000424979 0.061983541 5.259533882
0.027468666 0.023510255 -0.999346137 -7.254864693 -0.000689889 0.999723613 0.023500171 0.005091488 0.999622464 0.000043920 0.027477294 5.245831013
-0.003604252 0.020812586 -0.999776781 -7.726242065 -0.000300037 0.999783397 0.020813799 0.009792805 0.999993443 0.000374988 -0.003597230 5.215589046
-0.030477110 0.018960651 -0.999355614 -8.216847420 -0.000183781 0.999819934 0.018975066 0.013211444 0.999535441 0.000761968 -0.030468151 5.182677269
-0.051231243 0.016420852 -0.998551846 -8.720197678 -0.001256736 0.999862969 0.016506888 0.028324328 0.998686075 0.002100584 -0.051203586 5.142940044
-0.067596748 0.015624769 -0.997590423 -9.243360519 -0.000936968 0.999875903 0.015724055 0.040708639 0.997712314 0.001997606 -0.067573734 5.093489647
-0.080764048 0.015904555 -0.996606410 -9.782983780 0.000123969 0.999872804 0.015946638 0.048197053 0.996733308 0.001164367 -0.080755748 5.040715694
-0.090175338 0.017086456 -0.995779276 -10.331675529 -0.000214564 0.999852479 0.017175779 0.052134924 0.995925844 0.001762489 -0.090158351 4.981259346
-0.097023696 0.018495813 -0.995110214 -10.898817062 -0.002253638 0.999820650 0.018803097 0.051948905 0.995279551 0.004066964 -0.096964598 4.918023586
-0.101410985 0.019456558 -0.994654298 -11.492609024 -0.002061490 0.999802470 0.019767448 0.059154168 0.994842410 0.004055106 -0.101350851 4.848471165
-0.102602802 0.020157566 -0.994518101 -12.108138084 -0.000177586 0.999794304 0.020282827 0.068283305 0.994722366 0.002257688 -0.102578118 4.777781010
-0.101927392 0.022365209 -0.994540393 -12.727849960 0.002493759 0.999749839 0.022226781 0.078000560 0.994788706 -0.000214627 -0.101957664 4.722447872
-0.100284278 0.024914753 -0.994646728 -13.363831520 0.001833042 0.999689341 0.024856251 0.082926273 0.994957089 0.000669462 -0.100298785 4.655108929
-0.098607332 0.024832830 -0.994816542 -14.013623238 -0.000627664 0.999686837 0.025016619 0.088138193 0.995126247 0.003091233 -0.098560847 4.585790634
-0.097050898 0.022364782 -0.995028079 -14.670901299 -0.001827061 0.999741793 0.022648934 0.098649994 0.995277762 0.004016077 -0.096984968 4.519719601
-0.095791273 0.022205129 -0.995153725 -15.369669914 -0.003061325 0.999739826 0.022602139 0.106716186 0.995396852 0.005211577 -0.095698364 4.445902348
-0.094116405 0.024879893 -0.995250225 -16.073436737 -0.002461471 0.999678731 0.025223371 0.122535884 0.995558202 0.004823714 -0.094024941 4.378406048
-0.091966599 0.028377019 -0.995357692 -16.790834427 -0.003788097 0.999576628 0.028847303 0.131604671 0.995754838 0.006423499 -0.091820166 4.306300163
-0.090124562 0.030550584 -0.995461822 -17.520252228 -0.003961792 0.999510467 0.031033523 0.139866769 0.995922625 0.006740696 -0.089959413 4.234186172
-0.088452049 0.029956624 -0.995629787 -18.236322403 -0.006070657 0.999512851 0.030612772 0.153635234 0.996061862 0.008751891 -0.088227086 4.169616699
-0.086829990 0.026676761 -0.995865822 -18.996061325 -0.008548983 0.999584615 0.027521770 0.171534300 0.996186435 0.010903357 -0.086565860 4.095181465
-0.085125938 0.025954060 -0.996032059 -19.768548965 -0.009431629 0.999594808 0.026852971 0.189403355 0.996325672 0.011680089 -0.084846660 4.022224426
-0.083866499 0.028078355 -0.996081293 -20.537771225 -0.007162030 0.999560058 0.028779436 0.204933763 0.996451199 0.009547595 -0.083628505 3.962285995
-0.082658298 0.030796763 -0.996101916 -21.329910278 -0.004383477 0.999501526 0.031265616 0.207286239 0.996568322 0.006950752 -0.082482100 3.896285295
-0.081234835 0.032264940 -0.996172547 -22.121019363 -0.003789907 0.999458671 0.032680422 0.227816671 0.996687770 0.006430191 -0.081068583 3.827987671
-0.080596589 0.027521830 -0.996366799 -22.926538467 -0.003766208 0.999603212 0.027915876 0.241224319 0.996739686 0.006002448 -0.080460951 3.758034706
-0.080330744 0.020673085 -0.996553779 -23.728736877 -0.002274013 0.999778509 0.020923279 0.247272447 0.996765673 0.003946959 -0.080265939 3.691984177
-0.080612175 0.016104069 -0.996615350 -24.550672531 0.000804382 0.999870181 0.016091594 0.258521318 0.996745229 0.000495518 -0.080614664 3.626437187
-0.080911711 0.017079761 -0.996574879 -25.370986938 0.001867368 0.999853969 0.016984353 0.264225721 0.996719539 -0.000486739 -0.080931790 3.555606842
-0.080704778 0.024808586 -0.996429205 -26.212148666 0.001523254 0.999692202 0.024766447 0.267781109 0.996736884 0.000480955 -0.080717728 3.476204395
-0.081406452 0.031843353 -0.996172190 -27.053718567 0.000228264 0.999490082 0.031930756 0.279944479 0.996680975 0.002371979 -0.081372224 3.410676479
-0.081388898 0.037172128 -0.995988965 -27.892946243 -0.002009582 0.999296188 0.037459768 0.292153001 0.996680379 0.005050331 -0.081256919 3.330241203
-0.081969708 0.037470225 -0.995930135 -28.738510132 -0.003614248 0.999275148 0.037893541 0.303089142 0.996628284 0.006705661 -0.081774861 3.251369476
-0.082190566 0.033828158 -0.996042311 -29.576877594 -0.003666255 0.999406755 0.034244943 0.319967628 0.996609926 0.006466358 -0.082017764 3.175780773
-0.082650319 0.031110220 -0.996092916 -30.413177490 -0.003529894 0.999497235 0.031509429 0.337159872 0.996572435 0.006120367 -0.082498945 3.103300810
-0.082846567 0.032324348 -0.996037960 -31.246795654 -0.004763517 0.999449551 0.032831270 0.353458703 0.996550918 0.007464601 -0.082646966 3.026280165
-0.082412213 0.034835882 -0.995989203 -32.076457977 -0.006198203 0.999351621 0.035466351 0.359493554 0.996579170 0.009096204 -0.082142860 2.949016333
-0.082360148 0.033306938 -0.996045828 -32.908283234 -0.006676027 0.999400556 0.033971135 0.372367680 0.996580303 0.009447497 -0.082088426 2.876529694
-0.082017444 0.028013030 -0.996237040 -33.739929199 -0.007729467 0.999556959 0.028742727 0.385765493 0.996600926 0.010057786 -0.081764586 2.799426556
-0.081639074 0.023814000 -0.996377468 -34.569496155 -0.009487704 0.999650657 0.024669617 0.395314872 0.996616721 0.011467339 -0.081384622 2.721852303
-0.081110656 0.024539063 -0.996402919 -35.403347015 -0.008526767 0.999643266 0.025312969 0.407394677 0.996668637 0.010549247 -0.080872476 2.649033785
-0.080742680 0.027128037 -0.996365726 -36.227046967 -0.007523439 0.999584436 0.027825352 0.411427021 0.996706545 0.009742791 -0.080505036 2.582833290
-0.080254555 0.032126125 -0.996256530 -37.069049835 -0.006895231 0.999438584 0.032784190 0.424839675 0.996750593 0.009500499 -0.079987973 2.511147261
-0.079560518 0.037310272 -0.996131539 -37.903846741 -0.007024162 0.999253392 0.037988223 0.442764163 0.996805310 0.010019352 -0.079239048 2.444022655
-0.079525121 0.040766351 -0.995998919 -38.755916595 -0.006806893 0.999117851 0.041437503 0.456909776 0.996809602 0.010074982 -0.079177484 2.363973618
-0.079127803 0.040899213 -0.996025145 -39.550579071 -0.006880770 0.999111772 0.041572593 0.468348503 0.996840775 0.010142967 -0.078776114 2.298032999
-0.079572961 0.036688782 -0.996153593 -40.371398926 -0.006355155 0.999283433 0.037311699 0.488072753 0.996808887 0.009299712 -0.079282768 2.236816406
-0.078977667 0.032125775 -0.996358693 -41.187469482 -0.007710605 0.999430954 0.032836039 0.502311766 0.996846616 0.010275840 -0.078685030 2.161800385
-0.078903042 0.029642817 -0.996441543 -41.993881226 -0.012130892 0.999455154 0.030693064 0.508998632 0.996808589 0.014509499 -0.078500465 2.091116667
-0.079393439 0.027749039 -0.996457100 -42.831378937 -0.015330644 0.999460280 0.029054152 0.526628733 0.996725559 0.017583039 -0.078925163 2.013952017
-0.079896033 0.025869995 -0.996467471 -43.639991760 -0.013227903 0.999547660 0.027010571 0.532828093 0.996715426 0.015339213 -0.079517677 1.940640688
-0.080925785 0.022195738 -0.996472895 -44.456436157 -0.009006104 0.999694824 0.022998909 0.538794875 0.996679544 0.010835541 -0.080701195 1.875924110
-0.081562467 0.020593544 -0.996455431 -45.283905029 -0.004504050 0.999768615 0.021030689 0.549670696 0.996658146 0.006203399 -0.081450842 1.805652857
-0.083477154 0.024221664 -0.996215224 -46.104030609 -0.004486333 0.999685168 0.024681965 0.554093361 0.996499598 0.006529733 -0.083342217 1.731658459
-0.084881574 0.030574113 -0.995921850 -46.911933899 -0.002428414 0.999519706 0.030891538 0.556620121 0.996388137 0.005040632 -0.084766567 1.658638716
-0.086905189 0.034291044 -0.995626152 -47.727787018 -0.000057670 0.999407232 0.034426294 0.566018581 0.996216536 0.003049240 -0.086851694 1.583936691
-0.088425897 0.033478107 -0.995519936 -48.518001556 -0.000715190 0.999432623 0.033673204 0.571919799 0.996082485 0.003689570 -0.088351779 1.515899658
-0.089208588 0.029540585 -0.995574713 -49.316986084 -0.003947725 0.999541759 0.030012026 0.582051098 0.996005118 0.006607587 -0.089051083 1.431082726
-0.090191990 0.026069343 -0.995583177 -50.109214783 -0.008729639 0.999598205 0.026965311 0.588089883 0.995886028 0.011123136 -0.089928180 1.342498779
-0.091778427 0.024686079 -0.995473444 -50.894332886 -0.012892238 0.999579430 0.025976505 0.596820951 0.995695949 0.015217963 -0.091421582 1.258855820
-0.092861786 0.025711335 -0.995347023 -51.686340332 -0.014801757 0.999520361 0.027200082 0.603545368 0.995568991 0.017258737 -0.092436664 1.176474094
-0.093877010 0.027276039 -0.995210171 -52.473266602 -0.014742294 0.999476910 0.028783603 0.611218572 0.995474637 0.017373802 -0.093425803 1.098553658
-0.094703317 0.026665438 -0.995148361 -53.257011414 -0.016522771 0.999461353 0.028353397 0.619006932 0.995368421 0.019127768 -0.094211720 1.014340878
-0.095135815 0.026597492 -0.995108902 -54.034049988 -0.017215762 0.999449551 0.028359393 0.624769330 0.995315373 0.019829551 -0.094625548 0.930195808
-0.095845923 0.028450539 -0.994989514 -54.807205200 -0.015179920 0.999433517 0.030039869 0.633771300 0.995280385 0.017983058 -0.095359735 0.855595589
-0.095930532 0.031411182 -0.994892240 -55.581275940 -0.014830039 0.999345839 0.032981750 0.642361283 0.995277643 0.017918250 -0.095401950 0.775538445
-0.096064121 0.035629526 -0.994737267 -56.353214264 -0.014927939 0.999195039 0.037230827 0.654669166 0.995263159 0.018425925 -0.095454939 0.696645260
-0.096708760 0.037880495 -0.994591594 -57.111873627 -0.014830658 0.999109745 0.039494630 0.660299420 0.995202243 0.018569928 -0.096060872 0.618742943
-0.097456552 0.037718024 -0.994524777 -57.860870361 -0.014531806 0.999121189 0.039316364 0.674703956 0.995133758 0.018283878 -0.096822798 0.544969559
-0.097630620 0.035705723 -0.994581938 -58.610713959 -0.013876599 0.999210119 0.037234034 0.686431050 0.995126009 0.017436596 -0.097058028 0.465533257
-0.097888179 0.032250725 -0.994674683 -59.342658997 -0.013619565 0.999337673 0.033742249 0.695339322 0.995104253 0.016850004 -0.097384103 0.391523361
-0.097366601 0.029218156 -0.994819641 -60.065189362 -0.013972665 0.999430358 0.030721122 0.707195282 0.995150566 0.016891494 -0.096902870 0.311279774
-0.096086986 0.026996709 -0.995006800 -60.769554138 -0.014846154 0.999482036 0.028551809 0.714200735 0.995262206 0.017515486 -0.095636427 0.234951973
-0.093960248 0.026628889 -0.995219707 -61.464237213 -0.016976731 0.999454021 0.028344978 0.714091539 0.995431185 0.019558879 -0.093456872 0.170763969
-0.089507684 0.027574675 -0.995604396 -62.147491455 -0.017467951 0.999419391 0.029250761 0.719193578 0.995832980 0.020009333 -0.088974044 0.100019932
-0.083773389 0.029227665 -0.996056139 -62.813346863 -0.016749054 0.999387264 0.030734090 0.724636555 0.996344090 0.019257696 -0.083232537 0.045294285
-0.076542184 0.030674163 -0.996594429 -63.462703705 -0.016413745 0.999352396 0.032019690 0.729252696 0.996931195 0.018808704 -0.075989142 -0.002575397
-0.067964293 0.031997047 -0.997174561 -64.095390320 -0.016876131 0.999305665 0.033215657 0.734477401 0.997545004 0.019085927 -0.067377113 -0.042778015
-0.055878241 0.033430111 -0.997877777 -64.711074829 -0.019617831 0.999209642 0.034573272 0.749360681 0.998244882 0.021508092 -0.055178240 -0.086017370
-0.041046411 0.034894317 -0.998547792 -65.322097778 -0.022903932 0.999094546 0.035854913 0.757013917 0.998894691 0.024342390 -0.040210024 -0.110580921
-0.022382468 0.035844073 -0.999106705 -65.907440186 -0.024268543 0.999043226 0.036385465 0.769988537 0.999454975 0.025061266 -0.021491155 -0.124625206
-0.000129182 0.036956694 -0.999316871 -66.478233337 -0.025257431 0.998997986 0.036948171 0.773958802 0.999680936 0.025244951 0.000804383 -0.114377357
0.025493979 0.037875649 -0.998957276 -67.014648438 -0.024724659 0.999000251 0.037246294 0.772858381 0.999369204 0.023749324 0.026404954 -0.087442517
0.054605260 0.036946177 -0.997824311 -67.523712158 -0.023086395 0.999094844 0.035729837 0.784852982 0.998241127 0.021085130 0.055408787 -0.034375668
0.088670790 0.036873624 -0.995378137 -67.992485046 -0.021850847 0.999146104 0.035066687 0.791382313 0.995821238 0.018640466 0.089400776 0.024755478
0.126463801 0.037216969 -0.991272748 -68.469635010 -0.021423945 0.999165475 0.034780081 0.796272755 0.991739869 0.016838554 0.127155572 0.108522415
0.167547911 0.037107829 -0.985165358 -68.929870605 -0.021255294 0.999195099 0.034021381 0.799538732 0.985634804 0.015239769 0.168201789 0.207832336
0.212403268 0.037623912 -0.976457477 -69.365287781 -0.020039752 0.999216080 0.034141690 0.808339834 0.976976573 0.012316160 0.212990731 0.329979897
0.260794401 0.036514215 -0.964703560 -69.781982422 -0.016887754 0.999304175 0.033258479 0.805743933 0.965246677 0.007618052 0.261229575 0.473218918
0.310551584 0.032263879 -0.950008810 -70.169700623 -0.009151755 0.999479115 0.030952318 0.794149280 0.950512528 -0.000918043 0.310685009 0.646501541
0.361445606 0.026767744 -0.932008862 -70.560546875 -0.003936091 0.999622762 0.027183175 0.799412310 0.932384968 -0.006156771 0.361414582 0.846719742
0.413910925 0.021669051 -0.910059571 -70.935531616 0.001031179 0.999704838 0.024272563 0.808573663 0.910316825 -0.010985111 0.413766414 1.053533554
0.465384662 0.021453546 -0.884848416 -71.314514160 0.000349699 0.999701679 0.024422131 0.815776289 0.885108411 -0.011675116 0.465238333 1.284332275
0.513830900 0.020035336 -0.857657373 -71.678985596 0.001614967 0.999702871 0.024321131 0.825683534 0.857889891 -0.013882038 0.513645887 1.537673950
0.558734179 0.015001563 -0.829211116 -72.028900146 0.010134583 0.999638259 0.024913648 0.836068630 0.829284787 -0.022323811 0.558380008 1.826446533
0.602603257 0.008995805 -0.797990203 -72.349212646 0.020102791 0.999448001 0.026447508 0.832086682 0.797787666 -0.031979181 0.602089882 2.131950378
0.644668996 0.003887372 -0.764451921 -72.663864136 0.021615297 0.999494433 0.023310976 0.833451688 0.764156103 -0.031551715 0.644259214 2.453231812
0.686389804 0.000459037 -0.727233708 -72.928588867 0.017928421 0.999685287 0.017552515 0.821524084 0.727012813 -0.025086019 0.686165452 2.732391357
0.726994753 -0.006569083 -0.686611474 -73.210144043 0.014847139 0.999870837 0.006154223 0.826811492 0.686482430 -0.014668304 0.726998389 3.072685242
0.766131043 -0.008866122 -0.642623305 -73.481742859 0.009803606 0.999949634 -0.002108281 0.830050170 0.642609715 -0.004684808 0.766179323 3.441829681
0.803114772 -0.009875174 -0.595742643 -73.736701965 0.008158095 0.999951184 -0.005577583 0.833124459 0.595768750 -0.000380687 0.803156018 3.836189270
0.836603165 -0.010771361 -0.547703564 -73.991615295 0.008406732 0.999941349 -0.006824184 0.823674083 0.547744930 0.001104737 0.836644590 4.280563354
0.867540777 -0.009028110 -0.497284114 -74.219757080 0.005095697 0.999944031 -0.009264085 0.821527958 0.497339875 0.005502963 0.867538333 4.708909988
0.893353343 -0.007567998 -0.449291229 -74.427635193 0.004528479 0.999958992 -0.007839358 0.809854627 0.449332088 0.004968710 0.893351078 5.186967850
0.914292037 -0.001658574 -0.405052423 -74.618637085 -0.001252829 0.999975204 -0.006922523 0.800815701 0.405053854 0.006836668 0.914267302 5.683404922
0.931672752 0.002819299 -0.363287777 -74.804870605 -0.006349267 0.999943435 -0.008523000 0.794346213 0.363243163 0.010247257 0.931638062 6.198112488
0.945008397 0.007699238 -0.326955557 -74.978019714 -0.010664191 0.999916553 -0.007276691 0.786603212 0.326872230 0.010363251 0.945011795 6.736820221
0.954946160 0.008251442 -0.296664059 -75.146453857 -0.010369573 0.999930739 -0.005566958 0.778276563 0.296597600 0.008392426 0.954965651 7.291427612
0.962197602 0.007525156 -0.272248089 -75.295158386 -0.009014992 0.999950409 -0.004221966 0.769542575 0.272202849 0.006516680 0.962217927 7.873867035
0.967945993 0.008041688 -0.251029551 -75.438888550 -0.008792933 0.999959528 -0.001871177 0.756773472 0.251004398 0.004018483 0.967977703 8.471487045
0.972503483 0.010519739 -0.232650235 -75.582687378 -0.010633198 0.999943197 0.000766459 0.750821352 0.232645079 0.001728432 0.972560227 9.090188980
0.976010144 0.015702544 -0.217157900 -75.724258423 -0.015636472 0.999875724 0.002022654 0.748378694 0.217162684 0.001421453 0.976134419 9.718671799
0.978664994 0.019174971 -0.204565823 -75.841339111 -0.018826600 0.999816060 0.003649241 0.736661911 0.204598188 0.000279892 0.978846073 10.352149963
0.981440306 0.018137535 -0.190908268 -75.998878479 -0.017863279 0.999835372 0.003157604 0.732046962 0.190934137 0.000311248 0.981602728 11.050802231
0.983967841 0.018016927 -0.177432880 -76.111968994 -0.017791975 0.999837637 0.002858949 0.725739956 0.177455530 0.000343767 0.984128773 11.731421471
0.986572981 0.018187556 -0.162304759 -76.228538513 -0.017898815 0.999834538 0.003241188 0.725674331 0.162336826 -0.000292605 0.986735344 12.427967072
0.988747358 0.019543484 -0.148313254 -76.329826355 -0.019202614 0.999808609 0.003730051 0.720992804 0.148357764 -0.000840076 0.988933444 13.133577347
0.990596116 0.019822545 -0.135374546 -76.435188293 -0.019838301 0.999802470 0.001232761 0.709271848 0.135372221 0.001464433 0.990793765 13.863601685
0.991975248 0.020852324 -0.124700524 -76.530281067 -0.021526523 0.999760032 -0.004061393 0.690707266 0.124585882 0.006713169 0.992186069 14.609666824
0.993212223 0.019019045 -0.114750586 -76.618179321 -0.020323658 0.999741256 -0.010209758 0.683000565 0.114526726 0.012472607 0.993341804 15.349998474
0.994114220 0.018910930 -0.106674358 -76.698120117 -0.020151317 0.999741137 -0.010561813 0.674481213 0.106447011 0.012649273 0.994237900 16.106122971
0.994778097 0.020405395 -0.100000307 -76.772819519 -0.020923939 0.999772489 -0.004139223 0.658872724 0.099893101 0.006210009 0.994978726 16.871267319
0.995177090 0.025520638 -0.094715357 -76.857788086 -0.025274947 0.999673367 0.003792938 0.641236663 0.094781227 -0.001380720 0.995497048 17.646041870
0.995548129 0.026394252 -0.090483382 -76.942817688 -0.025835447 0.999639213 0.007341630 0.632432103 0.090644546 -0.004971268 0.995870888 18.435743332
0.995881200 0.025286255 -0.087070495 -77.009132385 -0.024827709 0.999671698 0.006345454 0.622397423 0.087202355 -0.004157558 0.996181846 19.204448700
0.996142507 0.025408680 -0.083991453 -77.075622559 -0.025048168 0.999671996 0.005343392 0.612530828 0.084099665 -0.003218948 0.996452153 19.970579147
0.996438622 0.024368495 -0.080723569 -77.146240234 -0.023833271 0.999687254 0.007587315 0.606729090 0.080883205 -0.005636387 0.996707618 20.747554779
0.996680319 0.022428704 -0.078263581 -77.214431763 -0.021710958 0.999714196 0.010009815 0.596919239 0.078465715 -0.008277407 0.996882379 21.532020569
0.996938229 0.019659424 -0.075682484 -77.258529663 -0.018822167 0.999753714 0.011760323 0.590010047 0.075895056 -0.010299807 0.997062624 22.276445389
0.997164965 0.018897792 -0.072835326 -77.316184998 -0.018357042 0.999798775 0.008086620 0.581728518 0.072973512 -0.006726652 0.997311234 23.035266876
0.997202873 0.021969816 -0.071440026 -77.370887756 -0.021929894 0.999758601 0.001343202 0.566365898 0.071452305 0.000227227 0.997444034 23.783655167
0.997328460 0.023292130 -0.069235936 -77.435501099 -0.023780758 0.999697804 -0.006241549 0.552337646 0.069069646 0.007871354 0.997580767 24.537248611
0.997359335 0.024023870 -0.068536080 -77.486145020 -0.024801690 0.999637008 -0.010520728 0.539666116 0.068258449 0.012192757 0.997593284 25.291038513
0.997479200 0.025550049 -0.066200778 -77.544181824 -0.026209183 0.999614954 -0.009107127 0.522966862 0.065942608 0.010819240 0.997764826 26.049976349
0.997532070 0.029198054 -0.063852452 -77.606704712 -0.029558245 0.999551952 -0.004703434 0.498922765 0.063686520 0.006579195 0.997948229 26.821659088
0.997603416 0.032173865 -0.061255991 -77.663299561 -0.032221448 0.999480724 0.000211084 0.486748159 0.061230965 0.001763178 0.998122036 27.567085266
0.997821808 0.029920073 -0.058791734 -77.709548950 -0.029858835 0.999552310 0.001920050 0.475424647 0.058822870 -0.000160415 0.998268425 28.326843262
0.997990131 0.027193531 -0.057239719 -77.760551453 -0.027115772 0.999630034 0.002134927 0.459216654 0.057276588 -0.000578537 0.998358190 29.090250015
0.998106658 0.025223812 -0.056097314 -77.802001953 -0.025131183 0.999681294 0.002356302 0.443815410 0.056138869 -0.000942049 0.998422563 29.840213776
0.998157859 0.024742208 -0.055395342 -77.845993042 -0.024771132 0.999693096 0.000164550 0.433765709 0.055382404 0.001207959 0.998464465 30.590038300
0.998251975 0.022551363 -0.054630909 -77.887748718 -0.022649702 0.999742746 -0.001181482 0.423919141 0.054590214 0.002416790 0.998505890 31.346288681
0.998308837 0.021275207 -0.054099835 -77.929115295 -0.021366596 0.999771059 -0.001111373 0.412126988 0.054063801 0.002265423 0.998534858 32.106338501
0.998280287 0.025238581 -0.052909054 -77.987197876 -0.025282932 0.999680281 -0.000169007 0.401145965 0.052887872 0.001506412 0.998599291 32.886478424
0.998280525 0.025031701 -0.053004198 -78.027221680 -0.025109904 0.999684453 -0.000809947 0.389765888 0.052967194 0.002139485 0.998593986 33.660827637
0.998196602 0.024499703 -0.054804191 -78.070152283 -0.024583628 0.999697328 -0.000857612 0.376925737 0.054766595 0.002203351 0.998496771 34.436870575
0.998160064 0.022124292 -0.056453995 -78.122612000 -0.022181056 0.999753952 -0.000378983 0.365741462 0.056431718 0.001630496 0.998405099 35.224365234
0.997949123 0.023925573 -0.059373889 -78.184028625 -0.024002261 0.999711692 -0.000578584 0.357235491 0.059342928 0.002002505 0.998235703 36.026763916
0.997654557 0.027890755 -0.062509812 -78.233085632 -0.027972316 0.999608576 -0.000429832 0.336339772 0.062473360 0.002177368 0.998044252 36.806419373
0.997480035 0.028288236 -0.065064482 -78.296699524 -0.028690865 0.999574423 -0.005261864 0.323185921 0.064887948 0.007115360 0.997867167 37.602951050
0.997319996 0.028722232 -0.067288034 -78.364875793 -0.029377004 0.999529958 -0.008761409 0.312595606 0.067004770 0.010714650 0.997695148 38.396907806
0.997194648 0.028875932 -0.069058433 -78.431983948 -0.029668741 0.999504805 -0.010482028 0.300213128 0.068721563 0.012501497 0.997557461 39.188217163
0.997046053 0.029159831 -0.071056850 -78.500579834 -0.029880306 0.999512017 -0.009097394 0.283715099 0.070756905 0.011193718 0.997430742 40.015644073
0.996913075 0.027577208 -0.073511153 -78.558921814 -0.028275218 0.999564290 -0.008471405 0.266759813 0.073245503 0.010523797 0.997258425 40.839725494
0.996789396 0.027105836 -0.075341567 -78.622787476 -0.027673947 0.999595821 -0.006506527 0.248607904 0.075134762 0.008570634 0.997136593 41.666297913
0.996765018 0.026590431 -0.075844638 -78.701042175 -0.026896691 0.999633729 -0.003019237 0.237935752 0.075736582 0.005049440 0.997115076 42.490798950
0.996667266 0.026728505 -0.077070497 -78.766868591 -0.026666973 0.999642670 0.001827607 0.223434359 0.077091821 0.000233721 0.997023940 43.366283417
0.996738255 0.026383135 -0.076266915 -78.835983276 -0.026166216 0.999650180 0.003842251 0.212132692 0.076341622 -0.001834102 0.997080028 44.218700409
0.996796668 0.029687371 -0.074262485 -78.907424927 -0.029477140 0.999557734 0.003925565 0.200073704 0.074346185 -0.001723944 0.997231007 45.073841095
0.996946454 0.029222125 -0.072414473 -78.976371765 -0.029081205 0.999572515 0.002999759 0.190745279 0.072471187 -0.000884698 0.997370124 45.939105988
0.997120798 0.026995899 -0.070861302 -79.037582397 -0.027035087 0.999634326 0.000406107 0.181664288 0.070846349 0.001510803 0.997486115 46.799079895
0.997308195 0.022826634 -0.069679879 -79.090499878 -0.022944422 0.999736369 -0.000890442 0.165953428 0.069641195 0.002486810 0.997568965 47.670169830
0.997499764 0.021699894 -0.067253530 -79.159751892 -0.021823663 0.999761343 -0.001106095 0.154284477 0.067213483 0.002571048 0.997735262 48.546630859
0.997609138 0.019402727 -0.066328205 -79.218811035 -0.019340640 0.999811769 0.001578135 0.139114439 0.066346340 -0.000291532 0.997796595 49.421684265
0.997740090 0.016894374 -0.065032348 -79.282608032 -0.016692037 0.999853969 0.003653439 0.131924659 0.065084569 -0.002559661 0.997876465 50.298763275
0.997775793 0.016472129 -0.064592183 -79.336257935 -0.016226107 0.999858916 0.004331651 0.112638175 0.064654425 -0.003273936 0.997902393 51.173416138
0.997825027 0.018636268 -0.063228570 -79.399551392 -0.018619332 0.999826193 0.000857126 0.098980740 0.063233569 0.000322013 0.997998714 52.047252655
0.997837424 0.020987863 -0.062288977 -79.465560913 -0.021307807 0.999762952 -0.004476616 0.077723086 0.062180281 0.005794177 0.998048067 52.906028748
0.997856855 0.022972031 -0.061268762 -79.524826050 -0.023632010 0.999669909 -0.010069048 0.060707688 0.061017245 0.011495373 0.998070598 53.763526917
0.997779965 0.027824387 -0.060506247 -79.589492798 -0.028835466 0.999457657 -0.015901776 0.039032817 0.060030982 0.017611200 0.998041153 54.613182068
0.997849643 0.027688442 -0.059408490 -79.646499634 -0.028714312 0.999451697 -0.016484313 0.009142816 0.058919504 0.018154740 0.998097658 55.460151672
0.997902393 0.024398768 -0.059962865 -79.693237305 -0.025086224 0.999627590 -0.010738620 -0.006425142 0.059678528 0.012220336 0.998142779 56.318428040
0.997883141 0.024293227 -0.060324784 -79.752433777 -0.024446608 0.999699473 -0.001805725 -0.027885303 0.060262769 0.003276640 0.998177111 57.174610138
0.997834146 0.022980617 -0.061634384 -79.806640625 -0.022648335 0.999724925 0.006084477 -0.047748297 0.061757248 -0.004675382 0.998080194 58.030220032
0.997764766 0.020190945 -0.063701548 -79.869476318 -0.020007933 0.999793649 0.003509607 -0.056229249 0.063759252 -0.002227225 0.997962832 58.861648560
0.997738123 0.016125312 -0.065257736 -79.930068970 -0.016146803 0.999869645 0.000198136 -0.075858206 0.065252423 0.000856017 0.997868419 59.707660675
0.997564018 0.014538444 -0.068225279 -79.983917236 -0.014642722 0.999892175 -0.001028566 -0.096439131 0.068202972 0.002025064 0.997669399 60.517768860
0.997334719 0.016481496 -0.071076810 -80.048286438 -0.016766541 0.999853671 -0.003415543 -0.112670451 0.071010090 0.004598151 0.997464955 61.340888977
0.997082233 0.018109832 -0.074156746 -80.121429443 -0.018653616 0.999803841 -0.006646779 -0.134020418 0.074021831 0.008010674 0.997224391 62.155902863
0.996769667 0.019117268 -0.078004502 -80.196502686 -0.019980399 0.999747336 -0.010299630 -0.148747861 0.077787884 0.011824919 0.996899843 62.969696045
0.996483743 0.021122448 -0.081080809 -80.267501831 -0.022309294 0.999656439 -0.013759788 -0.177597106 0.080762304 0.015520258 0.996612549 63.771736145
0.996150613 0.025401685 -0.083897024 -80.365982056 -0.026639881 0.999551535 -0.013671971 -0.202824354 0.083512120 0.015854349 0.996380627 64.581672668
0.995742500 0.029006336 -0.087495372 -80.446281433 -0.030166388 0.999473214 -0.011965204 -0.222056389 0.087102212 0.014553685 0.996093094 65.386413574
0.995326221 0.032031808 -0.091102079 -80.533981323 -0.032707024 0.999447346 -0.005927993 -0.244217694 0.090861864 0.008879965 0.995823920 66.186668396
0.994940400 0.032457571 -0.095079303 -80.619262695 -0.032620225 0.999467850 -0.000156448 -0.264393359 0.095023632 0.003257164 0.995469689 67.000976562
0.994475901 0.031293835 -0.100191712 -80.701156616 -0.031096686 0.999510109 0.003529318 -0.280201077 0.100253083 -0.000394192 0.994961858 67.790824890
0.993826449 0.030704927 -0.106612675 -80.791648865 -0.030371394 0.999527335 0.004751050 -0.291863889 0.106708162 -0.001483744 0.994289339 68.580612183
0.993282139 0.028392758 -0.112180129 -80.886695862 -0.027634302 0.999583542 0.008310506 -0.301244736 0.112369359 -0.005154660 0.993653178 69.361030579
0.992465138 0.029601002 -0.118897699 -80.981529236 -0.028859481 0.999551833 0.007953975 -0.310812593 0.119079866 -0.004462718 0.992874622 70.144897461
0.991596878 0.034463730 -0.124690920 -81.093811035 -0.033836119 0.999401927 0.007148240 -0.320297837 0.124862693 -0.002869116 0.992169797 70.915580750
0.990800738 0.036571361 -0.130293146 -81.212387085 -0.036394797 0.999330461 0.003736800 -0.330447346 0.130342558 0.001039568 0.991468430 71.678558350
0.989979088 0.035347924 -0.136717752 -81.321784973 -0.035579938 0.999366522 0.000747024 -0.336391389 0.136657566 0.004124871 0.990609765 72.441352844
0.989165723 0.036681946 -0.142146125 -81.439308167 -0.037072781 0.999312460 -0.000101292 -0.351083279 0.142044723 0.005369946 0.989845753 73.206253052
0.988461792 0.038599480 -0.146469608 -81.564468384 -0.038306374 0.999254405 0.004822252 -0.357266933 0.146546513 0.000844108 0.989203393 73.975547791
0.987532616 0.039187904 -0.152458519 -81.692382812 -0.038268089 0.999227285 0.008963989 -0.365165055 0.152692005 -0.003017935 0.988269150 74.741798401
0.986568093 0.038788266 -0.158677951 -81.819869995 -0.037440397 0.999232948 0.011476139 -0.381992459 0.159001395 -0.005381027 0.987263799 75.500221252
0.985484302 0.036695711 -0.165753022 -81.954216003 -0.035907064 0.999325037 0.007753058 -0.388627231 0.165925667 -0.001688812 0.986136854 76.248779297
0.984108627 0.034113452 -0.174259931 -82.093215942 -0.034573030 0.999402046 0.000398454 -0.390519887 0.174169391 0.005632573 0.984699607 76.991348267
0.982504904 0.031401917 -0.183570489 -82.236579895 -0.032191180 0.999480784 -0.001320352 -0.399466693 0.183433726 0.007206603 0.983005702 77.735084534
0.980429888 0.031140238 -0.194390386 -82.385765076 -0.031430125 0.999504566 0.001593567 -0.412147045 0.194343746 0.004547333 0.980922937 78.469718933
0.978151619 0.031213891 -0.205536112 -82.550971985 -0.030253185 0.999511659 0.007815856 -0.417550087 0.205679700 -0.001426970 0.978618324 79.208740234
0.975687265 0.032452345 -0.216751575 -82.724693298 -0.029743668 0.999433517 0.015748186 -0.426701307 0.217139855 -0.008918314 0.976099730 79.931762695
0.973120093 0.033118725 -0.227904752 -82.906394958 -0.029510867 0.999379694 0.019221000 -0.432191491 0.228399962 -0.011978673 0.973493636 80.657325745
0.970251262 0.036453832 -0.239340127 -83.101966858 -0.033784334 0.999312878 0.015248175 -0.441947222 0.239731520 -0.006708615 0.970816016 81.374237061
0.967244387 0.035970874 -0.251285344 -83.301055908 -0.035660211 0.999347270 0.005791236 -0.442449987 0.251329631 0.003359349 0.967895627 82.071289062
0.964098215 0.033325065 -0.263446391 -83.507965088 -0.034355506 0.999409437 0.000695758 -0.440567732 0.263313979 0.008380054 0.964673758 82.783935547
0.960658789 0.032357056 -0.275839567 -83.706771851 -0.031900421 0.999472141 0.006143261 -0.445624769 0.275892705 0.002897820 0.961184025 83.508148193
0.957304657 0.033546031 -0.287127554 -83.932273865 -0.030951144 0.999428630 0.013573037 -0.450563908 0.287418783 -0.004106608 0.957796156 84.231323242
0.953698277 0.033433281 -0.298900932 -84.167915344 -0.029138712 0.999398351 0.018814316 -0.451636672 0.299350023 -0.009233592 0.954098642 84.942001343
0.949651659 0.031130476 -0.311757088 -84.407905579 -0.027194144 0.999486029 0.016966756 -0.452074409 0.312125087 -0.007634540 0.950010240 85.655052185
0.945977390 0.029616076 -0.322876900 -84.663986206 -0.026865693 0.999554873 0.012972603 -0.457163811 0.323117375 -0.003597476 0.946352005 86.351364136
0.942919672 0.025076836 -0.332074732 -84.911132812 -0.024406692 0.999682963 0.006189375 -0.463012338 0.332124680 0.002268763 0.943232894 87.043395996
0.940194011 0.021161132 -0.339981645 -85.168754578 -0.022348855 0.999750137 0.000422327 -0.468703389 0.339905649 0.007201131 0.940431952 87.746452332
0.937573433 0.020544751 -0.347179860 -85.437896729 -0.022565348 0.999743819 -0.001777724 -0.473109037 0.347054422 0.009500982 0.937796891 88.450103760
0.934573591 0.026273925 -0.354798555 -85.729125977 -0.028641012 0.999588847 -0.001420565 -0.489170194 0.354615331 0.011489411 0.934941709 89.159400940
0.931517839 0.026170742 -0.362752587 -85.998672485 -0.027725296 0.999615133 0.000920900 -0.501416504 0.362637073 0.009199588 0.931884944 89.851135254
0.928438663 0.026461536 -0.370542228 -86.284629822 -0.025510199 0.999646544 0.007468886 -0.502386212 0.370608926 0.002518203 0.928785622 90.557968140
0.925610662 0.028354650 -0.377413452 -86.572937012 -0.024160553 0.999582589 0.015843494 -0.507578015 0.377705097 -0.005546390 0.925909340 91.268577576
0.923068166 0.038563631 -0.382698268 -86.895141602 -0.032353509 0.999219656 0.022652442 -0.513988733 0.383273214 -0.008528118 0.923595548 91.969619751
0.920352042 0.045206778 -0.388469338 -87.206390381 -0.040781610 0.998975098 0.019633502 -0.511151552 0.388958752 -0.002227329 0.921252429 92.657409668
0.918032348 0.041639574 -0.394312859 -87.509674072 -0.040129788 0.999121487 0.012078075 -0.508432388 0.394469380 0.004735629 0.918896854 93.345245361
0.916167259 0.034124505 -0.399340719 -87.810691833 -0.035157721 0.999370396 0.004739494 -0.511962771 0.399251103 0.009697737 0.916790307 94.035163879
0.914254725 0.034467317 -0.403670937 -88.117927551 -0.035931345 0.999346375 0.003949715 -0.511297584 0.403543264 0.010893393 0.914895594 94.733985901
0.912241578 0.040888235 -0.407606959 -88.461959839 -0.040739004 0.999128819 0.009049890 -0.517060161 0.407621950 0.008349815 0.913112581 95.432357788
0.909908473 0.043440964 -0.412528008 -88.790603638 -0.041517626 0.999044716 0.013628732 -0.524090171 0.412726045 0.004726282 0.910842955 96.131011963
0.907735467 0.039691780 -0.417661130 -89.114410400 -0.038303208 0.999197483 0.011709843 -0.531606793 0.417790800 0.005368321 0.908527434 96.829689026
0.905469418 0.038195543 -0.422689140 -89.448310852 -0.039537448 0.999202371 0.005595421 -0.540154696 0.422565818 0.011645569 0.906257451 97.517593384
0.903382063 0.035432599 -0.427370101 -89.788406372 -0.039663702 0.999212563 -0.000998626 -0.543005168 0.426998228 0.017853227 0.904076219 98.212295532
