1.000000000 0.000000002 -0.000000030 0.000000000 0.000000002 1.000000000 -0.000000004 0.000000000 -0.000000030 -0.000000004 1.000000000 0.000000000
0.999991357 -0.002494995 -0.003332585 -0.003998937 0.002487702 0.999994516 -0.002191794 -0.004838757 0.003337975 0.002183477 0.999992073 0.666397870
0.999972582 -0.001452189 -0.007258117 -0.013792239 0.001427308 0.999993026 -0.003432149 -0.013337484 0.007263064 0.003421692 0.999967754 1.359501600
0.999937773 -0.001212671 -0.011092603 -0.029384876 0.001157986 0.999987245 -0.004934953 -0.015012436 0.011098474 0.004921800 0.999926329 2.060619116
0.999871194 0.000006164 -0.016051734 -0.048177727 -0.000098232 0.999983668 -0.005734890 -0.016473934 0.016051462 0.005735726 0.999854803 2.790087700
0.999793291 -0.000664957 -0.020320918 -0.068380885 0.000547754 0.999983251 -0.005772709 -0.031090701 0.020324470 0.005760381 0.999776781 3.522272825
0.999689758 0.001121932 -0.024880569 -0.093068689 -0.001301710 0.999973238 -0.007210665 -0.033634137 0.024871863 0.007240812 0.999664426 4.276360989
0.999557436 0.003867489 -0.029493738 -0.126959801 -0.004097593 0.999961734 -0.007745368 -0.045229394 0.029462699 0.007862790 0.999535024 5.039232731
0.999425292 0.004105123 -0.033648763 -0.162114084 -0.004317855 0.999971032 -0.006251920 -0.050143853 0.033622142 0.006393617 0.999414206 5.819036484
0.999261022 0.003604178 -0.038269214 -0.195400327 -0.003750808 0.999985814 -0.003760435 -0.055884279 0.038255144 0.003901195 0.999260426 6.619700432
0.999133527 0.003138793 -0.041500349 -0.237301260 -0.003179616 0.999994516 -0.000917702 -0.064256541 0.041497264 0.001048862 0.999138057 7.427674294
0.999028146 0.004731040 -0.043823246 -0.284794331 -0.004812543 0.999986887 -0.001754489 -0.070632435 0.043814398 0.001963685 0.999037862 8.233692169
0.998934805 0.004770953 -0.045896169 -0.337725222 -0.004871323 0.999985933 -0.002075311 -0.083960876 0.045885589 0.002296673 0.998943985 9.060632706
0.998875618 0.001970632 -0.047367737 -0.381765962 -0.002097796 0.999994338 -0.002635056 -0.089143567 0.047362238 0.002731459 0.998874068 9.895174980
0.998758137 0.001567534 -0.049796391 -0.419684440 -0.001650984 0.999997258 -0.001634751 -0.098600328 0.049793657 0.001714932 0.998758078 10.744181633
0.998654425 -0.000172291 -0.051860977 -0.461143792 0.000057616 0.999997497 -0.002212695 -0.106791735 0.051861197 0.002206728 0.998651862 11.594379425
0.998584867 0.002323014 -0.053129971 -0.515898108 -0.002533738 0.999989092 -0.003899222 -0.127035499 0.053120311 0.004028318 0.998579919 12.430418968
0.998520374 0.002722601 -0.054309163 -0.572438717 -0.003094071 0.999972403 -0.006757054 -0.133451581 0.054289237 0.006915089 0.998501301 13.296140671
0.998443484 0.006671540 -0.055371806 -0.640072942 -0.007161935 0.999936759 -0.008662755 -0.144306526 0.055310488 0.009045837 0.998428226 14.165689468
0.998328686 0.007062987 -0.057357565 -0.679316640 -0.007530437 0.999940097 -0.007937768 -0.159264594 0.057298042 0.008356425 0.998322129 15.066750526
0.998256445 0.006677027 -0.058645457 -0.737060666 -0.007053617 0.999955833 -0.006216816 -0.176849306 0.058601312 0.006619636 0.998259425 15.955489159
0.998175979 0.007391901 -0.059916612 -0.796931684 -0.007711395 0.999957263 -0.005102852 -0.184914842 0.059876293 0.005555581 0.998190284 16.853631973
0.998135209 0.007073312 -0.060629159 -0.859262228 -0.007377691 0.999961317 -0.004797976 -0.203535452 0.060592834 0.005236329 0.998148799 17.759950638
0.997996628 0.006666789 -0.062913805 -0.908402324 -0.007029963 0.999959886 -0.005552977 -0.215275824 0.062874272 0.005984133 0.998003423 18.663772583
0.997927964 0.005281545 -0.064122960 -0.967520356 -0.005683704 0.999965310 -0.006090891 -0.228748381 0.064088605 0.006442725 0.997923434 19.578029633
0.997888148 0.004792166 -0.064778313 -1.024676323 -0.005088924 0.999977291 -0.004416899 -0.239219010 0.064755693 0.004737222 0.997889936 20.497777939
0.997905314 0.006753555 -0.064336769 -1.093885303 -0.006841027 0.999975920 -0.001139438 -0.251931012 0.064327538 0.001577176 0.997927666 21.417385101
0.997962296 0.007845842 -0.063322254 -1.156889677 -0.007693352 0.999966919 0.002651617 -0.261734188 0.063340954 -0.002159059 0.997989655 22.346208572
0.998084843 0.007076427 -0.061453246 -1.223687410 -0.006778690 0.999964237 0.005052071 -0.263446212 0.061486799 -0.004625828 0.998097301 23.281938553
0.998164952 0.006438049 -0.060210470 -1.274380803 -0.006056806 0.999960482 0.006512125 -0.274819791 0.060250040 -0.006135494 0.998164415 24.214605331
0.998244584 0.006948350 -0.058817677 -1.330887556 -0.006757979 0.999971211 0.003434840 -0.279288590 0.058839887 -0.003031324 0.998262763 25.158226013
0.998279750 0.007364151 -0.058166206 -1.387367249 -0.007444299 0.999971688 -0.001161416 -0.285991251 0.058156040 0.001592421 0.998306215 26.098346710
0.998358250 0.007334449 -0.056809366 -1.442944527 -0.007583011 0.999962628 -0.004161058 -0.296322048 0.056776650 0.004585010 0.998376369 27.044200897
0.998399615 0.004587259 -0.056367420 -1.492232203 -0.004779701 0.999983251 -0.003279722 -0.304915428 0.056351352 0.003543892 0.998404682 28.000022888
0.998417437 0.003350522 -0.056136429 -1.554018378 -0.003248997 0.999992907 0.001899704 -0.319463789 0.056142386 -0.001714312 0.998421311 28.970336914
0.998389542 -0.000372381 -0.056728307 -1.612641692 0.000684967 0.999984682 0.005490872 -0.330647677 0.056725390 -0.005520886 0.998374522 29.944961548
0.998289049 -0.007445988 -0.057994813 -1.655589700 0.007727795 0.999959409 0.004636520 -0.335382611 0.057957940 -0.005076759 0.998306096 30.906452179
0.998190761 -0.009692512 -0.059338365 -1.710675597 0.009755443 0.999952137 0.000771007 -0.341854244 0.059328061 -0.001348483 0.998237610 31.879411697
0.998087645 -0.009987490 -0.061002731 -1.767848134 0.009813949 0.999946892 -0.003143780 -0.349594474 0.061030865 0.002539089 0.998132646 32.854537964
0.997973919 -0.008714021 -0.063025348 -1.837791324 0.008494733 0.999956846 -0.003746522 -0.359611601 0.063055255 0.003203547 0.998004854 33.835472107
0.997915089 -0.008718468 -0.063948430 -1.898078799 0.008566601 0.999959826 -0.002648687 -0.368880510 0.063969016 0.002095341 0.997949839 34.828453064
0.997851789 -0.005549840 -0.065276496 -1.969385386 0.005567020 0.999984503 0.000081237 -0.381130934 0.065275103 -0.000444460 0.997867227 35.824928284
0.997774124 -0.005602682 -0.066448770 -2.040169477 0.005728133 0.999982178 0.001697550 -0.396700680 0.066438116 -0.002074400 0.997788429 36.822628021
0.997708917 -0.004352008 -0.067512766 -2.108471394 0.004640704 0.999980748 0.004119939 -0.402862728 0.067493558 -0.004423809 0.997709930 37.795410156
0.997729003 -0.004683970 -0.067192763 -2.178312063 0.005186438 0.999959826 0.007305396 -0.411542416 0.067155868 -0.007637298 0.997713327 38.795654297
0.997702956 0.001281715 -0.067729011 -2.256944895 -0.000644937 0.999955416 0.009422755 -0.412762702 0.067738101 -0.009357430 0.997659326 39.781436920
0.997706354 0.001092337 -0.067681700 -2.339642048 -0.000513207 0.999963105 0.008573346 -0.414568216 0.067688584 -0.008518947 0.997670174 40.776954651
0.997690678 0.000897259 -0.067916006 -2.396083355 -0.000410445 0.999974191 0.007181482 -0.421322018 0.067920648 -0.007137025 0.997665107 41.771797180
0.997684240 0.003283625 -0.067936257 -2.476003170 -0.002971218 0.999984562 0.004699050 -0.423258781 0.067950591 -0.004486319 0.997678518 42.766258240
0.997635782 0.002940956 -0.068659358 -2.545130253 -0.002611605 0.999984562 0.004886107 -0.430644691 0.068672650 -0.004695246 0.997628152 43.738742828
0.997549236 0.001198048 -0.069957174 -2.617185831 -0.000782802 0.999981940 0.005962771 -0.437854707 0.069963031 -0.005893397 0.997532129 44.727012634
0.997501135 0.001651431 -0.070630759 -2.687176466 -0.001140458 0.999972939 0.007274097 -0.449012160 0.070640832 -0.007175370 0.997475982 45.699352264
0.997484326 0.003215592 -0.070815928 -2.759280205 -0.002944094 0.999987960 0.003937826 -0.457962930 0.070827693 -0.003719432 0.997481704 46.671867371
0.997408450 0.003524272 -0.071860686 -2.833947659 -0.003538764 0.999993742 -0.000074455 -0.466863871 0.071859948 0.000328558 0.997414768 47.636524200
0.997370541 0.004743205 -0.072313584 -2.914295197 -0.004876052 0.999986768 -0.001660759 -0.470542669 0.072304711 0.002008995 0.997380674 48.592918396
0.997348189 0.002551181 -0.072734296 -2.975962162 -0.002389408 0.999994457 0.002311041 -0.489677489 0.072739780 -0.002131125 0.997348547 49.579616547
0.997339189 0.000735383 -0.072897539 -3.047855616 -0.000356979 0.999986410 0.005203749 -0.497836947 0.072900370 -0.005163883 0.997325718 50.551296234
0.997335911 -0.000762692 -0.072941363 -3.123738289 0.001214301 0.999980390 0.006147214 -0.513581872 0.072935238 -0.006219414 0.997317195 51.510494232
0.997301817 -0.004092469 -0.073296227 -3.187475204 0.004454544 0.999978602 0.004777055 -0.517595053 0.073275149 -0.005090669 0.997298896 52.459098816
0.997273982 -0.006999517 -0.073455237 -3.259215355 0.007306679 0.999965608 0.003913690 -0.530878067 0.073425367 -0.004439737 0.997290790 53.413249969
0.997177064 -0.008447265 -0.074608505 -3.330717325 0.008826379 0.999949753 0.004753092 -0.535580397 0.074564643 -0.005398200 0.997201562 54.370567322
0.997016847 -0.012230476 -0.076208264 -3.387963057 0.012944389 0.999876738 0.008880937 -0.540906489 0.076090239 -0.009840919 0.997052372 55.314888000
0.997000039 -0.012847551 -0.076326773 -3.467682362 0.013910893 0.999813139 0.013416091 -0.540052354 0.076140143 -0.014437621 0.996992648 56.256519318
0.996973515 -0.010919018 -0.076971807 -3.549281597 0.012156432 0.999804020 0.015625948 -0.541348875 0.076786093 -0.016514359 0.996910810 57.195545197
0.996819615 -0.010366103 -0.079013966 -3.614375114 0.011340449 0.999864995 0.011892533 -0.545233905 0.078880012 -0.012750769 0.996802568 58.151397705
0.996762037 -0.008349728 -0.079973131 -3.695161819 0.008725073 0.999952495 0.004345069 -0.552928925 0.079932988 -0.005028775 0.996787548 59.054618835
0.996712327 -0.006333814 -0.080773786 -3.776333332 0.006288685 0.999979913 -0.000813120 -0.556405067 0.080777258 0.000302481 0.996732116 59.966350555
0.996636927 -0.001720315 -0.081925713 -3.856955528 0.001743688 0.999998450 0.000213734 -0.568659544 0.081925154 -0.000355872 0.996638477 60.868244171
0.996560156 0.000891983 -0.082867078 -3.940973520 -0.000664251 0.999995828 0.002775691 -0.584929824 0.082869284 -0.002711098 0.996556759 61.767246246
0.996477604 0.003611586 -0.083781376 -4.021360874 -0.003276576 0.999985993 0.004135769 -0.596136212 0.083795220 -0.003846684 0.996475637 62.651195526
0.996338606 0.003839209 -0.085408203 -4.091930389 -0.003479071 0.999984384 0.004365103 -0.612022400 0.085423693 -0.004051979 0.996336520 63.534820557
0.996235371 0.005883604 -0.086490043 -4.178994179 -0.005471217 0.999972522 0.005004286 -0.619021595 0.086517118 -0.004512245 0.996240139 64.375213623
0.996119261 0.006908859 -0.087742485 -4.258640289 -0.006430039 0.999962866 0.005738539 -0.630825758 0.087778904 -0.005152085 0.996126711 65.218849182
0.995972633 0.006609304 -0.089413911 -4.331222534 -0.006099511 0.999963522 0.005973530 -0.637955666 0.089450091 -0.005404093 0.995976567 66.033500671
0.995881379 0.006382165 -0.090441369 -4.408441067 -0.005780037 0.999959350 0.006918001 -0.642758191 0.090481818 -0.006366756 0.995877683 66.841873169
0.995715261 0.009076182 -0.092025228 -4.484862804 -0.008212337 0.999918580 0.009761374 -0.652329445 0.092106335 -0.008963806 0.995708823 67.640907288
0.995597959 0.010999609 -0.093078062 -4.568319798 -0.009751137 0.999856412 0.013857346 -0.658266246 0.093217127 -0.012888726 0.995562375 68.426780701
0.995396256 0.013436299 -0.094898917 -4.647496223 -0.012000377 0.999804914 0.015685618 -0.660155654 0.095091172 -0.014474580 0.995363355 69.202636719
0.995246649 0.016683633 -0.095946223 -4.733548164 -0.015644928 0.999810636 0.011568016 -0.667624652 0.096121013 -0.010011957 0.995319247 69.949592590
0.995118976 0.016897283 -0.097224757 -4.808848381 -0.016559683 0.999853671 0.004278338 -0.674629509 0.097282782 -0.002647444 0.995253146 70.671447754
0.994974494 0.015727583 -0.098885544 -4.880530357 -0.015951060 0.999871671 -0.001469705 -0.682927489 0.098849706 0.003039648 0.995097756 71.380004883
0.994923890 0.016476497 -0.099271677 -4.956064224 -0.016822962 0.999854982 -0.002653986 -0.688594580 0.099213570 0.004310559 0.995056748 72.073890686
0.994797289 0.019232409 -0.100041449 -5.033494949 -0.019209759 0.999814749 0.001189751 -0.701168954 0.100045815 0.000738211 0.994982481 72.747497559
0.994658053 0.019657386 -0.101335697 -5.106058598 -0.019403979 0.999805629 0.003485831 -0.717795730 0.101384491 -0.001500897 0.994846165 73.403167725
0.994607627 0.016472720 -0.102392860 -5.169592857 -0.016546510 0.999862969 0.000128753 -0.727622271 0.102380924 0.001566182 0.994744062 74.031341553
0.994707227 0.008187367 -0.102423102 -5.223683357 -0.008754195 0.999948740 -0.005085876 -0.739671648 0.102376178 0.005955585 0.994727969 74.647041321
0.994841695 0.004220743 -0.101351619 -5.277839184 -0.005258605 0.999936461 -0.009975223 -0.749429345 0.101303011 0.010456733 0.994800687 75.239822388
0.995134115 0.006468918 -0.098317027 -5.338461876 -0.007508331 0.999919772 -0.010205723 -0.759500444 0.098243043 0.010894258 0.995102823 75.825401306
0.995522141 0.011258663 -0.093854629 -5.404228210 -0.012011899 0.999899983 -0.007464479 -0.769666255 0.093761146 0.008558425 0.995557964 76.388328552
0.995986104 0.010016252 -0.088944599 -5.460359097 -0.010410114 0.999938011 -0.003965367 -0.784509659 0.088899292 0.004875372 0.996028721 76.944923401
0.996458054 0.006677594 -0.083824933 -5.482575417 -0.006702987 0.999977529 -0.000021551 -0.793584287 0.083822928 0.000583351 0.996480465 77.487968445
0.997144282 0.002223711 -0.075488277 -5.516040802 -0.001975858 0.999992430 0.003357812 -0.806317449 0.075495206 -0.003199070 0.997140944 78.014358521
0.997875690 0.005692006 -0.064897686 -5.547649860 -0.005489323 0.999979496 0.003300943 -0.815760255 0.064915180 -0.002937688 0.997886479 78.530700684
0.998701692 0.011203845 -0.049691811 -5.574043274 -0.011061841 0.999933898 0.003131707 -0.828233957 0.049723651 -0.002577959 0.998759627 79.030395508
0.999372423 0.016106168 -0.031548258 -5.586719513 -0.015997799 0.999865174 0.003684437 -0.834415913 0.031603362 -0.003177425 0.999495506 79.525962830
0.999850392 0.014673849 -0.009158539 -5.580507278 -0.014635833 0.999884009 0.004204363 -0.838850856 0.009219188 -0.004069694 0.999949276 80.009925842
0.999800146 0.011237454 0.016530488 -5.541776657 -0.011322420 0.999923110 0.005055574 -0.843948543 -0.016472392 -0.005241733 0.999850631 80.477073669
0.998890877 0.009927693 0.046027660 -5.496530533 -0.010252476 0.999924064 0.006825531 -0.856031299 -0.045956396 -0.007289862 0.998916924 80.928192139
0.996797144 0.009423131 0.079414167 -5.450497150 -0.010121150 0.999913573 0.008391690 -0.863498449 -0.079328261 -0.009168578 0.996806383 81.364631653
0.993110299 0.009469391 0.116799667 -5.371900558 -0.010564907 0.999905884 0.008763924 -0.867318630 -0.116705716 -0.009937524 0.993116856 81.803283691
0.987283170 0.009300407 0.158698827 -5.281272888 -0.010833107 0.999902606 0.008795561 -0.872762382 -0.158601642 -0.010402915 0.987287819 82.234825134
0.978907764 0.009140049 0.204097837 -5.166904449 -0.011085962 0.999903321 0.008392902 -0.874196112 -0.204001427 -0.010478501 0.978914499 82.652862549
0.967490017 0.011618542 0.252642453 -5.038469315 -0.013660668 0.999886632 0.006330437 -0.880786777 -0.252540320 -0.009575902 0.967538953 83.036872864
0.952053905 0.012257867 0.305684358 -4.888591766 -0.014058146 0.999894321 0.003688584 -0.893004179 -0.305606872 -0.007809087 0.952125669 83.400802612
0.932195485 0.012551906 0.361737311 -4.713638306 -0.014046496 0.999900222 0.001502274 -0.898918390 -0.361682415 -0.006481554 0.932278812 83.767417908
0.908000708 0.013178599 0.418761224 -4.507722855 -0.014296818 0.999897599 -0.000467400 -0.901841223 -0.418724507 -0.005562554 0.908096135 84.120635986
0.879137754 0.013237591 0.476383716 -4.290653229 -0.013855423 0.999901533 -0.002215570 -0.910727859 -0.476366103 -0.004652708 0.879234612 84.438606262
0.845582545 0.012306848 0.533702910 -4.050384521 -0.012072559 0.999919295 -0.003930109 -0.922089577 -0.533708215 -0.003119928 0.845662832 84.746040344
0.808795094 0.011995865 0.587968111 -3.787723541 -0.010697597 0.999926567 -0.005685376 -0.926257372 -0.587993085 -0.001691543 0.808864057 85.033256531
0.769113541 0.009625613 0.639039874 -3.514163971 -0.009228529 0.999949574 -0.003954899 -0.944689035 -0.639045775 -0.002855636 0.769163489 85.293815613
0.726085067 0.009461530 0.687539876 -3.222274780 -0.010787129 0.999938965 -0.002368703 -0.946668446 -0.687520444 -0.005696706 0.726142704 85.549057007
0.680723667 0.008277510 0.732493639 -2.920043945 -0.009897090 0.999948800 -0.002102271 -0.952993155 -0.732473493 -0.005818494 0.680770695 85.775070190
0.634515166 0.007084332 0.772877872 -2.596191406 -0.006868732 0.999970198 -0.003526822 -0.960162401 -0.772879899 -0.003070873 0.634544909 85.974189758
0.587912261 0.004756767 0.808910728 -2.260036469 -0.000994690 0.999986172 -0.005157440 -0.960484385 -0.808924198 0.002227504 0.587908924 86.154434204
0.541020453 0.006640579 0.840983272 -1.925735474 -0.003583771 0.999977946 -0.005590524 -0.976536632 -0.841001868 0.000010693 0.541032314 86.327209473
0.493462145 0.009663114 0.869713545 -1.592426300 -0.006238490 0.999951899 -0.007570525 -0.976527631 -0.869744897 -0.001689935 0.493498683 86.488632202
0.447384357 0.011613000 0.894266367 -1.270244598 -0.008309467 0.999926507 -0.008828042 -0.995705128 -0.894303203 -0.003481350 0.447447985 86.616188049
0.404565632 0.009165666 0.914462984 -0.918403625 -0.000809191 0.999952972 -0.009664539 -0.998750210 -0.914508641 0.003169963 0.404554009 86.728569031
0.365686685 0.001417122 0.930736899 -0.544097900 0.014327070 0.999871731 -0.007151494 -1.002660751 -0.930627704 0.015949940 0.365619481 86.811264038
0.330172986 -0.002384369 0.943917453 -0.180385590 0.018666457 0.999817729 -0.004003768 -1.007673144 -0.943735838 0.018941525 0.330157340 86.899719238
0.297204137 0.002210750 0.954811394 0.189325333 0.015676079 0.999851227 -0.007194528 -1.012187123 -0.954685211 0.017105943 0.297125280 86.996444702
0.265671700 0.009646465 0.964015365 0.555624008 0.004718032 0.999924898 -0.011306033 -1.027460217 -0.964052022 0.007551946 0.265606254 87.105293274
0.237413093 0.014010149 0.971307814 0.935476303 -0.000199279 0.999896586 -0.014373807 -1.044042230 -0.971408725 0.003218968 0.237391397 87.185951233
0.211614475 0.015564926 0.977229297 1.326812744 0.001110996 0.999868691 -0.016166098 -1.058516502 -0.977352619 0.004506677 0.211569428 87.250320435
0.187812775 0.016867761 0.982060075 1.736865997 0.008202205 0.999790728 -0.018740924 -1.070287466 -0.982170582 0.011574841 0.187635124 87.308837891
0.168199867 0.023058530 0.985483229 2.146297455 0.015549767 0.999539912 -0.026041429 -1.069171786 -0.985630214 0.019704197 0.167763904 87.345458984
0.148310050 0.030185321 0.988480091 2.571446419 0.017917613 0.999288023 -0.033203691 -1.063985944 -0.988778591 0.022635642 0.147663608 87.401977539
0.130597949 0.030622616 0.990962386 3.007117271 0.015617315 0.999335408 -0.032939546 -1.078641057 -0.991312444 0.019778004 0.130032957 87.453285217
0.115083344 0.026505660 0.993002176 3.469407082 0.013462625 0.999510586 -0.028239623 -1.100161791 -0.993264675 0.016618324 0.114670187 87.504714966
0.100627504 0.023373745 0.994649529 3.947359085 0.013773741 0.999595404 -0.024883440 -1.118920922 -0.994828820 0.016203998 0.100264855 87.547698975
0.087586388 0.020940037 0.995936751 4.429830551 0.016304502 0.999614894 -0.022451248 -1.133070588 -0.996023536 0.018204672 0.087211229 87.576225281
0.075781837 0.020047465 0.996922791 4.922185421 0.019672658 0.999573171 -0.021596188 -1.149435043 -0.996930301 0.021248717 0.075355090 87.601806641
0.065465987 0.020810369 0.997637808 5.439826965 0.022663444 0.999493480 -0.022336278 -1.165021777 -0.997597396 0.024072172 0.064961180 87.633071899
0.058018386 0.021385202 0.998086452 5.968301296 0.025501307 0.999412537 -0.022895996 -1.174558878 -0.997989774 0.026780896 0.057439029 87.650749207
0.052498396 0.021665959 0.998385906 6.517908573 0.027109647 0.999365211 -0.023112722 -1.189764380 -0.998252988 0.028279271 0.051877782 87.674377441
0.046795301 0.022634923 0.998647988 7.080165386 0.028687693 0.999300361 -0.023993976 -1.207226157 -0.998492479 0.029771708 0.046113297 87.698959351
0.041026857 0.023429567 0.998883247 7.670096397 0.029296644 0.999266922 -0.024641858 -1.219946384 -0.998728454 0.030274898 0.040310353 87.716499329
0.036541726 0.023362901 0.999058902 8.274023056 0.031870808 0.999190867 -0.024531696 -1.237114072 -0.998823822 0.032737240 0.035767540 87.733695984
0.033699393 0.023490652 0.999155819 8.892031670 0.033393376 0.999139011 -0.024616539 -1.254413128 -0.998874009 0.034194753 0.032885905 87.750923157
0.030520227 0.023026831 0.999268830 9.532114029 0.034328263 0.999120653 -0.024071885 -1.271773934 -0.998944521 0.035037853 0.029702883 87.767440796
0.028226048 0.022362672 0.999351382 10.189413071 0.036175892 0.999071956 -0.023378186 -1.290985465 -0.998946726 0.036812305 0.027390897 87.783386230
0.027702391 0.022063309 0.999372661 10.863865852 0.041061226 0.998887479 -0.023190808 -1.308616281 -0.998772562 0.041677922 0.026765658 87.792976379
0.028768152 0.021721639 0.999350071 11.556101799 0.044340588 0.998751998 -0.022985067 -1.326922417 -0.998602211 0.044973001 0.027769089 87.808616638
0.031188086 0.021667095 0.999278605 12.259641647 0.046129569 0.998668492 -0.023093600 -1.344444633 -0.998448491 0.046816543 0.030147057 87.828872681
0.034841463 0.021754764 0.999155998 12.985988617 0.048544955 0.998546064 -0.023434289 -1.363207817 -0.998213172 0.049320463 0.033734713 87.855461121
0.039410885 0.021001028 0.999002337 13.723624229 0.049015671 0.998534858 -0.022924872 -1.389178991 -0.998020113 0.049870253 0.038323764 87.881805420
0.043140482 0.019386984 0.998880804 14.478294373 0.050494295 0.998491585 -0.021560213 -1.408313513 -0.997792184 0.051367898 0.042096466 87.920349121
0.047077373 0.017577849 0.998736560 15.251441956 0.050453391 0.998527050 -0.019952381 -1.430653334 -0.997616231 0.051328942 0.046121161 87.962257385
0.051400602 0.015632670 0.998555899 16.036727905 0.047298446 0.998717368 -0.018069884 -1.448619962 -0.997557402 0.048158929 0.050595291 88.004562378
0.054846156 0.014753330 0.998385906 16.828914642 0.046362486 0.998774827 -0.017305989 -1.466818094 -0.997417808 0.047236808 0.054094970 88.066200256
0.059041176 0.015631547 0.998133242 17.637884140 0.043658771 0.998880208 -0.018225729 -1.490749121 -0.997300327 0.044653323 0.058292624 88.120018005
0.062354356 0.019463619 0.997864366 18.434196472 0.041318227 0.998902321 -0.022065755 -1.519520283 -0.997198462 0.042605873 0.061481662 88.164619446
0.063795738 0.024902958 0.997652233 19.236633301 0.035393395 0.999003291 -0.027199943 -1.541728973 -0.997335136 0.037045546 0.062850684 88.225028992
0.063486516 0.027910322 0.997592330 20.041555405 0.032545641 0.999019206 -0.030021440 -1.569928646 -0.997451901 0.034373242 0.062515832 88.286300659
0.063740373 0.027474852 0.997588277 20.862155914 0.030267537 0.999107897 -0.029450627 -1.601497889 -0.997507393 0.032071732 0.062851936 88.341751099
0.063662551 0.025639039 0.997642100 21.674978256 0.027478684 0.999245763 -0.027433755 -1.633952737 -0.997593045 0.029160384 0.062910035 88.402854919
0.063701004 0.024340462 0.997672200 22.492609024 0.028587777 0.999247730 -0.026204219 -1.667499304 -0.997559488 0.030190455 0.062957272 88.452880859
0.063559078 0.023281232 0.997706532 23.310407639 0.025861045 0.999353707 -0.024967149 -1.708130002 -0.997642934 0.027388610 0.062915951 88.522888184
0.063914180 0.023870515 0.997669816 24.132369995 0.023912717 0.999390244 -0.025443606 -1.737048626 -0.997668803 0.025483198 0.063304447 88.576873779
0.063980587 0.024650050 0.997646630 24.943752289 0.020854779 0.999443591 -0.026031895 -1.767967582 -0.997733116 0.022471232 0.063430965 88.635093689
0.062392406 0.025720153 0.997720242 25.761936188 0.017885135 0.999478519 -0.026883923 -1.803634644 -0.997891366 0.019521713 0.061899912 88.704017639
0.060081333 0.025418874 0.997869849 26.572559357 0.015292718 0.999534965 -0.026382055 -1.834005237 -0.998076320 0.016845211 0.059664723 88.750274658
0.056181759 0.024598416 0.998117447 27.379909515 0.013134778 0.999591768 -0.025374070 -1.857788563 -0.998334169 0.014535608 0.055835694 88.798126221
0.051459424 0.021962900 0.998433471 28.192579269 0.011327905 0.999681056 -0.022574175 -1.889460564 -0.998610854 0.012471812 0.051194184 88.843826294
0.045193430 0.020006323 0.998777866 28.999277115 0.009065147 0.999750078 -0.020435976 -1.918724775 -0.998937130 0.009977638 0.045000739 88.884040833
0.037573095 0.020237418 0.999088943 29.804380417 0.008629400 0.999751031 -0.020575359 -1.946076870 -0.999256611 0.009394615 0.037389103 88.917564392
0.029107030 0.021011561 0.999355495 30.605794907 0.008558048 0.999737084 -0.021268843 -1.973536015 -0.999539673 0.009171599 0.028919555 88.939598083
0.018944914 0.021516427 0.999589026 31.407905579 0.008923792 0.999724984 -0.021688480 -1.999978185 -0.999780715 0.009331008 0.018747687 88.957160950
0.008784533 0.020510081 0.999751031 32.197612762 0.010256223 0.999735117 -0.020599874 -2.028770924 -0.999908805 0.010434627 0.008571803 88.959968567
-0.002236865 0.019416671 0.999808967 32.991744995 0.009058613 0.999770820 -0.019395661 -2.058510542 -0.999956429 0.009013495 -0.002412286 88.962272644
-0.013247907 0.018671550 0.999737918 33.776874542 0.010402967 0.999774098 -0.018534370 -2.084547758 -0.999858081 0.010154696 -0.013439200 88.948059082
-0.024261713 0.019208796 0.999521196 34.556209564 0.010767502 0.999762416 -0.018952068 -2.108120441 -0.999647558 0.010302532 -0.024462791 88.929412842
-0.035360552 0.020018706 0.999174058 35.334255219 0.010844817 0.999748230 -0.019646404 -2.132035732 -0.999315679 0.010141148 -0.035568755 88.901390076
-0.045717418 0.020898223 0.998735964 36.108619690 0.010267179 0.999738216 -0.020449214 -2.162350655 -0.998901606 0.009319313 -0.045919988 88.857292175
-0.056210067 0.022008641 0.998176396 36.873168945 0.011012031 0.999709904 -0.021422334 -2.185798407 -0.998358190 0.009787796 -0.056436092 88.815155029
-0.065402962 0.022643121 0.997602105 37.624469757 0.012174231 0.999686241 -0.021892283 -2.215523481 -0.997784734 0.010713213 -0.065658063 88.751167297
-0.075242817 0.023091799 0.996897817 38.390884399 0.012586226 0.999674141 -0.022206144 -2.243199587 -0.997085750 0.010876326 -0.075508945 88.697731018
-0.084647536 0.023475418 0.996134341 39.130168915 0.013319419 0.999659717 -0.022426669 -2.270230293 -0.996321857 0.011369566 -0.084931441 88.635452271
-0.093231715 0.022893395 0.995381176 39.863677979 0.014630453 0.999659181 -0.021621436 -2.295600653 -0.995536983 0.012547072 -0.093534887 88.561492920
-0.100469142 0.021713130 0.994703233 40.598052979 0.016530346 0.999660313 -0.020151701 -2.324033976 -0.994802833 0.014418155 -0.100793898 88.481048584
-0.105697870 0.020138901 0.994194329 41.317886353 0.019345256 0.999647439 -0.018192660 -2.349458694 -0.994210184 0.017310008 -0.106050164 88.401931763
-0.109603547 0.018626763 0.993800879 42.026580811 0.022667078 0.999611259 -0.016235773 -2.371271610 -0.993716776 0.020747056 -0.109983116 88.319671631
-0.112051971 0.017698482 0.993544817 42.733528137 0.024189433 0.999593675 -0.015078153 -2.391050100 -0.993407845 0.022343742 -0.112434544 88.234985352
-0.113821067 0.016702816 0.993360817 43.417144775 0.024191968 0.999608815 -0.014035912 -2.414115906 -0.993206680 0.022433767 -0.114180595 88.157867432
-0.114452899 0.017272480 0.993278503 44.093063354 0.025215849 0.999577224 -0.014476457 -2.433347225 -0.993108630 0.023389492 -0.114840060 88.077232361
-0.113233864 0.018333463 0.993399262 44.747703552 0.025683425 0.999549687 -0.015519418 -2.453511238 -0.993236423 0.023756569 -0.113653749 88.001770020
-0.110316336 0.019854002 0.993698180 45.365795135 0.026634315 0.999500453 -0.017013099 -2.476259232 -0.993539631 0.024589647 -0.110790037 87.935699463
-0.105401345 0.020529848 0.994217873 46.001892090 0.027007645 0.999477148 -0.017775252 -2.490976810 -0.994062841 0.024977943 -0.105900720 87.871559143
-0.097368628 0.021247255 0.995021582 46.602046967 0.026820604 0.999465048 -0.018717585 -2.511106968 -0.994886816 0.024864567 -0.097886436 87.816314697
-0.086269334 0.021372834 0.996042609 47.185386658 0.025214890 0.999496460 -0.019263031 -2.531009674 -0.995952666 0.023453288 -0.086764850 87.778266907
-0.072686359 0.021475565 0.997123659 47.735847473 0.024525447 0.999504387 -0.019739034 -2.555989027 -0.997053087 0.023020141 -0.073177069 87.749107361
-0.055655181 0.022691606 0.998192132 48.279773712 0.023265559 0.999499798 -0.021424133 -2.582776070 -0.998178959 0.022031128 -0.056155264 87.733924866
-0.034228571 0.025055740 0.999099910 48.810920715 0.021500286 0.999472857 -0.024328504 -2.605143547 -0.999182820 0.020648202 -0.034749217 87.732803345
-0.009719472 0.027986538 0.999561012 49.331317902 0.019334046 0.999426782 -0.027794773 -2.630908966 -0.999765754 0.019055406 -0.010254983 87.746101379
0.018347736 0.029635772 0.999392271 49.848739624 0.017389152 0.999400079 -0.029955240 -2.654158115 -0.999680340 0.017928194 0.017821386 87.778991699
0.051500630 0.029192425 0.998246074 50.342277527 0.015269310 0.999432862 -0.030014882 -2.675543308 -0.998556137 0.016788317 0.051025685 87.823928833
0.090112306 0.026992209 0.995565712 50.860248566 0.014677286 0.999488235 -0.028427042 -2.692816257 -0.995823443 0.017173825 0.089670017 87.879638672
0.132487833 0.023301069 0.990910649 51.346015930 0.012218053 0.999609232 -0.025139203 -2.714912415 -0.991109312 0.015437632 0.132151425 87.966812134
0.178085864 0.019117601 0.983829200 51.848411560 0.009655843 0.999729156 -0.021174401 -2.733693600 -0.983967483 0.013270553 0.177853078 88.077247620
0.226238906 0.016044844 0.973939657 52.330513000 0.005436165 0.999827921 -0.017734114 -2.748548508 -0.974056661 0.009306635 0.226112813 88.223655701
0.278405577 0.014133861 0.960359633 52.793815613 0.001384648 0.999884725 -0.015116972 -2.770542145 -0.960462570 0.005538401 0.278353900 88.386093140
0.332763344 0.014032804 0.942905962 53.247665405 0.000861010 0.999884307 -0.015184645 -2.785611153 -0.943010092 0.005864740 0.332712710 88.577941895
0.390893161 0.014980168 0.920314193 53.689033508 0.002940751 0.999842048 -0.017523712 -2.794413090 -0.920431376 0.009556308 0.390787363 88.794937134
0.450998306 0.018104846 0.892341197 54.103065491 0.003750599 0.999747038 -0.022179607 -2.813260555 -0.892516911 0.013349776 0.450816274 89.040100098
0.509822905 0.021025764 0.860022247 54.484626770 0.004898505 0.999614120 -0.027342333 -2.836424351 -0.860265255 0.018152568 0.509523153 89.309333801
0.568270862 0.025319107 0.822451890 54.853996277 0.001066839 0.999502957 -0.031506732 -2.847285271 -0.822840750 0.018781781 0.567961514 89.607933044
0.624924660 0.027841184 0.780188441 55.200340271 -0.002724162 0.999435544 -0.033483028 -2.865249872 -0.780680358 0.018799007 0.624647737 89.924316406
0.676258862 0.029491520 0.736073434 55.507713318 -0.004779839 0.999352932 -0.035648651 -2.874851227 -0.736648500 0.020589404 0.675962269 90.285301208
0.724978507 0.028224070 0.688192844 55.772266388 -0.005042404 0.999350846 -0.035673294 -2.878488064 -0.688753009 0.022392223 0.724650204 90.617340088
0.770256400 0.025811506 0.637211740 56.032917023 -0.007710369 0.999484599 -0.031165836 -2.887548447 -0.637687683 0.019092551 0.770058274 90.999893188
0.811732590 0.020859048 0.583656669 56.276130676 -0.008603682 0.999680758 -0.023761382 -2.902904510 -0.583965957 0.014266296 0.811652839 91.406143188
0.848545432 0.019050024 0.528779268 56.502616882 -0.011449882 0.999778807 -0.017644525 -2.909980297 -0.528998315 0.008917728 0.848575830 91.831153870
0.879427433 0.013538076 0.475840449 56.689563751 -0.010423223 0.999903381 -0.009184386 -2.934118509 -0.475918829 0.003117211 0.879483700 92.260063171
0.905176103 0.014429964 0.424791664 56.853523254 -0.014133151 0.999892592 -0.003849941 -2.943360806 -0.424801648 -0.002518771 0.905282974 92.700546265
0.925168931 0.015929936 0.379221052 56.985084534 -0.017379161 0.999848783 0.000398532 -2.961488008 -0.379157394 -0.006959255 0.925306022 93.140403748
0.940259933 0.022262981 0.339728743 57.092941284 -0.024763513 0.999688685 0.003026204 -2.971533298 -0.339555591 -0.011258298 0.940518618 93.581909180
0.952055216 0.026493177 0.304776877 57.200996399 -0.028609866 0.999587476 0.002480256 -2.977454185 -0.304585457 -0.011080969 0.952420592 94.030548096
0.961357117 0.028232602 0.273853093 57.315578461 -0.030074988 0.999544322 0.002530778 -2.972368479 -0.273656845 -0.010669112 0.961768270 94.500373840
0.967433095 0.022581905 0.252117634 57.422767639 -0.023943517 0.999710619 0.002333763 -2.973991394 -0.251991928 -0.008294343 0.967693746 94.950202942
0.971426249 0.019408090 0.236546770 57.529682159 -0.020713152 0.999780893 0.003033082 -2.980689049 -0.236436099 -0.007846048 0.971615374 95.433662415
0.974329650 0.023990083 0.223844260 57.624328613 -0.025206188 0.999678969 0.002576605 -2.981350660 -0.223710611 -0.008152727 0.974621534 95.928062439
0.976365566 0.029234629 0.214139447 57.718402863 -0.030589094 0.999527574 0.003013561 -2.981391430 -0.213950172 -0.009492671 0.976798415 96.431663513
0.977435708 0.036694668 0.208021775 57.809089661 -0.037918303 0.999279082 0.001896389 -2.982042551 -0.207802206 -0.009741432 0.978122354 96.938667297
0.977722406 0.043013949 0.205447614 57.897590637 -0.043709554 0.999043584 -0.001153580 -2.995691538 -0.205300748 -0.007852144 0.978667438 97.458259583
0.977752388 0.044867970 0.204907924 58.004905701 -0.045066755 0.998977184 -0.003698957 -3.004389286 -0.204864308 -0.005617875 0.978774309 97.981628418
0.977479815 0.042279840 0.206750005 58.133560181 -0.041651666 0.999104857 -0.007392103 -3.011710167 -0.206877485 -0.001385855 0.978365839 98.493942261
0.976702392 0.041178931 0.210610375 58.255104065 -0.039070968 0.999136090 -0.014161870 -3.014838696 -0.211011603 0.005603176 0.977467537 99.043098450
0.975807488 0.041086845 0.214736104 58.379161835 -0.037911665 0.999102592 -0.018885903 -3.019863129 -0.215319395 0.010288001 0.976489484 99.601409912
0.974639237 0.046004340 0.219001681 58.501220703 -0.043088537 0.998907745 -0.018074319 -3.037435532 -0.219594002 0.008179477 0.975557029 100.180816650
0.973180115 0.049238615 0.224713132 58.630500793 -0.047218230 0.998781443 -0.014359500 -3.045440197 -0.225146353 0.003363821 0.974319100 100.773208618
0.972204626 0.045798704 0.229609877 58.775753021 -0.044804506 0.998950303 -0.009544305 -3.061956644 -0.229805917 -0.001008541 0.973235965 101.382415771
0.971532106 0.041561157 0.233233750 58.929550171 -0.041787237 0.999118626 -0.003974024 -3.072992563 -0.233193323 -0.005885302 0.972412586 101.995979309
0.970670521 0.039180890 0.237199798 59.082115173 -0.040502131 0.999179184 0.000697668 -3.080793142 -0.236977786 -0.010284303 0.971460581 102.624168396
0.970213354 0.033803619 0.239882037 59.245719910 -0.035227682 0.999377906 0.001649866 -3.092023373 -0.239677012 -0.010051212 0.970800638 103.250419617
0.970178604 0.030549822 0.240458623 59.401458740 -0.030992368 0.999517679 -0.001941929 -3.096144438 -0.240401924 -0.005568366 0.970657468 103.899902344
0.970326126 0.030256948 0.239899665 59.569847107 -0.028975291 0.999540746 -0.008868610 -3.103919029 -0.240057826 0.001654282 0.970757186 104.536903381
0.970486045 0.032462079 0.238962457 59.727989197 -0.029618131 0.999441385 -0.015483433 -3.113140583 -0.239331529 0.007948834 0.970905423 105.195495605
0.971021593 0.035584163 0.236327887 59.884216309 -0.031913485 0.999303520 -0.019340474 -3.119846582 -0.236851484 0.011237971 0.971480906 105.876472473
0.971667349 0.033819947 0.233921006 60.050048828 -0.031144645 0.999400496 -0.015122349 -3.128709793 -0.234292179 0.007408506 0.972137988 106.565490723
0.972130120 0.029669812 0.232557520 60.218620300 -0.028786046 0.999559760 -0.007193800 -3.147041559 -0.232668594 0.000298894 0.972555995 107.254295349
0.972715378 0.030220138 0.230025142 60.385627747 -0.030711429 0.999527395 -0.001444923 -3.158413887 -0.229960084 -0.005658905 0.973183572 107.978256226
0.972996771 0.033319175 0.228401110 60.540267944 -0.033788439 0.999427259 -0.001856573 -3.176210880 -0.228332177 -0.005910881 0.973565340 108.697349548
0.973306954 0.039265059 0.226123303 60.701480865 -0.038748261 0.999226391 -0.006725214 -3.179090023 -0.226212472 -0.002216194 0.974075437 109.427085876
0.974182427 0.040162936 0.222161233 60.864891052 -0.038437501 0.999187887 -0.012086667 -3.188329935 -0.222466290 0.003235292 0.974935055 110.163703918
0.975103378 0.038653925 0.218355790 61.031837463 -0.036250737 0.999230146 -0.015002790 -3.201479197 -0.218767598 0.006713711 0.975753903 110.923957825
0.976034522 0.036320731 0.214563429 61.198143005 -0.034229752 0.999323368 -0.013454024 -3.214609623 -0.214906901 0.005787140 0.976617455 111.694168091
0.976916432 0.032707691 0.211102828 61.366664886 -0.030974006 0.999453783 -0.011514840 -3.228883743 -0.211364150 0.004710336 0.977396071 112.476295471
0.977314949 0.031547558 0.209428653 61.533752441 -0.030436035 0.999500334 -0.008528923 -3.246781349 -0.209593073 0.001961265 0.977786720 113.264633179
0.977650881 0.028217498 0.208333045 61.703140259 -0.027510837 0.999601781 -0.006289266 -3.255351305 -0.208427519 0.000417290 0.978037655 114.066108704
0.977839828 0.023277940 0.208056688 61.872646332 -0.022748191 0.999729037 -0.004938768 -3.268949509 -0.208115235 0.000096411 0.978104293 114.863426208
0.978008628 0.024057021 0.207171828 62.047203064 -0.023866041 0.999709308 -0.003421424 -3.279474974 -0.207193851 -0.001598190 0.978298485 115.671409607
0.977744102 0.029343205 0.207738608 62.207359314 -0.028848421 0.999569178 -0.005411522 -3.290367126 -0.207807869 -0.000701848 0.978169382 116.484542847
0.977438927 0.035576347 0.208200291 62.368347168 -0.034498211 0.999365926 -0.008808292 -3.298647404 -0.208381653 0.001427030 0.978046477 117.299430847
0.976920307 0.043839693 0.209056363 62.529136658 -0.042625871 0.999037981 -0.010310244 -3.312093735 -0.209307194 0.001161077 0.977849126 118.120819092
0.976033211 0.049589951 0.211896315 62.695854187 -0.048634913 0.998769283 -0.009720019 -3.329971552 -0.212117568 -0.000818499 0.977243841 118.938896179
0.975186229 0.052541953 0.215060920 62.864021301 -0.052046183 0.998612821 -0.007971489 -3.343517065 -0.215181440 -0.003419415 0.976568162 119.774147034
0.974596202 0.053195685 0.217560455 63.043495178 -0.052581720 0.998579383 -0.008614587 -3.362782478 -0.217709646 -0.003043959 0.976008892 120.599838257
0.974287391 0.051331960 0.219383687 63.226993561 -0.049990699 0.998681545 -0.011664402 -3.375473261 -0.219693139 0.000397335 0.975569069 121.432502747
0.974330246 0.045192707 0.220540270 63.426147461 -0.044051386 0.998978257 -0.010093065 -3.395347118 -0.220771134 0.000118871 0.975325584 122.270660400
0.974497318 0.038594320 0.221055046 63.616024017 -0.036945999 0.999250054 -0.011588032 -3.414693356 -0.221336558 0.003125404 0.975192487 123.103103638
0.974281549 0.038105134 0.222088858 63.804386139 -0.036452912 0.999268830 -0.011535337 -3.437589169 -0.222366050 0.003142876 0.974958181 123.925422668
0.973764062 0.040431045 0.223939613 63.993511200 -0.039508119 0.999182284 -0.008602291 -3.454710484 -0.224104300 -0.000470835 0.974565029 124.761962891
0.973363280 0.042539421 0.225287199 64.178024292 -0.042965200 0.999072075 -0.003014812 -3.467940807 -0.225206330 -0.006745010 0.974287689 125.597190857
0.972951055 0.046184648 0.226347551 64.356689453 -0.047681887 0.998861909 0.001148907 -3.485309839 -0.226036876 -0.011910513 0.974045873 126.425254822
0.972742200 0.045367647 0.227407873 64.541061401 -0.045397893 0.998956025 -0.005100221 -3.505756855 -0.227401808 -0.005362642 0.973786235 127.242111206
0.973027289 0.041054249 0.227007389 64.738395691 -0.037526686 0.999098718 -0.019835280 -3.520193100 -0.227617070 0.010781430 0.973691046 128.056091309
