0.564735532 0.029856509 -0.824731708 193.895690918 -0.000990883 0.999369204 0.035500139 -8.260998726 0.825271368 -0.019230977 0.564408839 202.880004883
0.555015504 0.023302834 -0.831513524 193.367355347 0.002621220 0.999553561 0.029761691 -8.239425659 0.831835985 -0.018697780 0.554706514 203.224853516
0.544257402 0.020206561 -0.838674843 192.817153931 0.004347772 0.999628544 0.026905976 -8.220046997 0.838906944 -0.018290143 0.543967366 203.575012207
0.533737898 0.015237534 -0.845512629 192.250869751 0.008946465 0.999679863 0.023663422 -8.203547478 0.845602632 -0.020194413 0.533430696 203.928207397
0.523055196 0.010077363 -0.852239251 191.670181274 0.014617205 0.999677122 0.020791935 -8.189587593 0.852173626 -0.023332691 0.522738755 204.287292480
0.513466179 0.006561025 -0.858084738 191.075134277 0.023021709 0.999505579 0.021418216 -8.175875664 0.857800901 -0.030752113 0.513061225 204.646499634
0.503998637 0.004729980 -0.863691449 190.460174561 0.027997540 0.999370098 0.021810707 -8.166219711 0.863250494 -0.035173804 0.503548741 205.014556885
0.495680183 0.004879111 -0.868491411 189.831115723 0.029910540 0.999295235 0.022685008 -8.151309967 0.867989838 -0.037221555 0.495184898 205.367889404
0.488286316 0.008075521 -0.872645974 189.180664062 0.030802038 0.999174714 0.026481606 -8.138177872 0.872139573 -0.039809883 0.487634599 205.725357056
0.482544273 0.011373978 -0.875797689 188.526367188 0.036996912 0.998758554 0.033355311 -8.119673729 0.875089705 -0.048497230 0.481524467 206.088989258
0.478027850 0.014603285 -0.878223240 187.857757568 0.042477537 0.998307586 0.039721124 -8.101018906 0.877316833 -0.056292567 0.476598531 206.464126587
0.475668013 0.016100679 -0.879477441 187.184875488 0.043934654 0.998149574 0.042035405 -8.083420753 0.878526866 -0.058634434 0.474080533 206.818435669
0.473567575 0.013533132 -0.880653501 186.504409790 0.044056378 0.998266280 0.039031625 -8.059535980 0.879654884 -0.057282519 0.472150326 207.190795898
0.472054332 0.008955592 -0.881524026 185.816040039 0.045264550 0.998383224 0.034381866 -8.033296585 0.880406499 -0.056131899 0.470885783 207.561080933
0.471121311 0.009380090 -0.882018566 185.109100342 0.043781601 0.998462319 0.034003939 -8.006152153 0.880981266 -0.054636169 0.469986111 207.929519653
0.470609903 0.012737747 -0.882249475 184.391876221 0.041128684 0.998492301 0.036354914 -7.982696056 0.881382346 -0.053394742 0.469376385 208.306762695
0.469737858 0.016075876 -0.882659614 183.666748047 0.037228443 0.998584151 0.037999604 -7.961997509 0.882020831 -0.050709900 0.468474090 208.685455322
0.469060272 0.016088646 -0.883019686 182.946716309 0.032108497 0.998862565 0.035255346 -7.942397118 0.882582247 -0.044889309 0.468010217 209.057647705
0.468720585 0.013411049 -0.883244634 182.217041016 0.030129980 0.999060273 0.031158959 -7.926719189 0.882832408 -0.041216992 0.467876107 209.439224243
0.468193173 0.008746040 -0.883582830 181.468032837 0.028214058 0.999293208 0.024841454 -7.895384312 0.883175552 -0.036560055 0.467615455 209.830612183
0.468203962 0.007871469 -0.883585334 180.715820312 0.027493173 0.999346375 0.023471113 -7.878752232 0.883192599 -0.035281833 0.467681468 210.223800659
0.468559325 0.009454180 -0.883381486 179.945648193 0.028431268 0.999263406 0.025774764 -7.867650032 0.882974386 -0.037192661 0.467945367 210.622253418
0.468564719 0.013695086 -0.883323014 179.196487427 0.029997049 0.999056637 0.031401563 -7.852097511 0.882919729 -0.041210752 0.467711836 211.032302856
0.468733162 0.018217942 -0.883151889 178.428009033 0.031475257 0.998807967 0.037309233 -7.830766678 0.882778764 -0.045285512 0.467601001 211.443359375
0.469295382 0.021862648 -0.882770598 177.648773193 0.031480052 0.998643816 0.041467678 -7.808459282 0.882479906 -0.047250256 0.467970669 211.849426270
0.469607770 0.023132131 -0.882572055 176.865127563 0.027625851 0.998782158 0.040877424 -7.790663719 0.882442832 -0.043578163 0.468396813 212.260925293
0.470628560 0.023149995 -0.882027745 176.086227417 0.022708213 0.999006748 0.038336813 -7.765533924 0.882039249 -0.038071666 0.469635397 212.663818359
0.470875055 0.019402802 -0.881986499 175.308853149 0.023092574 0.999144495 0.034308814 -7.740415573 0.881897688 -0.036522504 0.470024109 213.082290649
0.471041709 0.019427521 -0.881896913 174.545776367 0.023144765 0.999141037 0.034372475 -7.720057964 0.881807208 -0.036602169 0.470187455 213.486160278
0.470954537 0.019732757 -0.881936669 173.772262573 0.023670416 0.999107242 0.034994375 -7.701983452 0.881839812 -0.037356574 0.470066965 213.895202637
0.470323622 0.020930557 -0.882245779 173.004333496 0.025146296 0.998995006 0.037105769 -7.680636406 0.882135689 -0.039636932 0.469324499 214.309402466
0.469860792 0.020336466 -0.882506251 172.226684570 0.025824448 0.998990059 0.036770072 -7.658143044 0.882362843 -0.040067051 0.468860954 214.724563599
0.470008671 0.023118107 -0.882358968 171.449951172 0.022714695 0.999009132 0.038273875 -7.639102459 0.882369399 -0.038031574 0.469017744 215.122802734
0.469997555 0.024535051 -0.882326663 170.683898926 0.023847880 0.998895764 0.040479794 -7.619472980 0.882345498 -0.040067032 0.468893468 215.534149170
0.469952822 0.022855159 -0.882395566 169.920166016 0.028399516 0.998755813 0.040994257 -7.597802639 0.882234573 -0.044324987 0.468718976 215.948471069
0.469403595 0.018535957 -0.882789195 169.156921387 0.029422373 0.998896122 0.036618549 -7.582630634 0.882493436 -0.043162633 0.468339980 216.354858398
0.468694389 0.010270766 -0.883300781 168.400711060 0.029781500 0.999180317 0.027420754 -7.564458370 0.882858157 -0.039157979 0.468004316 216.752624512
0.467113107 0.005666786 -0.884179473 167.643218994 0.032364018 0.999199808 0.023501914 -7.545181751 0.883605063 -0.039593652 0.466555923 217.153839111
0.465969056 0.007129258 -0.884772301 166.895446777 0.036511462 0.998960853 0.027278274 -7.532706738 0.884047329 -0.045015171 0.465224504 217.555343628
0.465566427 0.014185864 -0.884899318 166.139297485 0.034188066 0.998836994 0.033999555 -7.528875351 0.884352326 -0.046082046 0.464539945 217.946365356
0.464955389 0.015902577 -0.885191321 165.402130127 0.030399166 0.998962283 0.033913944 -7.513854027 0.884812117 -0.042677544 0.463989466 218.323928833
0.464309663 0.012617645 -0.885583043 164.672912598 0.031782851 0.999017119 0.030897526 -7.501355171 0.885102510 -0.042492375 0.463452190 218.702911377
0.463109940 0.009516355 -0.886249840 163.966781616 0.036716960 0.998877943 0.029912174 -7.487018585 0.885540068 -0.046393014 0.462240815 219.081939697
0.462115347 0.011756361 -0.886741877 163.274337769 0.036533073 0.998810887 0.032280955 -7.480346680 0.886066973 -0.047312938 0.461136341 219.438232422
0.460743964 0.014269114 -0.887418389 162.597229004 0.036961827 0.998694777 0.035248794 -7.469644547 0.886763096 -0.049041275 0.459615201 219.788024902
0.458069503 0.012374535 -0.888830245 161.937805176 0.039457507 0.998634458 0.034238160 -7.457538605 0.888040304 -0.050754488 0.456955642 220.130294800
0.454656988 0.012070012 -0.890584826 161.299880981 0.040372644 0.998601198 0.034144782 -7.446583748 0.889751196 -0.051479433 0.453533590 220.454345703
0.450428337 0.014862348 -0.892688870 160.677673340 0.037152015 0.998683333 0.035373017 -7.434197426 0.892039239 -0.049098201 0.449283153 220.759414673
0.444512755 0.015300317 -0.895641744 160.072647095 0.036126938 0.998734415 0.034991484 -7.417559147 0.895043671 -0.047910962 0.443397462 221.052551270
0.437225342 0.019817531 -0.899133682 159.486145020 0.033039466 0.998728335 0.038078900 -7.413749695 0.898744822 -0.046355955 0.436014593 221.328247070
0.429241836 0.021827739 -0.902925849 158.914947510 0.031129094 0.998756349 0.038942847 -7.401073456 0.902652979 -0.044823159 0.428028554 221.585266113
0.419659972 0.020346014 -0.907453358 158.363082886 0.028910704 0.998941839 0.035767291 -7.395466328 0.907220781 -0.041245218 0.418627679 221.830566406
0.408256412 0.013672142 -0.912764847 157.831451416 0.031943467 0.999061525 0.029252255 -7.390210152 0.912308276 -0.041099295 0.407436520 222.060531616
0.392717123 0.005597324 -0.919642210 157.300521851 0.036630172 0.999092758 0.021723162 -7.379698753 0.918929577 -0.042217709 0.392155796 222.289367676
0.372583300 0.001658375 -0.927997291 156.760116577 0.040146600 0.999033391 0.017903849 -7.377336502 0.927129924 -0.043926612 0.372156560 222.496627808
0.346934706 0.003505294 -0.937882662 156.189941406 0.039455872 0.999053180 0.018329147 -7.367618561 0.937058866 -0.043364007 0.346467972 222.701416016
0.318030119 0.009919950 -0.948028684 155.634033203 0.036255710 0.999086559 0.022616716 -7.361619473 0.947387099 -0.041564252 0.317380041 222.860366821
0.286213160 0.015618009 -0.958038628 155.079040527 0.032489337 0.999134004 0.025994107 -7.352027893 0.957615018 -0.038565900 0.285457909 223.007339478
0.252714992 0.020988273 -0.967313051 154.542541504 0.029538415 0.999131441 0.029395692 -7.353949547 0.967089772 -0.036001626 0.251875490 223.124984741
0.218199521 0.025510671 -0.975570679 154.004577637 0.025477985 0.999168634 0.031826239 -7.348638535 0.975571513 -0.031800047 0.217368245 223.221374512
0.182233751 0.028067326 -0.982854545 153.450363159 0.023515474 0.999182224 0.032893661 -7.333547592 0.982973993 -0.029106626 0.181424722 223.298599243
0.147210807 0.030562628 -0.988632798 152.906143188 0.020596664 0.999211013 0.033956554 -7.327310085 0.988890648 -0.025361311 0.146465093 223.351257324
0.112595968 0.032069076 -0.993123174 152.361114502 0.019203112 0.999222100 0.034443181 -7.317223072 0.993455231 -0.022949222 0.111892670 223.389038086
0.077623844 0.033431586 -0.996421993 151.801895142 0.016614724 0.999255359 0.034820981 -7.303411484 0.996844292 -0.019258216 0.077010617 223.400314331
0.043061048 0.032152016 -0.998554945 151.246139526 0.011155352 0.999404252 0.032660421 -7.290314674 0.999010146 -0.012545627 0.042676732 223.390487671
0.011032133 0.032236144 -0.999419451 150.681457520 0.003669505 0.999472141 0.032278348 -7.276124954 0.999932289 -0.004023479 0.010908097 223.369064331
-0.016280893 0.033917241 -0.999292135 150.100158691 -0.001229404 0.999422967 0.033941712 -7.252619267 0.999866724 0.001781131 -0.016229853 223.330444336
-0.038260501 0.038340710 -0.998531997 149.496948242 -0.001297268 0.999260843 0.038418405 -7.230602264 0.999266982 0.002765267 -0.038182493 223.284851074
-0.055717990 0.045320056 -0.997417510 148.897872925 -0.003182484 0.998956144 0.045567747 -7.211633205 0.998441458 0.005713202 -0.055515617 223.229812622
-0.069923550 0.052306857 -0.996180058 148.269287109 -0.004729260 0.998595834 0.052765645 -7.193566322 0.997541130 0.008400753 -0.069577962 223.186355591
-0.081820548 0.053240694 -0.995223999 147.635177612 -0.010151565 0.998475850 0.054249242 -7.165190697 0.996595383 0.014541782 -0.081155322 223.118286133
-0.091044605 0.053852316 -0.994389653 146.998870850 -0.014453595 0.998360097 0.055390690 -7.131762028 0.995741963 0.019415524 -0.090116896 223.042266846
-0.095685601 0.054483041 -0.993919373 146.334487915 -0.013510925 0.998337984 0.056025952 -7.099939823 0.995319963 0.018789643 -0.094790399 222.972640991
-0.098449811 0.053699020 -0.993692160 145.659439087 -0.009375419 0.998448789 0.054884933 -7.058611870 0.995097995 0.014719689 -0.097793557 222.908691406
-0.100429796 0.054286197 -0.993461907 144.978988647 -0.004166669 0.998478830 0.054981526 -7.032769203 0.994935513 0.009661212 -0.100050777 222.839385986
-0.101285130 0.051934373 -0.993500948 144.269256592 -0.002620317 0.998619080 0.052469060 -7.002237797 0.994853973 0.007917619 -0.101009309 222.763809204
-0.101713561 0.047371466 -0.993685186 143.555358887 0.001688129 0.998872399 0.047445953 -6.971389771 0.994812310 0.003148428 -0.101678915 222.692687988
-0.101841733 0.042929716 -0.993873894 142.820083618 0.006551633 0.999075711 0.042483069 -6.937934875 0.994779050 -0.002184951 -0.102028802 222.622436523
-0.101283401 0.041060854 -0.994009852 142.069091797 0.008974086 0.999144912 0.040358573 -6.905066967 0.994817138 -0.004832673 -0.101565331 222.548736572
-0.100377068 0.043252490 -0.994008839 141.308090210 0.009279042 0.999051869 0.042534910 -6.873151302 0.994906187 -0.004953921 -0.100683235 222.468353271
-0.098843820 0.048750903 -0.993907988 140.515487671 0.009592094 0.998799503 0.048036896 -6.838947296 0.995056748 -0.004785508 -0.099192783 222.384765625
-0.097107202 0.052313134 -0.993898153 139.712722778 0.010906507 0.998613775 0.051495716 -6.818190575 0.995214224 -0.005839352 -0.097543091 222.307922363
-0.094325028 0.047861751 -0.994390249 138.897201538 0.008385709 0.998846412 0.047280785 -6.782632828 0.995506227 -0.003878907 -0.094617523 222.221542358
-0.090456143 0.039084688 -0.995133221 138.065689087 0.006568817 0.999231339 0.038648546 -6.747303963 0.995878875 -0.003040849 -0.090643317 222.139801025
-0.086663932 0.033215087 -0.995683730 137.226852417 0.010846751 0.999416292 0.032395501 -6.710495949 0.996178627 -0.007992415 -0.086973488 222.069549561
-0.082322381 0.034133594 -0.996021092 136.362823486 0.016616691 0.999321401 0.032873303 -6.682697296 0.996467352 -0.013844366 -0.082833558 222.005157471
-0.077232145 0.036989734 -0.996326685 135.483993530 0.021049287 0.999149323 0.035462845 -6.652694702 0.996790946 -0.018233100 -0.077944919 221.940353394
-0.073165327 0.040385079 -0.996501803 134.573944092 0.022472825 0.998992860 0.038836025 -6.630929470 0.997066557 -0.019552760 -0.073999286 221.876571655
-0.068643741 0.042285025 -0.996744752 133.662918091 0.024316585 0.998875499 0.040700782 -6.593967438 0.997344911 -0.021443570 -0.069594800 221.812072754
-0.064719439 0.046457566 -0.996821642 132.740585327 0.026344523 0.998647094 0.044832215 -6.561762333 0.997555733 -0.023359269 -0.065855898 221.756362915
-0.061658874 0.047876716 -0.996948421 131.810836792 0.024893869 0.998611927 0.046416983 -6.527142525 0.997786880 -0.021955881 -0.062765121 221.696380615
-0.058861241 0.044113468 -0.997290969 130.859832764 0.031926446 0.998595357 0.042286821 -6.488989353 0.997755527 -0.029350905 -0.060187027 221.642486572
-0.057159632 0.039534394 -0.997581959 129.885452271 0.040535156 0.998483658 0.037247535 -6.450444221 0.997541785 -0.038308084 -0.058675379 221.596115112
-0.056492623 0.031031225 -0.997920573 128.915756226 0.039584655 0.998800695 0.028817683 -6.419635773 0.997617960 -0.037874360 -0.057653204 221.535400391
-0.056879815 0.025872130 -0.998045683 127.930419922 0.042957310 0.998801827 0.023443535 -6.399339199 0.997456372 -0.041539896 -0.057923049 221.480056763
-0.056715667 0.024350027 -0.998093367 126.930992126 0.045838259 0.998711765 0.021760399 -6.373288155 0.997337520 -0.044516701 -0.057758868 221.429229736
-0.056160670 0.031633377 -0.997920454 125.927772522 0.039114878 0.998800278 0.029459974 -6.352249622 0.997655213 -0.037379038 -0.057330646 221.356475830
-0.056295842 0.043732073 -0.997455955 124.896423340 0.036571786 0.998460114 0.041712008 -6.328164101 0.997744083 -0.034130532 -0.057808459 221.286346436
-0.058251623 0.053024694 -0.996892750 123.869522095 0.034594037 0.998095870 0.051067248 -6.290447712 0.997702420 -0.031511791 -0.059974946 221.220672607
-0.060456403 0.053393800 -0.996741831 122.854064941 0.035488997 0.998051941 0.051311433 -6.260834217 0.997539639 -0.032271259 -0.062233415 221.152343750
-0.063139349 0.043580063 -0.997052789 121.859642029 0.039663672 0.998366475 0.041125737 -6.225373268 0.997216225 -0.036950126 -0.064764738 221.093231201
-0.066077903 0.034384567 -0.997221887 120.853881836 0.040937915 0.998658061 0.031721462 -6.195899963 0.996974170 -0.038728103 -0.067396827 221.027191162
-0.068507336 0.031179143 -0.997163296 119.829536438 0.042516228 0.998694718 0.028306071 -6.173490524 0.996744215 -0.040456451 -0.069743425 220.951522827
-0.071498081 0.033342741 -0.996883333 118.804656982 0.043294251 0.998602927 0.030295126 -6.155796528 0.996500611 -0.040993277 -0.072841689 220.877853394
-0.073810540 0.037136592 -0.996580601 117.777954102 0.040596619 0.998589933 0.034204725 -6.133589745 0.996445537 -0.037933137 -0.075214118 220.791015625
-0.075703286 0.044394918 -0.996141672 116.753341675 0.041388378 0.998287320 0.041345168 -6.105054379 0.996271014 -0.038098726 -0.077411048 220.713150024
-0.076682210 0.052449774 -0.995674968 115.721054077 0.040380292 0.997959375 0.049460206 -6.073447704 0.996237576 -0.036412928 -0.078643702 220.627502441
-0.077819474 0.052700844 -0.995573521 114.709594727 0.037421115 0.998052478 0.049907029 -6.038073063 0.996264935 -0.033371732 -0.079640090 220.539718628
-0.078756273 0.046135377 -0.995825648 113.723709106 0.035980240 0.998409331 0.043409511 -6.012262344 0.996244311 -0.032411281 -0.080290787 220.454132080
-0.079815902 0.039049011 -0.996044397 112.729949951 0.038357720 0.998612523 0.036075983 -5.982784748 0.996071279 -0.035326552 -0.081202835 220.375152588
-0.080290012 0.037802324 -0.996054471 111.723236084 0.037498280 0.998687744 0.034879599 -5.955124855 0.996065855 -0.034549844 -0.081602082 220.292663574
-0.078886628 0.042044353 -0.995996594 110.717048645 0.038893595 0.998479247 0.039068639 -5.932399750 0.996124625 -0.035655901 -0.080401927 220.198257446
-0.079175502 0.049254432 -0.995643079 109.716232300 0.038863059 0.998171806 0.046289057 -5.901964188 0.996102810 -0.035028785 -0.080944955 220.119171143
-0.078810215 0.051155925 -0.995576262 108.724075317 0.040410899 0.998025477 0.048082836 -5.874010086 0.996070266 -0.036442708 -0.080721885 220.039352417
-0.077395879 0.047890022 -0.995849609 107.739654541 0.039704610 0.998201311 0.044917330 -5.837783337 0.996209502 -0.036063410 -0.079158112 219.956802368
-0.076012045 0.042786773 -0.996188402 106.769607544 0.040116213 0.998401225 0.039820828 -5.814778328 0.996299624 -0.036936451 -0.077606909 219.877212524
-0.075092763 0.039083339 -0.996410370 105.801239014 0.042085044 0.998465478 0.035992283 -5.791779995 0.996288061 -0.039231218 -0.076622307 219.805664062
-0.074310914 0.030983415 -0.996753693 104.841308594 0.045178190 0.998595536 0.027672499 -5.770682335 0.996211171 -0.042975157 -0.075606309 219.733657837
-0.073222488 0.029931990 -0.996866345 103.865570068 0.046734717 0.998554409 0.026549885 -5.752588272 0.996219993 -0.044644222 -0.074515492 219.662185669
-0.071987480 0.035619866 -0.996769309 102.892730713 0.049725100 0.998247504 0.032081511 -5.731515408 0.996165276 -0.047254983 -0.073632479 219.593841553
-0.070701227 0.043262921 -0.996558905 101.924034119 0.053941239 0.997763038 0.039488312 -5.713996410 0.996038020 -0.050963748 -0.072876707 219.529495239
-0.069344014 0.043327108 -0.996651530 100.953666687 0.052748755 0.997818053 0.039707720 -5.691856384 0.996197224 -0.049818635 -0.071478218 219.460861206
-0.068718672 0.042002663 -0.996751308 99.989868164 0.052750055 0.997868717 0.038413011 -5.661401272 0.996240497 -0.049939007 -0.070787780 219.392227173
-0.068579257 0.040643867 -0.996817410 99.036071777 0.058029160 0.997640729 0.036685131 -5.638401031 0.995956600 -0.055328637 -0.070775993 219.329391479
-0.069094121 0.039178453 -0.996840477 98.076461792 0.060407795 0.997559249 0.035019651 -5.617742538 0.995779634 -0.057797294 -0.071292102 219.269088745
-0.070052288 0.037879512 -0.996823847 97.132072449 0.060793202 0.997583508 0.033636104 -5.597589493 0.995689332 -0.058243833 -0.072185799 219.200866699
-0.071321480 0.041650135 -0.996583343 96.183250427 0.064947218 0.997201443 0.037027963 -5.571929455 0.995336771 -0.062084440 -0.073826812 219.136428833
-0.072817177 0.047629908 -0.996207297 95.226387024 0.067463011 0.996806443 0.042727374 -5.545320511 0.995060980 -0.064095855 -0.075798035 219.070312500
-0.074976765 0.048557807 -0.996002257 94.295318604 0.066249661 0.996849597 0.043611985 -5.519419670 0.994982123 -0.062714942 -0.077957496 218.993988037
-0.077349335 0.047490574 -0.995872319 93.375144958 0.066581883 0.996881008 0.042367272 -5.496709347 0.994778335 -0.063029967 -0.080270022 218.917892456
-0.080830522 0.048618205 -0.995541394 92.454536438 0.065976679 0.996879995 0.043326769 -5.465343475 0.994541824 -0.062180381 -0.083786003 218.843017578
-0.083672494 0.052772097 -0.995094895 91.533370972 0.063054398 0.996876001 0.047564603 -5.441576958 0.994496346 -0.058765262 -0.086738758 218.756958008
-0.087073594 0.053697750 -0.994753540 90.627799988 0.060008753 0.997015655 0.048567098 -5.413832188 0.994392753 -0.055465020 -0.090036221 218.673416138
-0.089437425 0.051424954 -0.994663954 89.747962952 0.057968102 0.997242093 0.046345904 -5.386268139 0.994304121 -0.053513721 -0.092171848 218.574249268
-0.092759043 0.049015123 -0.994481325 88.872253418 0.058842927 0.997311711 0.043666121 -5.348661900 0.993948340 -0.054467771 -0.095393851 218.501693726
-0.094734587 0.047888327 -0.994350135 88.009857178 0.058556024 0.997380853 0.042455498 -5.325815201 0.993779004 -0.054203186 -0.097290643 218.412612915
-0.095875740 0.047538057 -0.994257510 87.168220520 0.056325085 0.997517586 0.042262532 -5.303248882 0.993798375 -0.051949695 -0.098315269 218.329254150
-0.096564621 0.046412375 -0.994243979 86.355880737 0.054583691 0.997655928 0.041270278 -5.283743858 0.993828893 -0.050284259 -0.098871589 218.245941162
-0.096931055 0.047372155 -0.994163096 85.546112061 0.054158986 0.997637689 0.042257216 -5.260030746 0.993816495 -0.049746823 -0.099267736 218.165771484
-0.096479915 0.049657188 -0.994095504 84.759918213 0.051427942 0.997669399 0.044844471 -5.241081715 0.994005263 -0.046797697 -0.098808885 218.085113525
-0.094503514 0.050619356 -0.994236767 83.997192383 0.048419479 0.997758210 0.046196304 -5.221206188 0.994346261 -0.043774709 -0.096742675 218.002929688
-0.092257142 0.051715158 -0.994391322 83.258270264 0.047559083 0.997739434 0.047476873 -5.205290794 0.994598746 -0.042912260 -0.094508052 217.936752319
-0.087759830 0.052872065 -0.994737506 82.538330078 0.048289727 0.997642159 0.048766136 -5.177593708 0.994970441 -0.043755893 -0.090106018 217.876144409
-0.081010371 0.054190427 -0.995238960 81.846557617 0.046843953 0.997624457 0.050507315 -5.158470631 0.995611787 -0.042529315 -0.083356380 217.813186646
-0.073906600 0.054237392 -0.995789170 81.166839600 0.045518547 0.997662842 0.050961096 -5.130599499 0.996225834 -0.041560519 -0.076202601 217.780044556
-0.063175701 0.053614113 -0.996561229 80.506072998 0.043724157 0.997745872 0.050906006 -5.110137939 0.997044206 -0.040357780 -0.065377466 217.738876343
-0.049035646 0.051038500 -0.997492135 79.866783142 0.043471903 0.997856259 0.048920099 -5.088748455 0.997850597 -0.040964056 -0.051149219 217.709381104
-0.032523368 0.047836367 -0.998325586 79.245208740 0.044558611 0.997930348 0.046365798 -5.063832760 0.998477221 -0.042976029 -0.034587536 217.703689575
-0.012175288 0.047093749 -0.998816192 78.652145386 0.046713006 0.997826457 0.046477668 -5.049933434 0.998834133 -0.046091832 -0.014348648 217.707031250
0.011415645 0.046359647 -0.998859584 78.063545227 0.046399262 0.997824192 0.046841871 -5.020525455 0.998857796 -0.046881080 0.009239815 217.707214355
0.036500037 0.047874376 -0.998186290 77.478309631 0.044694811 0.997774184 0.049488939 -5.017468452 0.998333693 -0.046420097 0.034279019 217.746307373
0.065004185 0.049250465 -0.996668935 76.887687683 0.041048735 0.997803867 0.051983822 -4.995212555 0.997040391 -0.044291161 0.062839806 217.791427612
0.095713004 0.049982682 -0.994153321 76.307777405 0.038202044 0.997818351 0.053844880 -4.978617668 0.994675696 -0.043132350 0.093594715 217.863815308
0.130224138 0.048052881 -0.990319431 75.727180481 0.037512593 0.997870982 0.053352091 -4.954244614 0.990774691 -0.044097185 0.128144264 217.952621460
0.168606982 0.044841394 -0.984662950 75.154495239 0.032553010 0.998166561 0.051030502 -4.934853554 0.985145688 -0.040657844 0.166838109 218.048507690
0.209924012 0.040875208 -0.976862907 74.578758240 0.024731385 0.998584092 0.047098771 -4.909399033 0.977404892 -0.034046341 0.208615780 218.152267456
0.252650023 0.037977912 -0.966812134 74.019462585 0.018137466 0.998867989 0.043976847 -4.885878086 0.967387736 -0.028646279 0.251675099 218.291793823
0.296909511 0.037214279 -0.954180241 73.493659973 0.010781460 0.999046087 0.042318936 -4.876372337 0.954844773 -0.022852356 0.296224952 218.470718384
0.342004746 0.037191879 -0.938961983 73.024261475 0.001775694 0.999189079 0.040224221 -4.867276669 0.939696670 -0.015424185 0.341661334 218.699584961
0.392641962 0.037099116 -0.918942928 72.506927490 -0.009948473 0.999298990 0.036092468 -4.845817566 0.919637561 -0.005029343 0.392735779 218.925613403
0.444720298 0.037630074 -0.894878745 72.007537842 -0.009878021 0.999262333 0.037110455 -4.828330994 0.895615041 -0.007664148 0.444763958 219.199645996
0.496659577 0.039798312 -0.867032588 71.520874023 -0.012366107 0.999171197 0.038780075 -4.813694000 0.867857277 -0.008538679 0.496740103 219.514892578
0.550243974 0.043703705 -0.833859444 71.045677185 -0.015484333 0.998991609 0.042140763 -4.791772842 0.834860325 -0.010275946 0.550365925 219.847869873
0.600598335 0.046067543 -0.798222721 70.601905823 -0.016159957 0.998834252 0.045486294 -4.790260315 0.799387693 -0.014419753 0.600642622 220.220230103
0.648588836 0.043324888 -0.759904861 70.227973938 -0.014918037 0.998910546 0.044218704 -4.773103237 0.760992706 -0.017343475 0.648528576 220.583984375
0.691832483 0.038600188 -0.721025527 69.843307495 -0.014643622 0.999114752 0.039437000 -4.761585236 0.721909583 -0.016725376 0.691785336 221.004684448
0.732381701 0.036965664 -0.679890096 69.466461182 -0.020839147 0.999274254 0.031882558 -4.756705284 0.680575192 -0.009181873 0.732620656 221.439086914
0.768831909 0.035501271 -0.638464570 69.124000549 -0.030053180 0.999360323 0.019378876 -4.738757133 0.638744116 0.004288791 0.769407272 221.893402100
0.802392602 0.028481962 -0.596116424 68.810981750 -0.028511988 0.999549389 0.009379569 -4.722989082 0.596114933 0.009470370 0.802843213 222.382873535
0.836227298 0.018974783 -0.548054576 68.474006653 -0.019995246 0.999791682 0.004105903 -4.707067966 0.548018217 0.007525015 0.836432517 222.889038086
0.865372002 0.013695976 -0.500942826 68.207389832 -0.013812691 0.999898553 0.003476393 -4.707070351 0.500939488 0.003910992 0.865473449 223.434722900
0.891101539 0.013570458 -0.453601032 67.958061218 -0.012591516 0.999907434 0.005178296 -4.710116386 0.453629076 0.001097136 0.891189873 223.996551514
0.913364768 0.013475555 -0.406919301 67.727317810 -0.012830871 0.999908388 0.004313042 -4.715780258 0.406940043 0.001281746 0.913453937 224.578979492
0.932398677 0.010904699 -0.361266673 67.523399353 -0.009721700 0.999939799 0.005091915 -4.720723629 0.361300319 -0.001235569 0.932448626 225.193176270
0.949062169 0.011027537 -0.314895838 67.309692383 -0.010236047 0.999938965 0.004167135 -4.720922947 0.314922601 -0.000731583 0.949117064 225.812576294
0.962713182 0.014685199 -0.270125240 67.144836426 -0.014530607 0.999891222 0.002572100 -4.725057125 0.270133525 0.001448888 0.962821841 226.450256348
0.973519921 0.013979232 -0.228174776 67.011871338 -0.014660258 0.999891758 -0.001289961 -4.735022068 0.228132024 0.004600901 0.973619342 227.103912354
0.981563330 0.003066945 -0.191112548 66.904891968 -0.005263420 0.999925733 -0.010986551 -4.740857601 0.191064715 0.011789897 0.981506705 227.765228271
0.987080038 -0.002860424 -0.160202533 66.814392090 -0.000267411 0.999809802 -0.019499289 -4.750001431 0.160227865 0.019290205 0.986891568 228.439300537
0.991141915 -0.004552544 -0.132729068 66.733695984 0.001612833 0.999751210 -0.022247264 -4.760990143 0.132797211 0.021836134 0.990902781 229.123352051
0.993894815 -0.003899120 -0.110262603 66.663131714 0.001988290 0.999846041 -0.017434457 -4.774277687 0.110313594 0.017108785 0.993749619 229.831253052
0.995796084 -0.003428698 -0.091532946 66.594993591 0.002791138 0.999970973 -0.007092461 -4.786746025 0.091554567 0.006807160 0.995776832 230.554779053
0.997101188 -0.001018709 -0.076080404 66.549758911 0.001235364 0.999995291 0.002800621 -4.797495842 0.076077193 -0.002886489 0.997097671 231.294067383
0.997945845 -0.004561190 -0.063900381 66.510749817 0.004986335 0.999966502 0.006495240 -4.801402092 0.063868575 -0.006800527 0.997935057 232.037460327
0.998358130 -0.013435989 -0.055682003 66.478195190 0.013798180 0.999885976 0.006125302 -4.806144714 0.055593245 -0.006883560 0.998429716 232.792495728
0.998537660 -0.019478533 -0.050429195 66.448547363 0.019633615 0.999803841 0.002581636 -4.808890820 0.050369017 -0.003567964 0.998724282 233.541046143
0.998630047 -0.022206131 -0.047380622 66.425315857 0.022167901 0.999753416 -0.001332204 -4.814279079 0.047398418 0.000280049 0.998875916 234.297119141
0.998638391 -0.024045192 -0.046295561 66.393600464 0.023866916 0.999705553 -0.004399889 -4.822710991 0.046387676 0.003288967 0.998918116 235.061248779
0.998622656 -0.025059141 -0.046094280 66.354431152 0.024929434 0.999683440 -0.003386983 -4.828690529 0.046164494 0.002233214 0.998931289 235.849029541
0.998651981 -0.026024489 -0.044910885 66.313186646 0.026049938 0.999660671 -0.000018808 -4.836855888 0.044896156 -0.001151146 0.998990953 236.647811890
0.998485208 -0.030806007 -0.045588017 66.293716431 0.030922085 0.999520063 0.001842996 -4.844807625 0.045509309 -0.003249891 0.998958647 237.432586670
0.998374104 -0.033101663 -0.046403360 66.253608704 0.032959387 0.999449313 -0.003828079 -4.857275009 0.046504464 0.002292422 0.998915434 238.224624634
0.998276889 -0.035743583 -0.046537206 66.216529846 0.035226934 0.999308765 -0.011875328 -4.865899563 0.046929445 0.010215504 0.998846054 239.027557373
0.997769356 -0.046520390 -0.047877669 66.191993713 0.045695726 0.998789966 -0.018177671 -4.874174118 0.048665334 0.015949324 0.998687923 239.842346191
0.997205377 -0.055535611 -0.049970806 66.182640076 0.054559670 0.998296082 -0.020687509 -4.901686192 0.051034473 0.017903307 0.998536468 240.650955200
0.996594667 -0.064499520 -0.051370397 66.148475647 0.063512154 0.997767746 -0.020628083 -4.925664902 0.052586213 0.017295197 0.998466671 241.488189697
0.996132195 -0.069524385 -0.053730696 66.110626221 0.068743162 0.997501969 -0.016255688 -4.936207771 0.054726608 0.012499196 0.998423159 242.352157593
0.996013045 -0.068777427 -0.056812432 66.064872742 0.068387643 0.997620106 -0.008779059 -4.955479145 0.057281025 0.004858787 0.998346269 243.207870483
0.996037364 -0.066119917 -0.059478790 66.017715454 0.066230349 0.997804344 -0.000114871 -4.975266457 0.059355825 -0.003824890 0.998229623 244.054733276
0.996341228 -0.059188601 -0.061651081 65.954162598 0.059545562 0.998217642 0.003967022 -4.979616165 0.061306406 -0.007623560 0.998089969 244.932067871
0.996642113 -0.052846882 -0.062544733 65.888748169 0.053445991 0.998539090 0.007943534 -4.984705925 0.062033586 -0.011259618 0.998010635 245.810394287
0.996924400 -0.045380227 -0.063894480 65.819099426 0.046039738 0.998900056 0.008886592 -4.991293907 0.063420951 -0.011800944 0.997917116 246.719207764
0.997016430 -0.043452423 -0.063797079 65.758621216 0.043725275 0.999039412 0.002885985 -4.992213249 0.063610435 -0.005666915 0.997958541 247.593963623
0.997053325 -0.041941501 -0.064230941 65.697677612 0.041586202 0.999111354 -0.006859334 -4.996955872 0.064461544 0.004167998 0.997911453 248.493637085
0.997112334 -0.040302295 -0.064361855 65.635307312 0.039572924 0.999137700 -0.012567986 -5.007727623 0.064812899 0.009984700 0.997847438 249.415481567
0.997179389 -0.039396949 -0.063885480 65.583503723 0.038694702 0.999176741 -0.012193122 -5.024128437 0.064313240 0.009686701 0.997882724 250.322784424
0.997374475 -0.035337850 -0.063208506 65.519790649 0.035001013 0.999366641 -0.006428446 -5.039117336 0.063395649 0.004199207 0.997979641 251.265594482
0.997649789 -0.030074181 -0.061566964 65.451644897 0.030008599 0.999547780 -0.001989521 -5.055073738 0.061599016 0.000137312 0.998100936 252.216796875
0.997831464 -0.026916638 -0.060064435 65.385704041 0.027167859 0.999625206 0.003369492 -5.062371731 0.059951305 -0.004994012 0.998188853 253.186996460
0.997968972 -0.024403539 -0.058840059 65.326576233 0.024907403 0.999659002 0.007845020 -5.061803818 0.058628570 -0.009294643 0.998236537 254.158462524
0.998121202 -0.021747304 -0.057279725 65.262634277 0.022270452 0.999715745 0.008510655 -5.066106796 0.057078421 -0.009770313 0.998321891 255.146697998
0.998151720 -0.022270219 -0.056543738 65.206253052 0.022400826 0.999747634 0.001676864 -5.077300072 0.056492150 -0.002940390 0.998398721 256.130157471
0.998142004 -0.023029586 -0.056412041 65.146575928 0.022540241 0.999702692 -0.009295644 -5.081252098 0.056609392 0.008006822 0.998364270 257.127105713
0.998005807 -0.026116388 -0.057466548 65.093429565 0.025491156 0.999607921 -0.011586329 -5.090324879 0.057746623 0.010098333 0.998280108 258.130767822
0.997931063 -0.024411518 -0.059478849 65.031608582 0.024352310 0.999701977 -0.001720098 -5.103950024 0.059503078 0.000268098 0.998228073 259.164855957
0.997875512 -0.024183113 -0.060494334 64.964309692 0.024733871 0.999659061 0.008372008 -5.116209984 0.060271200 -0.009850480 0.998133421 260.205810547
0.997823119 -0.023419438 -0.061646640 64.896118164 0.024049042 0.999665856 0.009490904 -5.118227959 0.061403837 -0.010952790 0.998052895 261.252838135
0.997751772 -0.024101384 -0.062533207 64.827682495 0.024394410 0.999694705 0.003926595 -5.118916512 0.062419523 -0.005443227 0.998035192 262.284515381
0.997630656 -0.026936295 -0.063303225 64.761047363 0.026906323 0.999637127 -0.001326194 -5.122484207 0.063316010 -0.000380212 0.997993469 263.333496094
0.997574449 -0.025026351 -0.064954244 64.699119568 0.024885289 0.999685884 -0.002980040 -5.132786751 0.065008432 0.001356404 0.997883737 264.371551514
0.997539878 -0.024976838 -0.065501653 64.621665955 0.024969602 0.999687850 -0.000929189 -5.147949219 0.065504447 -0.000708644 0.997852027 265.435821533
0.997489393 -0.024637355 -0.066393644 64.555686951 0.024777487 0.999692202 0.001287892 -5.157382965 0.066341445 -0.002929726 0.997792602 266.499847412
0.997529984 -0.020951474 -0.067044944 64.484024048 0.021247406 0.999767363 0.003703785 -5.168748856 0.066951841 -0.005119178 0.997743130 267.545074463
0.997506559 -0.019988097 -0.067684598 64.407081604 0.020523867 0.999763250 0.007229438 -5.179291725 0.067524120 -0.008600567 0.997680604 268.616149902
0.997488976 -0.019641506 -0.068043560 64.333572388 0.020337677 0.999747455 0.009553669 -5.184591770 0.067838818 -0.010913534 0.997636676 269.669921875
0.997494638 -0.020375170 -0.067744233 64.253326416 0.021022702 0.999739647 0.008859374 -5.190837860 0.067545973 -0.010261343 0.997663558 270.743438721
0.997413814 -0.023960104 -0.067762077 64.182250977 0.024288725 0.999696851 0.004029834 -5.194909573 0.067644916 -0.005665269 0.997693479 271.811004639
0.997378290 -0.024045959 -0.068252377 64.108482361 0.024026249 0.999710619 -0.001109753 -5.199234962 0.068259254 -0.000533002 0.997667491 272.860961914
0.997306049 -0.023871703 -0.069359869 64.037582397 0.023904251 0.999714077 -0.000360883 -5.224311352 0.069348603 -0.001298085 0.997591615 273.917297363
0.997139037 -0.026567418 -0.070766531 63.967872620 0.026500102 0.999646962 -0.001890026 -5.242083549 0.070791788 0.000009303 0.997491121 274.972778320
0.997093916 -0.025864676 -0.071656622 63.884212494 0.025457682 0.999654055 -0.006587361 -5.261112213 0.071802273 0.004744004 0.997407556 276.004394531
0.997012973 -0.025686435 -0.072837800 63.801261902 0.025200333 0.999653578 -0.007585071 -5.275158882 0.073007420 0.005726884 0.997314930 277.069946289
0.996974230 -0.024095219 -0.073904634 63.732009888 0.024145098 0.999708533 -0.000218624 -5.286563396 0.073888421 -0.001566479 0.997265279 278.103088379
0.996958315 -0.023463007 -0.074321844 63.648918152 0.024177667 0.999669611 0.008730494 -5.299602509 0.074092463 -0.010500875 0.997196078 279.157684326
0.997007072 -0.022092827 -0.074086607 63.562103271 0.022811020 0.999700546 0.008861599 -5.303590775 0.073868692 -0.010525073 0.997212410 280.204345703
0.997083962 -0.020585056 -0.073483825 63.493602753 0.020823989 0.999780059 0.002486718 -5.312605858 0.073416412 -0.004009703 0.997293353 281.234313965
0.997212827 -0.017731529 -0.072471708 63.411231995 0.017683413 0.999842763 -0.001305586 -5.320950031 0.072483450 0.000020392 0.997369647 282.275238037
0.997370720 -0.015409037 -0.070811093 63.324607849 0.015266154 0.999880254 -0.002558637 -5.337762356 0.070842117 0.001470886 0.997486472 283.310882568
0.997481227 -0.013239018 -0.069685228 63.247016907 0.013309729 0.999911368 0.000550507 -5.354507923 0.069671810 -0.001476612 0.997568846 284.350219727
0.997559309 -0.011127655 -0.068931960 63.169166565 0.011282780 0.999934733 0.001861347 -5.362986565 0.068906784 -0.002634552 0.997619569 285.409240723
0.997635603 -0.007284632 -0.068338424 63.095123291 0.007616859 0.999960363 0.004602173 -5.374065399 0.068302184 -0.005111817 0.997651577 286.432281494
0.997665405 -0.007053334 -0.067926869 63.017078400 0.007210501 0.999971807 0.002068821 -5.387232780 0.067910381 -0.002553776 0.997688115 287.460113525
0.997674227 -0.006007164 -0.067897446 62.943466187 0.005924255 0.999981344 -0.001422432 -5.398942947 0.067904726 0.001016883 0.997691333 288.489257812
0.997649670 -0.004853582 -0.068349510 62.872257233 0.004566811 0.999980032 -0.004351133 -5.405897141 0.068369329 0.004028768 0.997651935 289.522033691
0.997677982 -0.002968819 -0.068044066 62.790481567 0.002875590 0.999994695 -0.001467980 -5.420399189 0.068048112 0.001268903 0.997681260 290.545288086
0.997725010 -0.001455911 -0.067398973 62.709304810 0.001573687 0.999997258 0.001694514 -5.432891846 0.067396283 -0.001796721 0.997724652 291.573059082
0.997755945 0.000273845 -0.066955663 62.637672424 0.000154653 0.999979377 0.006394467 -5.444690704 0.066955999 -0.006390472 0.997735381 292.583679199
0.997724116 0.002285354 -0.067390114 62.563461304 -0.001866631 0.999978483 0.006275622 -5.460933685 0.067403078 -0.006135553 0.997706890 293.624847412
0.997679532 -0.001861035 -0.068059064 62.496078491 0.002241349 0.999982357 0.005512033 -5.464188576 0.068047605 -0.005651790 0.997666001 294.649993896
0.997547030 -0.008271240 -0.069509745 62.425888062 0.008527760 0.999957740 0.003394444 -5.479091167 0.069478735 -0.003978881 0.997575402 295.671630859
0.997410595 -0.008125804 -0.071457028 62.361145020 0.008314196 0.999962687 0.002339279 -5.483097076 0.071435273 -0.002927331 0.997440934 296.665954590
0.997208714 -0.005396153 -0.074469924 62.281845093 0.005329330 0.999985099 -0.001096079 -5.497470379 0.074474670 0.000696145 0.997222602 297.672607422
0.997041345 -0.008987635 -0.076340713 62.204727173 0.009085185 0.999958336 0.000930504 -5.497922897 0.076329097 -0.001621319 0.997081339 298.695983887
0.996831894 -0.004955832 -0.079383343 62.123329163 0.005804503 0.999928355 0.010463643 -5.513648987 0.079325765 -0.010891274 0.996789217 299.686523438
0.996590137 -0.000449756 -0.082510449 62.030811310 0.001882343 0.999848783 0.017285507 -5.518118858 0.082490206 -0.017381880 0.996440232 300.695587158
0.996377766 0.000463254 -0.085036516 61.937164307 0.001023498 0.999847293 0.017439226 -5.518746853 0.085031621 -0.017463092 0.996225119 301.692047119
0.996067762 -0.002363477 -0.088562667 61.860984802 0.003531538 0.999908805 0.013034728 -5.518787384 0.088523775 -0.013296235 0.995985270 302.669525146
0.995748937 -0.007662117 -0.091789924 61.776306152 0.008095205 0.999957800 0.004346795 -5.522311687 0.091752693 -0.005071377 0.995768905 303.662597656
0.995433033 -0.010407503 -0.094892792 61.679252625 0.010212855 0.999944627 -0.002536755 -5.528927803 0.094913945 0.001556038 0.995484173 304.650115967
0.995039582 -0.013728017 -0.098527908 61.585487366 0.013664447 0.999905765 -0.001319995 -5.545344830 0.098536760 -0.000032892 0.995133340 305.636108398
0.994557083 -0.014477348 -0.103181615 61.481914520 0.014693848 0.999891102 0.001338440 -5.559176922 0.103151023 -0.002847299 0.994661450 306.629821777
0.993987083 -0.013754273 -0.108629972 61.369918823 0.013494590 0.999904037 -0.003125360 -5.573369980 0.108662523 0.001640650 0.994077265 307.610168457
0.993471920 -0.015321465 -0.113043010 61.253669739 0.014506516 0.999862552 -0.008028241 -5.589293957 0.113150589 0.006335960 0.993557692 308.590698242
0.992969453 -0.011604184 -0.117800951 61.126243591 0.010790063 0.999913335 -0.007546433 -5.599385262 0.117878392 0.006222294 0.993008554 309.573120117
