1.000000000 -0.000000002 0.000000000 -0.000000477 -0.000000002 1.000000000 0.000000000 0.000000000 0.000000000 0.000000000 1.000000000 0.000000000
0.999996245 -0.002399274 -0.001329377 -0.005748421 0.002403170 0.999992728 0.002936341 -0.016629718 0.001322320 -0.002939524 0.999994814 1.523226500
0.999991715 -0.002930845 -0.002837865 -0.009337701 0.002941799 0.999988079 0.003863160 -0.036182534 0.002826506 -0.003871477 0.999988556 3.045176029
0.999989450 -0.001878419 -0.004190281 -0.026082043 0.001893062 0.999992073 0.003493211 -0.048693568 0.004183687 -0.003501107 0.999985158 4.560353756
0.999983668 -0.001097298 -0.005608697 -0.042803828 0.001116939 0.999993265 0.003500096 -0.067308031 0.005604820 -0.003506303 0.999978125 6.059671879
0.999973893 -0.001511303 -0.007080061 -0.057788216 0.001536695 0.999992371 0.003582481 -0.077703595 0.007074593 -0.003593267 0.999968588 7.561249256
0.999960721 -0.001691193 -0.008691565 -0.080568165 0.001727398 0.999989748 0.004159820 -0.097637974 0.008684436 -0.004174672 0.999953568 9.069424629
0.999940574 -0.003462597 -0.010336258 -0.104016364 0.003496543 0.999988496 0.003268042 -0.110783219 0.010324821 -0.003303989 0.999941230 10.565497398
0.999921203 -0.004679844 -0.011652969 -0.121580929 0.004721036 0.999982595 0.003509946 -0.124215066 0.011636343 -0.003564684 0.999925911 12.054389954
0.999906480 -0.004266237 -0.012992949 -0.143772706 0.004310798 0.999984920 0.003403695 -0.138955176 0.012978238 -0.003459387 0.999909759 13.540390968
0.999893963 -0.004027983 -0.013992909 -0.177386045 0.004075599 0.999985933 0.003376045 -0.153537005 0.013979121 -0.003432717 0.999896467 15.023777962
0.999885440 -0.002592124 -0.014914020 -0.195774257 0.002653105 0.999988198 0.004070538 -0.171193182 0.014903292 -0.004109640 0.999880433 16.496452332
0.999877155 -0.001631839 -0.015590598 -0.226673916 0.001704899 0.999987662 0.004674005 -0.183123857 0.015582778 -0.004700013 0.999867439 17.972106934
0.999869585 -0.000256215 -0.016147241 -0.254999369 0.000349109 0.999983490 0.005750461 -0.199782938 0.016145501 -0.005755349 0.999853015 19.460138321
0.999864757 -0.000324449 -0.016441518 -0.287670583 0.000416334 0.999984384 0.005585456 -0.207576349 0.016439449 -0.005591547 0.999849200 20.927055359
0.999852419 0.000851738 -0.017157594 -0.319191992 -0.000757987 0.999984801 0.005469840 -0.216381699 0.017161993 -0.005456029 0.999837756 22.384943008
0.999851882 0.000919541 -0.017190173 -0.347066462 -0.000813145 0.999980450 0.006195422 -0.231804326 0.017195536 -0.006180524 0.999833167 23.848800659
0.999852955 0.002014303 -0.017028701 -0.380986512 -0.001888445 0.999970734 0.007403843 -0.242485940 0.017043108 -0.007370597 0.999827623 25.286209106
0.999851704 0.002230728 -0.017075995 -0.407991320 -0.002126298 0.999978900 0.006131387 -0.254428923 0.017089305 -0.006094168 0.999835372 26.724473953
0.999850571 0.002581422 -0.017095186 -0.441897690 -0.002512006 0.999988496 0.004080831 -0.263444573 0.017105514 -0.004037279 0.999845505 28.154500961
0.999860585 0.000958629 -0.016672535 -0.470420390 -0.000894855 0.999992311 0.003832122 -0.277915418 0.016676076 -0.003816667 0.999853671 29.584577560
0.999864817 0.000357556 -0.016435636 -0.500924408 -0.000249689 0.999978483 0.006564597 -0.293867350 0.016437626 -0.006559607 0.999843419 30.993013382
0.999867618 -0.001524029 -0.016198134 -0.529909849 0.001650125 0.999968410 0.007774078 -0.306080550 0.016185775 -0.007799778 0.999838591 32.410469055
0.999869347 -0.001781299 -0.016065523 -0.560699642 0.001894369 0.999973536 0.007025620 -0.314353466 0.016052581 -0.007055136 0.999846280 33.812454224
0.999878585 -0.002081927 -0.015442154 -0.586771727 0.002160818 0.999984622 0.005093884 -0.326453865 0.015431307 -0.005126634 0.999867737 35.201229095
0.999888122 -0.000755766 -0.014936882 -0.616463125 0.000820062 0.999990344 0.004298853 -0.340154231 0.014933486 -0.004310621 0.999879181 36.555000305
0.999897301 -0.000489840 -0.014319435 -0.635294795 0.000541635 0.999993443 0.003613598 -0.360105693 0.014317572 -0.003620984 0.999890924 37.908596039
0.999914944 0.000060208 -0.013038270 -0.661473095 0.000003538 0.999988139 0.004889311 -0.378925025 0.013038412 -0.004888941 0.999903023 39.242675781
0.999932408 0.000377644 -0.011625012 -0.684468150 -0.000299578 0.999977350 0.006716250 -0.392191917 0.011627287 -0.006712312 0.999909818 40.565814972
0.999949932 -0.000114946 -0.010017114 -0.703973353 0.000192728 0.999969840 0.007764218 -0.406923056 0.010015922 -0.007765760 0.999919713 41.855323792
0.999969721 0.000259779 -0.007776197 -0.711659908 -0.000193633 0.999963820 0.008505845 -0.421436965 0.007778127 -0.008504082 0.999933541 43.151084900
0.999990463 0.000033837 -0.004366038 -0.728038251 0.000001028 0.999968171 0.007985527 -0.433886290 0.004366171 -0.007985455 0.999958515 44.419525146
0.999999404 -0.000871963 -0.000694983 -0.735141218 0.000876223 0.999980688 0.006156709 -0.446929783 0.000689601 -0.006157314 0.999980807 45.672328949
0.999994993 -0.000912149 0.003039745 -0.742459893 0.000898781 0.999989867 0.004395526 -0.460936368 -0.003043723 -0.004392772 0.999985695 46.896980286
0.999976456 -0.000487871 0.006840523 -0.731211305 0.000452719 0.999986708 0.005139369 -0.478854686 -0.006842937 -0.005136150 0.999963403 48.114784241
0.999926448 -0.000048714 0.012130139 -0.728711188 -0.000011680 0.999987602 0.004978762 -0.492771089 -0.012130231 -0.004978537 0.999914050 49.318714142
0.999823868 0.001399849 0.018710384 -0.716691852 -0.001474443 0.999991000 0.003973557 -0.506375074 -0.018704649 -0.004000443 0.999817014 50.537879944
0.999661684 0.002522013 0.025884653 -0.683180094 -0.002627129 0.999988496 0.004027660 -0.519237459 -0.025874196 -0.004094300 0.999656737 51.727752686
0.999410629 0.003558319 0.034140620 -0.648811340 -0.003723496 0.999981642 0.004775707 -0.528832257 -0.034122996 -0.004900015 0.999405622 52.910419464
0.998992980 0.005560450 0.044522706 -0.605161190 -0.005824551 0.999966204 0.005804310 -0.550867200 -0.044488922 -0.006057790 0.998991489 54.065052032
0.998308778 0.007768619 0.057613999 -0.554809093 -0.008108424 0.999951005 0.005666523 -0.563060284 -0.057567153 -0.006124098 0.998322785 55.214122772
0.997330308 0.009959397 0.072340660 -0.482282162 -0.010440029 0.999925733 0.006268941 -0.576409221 -0.072272867 -0.007007442 0.997360229 56.348392487
0.996015668 0.012140047 0.088349693 -0.392935753 -0.012857681 0.999888718 0.007558100 -0.585971713 -0.088248111 -0.008663959 0.996060789 57.471652985
0.994274378 0.012470890 0.106126666 -0.279305458 -0.013426534 0.999875307 0.008294968 -0.594269156 -0.106009997 -0.009672389 0.994317949 58.585956573
0.992087603 0.011813289 0.124990508 -0.147793770 -0.012853025 0.999889135 0.007515303 -0.605734527 -0.124887876 -0.009062347 0.992129385 59.670192719
0.989353895 0.011180567 0.145099297 0.006777763 -0.012244479 0.999904275 0.006441294 -0.611729980 -0.145013407 -0.008149385 0.989396095 60.753265381
0.986095607 0.008421203 0.165965810 0.182801247 -0.009586434 0.999934733 0.006221082 -0.621132135 -0.165902585 -0.007725600 0.986111879 61.812023163
0.982253253 0.003288740 0.187530369 0.387388229 -0.004942472 0.999952912 0.008351566 -0.629146755 -0.187494040 -0.009130217 0.982223272 62.856781006
0.977575362 -0.001934563 0.210577130 0.610090256 -0.000162972 0.999950588 0.009943070 -0.638941944 -0.210585922 -0.009754417 0.977526665 63.886230469
0.972129405 -0.007374332 0.234329343 0.865262985 0.005307520 0.999941170 0.009449535 -0.649907529 -0.234385252 -0.007942463 0.972111344 64.901214600
0.965604424 -0.013618891 0.259658903 1.137248993 0.012030329 0.999897897 0.007706127 -0.656661332 -0.259737343 -0.004317288 0.965669632 65.906509399
0.958163202 -0.016938804 0.285720825 1.436426163 0.015151577 0.999849439 0.008464796 -0.664968133 -0.285821140 -0.003781535 0.958275616 66.883422852
0.949667692 -0.019708481 0.312638730 1.752840042 0.017134646 0.999792993 0.010978097 -0.675552845 -0.312790394 -0.005068590 0.949808657 67.831108093
0.939958692 -0.023948913 0.340446919 2.093126297 0.020479899 0.999695301 0.013779995 -0.679009497 -0.340673178 -0.005980307 0.940162778 68.774314880
0.929180562 -0.026986400 0.368639618 2.467802048 0.023673119 0.999628425 0.013508513 -0.684576511 -0.368867248 -0.003824998 0.929474294 69.689590454
0.917073429 -0.026249398 0.397853523 2.857179642 0.024406105 0.999655128 0.009697427 -0.688545644 -0.397970706 0.000816803 0.917397738 70.585876465
0.904084563 -0.027706338 0.426454753 3.281560898 0.028586280 0.999581933 0.004338894 -0.691227913 -0.426396668 0.008268027 0.904498458 71.460639954
0.889992833 -0.029209085 0.455038160 3.724546432 0.031702090 0.999494910 0.002153024 -0.701451421 -0.454871237 0.012509482 0.890469253 72.307731628
0.874347329 -0.029939003 0.484376431 4.191778183 0.031283803 0.999496400 0.005307896 -0.706921101 -0.484291375 0.010512190 0.874843538 73.145439148
0.856600463 -0.028837282 0.515173912 4.690097809 0.026996145 0.999574244 0.011064412 -0.712979198 -0.515273631 0.004429925 0.857014239 73.987518311
0.836921334 -0.028876644 0.546561003 5.213731766 0.024823265 0.999582231 0.014800662 -0.717245221 -0.546760023 0.001180436 0.837288558 74.798500061
0.815894127 -0.022817016 0.577751040 5.742954254 0.021073684 0.999730647 0.009722139 -0.717045009 -0.577817261 0.004243108 0.816155136 75.562004089
0.793999672 -0.015906008 0.607710123 6.307006836 0.018115414 0.999832809 0.002500720 -0.717612505 -0.607648194 0.009023350 0.794155061 76.299903870
0.771376610 -0.013562284 0.636234581 6.899364471 0.017183267 0.999852300 0.000480192 -0.725383759 -0.636147141 0.010562179 0.771495521 77.030235291
0.748194218 -0.016300198 0.663279474 7.525867462 0.018619154 0.999820232 0.003567913 -0.730742574 -0.663218379 0.009680209 0.748363197 77.732406616
0.723774254 -0.016982652 0.689827800 8.161388397 0.019088518 0.999807239 0.004586071 -0.745289326 -0.689772606 0.009848510 0.723958969 78.395584106
0.698529124 -0.014683701 0.715431035 8.817096710 0.019511066 0.999808550 0.001470224 -0.753028274 -0.715315580 0.012931830 0.698681831 79.033905029
0.672636092 -0.012547865 0.739867032 9.494010925 0.019566625 0.999808192 -0.000832258 -0.761404395 -0.739714682 0.015036506 0.672752559 79.631263733
0.645417452 -0.009824987 0.763766885 10.192199707 0.017579621 0.999843478 -0.001993740 -0.767623782 -0.763627529 0.014713527 0.645489275 80.232749939
0.617429793 -0.008471771 0.786580384 10.907478333 0.017496202 0.999842465 -0.002965041 -0.783626795 -0.786431313 0.015592873 0.617480755 80.792160034
0.588503718 -0.002117579 0.808491707 11.645233154 0.016245138 0.999825597 -0.009206167 -0.798742414 -0.808331311 0.018551920 0.588435471 81.346076965
0.558428586 0.007378896 0.829519689 12.404159546 0.014865490 0.999710798 -0.018900191 -0.812954903 -0.829419315 0.022885628 0.558157623 81.859848022
0.527337193 0.015848720 0.849508286 13.171241760 0.013656470 0.999538720 -0.027125077 -0.836275280 -0.849546313 0.025905348 0.526877701 82.348175049
0.495732814 0.020720195 0.868227780 13.990345001 0.011030732 0.999484479 -0.030150851 -0.864361346 -0.868405044 0.024523951 0.495248646 82.820014954
0.462892413 0.020014187 0.886188447 14.821260452 0.009442143 0.999577045 -0.027507037 -0.895295978 -0.886364222 0.021100312 0.462507606 83.258056641
0.430035710 0.019029485 0.902611256 15.671873093 0.004735679 0.999716461 -0.023332965 -0.924683809 -0.902799487 0.014308489 0.429823726 83.671585083
0.395768940 0.019961819 0.918133199 16.527097702 0.000297417 0.999760807 -0.021864751 -0.960453868 -0.918350101 0.008926459 0.395668447 84.046203613
0.360450298 0.023065127 0.932493210 17.408126831 -0.006585421 0.999732196 -0.022182720 -0.988652706 -0.932755113 0.001854911 0.360505730 84.410362244
0.325486004 0.025113700 0.945213258 18.309402466 -0.011407956 0.999678791 -0.022632465 -1.013003826 -0.945477962 -0.003416400 0.325667977 84.708015442
0.288573325 0.024162114 0.957152903 19.220600128 -0.014233034 0.999679327 -0.020944508 -1.048043728 -0.957352042 -0.007579164 0.288824737 85.012298584
0.252162635 0.024038628 0.967386186 20.174114227 -0.014658116 0.999671578 -0.021020047 -1.070153117 -0.967573822 -0.008879588 0.252432197 85.276550293
0.216419697 0.023576528 0.976015627 21.122278214 -0.014061349 0.999679983 -0.021030223 -1.095620632 -0.976199210 -0.009172743 0.216681927 85.481552124
0.181228936 0.022308346 0.983187854 22.084640503 -0.011834010 0.999719799 -0.020502113 -1.120110035 -0.983369827 -0.007919481 0.181442142 85.652755737
0.146623164 0.021267407 0.988963664 23.053670883 -0.003358342 0.999773920 -0.021001972 -1.153855324 -0.989186704 -0.000241902 0.146661416 85.793510437
0.113030523 0.024577456 0.993287385 24.022037506 -0.001437741 0.999697089 -0.024572447 -1.185772419 -0.993590474 0.001349347 0.113031611 85.897270203
0.079399936 0.029159196 0.996416211 24.994134903 -0.000565684 0.999573231 -0.029206507 -1.223334312 -0.996842682 0.001755338 0.079382554 85.992736816
0.050405510 0.033494141 0.998167038 26.019617081 0.006220231 0.999407709 -0.033849884 -1.253556490 -0.998709440 0.007915052 0.050167307 86.043487549
0.024940398 0.031865530 0.999180973 27.003793716 0.008352932 0.999450386 -0.032082628 -1.286341786 -0.999653995 0.009146245 0.024660526 86.060997009
0.002555162 0.028553847 0.999588966 27.991191864 0.009623071 0.999545395 -0.028577194 -1.325303555 -0.999950469 0.009692134 0.002279218 86.061096191
-0.016246149 0.026415119 0.999519050 29.048311234 0.009538741 0.999609530 -0.026262464 -1.363299847 -0.999822438 0.009107492 -0.016491774 86.046974182
-0.032590576 0.029401906 0.999036193 30.043603897 0.011656382 0.999510348 -0.029035602 -1.401252270 -0.999400735 0.010698861 -0.032917339 86.009101868
-0.047571309 0.033542659 0.998304546 31.036384583 0.014112580 0.999358833 -0.032905586 -1.438454270 -0.998768151 0.012523292 -0.048014175 85.963775635
-0.059274353 0.039182816 0.997472405 32.043819427 0.018310081 0.999104023 -0.038158830 -1.474808931 -0.998073876 0.016001966 -0.059938662 85.893730164
-0.068230644 0.042722411 0.996754408 33.038265228 0.023467422 0.998875082 -0.041206893 -1.519299626 -0.997393489 0.020579686 -0.069156453 85.820579529
-0.074041389 0.048106294 0.996094108 34.036445618 0.027627975 0.998551428 -0.046171330 -1.568282843 -0.996872306 0.024101477 -0.075263195 85.739135742
-0.077561833 0.052709311 0.995593190 35.038703918 0.029590962 0.998283267 -0.050546441 -1.622644305 -0.996548235 0.025540086 -0.078988388 85.657608032
-0.080604829 0.056809247 0.995125890 36.045017242 0.030994156 0.998034656 -0.054464769 -1.681037068 -0.996264160 0.026452970 -0.082207158 85.574226379
-0.082960278 0.059612077 0.994768322 37.043918610 0.031604294 0.997864604 -0.057161923 -1.744697690 -0.996051610 0.026696779 -0.084667124 85.487609863
-0.085221119 0.063379019 0.994344175 38.072235107 0.033009559 0.997606456 -0.060757849 -1.805018306 -0.995815039 0.027645018 -0.087109260 85.390846252
-0.087199092 0.067529067 0.993899465 39.081985474 0.034042116 0.997318983 -0.064774752 -1.869258642 -0.995609105 0.028186141 -0.089264147 85.296127319
-0.089020453 0.068660393 0.993660510 40.091533661 0.037130527 0.997156620 -0.065575503 -1.943096161 -0.995337427 0.031057589 -0.091316707 85.197952271
-0.091395497 0.067105010 0.993551075 41.106456757 0.037328694 0.997256517 -0.063921459 -2.017817259 -0.995114684 0.031245841 -0.093649693 85.107276917
-0.093562238 0.067140736 0.993346989 42.128601074 0.036596816 0.997281194 -0.063959651 -2.086988688 -0.994940519 0.030369129 -0.095765002 85.013092041
-0.096089825 0.068353131 0.993023038 43.151367188 0.036359850 0.997214556 -0.065123305 -2.158094645 -0.994708240 0.029848475 -0.098307483 84.919288635
-0.098310053 0.070631146 0.992646098 44.171817780 0.035951003 0.997079074 -0.067386024 -2.235445261 -0.994506240 0.029061899 -0.100562148 84.813751221
-0.101008438 0.072796941 0.992218673 45.203216553 0.034252137 0.996982634 -0.069659568 -2.314912796 -0.994295716 0.026949402 -0.103197098 84.711059570
-0.103508502 0.075948015 0.991724730 46.233276367 0.031749964 0.996824622 -0.073024765 -2.396692276 -0.994121671 0.023928540 -0.105591163 84.607955933
-0.105757490 0.080447830 0.991132498 47.272453308 0.027911365 0.996569574 -0.077910915 -2.472153187 -0.994000196 0.019424200 -0.107640095 84.504066467
-0.108457498 0.082853869 0.990642309 48.323589325 0.025608951 0.996422946 -0.080533624 -2.558888674 -0.993771136 0.016634833 -0.110191315 84.396537781
-0.111099221 0.081401415 0.990469933 49.392120361 0.023832625 0.996571481 -0.079229616 -2.643636465 -0.993523538 0.014803153 -0.112658314 84.264892578
-0.113880642 0.077315174 0.990481436 50.448936462 0.020586468 0.996936917 -0.075452141 -2.727377653 -0.993281126 0.011797977 -0.115123458 84.147392273
-0.116378665 0.075365447 0.990341365 51.501255035 0.021443404 0.997075200 -0.073357984 -2.819433212 -0.992973387 0.012698985 -0.117654331 84.027694702
-0.118244439 0.075879298 0.990081131 52.552433014 0.021049095 0.997043610 -0.073899038 -2.905353069 -0.992761374 0.012102162 -0.119492039 83.906616211
-0.119942434 0.078825340 0.989646554 53.610122681 0.021365909 0.996816933 -0.076806977 -2.985966206 -0.992550910 0.011932283 -0.121244833 83.788551331
-0.120541900 0.081528194 0.989354789 54.675338745 0.022194404 0.996594071 -0.079420626 -3.072113514 -0.992460132 0.012384626 -0.121940799 83.655990601
-0.120598562 0.082356274 0.989279270 55.748096466 0.021165237 0.996539414 -0.080380514 -3.162768364 -0.992475688 0.011244552 -0.121924326 83.519546509
-0.120686427 0.080951259 0.989384472 56.806594849 0.018606534 0.996678770 -0.079278417 -3.254392624 -0.992516160 0.008841189 -0.121791825 83.398910522
-0.120809793 0.080434352 0.989411592 57.877769470 0.014469943 0.996748507 -0.079264000 -3.344291687 -0.992570162 0.004740861 -0.121580869 83.278533936
-0.120767318 0.081700921 0.989312947 58.933807373 0.010520038 0.996656835 -0.081023164 -3.433550358 -0.992625058 0.000622657 -0.121223062 83.153396606
-0.121016443 0.082093492 0.989250004 60.006118774 0.006265381 0.996617794 -0.081938453 -3.522921085 -0.992630601 -0.003717869 -0.121121481 83.032142639
-0.120879896 0.080947600 0.989361167 61.093009949 0.003025475 0.996695042 -0.081177987 -3.624408007 -0.992662489 -0.006819498 -0.120725282 82.897270203
-0.121473327 0.075951844 0.989684641 62.178741455 0.003515057 0.997094870 -0.076089084 -3.714148998 -0.992588401 -0.005763998 -0.121387400 82.776634216
-0.122193247 0.067237988 0.990226209 63.271984100 0.006537676 0.997735500 -0.066941127 -3.800730705 -0.992484748 -0.001705977 -0.122356124 82.652091980
-0.121581778 0.061799899 0.990655720 64.371398926 0.012846399 0.998074293 -0.060686078 -3.885710716 -0.992498219 0.005348037 -0.122141548 82.507209778
-0.120644599 0.064411148 0.990603983 65.476013184 0.021229874 0.997831941 -0.062295578 -3.957697630 -0.992468715 0.013514770 -0.121750481 82.356117249
-0.119495213 0.070247136 0.990346551 66.561645508 0.026817545 0.997358143 -0.067508698 -4.029499054 -0.992472529 0.018491697 -0.121063367 82.221817017
-0.118213348 0.075732276 0.990096152 67.663475037 0.030505110 0.996893823 -0.072610043 -4.113310337 -0.992519557 0.021619512 -0.120156378 82.080162048
-0.118282638 0.079925507 0.989758074 68.754463196 0.030929167 0.996568263 -0.076779202 -4.201006413 -0.992498040 0.021530742 -0.120348752 81.959892273
-0.118010461 0.077221759 0.990005195 69.872238159 0.027468272 0.996844113 -0.074480928 -4.284875870 -0.992632329 0.018404201 -0.119759180 81.834396362
-0.117579482 0.072721586 0.990397274 70.971588135 0.027274961 0.997175336 -0.069981217 -4.376334190 -0.992688775 0.018784685 -0.119230852 81.711715698
-0.117134862 0.070601337 0.990603328 72.135574341 0.025505144 0.997354686 -0.068066642 -4.462073326 -0.992788434 0.017292507 -0.118625708 81.557487488
-0.117231883 0.071252167 0.990545273 73.263687134 0.023510033 0.997342467 -0.068958700 -4.543643951 -0.992826223 0.015203600 -0.118595481 81.431953430
-0.117097028 0.076451696 0.990173399 74.387779236 0.024909521 0.996944964 -0.074028738 -4.631192207 -0.992807984 0.015996194 -0.118643671 81.300239563
-0.116106153 0.079415858 0.990056753 75.533317566 0.024265608 0.996727645 -0.077105246 -4.714505672 -0.992940307 0.015071937 -0.117653280 81.157546997
-0.115564704 0.078105345 0.990224421 76.675773621 0.024459237 0.996825159 -0.075771473 -4.806184769 -0.992998719 0.015463628 -0.117108203 81.022621155
-0.114917412 0.071270891 0.990815103 77.831085205 0.026081443 0.997295499 -0.068712063 -4.898239136 -0.993032575 0.017945673 -0.116465479 80.887863159
-0.115619451 0.069931492 0.990828812 78.982551575 0.025253849 0.997403026 -0.067448631 -4.980211258 -0.992972493 0.017223863 -0.117085248 80.755538940
-0.114949040 0.073045745 0.990682185 80.121551514 0.022955917 0.997221649 -0.070864357 -5.065393448 -0.993106067 0.014596227 -0.116306528 80.628501892
-0.115009904 0.076197393 0.990437686 81.285400391 0.021992328 0.997004628 -0.074148871 -5.148251534 -0.993120849 0.013254172 -0.116341181 80.499778748
-0.114707634 0.075509168 0.990525424 82.452552795 0.020751854 0.997071505 -0.073605023 -5.238729954 -0.993182480 0.012112182 -0.115938671 80.366996765
-0.114479430 0.072109602 0.990805149 83.630264282 0.020854760 0.997316778 -0.070173919 -5.329488754 -0.993206620 0.012629534 -0.115676090 80.231231689
-0.113911115 0.070619069 0.990978003 84.807434082 0.020318745 0.997427404 -0.068743065 -5.424544334 -0.993283153 0.012304827 -0.115052961 80.097625732
-0.112739474 0.071256258 0.991066337 85.993309021 0.021820294 0.997362256 -0.069226757 -5.511056423 -0.993385017 0.013820770 -0.113996930 79.965568542
-0.111324064 0.071635380 0.991198897 87.189094543 0.024250884 0.997297347 -0.069352455 -5.598305702 -0.993488193 0.016316853 -0.112760417 79.819564819
-0.110400543 0.071105272 0.991340399 88.388114929 0.024310311 0.997332335 -0.068827748 -5.682891846 -0.993589818 0.016501170 -0.111834615 79.683952332
-0.109223805 0.071840510 0.991417766 89.590324402 0.025330303 0.997262180 -0.069473408 -5.771290302 -0.993694365 0.017524764 -0.110744506 79.553108215
-0.108057752 0.070328720 0.991653800 90.779083252 0.024615228 0.997378170 -0.068052433 -5.857458115 -0.993839920 0.017056193 -0.109505579 79.428962708
-0.106866777 0.068844967 0.991886973 92.000785828 0.023844905 0.997490585 -0.066664815 -5.954290867 -0.993987441 0.016527196 -0.108240187 79.290626526
-0.105192199 0.068715528 0.992075026 93.214622498 0.024955917 0.997478068 -0.066443630 -6.035726547 -0.994138777 0.017768789 -0.106641755 79.162414551
-0.102757283 0.069388077 0.992283344 94.442916870 0.023047077 0.997462213 -0.067363560 -6.126944065 -0.994439483 0.015947135 -0.104095697 79.027717590
-0.102608159 0.071731426 0.992132127 95.671241760 0.023145845 0.997298598 -0.069711186 -6.214949608 -0.994452417 0.015810801 -0.103991255 78.912528992
-0.101634011 0.070394561 0.992328167 96.893852234 0.020547060 0.997429013 -0.068651974 -6.302837849 -0.994609594 0.013412049 -0.102819130 78.794227600
-0.100780852 0.069202058 0.992499053 98.143478394 0.017496999 0.997547030 -0.067777358 -6.397811890 -0.994754791 0.010535095 -0.101744458 78.668388367
-0.100739881 0.070205167 0.992432773 99.381744385 0.014590655 0.997504234 -0.069082856 -6.485335350 -0.994805813 0.007520844 -0.101512797 78.547973633
-0.100767106 0.069710836 0.992464781 100.606262207 0.011531540 0.997557104 -0.068897702 -6.576327324 -0.994843185 0.004502026 -0.101324804 78.424522400
-0.102055483 0.067125857 0.992511392 101.849678040 0.008705200 0.997742832 -0.066584557 -6.668321133 -0.994740605 0.001844691 -0.102409475 78.305198669
-0.103165321 0.065742344 0.992489219 103.116996765 0.006791221 0.997836590 -0.065390617 -6.758389950 -0.994641006 -0.000005832 -0.103388593 78.178497314
-0.105213046 0.065230116 0.992308080 104.378150940 0.004406344 0.997867167 -0.065128334 -6.845033646 -0.994439960 -0.002479901 -0.105276056 78.063568115
-0.106263638 0.065073110 0.992206395 105.632087708 0.005084816 0.997878730 -0.064900547 -6.939909935 -0.994324982 -0.001851382 -0.106369123 77.925003052
-0.108467907 0.063755400 0.992053509 106.890090942 0.004495841 0.997962534 -0.063643597 -7.027673244 -0.994089782 -0.002443173 -0.108533539 77.792175293
-0.111987971 0.058855712 0.991965115 108.162269592 0.001340598 0.998252630 -0.059077401 -7.117557049 -0.993708611 -0.005286133 -0.111871183 77.664047241
-0.116625473 0.058766946 0.991435885 109.418861389 0.000429458 0.998250782 -0.059120387 -7.200764656 -0.993175864 -0.006469162 -0.116446719 77.526298523
-0.121700563 0.064949520 0.990439534 110.657714844 -0.003540538 0.997821987 -0.065868676 -7.284214497 -0.992560506 -0.011522945 -0.121205539 77.375770569
-0.129188925 0.068002291 0.989285469 111.878234863 -0.002822689 0.997616529 -0.068943545 -7.372089863 -0.991616011 -0.011699191 -0.128689036 77.229896545
-0.137562975 0.064236723 0.988407791 113.138000488 -0.000775676 0.997887552 -0.064960741 -7.462754250 -0.990492702 -0.009702880 -0.137222528 77.046821594
-0.148447916 0.062253881 0.986958861 114.367752075 0.001556283 0.998030066 -0.062718146 -7.553399086 -0.988919020 -0.007774388 -0.148252323 76.866844177
-0.161497071 0.062935367 0.984864414 115.586067200 0.001671427 0.997980416 -0.063499443 -7.644166470 -0.986871779 -0.008608845 -0.161276147 76.677192688
-0.175406232 0.063015103 0.982477486 116.802650452 0.003849578 0.997985661 -0.063322522 -7.733056068 -0.984488606 -0.007325040 -0.175295502 76.461456299
-0.190033242 0.061173450 0.979870141 118.017677307 0.004126379 0.998097837 -0.061511166 -7.818483353 -0.981768906 -0.007645852 -0.189924210 76.235549927
-0.205229461 0.063636802 0.976642966 119.218055725 0.008338244 0.997961283 -0.063273713 -7.908546448 -0.978678346 -0.004842143 -0.205341682 75.982604980
-0.220720977 0.067080610 0.973027587 120.395835876 0.008158846 0.997724116 -0.066932440 -7.996668339 -0.975302815 -0.006834615 -0.220765933 75.726715088
-0.236095741 0.070877500 0.969141603 121.564140320 0.007817708 0.997442603 -0.071042791 -8.086302757 -0.971698284 -0.009196431 -0.236046046 75.450309753
-0.251582652 0.068932675 0.965377927 122.732017517 0.004582013 0.997534037 -0.070034690 -8.184221268 -0.967824936 -0.013196137 -0.251278102 75.149063110
-0.267971784 0.063116267 0.961357117 123.895706177 -0.001199321 0.997829080 -0.065845087 -8.277462959 -0.963425994 -0.018797599 -0.267314374 74.848175049
-0.283649236 0.058996875 0.957111478 125.085464478 -0.005119275 0.997998118 -0.063034296 -8.365973473 -0.958914399 -0.022779349 -0.282779396 74.515090942
-0.299107850 0.060395975 0.952306032 126.233642578 -0.007117347 0.997825921 -0.065518357 -8.452260971 -0.954192698 -0.026374947 -0.298027754 74.172424316
-0.312930733 0.062583178 0.947711885 127.390075684 -0.006821881 0.997652829 -0.068133660 -8.539062500 -0.949751437 -0.027786290 -0.311769307 73.795150757
-0.327023923 0.064894266 0.942785382 128.522979736 -0.005273085 0.997498512 -0.070489414 -8.630017281 -0.945001304 -0.028023105 -0.325863719 73.413948059
-0.341213763 0.064364679 0.937779486 129.655975342 -0.003023738 0.997572601 -0.069568776 -8.731721878 -0.939980805 -0.026573427 -0.340190887 73.011993408
-0.355346709 0.062332477 0.932653964 130.781127930 -0.003433958 0.997680306 -0.067986749 -8.824226379 -0.934728265 -0.027361562 -0.354308337 72.597503662
-0.369674981 0.060975634 0.927158177 131.901245117 -0.003394407 0.997749090 -0.066971518 -8.921401024 -0.929154932 -0.027904851 -0.368635893 72.153732300
-0.384629339 0.062363673 0.920962155 133.001922607 -0.004915219 0.997562587 -0.069603525 -9.012630463 -0.923057973 -0.031298287 -0.383385390 71.708480835
-0.399899751 0.064655147 0.914275706 134.084106445 -0.003902274 0.997379720 -0.072238877 -9.103153229 -0.916550517 -0.032456070 -0.398599684 71.251167297
-0.414049268 0.066328771 0.907834649 135.180938721 -0.002644393 0.997249782 -0.074067719 -9.198781967 -0.910250604 -0.033068359 -0.412735194 70.755012512
-0.428205073 0.069115028 0.901034713 136.260665894 0.000711653 0.997096419 -0.076145343 -9.297283173 -0.903681278 -0.031964600 -0.427010983 70.239639282
-0.443613529 0.071839735 0.893334329 137.345169067 -0.000314182 0.996769547 -0.080313757 -9.401296616 -0.896218181 -0.035908937 -0.442157835 69.726440430
-0.458404601 0.074344501 0.885628760 138.410354614 0.000863935 0.996531785 -0.083207145 -9.499015808 -0.888743222 -0.037377410 -0.456878990 69.177780151
-0.474006712 0.071332447 0.877627134 139.489654541 -0.000823051 0.996676862 -0.081453212 -9.606349945 -0.880520880 -0.039331697 -0.472372681 68.618621826
-0.490241736 0.066685900 0.869031668 140.563949585 -0.003897818 0.996891141 -0.078696154 -9.712033272 -0.871577740 -0.041967470 -0.488457590 68.033424377
-0.506242156 0.066943720 0.859789193 141.635696411 -0.004141359 0.996782303 -0.080048516 -9.813540459 -0.862381458 -0.044084627 -0.504335999 67.421768188
-0.522119641 0.066244513 0.850295663 142.685317993 -0.005122586 0.996717334 -0.080797367 -9.912019730 -0.852856874 -0.046541605 -0.520066321 66.792694092
-0.537715077 0.065580793 0.840572238 143.725769043 -0.005392329 0.996682405 -0.081209868 -10.009618759 -0.843109429 -0.048200410 -0.535577536 66.130722046
-0.553312480 0.064953431 0.830437481 144.755645752 -0.006713596 0.996574879 -0.082421228 -10.117460251 -0.832946718 -0.051179919 -0.550981343 65.458328247
-0.568837225 0.064435683 0.819922149 145.790832520 -0.006919743 0.996515989 -0.083114468 -10.223856926 -0.822421014 -0.052952256 -0.566409528 64.758857727
-0.584272265 0.061816290 0.809200108 146.806152344 -0.007247782 0.996657610 -0.081369683 -10.329181671 -0.811525404 -0.053406954 -0.581871450 64.044677734
-0.599056482 0.058398895 0.798574328 147.829071045 -0.007294020 0.996897459 -0.078373730 -10.432287216 -0.800673485 -0.052775104 -0.596771955 63.289230347
-0.613960803 0.056651242 0.787301004 148.824279785 -0.006344147 0.997034729 -0.076690279 -10.539375305 -0.789310992 -0.052079566 -0.611780882 62.525032043
-0.628701031 0.055239432 0.775682807 149.807281494 -0.007043861 0.997028410 -0.076711468 -10.641121864 -0.777615368 -0.053692378 -0.626443565 61.743019104
-0.643458962 0.056391925 0.763400555 150.775512695 -0.008068026 0.996727884 -0.080428056 -10.747409821 -0.765438020 -0.057911307 -0.640898466 60.943721771
-0.658829689 0.055725802 0.750225544 151.732528687 -0.010256866 0.996494532 -0.083025716 -10.852705002 -0.752222240 -0.062394764 -0.655948699 60.127891541
-0.674813390 0.052428767 0.736123681 152.683456421 -0.012067960 0.996555984 -0.082040325 -10.963874817 -0.737889647 -0.064245425 -0.671856642 59.290500641
-0.691085100 0.044876844 0.721378863 153.612686157 -0.015603540 0.996911585 -0.076965980 -11.072914124 -0.722604930 -0.064446092 -0.688250482 58.429019928
-0.707868278 0.042481530 0.705065787 154.536529541 -0.016385520 0.996933520 -0.076517768 -11.176986694 -0.706154346 -0.065717362 -0.705001533 57.531776428
-0.725339293 0.039704237 0.687245727 155.429763794 -0.018291837 0.996871173 -0.076897971 -11.281707764 -0.688148677 -0.068348102 -0.722343445 56.612911224
-0.742786169 0.035888661 0.668566048 156.311630249 -0.021544687 0.996764064 -0.077442788 -11.385392189 -0.669181943 -0.071927495 -0.739609241 55.669635773
-0.759534955 0.034385208 0.649557054 157.160675049 -0.020771198 0.996810555 -0.077055573 -11.490294456 -0.650134802 -0.072018489 -0.756398082 54.712364197
-0.775235891 0.036199365 0.630633712 157.979919434 -0.018605007 0.996614933 -0.080078341 -11.605802536 -0.631397724 -0.073812544 -0.771938145 53.713150024
-0.790494084 0.035633251 0.611432195 158.786727905 -0.015501454 0.996822357 -0.078134306 -11.708787918 -0.612273395 -0.071242802 -0.787429750 52.704456329
-0.805183351 0.036843400 0.591880262 159.567047119 -0.011264019 0.996937990 -0.077380843 -11.828477859 -0.592918813 -0.068972714 -0.802302897 51.673168182
-0.819183230 0.038267247 0.572253942 160.300552368 -0.009367291 0.996745825 -0.080062814 -11.934288979 -0.573455453 -0.070946567 -0.816159010 50.600807190
-0.833167553 0.039612047 0.551600158 161.022689819 -0.008592442 0.996383786 -0.084531777 -12.047729492 -0.552953899 -0.075168714 -0.829814315 49.549942017
-0.845931470 0.040055007 0.531785429 161.719375610 -0.005869981 0.996415675 -0.084389366 -12.161199570 -0.533259332 -0.074509196 -0.842664003 48.456771851
-0.857646167 0.038080018 0.512828410 162.389709473 -0.004846293 0.996611655 -0.082108155 -12.273988724 -0.514217377 -0.072905071 -0.854555607 47.359142303
-0.868127644 0.040041056 0.494723290 163.030822754 -0.001712300 0.996493101 -0.083657146 -12.393270493 -0.496338010 -0.073472202 -0.865014732 46.246536255
-0.877547622 0.042828787 0.477572799 163.645477295 0.001023091 0.996167839 -0.087456517 -12.505784988 -0.479488343 -0.076258659 -0.874228597 45.126911163
-0.886628449 0.040232636 0.460728973 164.249298096 -0.001063315 0.996028960 -0.089023329 -12.623054504 -0.462481052 -0.079420529 -0.883064926 43.998542786
-0.894967198 0.037428830 0.444559157 164.838012695 -0.002197116 0.996092618 -0.088287316 -12.746094704 -0.446126670 -0.079990976 -0.891387939 42.857120514
-0.902081668 0.035638127 0.430091381 165.399475098 -0.002852288 0.996070504 -0.088518597 -12.868611336 -0.431555986 -0.081077754 -0.898435235 41.701454163
-0.908670783 0.033679541 0.416152567 165.942214966 -0.003405734 0.996110022 -0.088052362 -12.991098404 -0.417499304 -0.081427909 -0.905021429 40.530448914
-0.915022552 0.030938128 0.402214646 166.470169067 -0.004737119 0.996161878 -0.087401010 -13.109842300 -0.403375000 -0.081879221 -0.911364079 39.368293762
-0.920485437 0.026054125 0.389907569 166.985275269 -0.007036917 0.996507883 -0.083200552 -13.240860939 -0.390713841 -0.079328611 -0.917087615 38.151573181
-0.925683379 0.022938518 0.377602994 167.487564087 -0.007988583 0.996752024 -0.080134191 -13.352739334 -0.378214717 -0.077195413 -0.922493577 36.962738037
-0.930041909 0.023543637 0.366698533 167.965621948 -0.005102463 0.997021437 -0.076954275 -13.465011597 -0.367418140 -0.073441759 -0.927151680 35.764099121
-0.933393657 0.027257079 0.357817233 168.451034546 -0.001123526 0.996884286 -0.078869462 -13.575391769 -0.358852059 -0.074018262 -0.930454969 34.561225891
-0.935879886 0.032093387 0.350854278 168.911987305 0.004116793 0.996770680 -0.080195457 -13.686363220 -0.352295011 -0.073608920 -0.932989717 33.364433289
-0.937553763 0.036228724 0.345948726 169.353805542 0.007712924 0.996481895 -0.083451673 -13.791655540 -0.347754985 -0.075572141 -0.934534729 32.147666931
-0.939293742 0.033074707 0.341516286 169.800857544 0.005582473 0.996684492 -0.081171714 -13.920223236 -0.343068749 -0.074337572 -0.936364055 30.925472260
-0.941134691 0.025686625 0.337054640 170.248138428 -0.000546381 0.996991694 -0.077505477 -14.030836105 -0.338031530 -0.073127232 -0.938289464 29.725416183
-0.943173170 0.019468179 0.331730813 170.705078125 -0.005965296 0.997129738 -0.075478666 -14.141307831 -0.332248062 -0.073168330 -0.940349758 28.505361557
-0.944674730 0.012892857 0.327755123 171.135848999 -0.013085747 0.996950388 -0.076933391 -14.246161461 -0.327747464 -0.076965950 -0.941625118 27.290695190
-0.946012318 0.010775169 0.323951781 171.574066162 -0.015878014 0.996706843 -0.079519503 -14.358234406 -0.323741764 -0.080370136 -0.942725718 26.066581726
-0.946857393 0.010896259 0.321469307 171.997375488 -0.016396679 0.996491671 -0.082071133 -14.466111183 -0.321235687 -0.082980685 -0.943356574 24.860353470
-0.946877003 0.011189138 0.321401328 172.413955688 -0.016767785 0.996317506 -0.084084794 -14.580502510 -0.321158618 -0.085007146 -0.943202436 23.621826172
-0.946886003 0.013417806 0.321289450 172.831604004 -0.014928590 0.996217608 -0.085601084 -14.698443413 -0.321222842 -0.085850865 -0.943104208 22.419971466
-0.946254015 0.014971701 0.323077798 173.243728638 -0.014035837 0.996085942 -0.087268658 -14.817480087 -0.323119760 -0.087113000 -0.942340016 21.194221497
-0.946101367 0.016116071 0.323469579 173.668716431 -0.013504136 0.995929599 -0.089117356 -14.939401627 -0.323589087 -0.088682234 -0.942032576 19.993858337
-0.945121765 0.017487515 0.326249957 174.087951660 -0.012256271 0.995965958 -0.088890828 -15.058206558 -0.326488465 -0.088011272 -0.941094756 18.775520325
-0.944182992 0.017057991 0.328979492 174.509796143 -0.012966120 0.995960116 -0.088854969 -15.184594154 -0.329166263 -0.088160954 -0.940147460 17.561664581
-0.943040371 0.015914798 0.332297534 174.943069458 -0.014542003 0.995928407 -0.088967539 -15.307098389 -0.332360417 -0.088732257 -0.938969135 16.377696991
-0.941617668 0.014265902 0.336381793 175.384780884 -0.015833002 0.996120274 -0.086565897 -15.429872513 -0.336311638 -0.086837910 -0.937738538 15.193416595
-0.939370930 0.012466181 0.342676163 175.823333740 -0.017281754 0.996347845 -0.083620153 -15.549440384 -0.342467099 -0.084472381 -0.935724676 13.993099213
-0.937258363 0.009944666 0.348493636 176.279907227 -0.019264998 0.996588409 -0.080251180 -15.668834686 -0.348102838 -0.081929803 -0.933869302 12.822963715
-0.934213102 0.012341156 0.356501818 176.721435547 -0.017538980 0.996603489 -0.080460705 -15.775163651 -0.356283933 -0.081420124 -0.930823505 11.644828796
-0.931174576 0.012629457 0.364354581 177.188919067 -0.017945107 0.996600568 -0.080406703 -15.888332367 -0.364131510 -0.081411071 -0.927782476 10.488964081
-0.927161336 0.015271340 0.374351084 177.656234741 -0.017117357 0.996399045 -0.083042100 -15.999595642 -0.374271244 -0.083401307 -0.923561096 9.313774109
-0.922978282 0.016216062 0.384510636 178.133636475 -0.016473139 0.996531665 -0.081569061 -16.113115311 -0.384499699 -0.081620544 -0.919509709 8.184112549
-0.918357790 0.018193388 0.395333111 178.632553101 -0.016004160 0.996418297 -0.083033219 -16.224967957 -0.395427763 -0.082581162 -0.914777219 7.069282532
-0.912307322 0.020408612 0.408997536 179.155838013 -0.015555448 0.996309578 -0.084412821 -16.334621429 -0.409210831 -0.083372578 -0.908622801 5.866081238
-0.906485558 0.022629429 0.421630174 179.698364258 -0.014240077 0.996356368 -0.084091209 -16.449451447 -0.421996832 -0.082231507 -0.902860224 4.721786499
-0.900195003 0.022175636 0.434922338 180.248046875 -0.014771966 0.996573210 -0.081387617 -16.567770004 -0.435236722 -0.079689376 -0.896782398 3.582908630
-0.893170118 0.024875047 0.449030399 180.819580078 -0.013291832 0.996572793 -0.081646301 -16.684190750 -0.449522346 -0.078892455 -0.889778376 2.423919678
-0.886117816 0.027161472 0.462663621 181.393371582 -0.011563786 0.996674657 -0.080659106 -16.793697357 -0.463315874 -0.076823592 -0.882856965 1.303375244
-0.879138231 0.028398180 0.475720018 182.011749268 -0.010348669 0.996850133 -0.078631617 -16.901565552 -0.476454437 -0.074051127 -0.876075029 0.188278198
-0.870932877 0.030678811 0.490443558 182.605316162 -0.007197092 0.997145832 -0.075155325 -17.014326096 -0.491349399 -0.068984993 -0.868226290 -0.896286011
-0.863050163 0.033362068 0.504015386 183.225921631 -0.004410984 0.997280478 -0.073565692 -17.117866516 -0.505099058 -0.065714084 -0.860555947 -1.949020386
-0.853890836 0.036986042 0.519136250 183.866104126 -0.000482221 0.997414947 -0.071854368 -17.224067688 -0.520451903 -0.061606143 -0.851665735 -3.000350952
-0.843579888 0.039529338 0.535546839 184.514205933 0.001824959 0.997492313 -0.070751444 -17.325141907 -0.537000656 -0.058707152 -0.841536582 -4.027496338
-0.832488954 0.042415127 0.552415550 185.189620972 0.004442005 0.997544110 -0.069898546 -17.421367645 -0.554023802 -0.055735935 -0.830633104 -5.057464600
-0.821191728 0.044205315 0.568937540 185.879089355 0.005705936 0.997581363 -0.069274247 -17.516389847 -0.570623815 -0.053641111 -0.819457829 -6.057281494
-0.809197903 0.045738090 0.585753202 186.575073242 0.006810095 0.997628391 -0.068491161 -17.624521255 -0.587496758 -0.051433861 -0.807590306 -7.044601440
-0.796098471 0.048167795 0.603247106 187.305206299 0.008797204 0.997643113 -0.068049788 -17.720241547 -0.605103135 -0.048867445 -0.794645965 -8.022888184
-0.782873034 0.049086232 0.620242238 188.054534912 0.010354253 0.997772813 -0.065894961 -17.811141968 -0.622095406 -0.045165244 -0.781637669 -8.957099915
-0.767592907 0.050992645 0.638906121 188.827056885 0.012297034 0.997818291 -0.064864434 -17.899745941 -0.640819728 -0.041932840 -0.766545236 -9.896125793
