-0.994865358 -0.016615609 -0.099834293 141.609664917 -0.014888952 0.999726832 -0.018015526 -26.116922379 0.100106351 -0.016436594 -0.994840920 449.908843994
-0.994885743 -0.015971594 -0.099735759 141.491424561 -0.014196770 0.999728382 -0.018479738 -26.157966614 0.100003816 -0.016969303 -0.994842291 448.617401123
-0.994984686 -0.016085703 -0.098725460 141.368225098 -0.014319450 0.999724925 -0.018573152 -26.190818787 0.098997064 -0.017066311 -0.994941294 447.323089600
-0.995053530 -0.015540951 -0.098117001 141.246093750 -0.013906317 0.999753237 -0.017322017 -26.228900909 0.098361984 -0.015871890 -0.995024085 446.031280518
-0.995185792 -0.014042126 -0.096995868 141.121734619 -0.012374070 0.999765396 -0.017777361 -26.266654968 0.097222753 -0.016491545 -0.995125949 444.747680664
-0.995253801 -0.013669608 -0.096348286 141.007141113 -0.011712347 0.999713957 -0.020850779 -26.310213089 0.096605740 -0.019623352 -0.995129228 443.468353271
-0.995404661 -0.013934795 -0.094738849 140.891235352 -0.011742020 0.999651015 -0.023663642 -26.346670151 0.095035538 -0.022442471 -0.995220840 442.194458008
-0.995572627 -0.011914471 -0.093236953 140.769134521 -0.009849980 0.999696732 -0.022571366 -26.386478424 0.093477592 -0.021553054 -0.995388031 440.915344238
-0.995726645 -0.010251761 -0.091778867 140.655944824 -0.008449877 0.999764264 -0.019999973 -26.429561615 0.091962256 -0.019138988 -0.995578527 439.644409180
-0.995895565 -0.009506645 -0.090009563 140.548492432 -0.007668020 0.999755263 -0.020750789 -26.468915939 0.090184800 -0.019975426 -0.995724618 438.376068115
-0.996074200 -0.008961624 -0.088066988 140.442504883 -0.006979106 0.999715805 -0.022793664 -26.504825592 0.088246241 -0.022089548 -0.995853722 437.110015869
-0.996251523 -0.009199337 -0.086014479 140.337448120 -0.007263472 0.999713719 -0.022792228 -26.551795959 0.086199537 -0.022082025 -0.996033132 435.833129883
-0.996418476 -0.009992217 -0.083968244 140.231201172 -0.008123013 0.999712110 -0.022573089 -26.594314575 0.084169634 -0.021810168 -0.996212661 434.562316895
-0.996551752 -0.010755685 -0.082275435 140.132568359 -0.009013020 0.999727726 -0.021523042 -26.633911133 0.082484543 -0.020707272 -0.996377170 433.285125732
-0.996700048 -0.012914686 -0.080139279 140.043167114 -0.011422829 0.999753416 -0.019046439 -26.670852661 0.080365486 -0.018068170 -0.996601701 432.010284424
-0.996810257 -0.015361347 -0.078315690 139.944320679 -0.014182254 0.999777913 -0.015589713 -26.709800720 0.078537770 -0.014429293 -0.996806681 430.717407227
-0.996933997 -0.018117683 -0.076119825 139.858245850 -0.016994396 0.999737263 -0.015378794 -26.747562408 0.076378450 -0.014038032 -0.996980071 429.451782227
-0.997086287 -0.019326296 -0.073793367 139.773696899 -0.018017663 0.999669194 -0.018358510 -26.777603149 0.074123755 -0.016975434 -0.997104526 428.170623779
-0.997262120 -0.019523783 -0.071324192 139.693283081 -0.018077627 0.999618828 -0.020865388 -26.810771942 0.071704373 -0.019518889 -0.997234941 426.878387451
-0.997486413 -0.018577144 -0.068379223 139.611175537 -0.017218666 0.999643505 -0.020402890 -26.849895477 0.068733871 -0.019174207 -0.997450769 425.594787598
-0.997726858 -0.017054893 -0.065193534 139.530410767 -0.015763493 0.999670208 -0.020272002 -26.891941071 0.065517768 -0.019198246 -0.997666717 424.328399658
-0.997887433 -0.016224563 -0.062908255 139.444702148 -0.014855483 0.999643803 -0.022170154 -26.926750183 0.063245550 -0.021188784 -0.997772992 423.034759521
-0.998057783 -0.017029803 -0.059922621 139.375747681 -0.015572007 0.999573350 -0.024711460 -26.966196060 0.060317889 -0.023730349 -0.997897089 421.749877930
-0.998271167 -0.018897399 -0.055655140 139.302429199 -0.017486863 0.999516189 -0.025723072 -27.009445190 0.056114301 -0.024705369 -0.998118639 420.465240479
-0.998437285 -0.022746278 -0.051045146 139.245971680 -0.021277057 0.999348700 -0.029143974 -27.053455353 0.051674824 -0.028012341 -0.998270988 419.182434082
-0.998595655 -0.025084874 -0.046662077 139.191955566 -0.023850953 0.999355853 -0.026815176 -27.098365784 0.047304671 -0.025664583 -0.998550713 417.898132324
-0.998681068 -0.028689094 -0.042578641 139.149597168 -0.027911613 0.999434710 -0.018743459 -27.139062881 0.043092299 -0.017530300 -0.998917222 416.609680176
-0.998791099 -0.030898463 -0.038233001 139.100051880 -0.030215716 0.999375641 -0.018308472 -27.176101685 0.038774837 -0.017131098 -0.999101102 415.316467285
-0.998962820 -0.030031031 -0.034228168 139.061416626 -0.029323559 0.999349475 -0.020987283 -27.210117340 0.034836169 -0.019961819 -0.999193609 414.033355713
-0.999110043 -0.029604141 -0.030047886 139.037429810 -0.028791504 0.999217272 -0.027126335 -27.252899170 0.030827424 -0.026237067 -0.999180257 412.762664795
-0.999267757 -0.028739220 -0.025258072 138.992706299 -0.027950646 0.999127388 -0.031037908 -27.299959183 0.026128033 -0.030309198 -0.999199033 411.476745605
-0.999383748 -0.027885901 -0.021320282 138.972213745 -0.027235111 0.999171913 -0.030228624 -27.348051071 0.022145573 -0.029629327 -0.999315619 410.190399170
-0.999446213 -0.028153162 -0.017738964 138.949356079 -0.027704766 0.999302506 -0.025035506 -27.400873184 0.018431421 -0.024530185 -0.999529183 408.880004883
-0.999473989 -0.028903663 -0.014709156 138.944168091 -0.028580640 0.999355555 -0.021716285 -27.441497803 0.015327377 -0.021284465 -0.999655962 407.593902588
-0.999540389 -0.028162394 -0.011207865 138.937576294 -0.027915679 0.999377072 -0.021591399 -27.480754852 0.011808962 -0.021268604 -0.999704003 406.311706543
-0.999567270 -0.028375927 -0.007740351 138.940307617 -0.028188329 0.999329805 -0.023354568 -27.520709991 0.008397877 -0.023126278 -0.999697208 405.029602051
-0.999614775 -0.027492648 -0.003803324 138.934860229 -0.027393103 0.999333382 -0.024130182 -27.565710068 0.004464177 -0.024016703 -0.999701560 403.741394043
-0.999609947 -0.027931407 -0.000094240 138.936431885 -0.027920909 0.999315858 -0.024255184 -27.610387802 0.000771633 -0.024243092 -0.999705791 402.450622559
-0.999567866 -0.029170452 0.003633203 138.948028564 -0.029253766 0.999246657 -0.025500262 -27.656364441 -0.002886627 -0.025595529 -0.999668121 401.168640137
-0.999489665 -0.031067993 0.007428229 138.966094971 -0.031251743 0.999171913 -0.026052749 -27.704917908 -0.006612659 -0.026271597 -0.999632955 399.905395508
-0.999366760 -0.033978295 0.010565513 138.991531372 -0.034252666 0.999049127 -0.026973754 -27.749738693 -0.009638948 -0.027318571 -0.999580204 398.622772217
-0.999203682 -0.037438396 0.013802164 139.018600464 -0.037790187 0.998942792 -0.026175562 -27.792179108 -0.012807599 -0.026676303 -0.999561965 397.363372803
-0.998972833 -0.042202849 0.016498869 139.054885864 -0.042612903 0.998770118 -0.025346713 -27.845628738 -0.015408874 -0.026023742 -0.999542475 396.114593506
-0.998746395 -0.046225142 0.019206276 139.101974487 -0.046717897 0.998568356 -0.026052192 -27.894334793 -0.017974507 -0.026916809 -0.999476016 394.835510254
-0.998666167 -0.046698976 0.022026397 139.142425537 -0.047338225 0.998444617 -0.029452886 -27.943574905 -0.020616721 -0.030456288 -0.999323428 393.599975586
-0.998629153 -0.045982171 0.025011839 139.176742554 -0.046787459 0.998371899 -0.032624926 -27.996036530 -0.023470942 -0.033750445 -0.999154568 392.353942871
-0.998654902 -0.043703709 0.027901066 139.223464966 -0.044615500 0.998461008 -0.032939177 -28.049200058 -0.026418546 -0.034139693 -0.999067724 391.121734619
-0.998704195 -0.039615627 0.031948105 139.255081177 -0.040629037 0.998670638 -0.031720843 -28.107496262 -0.030648995 -0.032977760 -0.998986065 389.896636963
-0.998671174 -0.037773419 0.035060570 139.303329468 -0.038879085 0.998750150 -0.031409048 -28.162321091 -0.033830319 -0.032730434 -0.998891473 388.672821045
-0.998542309 -0.037936129 0.038394608 139.348754883 -0.039174065 0.998719215 -0.032020736 -28.217174530 -0.037130661 -0.033478130 -0.998749495 387.452667236
-0.998369992 -0.039904572 0.040804334 139.414367676 -0.041225832 0.998635113 -0.032068364 -28.265510559 -0.039468974 -0.033698279 -0.998652399 386.252136230
-0.998181403 -0.041517582 0.043705996 139.469650269 -0.042846240 0.998633742 -0.029915085 -28.317295074 -0.042404257 -0.031733319 -0.998596370 385.043853760
-0.998085022 -0.040818539 0.046479557 139.530868530 -0.042165674 0.998707533 -0.028381318 -28.366273880 -0.045260996 -0.030286808 -0.998515904 383.850250244
-0.998064458 -0.038812649 0.048589706 139.592483521 -0.040175185 0.998817205 -0.027385997 -28.422321320 -0.047469303 -0.029285092 -0.998443305 382.658111572
-0.997952700 -0.038442835 0.051112860 139.659454346 -0.039930582 0.998798430 -0.028411459 -28.469635010 -0.049959220 -0.030394258 -0.998288691 381.484680176
-0.997867346 -0.037740037 0.053260565 139.730895996 -0.039390437 0.998764873 -0.030285155 -28.516954422 -0.052051827 -0.032318518 -0.998121262 380.310211182
-0.997730136 -0.037802000 0.055726919 139.800125122 -0.039572120 0.998735428 -0.031010039 -28.563594818 -0.054484211 -0.033144888 -0.997964323 379.143554688
-0.997569203 -0.038764004 0.057905089 139.877166748 -0.040592823 0.998702586 -0.030747360 -28.613056183 -0.056638058 -0.033023153 -0.997848451 377.983398438
-0.997399390 -0.039598443 0.060219847 139.956222534 -0.041523039 0.998654902 -0.031050850 -28.664749146 -0.058909241 -0.033470608 -0.997702062 376.829040527
-0.997282743 -0.039158512 0.062399775 140.038116455 -0.041116040 0.998691738 -0.030401496 -28.710445404 -0.061127644 -0.032884527 -0.997588038 375.680603027
-0.997155309 -0.038087904 0.065042391 140.115844727 -0.039965626 0.998813868 -0.027815953 -28.762008667 -0.063905776 -0.030336283 -0.997494817 374.535522461
-0.997061253 -0.036033843 0.067603521 140.198410034 -0.037966017 0.998900115 -0.027516931 -28.806217194 -0.066537634 -0.030002706 -0.997332692 373.399566650
-0.996968031 -0.033021640 0.070456676 140.276626587 -0.035268065 0.998900652 -0.030881418 -28.851890564 -0.069359466 -0.033272661 -0.997036636 372.288452148
-0.996853709 -0.029560125 0.073544674 140.348632812 -0.032071311 0.998933911 -0.033201583 -28.903028488 -0.072484814 -0.035455793 -0.996739149 371.180206299
-0.996716559 -0.028267320 0.075875849 140.443038940 -0.030757830 0.999019027 -0.031857893 -28.949274063 -0.074900895 -0.034087066 -0.996608257 370.072540283
-0.996514559 -0.027183931 0.078865610 140.532897949 -0.029450526 0.999181747 -0.027720485 -29.001018524 -0.078047544 -0.029946499 -0.996499777 368.965698242
-0.996240616 -0.026768994 0.082389973 140.629959106 -0.029020278 0.999234021 -0.026249437 -29.039211273 -0.081624173 -0.028541734 -0.996254444 367.872314453
-0.995878756 -0.027195875 0.086521551 140.724258423 -0.029671010 0.999182642 -0.027450724 -29.089101791 -0.085704289 -0.029904770 -0.995871723 366.790161133
-0.995535612 -0.028096033 0.090107575 140.830383301 -0.030977791 0.999047101 -0.030743672 -29.131526947 -0.089157946 -0.033397749 -0.995457470 365.721801758
-0.995174885 -0.029477341 0.093584970 140.940155029 -0.032635298 0.998942256 -0.032394823 -29.178926468 -0.092531025 -0.035292685 -0.995084107 364.666900635
-0.994728386 -0.029775506 0.098127186 141.048309326 -0.033083737 0.998931885 -0.032260530 -29.226440430 -0.097061791 -0.035336874 -0.994650841 363.614898682
-0.994215727 -0.029507391 0.103268884 141.163833618 -0.032911073 0.998964667 -0.031411901 -29.276332855 -0.102235064 -0.034628894 -0.994157314 362.565612793
-0.993657887 -0.027447999 0.109044380 141.279876709 -0.030851556 0.999084115 -0.029648785 -29.320201874 -0.108130693 -0.032824937 -0.993594587 361.532653809
-0.992861390 -0.023947889 0.116845258 141.395904541 -0.027187273 0.999286652 -0.026208932 -29.365432739 -0.116134234 -0.029198537 -0.992804229 360.502014160
-0.991881669 -0.023013808 0.125065371 141.533737183 -0.026127284 0.999386668 -0.023311649 -29.406032562 -0.124452174 -0.026390009 -0.991874576 359.488372803
-0.990628958 -0.021611866 0.134860218 141.671905518 -0.025017096 0.999408305 -0.023606542 -29.447439194 -0.134270221 -0.026759135 -0.990583420 358.494659424
-0.989029050 -0.019814380 0.146386445 141.820495605 -0.023693047 0.999411702 -0.024800064 -29.479648590 -0.145808890 -0.027996326 -0.988916576 357.503234863
-0.987305939 -0.018851724 0.157707244 141.994659424 -0.023224736 0.999393880 -0.025931733 -29.520423889 -0.157122806 -0.029265262 -0.987145424 356.528106689
-0.984991968 -0.019119082 0.171537980 142.161712646 -0.024005093 0.999361753 -0.026454471 -29.559898376 -0.170922682 -0.030175224 -0.984822333 355.542327881
-0.982284546 -0.018310105 0.186498642 142.349212646 -0.023893189 0.999329805 -0.027732519 -29.595935822 -0.185865805 -0.031697273 -0.982063711 354.579681396
-0.979208171 -0.017736100 0.202081606 142.556060791 -0.023871738 0.999323785 -0.027965410 -29.635272980 -0.201448888 -0.032207996 -0.978969216 353.632904053
-0.975709200 -0.017228888 0.218391463 142.761810303 -0.023837408 0.999333084 -0.027661243 -29.673831940 -0.217769206 -0.032195214 -0.975469053 352.685943604
-0.972046971 -0.017965250 0.234098345 142.995727539 -0.025116662 0.999303341 -0.027603108 -29.711467743 -0.233439341 -0.032711286 -0.971820951 351.747802734
-0.968287289 -0.017433152 0.249230593 143.238006592 -0.025129436 0.999299467 -0.027731640 -29.747497559 -0.248572543 -0.033115216 -0.968047023 350.813018799
-0.964301467 -0.019096740 0.264117658 143.495300293 -0.027726488 0.999195218 -0.028984515 -29.781291962 -0.263351589 -0.035272863 -0.964054823 349.896789551
-0.960538268 -0.020200895 0.277413785 143.773071289 -0.029457524 0.999138296 -0.029240040 -29.818408966 -0.276584059 -0.036258098 -0.960305452 348.976318359
-0.957062304 -0.023395404 0.288936675 144.063552856 -0.033348579 0.999006152 -0.029572289 -29.856117249 -0.287957668 -0.037938152 -0.956891358 348.062652588
-0.953653634 -0.025795976 0.299798906 144.358169556 -0.036414042 0.998889804 -0.029883513 -29.892108917 -0.298695177 -0.039415404 -0.953534365 347.154754639
-0.950385511 -0.028904274 0.309728712 144.676589966 -0.040068772 0.998754084 -0.029743867 -29.925710678 -0.308483005 -0.040678587 -0.950359702 346.232116699
-0.947153449 -0.030352416 0.319341809 144.978225708 -0.041626938 0.998725533 -0.028537940 -29.965532303 -0.318068683 -0.040323034 -0.947209716 345.319458008
-0.944066286 -0.033335641 0.328066707 145.312286377 -0.044757787 0.998624027 -0.027325364 -30.003202438 -0.326704413 -0.040480491 -0.944259226 344.413604736
-0.940852284 -0.034866851 0.337018549 145.642456055 -0.046490546 0.998567641 -0.026478697 -30.038503647 -0.335612655 -0.040580720 -0.941125572 343.520568848
-0.937128246 -0.036337506 0.347088367 145.976181030 -0.047856897 0.998549402 -0.024671653 -30.074985504 -0.345688373 -0.039731070 -0.937507808 342.600219727
-0.933283269 -0.037144084 0.357215345 146.327423096 -0.048613425 0.998548687 -0.023179056 -30.109388351 -0.355835915 -0.038998086 -0.933734357 341.717163086
-0.928719997 -0.037473310 0.368883461 146.671768188 -0.048965652 0.998561740 -0.021838799 -30.143680573 -0.367534488 -0.038344748 -0.929218948 340.845886230
-0.924584687 -0.037949625 0.379081815 147.042541504 -0.049493622 0.998558939 -0.020750433 -30.174697876 -0.377747953 -0.037947670 -0.925130427 339.964721680
-0.920142651 -0.039393418 0.389596790 147.417694092 -0.050484464 0.998557866 -0.018265802 -30.204599380 -0.388315260 -0.036475729 -0.920804322 339.102600098
-0.915793419 -0.040053926 0.399647325 147.799957275 -0.050414018 0.998609126 -0.015440151 -30.236040115 -0.398472965 -0.034287822 -0.916538835 338.259277344
-0.911064804 -0.039754897 0.410341769 148.175262451 -0.049601436 0.998679519 -0.013373535 -30.260890961 -0.409268230 -0.032537699 -0.911833704 337.407562256
-0.905752718 -0.038849782 0.422021985 148.563476562 -0.048248872 0.998767853 -0.011609904 -30.281776428 -0.421050966 -0.030877788 -0.906511188 336.580139160
-0.899732172 -0.038461599 0.434744120 148.965393066 -0.046797831 0.998868346 -0.008481877 -30.307418823 -0.433925927 -0.027976502 -0.900513947 335.756469727
-0.893110752 -0.036175258 0.448379964 149.373046875 -0.044063628 0.999003053 -0.007169162 -30.327522278 -0.447673500 -0.026160100 -0.893814325 334.927032471
-0.886424422 -0.033517051 0.461658031 149.802764893 -0.042355437 0.999063969 -0.008792715 -30.346164703 -0.460931122 -0.027347807 -0.887014449 334.133209229
-0.878715634 -0.030207552 0.476388842 150.231536865 -0.040105168 0.999139011 -0.010620528 -30.363941193 -0.475657761 -0.028438080 -0.879170597 333.339721680
-0.870345712 -0.026253169 0.491741002 150.666595459 -0.036442399 0.999273479 -0.011150965 -30.379455566 -0.491090983 -0.027625415 -0.870670080 332.561950684
-0.861554146 -0.023678286 0.507113099 151.123840332 -0.033080760 0.999407113 -0.009537554 -30.396369934 -0.506586611 -0.024992809 -0.861826777 331.794067383
-0.851457775 -0.019768475 0.524050474 151.594451904 -0.027671499 0.999590755 -0.007252605 -30.420404434 -0.523692548 -0.020676551 -0.851656318 331.007934570
-0.839942098 -0.016325522 0.542430520 152.075408936 -0.023535848 0.999702811 -0.006356722 -30.434736252 -0.542165577 -0.018105842 -0.840076566 330.252014160
-0.827969432 -0.011752412 0.560650110 152.573059082 -0.018451782 0.999809921 -0.006291506 -30.448629379 -0.560469627 -0.015554172 -0.828028858 329.499877930
-0.815938234 -0.007778807 0.578086555 153.092742920 -0.014104258 0.999879599 -0.006452906 -30.462232590 -0.577966750 -0.013418655 -0.815949917 328.768737793
-0.803192019 -0.004838413 0.595700741 153.630035400 -0.009716721 0.999940395 -0.004979463 -30.473018646 -0.595641136 -0.009787723 -0.803191066 328.042083740
-0.790110528 -0.005503113 0.612939775 154.193206787 -0.008296238 0.999964058 -0.001716369 -30.480911255 -0.612908304 -0.006441214 -0.790127754 327.317565918
-0.776607811 -0.004263011 0.629969954 154.759460449 -0.005146177 0.999986589 0.000422864 -30.493408203 -0.629963279 -0.002913538 -0.776619434 326.624542236
-0.762434900 -0.002162001 0.647061408 155.348388672 -0.002407700 0.999996960 0.000504244 -30.499805450 -0.647060335 -0.001173476 -0.762437880 325.926208496
-0.747977376 0.000216724 0.663724184 155.962722778 -0.000048934 0.999999821 -0.000381676 -30.502489090 -0.663724065 -0.000317963 -0.747977316 325.240661621
-0.732239008 0.001881582 0.681045234 156.595443726 0.002574795 0.999996722 0.000005565 -30.508977890 -0.681042969 0.001757627 -0.732241333 324.541381836
-0.716114521 0.003716395 0.697972894 157.249618530 0.006182431 0.999980450 0.001018670 -30.515249252 -0.697955549 0.005044655 -0.716123343 323.879364014
-0.698511422 0.004535956 0.715584517 157.922958374 0.009227464 0.999953985 0.002668784 -30.522718430 -0.715539455 0.008467205 -0.698520958 323.224365234
-0.680520654 0.006172092 0.732702911 158.605743408 0.013834148 0.999894500 0.004426056 -30.518224716 -0.732598245 0.013148341 -0.680534244 322.568969727
-0.662434280 0.005062739 0.749102890 159.318878174 0.015527671 0.999855101 0.006973750 -30.523244858 -0.748958945 0.016251476 -0.662416995 321.939758301
-0.645133257 0.004647550 0.764055908 160.045440674 0.015983876 0.999844790 0.007414250 -30.529581070 -0.763902724 0.016995760 -0.645107508 321.339996338
-0.627558947 0.008001705 0.778527856 160.787536621 0.017943757 0.999830186 0.004187931 -30.533111572 -0.778362155 0.016597893 -0.627596021 320.743591309
-0.609745204 0.007763791 0.792559445 161.558792114 0.017537890 0.999839425 0.003698275 -30.533365250 -0.792403400 0.016154829 -0.609783411 320.163604736
-0.590414166 0.006156639 0.807076871 162.346618652 0.017944664 0.999823749 0.005500379 -30.540315628 -0.806900918 0.017730230 -0.590420544 319.587890625
-0.570856631 0.001388787 0.821048558 163.125762939 0.017013161 0.999803782 0.010137720 -30.553367615 -0.820873439 0.019755818 -0.570768237 319.042236328
-0.550442517 -0.001653638 0.834871471 163.825653076 0.014091883 0.999837160 0.011271359 -30.570013046 -0.834754169 0.017969135 -0.550329506 318.612457275
-0.528633595 -0.003585150 0.848842621 164.655502319 0.012745665 0.999844790 0.012160534 -30.570611954 -0.848754466 0.017247526 -0.528505743 318.105895996
-0.504684448 -0.004074578 0.863294363 165.496093750 0.011156311 0.999874473 0.011241216 -30.569652557 -0.863231897 0.015304440 -0.504575670 317.610656738
-0.481506050 -0.007195845 0.876413226 166.350830078 0.012573813 0.999806643 0.015117091 -30.550380707 -0.876352489 0.018298820 -0.481322527 317.213256836
-0.454585552 -0.014122149 0.890591145 167.232055664 0.012659591 0.999670923 0.022313682 -30.541952133 -0.890613139 0.021418002 -0.454257131 316.771148682
-0.426770300 -0.019546334 0.904148757 168.103668213 0.016454097 0.999433100 0.029372791 -30.543296814 -0.904210329 0.027412394 -0.426206678 316.356903076
-0.398059398 -0.018850444 0.917165935 169.012512207 0.020564092 0.999354303 0.029464679 -30.526805878 -0.917129099 0.030589379 -0.397414625 315.963287354
-0.370016247 -0.018358648 0.928843975 169.883209229 0.022186451 0.999344945 0.028590346 -30.507490158 -0.928760290 0.031186640 -0.369366527 315.610595703
-0.343156010 -0.020177118 0.939061821 170.820114136 0.022348102 0.999310911 0.029638195 -30.484197617 -0.939012527 0.031156769 -0.342468590 315.275787354
-0.317764878 -0.023036540 0.947889626 171.744369507 0.023493409 0.999206543 0.032159489 -30.461626053 -0.947878480 0.032488316 -0.316971540 314.983673096
-0.291967601 -0.027307674 0.956038356 172.684112549 0.022579335 0.999116957 0.035433717 -30.444597244 -0.956161678 0.031932205 -0.291093141 314.689025879
-0.267408043 -0.029719464 0.963124990 173.642517090 0.023609396 0.999022067 0.037382215 -30.422779083 -0.963294089 0.032735098 -0.266444892 314.427398682
-0.244488016 -0.031508464 0.969140232 174.643218994 0.022748979 0.999010444 0.038218554 -30.394025803 -0.969385445 0.031390935 -0.243529290 314.189544678
-0.223748207 -0.031976335 0.974122345 175.646148682 0.023222931 0.999003053 0.038127184 -30.369092941 -0.974370241 0.031152863 -0.222782522 313.966247559
-0.205385208 -0.032468867 0.978142440 176.672454834 0.022679824 0.999023139 0.037924182 -30.330841064 -0.978418410 0.029973162 -0.204448164 313.756530762
-0.189098909 -0.033285629 0.981393695 177.692291260 0.022094475 0.999028027 0.038140971 -30.306459427 -0.981709421 0.028895797 -0.188179672 313.567626953
-0.174971119 -0.034379091 0.983973145 178.721603394 0.022759546 0.998981953 0.038950596 -30.277235031 -0.984310448 0.029210018 -0.174010530 313.396453857
-0.162641242 -0.035630748 0.986041665 179.776000977 0.022484751 0.998954296 0.039806064 -30.240852356 -0.986429036 0.028645009 -0.161670029 313.223449707
-0.152006954 -0.036409438 0.987708628 180.825592041 0.021573067 0.998960912 0.040144291 -30.207815170 -0.988143921 0.027410112 -0.151063561 313.077941895
-0.142526716 -0.038252134 0.989051461 181.918548584 0.022123963 0.998880208 0.041820414 -30.174463272 -0.989543676 0.027842266 -0.141520798 312.928863525
-0.133946911 -0.038984284 0.990221381 183.001144409 0.022980912 0.998835087 0.042432006 -30.142715454 -0.990722060 0.028439825 -0.132894948 312.784301758
-0.126692191 -0.039793178 0.991143525 184.088317871 0.023967255 0.998780549 0.043163385 -30.105379105 -0.991652429 0.029223457 -0.125583947 312.648712158
-0.120689288 -0.040684473 0.991856158 185.178054810 0.025388699 0.998706579 0.044054754 -30.064699173 -0.992365599 0.030498873 -0.119500227 312.514648438
-0.115929917 -0.041860696 0.992374837 186.285217285 0.026205853 0.998634815 0.045186125 -30.025341034 -0.992911756 0.031244464 -0.114674620 312.387298584
-0.111656420 -0.043078195 0.992812812 187.395965576 0.026281187 0.998582482 0.046284255 -29.987277985 -0.993399322 0.031260233 -0.110366002 312.270935059
-0.107916027 -0.044402350 0.993167937 188.519454956 0.026912313 0.998505414 0.047565233 -29.944467545 -0.993795633 0.031861499 -0.106559783 312.152252197
-0.105324343 -0.047006216 0.993326306 189.647735596 0.026170526 0.998405159 0.050021473 -29.895803452 -0.994093597 0.031264346 -0.103926167 312.039123535
-0.104542404 -0.051317953 0.993195534 190.784271240 0.023993744 0.998246968 0.054104503 -29.849548340 -0.994231105 0.029486686 -0.103127807 311.932739258
-0.104211122 -0.055978116 0.992978632 191.937332153 0.022258703 0.998033464 0.058599081 -29.794641495 -0.994306087 0.028209088 -0.102760181 311.817810059
-0.104168341 -0.059804995 0.992759943 193.104339600 0.021429455 0.997823596 0.062358592 -29.732219696 -0.994328797 0.027770093 -0.102660052 311.707153320
-0.104447313 -0.063989148 0.992469609 194.266448975 0.021805558 0.997540772 0.066610903 -29.670280457 -0.994291365 0.028598685 -0.102795124 311.590209961
-0.104876727 -0.065363050 0.992334843 195.450424194 0.020178055 0.997492552 0.067835309 -29.601593018 -0.994280457 0.027137728 -0.103294834 311.472290039
-0.106282249 -0.063404173 0.992312491 196.622970581 0.019571520 0.997638166 0.065840691 -29.535121918 -0.994143367 0.026418757 -0.104790315 311.357452393
-0.107639655 -0.061834153 0.992265105 197.802688599 0.019712873 0.997735023 0.064313442 -29.468708038 -0.993994474 0.026483065 -0.106176920 311.235504150
-0.109278128 -0.065185554 0.991871417 198.983856201 0.019865738 0.997504950 0.067744464 -29.410541534 -0.993812621 0.027107248 -0.107710503 311.102020264
-0.112733521 -0.068716891 0.991246402 200.200317383 0.020747028 0.997225523 0.071490936 -29.338058472 -0.993408561 0.028624840 -0.110995077 310.974548340
-0.115823619 -0.074936271 0.990439057 201.387496948 0.021570358 0.996725202 0.077934347 -29.262376785 -0.993035614 0.030390762 -0.113827899 310.837310791
-0.119756542 -0.081054009 0.989489079 202.611968994 0.023152424 0.996162713 0.084402785 -29.188636780 -0.992533267 0.033016857 -0.117420398 310.687652588
-0.124565110 -0.086004920 0.988476932 203.802856445 0.025633214 0.995624781 0.089857057 -29.101427078 -0.991880178 0.036530901 -0.121815532 310.537170410
-0.129635036 -0.088581920 0.987597048 204.994598389 0.027290393 0.995305538 0.092855535 -29.012342453 -0.991186202 0.038989235 -0.126609027 310.382324219
-0.134541959 -0.089849487 0.986826003 206.186798096 0.028141202 0.995132506 0.094442494 -28.919494629 -0.990508199 0.040476944 -0.131358594 310.226409912
-0.140230775 -0.089811191 0.986037135 207.370849609 0.030135639 0.995029032 0.094915979 -28.820760727 -0.989660203 0.043024994 -0.136827171 310.065612793
-0.145902261 -0.091625646 0.985046804 208.572036743 0.030288607 0.994821429 0.097021118 -28.731206894 -0.988835275 0.043991290 -0.142371461 309.882293701
-0.152583838 -0.095152497 0.983699203 209.760055542 0.029080369 0.994491041 0.100707106 -28.627271652 -0.987862587 0.043972615 -0.148976192 309.714782715
-0.159047469 -0.099926218 0.982200980 210.959381104 0.027505459 0.994029939 0.105583623 -28.523889542 -0.986887693 0.043808695 -0.155349433 309.519927979
-0.166545063 -0.104384162 0.980493128 212.145050049 0.026867557 0.993531108 0.110335886 -28.417741776 -0.985667706 0.044719353 -0.162663162 309.328765869
-0.174539626 -0.104896314 0.979046762 213.334320068 0.026566349 0.993445694 0.111175150 -28.302886963 -0.984291732 0.045414161 -0.170608908 309.126068115
-0.182478964 -0.107653275 0.977298319 214.521484375 0.026103362 0.993106902 0.114268608 -28.181251526 -0.982863188 0.046362396 -0.178410992 308.910461426
-0.191588134 -0.109405831 0.975358546 215.723297119 0.025741840 0.992865682 0.116426013 -28.060241699 -0.981137693 0.047413368 -0.187404975 308.683929443
-0.200461850 -0.111872524 0.973293185 216.915039062 0.025362432 0.992533267 0.119307734 -27.935323715 -0.979373038 0.048601739 -0.196127698 308.445770264
-0.209871486 -0.112181887 0.971271932 218.102722168 0.025603030 0.992424667 0.120157294 -27.814594269 -0.977393687 0.050085090 -0.205409423 308.198974609
-0.219485968 -0.112483099 0.969109654 219.281738281 0.025641512 0.992323160 0.120984785 -27.689041138 -0.975278616 0.051403895 -0.214916766 307.942504883
-0.228484482 -0.108770736 0.967452109 220.453048706 0.023746429 0.992820680 0.117231123 -27.567943573 -0.973257840 0.049759027 -0.224261254 307.674102783
-0.238523930 -0.102796003 0.965680718 221.599578857 0.025758252 0.993362367 0.112105004 -27.450195312 -0.970794916 0.051613968 -0.234292910 307.390747070
-0.248684779 -0.098424770 0.963570654 222.757644653 0.026096823 0.993781507 0.108245932 -27.333667755 -0.968232810 0.052065253 -0.244569793 307.099060059
-0.260649264 -0.097518370 0.960495770 223.901000977 0.028107235 0.993697166 0.108516723 -27.210386276 -0.965024233 0.055281688 -0.256265402 306.807312012
-0.271366000 -0.100486405 0.957216382 225.015350342 0.027020980 0.993347526 0.111939713 -27.104610443 -0.962096870 0.056241546 -0.266845495 306.493286133
-0.284226149 -0.100106344 0.953516901 226.125701904 0.026226342 0.993349969 0.112105921 -26.992351532 -0.958398461 0.056870677 -0.279710650 306.167633057
-0.298942208 -0.098010860 0.949224651 227.233871460 0.026183819 0.993494630 0.110828035 -26.882213593 -0.953911960 0.057985507 -0.294431180 305.822387695
-0.314302862 -0.097817421 0.944269776 228.338668823 0.023522504 0.993569374 0.110753909 -26.773960114 -0.949031353 0.057021867 -0.309980780 305.463104248
-0.329170883 -0.096980862 0.939276993 229.408996582 0.022760954 0.993607998 0.110567145 -26.667076111 -0.943996072 0.057774320 -0.324859411 305.095764160
-0.344200015 -0.095511563 0.934025645 230.470520020 0.021929149 0.993723094 0.109697267 -26.559753418 -0.938640296 0.058240179 -0.339945018 304.711944580
-0.359010965 -0.094218887 0.928565502 231.509796143 0.021426601 0.993797421 0.109121919 -26.454364777 -0.933087409 0.059071969 -0.354765326 304.309906006
-0.374407202 -0.095032044 0.922381759 232.583221436 0.018352108 0.993780136 0.109837510 -26.350360870 -0.927082777 0.058051620 -0.370334327 303.899230957
-0.389750659 -0.095346414 0.915971339 233.604064941 0.014728351 0.993853331 0.109720409 -26.244155884 -0.920802593 0.056254342 -0.385950685 303.476837158
-0.404728860 -0.095192946 0.909468472 234.626495361 0.011977521 0.993929565 0.109363593 -26.137287140 -0.914358258 0.055155780 -0.401131719 303.031951904
-0.419511914 -0.094519421 0.902815580 235.614624023 0.009820829 0.994033396 0.108632833 -26.039390564 -0.907696664 0.054439161 -0.416080534 302.577575684
-0.434562564 -0.092902794 0.895837247 236.601440430 0.008579310 0.994193435 0.107264556 -25.939569473 -0.900600791 0.054298829 -0.431242198 302.111389160
-0.448633730 -0.090612866 0.889110267 237.618087769 0.010483399 0.994244814 0.106617339 -25.832107544 -0.893654227 0.057153016 -0.445101768 301.596038818
-0.463267297 -0.087843187 0.881854296 238.581542969 0.011454847 0.994398654 0.105071560 -25.733757019 -0.886144519 0.058777723 -0.459666103 301.098114014
-0.477219820 -0.084475964 0.874714315 239.535797119 0.013698233 0.994532883 0.103520893 -25.634258270 -0.878677249 0.061384264 -0.473453581 300.572387695
-0.491100609 -0.081318803 0.867298901 240.470108032 0.015511950 0.994658947 0.102043703 -25.553337097 -0.870964706 0.063567229 -0.487216204 300.056060791
-0.504205942 -0.079020828 0.859960377 241.385437012 0.016911717 0.994710207 0.101318404 -25.463829041 -0.863417745 0.065628760 -0.500202477 299.519439697
-0.517000973 -0.077452563 0.852473438 242.292007446 0.016693788 0.994796157 0.100507788 -25.370010376 -0.855822027 0.066193625 -0.513017595 298.973022461
-0.529395163 -0.074819691 0.845069647 243.174591064 0.016507365 0.995006502 0.098435648 -25.297134399 -0.848214805 0.066061229 -0.525516391 298.428833008
-0.541822255 -0.071571454 0.837440252 244.048828125 0.015832877 0.995321870 0.095308557 -25.213947296 -0.840343893 0.064899385 -0.538154244 297.869415283
-0.554150462 -0.068630613 0.829582572 244.907562256 0.013493323 0.995723784 0.091388702 -25.134458542 -0.832307160 0.061836895 -0.550854683 297.316711426
-0.565742552 -0.063966274 0.822097063 245.753982544 0.014333769 0.996073008 0.087367170 -25.059608459 -0.824457347 0.061211083 -0.562604070 296.728729248
-0.577509046 -0.058573127 0.814280331 246.572158813 0.016436717 0.996386409 0.083329797 -24.980901718 -0.816218793 0.061507806 -0.574459493 296.143798828
-0.589594364 -0.060272537 0.805447519 247.377883911 0.015482888 0.996185184 0.085879244 -24.916446686 -0.807551146 0.063104570 -0.586412072 295.563110352
-0.601390064 -0.062794372 0.796484113 248.156188965 0.014006579 0.995924652 0.089093916 -24.851045609 -0.798832834 0.064736195 -0.598059714 294.977416992
-0.612537742 -0.064009495 0.787845373 248.912582397 0.011497978 0.995888770 0.089851744 -24.784317017 -0.790357709 0.064096205 -0.609283507 294.387451172
-0.625091910 -0.058616843 0.778347075 249.646255493 0.009920744 0.996499002 0.083013095 -24.721794128 -0.780488133 0.059612580 -0.622322023 293.814849854
-0.636947870 -0.057244163 0.768778563 250.366989136 0.006676620 0.996792138 0.079754017 -24.660245895 -0.770878017 0.055931978 -0.634522378 293.222106934
-0.648059487 -0.058612980 0.759331048 251.058975220 0.002601264 0.996857882 0.079167828 -24.602163315 -0.761585295 0.053280685 -0.645870686 292.638458252
-0.659315705 -0.060756937 0.749407470 251.736053467 0.001591065 0.996614695 0.082198627 -24.545436859 -0.751864612 0.055387210 -0.656987011 292.059814453
-0.669744551 -0.059483979 0.740205288 252.372772217 0.001804920 0.996653378 0.081725605 -24.495700836 -0.742589295 0.056071289 -0.667395711 291.477264404
-0.680559635 -0.058514059 0.730352461 252.988677979 0.001111176 0.996722400 0.080890380 -24.445001602 -0.732691765 0.055862274 -0.678263903 290.900238037
-0.692033112 -0.057973769 0.719533920 253.591873169 -0.000900262 0.996838450 0.079450682 -24.394191742 -0.721865058 0.054334741 -0.689897418 290.337738037
-0.702980876 -0.057290036 0.708897591 254.159790039 -0.001711536 0.996883631 0.078866594 -24.346397400 -0.711206675 0.054228399 -0.700888276 289.765686035
-0.715120256 -0.056269728 0.696732879 254.701080322 -0.000024166 0.996756494 0.080475524 -24.295570374 -0.699001431 0.057532839 -0.712802172 289.201507568
-0.727762640 -0.053988166 0.683700740 255.215133667 0.003773713 0.996566296 0.082710400 -24.253730774 -0.685818553 0.062773630 -0.725060105 288.644226074
-0.740851581 -0.050670125 0.669754803 255.702423096 0.009265069 0.996284485 0.085622244 -24.210157394 -0.671604812 0.069638707 -0.737629533 288.084014893
-0.754008651 -0.047247674 0.655163109 256.150695801 0.013353752 0.996101081 0.087203152 -24.170089722 -0.656728804 0.074500814 -0.750437796 287.550811768
-0.766909301 -0.041996874 0.640379965 256.576629639 0.016290592 0.996260941 0.084845319 -24.126281738 -0.641548812 0.075500824 -0.763357580 287.017211914
-0.780942678 -0.034374811 0.623656213 256.982208252 0.019776557 0.996623039 0.079696283 -24.087909698 -0.624289632 0.074571989 -0.777625501 286.492736816
-0.795510828 -0.025165606 0.605416656 257.361816406 0.024814203 0.996946096 0.074046023 -24.054059982 -0.605431199 0.073927335 -0.792456806 285.959228516
-0.810973287 -0.016903922 0.584839165 257.712677002 0.029045939 0.997186899 0.069099054 -24.011047363 -0.584362090 0.073024668 -0.808200717 285.427490234
-0.827665150 -0.012988701 0.561072171 258.043762207 0.030544175 0.997207940 0.068142392 -23.982192993 -0.560390472 0.073536560 -0.824957371 284.927429199
-0.844390690 -0.007666051 0.535673082 258.348693848 0.034955531 0.996978462 0.069368832 -23.951019287 -0.534586310 0.077299125 -0.841571331 284.408142090
-0.861121893 -0.000993477 0.508397639 258.620544434 0.039937306 0.996775687 0.069593467 -23.919605255 -0.506827593 0.080232486 -0.858305633 283.895690918
-0.878147960 0.005956711 0.478351980 258.861968994 0.043816697 0.996721029 0.068025991 -23.891937256 -0.476378143 0.080696687 -0.875529528 283.381164551
-0.895998180 0.011347555 0.443912923 259.115783691 0.044655658 0.996908426 0.064649895 -23.859228134 -0.441806763 0.077749394 -0.893734813 282.844848633
-0.913138688 0.017638518 0.407267421 259.305114746 0.046245620 0.997096062 0.060504131 -23.839735031 -0.405017555 0.074082986 -0.911302626 282.342163086
-0.929993749 0.023860518 0.366800427 259.491729736 0.047814898 0.997264981 0.056358401 -23.817146301 -0.364452481 0.069951460 -0.928590953 281.816253662
-0.944491625 0.031842854 0.326989114 259.606933594 0.052156154 0.997202635 0.053540785 -23.790355682 -0.324369550 0.067623295 -0.943510234 281.282470703
-0.958285451 0.037669137 0.283319861 259.734008789 0.054033242 0.997278273 0.050164666 -23.762035370 -0.280659080 0.063380755 -0.957712591 280.740600586
-0.970904887 0.037720848 0.236475974 259.858154297 0.050219722 0.997629166 0.047054075 -23.740455627 -0.234140456 0.057560794 -0.970497251 280.196685791
-0.981716394 0.037126895 0.186693534 259.935638428 0.046488281 0.997858346 0.046016227 -23.727499008 -0.184585288 0.053853944 -0.981339931 279.648010254
-0.990321875 0.036370996 0.133939832 259.982727051 0.042512935 0.998157859 0.043284304 -23.699037552 -0.132118881 0.048559569 -0.990043700 279.099670410
-0.996263862 0.037658140 0.077717617 260.008056641 0.041082986 0.998232245 0.042949535 -23.686006546 -0.075962886 0.045981940 -0.996049881 278.543579102
-0.999162555 0.035813712 0.019789977 259.988555908 0.036668327 0.998329222 0.044655629 -23.659605026 -0.018157640 0.045343876 -0.998806417 278.018646240
-0.998629689 0.034383718 -0.039452612 259.942230225 0.032439061 0.998276055 0.048915211 -23.642208099 0.041066494 0.047568370 -0.998023391 277.458801270
-0.994443476 0.035025369 -0.099274524 259.861022949 0.029957384 0.998193026 0.052089389 -23.614151001 0.100919597 0.048825938 -0.993695736 276.875396729
-0.986388505 0.035030343 -0.160657108 259.744110107 0.026217237 0.998049736 0.056652613 -23.587472916 0.162328318 0.051669504 -0.985383093 276.291992188
-0.974152505 0.033549100 -0.223386288 259.593414307 0.020142561 0.997871220 0.062025998 -23.560607910 0.224991649 0.055923205 -0.972754419 275.706726074
-0.957738996 0.033409521 -0.285691977 259.388275146 0.013886967 0.997444093 0.070089608 -23.531692505 0.287303388 0.063160159 -0.955754936 275.130676270
-0.937316000 0.028228030 -0.347335488 259.148986816 0.002066479 0.997146606 0.075461760 -23.487522125 0.348474503 0.070013747 -0.934699714 274.557403564
-0.912422419 0.025266889 -0.408468932 258.892761230 -0.008176890 0.996767581 0.079922825 -23.448898315 0.409167975 0.076263383 -0.909266412 273.991607666
-0.884756505 0.024509478 -0.465408683 258.568481445 -0.016154448 0.996403456 0.083182991 -23.403760910 0.465773493 0.081115097 -0.881178379 273.427886963
-0.854694605 0.025416816 -0.518508434 258.192932129 -0.022719979 0.996012270 0.086274594 -23.361646652 0.518633604 0.085518919 -0.850708902 272.867340088
-0.822082877 0.025328958 -0.568804204 257.802124023 -0.028099172 0.995987833 0.084962770 -23.312995911 0.568674088 0.085829385 -0.818072796 272.320190430
-0.790130854 0.020735251 -0.612587392 257.359436035 -0.036373798 0.996079981 0.080631822 -23.260044098 0.611857951 0.085991815 -0.786279380 271.781036377
-0.759627283 0.018532285 -0.650094569 256.879882812 -0.041943319 0.996116996 0.077406593 -23.207229614 0.649004817 0.086067289 -0.755900264 271.251464844
-0.730857670 0.021535577 -0.682190120 256.366577148 -0.042134319 0.996172190 0.076587640 -23.154369354 0.681228220 0.084718265 -0.727152646 270.719696045
-0.704430938 0.025639452 -0.709309340 255.812744141 -0.041534919 0.996145666 0.077257022 -23.099695206 0.708556175 0.083883330 -0.700650811 270.204681396
-0.680960774 0.028540099 -0.731763542 255.227737427 -0.041022170 0.996184647 0.077027224 -23.047988892 0.731170058 0.082471050 -0.677191854 269.677307129
-0.661657870 0.030695884 -0.749177337 254.627899170 -0.040423300 0.996248186 0.076520100 -22.990596771 0.748715401 0.080914341 -0.657934666 269.157989502
-0.647292078 0.035258673 -0.761426210 253.994964600 -0.032854877 0.996710718 0.074083865 -22.930566788 0.761533737 0.072970457 -0.644004405 268.642425537
-0.637947023 0.041330971 -0.768970490 253.333297729 -0.024319870 0.996979296 0.073762141 -22.878652573 0.769696236 0.065757580 -0.635014713 268.120727539
-0.633498907 0.044632964 -0.772455275 252.673080444 -0.019288473 0.997113645 0.073432527 -22.825157166 0.773503244 0.061418913 -0.630809367 267.595855713
-0.631706297 0.047290094 -0.773764074 251.966476440 -0.016922457 0.997058511 0.074752778 -22.763490677 0.775023043 0.060315780 -0.629047811 267.027099609
