1.000000000 0.000000000 0.000000000 0.000000000 0.000000000 1.000000000 0.000000001 0.000000000 0.000000000 0.000000001 0.999999940 0.000000000
0.999997556 -0.001677615 -0.001434221 -0.002483064 0.001676347 0.999998212 -0.000885231 -0.008486159 0.001435704 0.000882827 0.999998510 0.564135015
0.999995530 -0.001795454 -0.002398992 -0.008073146 0.001789277 0.999995112 -0.002574455 -0.017638840 0.002403603 0.002570154 0.999993742 1.119321346
0.999986649 -0.002498460 -0.004525586 -0.009292696 0.002482435 0.999990642 -0.003543070 -0.035195976 0.004534395 0.003531791 0.999983430 1.684831500
0.999970376 -0.004331773 -0.006359675 -0.020457238 0.004296501 0.999975383 -0.005549463 -0.041194003 0.006383557 0.005521976 0.999964297 2.251342297
0.999945045 -0.006951258 -0.007849461 -0.023783075 0.006892371 0.999948084 -0.007503650 -0.056653813 0.007901222 0.007449134 0.999941051 2.812115431
0.999922335 -0.008159854 -0.009418488 -0.028986484 0.008082800 0.999933779 -0.008190034 -0.068581276 0.009484701 0.008113271 0.999922097 3.386224031
0.999908864 -0.008106723 -0.010792436 -0.040337231 0.008025889 0.999939561 -0.007512057 -0.081561610 0.010852691 0.007424754 0.999913514 3.969891787
0.999893785 -0.008642538 -0.011733018 -0.052018214 0.008550363 0.999932349 -0.007883399 -0.096008264 0.011800364 0.007782242 0.999900043 4.562546730
0.999883890 -0.007962982 -0.012992606 -0.061916687 0.007824175 0.999912083 -0.010699405 -0.111447483 0.013076662 0.010596508 0.999858260 5.155761242
0.999879897 -0.006292352 -0.014159919 -0.078407504 0.006087253 0.999876559 -0.014480987 -0.127060711 0.014249289 0.014393055 0.999794900 5.758703709
0.999865890 -0.005185009 -0.015538540 -0.093959667 0.004902535 0.999822974 -0.018161966 -0.139751837 0.015629956 0.018083351 0.999714255 6.375865459
0.999855578 -0.003111970 -0.016709469 -0.110216863 0.002808955 0.999831617 -0.018127024 -0.154644862 0.016763065 0.018077470 0.999696016 7.001306057
0.999836326 -0.001072496 -0.018056646 -0.120259695 0.000867810 0.999935329 -0.011339640 -0.163481712 0.018067649 0.011322117 0.999772608 7.644196510
0.999830127 -0.000003321 -0.018431801 -0.141791135 -0.000010388 0.999999762 -0.000743553 -0.176808387 0.018431805 0.000743621 0.999829829 8.303771019
0.999809861 0.000710389 -0.019490985 -0.157043159 -0.000596969 0.999982834 0.005824441 -0.187066153 0.019494796 -0.005811694 0.999793053 8.988993645
0.999774933 0.003061529 -0.020994095 -0.173817173 -0.002960138 0.999983788 0.004859207 -0.203699589 0.021008633 -0.004795968 0.999767721 9.672421455
0.999756217 0.005089193 -0.021487100 -0.199050546 -0.005140922 0.999984026 -0.002352628 -0.210294157 0.021474781 0.002462519 0.999766350 10.364236832
0.999731362 0.004779416 -0.022684833 -0.217412144 -0.004966998 0.999953806 -0.008219646 -0.210977674 0.022644505 0.008330114 0.999708831 11.072395325
0.999710798 0.002274542 -0.023944078 -0.234632939 -0.002436129 0.999974370 -0.006721207 -0.211276621 0.023928177 0.006777593 0.999690592 11.812821388
0.999707997 0.001955669 -0.024082473 -0.261241436 -0.001894675 0.999994934 0.002555568 -0.223495707 0.024087355 -0.002509195 0.999706686 12.573238373
0.999700367 0.001645975 -0.024420457 -0.283222616 -0.001403809 0.999949694 0.009930627 -0.228005439 0.024435578 -0.009893373 0.999652445 13.350476265
0.999690056 0.000589016 -0.024890039 -0.308755040 -0.000281735 0.999923706 0.012347514 -0.229922175 0.024895417 -0.012336673 0.999613881 14.141050339
0.999682248 -0.001098939 -0.025183188 -0.325965524 0.001385558 0.999934435 0.011367015 -0.230574012 0.025169048 -0.011398297 0.999618232 14.946101189
0.999693274 -0.001730911 -0.024706466 -0.346813470 0.001952063 0.999958277 0.008929964 -0.230141521 0.024689982 -0.008975447 0.999654830 15.781174660
0.999709785 0.000814148 -0.024076028 -0.374793530 -0.000682754 0.999984920 0.005465271 -0.228448480 0.024080113 -0.005447241 0.999695182 16.620077133
0.999724507 -0.002452092 -0.023341857 -0.394129008 0.002447631 0.999997020 -0.000219588 -0.233836472 0.023342326 0.000162403 0.999727488 17.476608276
0.999731004 -0.005118380 -0.022624154 -0.410847992 0.004975677 0.999967456 -0.006359246 -0.244635642 0.022655966 0.006244969 0.999723792 18.344951630
0.999756515 -0.003761202 -0.021739651 -0.429102600 0.003508147 0.999925733 -0.011666461 -0.262327850 0.021781925 0.011587352 0.999695718 19.262443542
0.999771774 -0.002456451 -0.021224642 -0.459152400 0.002190973 0.999919236 -0.012521990 -0.277340531 0.021253703 0.012472627 0.999696314 20.168472290
0.999753594 -0.002483073 -0.022059752 -0.475887924 0.002218611 0.999925554 -0.012004565 -0.295673788 0.022087933 0.011952665 0.999684632 21.107456207
0.999758065 -0.000837489 -0.021978399 -0.505598485 0.000542589 0.999909759 -0.013419961 -0.321204305 0.021987673 0.013404788 0.999668419 22.046239853
0.999760211 0.002254482 -0.021787038 -0.527572274 -0.002590258 0.999878168 -0.015395646 -0.345372856 0.021749685 0.015448385 0.999643981 23.014141083
0.999738991 0.005409289 -0.022198983 -0.554387987 -0.005768690 0.999852836 -0.016157834 -0.369064510 0.022108324 0.016281676 0.999622881 23.980272293
0.999735594 0.007107985 -0.021868115 -0.589063048 -0.007460424 0.999842882 -0.016077267 -0.396832138 0.021750407 0.016236164 0.999631524 24.953548431
0.999727428 0.008279387 -0.021828266 -0.623926759 -0.008633945 0.999831498 -0.016199037 -0.423545986 0.021690475 0.016383085 0.999630451 25.934412003
0.999716938 0.007735126 -0.022497309 -0.639997065 -0.008098770 0.999837339 -0.016117850 -0.451019734 0.022368982 0.016295489 0.999616921 26.911418915
0.999699533 0.009416602 -0.022630593 -0.669393122 -0.009753827 0.999842346 -0.014837254 -0.489474893 0.022487292 0.015053533 0.999633729 27.959215164
0.999687672 0.009977598 -0.022910837 -0.696030557 -0.010270025 0.999866843 -0.012681616 -0.517785013 0.022781234 0.012912952 0.999657035 28.974411011
0.999675453 0.010664320 -0.023134852 -0.725797296 -0.010930205 0.999875307 -0.011396859 -0.547105610 0.023010407 0.011646030 0.999667346 29.997844696
0.999664724 0.010967374 -0.023455143 -0.747854292 -0.011260914 0.999859512 -0.012419563 -0.573239565 0.023315618 0.012679524 0.999647737 31.030916214
0.999654830 0.011779312 -0.023480991 -0.783657134 -0.012103319 0.999832809 -0.013704997 -0.599984944 0.023315636 0.013984465 0.999630332 32.054775238
0.999650061 0.011497358 -0.023820478 -0.815077484 -0.011804465 0.999848545 -0.012792677 -0.625958323 0.023669802 0.013069389 0.999634385 33.094028473
0.999642015 0.011381160 -0.024210338 -0.847423673 -0.011633671 0.999879122 -0.010315044 -0.650642633 0.024090026 0.010593005 0.999653637 34.148475647
0.999631107 0.011255471 -0.024713371 -0.880398989 -0.011421056 0.999913156 -0.006569623 -0.678266406 0.024637293 0.006849453 0.999672949 35.205226898
0.999613643 0.011079993 -0.025490290 -0.904716372 -0.011190899 0.999928474 -0.004212155 -0.700459838 0.025441810 0.004495788 0.999666095 36.284965515
0.999603987 0.011408497 -0.025727449 -0.940984845 -0.011509879 0.999926507 -0.003795808 -0.717595458 0.025682271 0.004090426 0.999661744 37.356388092
0.999597132 0.010829106 -0.026234964 -0.974076629 -0.010966246 0.999926865 -0.005088934 -0.741258204 0.026177950 0.005374584 0.999642730 38.448379517
0.999568343 0.011258954 -0.027136268 -1.008603096 -0.011419657 0.999918103 -0.005774154 -0.759504199 0.027069045 0.006081550 0.999614954 39.525398254
0.999554574 0.010527165 -0.027925881 -1.042052984 -0.010656181 0.999933243 -0.004475122 -0.787249207 0.027876904 0.004770712 0.999599934 40.615318298
0.999522269 0.011153428 -0.028824179 -1.079176188 -0.011241338 0.999932647 -0.002889572 -0.800414741 0.028790005 0.003212214 0.999580264 41.701686859
0.999514997 0.010470030 -0.029329104 -1.120588303 -0.010469522 0.999945223 0.000170949 -0.831118703 0.029329287 0.000136195 0.999569774 42.793087006
0.999484897 0.012265479 -0.029657152 -1.164337635 -0.012266164 0.999924779 0.000158981 -0.855133951 0.029656874 0.000204880 0.999560058 43.869350433
0.999451399 0.013282865 -0.030337071 -1.185934424 -0.013403143 0.999903023 -0.003764804 -0.878338397 0.030284122 0.004169351 0.999532580 44.962078094
0.999437869 0.014476096 -0.030236952 -1.227067828 -0.014719968 0.999860823 -0.007858370 -0.899077952 0.030118978 0.008299041 0.999511838 46.042114258
0.999432504 0.014838270 -0.030239101 -1.269202232 -0.015090076 0.999853194 -0.008116023 -0.924215019 0.030114233 0.008567728 0.999509692 47.122165680
0.999421775 0.015540518 -0.030240789 -1.308800101 -0.015714018 0.999861360 -0.005508113 -0.947805285 0.030150991 0.005980134 0.999527454 48.223667145
0.999428689 0.016106870 -0.029710528 -1.344892859 -0.016216356 0.999862552 -0.003447755 -0.972427309 0.029650912 0.003927585 0.999552488 49.317615509
0.999450147 0.014587527 -0.029773241 -1.380109787 -0.014658686 0.999890208 -0.002173001 -0.994306684 0.029738273 0.002608246 0.999554157 50.405960083
0.999455035 0.014655243 -0.029578440 -1.413892508 -0.014744410 0.999887347 -0.002798602 -1.019351721 0.029534096 0.003233197 0.999558449 51.495571136
0.999479294 0.013873097 -0.029133644 -1.457219243 -0.014022294 0.999889553 -0.004922871 -1.040172100 0.029062124 0.005328828 0.999563336 52.593132019
0.999484241 0.013769362 -0.029008208 -1.486822486 -0.013982360 0.999876678 -0.007152519 -1.061850309 0.028906127 0.007554434 0.999553502 53.680496216
0.999495447 0.013378111 -0.028807681 -1.522818327 -0.013655370 0.999862134 -0.009449127 -1.096012592 0.028677281 0.009837739 0.999540269 54.774620056
0.999531984 0.011338241 -0.028416151 -1.561905503 -0.011702136 0.999851227 -0.012672282 -1.127542615 0.028268242 0.012998883 0.999515831 55.869091034
0.999549270 0.009834724 -0.028365849 -1.593168020 -0.010243898 0.999845028 -0.014315686 -1.160182953 0.028220661 0.014599814 0.999495029 56.955356598
0.999585211 0.007787010 -0.027726669 -1.626740575 -0.008116093 0.999897778 -0.011776014 -1.194551229 0.027632130 0.011996164 0.999546170 58.033187866
0.999586105 0.006949034 -0.027915806 -1.654145241 -0.007129397 0.999954343 -0.006366596 -1.213963747 0.027870297 0.006562985 0.999589980 59.147300720
0.999605060 0.005320458 -0.027593559 -1.685526371 -0.005336377 0.999985635 -0.000503245 -1.233746767 0.027590493 0.000650297 0.999619067 60.239372253
0.999612927 0.003697198 -0.027573034 -1.715641975 -0.003692858 0.999993026 0.000208453 -1.255153298 0.027573623 -0.000106551 0.999619782 61.338718414
0.999615073 0.000479069 -0.027735746 -1.741917372 -0.000557255 0.999995828 -0.002811161 -1.271027565 0.027734293 0.002825534 0.999611378 62.434196472
0.999623775 -0.001075819 -0.027402796 -1.779542208 0.000908102 0.999980688 -0.006132038 -1.290509224 0.027408866 0.006104846 0.999605715 63.522483826
0.999623001 0.001177352 -0.027431294 -1.818563938 -0.001448940 0.999950051 -0.009882809 -1.326914787 0.027418301 0.009918828 0.999574780 64.630996704
0.999621272 0.001277513 -0.027490381 -1.849826932 -0.001668766 0.999897599 -0.014214034 -1.352019668 0.027469417 0.014254525 0.999520957 65.724029541
0.999630034 0.004477296 -0.026829785 -1.885818839 -0.004879678 0.999876261 -0.014950815 -1.381925344 0.026759541 0.015076203 0.999528110 66.820190430
0.999638140 0.007920887 -0.025706749 -1.939092875 -0.008214422 0.999902070 -0.011333329 -1.413794994 0.025614465 0.011540396 0.999605179 67.935539246
0.999631047 0.009284569 -0.025528867 -1.975562572 -0.009524937 0.999911308 -0.009310259 -1.439300060 0.025440158 0.009549986 0.999630690 69.030212402
0.999637365 0.008451685 -0.025565628 -2.005043030 -0.008668797 0.999927223 -0.008393671 -1.468657255 0.025492823 0.008612253 0.999637842 70.122772217
0.999641895 0.007112313 -0.025797321 -2.034679413 -0.007316187 0.999942720 -0.007817096 -1.494111776 0.025740238 0.008003034 0.999636650 71.235832214
0.999646902 0.006129222 -0.025854981 -2.068457127 -0.006292263 0.999960899 -0.006229276 -1.523242712 0.025815779 0.006389763 0.999646246 72.326362610
0.999643743 0.004450860 -0.026315920 -2.099256277 -0.004562974 0.999980807 -0.004201769 -1.550195098 0.026296701 0.004320350 0.999644876 73.429061890
0.999630511 0.003847577 -0.026907150 -2.133584023 -0.003920864 0.999988735 -0.002671157 -1.574866056 0.026896581 0.002775674 0.999634326 74.530380249
0.999624252 0.003270300 -0.027214438 -2.169314146 -0.003366493 0.999988258 -0.003489217 -1.603756309 0.027202716 0.003579529 0.999623537 75.616668701
0.999601185 0.003207058 -0.028055534 -2.202097416 -0.003419041 0.999965966 -0.007510948 -1.629765987 0.028030505 0.007603874 0.999578118 76.707366943
0.999572635 0.004052768 -0.028951688 -2.234969616 -0.004331767 0.999944806 -0.009580258 -1.654967308 0.028911281 0.009701576 0.999534845 77.789024353
0.999552548 0.005575996 -0.029386664 -2.274880648 -0.005813532 0.999951184 -0.008003924 -1.681660175 0.029340578 0.008171185 0.999536037 78.877685547
0.999526203 0.006901173 -0.029998664 -2.314339161 -0.007017261 0.999968290 -0.003766251 -1.704659939 0.029971711 0.003974975 0.999542773 79.955017090
0.999503911 0.007824324 -0.030508455 -2.353950977 -0.007812031 0.999969423 0.000522202 -1.734543800 0.030511588 -0.000283608 0.999534488 81.035850525
0.999472678 0.009028634 -0.031190809 -2.395259619 -0.008998957 0.999958932 0.001091789 -1.753142357 0.031199370 -0.000810526 0.999512911 82.106559753
0.999463379 0.008992453 -0.031494658 -2.435784101 -0.009038344 0.999958336 -0.001315012 -1.768675208 0.031481508 0.001598968 0.999503076 83.177734375
0.999446988 0.008812843 -0.032062173 -2.478073835 -0.008874197 0.999958992 -0.001771516 -1.796969652 0.032045245 0.002055064 0.999484301 84.251548767
0.999432981 0.008031897 -0.032693874 -2.514485836 -0.008095992 0.999965549 -0.001828373 -1.820821285 0.032678057 0.002092028 0.999463797 85.306221008
0.999413013 0.006706595 -0.033595197 -2.549692869 -0.006759267 0.999976039 -0.001454280 -1.839921474 0.033584636 0.001680507 0.999434412 86.338958740
0.999405444 0.006128517 -0.033930030 -2.590995312 -0.006145119 0.999981165 -0.000384979 -1.863530278 0.033927027 0.000593254 0.999424100 87.386146545
0.999393702 0.006510658 -0.034202062 -2.632576227 -0.006434338 0.999976635 0.002341121 -1.885665894 0.034216512 -0.002119634 0.999412239 88.387557983
0.999370813 0.005401408 -0.035054147 -2.677827597 -0.005279411 0.999979734 0.003571971 -1.910201788 0.035072736 -0.003384658 0.999378979 89.364921570
0.999283254 0.004200670 -0.037619155 -2.711280584 -0.004071597 0.999985576 0.003507131 -1.925670862 0.037633348 -0.003351449 0.999285936 90.340507507
0.999156952 0.003479956 -0.040906113 -2.754034519 -0.003370572 0.999990642 0.002742789 -1.946292877 0.040915273 -0.002602601 0.999159217 91.270767212
0.999013007 0.003060246 -0.044312302 -2.801486015 -0.002987366 0.999994099 0.001710900 -1.965183496 0.044317279 -0.001576836 0.999016285 92.195236206
0.998870254 0.003078506 -0.047420826 -2.849925041 -0.002982978 0.999993384 0.002085213 -1.982219458 0.047426913 -0.001941399 0.998872817 93.087921143
0.998712003 0.004184817 -0.050565548 -2.899717808 -0.004036086 0.999987245 0.003043193 -1.999221802 0.050577622 -0.002835183 0.998716116 93.954788208
0.998549283 0.004780971 -0.053633213 -2.952414274 -0.004550397 0.999980032 0.004420379 -2.021485806 0.053653270 -0.004169913 0.998550892 94.799194336
0.998371363 0.006196130 -0.056712974 -3.004263401 -0.005866814 0.999965012 0.005971365 -2.035654783 0.056747988 -0.005628913 0.998372555 95.615272522
0.998228014 0.007272486 -0.059058793 -3.063750267 -0.006887016 0.999953747 0.006727836 -2.051119804 0.059104990 -0.006309173 0.998231828 96.401756287
0.998042464 0.009597488 -0.061799172 -3.111876249 -0.009166393 0.999931633 0.007255505 -2.069029570 0.061864574 -0.006674826 0.998062193 97.166503906
0.997828782 0.011225309 -0.064898394 -3.162169218 -0.010846681 0.999922097 0.006183602 -2.084418297 0.064962745 -0.005466242 0.997872710 97.895393372
0.997661948 0.012616931 -0.067167781 -3.222572565 -0.012472929 0.999918818 0.002562899 -2.102905750 0.067194663 -0.001719126 0.997738361 98.589996338
0.997459352 0.015315004 -0.069571912 -3.284283638 -0.015442190 0.999879837 -0.001290601 -2.112922907 0.069543779 0.002361667 0.997576058 99.268539429
0.997280419 0.016808413 -0.071758412 -3.330307722 -0.017143587 0.999844730 -0.004057459 -2.128906488 0.071679056 0.005276622 0.997413695 99.906661987
0.997173369 0.018850630 -0.072732024 -3.379982471 -0.019261204 0.999802172 -0.004947697 -2.144395113 0.072624356 0.006334620 0.997339249 100.523773193
0.997196138 0.021276066 -0.071743354 -3.433631897 -0.021653993 0.999755442 -0.004493951 -2.160260201 0.071630172 0.006034883 0.997412920 101.106040955
0.997380853 0.024966720 -0.067882523 -3.500386715 -0.025237778 0.999676526 -0.003138173 -2.173847675 0.067782193 0.004843159 0.997688293 101.678634644
0.997599781 0.027487211 -0.063554853 -3.515402794 -0.027642539 0.999616563 -0.001565784 -2.191957474 0.063487448 0.003318845 0.997977078 102.225555420
0.998069525 0.028273489 -0.055297680 -3.560760975 -0.028277064 0.999599874 0.000717985 -2.209261656 0.055295832 0.000847059 0.998469532 102.742225647
0.998546183 0.028393561 -0.045819853 -3.577830791 -0.028279880 0.999595165 0.003127665 -2.219923258 0.045890097 -0.001827337 0.998944759 103.236770630
0.999025345 0.027893603 -0.034211230 -3.575736046 -0.027761245 0.999605358 0.004337899 -2.234820127 0.034318708 -0.003383925 0.999405205 103.718292236
0.999415278 0.027022962 -0.020954285 -3.575026035 -0.026936263 0.999627531 0.004409118 -2.244935036 0.021065623 -0.003842109 0.999770761 104.177352905
0.999620497 0.026942080 -0.005755667 -3.567871809 -0.026923250 0.999632001 0.003325413 -2.253808260 0.005843136 -0.003169189 0.999977946 104.617485046
0.999601245 0.025484417 0.012165166 -3.545317173 -0.025490273 0.999675035 0.000325976 -2.266435146 -0.012152910 -0.000635940 0.999926031 105.038871765
0.999122798 0.025089495 0.033528715 -3.520956516 -0.024963070 0.999679565 -0.004184179 -2.278776646 -0.033622954 0.003343530 0.999429047 105.457107544
0.998099804 0.022768090 0.057258122 -3.468090534 -0.022268306 0.999708354 -0.009351665 -2.285734415 -0.057454348 0.008058852 0.998315632 105.864105225
0.996193409 0.020886108 0.084631599 -3.410090446 -0.019906679 0.999725103 -0.012400336 -2.295002460 -0.084867314 0.010668398 0.996335208 106.274597168
0.993302107 0.017902413 0.114151552 -3.340901375 -0.016525967 0.999779046 -0.012993155 -2.314492702 -0.114358924 0.011019664 0.993378341 106.649482727
0.989056051 0.015799813 0.146691263 -3.250307083 -0.013766991 0.999794781 -0.014862804 -2.328137636 -0.146896005 0.012680651 0.989070594 107.017089844
0.983032346 0.013461033 0.182937756 -3.156053543 -0.010712074 0.999814570 -0.016006665 -2.346213102 -0.183119297 0.013775427 0.982994080 107.389968872
0.975192904 0.010113638 0.221125573 -3.038957596 -0.006497261 0.999833107 -0.017075673 -2.355390549 -0.221261382 0.015215367 0.975095689 107.752159119
0.965263426 0.008204533 0.261149943 -2.913269043 -0.003665515 0.999833703 -0.017863236 -2.370486021 -0.261253059 0.016285479 0.965132833 108.101127625
0.952925861 0.008759318 0.303076863 -2.786178589 -0.003324463 0.999824405 -0.018443549 -2.392185211 -0.303185165 0.016567770 0.952787519 108.423561096
0.937762022 0.010782551 0.347111166 -2.640148163 -0.004409902 0.999807060 -0.019143820 -2.404443264 -0.347250581 0.016421622 0.937628508 108.746505737
0.920229793 0.011063350 0.391222209 -2.463012695 -0.004220737 0.999822855 -0.018345948 -2.412389278 -0.391355842 0.015231246 0.920113266 109.063743591
0.899757802 0.009907807 0.436277092 -2.288211823 -0.002889231 0.999855578 -0.016748006 -2.427414656 -0.436380029 0.013808643 0.899656415 109.372695923
0.876769185 0.009033225 0.480826437 -2.093997955 -0.000768939 0.999848664 -0.017381899 -2.439200401 -0.480910599 0.014870191 0.876643419 109.644866943
0.851418495 0.010494610 0.524381816 -1.879165649 -0.000038630 0.999801099 -0.019946594 -2.451672316 -0.524486840 0.016962644 0.851249397 109.936462402
0.823697150 0.011975816 0.566903591 -1.661926270 0.001130763 0.999740243 -0.022762453 -2.476667404 -0.567028940 0.019390402 0.823469639 110.199050903
0.792626083 0.016605271 0.609482050 -1.428501129 -0.000527431 0.999647439 -0.026549369 -2.497493505 -0.609708011 0.020722261 0.792355299 110.464767456
0.758729696 0.022786060 0.651007056 -1.175460815 -0.003670583 0.999521673 -0.030706560 -2.506966352 -0.651395321 0.020908402 0.758450389 110.717193604
0.721293986 0.027687941 0.692075610 -0.903900146 -0.005426426 0.999395967 -0.034327425 -2.510059118 -0.692607939 0.021004669 0.721008420 110.963500977
0.682164550 0.027706452 0.730673671 -0.608814240 -0.003383299 0.999390841 -0.034737274 -2.529710770 -0.731190920 0.021224447 0.681842625 111.187866211
0.641472578 0.025163423 0.766733229 -0.296016693 0.000839617 0.999438286 -0.033503026 -2.543506384 -0.767145514 0.022135034 0.641091049 111.386886597
0.596955836 0.023307193 0.801935673 0.029605865 0.002851098 0.999510050 -0.031171776 -2.548446178 -0.802269101 0.020894567 0.596596777 111.597366333
0.553211391 0.022049908 0.832749009 0.362060547 0.004169142 0.999563992 -0.029236553 -2.556817532 -0.833030522 0.019645844 0.552878141 111.714103699
0.505202591 0.019631829 0.862777412 0.720691681 0.006104778 0.999634981 -0.026320593 -2.566930771 -0.862979114 0.018564302 0.504898369 111.880378723
0.454451054 0.015812714 0.890631258 1.091728210 0.009259433 0.999704599 -0.022473952 -2.578479052 -0.890723586 0.018460058 0.454170436 112.029838562
0.402058572 0.016191766 0.915470779 1.447673798 0.005653021 0.999780715 -0.020165652 -2.601228952 -0.915596485 0.013282951 0.401878864 112.160140991
0.350621104 0.020960392 0.936282754 1.840904236 0.002440022 0.999725819 -0.023294425 -2.613858700 -0.936514258 0.010452074 0.350473762 112.282264709
0.300394088 0.026488431 0.953447282 2.258197784 0.001232936 0.999602616 -0.028159158 -2.626575232 -0.953814387 0.009634387 0.300242066 112.380172729
0.253819466 0.028484568 0.966832101 2.665683746 0.003156426 0.999536514 -0.030276747 -2.640102148 -0.967246532 0.010736563 0.253611922 112.451515198
0.212760597 0.028259279 0.976695657 3.086732864 0.010098408 0.999464691 -0.031117877 -2.657835722 -0.977052212 0.016483733 0.212361321 112.500099182
0.177605361 0.028199909 0.983697593 3.517982483 0.018604361 0.999314487 -0.032006599 -2.667370081 -0.983926058 0.023985613 0.176958933 112.540130615
0.147060394 0.029433655 0.988689542 3.968805313 0.022808310 0.999190450 -0.033138849 -2.683213234 -0.988864541 0.027423754 0.146269962 112.579986572
0.118950084 0.027501239 0.992519319 4.441810608 0.021133395 0.999319732 -0.030222435 -2.706525564 -0.992675304 0.024570270 0.118287921 112.626197815
0.093198240 0.024450088 0.995347321 4.952052116 0.014829896 0.999553323 -0.025941990 -2.717187881 -0.995537102 0.017178651 0.092794016 112.676826477
0.069853559 0.020377420 0.997349143 5.438801289 0.009768949 0.999729455 -0.021110266 -2.737238646 -0.997509420 0.011217682 0.069635592 112.701225281
0.047299489 0.017881453 0.998720706 5.963349819 0.014001769 0.999729693 -0.018562645 -2.757215023 -0.998782635 0.014861862 0.047036320 112.707962036
0.027220450 0.018658482 0.999455333 6.501525879 0.021809725 0.999576747 -0.019254744 -2.774973154 -0.999391496 0.022321969 0.026801996 112.693344116
0.009876467 0.021125546 0.999728143 7.053890228 0.027099190 0.999404013 -0.021386417 -2.791045189 -0.999583960 0.027303044 0.009298112 112.676620483
-0.005188227 0.026543871 0.999634266 7.665080070 0.026455861 0.999301434 -0.026397724 -2.806666136 -0.999636531 0.026309226 -0.005886830 112.692382812
-0.015417327 0.031294055 0.999391198 8.261831284 0.025045481 0.999208570 -0.030901963 -2.815183640 -0.999567389 0.024553813 -0.016188897 112.673088074
-0.022137538 0.030916497 0.999276698 8.882486343 0.026987467 0.999176025 -0.030315511 -2.834842920 -0.999390602 0.026296839 -0.022953650 112.659820557
-0.024560075 0.028119521 0.999302804 9.527637482 0.033117164 0.999078572 -0.027299289 -2.851857901 -0.999149740 0.032423597 -0.025468677 112.636016846
-0.024185747 0.026207706 0.999363840 10.175836563 0.033952463 0.999101162 -0.025379129 -2.880214691 -0.999130785 0.033317052 -0.025053816 112.615463257
-0.021857031 0.025778662 0.999428630 10.867227554 0.033117916 0.999137521 -0.025046878 -2.905717611 -0.999212384 0.032551546 -0.022691911 112.599868774
-0.020392701 0.026219318 0.999448240 11.547473907 0.029816849 0.999227405 -0.025605144 -2.927283525 -0.999347329 0.029278241 -0.021158723 112.590530396
-0.019286955 0.027515294 0.999435306 12.264356613 0.028824607 0.999220967 -0.026953140 -2.947535276 -0.999398351 0.028288484 -0.020065047 112.588928223
-0.018186167 0.028257430 0.999435246 12.995965958 0.028502176 0.999208987 -0.027732402 -2.974189281 -0.999428332 0.027981732 -0.018977180 112.573287964
-0.017617671 0.027900936 0.999455512 13.745817184 0.027710963 0.999240220 -0.027406462 -2.997160196 -0.999460757 0.027213035 -0.018377448 112.569778442
-0.016989676 0.026591310 0.999502122 14.501971245 0.026948687 0.999295354 -0.026127739 -3.023507595 -0.999492466 0.026491364 -0.017694309 112.561988831
-0.016200606 0.025082115 0.999554157 15.259925842 0.027770115 0.999310911 -0.024625920 -3.058749914 -0.999482930 0.027358780 -0.016885990 112.543502808
-0.016954932 0.022897376 0.999594152 16.047706604 0.028184440 0.999351501 -0.022413764 -3.084392309 -0.999458849 0.027792977 -0.017589295 112.537689209
-0.018445486 0.021238860 0.999604344 16.828502655 0.024899788 0.999474108 -0.020776626 -3.114374161 -0.999519765 0.024506707 -0.018964639 112.532157898
-0.019040681 0.020139996 0.999615729 17.616901398 0.025564387 0.999480069 -0.019650314 -3.137919426 -0.999491811 0.025180412 -0.019545643 112.508422852
-0.020193275 0.017773418 0.999638021 18.415367126 0.027660638 0.999469280 -0.017211653 -3.157891273 -0.999413311 0.027303068 -0.020674178 112.491851807
-0.021688040 0.016155453 0.999634147 19.234043121 0.029164722 0.999454141 -0.015519787 -3.182324648 -0.999339283 0.028817466 -0.022147365 112.480049133
-0.023438038 0.015120149 0.999610841 20.054981232 0.026760451 0.999536932 -0.014491571 -3.213710308 -0.999366999 0.026410386 -0.023831803 112.462432861
-0.024027642 0.019783581 0.999515533 20.867794037 0.023510473 0.999538839 -0.019218875 -3.242533684 -0.999434948 0.023037296 -0.024481669 112.444274902
-0.025070200 0.024490120 0.999385595 21.704402924 0.024833078 0.999406576 -0.023867689 -3.266684055 -0.999377310 0.024219451 -0.025663482 112.430511475
-0.026220711 0.026386635 0.999307871 22.540269852 0.024940467 0.999357700 -0.025733547 -3.291432142 -0.999345005 0.024248455 -0.026861958 112.409393311
-0.027990397 0.024143547 0.999316573 23.388004303 0.021318117 0.999495387 -0.023550760 -3.325446606 -0.999380887 0.020644352 -0.028490957 112.400238037
-0.028684862 0.019420175 0.999399841 24.227050781 0.018630402 0.999648035 -0.018890271 -3.362822533 -0.999414980 0.018077357 -0.029036576 112.381393433
-0.029303193 0.014323421 0.999467969 25.081003189 0.017185170 0.999756813 -0.013823714 -3.389036179 -0.999422848 0.016770950 -0.029542211 112.365028381
-0.029337069 0.008709425 0.999531746 25.929143906 0.013652841 0.999872327 -0.008311675 -3.413466930 -0.999476314 0.013402608 -0.029452221 112.346107483
-0.029328983 0.006637281 0.999547899 26.780584335 0.011012046 0.999919593 -0.006316636 -3.447477102 -0.999509156 0.010821809 -0.029399719 112.335517883
-0.028223431 0.013892824 0.999505162 27.627878189 0.013009713 0.999823987 -0.013529898 -3.473510504 -0.999517024 0.012621418 -0.028399196 112.303871155
-0.026683597 0.025266727 0.999324560 28.427968979 0.016190188 0.999560297 -0.024840385 -3.499003410 -0.999512732 0.015516424 -0.027080931 112.273666382
-0.026355060 0.030673284 0.999181986 29.263641357 0.018149765 0.999379039 -0.030200606 -3.523514509 -0.999487877 0.017338978 -0.026895396 112.256187439
-0.025255486 0.024970580 0.999369144 30.101266861 0.019847529 0.999503434 -0.024472361 -3.559586287 -0.999483943 0.019216947 -0.025738537 112.239311218
-0.024372576 0.017604984 0.999547839 30.933919907 0.023152668 0.999586642 -0.017041123 -3.586682796 -0.999434769 0.022726862 -0.024770092 112.215118408
-0.024529399 0.014479278 0.999594271 31.764583588 0.024381937 0.999606371 -0.013881136 -3.619163752 -0.999401629 0.024031550 -0.024872771 112.207313538
-0.023926638 0.014976155 0.999601483 32.582721710 0.023044739 0.999630451 -0.014424980 -3.647228718 -0.999448121 0.022690415 -0.024262913 112.182006836
-0.024690017 0.015821850 0.999569833 33.400264740 0.019850245 0.999685466 -0.015333361 -3.674509287 -0.999498129 0.019463127 -0.024996318 112.167724609
-0.026881985 0.016080011 0.999509156 34.219009399 0.018160474 0.999713540 -0.015594862 -3.700934649 -0.999473751 0.017732341 -0.027166294 112.157516479
-0.029126812 0.015926862 0.999448776 35.020526886 0.017642962 0.999725580 -0.015417101 -3.730066061 -0.999420047 0.017184185 -0.029399810 112.138267517
-0.031281911 0.016186856 0.999379635 35.829013824 0.015840206 0.999751389 -0.015697068 -3.761905670 -0.999385059 0.015339344 -0.031530533 112.119537354
-0.033536326 0.016493993 0.999301374 36.634338379 0.013824279 0.999775946 -0.016037891 -3.789227486 -0.999341846 0.013276773 -0.033756815 112.099578857
-0.035773102 0.015953312 0.999232650 37.435871124 0.012295494 0.999804080 -0.015522257 -3.811240196 -0.999284208 0.011730777 -0.035962235 112.078468323
-0.037486549 0.014629847 0.999189973 38.234210968 0.012648357 0.999819577 -0.014164540 -3.839365959 -0.999217033 0.012107133 -0.037664823 112.047370911
-0.039528273 0.014392860 0.999114752 39.025474548 0.011723185 0.999834001 -0.013939416 -3.870018244 -0.999149680 0.011161807 -0.039690435 112.022415161
-0.041327797 0.015609355 0.999023676 39.807464600 0.011673954 0.999817252 -0.015138824 -3.895100117 -0.999077380 0.011036906 -0.041502453 111.992584229
-0.042579241 0.015811209 0.998967946 40.600658417 0.012515794 0.999804735 -0.015290990 -3.918657541 -0.999014676 0.011851799 -0.042768810 111.969512939
-0.043381073 0.015029557 0.998945534 41.382080078 0.014425364 0.999791980 -0.014415847 -3.940543652 -0.998954356 0.013784779 -0.043588843 111.935333252
-0.044878669 0.014005887 0.998894215 42.138252258 0.014744780 0.999802053 -0.013356157 -3.970136166 -0.998883605 0.014129071 -0.045076288 111.900329590
-0.046569791 0.013767719 0.998820186 42.905731201 0.013401838 0.999823689 -0.013156689 -3.993223667 -0.998825133 0.012773323 -0.046746079 111.875000000
-0.047909487 0.013143680 0.998765171 43.655944824 0.012243885 0.999846041 -0.012570579 -4.013121128 -0.998776555 0.011626517 -0.048063025 111.846565247
-0.049103979 0.011929085 0.998722434 44.402782440 0.010807248 0.999876499 -0.011411509 -4.038824081 -0.998735189 0.010233093 -0.049226817 111.823776245
-0.049856294 0.011498958 0.998690069 45.115264893 0.011020217 0.999879122 -0.010962497 -4.065526485 -0.998695612 0.010459234 -0.049976975 111.790283203
-0.049166087 0.013725352 0.998696327 45.825374603 0.011324680 0.999848962 -0.013183683 -4.092845440 -0.998726308 0.010661729 -0.049314074 111.749244690
-0.049404398 0.016593453 0.998640954 46.529678345 0.011516336 0.999804914 -0.016043067 -4.116915226 -0.998712301 0.010708089 -0.049585856 111.723335266
-0.049352415 0.018236477 0.998614907 47.228096008 0.009729122 0.999794602 -0.017777208 -4.139636517 -0.998733997 0.008838299 -0.049519699 111.691925049
-0.049706880 0.018966518 0.998583734 47.925357819 0.009753359 0.999781191 -0.018503770 -4.167371750 -0.998716235 0.008819783 -0.049880974 111.661514282
-0.049588345 0.018784724 0.998593032 48.620132446 0.011089201 0.999771833 -0.018256234 -4.191297054 -0.998708189 0.010168306 -0.049785327 111.627273560
-0.050030012 0.018054448 0.998584449 49.312007904 0.011463386 0.999781132 -0.017501758 -4.219179153 -0.998681962 0.010571550 -0.050226022 111.597465515
-0.049965579 0.018630259 0.998577178 49.993354797 0.008487200 0.999797821 -0.018228363 -4.237245083 -0.998714864 0.007564337 -0.050113589 111.565246582
-0.050330307 0.018654233 0.998558342 50.690902710 0.005781915 0.999814212 -0.018386269 -4.267563820 -0.998715818 0.004848196 -0.050428815 111.550529480
-0.050239172 0.017272042 0.998587787 51.367141724 0.007447455 0.999829113 -0.016918836 -4.292282104 -0.998709440 0.006586946 -0.050359212 111.516304016
-0.051320307 0.016882939 0.998539507 52.052089691 0.008335793 0.999829531 -0.016476339 -4.312180042 -0.998647511 0.007478045 -0.051452279 111.486648560
-0.054915577 0.016060648 0.998361826 52.714939117 0.004678513 0.999863803 -0.015827477 -4.338458538 -0.998479962 0.003801671 -0.054983240 111.456764221
-0.060096633 0.015813775 0.998067260 53.392433167 0.001474346 0.999874771 -0.015753647 -4.362805843 -0.998191416 0.000524752 -0.060112417 111.423759460
-0.065795153 0.020362917 0.997625351 54.040149689 0.006112962 0.999781191 -0.020003770 -4.376486778 -0.997814476 0.004782292 -0.065905228 111.371147156
-0.072106577 0.022698527 0.997138619 54.707561493 0.007631672 0.999724329 -0.022205517 -4.405229092 -0.997367680 0.006008673 -0.072259896 111.316528320
-0.079176687 0.024125533 0.996568620 55.373817444 0.006937891 0.999696195 -0.023650043 -4.431456089 -0.996836424 0.005041554 -0.079320014 111.260604858
-0.085246362 0.023088660 0.996092379 56.052825928 0.003324213 0.999732494 -0.022888547 -4.459321499 -0.996354282 0.001360060 -0.085300304 111.206626892
-0.091645226 0.022655359 0.995534003 56.751850128 0.003040870 0.999742806 -0.022471212 -4.478772640 -0.995787024 0.000967912 -0.091690548 111.160690308
-0.095877759 0.022783430 0.995132327 57.432579041 0.000410392 0.999738812 -0.022849357 -4.509591103 -0.995393097 -0.001782349 -0.095862053 111.093994141
-0.100304618 0.022749949 0.994696677 58.139492035 -0.001176838 0.999735177 -0.022983856 -4.521499634 -0.994956076 -0.003475982 -0.100251257 111.036804199
-0.102518596 0.018987233 0.994549811 58.834686279 -0.001610335 0.999813378 -0.019253720 -4.554466248 -0.994729757 -0.003575423 -0.102468871 110.957641602
-0.104415350 0.016087689 0.994403720 59.548648834 0.000466622 0.999869943 -0.016127126 -4.575687408 -0.994533598 -0.001219910 -0.104409263 110.886230469
-0.105399609 0.012942993 0.994345665 60.259025574 -0.000164393 0.999915123 -0.013032915 -4.602736950 -0.994429827 -0.001537130 -0.105388522 110.807861328
-0.107259110 0.012584303 0.994151473 60.993225098 -0.001414981 0.999916971 -0.012809953 -4.626013279 -0.994230032 -0.002780691 -0.107232392 110.743591309
-0.107068934 0.015606798 0.994129062 61.705429077 0.000259167 0.999877274 -0.015669132 -4.651498795 -0.994251549 -0.001420032 -0.107059829 110.659248352
-0.107552521 0.020246649 0.993993282 62.451950073 0.006823655 0.999784112 -0.019626271 -4.670789719 -0.994176090 0.004671813 -0.107667468 110.577178955
-0.108116493 0.025663346 0.993806899 63.193675995 0.014604283 0.999599874 -0.024224138 -4.692987442 -0.994030893 0.011894810 -0.108448029 110.489593506
-0.108887620 0.026379945 0.993704021 63.935237885 0.014569688 0.999582767 -0.024939500 -4.720282555 -0.993947208 0.011762355 -0.109226547 110.408500671
-0.109528825 0.023400597 0.993708074 64.701171875 0.012345148 0.999677718 -0.022180468 -4.755402565 -0.993906856 0.009838074 -0.109782420 110.336433411
-0.109345928 0.019048866 0.993821144 65.453018188 0.012402283 0.999764681 -0.017798217 -4.775790215 -0.993926406 0.010379490 -0.109556437 110.254943848
-0.109162435 0.017518723 0.993869424 66.198089600 0.015714092 0.999750316 -0.015896402 -4.799703598 -0.993899703 0.013882467 -0.109410450 110.164611816
-0.109774940 0.016970506 0.993811488 66.944656372 0.015629876 0.999760151 -0.015345629 -4.826065063 -0.993833601 0.013848586 -0.110013843 110.083030701
-0.111718364 0.017946335 0.993577719 67.694206238 0.013867520 0.999767780 -0.016498864 -4.851149559 -0.993643165 0.011935233 -0.111941271 110.009071350
-0.114006214 0.018481435 0.993308127 68.440765381 0.013758186 0.999760628 -0.017022399 -4.880418777 -0.993384719 0.011725463 -0.114233173 109.924713135
-0.116137438 0.018809993 0.993055046 69.181404114 0.014881523 0.999741495 -0.017196259 -4.906016827 -0.993121684 0.012781044 -0.116387323 109.839965820
-0.118108414 0.018866373 0.992821455 69.925537109 0.014859741 0.999741077 -0.017230118 -4.929567337 -0.992889524 0.012718046 -0.118358172 109.752624512
-0.120203950 0.018623659 0.992574513 70.675224304 0.014600844 0.999749064 -0.016990066 -4.953708649 -0.992641807 0.012450152 -0.120445698 109.666145325
-0.121717192 0.018843969 0.992385983 71.423294067 0.012436334 0.999770343 -0.017458858 -4.978355408 -0.992486894 0.010216602 -0.121923573 109.578018188
-0.122892529 0.020286918 0.992212594 72.176452637 0.012144310 0.999746919 -0.018936813 -5.004684448 -0.992345691 0.009722547 -0.123107791 109.489532471
-0.123822801 0.020603422 0.992090404 72.938934326 0.011030274 0.999751270 -0.019385835 -5.028785229 -0.992243052 0.008542622 -0.124019243 109.401367188
-0.125069305 0.021055702 0.991924584 73.701728821 0.010722814 0.999745131 -0.019869704 -5.053251266 -0.992090046 0.008151133 -0.125263229 109.306350708
-0.126235768 0.019606970 0.991806507 74.485122681 0.011502659 0.999766469 -0.018300291 -5.074717522 -0.991933584 0.009098260 -0.126431838 109.214553833
-0.127410814 0.016899122 0.991706073 75.263092041 0.008486364 0.999836802 -0.015947388 -5.104924202 -0.991813719 0.006384109 -0.127533421 109.121711731
-0.129126668 0.014661661 0.991519690 76.039924622 0.005348777 0.999886453 -0.014088814 -5.128255844 -0.991613686 0.003484179 -0.129190430 109.027061462
-0.131178126 0.014063269 0.991259098 76.826370239 0.006627039 0.999889493 -0.013308732 -5.151006699 -0.991336644 0.004823301 -0.131256804 108.923576355
-0.133197233 0.014645698 0.990981281 77.629936218 0.007892594 0.999874771 -0.013716304 -5.175700188 -0.991058111 0.005994444 -0.133296147 108.822990417
-0.135441303 0.015898447 0.990657806 78.418663025 0.007633254 0.999858439 -0.015002503 -5.198060989 -0.990755916 0.005529988 -0.135543481 108.718803406
-0.136734337 0.019534852 0.990415096 79.228981018 0.008853462 0.999789715 -0.018497469 -5.227971077 -0.990568161 0.006239365 -0.136878535 108.606544495
-0.137036830 0.023397222 0.990289509 80.035430908 0.010915566 0.999696016 -0.022108963 -5.253533363 -0.990505815 0.007779830 -0.137250572 108.490837097
-0.138622835 0.027341723 0.989967763 80.851623535 0.011770797 0.999593616 -0.025959345 -5.282778263 -0.990275264 0.008054153 -0.138888389 108.388267517
-0.138090506 0.028643770 0.990005314 81.672622681 0.014364586 0.999534369 -0.026915837 -5.313673496 -0.990315437 0.010504196 -0.138437703 108.271896362
-0.137443945 0.027594076 0.990125060 82.505355835 0.016966691 0.999530792 -0.025500987 -5.348505974 -0.990364194 0.013294192 -0.137847587 108.147445679
-0.137385443 0.025819112 0.990181029 83.343688965 0.017482862 0.999567747 -0.023638166 -5.379441261 -0.990363359 0.014063660 -0.137777403 108.034378052
-0.136602402 0.024057718 0.990333855 84.173500061 0.016540255 0.999621093 -0.022001846 -5.411830902 -0.990487754 0.013374869 -0.136948586 107.921005249
-0.135018840 0.021263966 0.990614951 85.026664734 0.015556800 0.999691963 -0.019338459 -5.446982384 -0.990720809 0.012799743 -0.135308057 107.815750122
-0.133331627 0.018393723 0.990900695 85.879310608 0.016350409 0.999732494 -0.016357623 -5.469447613 -0.990936577 0.014020643 -0.133596674 107.708374023
-0.131395385 0.014939163 0.991217434 86.733291626 0.016868584 0.999775350 -0.012832057 -5.497043133 -0.991186500 0.015034360 -0.131617814 107.594009399
-0.130121216 0.015049230 0.991383970 87.589363098 0.015504668 0.999793470 -0.013141869 -5.522644043 -0.991376817 0.013661041 -0.130327642 107.493469238
-0.128686890 0.019024834 0.991502762 88.448051453 0.016088482 0.999724567 -0.017094474 -5.554656029 -0.991554677 0.013751939 -0.128957525 107.384094238
-0.126918331 0.025536710 0.991584420 89.296676636 0.017338384 0.999572873 -0.023523211 -5.580123901 -0.991761565 0.014206943 -0.127306908 107.279624939
-0.125372604 0.028779315 0.991692185 90.150543213 0.014436616 0.999526381 -0.027181547 -5.609136581 -0.992004693 0.010908859 -0.125728726 107.176872253
-0.123912774 0.026396820 0.991941929 91.008186340 0.013365786 0.999599814 -0.024930971 -5.639621735 -0.992203176 0.010168820 -0.124216013 107.075935364
