0.141796559 0.054635968 -0.988386869 145.342727661 -0.039936353 0.997978568 0.049436804 -8.878618240 0.989089906 0.032462601 0.143691882 161.888702393
0.140529826 0.050139189 -0.988806009 144.392593384 -0.039112553 0.998218477 0.045057762 -8.839780807 0.989303589 0.032342777 0.142240539 162.020492554
0.140022129 0.049026150 -0.988933861 143.439147949 -0.039808165 0.998244643 0.043851335 -8.812363625 0.989347816 0.033227488 0.141727984 162.147247314
0.137575418 0.049417518 -0.989257753 142.472305298 -0.041695751 0.998158216 0.044063535 -8.784888268 0.989613235 0.035185788 0.139382541 162.271560669
0.134520575 0.050045587 -0.989646196 141.498168945 -0.041190479 0.998143017 0.044876326 -8.754076004 0.990054309 0.034727216 0.136332184 162.401672363
0.130018368 0.050355524 -0.990232050 140.523284912 -0.039430391 0.998182058 0.045582559 -8.722559929 0.990727246 0.033118665 0.131767541 162.528259277
0.125019908 0.049922105 -0.990897417 139.541000366 -0.037163779 0.998268127 0.045604542 -8.690250397 0.991457939 0.031124022 0.126658663 162.651138306
0.119684167 0.050321605 -0.991535842 138.539306641 -0.037947904 0.998216689 0.046080131 -8.662096977 0.992086530 0.032111645 0.121380337 162.760025024
0.114485301 0.050566074 -0.992137194 137.550567627 -0.038691010 0.998173118 0.046409041 -8.631643295 0.992671251 0.033073641 0.116232559 162.873245239
0.109497182 0.052181616 -0.992616475 136.547866821 -0.040017612 0.998042941 0.048052479 -8.594584465 0.993181229 0.034460533 0.111371048 162.973495483
0.104979843 0.053380571 -0.993040621 135.538726807 -0.041547649 0.997922003 0.049250737 -8.564004898 0.993605971 0.036088172 0.106979519 163.074157715
0.101260997 0.052615218 -0.993467569 134.521316528 -0.042707622 0.997909844 0.048497435 -8.529091835 0.993942738 0.037517738 0.103296421 163.165283203
0.098648399 0.049092226 -0.993910611 133.503265381 -0.042212952 0.998089790 0.045108892 -8.494231224 0.994226515 0.037505984 0.100532293 163.259124756
0.096625328 0.045452181 -0.994282424 132.479278564 -0.043165147 0.998208225 0.041436817 -8.462687492 0.994384289 0.038914502 0.098414168 163.352355957
0.095033415 0.043801285 -0.994509995 131.442001343 -0.041660793 0.998331189 0.039988570 -8.434741974 0.994601727 0.037631825 0.096699625 163.449600220
0.093543395 0.043693744 -0.994655967 130.400054932 -0.038933009 0.998432875 0.040198170 -8.406753540 0.994853556 0.034964681 0.095097922 163.548385620
0.093535438 0.045053780 -0.994596004 129.346618652 -0.036796641 0.998449445 0.041767851 -8.377071381 0.994935751 0.032691017 0.095048234 163.641159058
0.093361035 0.048107855 -0.994469404 128.289459229 -0.035832472 0.998347163 0.044931494 -8.343317986 0.994987369 0.031439446 0.094930559 163.735427856
0.092679456 0.051265474 -0.994375348 127.230903625 -0.034821972 0.998229623 0.048218649 -8.311697960 0.995086908 0.030157233 0.094300538 163.833572388
0.092129193 0.052943826 -0.994338512 126.174545288 -0.034870267 0.998144507 0.049915623 -8.275264740 0.995136321 0.030074162 0.093804412 163.924972534
0.091498129 0.053872053 -0.994346917 125.100341797 -0.036851965 0.998034775 0.050680798 -8.238109589 0.995123088 0.032006443 0.093303613 164.016693115
0.091176748 0.054792523 -0.994326115 124.027626038 -0.037476674 0.997966647 0.051556636 -8.199649811 0.995129287 0.032563265 0.093044788 164.111328125
0.090126611 0.054933999 -0.994414091 122.962165833 -0.039169930 0.997900605 0.051576521 -8.156537056 0.995159686 0.034302708 0.092089169 164.209152222
0.090866104 0.054401904 -0.994376004 121.894912720 -0.039535716 0.997916698 0.050982837 -8.123603821 0.995078027 0.034680761 0.092827618 164.296646118
0.091070302 0.053367767 -0.994413376 120.817565918 -0.041254595 0.997907996 0.049777139 -8.092521667 0.994989574 0.036490906 0.093081430 164.383590698
0.091538608 0.052627381 -0.994409919 119.742530823 -0.042233918 0.997909129 0.048924815 -8.054549217 0.994905531 0.037519317 0.093569860 164.475387573
0.092295952 0.052240673 -0.994360268 118.673683167 -0.041959483 0.997939825 0.048534084 -8.023262024 0.994847059 0.037243344 0.094297789 164.568878174
0.092678852 0.052550267 -0.994308352 117.607177734 -0.042891465 0.997890174 0.048741672 -7.989565849 0.994771838 0.038130019 0.094737254 164.666427612
0.093252830 0.052473526 -0.994258702 116.536048889 -0.042457901 0.997911394 0.048684120 -7.958124161 0.994736731 0.037674204 0.095285974 164.763168335
0.093137376 0.052266546 -0.994280457 115.461570740 -0.041276604 0.997965395 0.048593745 -7.923943996 0.994797349 0.036514618 0.095105246 164.861465454
0.093893528 0.051791117 -0.994234145 114.384353638 -0.042127084 0.997958302 0.048006713 -7.888742924 0.994690418 0.037376672 0.095883630 164.959182739
0.094081558 0.051715668 -0.994220197 113.311553955 -0.042707160 0.997940361 0.047867849 -7.852302551 0.994648039 0.037956841 0.096096382 165.055328369
0.094161324 0.053533427 -0.994116545 112.256050110 -0.042687938 0.997851968 0.049691241 -7.824848175 0.994641244 0.037757795 0.096244298 165.155715942
0.094041124 0.053347163 -0.994137883 111.187072754 -0.042263795 0.997877061 0.049549844 -7.789977074 0.994670689 0.037356321 0.096096128 165.251983643
0.094061501 0.052464567 -0.994183064 110.079673767 -0.043054588 0.997890532 0.048586749 -7.756724834 0.994634986 0.038233995 0.096121922 165.345001221
0.093838640 0.052289452 -0.994213343 109.007812500 -0.043545213 0.997879624 0.048372284 -7.718907356 0.994634688 0.038754031 0.095916621 165.439239502
0.092766643 0.054178391 -0.994212806 107.941177368 -0.043877807 0.997770786 0.050278198 -7.684873581 0.994720638 0.038959730 0.094937086 165.539276123
0.092513017 0.056329306 -0.994116843 106.873275757 -0.043919124 0.997657716 0.052442808 -7.650226116 0.994742513 0.038809102 0.094770238 165.628295898
0.091681167 0.056328591 -0.994193971 105.805412292 -0.044581782 0.997629881 0.052412093 -7.610924721 0.994789898 0.039517742 0.093975097 165.723129272
0.091766290 0.055726390 -0.994220078 104.736778259 -0.045865543 0.997609794 0.051683009 -7.570801735 0.994723737 0.040857691 0.094102859 165.812393188
0.091677211 0.055826847 -0.994222641 103.664634705 -0.046088889 0.997595310 0.051766355 -7.538822174 0.994721532 0.041076832 0.094029739 165.905899048
0.092920259 0.057678454 -0.994001508 102.588043213 -0.049837973 0.997338831 0.053213190 -7.498314381 0.994425416 0.044594441 0.095547549 165.994964600
0.094908625 0.057300638 -0.993835568 101.539123535 -0.054170672 0.997160137 0.052319169 -7.465136051 0.994010985 0.048871197 0.097743094 166.083389282
0.097236380 0.053334635 -0.993831277 100.461189270 -0.056236155 0.997262180 0.048016623 -7.428387165 0.993671298 0.051220283 0.099969499 166.182083130
0.100844890 0.048796400 -0.993704855 99.409927368 -0.059962269 0.997278929 0.042886719 -7.396409988 0.993093610 0.055259880 0.103496432 166.284851074
0.104261726 0.047795534 -0.993400812 98.322547913 -0.061759461 0.997228026 0.041497756 -7.362743378 0.992630422 0.057025272 0.106924541 166.382156372
0.107999146 0.050246641 -0.992880404 97.248153687 -0.061325923 0.997156620 0.043792415 -7.332332611 0.992257655 0.056159761 0.110773474 166.493728638
0.111247547 0.053375617 -0.992358327 96.179603577 -0.059916008 0.997100532 0.046913836 -7.301746368 0.991984904 0.054239105 0.114123017 166.615295410
0.114233971 0.055139001 -0.991922498 95.099800110 -0.058370434 0.997106075 0.048704971 -7.274252892 0.991737545 0.052335188 0.117121890 166.743057251
0.117526829 0.057124197 -0.991425335 94.032409668 -0.056806270 0.997096062 0.050716944 -7.237391472 0.991443574 0.050358579 0.120430566 166.869705200
0.120621458 0.057836562 -0.991012216 92.948471069 -0.055777758 0.997119009 0.051403947 -7.202908516 0.991130233 0.049076024 0.123499945 167.004074097
0.123807944 0.058492418 -0.990580738 91.867538452 -0.057128336 0.997025549 0.051732786 -7.169756413 0.990660369 0.050185293 0.126781255 167.130981445
0.126424551 0.057249013 -0.990322888 90.791870117 -0.055684175 0.997168541 0.050536126 -7.131843567 0.990412176 0.048756301 0.129254460 167.266113281
0.128340468 0.054362409 -0.990239084 89.711166382 -0.055892669 0.997305870 0.047506377 -7.097611427 0.990154028 0.049250100 0.131033152 167.403884888
0.130092964 0.050517153 -0.990213990 88.627975464 -0.054008178 0.997579455 0.043797396 -7.062592506 0.990029752 0.047781926 0.132506415 167.548446655
0.131330460 0.049070846 -0.990123391 87.542015076 -0.053094540 0.997688711 0.042403311 -7.033796310 0.989915788 0.047001299 0.133632317 167.689102173
0.131037071 0.049773805 -0.990127146 86.459724426 -0.051295441 0.997741342 0.043367952 -7.001383781 0.990049481 0.045106202 0.133294269 167.836212158
0.131133944 0.051364012 -0.990033090 85.371643066 -0.047120929 0.997851074 0.045528255 -6.974406719 0.990244150 0.040680982 0.133272454 167.979019165
0.130966187 0.051412735 -0.990052819 84.271499634 -0.043807201 0.997979045 0.046029441 -6.940306664 0.990418494 0.037343141 0.132953763 168.118820190
0.130114317 0.050480071 -0.990213156 83.183746338 -0.041267414 0.998113275 0.045460280 -6.908739090 0.990639925 0.034948494 0.131952018 168.264144897
0.128850549 0.050955527 -0.990354061 82.070663452 -0.039280754 0.998157382 0.046246398 -6.864000320 0.990885794 0.032942973 0.130614728 168.412307739
0.127367675 0.056024335 -0.990272045 80.966003418 -0.037913267 0.997948825 0.051582288 -6.830953121 0.991130769 0.030974537 0.129230469 168.543975830
0.124112353 0.060006566 -0.990451992 79.846237183 -0.036647037 0.997765958 0.055857483 -6.787148476 0.991591275 0.029364536 0.126034111 168.699005127
0.121364959 0.058256410 -0.990897000 78.739028931 -0.034845158 0.997910917 0.054400958 -6.745212555 0.991996229 0.027925596 0.123141371 168.831848145
0.118424572 0.050292980 -0.991688550 77.635772705 -0.033618025 0.998347044 0.046616092 -6.712077618 0.992393792 0.027818123 0.119919561 168.946792603
0.115399815 0.044589017 -0.992317855 76.523681641 -0.032434061 0.998628438 0.041100722 -6.676428795 0.992789447 0.027441882 0.116687730 169.069366455
0.111861944 0.045477789 -0.992682576 75.391998291 -0.031875707 0.998602331 0.042157032 -6.635012627 0.993212342 0.026926694 0.113155238 169.197357178
0.108715616 0.050057847 -0.992811739 74.263191223 -0.031168651 0.998411953 0.046927158 -6.609214306 0.993584037 0.025842890 0.110103190 169.315521240
0.106095746 0.051720988 -0.993009925 73.121879578 -0.031873301 0.998310089 0.048591621 -6.569077015 0.993844867 0.026495142 0.107564956 169.423965454
0.103567369 0.051591463 -0.993283510 71.976051331 -0.033499919 0.998268247 0.048357405 -6.520046234 0.994057953 0.028266674 0.105116308 169.532989502
0.100699939 0.053138483 -0.993496656 70.846710205 -0.034376543 0.998162270 0.049903646 -6.489507198 0.994322717 0.029127698 0.102341592 169.650024414
0.098979764 0.054633226 -0.993588448 69.696601868 -0.033744223 0.998101711 0.051519837 -6.447855949 0.994517148 0.028428461 0.100635432 169.755157471
0.096714042 0.054818660 -0.993801355 68.562667847 -0.032638416 0.998119831 0.051880579 -6.411001205 0.994776905 0.027418531 0.098321401 169.866378784
0.094826140 0.053052172 -0.994079232 67.401443481 -0.030627670 0.998261690 0.050353795 -6.367200851 0.995022595 0.025671473 0.096286163 169.974868774
0.092434734 0.051903322 -0.994365096 66.245803833 -0.029481189 0.998345435 0.049370561 -6.324401379 0.995282233 0.024751510 0.093811952 170.082778931
0.090609170 0.051175665 -0.994570792 65.089668274 -0.029846923 0.998369753 0.048651978 -6.287338257 0.995439172 0.025276568 0.091988891 170.177505493
0.088573195 0.050880864 -0.994769335 63.919044495 -0.030070137 0.998375833 0.048387926 -6.249018669 0.995615602 0.025626976 0.089959346 170.271575928
0.086277507 0.052921675 -0.994864583 62.745742798 -0.030461552 0.998261392 0.050460655 -6.206226349 0.995805264 0.025951501 0.087739602 170.366134644
0.083337754 0.056198988 -0.994935453 61.575504303 -0.030446235 0.998085976 0.053826720 -6.167614937 0.996056199 0.025806237 0.084889293 170.469207764
0.080333591 0.056411028 -0.995170593 60.408977509 -0.030864991 0.998059273 0.054083254 -6.122920513 0.996289968 0.026371229 0.081918843 170.552276611
0.077040412 0.055304017 -0.995492935 59.227523804 -0.031928722 0.998085141 0.052977085 -6.071780205 0.996516585 0.027703440 0.078658685 170.649261475
0.075767942 0.055463877 -0.995581746 58.071868896 -0.031918235 0.998074949 0.053173676 -6.037858963 0.996614456 0.027748352 0.077392377 170.721130371
0.074395940 0.055181470 -0.995700896 56.905235291 -0.032362390 0.998075485 0.052895050 -5.994809151 0.996703565 0.028288081 0.076038554 170.804794312
0.072549172 0.055434056 -0.995823085 55.730022430 -0.032667380 0.998050511 0.053178124 -5.964924812 0.996829689 0.028672904 0.074218601 170.887573242
0.070836470 0.056717940 -0.995874107 54.570522308 -0.032738566 0.997976422 0.054508980 -5.929566383 0.996950507 0.028742267 0.072549984 170.967056274
0.069712929 0.056682944 -0.995955348 53.409484863 -0.032528210 0.997982681 0.054521475 -5.886643887 0.997036576 0.028595800 0.071416095 171.040924072
0.068600334 0.055917691 -0.996075869 52.251770020 -0.031154796 0.998061180 0.053883485 -5.844977379 0.997157693 0.027336121 0.070209436 171.116287231
0.067773141 0.055101808 -0.996178031 51.099609375 -0.032389045 0.998068929 0.053002879 -5.804317951 0.997174740 0.028673084 0.069426969 171.185760498
0.066406101 0.054211456 -0.996318996 49.948921204 -0.031118264 0.998149693 0.052237004 -5.764814854 0.997307181 0.027534859 0.067970209 171.264587402
0.065316811 0.052168388 -0.996499956 48.807449341 -0.032662138 0.998209119 0.050116990 -5.728365898 0.997329891 0.029274335 0.066903777 171.326843262
0.064890064 0.047660451 -0.996753693 47.660388947 -0.030540530 0.998485684 0.045755047 -5.695809364 0.997424960 0.027472336 0.066247381 171.396499634
0.063719615 0.044652417 -0.996968329 46.533500671 -0.030555174 0.998617530 0.042773385 -5.669592381 0.997499943 0.027737040 0.064995863 171.454513550
0.062330551 0.044624053 -0.997057498 45.385025024 -0.028621707 0.998669088 0.042906903 -5.637187004 0.997645140 0.025863076 0.063524790 171.533630371
0.060706854 0.048458915 -0.996978700 44.246612549 -0.026089786 0.998556674 0.046946984 -5.606153488 0.997814715 0.023160955 0.061883505 171.597366333
0.059765924 0.051447231 -0.996885717 43.137977600 -0.025606764 0.998421252 0.049991295 -5.576312065 0.997883916 0.022539241 0.060988985 171.659286499
0.058312684 0.052371733 -0.996923625 42.014060974 -0.026066128 0.998362362 0.050922643 -5.539834976 0.997958004 0.023016507 0.059582315 171.724609375
0.056878872 0.052685469 -0.996989965 40.900382996 -0.026869697 0.998325646 0.051223129 -5.508517742 0.998019397 0.023875305 0.058199298 171.785507202
0.055839229 0.054118246 -0.996971965 39.799728394 -0.028797993 0.998201787 0.052572068 -5.469516754 0.998024285 0.025775209 0.057297312 171.838684082
0.054302379 0.057335746 -0.996877015 38.702541351 -0.031107385 0.997962654 0.055703688 -5.437647820 0.998039782 0.027985394 0.055975296 171.894378662
0.053482205 0.058448941 -0.996856689 37.612674713 -0.033341005 0.997833490 0.056717433 -5.397471905 0.998011947 0.030202838 0.055315077 171.935821533
0.052030612 0.058022186 -0.996958494 36.533851624 -0.034461502 0.997820437 0.056273833 -5.362499714 0.998050630 0.031428728 0.053916734 171.987976074
0.050698381 0.057725996 -0.997044325 35.467468262 -0.035393778 0.997804880 0.055970304 -5.322876930 0.998086572 0.032451563 0.052630216 172.040817261
0.049317565 0.058550015 -0.997065544 34.430309296 -0.036949631 0.997703850 0.056759879 -5.286974907 0.998099446 0.034041941 0.051367719 172.073760986
0.047452401 0.059126485 -0.997122049 33.391265869 -0.037564728 0.997646093 0.057369880 -5.252454758 0.998166859 0.034734283 0.049561784 172.125549316
0.044820584 0.060431015 -0.997165620 32.373291016 -0.038154069 0.997544050 0.058739003 -5.213532925 0.998266220 0.035413209 0.047016211 172.176132202
0.043245748 0.060618404 -0.997223675 31.375440598 -0.039587524 0.997477651 0.058917083 -5.178727150 0.998279870 0.036929701 0.045536406 172.206558228
0.042051524 0.060506910 -0.997281611 30.387882233 -0.039777573 0.997474551 0.058841355 -5.145447731 0.998323262 0.037195072 0.044352137 172.239532471
0.040007990 0.060031127 -0.997394443 29.420618057 -0.040382184 0.997475266 0.058416162 -5.108713627 0.998382926 0.037939850 0.042331163 172.270629883
0.038663883 0.059354231 -0.997487903 28.471502304 -0.040456250 0.997508824 0.057787348 -5.077901840 0.998432934 0.038120341 0.040968813 172.294738770
0.036488887 0.059112757 -0.997584164 27.524263382 -0.040878039 0.997501731 0.057612669 -5.043512821 0.998497605 0.038677063 0.038814116 172.333908081
0.034888890 0.058817346 -0.997658908 26.599554062 -0.041517641 0.997490168 0.057355501 -5.009117126 0.998528361 0.039419375 0.037243269 172.361465454
0.033947613 0.059509911 -0.997650325 25.701734543 -0.042722348 0.997399569 0.058041230 -4.980105400 0.998510063 0.040651597 0.036401723 172.387542725
0.034006435 0.059902400 -0.997624755 24.813257217 -0.044112463 0.997319281 0.058380380 -4.948542118 0.998447776 0.042022374 0.036557708 172.410537720
0.034752894 0.059327062 -0.997633398 23.946552277 -0.046317037 0.997259438 0.057691358 -4.917669773 0.998322129 0.044202484 0.037405510 172.436965942
0.037633561 0.058790345 -0.997560740 23.087810516 -0.048659112 0.997191489 0.056932900 -4.888502121 0.998106182 0.046397831 0.040388562 172.459732056
0.041819304 0.058004778 -0.997439981 22.233966827 -0.050471194 0.997161388 0.055872492 -4.860371590 0.997849584 0.048005439 0.044628158 172.487991333
0.047472537 0.057205189 -0.997233093 21.414989471 -0.051144399 0.997188389 0.054767933 -4.832532883 0.997562289 0.048402913 0.050264783 172.525039673
0.054231204 0.056749448 -0.996914387 20.600864410 -0.053371951 0.997121274 0.053857833 -4.802758217 0.997100890 0.050286502 0.057103913 172.564941406
0.062937818 0.056495845 -0.996417105 19.803125381 -0.054135785 0.997119784 0.053116258 -4.779779911 0.996548176 0.050598796 0.065814979 172.617797852
0.073714621 0.056202196 -0.995694518 19.007884979 -0.054375876 0.997152030 0.052258853 -4.754666805 0.995795786 0.050289519 0.076560736 172.675399780
0.085035883 0.056033023 -0.994801044 18.222316742 -0.054095298 0.997204483 0.051544320 -4.728784084 0.994908273 0.049430940 0.087829284 172.741043091
0.096692927 0.054821000 -0.993803322 17.460212708 -0.052237894 0.997385323 0.049936067 -4.704871178 0.993942499 0.047085732 0.099303834 172.825439453
0.107915461 0.055454183 -0.992612183 16.688583374 -0.050290439 0.997469366 0.050258026 -4.683428288 0.992887259 0.044495285 0.110431150 172.909118652
0.119205266 0.055929564 -0.991293073 15.929877281 -0.048313089 0.997556090 0.050473180 -4.656448841 0.991693497 0.041875757 0.121616066 173.008499146
0.130026907 0.056983333 -0.989871621 15.198066711 -0.046466693 0.997600377 0.051324509 -4.631298065 0.990420997 0.039322495 0.132362723 173.111587524
0.140292346 0.057603382 -0.988433123 14.472701073 -0.044121191 0.997678161 0.051879872 -4.611061573 0.989126623 0.036332492 0.142508134 173.218231201
0.150167003 0.056738414 -0.987031221 13.756062508 -0.039049055 0.997913241 0.051423032 -4.595158100 0.987889171 0.030820595 0.152069211 173.332489014
0.158442229 0.055898190 -0.985784709 13.059281349 -0.036292717 0.998051226 0.050760534 -4.574519157 0.986701012 0.027734194 0.160162136 173.455215454
0.165524229 0.055828623 -0.984624207 12.365076065 -0.033916682 0.998128116 0.050892595 -4.545434952 0.985622287 0.024971230 0.167107895 173.575469971
0.170299217 0.056141693 -0.983791709 11.679155350 -0.028914109 0.998230398 0.051960487 -4.533850193 0.984968007 0.019596633 0.171621144 173.703613281
0.172595024 0.056400955 -0.983376801 11.015005112 -0.025480291 0.998280764 0.052783661 -4.505564690 0.984663188 0.015946530 0.173735425 173.823715210
0.173124477 0.056850962 -0.983257771 10.370983124 -0.020745045 0.998321712 0.054069314 -4.490457535 0.984681427 0.011037008 0.174013302 173.943161011
0.171773210 0.056588396 -0.983509839 9.731399536 -0.016466878 0.998374343 0.054567657 -4.471841812 0.984998822 0.006822081 0.172425792 174.060394287
0.169049755 0.056633111 -0.983979106 9.107971191 -0.014434528 0.998383105 0.054982252 -4.449607849 0.985501766 0.004908535 0.169593886 174.162628174
0.165464893 0.057455573 -0.984540582 8.494483948 -0.011845000 0.998345256 0.056270480 -4.433177471 0.986144602 0.002351093 0.165871635 174.261413574
0.161045268 0.057706594 -0.985258520 7.904960632 -0.009756805 0.998333514 0.056877602 -4.409397125 0.986898839 0.000453112 0.161339924 174.358200073
0.156576708 0.058675602 -0.985921323 7.329935074 -0.007310745 0.998275161 0.058249794 -4.388039589 0.987638593 -0.001912740 0.156735629 174.447265625
0.152455658 0.059661120 -0.986507833 6.784763336 -0.005236636 0.998210907 0.059559617 -4.368366241 0.988296390 -0.003914216 0.152495340 174.522186279
0.148128182 0.060202949 -0.987134039 6.254163742 -0.003840917 0.998172939 0.060299821 -4.350762367 0.988960743 -0.005140602 0.148088768 174.597930908
0.143342435 0.060178101 -0.987841904 5.739913940 -0.002528293 0.998168588 0.060440328 -4.334091663 0.989669800 -0.006166111 0.143232092 174.670440674
0.138488472 0.059987582 -0.988545537 5.244392395 -0.001439320 0.998174965 0.060370289 -4.314946651 0.990362883 -0.006937766 0.138322070 174.737503052
0.133961320 0.058212668 -0.989275217 4.781150818 -0.000734763 0.998278737 0.058642976 -4.295212746 0.990986168 -0.007129008 0.133773521 174.802597046
0.130272746 0.055902828 -0.989900827 4.347494125 -0.001144104 0.998417020 0.056233190 -4.282441616 0.991477609 -0.006193098 0.130130470 174.847213745
0.126209095 0.053898908 -0.990538239 3.932914734 -0.002175200 0.998535514 0.054056916 -4.270551682 0.992001235 -0.004667854 0.126141503 174.889541626
0.122169897 0.052949753 -0.991095722 3.547561646 -0.002098352 0.998587489 0.053091343 -4.260908127 0.992506981 -0.004406492 0.122108407 174.932266235
0.118415140 0.051835813 -0.991610169 3.177488327 -0.001818814 0.998646140 0.051986411 -4.245582104 0.992962360 -0.004352424 0.118349098 174.975540161
0.115198754 0.050823096 -0.992041588 2.862760544 -0.002438664 0.998701751 0.050881136 -4.234032154 0.993339419 -0.003442187 0.115173154 175.008071899
0.112047635 0.050055176 -0.992441416 2.551134109 -0.003187069 0.998743474 0.050013214 -4.224037647 0.993697703 -0.002440880 0.112066381 175.037857056
0.109194905 0.050147522 -0.992754579 2.255298615 -0.004826826 0.998741567 0.049919039 -4.218912125 0.994008601 -0.000659051 0.109299541 175.064331055
0.106873937 0.050020196 -0.993013620 1.989183426 -0.006263200 0.998747826 0.049634960 -4.209614754 0.994252861 0.000914759 0.107053384 175.087097168
0.104222856 0.049980629 -0.993297279 1.743732452 -0.006567638 0.998749316 0.049565848 -4.207812786 0.994532347 0.001357723 0.104420744 175.109405518
0.102183104 0.049300060 -0.993543208 1.508575439 -0.006254502 0.998783231 0.048916820 -4.202129364 0.994746029 0.001215640 0.102367111 175.127395630
0.100136682 0.047524072 -0.993838072 1.288034439 -0.006081836 0.998869300 0.047151871 -4.197200298 0.994955122 0.001322730 0.100312486 175.152221680
0.098256662 0.045300208 -0.994129539 1.065001488 -0.006386832 0.998971581 0.044889595 -4.194018364 0.995140672 0.001938637 0.098444924 175.166885376
0.096203193 0.043625224 -0.994405270 0.854074478 -0.006132073 0.999046147 0.043235581 -4.186504364 0.995342851 0.001938366 0.096378922 175.189865112
0.094509318 0.043352559 -0.994579613 0.664219856 -0.005364878 0.999059081 0.043038025 -4.182950497 0.995509565 0.001268306 0.094652958 175.202667236
0.092645362 0.042253450 -0.994802177 0.455657005 -0.004155633 0.999107003 0.042049274 -4.177424431 0.995690584 0.000238362 0.092738189 175.218460083
0.090928137 0.040672615 -0.995026529 0.255633354 -0.005180289 0.999171495 0.040368658 -4.178780556 0.995844007 0.001483884 0.091063477 175.226150513
0.088674709 0.039303984 -0.995284855 0.071881294 -0.006027868 0.999224067 0.038922492 -4.167608261 0.996042371 0.002548009 0.088842817 175.244384766
0.086678162 0.039579552 -0.995449781 -0.126386642 -0.005532276 0.999214232 0.039247502 -4.162953377 0.996221006 0.002105207 0.086828999 175.257781982
0.084779002 0.040105339 -0.995592296 -0.333442688 -0.003913837 0.999195278 0.039917205 -4.156508446 0.996392190 0.000512447 0.084867723 175.274871826
0.082971960 0.040596806 -0.995724618 -0.528640747 -0.002512275 0.999175310 0.040528148 -4.151896477 0.996548772 -0.000861163 0.083005495 175.288986206
0.081107445 0.040969566 -0.995863020 -0.729012489 -0.001508406 0.999158680 0.040982306 -4.146381378 0.996704280 -0.001821804 0.081101000 175.300582886
0.078495182 0.041485518 -0.996050894 -0.926252365 -0.000964698 0.999136508 0.041538000 -4.141149521 0.996914089 -0.002299646 0.078467399 175.316421509
0.076042131 0.041745625 -0.996230245 -1.126842499 -0.001188132 0.999126256 0.041776285 -4.133937836 0.997103989 -0.001993106 0.076025262 175.326461792
0.073640734 0.042659122 -0.996372044 -1.330245018 -0.002727966 0.999089658 0.042573851 -4.129234791 0.997281075 -0.000417100 0.073690057 175.334762573
0.070869774 0.042767111 -0.996568322 -1.527377129 -0.006173514 0.999080181 0.042435881 -4.125377178 0.997466564 0.003144913 0.071068585 175.336975098
0.067517363 0.038969360 -0.996956766 -1.738390923 -0.010566948 0.999208748 0.038341761 -4.120872974 0.997662187 0.007946058 0.067875713 175.341400146
0.063869901 0.034585189 -0.997358739 -1.971826553 -0.012418092 0.999349475 0.033858977 -4.116652966 0.997881055 0.010222727 0.064257815 175.354339600
0.060852937 0.032253161 -0.997625470 -2.217199326 -0.013010196 0.999418557 0.031517539 -4.111903191 0.998061955 0.011061370 0.061237156 175.364166260
0.057042085 0.032485988 -0.997843087 -2.496136665 -0.013732176 0.999401450 0.031751718 -4.107183933 0.998277366 0.011891375 0.057454020 175.377807617
0.053660329 0.031969853 -0.998047292 -2.774875641 -0.013414260 0.999420226 0.031292610 -4.101034164 0.998469234 0.011708900 0.054058053 175.384231567
0.050412569 0.030538131 -0.998261452 -3.072052002 -0.012962542 0.999468148 0.029920436 -4.098231316 0.998644352 0.011431639 0.050781585 175.389221191
0.046822459 0.028570633 -0.998494506 -3.400506020 -0.012798617 0.999525964 0.027999979 -4.088389874 0.998821259 0.011468324 0.047165900 175.403717041
0.044505559 0.026129834 -0.998667240 -3.702902317 -0.015288645 0.999558687 0.025471816 -4.081161499 0.998892188 0.014134633 0.044885386 175.409576416
0.043029279 0.024380019 -0.998776197 -4.068911076 -0.018565603 0.999549150 0.023599043 -4.070713997 0.998901367 0.017527431 0.043462493 175.414688110
0.043353654 0.022536630 -0.998805523 -4.467459679 -0.022285340 0.999518692 0.021585412 -4.057928562 0.998811245 0.021322915 0.043835025 175.424346924
0.044609349 0.022409713 -0.998753071 -4.878021717 -0.025474165 0.999448836 0.021287519 -4.054120064 0.998679757 0.024492778 0.045155626 175.428497314
0.045091730 0.024715282 -0.998677075 -5.327301502 -0.026717860 0.999366164 0.023525989 -4.043460369 0.998625576 0.025621688 0.045723483 175.450073242
0.046280213 0.028736886 -0.998515010 -5.791203499 -0.026084298 0.999280035 0.027549922 -4.035037518 0.998587966 0.024770549 0.046996471 175.463912964
0.047744412 0.033573721 -0.998295128 -6.281336784 -0.027958045 0.999088407 0.032263275 -4.020185947 0.998468280 0.026369991 0.048639543 175.479614258
0.048873294 0.038075548 -0.998078942 -6.797670364 -0.030227702 0.998871922 0.036625627 -4.001314163 0.998347521 0.028379615 0.049969085 175.502853394
0.049260918 0.044056702 -0.997813940 -7.296242714 -0.029212244 0.998663008 0.042652015 -3.993421793 0.998358607 0.027047304 0.050482042 175.536605835
0.049910236 0.048761960 -0.997562706 -7.842817307 -0.020864613 0.998640418 0.047770739 -3.978594780 0.998535693 0.018429512 0.050859757 175.575057983
0.051423322 0.048172560 -0.997514486 -8.403403282 -0.011654750 0.998796999 0.047633674 -3.957829237 0.998608887 0.009176300 0.051922884 175.615097046
0.051207051 0.047183104 -0.997572839 -8.977187157 -0.004995020 0.998882949 0.046988662 -3.938976526 0.998675525 0.002576743 0.051385518 175.656494141
0.049706805 0.044874523 -0.997755229 -9.579556465 -0.007724758 0.998977602 0.044544656 -3.913788795 0.998733819 0.005493249 0.050002627 175.676589966
0.048467942 0.043424878 -0.997880220 -10.186154366 -0.010234104 0.999023616 0.042977553 -3.888012409 0.998772204 0.008129385 0.048865031 175.696487427
0.046677634 0.043916207 -0.997944057 -10.825465202 -0.005376917 0.999029696 0.043712478 -3.858555317 0.998895526 0.003325468 0.046868462 175.729309082
0.043825619 0.047463533 -0.997910976 -11.487440109 0.003670639 0.998856485 0.047669701 -3.832186222 0.999032438 -0.005752121 0.043601256 175.768768311
0.041211784 0.048479132 -0.997973621 -12.169567108 0.005013390 0.998799622 0.048726290 -3.802694559 0.999137878 -0.007011327 0.040919252 175.797576904
0.038607638 0.045556568 -0.998215377 -12.871426582 0.004836120 0.998939991 0.045776684 -3.786981583 0.999242783 -0.006594821 0.038346384 175.820251465
0.034745149 0.037297785 -0.998699903 -13.578360558 0.000620025 0.999302328 0.037341855 -3.767831564 0.999396026 -0.001916671 0.034697767 175.835128784
0.033134170 0.026152441 -0.999108613 -14.278034210 -0.001188202 0.999657929 0.026127413 -3.743426561 0.999450147 0.000321436 0.033153906 175.845397949
0.032522824 0.021478385 -0.999240100 -15.025230408 -0.003509636 0.999765337 0.021375442 -3.721805573 0.999464750 0.002811781 0.032590572 175.866378784
0.031577565 0.025992313 -0.999163151 -15.790927887 -0.001500591 0.999661863 0.025957858 -3.706143618 0.999500096 0.000679653 0.031605881 175.885681152
0.030942004 0.032416113 -0.998995245 -16.570909500 0.000010404 0.999473929 0.032431964 -3.689582109 0.999521077 -0.001013900 0.030925380 175.898910522
0.029525138 0.036872450 -0.998883665 -17.392740250 0.001253550 0.999317288 0.036925498 -3.666966200 0.999563217 -0.002342375 0.029458744 175.924438477
0.027436145 0.034752134 -0.999019265 -18.207513809 -0.002742061 0.999394476 0.034689870 -3.645095348 0.999619722 0.001787619 0.027514810 175.943145752
0.027129404 0.029979046 -0.999182343 -19.040384293 -0.005251745 0.999540746 0.029847208 -3.621297598 0.999618173 0.004437719 0.027274393 175.943710327
0.025944352 0.027404983 -0.999287784 -19.888711929 -0.005378678 0.999613583 0.027274277 -3.600684881 0.999648929 0.004667235 0.026081720 175.962875366
0.025357245 0.029082008 -0.999255419 -20.758852005 -0.005860302 0.999564052 0.028942280 -3.581407547 0.999661326 0.005122039 0.025516616 175.977127075
0.024704061 0.032711238 -0.999159515 -21.643091202 -0.007491011 0.999442518 0.032535296 -3.561297655 0.999666691 0.006680963 0.024935313 175.994796753
0.024000527 0.035762306 -0.999072134 -22.539594650 -0.007469346 0.999338448 0.035592407 -3.538371801 0.999684036 0.006608180 0.024251755 176.010528564
0.023326201 0.037989680 -0.999005914 -23.446537018 -0.006973223 0.999259591 0.037836507 -3.515377998 0.999703467 0.006083713 0.023573844 176.028778076
0.022857480 0.040402912 -0.998921990 -24.367069244 -0.007065523 0.999164581 0.040251054 -3.495660782 0.999713778 0.006137869 0.023123858 176.046310425
0.023030579 0.041415650 -0.998876572 -25.292640686 -0.007181369 0.999122560 0.041260287 -3.471123695 0.999708951 0.006223054 0.023307789 176.066360474
0.023886336 0.039193794 -0.998946190 -26.216676712 -0.009244032 0.999197185 0.038982607 -3.446372032 0.999671936 0.008303138 0.024229465 176.084213257
0.026097696 0.036353424 -0.998998165 -27.171192169 -0.009650488 0.999301136 0.036112346 -3.418027401 0.999612927 0.008698372 0.026430272 176.097625732
0.027393498 0.035934500 -0.998978615 -28.135406494 -0.010841099 0.999305606 0.035648983 -3.389371395 0.999565899 0.009853481 0.027764043 176.122314453
0.029224940 0.038241468 -0.998841047 -29.107715607 -0.010184392 0.999227583 0.037958272 -3.366378784 0.999520898 0.009063265 0.029591843 176.142135620
0.030729268 0.039645627 -0.998741210 -30.095457077 -0.010639434 0.999169409 0.039335273 -3.337696552 0.999471068 0.009417296 0.031125555 176.174377441
0.032468334 0.039970990 -0.998673141 -31.091499329 -0.010014926 0.999162912 0.039664991 -3.311303854 0.999422431 0.008713784 0.032841470 176.202178955
0.034040757 0.040597271 -0.998595536 -32.078548431 -0.009855483 0.999139786 0.040283434 -3.289628983 0.999371827 0.008470367 0.034411602 176.229537964
0.034393657 0.040039066 -0.998605967 -33.089920044 -0.007574630 0.999178946 0.039801151 -3.264518261 0.999379635 0.006195168 0.034668714 176.273376465
0.035643741 0.039539456 -0.998582006 -34.093132019 -0.007563927 0.999199033 0.039293896 -3.236683369 0.999336004 0.006152620 0.035914253 176.296112061
0.035313368 0.038382504 -0.998638928 -35.114616394 -0.006919097 0.999247611 0.038161229 -3.208666801 0.999352396 0.005562075 0.035552368 176.336639404
0.034538265 0.039127827 -0.998637140 -36.140548706 -0.007159966 0.999217331 0.038902931 -3.184732437 0.999377728 0.005806573 0.034791369 176.368957520
0.034220438 0.039946157 -0.998615623 -37.177474976 -0.006526601 0.999188483 0.039745428 -3.154888630 0.999392927 0.005157461 0.034453385 176.397537231
0.033282802 0.040631156 -0.998619676 -38.208843231 -0.009288997 0.999142647 0.040342849 -3.129503012 0.999402821 0.007933452 0.033631697 176.421676636
0.031859282 0.038662992 -0.998744249 -39.254859924 -0.011027054 0.999204338 0.038329054 -3.107177496 0.999431431 0.009792070 0.032260280 176.453674316
0.031295940 0.036799811 -0.998832464 -40.296154022 -0.010942904 0.999274731 0.036473237 -3.080791473 0.999450266 0.009788669 0.031675920 176.479110718
0.030877614 0.038105339 -0.998796523 -41.341320038 -0.012951832 0.999204457 0.037720498 -3.052377701 0.999439240 0.011771530 0.031346563 176.500625610
0.030281896 0.040845070 -0.998706460 -42.400474548 -0.014675671 0.999075234 0.040415168 -3.030007839 0.999433637 0.013432845 0.030853299 176.525177002
0.029388376 0.042302229 -0.998672545 -43.462360382 -0.013619560 0.999028325 0.041916508 -3.006360054 0.999475300 0.012369623 0.029935956 176.562698364
0.029385507 0.042562436 -0.998661637 -44.522869110 -0.011744440 0.999038756 0.042232934 -2.975528955 0.999499202 0.010487681 0.029857127 176.598892212
0.030190675 0.044068158 -0.998572171 -45.577159882 -0.011464871 0.998977184 0.043739397 -2.945347548 0.999478459 0.010127979 0.030665014 176.619415283
0.030631483 0.045394145 -0.998499334 -46.634811401 -0.009762683 0.998934031 0.045114417 -2.920925617 0.999482989 0.008366107 0.031041993 176.644821167
0.030700896 0.045296509 -0.998501718 -47.696853638 -0.010879313 0.998928607 0.044981372 -2.882748365 0.999469280 0.009482041 0.031160813 176.669509888
0.030307956 0.044773165 -0.998537242 -48.769828796 -0.011804142 0.998942614 0.044433054 -2.856578350 0.999470830 0.010440201 0.030804422 176.698226929
0.030075930 0.043355096 -0.998606861 -49.849990845 -0.014910120 0.998967111 0.042921681 -2.822278261 0.999436438 0.013598440 0.030691281 176.728897095
0.030229943 0.040410664 -0.998725712 -50.909557343 -0.016822955 0.999061346 0.039915048 -2.796993017 0.999401450 0.015594884 0.030881384 176.750946045
0.030421769 0.039369166 -0.998761415 -51.965042114 -0.020376515 0.999040723 0.038759515 -2.771823645 0.999329388 0.019172147 0.031194776 176.767166138
0.029773667 0.043334462 -0.998616874 -53.052314758 -0.023032472 0.998824239 0.042656753 -2.743453741 0.999291182 0.021730570 0.030736759 176.797668457
0.030004926 0.051169723 -0.998239100 -54.125843048 -0.022673026 0.998466671 0.050499886 -2.709123373 0.999292493 0.021117859 0.031119106 176.816848755
0.028831588 0.058166537 -0.997890532 -55.202476501 -0.022576207 0.998088658 0.057525817 -2.674323082 0.999329269 0.020870022 0.030089680 176.855133057
0.028839698 0.056995966 -0.997957706 -56.260040283 -0.025239004 0.998096287 0.056274500 -2.630503893 0.999265254 0.023564521 0.030223316 176.871810913
0.028414644 0.050913636 -0.998298764 -57.313167572 -0.027157934 0.998372674 0.050144408 -2.590885639 0.999227226 0.025686895 0.029751102 176.896743774
0.028956547 0.043504901 -0.998633504 -58.375495911 -0.027220130 0.998716235 0.042719230 -2.560521603 0.999209881 0.025945928 0.030103594 176.919845581
0.029719710 0.038401060 -0.998820305 -59.424488068 -0.026817415 0.998932719 0.037607431 -2.533632278 0.999198437 0.025668100 0.030717798 176.942199707
0.030181613 0.039685715 -0.998756230 -60.486648560 -0.025618516 0.998914003 0.038917813 -2.509465456 0.999216080 0.024412051 0.031165510 176.971862793
0.030077534 0.040357176 -0.998732448 -61.561962128 -0.024548359 0.998913050 0.039625183 -2.484541655 0.999246120 0.023325419 0.031035524 177.002746582
0.030889336 0.041892711 -0.998644531 -62.619823456 -0.022745002 0.998892009 0.041199569 -2.452304840 0.999264061 0.021441543 0.031807959 177.031234741
0.030521097 0.041411389 -0.998675883 -63.683612823 -0.021256149 0.998942375 0.040772814 -2.424131155 0.999308109 0.019983575 0.031369053 177.062377930
0.030322298 0.040804289 -0.998706937 -64.744819641 -0.019308867 0.999003828 0.040230174 -2.401136637 0.999353647 0.018064030 0.031079978 177.091751099
0.028944401 0.038228892 -0.998849750 -65.810264587 -0.018325860 0.999120712 0.037708223 -2.376099586 0.999413073 0.017213335 0.029619526 177.124069214
0.028286345 0.037800130 -0.998884857 -66.879570007 -0.017878054 0.999144018 0.037303675 -2.352630615 0.999439955 0.016802933 0.028937928 177.150756836
0.027755868 0.039980464 -0.998814762 -67.942825317 -0.016003104 0.999089599 0.039546754 -2.328508377 0.999486685 0.014886486 0.028370406 177.172775269
0.026490681 0.044523042 -0.998657048 -69.031768799 -0.014336284 0.998921931 0.044154562 -2.301982880 0.999546170 0.013147351 0.027100429 177.200363159
0.026049545 0.047566410 -0.998528302 -70.105651855 -0.015175040 0.998771012 0.047182087 -2.270962954 0.999545336 0.013923639 0.026739342 177.221633911
0.025312973 0.044468097 -0.998690009 -71.171241760 -0.014950465 0.998915315 0.044099189 -2.241653681 0.999567688 0.013814605 0.025950305 177.242767334
0.024284279 0.039739255 -0.998914957 -72.243728638 -0.017538708 0.999072790 0.039319158 -2.214224100 0.999551177 0.016564840 0.024958737 177.262237549
0.023735384 0.036836024 -0.999039471 -73.311096191 -0.019033775 0.999156415 0.036388133 -2.189030409 0.999536991 0.018151807 0.024416495 177.280563354
0.023270579 0.038176205 -0.999000072 -74.403656006 -0.019773485 0.999092758 0.037719149 -2.162567616 0.999533713 0.018875968 0.024004363 177.301635742
0.022829771 0.042852297 -0.998820603 -75.495414734 -0.019977173 0.998900950 0.042399142 -2.130887032 0.999539614 0.018985650 0.023660760 177.323196411
0.022393070 0.046106465 -0.998685479 -76.578483582 -0.019896830 0.998758733 0.045663711 -2.101049423 0.999551237 0.018848130 0.023282640 177.336303711
0.021344770 0.045165937 -0.998751462 -77.664360046 -0.019924169 0.998799920 0.044742323 -2.066792727 0.999573648 0.018944282 0.022219051 177.362319946
0.020725422 0.042450398 -0.998883665 -78.733901978 -0.021727197 0.998881340 0.041999500 -2.038352251 0.999549031 0.020832479 0.021624545 177.373123169
0.018622778 0.041399907 -0.998969078 -79.807029724 -0.024981767 0.998849690 0.040929254 -2.007156849 0.999514341 0.024193795 0.019635599 177.387878418
0.016848408 0.040937919 -0.999019504 -80.900497437 -0.028912541 0.998763621 0.040439814 -1.981263399 0.999439836 0.028202852 0.018011177 177.395339966
0.015220194 0.041721676 -0.999013364 -81.979660034 -0.028853633 0.998731256 0.041270308 -1.960025549 0.999467671 0.028197024 0.016404733 177.407119751
0.011698259 0.038095504 -0.999205649 -83.052299500 -0.028714813 0.998874664 0.037746701 -1.930229425 0.999519169 0.028250435 0.012779012 177.416656494
0.008371477 0.038928978 -0.999206901 -84.133499146 -0.026946051 0.998887837 0.038690791 -1.908927202 0.999601722 0.026600786 0.009411143 177.422866821
0.005988786 0.037433479 -0.999281168 -85.219833374 -0.022395400 0.999053597 0.037290722 -1.887195587 0.999731302 0.022155982 0.006821445 177.425262451
0.004721105 0.033899002 -0.999414027 -86.293312073 -0.021859013 0.999189973 0.033788137 -1.863889217 0.999749899 0.021686690 0.005458265 177.414215088
