1.000000000 0.000000000 0.000000000 0.000000000 0.000000000 1.000000000 0.000000000 0.000000000 0.000000000 0.000000000 1.000000000 0.000000000
0.999997318 0.001039006 0.002066517 -0.009280416 -0.001036778 0.999998868 -0.001078757 -0.016977478 -0.002067636 0.001076611 0.999997258 1.205656886
0.999994993 0.000934424 0.003016612 -0.004399984 -0.000932050 0.999999225 -0.000788496 -0.036129978 -0.003017347 0.000785680 0.999995112 2.404335737
0.999990880 0.000405184 0.004252173 -0.007075395 -0.000403185 0.999999821 -0.000470953 -0.055436805 -0.004252364 0.000469235 0.999990821 3.601178408
0.999986351 0.000114311 0.005230999 -0.006087990 -0.000111405 0.999999881 -0.000555705 -0.075675435 -0.005231062 0.000555114 0.999986231 4.798075676
0.999982953 -0.000022777 0.005841063 0.000552602 0.000023694 1.000000000 -0.000156776 -0.100093096 -0.005841061 0.000156911 0.999982893 5.999578476
0.999978840 0.000280707 0.006507318 0.005381204 -0.000273184 0.999999285 -0.001156859 -0.121353038 -0.006507638 0.001155057 0.999978244 7.199309349
0.999972820 -0.000052002 0.007370350 0.009233054 0.000061912 0.999999046 -0.001344359 -0.146040618 -0.007370274 0.001344779 0.999971926 8.387788773
0.999971330 -0.000397597 0.007576537 0.012943555 0.000397226 0.999999940 0.000050517 -0.166433394 -0.007576558 -0.000047506 0.999971271 9.590961456
0.999979615 -0.000917217 0.006324473 0.014080048 0.000909496 0.999998868 0.001223645 -0.190130919 -0.006325587 -0.001217868 0.999979258 10.789847374
0.999989152 -0.002348394 0.004016743 0.011880271 0.002345801 0.999997020 0.000650148 -0.210428700 -0.004018257 -0.000640719 0.999991715 11.996656418
0.999995708 -0.001987830 0.002135227 0.005001681 0.001987772 0.999997973 0.000029295 -0.227029040 -0.002135281 -0.000025051 0.999997795 13.192794800
0.999997616 -0.002076692 0.000622522 0.004598612 0.002076729 0.999997795 -0.000058395 -0.248914674 -0.000622399 0.000059687 0.999999821 14.389599800
0.999999702 -0.000618978 -0.000220182 0.000880121 0.000618940 0.999999821 -0.000174048 -0.270670712 0.000220289 0.000173912 0.999999940 15.581477165
0.999999344 -0.000826410 -0.000719504 -0.006519536 0.000826352 0.999999702 -0.000080979 -0.291094065 0.000719571 0.000080384 0.999999642 16.783075333
0.999997616 -0.001539536 -0.001541529 -0.010553909 0.001540022 0.999998808 0.000314064 -0.309291303 0.001541044 -0.000316437 0.999998748 17.970802307
0.999996603 -0.001777615 -0.001898568 -0.016512176 0.001779136 0.999998093 0.000799686 -0.333842844 0.001897142 -0.000803061 0.999997854 19.184698105
0.999994457 -0.001558886 -0.002945417 -0.023565702 0.001558897 0.999998808 0.000001315 -0.356722206 0.002945411 -0.000005906 0.999995589 20.381380081
0.999994516 -0.001669333 -0.002866228 -0.038287360 0.001666179 0.999998033 -0.001102594 -0.378470659 0.002868064 0.001097812 0.999995232 21.588165283
0.999993086 -0.000771780 -0.003632045 -0.048016325 0.000769536 0.999999523 -0.000619059 -0.397333086 0.003632521 0.000616259 0.999993205 22.784589767
0.999990284 -0.001105585 -0.004262433 -0.062984310 0.001102585 0.999999166 -0.000706115 -0.422438890 0.004263211 0.000701408 0.999990582 23.968635559
0.999986231 -0.001076367 -0.005145576 -0.076650456 0.001069237 0.999998510 -0.001388182 -0.443366081 0.005147063 0.001382661 0.999985814 25.163257599
0.999981105 -0.000808034 -0.006097245 -0.090726331 0.000805198 0.999999583 -0.000467577 -0.470570713 0.006097619 0.000462658 0.999981284 26.353973389
0.999974787 -0.002339803 -0.006706306 -0.105001688 0.002347511 0.999996662 0.001141753 -0.488794863 0.006703613 -0.001157467 0.999976873 27.556224823
0.999965191 -0.002662041 -0.007902619 -0.112452701 0.002671574 0.999995708 0.001195938 -0.511466384 0.007899402 -0.001217009 0.999968052 28.748781204
0.999956608 -0.003318278 -0.008704361 -0.128567725 0.003322043 0.999994457 0.000418154 -0.531986773 0.008702924 -0.000447052 0.999962032 29.948356628
0.999946892 -0.003561396 -0.009664178 -0.138620362 0.003557328 0.999993503 -0.000438095 -0.552442729 0.009665677 0.000403693 0.999953210 31.138662338
0.999942422 -0.002776536 -0.010363854 -0.158771768 0.002772022 0.999996066 -0.000449922 -0.572031915 0.010365064 0.000421167 0.999946177 32.331611633
0.999935687 -0.003078975 -0.010916173 -0.175936535 0.003080937 0.999995232 0.000162916 -0.595103085 0.010915620 -0.000196537 0.999940395 33.533786774
0.999926150 -0.003353995 -0.011683635 -0.187811628 0.003354278 0.999994338 0.000004586 -0.613749087 0.011683555 -0.000043776 0.999931753 34.725158691
0.999919116 -0.004196678 -0.012005428 -0.213539362 0.004200677 0.999991119 0.000307835 -0.638815820 0.012004028 -0.000358241 0.999927878 35.938331604
0.999914944 -0.004137921 -0.012372185 -0.235954687 0.004141464 0.999991357 0.000260770 -0.658172369 0.012371000 -0.000311987 0.999923348 37.144229889
0.999908566 -0.005156344 -0.012502856 -0.253623962 0.005171073 0.999985993 0.001146051 -0.689393520 0.012496768 -0.001210600 0.999921203 38.331775665
0.999909282 -0.004795203 -0.012587164 -0.266276777 0.004824640 0.999985695 0.002309345 -0.703362882 0.012575909 -0.002369864 0.999918103 39.536552429
0.999914885 -0.004209131 -0.012349846 -0.290247291 0.004245963 0.999986589 0.002957776 -0.723202288 0.012337229 -0.003009961 0.999919355 40.746677399
0.999913990 -0.003547487 -0.012630190 -0.308576763 0.003579396 0.999990404 0.002504765 -0.741398692 0.012621184 -0.002549757 0.999917030 41.955535889
0.999919057 -0.002113766 -0.012548178 -0.326978356 0.002145344 0.999994636 0.002503598 -0.760106325 0.012542818 -0.002530315 0.999918103 43.148487091
0.999930024 -0.000030010 -0.011830462 -0.349027395 0.000082913 0.999989927 0.004471292 -0.778439879 0.011830212 -0.004471960 0.999920011 44.358119965
0.999949098 -0.000069446 -0.010087610 -0.369914174 0.000144524 0.999972224 0.007442049 -0.791225672 0.010086816 -0.007443128 0.999921381 45.565349579
0.999967992 0.000005362 -0.008000227 -0.389634222 0.000075549 0.999948859 0.010113288 -0.801187813 0.007999872 -0.010113567 0.999916792 46.770572662
0.999975681 0.000808568 -0.006924056 -0.395137250 -0.000715692 0.999909878 0.013405491 -0.807181954 0.006934272 -0.013400209 0.999886096 47.972248077
0.999984086 -0.000108133 -0.005632153 -0.407907426 0.000190843 0.999892116 0.014686781 -0.812771678 0.005629957 -0.014687621 0.999876261 49.180812836
0.999990642 -0.001323576 -0.004120942 -0.410108864 0.001378330 0.999910414 0.013312524 -0.815553546 0.004102953 -0.013318079 0.999902844 50.389633179
0.999995053 -0.000064664 -0.003162127 -0.420596778 0.000102027 0.999930143 0.011817018 -0.822719693 0.003161142 -0.011817282 0.999925137 51.595821381
0.999997258 -0.000336605 -0.002321179 -0.427300692 0.000362432 0.999937952 0.011135331 -0.827876031 0.002317287 -0.011136143 0.999935329 52.789539337
0.999997318 -0.000633245 -0.002219395 -0.436313331 0.000657032 0.999942183 0.010733667 -0.834938824 0.002212470 -0.010735096 0.999939919 53.993968964
0.999995112 -0.001221846 -0.002915210 -0.443617046 0.001249543 0.999953926 0.009518097 -0.841675758 0.002903446 -0.009521694 0.999950409 55.199096680
0.999987066 -0.001131503 -0.004957062 -0.451285601 0.001181903 0.999947548 0.010176275 -0.849479914 0.004945287 -0.010182004 0.999935925 56.410633087
0.999982357 -0.001063268 -0.005839888 -0.467297673 0.001127186 0.999939382 0.010952742 -0.856215477 0.005827889 -0.010959133 0.999922931 57.607765198
0.999973714 -0.001736947 -0.007036743 -0.477848113 0.001817785 0.999932230 0.011497899 -0.867242098 0.007016295 -0.011510390 0.999909163 58.815589905
0.999969125 -0.000017062 -0.007857419 -0.494294345 0.000105554 0.999936581 0.011261976 -0.876414955 0.007856729 -0.011262460 0.999905705 60.011425018
0.999962747 0.000315196 -0.008629440 -0.508993685 -0.000220814 0.999940276 0.010935996 -0.881094277 0.008632372 -0.010933683 0.999902964 61.213890076
0.999963164 -0.000776936 -0.008547803 -0.525017262 0.000867671 0.999943256 0.010616491 -0.891559303 0.008539070 -0.010623516 0.999907076 62.413597107
0.999959350 -0.001747074 -0.008849770 -0.539191544 0.001834737 0.999949276 0.009907294 -0.902523458 0.008832011 -0.009923131 0.999911726 63.621990204
0.999955595 -0.002317564 -0.009130000 -0.552588940 0.002419815 0.999934316 0.011204384 -0.917041361 0.009103432 -0.011225982 0.999895573 64.811897278
0.999956489 -0.002164538 -0.009066327 -0.575403035 0.002278320 0.999918580 0.012558461 -0.920483470 0.009038404 -0.012578572 0.999880075 66.005966187
0.999951601 -0.001962500 -0.009637125 -0.589457572 0.002068223 0.999937654 0.010972625 -0.932366014 0.009614989 -0.010992026 0.999893367 67.204971313
0.999957561 -0.000257024 -0.009214958 -0.613162816 0.000347662 0.999951601 0.009835656 -0.940663517 0.009211984 -0.009838441 0.999909163 68.400413513
0.999951661 0.001824800 -0.009652919 -0.626488984 -0.001725498 0.999945641 0.010285485 -0.952212334 0.009671163 -0.010268332 0.999900520 69.595718384
0.999948978 0.004070667 -0.009239241 -0.647578478 -0.003973937 0.999937356 0.010463817 -0.959554672 0.009281256 -0.010426566 0.999902546 70.780113220
0.999942064 0.005144430 -0.009454302 -0.666094363 -0.005040810 0.999927342 0.010951363 -0.971041560 0.009509952 -0.010903070 0.999895275 71.989486694
0.999949276 0.005896167 -0.008161335 -0.685643077 -0.005796634 0.999909103 0.012166189 -0.981027365 0.008232327 -0.012118263 0.999892712 73.184379578
0.999952197 0.007486484 -0.006273033 -0.699181557 -0.007406141 0.999891460 0.012734501 -0.985790431 0.006367687 -0.012687434 0.999899268 74.378463745
0.999971390 0.006410411 -0.003998508 -0.702538610 -0.006367940 0.999924064 0.010545568 -0.997718155 0.004065807 -0.010519805 0.999936402 75.560142517
0.999991655 0.003684893 -0.001729922 -0.706887603 -0.003675494 0.999978602 0.005405585 -1.007062674 0.001749805 -0.005399182 0.999983907 76.735466003
0.999989629 0.004435793 0.000949531 -0.710419416 -0.004440507 0.999977529 0.005023858 -1.020519972 -0.000927224 -0.005028023 0.999986947 77.912361145
0.999989688 0.003096079 0.003311192 -0.707291961 -0.003124848 0.999957144 0.008718817 -1.035174966 -0.003284056 -0.008729072 0.999956548 79.094703674
0.999970138 0.003606476 0.006836366 -0.704970300 -0.003674662 0.999943316 0.009987768 -1.048230171 -0.006799959 -0.010012591 0.999926746 80.266723633
0.999936163 0.003370316 0.010788014 -0.697611094 -0.003460444 0.999959171 0.008346693 -1.058909178 -0.010759444 -0.008383491 0.999907017 81.436416626
0.999887824 0.002702008 0.014727090 -0.688705325 -0.002779377 0.999982417 0.005235543 -1.072734237 -0.014712686 -0.005275888 0.999877870 82.594619751
0.999837697 0.001431642 0.017960506 -0.669188142 -0.001464196 0.999997318 0.001799534 -1.087824464 -0.017957877 -0.001825539 0.999837101 83.757812500
0.999769807 0.001155392 0.021429166 -0.647684455 -0.001174608 0.999998927 0.000884166 -1.105652571 -0.021428119 -0.000909134 0.999770045 84.913757324
0.999688745 0.000550761 0.024942897 -0.622822285 -0.000620938 0.999995887 0.002805854 -1.130034447 -0.024941245 -0.002820469 0.999684930 86.083229065
0.999575555 0.001665758 0.029085375 -0.605379343 -0.001769676 0.999992132 0.003547485 -1.153540254 -0.029079236 -0.003597450 0.999570668 87.246948242
0.999470174 0.001318945 0.032520447 -0.564049959 -0.001355102 0.999998510 0.001089809 -1.168865204 -0.032518957 -0.001133301 0.999470413 88.396873474
0.999367833 0.001215083 0.035528488 -0.523813486 -0.001177675 0.999998748 -0.001073810 -1.189221382 -0.035529744 0.001031291 0.999368012 89.544082642
0.999247372 0.001207658 0.038771473 -0.480509043 -0.001154709 0.999998391 -0.001388037 -1.210382462 -0.038773086 0.001342222 0.999247134 90.712020874
0.999125361 0.000467245 0.041812245 -0.436907768 -0.000454288 0.999999881 -0.000319395 -1.227735281 -0.041812398 0.000300121 0.999125361 91.871070862
0.999011993 -0.000777592 0.044433467 -0.387866497 0.000728385 0.999999106 0.001123607 -1.247865319 -0.044434302 -0.001090132 0.999011636 93.035919189
0.998886824 -0.001582160 0.047142755 -0.336809635 0.001442142 0.999994397 0.003003966 -1.266252279 -0.047147240 -0.002932636 0.998883665 94.198760986
0.998775423 -0.003219096 0.049368743 -0.277392864 0.003029352 0.999987662 0.003917749 -1.283674002 -0.049380746 -0.003763396 0.998772919 95.358322144
0.998664379 -0.004222133 0.051493436 -0.221374989 0.004139663 0.999989927 0.001708105 -1.300654292 -0.051500123 -0.001492658 0.998671830 96.510612488
0.998526275 -0.005428096 0.053998653 -0.160500526 0.005535786 0.999982953 -0.001844950 -1.318524241 -0.053987719 0.002141156 0.998539329 97.675041199
0.998418808 -0.004869847 0.056002606 -0.103636265 0.005141117 0.999975741 -0.004700834 -1.336436510 -0.055978354 0.004981318 0.998419583 98.835708618
0.998329818 -0.004876372 0.057567701 -0.037225246 0.005196554 0.999971867 -0.005413448 -1.364554524 -0.057539683 0.005703559 0.998326957 100.010665894
0.998312056 -0.004701609 0.057887349 0.030189991 0.004998091 0.999975085 -0.004978000 -1.383195162 -0.057862509 0.005258923 0.998310745 101.194641113
0.998343349 -0.004543912 0.057355478 0.085024357 0.004716549 0.999984741 -0.002874967 -1.410685301 -0.057341535 0.003140725 0.998349607 102.376419067
0.998417914 -0.004962318 0.056007691 0.146848202 0.005062254 0.999985814 -0.001642593 -1.427463770 -0.055998739 0.001923519 0.998428941 103.581047058
0.998529375 -0.004745291 0.054004136 0.203749180 0.004793565 0.999988198 -0.000764396 -1.447299242 -0.053999875 0.001022145 0.998540342 104.756752014
0.998674870 -0.004693058 0.051248126 0.264027596 0.004715982 0.999988794 -0.000326407 -1.464596391 -0.051246025 0.000567660 0.998685837 105.962028503
0.998808980 -0.003973215 0.048630055 0.312043667 0.003990222 0.999992132 -0.000252641 -1.486703515 -0.048628662 0.000446385 0.998816848 107.174316406
0.998992682 -0.002308635 0.044815224 0.350999355 0.002346173 0.999997020 -0.000785048 -1.500523090 -0.044813272 0.000889401 0.998995006 108.363838196
0.999169588 -0.002417567 0.040672723 0.405572414 0.002436576 0.999996960 -0.000417785 -1.521805525 -0.040671587 0.000516540 0.999172568 109.581100464
0.999331057 -0.001925937 0.036522653 0.450514317 0.001901184 0.999997973 0.000712458 -1.540665507 -0.036523949 -0.000642545 0.999332666 110.810882568
0.999478519 -0.001588726 0.032250561 0.480327368 0.001539298 0.999997616 0.001557394 -1.564811826 -0.032252949 -0.001506939 0.999478519 112.007972717
0.999613225 -0.001534422 0.027766442 0.508939266 0.001474604 0.999996543 0.002174679 -1.582950592 -0.027769683 -0.002132894 0.999612033 113.229530334
0.999741554 -0.001032496 0.022710202 0.534530401 0.000984328 0.999997199 0.002132049 -1.597316027 -0.022712341 -0.002109144 0.999739826 114.446334839
0.999836445 -0.000203567 0.018079620 0.545489669 0.000165191 0.999997735 0.002124029 -1.617492318 -0.018080011 -0.002120696 0.999834239 115.678283691
0.999915302 0.000268932 0.013007808 0.554257214 -0.000291491 0.999998450 0.001732397 -1.628826022 -0.013007322 -0.001736042 0.999913871 116.902435303
0.999964952 0.001246387 0.008281912 0.559442699 -0.001255011 0.999998689 0.001036184 -1.650805593 -0.008280608 -0.001046542 0.999965191 118.136032104
0.999984384 0.003124292 0.004659034 0.559942603 -0.003128497 0.999994636 0.000895364 -1.666102648 -0.004656212 -0.000909925 0.999988675 119.375366211
0.999984324 0.004909467 0.002683104 0.549822330 -0.004912187 0.999987364 0.001008035 -1.685343385 -0.002678122 -0.001021199 0.999995887 120.611236572
0.999978364 0.006325944 0.001781452 0.541589022 -0.006326722 0.999979854 0.000431166 -1.702362895 -0.001778688 -0.000442428 0.999998331 121.849510193
0.999963105 0.008573455 0.000501883 0.539039075 -0.008573941 0.999962687 0.000977671 -1.722018600 -0.000493483 -0.000981938 0.999999344 123.102195740
0.999952257 0.009764292 -0.000363927 0.524746895 -0.009763650 0.999950767 0.001728585 -1.739189506 0.000380788 -0.001724949 0.999998450 124.342010498
0.999954581 0.009483133 -0.000940237 0.517191648 -0.009481139 0.999952793 0.002105811 -1.756165147 0.000960162 -0.002096801 0.999997318 125.594726562
0.999912500 0.013084370 -0.001951322 0.508753538 -0.013076101 0.999905705 0.004191414 -1.771666527 0.002005980 -0.004165532 0.999989271 126.843574524
0.999894381 0.014373991 -0.002143875 0.488355279 -0.014358042 0.999870360 0.007277473 -1.782523155 0.002248204 -0.007245922 0.999971151 128.101074219
0.999909937 0.013095336 -0.002917970 0.481276214 -0.013075386 0.999891639 0.006754098 -1.792658091 0.003006101 -0.006715336 0.999972880 129.357864380
0.999910474 0.013028792 -0.003042760 0.462221771 -0.013012362 0.999900937 0.005358686 -1.806098342 0.003112275 -0.005318612 0.999980986 130.606887817
0.999938011 0.010471210 -0.003809398 0.456473053 -0.010446654 0.999924839 0.006410485 -1.816726327 0.003876237 -0.006370293 0.999972224 131.871658325
0.999955535 0.008114612 -0.004800842 0.448816717 -0.008074859 0.999933362 0.008242780 -1.826134562 0.004867409 -0.008203649 0.999954522 133.130722046
0.999974370 0.004815477 -0.005291407 0.447636247 -0.004761552 0.999936998 0.010157023 -1.840873003 0.005339985 -0.010131567 0.999934375 134.388977051
0.999978244 0.002893875 -0.005934125 0.442472398 -0.002825874 0.999930561 0.011435916 -1.849941015 0.005966807 -0.011418899 0.999916971 135.656784058
0.999982119 -0.001445640 -0.005798996 0.435719013 0.001500497 0.999953985 0.009466645 -1.856668830 0.005785044 -0.009475174 0.999938369 136.924499512
0.999976039 -0.003679579 -0.005857815 0.426581919 0.003728518 0.999957979 0.008365519 -1.863191962 0.005826788 -0.008387159 0.999947846 138.196731567
0.999970317 -0.005001932 -0.005869936 0.417553842 0.005050769 0.999952555 0.008334825 -1.876109600 0.005827967 -0.008364226 0.999948025 139.469467163
0.999975741 -0.004966216 -0.004874221 0.402642369 0.005007619 0.999951184 0.008519193 -1.882651567 0.004831675 -0.008543397 0.999951839 140.757141113
0.999979198 -0.004706102 -0.004407624 0.390222967 0.004750961 0.999936461 0.010222840 -1.889722228 0.004359234 -0.010243569 0.999938071 142.031814575
0.999990404 -0.002297170 -0.003770025 0.380396068 0.002342640 0.999924183 0.012101164 -1.903086305 0.003741940 -0.012109878 0.999919593 143.324172974
0.999991357 -0.002509285 -0.003332285 0.372776419 0.002543835 0.999942720 0.010404820 -1.910386443 0.003305986 -0.010413205 0.999940276 144.600158691
0.999994934 -0.001930637 -0.002524583 0.357056767 0.001952294 0.999961078 0.008604146 -1.923239470 0.002507873 -0.008609030 0.999959826 145.880035400
0.999995232 -0.002140805 -0.002213080 0.352103889 0.002154601 0.999978185 0.006250043 -1.935732365 0.002199651 -0.006254782 0.999978006 147.153732300
0.999993563 -0.003210774 -0.001559154 0.341040790 0.003214047 0.999992609 0.002101302 -1.953421235 0.001552396 -0.002106299 0.999996603 148.424804688
0.999994457 -0.003177708 -0.001002058 0.329345733 0.003176165 0.999993801 -0.001538915 -1.972321749 0.001006942 0.001535724 0.999998391 149.703598022
0.999993443 -0.003515243 -0.000828244 0.326392889 0.003513237 0.999990880 -0.002410834 -1.995954752 0.000836711 0.002407908 0.999996722 150.968536377
0.999993443 -0.003499575 -0.000899727 0.318482131 0.003497631 0.999991477 -0.002153415 -2.020710230 0.000907255 0.002150254 0.999997258 152.237197876
0.999994576 -0.003055010 -0.001178352 0.315839529 0.003053313 0.999994218 -0.001439534 -2.048024416 0.001182742 0.001435928 0.999998212 153.499465942
0.999994218 -0.002900687 -0.001772438 0.315159619 0.002899856 0.999995649 -0.000471181 -2.070036411 0.001773797 0.000466039 0.999998271 154.758544922
0.999996543 -0.001961193 -0.001755930 0.300827831 0.001961385 0.999998093 0.000107491 -2.094952106 0.001755716 -0.000110935 0.999998391 156.028549194
0.999995410 -0.001731202 -0.002509656 0.291600853 0.001731211 0.999998569 0.000001381 -2.118134260 0.002509650 -0.000005725 0.999996841 157.299163818
0.999994278 -0.001282344 -0.003123759 0.286069810 0.001282528 0.999999285 0.000056952 -2.141306162 0.003123684 -0.000060958 0.999995112 158.575500488
0.999991596 -0.001873435 -0.003640066 0.272629499 0.001876961 0.999997795 0.000965396 -2.158858538 0.003638250 -0.000972220 0.999992907 159.842453003
0.999990761 -0.000609106 -0.004253405 0.260988891 0.000616487 0.999998331 0.001734214 -2.185298443 0.004252341 -0.001736819 0.999989450 161.114303589
0.999985933 -0.000583083 -0.005275263 0.252266884 0.000587654 0.999999464 0.000864894 -2.206986189 0.005274756 -0.000867982 0.999985635 162.384231567
0.999984741 -0.000080982 -0.005520997 0.233077824 0.000077636 0.999999821 -0.000606243 -2.224557400 0.005521045 0.000605806 0.999984562 163.643218994
0.999978840 0.000722047 -0.006468615 0.222878337 -0.000725534 0.999999642 -0.000536661 -2.246261597 0.006468227 0.000541343 0.999978960 164.907058716
0.999974966 0.000438837 -0.007052074 0.204385400 -0.000448326 0.999998987 -0.001344075 -2.273701429 0.007051479 0.001347203 0.999974251 166.183563232
0.999968112 0.000705861 -0.007961512 0.189178705 -0.000726598 0.999996364 -0.002602003 -2.293864012 0.007959647 0.002607705 0.999964893 167.452178955
0.999963522 0.001102455 -0.008471513 0.171658754 -0.001122435 0.999996603 -0.002354158 -2.317400217 0.008468888 0.002363581 0.999961257 168.729721069
0.999956310 0.001490514 -0.009230116 0.154264450 -0.001500052 0.999998331 -0.001026454 -2.340499878 0.009228571 0.001040255 0.999956846 170.007644653
0.999950647 0.001188156 -0.009863275 0.135743976 -0.001191944 0.999999225 -0.000378248 -2.367250443 0.009862816 0.000389986 0.999951303 171.266754150
0.999943554 0.001834103 -0.010457978 0.111390948 -0.001834448 0.999998331 -0.000023340 -2.387909412 0.010457915 0.000042523 0.999945343 172.537582397
0.999935746 0.001958607 -0.011162302 0.089036584 -0.001956637 0.999998093 0.000187438 -2.413067579 0.011162646 -0.000165585 0.999937713 173.830825806
0.999926209 0.002155009 -0.011955786 0.072644234 -0.002161594 0.999997497 -0.000537874 -2.438424587 0.011954599 0.000563678 0.999928355 175.073562622
0.999922574 0.003010662 -0.012074925 0.040947676 -0.003025907 0.999994695 -0.001244491 -2.458265305 0.012071115 0.001280932 0.999926329 176.341430664
0.999916553 0.003265523 -0.012499612 0.012975454 -0.003278730 0.999994099 -0.001036204 -2.475754023 0.012496154 0.001077100 0.999921322 177.604125977
0.999913514 0.003037640 -0.012796810 -0.010090828 -0.003060122 0.999993742 -0.001737630 -2.510969639 0.012791453 0.001776640 0.999916553 178.842269897
0.999917686 0.001899098 -0.012686252 -0.035497904 -0.001941185 0.999992609 -0.003306058 -2.533615351 0.012679880 0.003330413 0.999914050 180.113830566
0.999919653 -0.001337663 -0.012604827 -0.060661316 0.001296262 0.999993861 -0.003292104 -2.558370113 0.012609152 0.003275501 0.999915123 181.375717163
0.999909163 -0.000750184 -0.013456011 -0.070991755 0.000757809 0.999999583 0.000561576 -2.581864834 0.013455585 -0.000571722 0.999909282 182.649612427
0.999906003 -0.001647356 -0.013607736 -0.093185663 0.001714899 0.999986291 0.004953392 -2.603708744 0.013599390 -0.004976262 0.999895096 183.916366577
0.999904692 -0.000643683 -0.013787580 -0.114479303 0.000702699 0.999990582 0.004275898 -2.620389938 0.013784699 -0.004285178 0.999895751 185.169754028
0.999910593 0.001235202 -0.013318479 -0.143524885 -0.001223191 0.999998808 0.000909907 -2.634295225 0.013319587 -0.000893535 0.999910891 186.419265747
0.999901831 0.000852703 -0.013986329 -0.163440943 -0.000864516 0.999999225 -0.000838559 -2.659109116 0.013985603 0.000850568 0.999901831 187.660675049
0.999899447 0.001404982 -0.014111428 -0.189725399 -0.001416758 0.999998629 -0.000824521 -2.678272963 0.014110248 0.000844431 0.999900103 188.908706665
0.999903500 0.000367222 -0.013885866 -0.214356422 -0.000359266 0.999999702 0.000575454 -2.703704119 0.013886073 -0.000570410 0.999903440 190.151565552
0.999899745 0.000452691 -0.014155556 -0.232836246 -0.000410583 0.999995530 0.002977420 -2.727309465 0.014156842 -0.002971309 0.999895334 191.400650024
0.999915242 -0.000158115 -0.013012770 -0.259115219 0.000205787 0.999993265 0.003662197 -2.747568607 0.013012105 -0.003664564 0.999908626 192.646591187
0.999933720 -0.000240042 -0.011503529 -0.281918645 0.000274140 0.999995589 0.002962684 -2.765371799 0.011502766 -0.002965641 0.999929488 193.889144897
0.999946594 -0.001227713 -0.010256343 -0.298641443 0.001244305 0.999997854 0.001611502 -2.787786961 0.010254343 -0.001624178 0.999946058 195.119033813
0.999956489 -0.001763217 -0.009155827 -0.318003416 0.001765197 0.999998391 0.000208236 -2.808989286 0.009155445 -0.000224389 0.999958038 196.354110718
0.999969363 -0.001979423 -0.007573562 -0.331272125 0.001975927 0.999997914 -0.000468995 -2.832389593 0.007574475 0.000454015 0.999971151 197.575454712
0.999980390 -0.001811687 -0.005993852 -0.344691992 0.001812937 0.999998331 0.000203185 -2.855762720 0.005993473 -0.000214047 0.999981999 198.786209106
0.999985397 -0.002327917 -0.004874307 -0.355914831 0.002337790 0.999995172 0.002020723 -2.877033710 0.004869580 -0.002032089 0.999985993 200.023590088
0.999991477 -0.001294295 -0.003909767 -0.367917955 0.001303989 0.999996066 0.002477801 -2.899327517 0.003906544 -0.002482878 0.999989212 201.239013672
0.999995470 -0.001492914 -0.002613250 -0.378094971 0.001499536 0.999995649 0.002533989 -2.920962811 0.002609456 -0.002537896 0.999993384 202.442047119
0.999997020 -0.001661132 -0.001794871 -0.384975016 0.001665431 0.999995768 0.002396691 -2.934432507 0.001790882 -0.002399673 0.999995589 203.653640747
0.999998748 -0.001535723 -0.000414977 -0.396556616 0.001536909 0.999994695 0.002872992 -2.963454723 0.000410562 -0.002873625 0.999995768 204.835601807
0.999999225 -0.001095888 0.000558107 -0.404686868 0.001094507 0.999996305 0.002469950 -2.978950739 -0.000560812 -0.002469338 0.999996781 206.035369873
0.999997556 -0.001567192 0.001535815 -0.415828943 0.001562494 0.999994099 0.003055568 -3.007171392 -0.001540595 -0.003053161 0.999994159 207.204849243
0.999996364 -0.002030831 0.001784359 -0.414027989 0.002025727 0.999993861 0.002857835 -3.019465923 -0.001790152 -0.002854210 0.999994338 208.357009888
0.999994934 -0.002133693 0.002375396 -0.424460262 0.002124357 0.999990046 0.003925625 -3.045079470 -0.002383749 -0.003920559 0.999989450 209.508346558
0.999995470 -0.002610440 0.001515100 -0.418206692 0.002603283 0.999985516 0.004707155 -3.058782578 -0.001527366 -0.004703190 0.999987781 210.641082764
0.999995708 -0.002577105 0.001386748 -0.428221524 0.002570630 0.999985814 0.004651233 -3.079406738 -0.001398715 -0.004647647 0.999988258 211.754577637
0.999998093 -0.001820892 0.000667163 -0.430224448 0.001818440 0.999991655 0.003657830 -3.099067688 -0.000673818 -0.003656610 0.999993086 212.863143921
0.999998927 -0.001450502 -0.000204835 -0.432009488 0.001451044 0.999995291 0.002672433 -3.114778996 0.000200958 -0.002672727 0.999996424 213.947097778
0.999998629 -0.001618103 -0.000283621 -0.444275141 0.001618907 0.999994576 0.002859735 -3.138506651 0.000278992 -0.002860191 0.999995887 215.021377563
0.999996722 -0.002115283 -0.001455498 -0.452415943 0.002119316 0.999993861 0.002775280 -3.156559944 0.001449619 -0.002778356 0.999995112 216.082427979
0.999991596 -0.002508685 -0.003250441 -0.455322236 0.002520233 0.999990523 0.003553517 -3.176801205 0.003241495 -0.003561679 0.999988377 217.137588501
0.999979496 -0.003320103 -0.005476816 -0.466280401 0.003347956 0.999981463 0.005084188 -3.194796562 0.005459834 -0.005102419 0.999972045 218.176391602
0.999966741 -0.003364996 -0.007429257 -0.479969501 0.003414713 0.999971747 0.006689658 -3.211426497 0.007406536 -0.006714805 0.999949992 219.214202881
0.999947369 -0.003329869 -0.009697039 -0.495499492 0.003398369 0.999969304 0.007056137 -3.230149508 0.009673246 -0.007088720 0.999928057 220.219329834
0.999917686 -0.003352706 -0.012381638 -0.511215925 0.003433718 0.999972761 0.006527449 -3.242642879 0.012359416 -0.006569427 0.999902010 221.212112427
0.999879658 -0.003028532 -0.015214367 -0.533881903 0.003128486 0.999973655 0.006550175 -3.257180214 0.015194127 -0.006596984 0.999862731 222.193466187
0.999827266 -0.002357482 -0.018436098 -0.548945189 0.002492115 0.999970376 0.007283087 -3.278133869 0.018418381 -0.007327774 0.999803662 223.136062622
0.999768615 -0.002142107 -0.021406827 -0.575511932 0.002297761 0.999971032 0.007249234 -3.296443462 0.021390678 -0.007296744 0.999744654 224.064498901
0.999704421 -0.001685945 -0.024254693 -0.605162144 0.001838848 0.999978602 0.006283151 -3.304491520 0.024243580 -0.006325895 0.999686062 224.971710205
0.999621212 -0.002084215 -0.027439784 -0.635061741 0.002242032 0.999981105 0.005721893 -3.320466518 0.027427342 -0.005781247 0.999607086 225.846740723
0.999531567 -0.001629664 -0.030562036 -0.662559986 0.001809953 0.999981046 0.005872372 -3.343463421 0.030551888 -0.005924936 0.999515593 226.713958740
0.999453723 -0.001168823 -0.033029493 -0.703420639 0.001343158 0.999985278 0.005256488 -3.357844591 0.033022862 -0.005297980 0.999440551 227.544830322
0.999356866 0.000253827 -0.035857972 -0.736044884 -0.000066177 0.999986291 0.005234245 -3.373253822 0.035858802 -0.005228506 0.999343157 228.363754272
0.999329329 0.000723608 -0.036612749 -0.767754078 -0.000518515 0.999984086 0.005610874 -3.384514332 0.036616225 -0.005588126 0.999313712 229.162933350
0.999336839 0.001374741 -0.036386754 -0.802962303 -0.001129312 0.999976397 0.006764715 -3.399241209 0.036395203 -0.006719136 0.999314845 229.949905396
0.999346912 0.001223058 -0.036114406 -0.831684113 -0.000958128 0.999972463 0.007352241 -3.411869764 0.036122408 -0.007312838 0.999320626 230.708190918
0.999366224 0.000825154 -0.035588935 -0.863372803 -0.000572788 0.999974608 0.007100747 -3.426258564 0.035593890 -0.007075861 0.999341369 231.454467773
0.999389350 0.002038284 -0.034882084 -0.898319721 -0.001861344 0.999985218 0.005104235 -3.435272694 0.034891978 -0.005036192 0.999378383 232.191543579
0.999418914 0.001855491 -0.034033202 -0.923658848 -0.001752360 0.999993742 0.003059883 -3.447385311 0.034038667 -0.002998467 0.999415994 232.922683716
0.999465406 0.002019935 -0.032631218 -0.953467846 -0.001962795 0.999996483 0.001783015 -3.462504387 0.032634709 -0.001718014 0.999465823 233.644531250
0.999500513 0.002727717 -0.031483404 -0.977806568 -0.002692552 0.999995708 0.001159268 -3.471918821 0.031486440 -0.001073918 0.999503553 234.380279541
0.999561727 0.002227633 -0.029519862 -1.002107620 -0.002197760 0.999997020 0.001044382 -3.484413624 0.029522104 -0.000979046 0.999563694 235.099411011
0.999611914 0.001939949 -0.027788775 -1.023825169 -0.001908889 0.999997497 0.001144199 -3.500250340 0.027790930 -0.001090709 0.999613166 235.811203003
0.999657750 0.002329282 -0.026053896 -1.044784069 -0.002311527 0.999997079 0.000711582 -3.509690762 0.026055472 -0.000651114 0.999660432 236.536392212
0.999698520 0.001965059 -0.024473174 -1.055670261 -0.001954788 0.999998033 0.000443597 -3.522794724 0.024473993 -0.000395623 0.999700487 237.241287231
0.999778152 0.001996820 -0.020964282 -1.086207628 -0.001974603 0.999997497 0.001080418 -3.536944389 0.020966383 -0.001038782 0.999779701 237.950866699
0.999841034 0.000833213 -0.017807517 -1.094006062 -0.000800222 0.999997914 0.001859723 -3.551246881 0.017809032 -0.001845177 0.999839723 238.656768799
0.999888837 0.000121268 -0.014910430 -1.105915070 -0.000096037 0.999998569 0.001692886 -3.557811737 0.014910611 -0.001691266 0.999887407 239.353347778
0.999926984 -0.000302615 -0.012084782 -1.112180710 0.000325106 0.999998212 0.001859211 -3.571318150 0.012084197 -0.001863004 0.999925256 240.053024292
0.999959350 -0.000570867 -0.008997329 -1.121879697 0.000584926 0.999998629 0.001560063 -3.583608150 0.008996424 -0.001565262 0.999958277 240.737014771
0.999982178 -0.000672674 -0.005931753 -1.127988338 0.000680709 0.999998868 0.001352563 -3.597396135 0.005930836 -0.001356578 0.999981403 241.434707642
0.999995351 0.000426298 -0.003015322 -1.131780267 -0.000425717 0.999999940 0.000193322 -3.605003834 0.003015405 -0.000192038 0.999995410 242.123916626
0.999999881 0.000499650 0.000005348 -1.133248448 -0.000499650 0.999999821 -0.000146549 -3.617886305 -0.000005422 0.000146547 1.000000000 242.812545776
0.999995530 0.000915861 0.002855151 -1.134541512 -0.000918270 0.999999166 0.000842412 -3.631150246 -0.002854377 -0.000845029 0.999995589 243.517196655
0.999986887 0.001194114 0.004986441 -1.131185055 -0.001200720 0.999998391 0.001322137 -3.641098022 -0.004984855 -0.001328107 0.999986649 244.221115112
0.999970615 0.001254750 0.007578341 -1.130277634 -0.001260771 0.999998987 0.000789841 -3.650265217 -0.007577342 -0.000799372 0.999970973 244.925750732
0.999949038 0.000865441 0.010058478 -1.128085136 -0.000861533 0.999999523 -0.000392814 -3.664137363 -0.010058816 0.000384129 0.999949336 245.629913330
0.999927282 0.001075601 0.012009764 -1.124602795 -0.001041293 0.999995351 -0.002862545 -3.674393177 -0.012012786 0.002849831 0.999923706 246.337585449
0.999918103 -0.000133143 0.012795024 -1.113420486 0.000192664 0.999989152 -0.004650746 -3.684821129 -0.012794266 0.004652831 0.999907315 247.056838989
0.999920011 -0.000085551 0.012648364 -1.103498459 0.000147105 0.999988139 -0.004865661 -3.700923443 -0.012647796 0.004867133 0.999908090 247.777557373
0.999919713 -0.001495601 0.012580891 -1.094260216 0.001562451 0.999984682 -0.005305503 -3.716188908 -0.012572763 0.005324734 0.999906778 248.505447388
0.999918103 0.000139924 0.012792336 -1.089362621 -0.000067571 0.999984026 -0.005656160 -3.730937719 -0.012792925 0.005654833 0.999902189 249.236557007
0.999915004 0.000444118 0.013031354 -1.083307266 -0.000364976 0.999981403 -0.006074899 -3.745790720 -0.013033811 0.006069627 0.999896586 249.973464966
0.999908805 -0.000694828 0.013483287 -1.076729059 0.000802374 0.999967813 -0.007972493 -3.760530949 -0.013477313 0.007982582 0.999877334 250.717544556
0.999892473 -0.004332630 0.014008727 -1.066579819 0.004473986 0.999939263 -0.010075036 -3.778623104 -0.013964223 0.010136629 0.999851048 251.464523315
0.999866962 -0.007577372 0.014444500 -1.052957296 0.007735720 0.999910235 -0.010938357 -3.793305874 -0.014360318 0.011048639 0.999835968 252.230499268
0.999872923 -0.005236099 0.015059309 -1.047523975 0.005343824 0.999960303 -0.007122011 -3.806602478 -0.015021421 0.007201579 0.999861240 253.007461548
0.999876916 -0.001334799 0.015633024 -1.044715643 0.001348966 0.999998629 -0.000895665 -3.819917679 -0.015631810 0.000916643 0.999877393 253.789367676
0.999863863 -0.002215983 0.016352894 -1.032645226 0.002171788 0.999993920 0.002719856 -3.836620808 -0.016358824 -0.002683971 0.999862552 254.578094482
0.999818921 -0.002944007 0.018807864 -1.016579628 0.002940643 0.999995589 0.000206525 -3.840984821 -0.018808387 -0.000151180 0.999823093 255.371459961
0.999733329 -0.002095588 0.022999503 -1.004800797 0.002229817 0.999980569 -0.005812070 -3.852337837 -0.022986876 0.005861805 0.999718606 256.164245605
0.999640942 0.000065910 0.026797425 -0.993292332 0.000191793 0.999953747 -0.009614017 -3.863742590 -0.026796814 0.009615703 0.999594629 256.979278564
0.999556243 0.002040746 0.029718008 -0.965030670 -0.001760545 0.999953806 -0.009451766 -3.874503136 -0.029735919 0.009395251 0.999513626 257.799987793
0.999462664 0.000343922 0.032777973 -0.935083389 -0.000101743 0.999972701 -0.007389833 -3.888394833 -0.032779627 0.007382526 0.999435365 258.626586914
0.999338865 -0.002746600 0.036251519 -0.910965919 0.002882273 0.999989033 -0.003690785 -3.912176847 -0.036240980 0.003792832 0.999335885 259.461364746
0.999244750 -0.005329070 0.038494229 -0.868200302 0.005431382 0.999981999 -0.002553750 -3.924690962 -0.038479932 0.002760898 0.999255478 260.311920166
0.999122620 -0.005186588 0.041557081 -0.835776329 0.005268527 0.999984443 -0.001862467 -3.941720963 -0.041546769 0.002079777 0.999134362 261.153076172
0.999040067 -0.003049719 0.043699697 -0.795455933 0.003217509 0.999987781 -0.003769799 -3.960701704 -0.043687660 0.003906785 0.999037564 262.000183105
0.998912334 -0.001594303 0.046600867 -0.769710541 0.001894081 0.999977767 -0.006389449 -3.970942497 -0.046589639 0.006470765 0.998893082 262.844146729
0.998785496 -0.001124731 0.049255468 -0.735583305 0.001448405 0.999977648 -0.006536138 -3.987006426 -0.049247008 0.006599542 0.998764753 263.685089111
0.998651445 -0.000572745 0.051914442 -0.694367409 0.000804867 0.999989688 -0.004450442 -4.004779339 -0.051911365 0.004486225 0.998641551 264.531402588
0.998490214 0.000943078 0.054924436 -0.653868675 -0.000808006 0.999996543 -0.002481388 -4.028357506 -0.054926593 0.002433262 0.998487353 265.374664307
0.998321772 0.001659212 0.057887033 -0.611182213 -0.001507840 0.999995351 -0.002658527 -4.043817520 -0.057891171 0.002566782 0.998319507 266.219879150
0.998164117 0.002143994 0.060529418 -0.565855026 -0.001953918 0.999992967 -0.003199240 -4.056149483 -0.060535856 0.003075097 0.998161316 267.058288574
0.997992814 -0.000201016 0.063326806 -0.512826920 0.000428341 0.999993503 -0.003576159 -4.077832699 -0.063325666 0.003596106 0.997986376 267.918914795
0.997874975 -0.003222669 0.065078147 -0.457666397 0.003421412 0.999989867 -0.002942686 -4.091812611 -0.065067992 0.003159091 0.997875810 268.765777588
0.997822642 -0.003780349 0.065845653 -0.399240494 0.003994096 0.999987125 -0.003114836 -4.107644081 -0.065833017 0.003371048 0.997824907 269.624572754
0.997771800 -0.004960857 0.066534236 -0.352312088 0.005177072 0.999981880 -0.003077652 -4.125792503 -0.066517770 0.003415246 0.997779310 270.466430664
0.997769773 -0.004956678 0.066565007 -0.290903091 0.005171090 0.999981940 -0.003049172 -4.140176296 -0.066548705 0.003386585 0.997777402 271.318939209
0.997759998 -0.005360608 0.066680804 -0.248611450 0.005506732 0.999982834 -0.002007796 -4.162749767 -0.066668898 0.002370491 0.997772276 272.180664062
0.997790158 -0.004963081 0.066258259 -0.193912506 0.005095054 0.999985456 -0.001822963 -4.178170681 -0.066248231 0.002156524 0.997800827 273.040802002
0.997888148 -0.004621273 0.064790852 -0.140230179 0.004805307 0.999984801 -0.002684885 -4.192999363 -0.064777456 0.002990555 0.997895360 273.899627686
0.997975767 -0.004513594 0.063434869 -0.092952728 0.004751843 0.999982238 -0.003605424 -4.209770679 -0.063417457 0.003899558 0.997979462 274.753112793
0.998102307 -0.003396863 0.061483227 -0.038557053 0.003665130 0.999984264 -0.004250999 -4.227560043 -0.061467823 0.004468275 0.998099089 275.622528076
0.998198628 -0.002754132 0.059932452 0.005727768 0.003029048 0.999985278 -0.004496725 -4.248100758 -0.059919190 0.004670163 0.998192251 276.470397949
0.998284996 -0.001169793 0.058528971 0.042890549 0.001452546 0.999987483 -0.004788684 -4.265543938 -0.058522634 0.004865488 0.998274267 277.328216553
0.998416543 -0.000498616 0.056251105 0.089600563 0.000746567 0.999990106 -0.004386999 -4.279528618 -0.056248359 0.004422048 0.998407006 278.184356689
0.998591959 -0.001206055 0.053032693 0.136021614 0.001370216 0.999994397 -0.003059222 -4.298790932 -0.053028699 0.003127581 0.998588085 279.022308350
0.998794138 -0.001952855 0.049055841 0.173361778 0.001984854 0.999997854 -0.000603604 -4.316190243 -0.049054556 0.000700245 0.998795867 279.885467529
0.999012709 -0.003596144 0.044280000 0.205530167 0.003539824 0.999992788 0.001350256 -4.336430073 -0.044284534 -0.001192179 0.999018312 280.721069336
0.999217987 -0.003955936 0.039342146 0.236755371 0.003862319 0.999989510 0.002455303 -4.351965904 -0.039351448 -0.002301431 0.999222755 281.551147461
0.999391794 -0.004091606 0.034630697 0.259513855 0.003974715 0.999986172 0.003443521 -4.366562843 -0.034644309 -0.003303779 0.999394238 282.381866455
0.999536395 -0.004312907 0.030139420 0.277911186 0.004208149 0.999984801 0.003538352 -4.374624252 -0.030154232 -0.003409879 0.999539435 283.191497803
0.999664009 -0.005591718 0.025310054 0.297926903 0.005497993 0.999977767 0.003771153 -4.389089584 -0.025330579 -0.003630731 0.999672532 283.995574951
0.999755323 -0.005718003 0.021368211 0.306169510 0.005643232 0.999977767 0.003557870 -4.403375626 -0.021388076 -0.003436414 0.999765337 284.775238037
0.999836445 -0.005378726 0.017267844 0.316526890 0.005321200 0.999980152 0.003375578 -4.416050434 -0.017285658 -0.003283140 0.999845147 285.544372559
0.999897718 -0.005261433 0.013301116 0.323203564 0.005217032 0.999980688 0.003370685 -4.430821419 -0.013318592 -0.003300948 0.999905825 286.293304443
