-0.998370767 0.056546114 -0.007640036 -13.824605942 0.056245063 0.997799397 0.035111576 0.998662770 0.009608647 0.034624655 -0.999354184 16.762855530
-0.998428226 0.055452306 -0.008126247 -13.824861526 0.055164084 0.997957826 0.032201611 1.023574710 0.009895304 0.031702720 -0.999448359 15.371859550
-0.998546600 0.053187635 -0.008702576 -13.831849098 0.052923944 0.998201728 0.028148593 1.038308859 0.010184084 0.027647108 -0.999565840 14.003214836
-0.998735666 0.049522236 -0.008641363 -13.834065437 0.049278472 0.998434722 0.026449388 1.053780794 0.009937672 0.025990114 -0.999612749 12.625435829
-0.998869300 0.046772096 -0.008513472 -13.833483696 0.046510737 0.998506248 0.028670089 1.067213774 0.009841716 0.028241703 -0.999552727 11.260683060
-0.998923719 0.045676261 -0.008061348 -13.837668419 0.045405459 0.998485208 0.031071959 1.078500867 0.009468388 0.030672489 -0.999484658 9.876690865
-0.998872399 0.046792906 -0.008028929 -13.841732025 0.046506148 0.998379290 0.032802101 1.101097345 0.009550823 0.032391720 -0.999429643 8.509580612
-0.998659909 0.051182486 -0.007663732 -13.852225304 0.050880365 0.998074949 0.035462778 1.116496563 0.009464053 0.035025321 -0.999341607 7.128599167
-0.998392045 0.056207497 -0.007354073 -13.861484528 0.055899505 0.997753084 0.036930978 1.139278173 0.009413348 0.036460500 -0.999290764 5.746782780
-0.998265564 0.058423251 -0.007244789 -13.867794037 0.058127657 0.997664213 0.035879351 1.164617538 0.009324054 0.035396002 -0.999329865 4.378014088
-0.998231411 0.059026558 -0.007064992 -13.878594398 0.058759388 0.997712731 0.033416014 1.190433383 0.009021265 0.032941781 -0.999416530 3.008970976
-0.998292625 0.057950735 -0.007323024 -13.880016327 0.057695460 0.997844875 0.031256262 1.211734891 0.009118564 0.030780390 -0.999484539 1.635528922
-0.998417854 0.055676199 -0.007861087 -13.882213593 0.055414088 0.998002231 0.030345574 1.233398199 0.009534908 0.029861953 -0.999508500 0.260290831
-0.998495281 0.054204475 -0.008303077 -13.881830215 0.053926501 0.998073637 0.030675534 1.260280132 0.009949833 0.030181626 -0.999494910 -1.115694761
-0.998524070 0.053649571 -0.008447615 -13.889610291 0.053371433 0.998115420 0.030281831 1.272797227 0.010056304 0.029786276 -0.999505639 -2.491685629
-0.998511732 0.053847816 -0.008638189 -13.894152641 0.053579547 0.998149633 0.028751384 1.291137099 0.010170403 0.028245766 -0.999549270 -3.875587702
-0.998566329 0.052821975 -0.008668904 -13.903346062 0.052560020 0.998222828 0.028081583 1.311928272 0.010136824 0.027585687 -0.999567986 -5.247669220
-0.998571157 0.052656226 -0.009108321 -13.904014587 0.052375522 0.998214543 0.028712897 1.329551220 0.010603972 0.028194815 -0.999546230 -6.633550167
-0.998642385 0.051277645 -0.009163432 -13.910852432 0.051002968 0.998304605 0.028044946 1.345747232 0.010585976 0.027539508 -0.999564648 -8.018350601
-0.998745978 0.049146172 -0.009550236 -13.913641930 0.048856560 0.998399079 0.028502224 1.366318583 0.010935723 0.027999887 -0.999548078 -9.414400101
-0.998839974 0.047195829 -0.009553609 -13.920448303 0.046875197 0.998407543 0.031386293 1.379089236 0.011019698 0.030902056 -0.999461651 -10.825740814
-0.998929501 0.045234598 -0.009683751 -13.925106049 0.044913478 0.998505235 0.031144371 1.402570486 0.011078080 0.030676100 -0.999467969 -12.223408699
-0.998934150 0.045029119 -0.010143690 -13.934400558 0.044729713 0.998605907 0.028027374 1.420346618 0.011391596 0.027543778 -0.999555707 -13.632454872
-0.998988450 0.043807831 -0.010142257 -13.940242767 0.043514445 0.998673260 0.027536348 1.440789938 0.011335108 0.027067162 -0.999569297 -15.038063049
-0.999001086 0.043595444 -0.009812889 -13.950109482 0.043301836 0.998659015 0.028372068 1.449939013 0.011036625 0.027918810 -0.999549210 -16.434347153
-0.999051392 0.042452581 -0.009699300 -13.955138206 0.042186458 0.998766959 0.026167100 1.465797663 0.010798203 0.025733098 -0.999610543 -17.844526291
-0.999121070 0.040858340 -0.009363895 -13.964404106 0.040638763 0.998919427 0.022548856 1.478016376 0.010275085 0.022148501 -0.999701917 -19.254699707
-0.999127150 0.040721472 -0.009303947 -13.973444939 0.040510852 0.998941183 0.021803310 1.489989042 0.010181958 0.021407370 -0.999718964 -20.661880493
-0.999087274 0.041760080 -0.008983645 -13.980151176 0.041538987 0.998859882 0.023530232 1.500002146 0.009956026 0.023135588 -0.999682784 -22.081428528
-0.998953640 0.045015093 -0.008071687 -13.993520737 0.044810399 0.998708069 0.023962926 1.514900565 0.009139952 0.023576161 -0.999680281 -23.501840591
-0.998909414 0.046064086 -0.007613698 -14.000244141 0.045872252 0.998666227 0.023696350 1.523194551 0.008695093 0.023321250 -0.999690235 -24.940116882
-0.998916149 0.045959655 -0.007369112 -14.005571365 0.045771934 0.998666286 0.023888405 1.532533765 0.008457188 0.023525216 -0.999687493 -26.370601654
-0.998953223 0.045114897 -0.007571661 -14.008809090 0.044942729 0.998757124 0.021547690 1.548603296 0.008534374 0.021184839 -0.999739170 -27.793952942
-0.999009311 0.043924276 -0.007146504 -14.007699013 0.043746624 0.998769403 0.023360658 1.558410406 0.008163811 0.023024878 -0.999701560 -29.220504761
-0.999014139 0.043946590 -0.006274895 -14.017359734 0.043764852 0.998686612 0.026639547 1.571639895 0.007437371 0.026338667 -0.999625385 -30.654525757
-0.998916566 0.046206068 -0.005544116 -14.022231102 0.046038650 0.998567700 0.027257295 1.586851001 0.006795628 0.026972519 -0.999613047 -32.098411560
-0.998813510 0.048464116 -0.004767729 -14.031306267 0.048324693 0.998494208 0.025961585 1.598834991 0.006018755 0.025700387 -0.999651492 -33.516883850
-0.998713911 0.050531838 -0.004133469 -14.037092209 0.050405338 0.998378277 0.026460800 1.612574816 0.005463880 0.026218424 -0.999641240 -34.950130463
-0.998661816 0.051575128 -0.003815788 -14.036177635 0.051451907 0.998300493 0.027365325 1.627759695 0.005220673 0.027132377 -0.999618232 -36.388595581
-0.998570263 0.053337287 -0.003550015 -14.037304878 0.053220466 0.998206794 0.027400246 1.641991735 0.005005105 0.027172139 -0.999618232 -37.809799194
-0.998426735 0.055985127 -0.003115142 -14.044529915 0.055875484 0.998039782 0.028186878 1.653156400 0.004687082 0.027968476 -0.999597728 -39.235931396
-0.998300076 0.058229223 -0.002493701 -14.049876213 0.058130324 0.997870982 0.029570265 1.665323496 0.004210244 0.029375039 -0.999559581 -40.649925232
-0.998184860 0.060185321 -0.002160392 -14.051445961 0.060091179 0.997722924 0.030627245 1.676126719 0.003998783 0.030441834 -0.999528468 -42.077201843
-0.998036444 0.062609777 -0.001795686 -14.056407928 0.062539302 0.997682214 0.026815008 1.689390421 0.003470405 0.026650060 -0.999638736 -43.487712860
-0.997951806 0.063943006 -0.001822874 -14.061184883 0.063886024 0.997703791 0.022488235 1.700552702 0.003256653 0.022325719 -0.999745429 -44.886875153
-0.997900963 0.064743735 -0.001363821 -14.064723969 0.064699642 0.997673750 0.021471668 1.712084532 0.002750804 0.021338359 -0.999768496 -46.288650513
-0.997897625 0.064789981 -0.001617610 -14.058084488 0.064731926 0.997608423 0.024232753 1.706969023 0.003183781 0.024077093 -0.999705017 -47.702541351
-0.997942746 0.064092413 -0.001583557 -14.053442955 0.064033054 0.997635305 0.024969762 1.720767260 0.003180185 0.024816992 -0.999686897 -49.103736877
-0.997988284 0.063375793 -0.001687195 -14.051388741 0.063316457 0.997699201 0.024235150 1.727707267 0.003219234 0.024079571 -0.999704838 -50.512016296
-0.997967243 0.063702956 -0.001795966 -14.048317909 0.063641287 0.997681320 0.024120500 1.742430210 0.003328349 0.023957174 -0.999707460 -51.920738220
-0.998014092 0.062971547 -0.001584222 -14.047314644 0.062912650 0.997707665 0.024927555 1.747153759 0.003150318 0.024778383 -0.999688029 -53.325141907
-0.997993648 0.063275307 -0.002221178 -14.047433853 0.063208781 0.997741759 0.022716550 1.758151174 0.003653558 0.022530574 -0.999739528 -54.727371216
-0.998035669 0.062563114 -0.003256424 -14.042490959 0.062474649 0.997793734 0.022464031 1.764788866 0.004654659 0.022216462 -0.999742270 -56.130172729
-0.998039246 0.062457692 -0.004080394 -14.045190811 0.062347174 0.997785866 0.023154363 1.778015971 0.005517527 0.022854561 -0.999723554 -57.537391663
-0.997982740 0.063299417 -0.004854474 -14.050717354 0.063171305 0.997735143 0.023107091 1.784046292 0.006306144 0.022753818 -0.999721169 -58.934028625
-0.997924268 0.064153269 -0.005615921 -14.059106827 0.064013973 0.997701764 0.022211639 1.788823605 0.007027964 0.021806035 -0.999737501 -60.347183228
-0.997942388 0.063796915 -0.006394610 -14.062542915 0.063642353 0.997730076 0.022004012 1.796197772 0.007783884 0.021551767 -0.999737382 -61.742565155
-0.997973263 0.063207597 -0.007359676 -14.062126160 0.063024879 0.997750103 0.022860756 1.805031776 0.008788090 0.022350580 -0.999711573 -63.151893616
-0.997987688 0.062920414 -0.007862652 -14.073143959 0.062721334 0.997756362 0.023418637 1.812765837 0.009318520 0.022878353 -0.999694884 -64.548904419
-0.998036385 0.062076434 -0.008362245 -14.080439568 0.061860580 0.997796655 0.023983313 1.819120049 0.009832619 0.023418926 -0.999677360 -65.954475403
-0.998070180 0.061409790 -0.009206424 -14.085010529 0.061176971 0.997844696 0.023735916 1.827904463 0.010644199 0.023126891 -0.999675810 -67.353050232
-0.998075664 0.061202142 -0.009957593 -14.090549469 0.060945913 0.997846007 0.024270281 1.832120657 0.011421538 0.023616709 -0.999655783 -68.759765625
-0.998005748 0.062408388 -0.009469012 -14.104688644 0.062180009 0.997805595 0.022751063 1.838902235 0.010868090 0.022116909 -0.999696314 -70.153739929
-0.997990310 0.062715098 -0.009055152 -14.114395142 0.062519252 0.997833252 0.020496240 1.843776584 0.010320955 0.019888928 -0.999748945 -71.539123535
-0.997998893 0.062626809 -0.008718138 -14.120778084 0.062440209 0.997843385 0.020243598 1.844427943 0.009967128 0.019658728 -0.999757051 -72.938026428
-0.997891724 0.064348072 -0.008454137 -14.123715401 0.064155094 0.997710466 0.021399181 1.848724723 0.009811778 0.020811692 -0.999735236 -74.297576904
-0.997800648 0.065848455 -0.007608463 -14.130605698 0.065656431 0.997572303 0.023207821 1.855779171 0.009118191 0.022657234 -0.999701679 -75.689109802
-0.997754157 0.066650257 -0.006653459 -14.133583069 0.066462018 0.997466862 0.025349690 1.859211683 0.008326168 0.024850557 -0.999656498 -77.074913025
-0.997717977 0.067278564 -0.005681487 -14.137852669 0.067118607 0.997437477 0.024768131 1.867719650 0.007333293 0.024330279 -0.999677002 -78.448974609
-0.997770309 0.066527985 -0.005334324 -14.141359329 0.066403106 0.997573733 0.020907734 1.876815200 0.006712331 0.020506904 -0.999767125 -79.810577393
-0.997885823 0.064819135 -0.004717848 -14.145483971 0.064721957 0.997732699 0.018450096 1.877407789 0.005903071 0.018105742 -0.999818563 -81.183067322
-0.997964025 0.063581996 -0.005005178 -14.139925957 0.063469671 0.997781694 0.020078873 1.880419612 0.006270730 0.019720318 -0.999785781 -82.536621094
-0.997937679 0.064025067 -0.004596110 -14.141274452 0.063893147 0.997652113 0.024662165 1.883728147 0.006164316 0.024317648 -0.999685228 -83.906234741
-0.997899711 0.064629152 -0.004383819 -14.138547897 0.064489447 0.997559011 0.026778344 1.898941278 0.006103781 0.026439391 -0.999631703 -85.268646240
-0.997877300 0.064951375 -0.004716179 -14.140424728 0.064799488 0.997525036 0.027288845 1.906179905 0.006476955 0.026925310 -0.999616444 -86.617622375
-0.997875988 0.064939700 -0.005146985 -14.142109871 0.064788610 0.997573614 0.025480777 1.912411928 0.006789211 0.025093189 -0.999662042 -87.953300476
-0.997925639 0.064071685 -0.006251054 -14.142695427 0.063906871 0.997673750 0.023727896 1.924054980 0.007756799 0.023279194 -0.999698877 -89.299980164
-0.997963130 0.063408852 -0.006988631 -14.146256447 0.063237019 0.997743845 0.022547539 1.932459354 0.008402577 0.022059675 -0.999721348 -90.634437561
-0.998031914 0.062153228 -0.008321235 -14.144823074 0.061943248 0.997803450 0.023478514 1.936700344 0.009762223 0.022916861 -0.999689698 -91.978645325
-0.998024464 0.062242661 -0.008541884 -14.156768799 0.062014841 0.997768342 0.024751065 1.947309256 0.010063392 0.024172448 -0.999657154 -93.307937622
-0.998048723 0.061722904 -0.009426134 -14.161216736 0.061485510 0.997826993 0.023682579 1.953345060 0.010867408 0.023056801 -0.999675095 -94.624870300
-0.998025119 0.061984427 -0.010183862 -14.168643951 0.061738636 0.997829676 0.022898115 1.957555532 0.011581087 0.022224156 -0.999685943 -95.951103210
-0.998037398 0.061713092 -0.010621799 -14.179987907 0.061441660 0.997816741 0.024221759 1.966498494 0.012093410 0.023521602 -0.999650121 -97.274291992
-0.998026133 0.061782893 -0.011250083 -14.192734718 0.061483335 0.997788250 0.025267361 1.969629407 0.012786290 0.024525795 -0.999617398 -98.583274841
-0.998048186 0.061241768 -0.012212991 -14.205119133 0.060924150 0.997832477 0.024873324 1.984990835 0.013709803 0.024080710 -0.999615967 -99.889068604
-0.998022020 0.061460972 -0.013214415 -14.215249062 0.061114464 0.997812629 0.025196781 1.987042904 0.014734129 0.024339348 -0.999595165 -101.215141296
-0.998001218 0.061653394 -0.013873905 -14.229248047 0.061292812 0.997805059 0.025066098 1.994376421 0.015388862 0.024165632 -0.999589443 -102.527023315
-0.998006940 0.061414387 -0.014510836 -14.238784790 0.061041243 0.997824848 0.024892800 2.004974127 0.016008049 0.023957429 -0.999584794 -103.828758240
-0.997985899 0.061622590 -0.015061381 -14.262753487 0.061235175 0.997811258 0.024956711 2.009844780 0.016566314 0.023984157 -0.999575078 -105.129966736
-0.998005092 0.061154984 -0.015684312 -14.274938583 0.060758255 0.997848451 0.024634067 2.019561768 0.017157063 0.023631969 -0.999573529 -106.428344727
-0.998005748 0.060826518 -0.016867766 -14.284641266 0.060422514 0.997895956 0.023507705 2.021667004 0.018262167 0.022441631 -0.999581337 -107.725448608
-0.997946203 0.061641160 -0.017427856 -14.300268173 0.061255541 0.997882664 0.021857124 2.030757189 0.018738255 0.020744681 -0.999609172 -109.026168823
-0.997936547 0.061740953 -0.017626496 -14.323404312 0.061325375 0.997847676 0.023217466 2.036873102 0.019022027 0.022088604 -0.999575019 -110.287895203
-0.997915030 0.061969370 -0.018037908 -14.331974983 0.061494894 0.997774661 0.025767472 2.042730093 0.019594559 0.024604511 -0.999505222 -111.577087402
-0.997915268 0.062147137 -0.017403437 -14.361251831 0.061710194 0.997790694 0.024609469 2.051672935 0.018894395 0.023484195 -0.999545634 -112.842475891
-0.997951210 0.061650544 -0.017104980 -14.376243591 0.061234210 0.997837663 0.023881003 2.057486773 0.018540272 0.022784667 -0.999568403 -114.112968445
-0.997892022 0.062562294 -0.017246716 -14.396528244 0.062143564 0.997782648 0.023830933 2.069973946 0.018699393 0.022708926 -0.999567211 -115.386802673
-0.997840643 0.063543968 -0.016618907 -14.417997360 0.063130543 0.997708917 0.024319313 2.076534986 0.018126179 0.023217643 -0.999566019 -116.645584106
-0.997848153 0.063504189 -0.016318502 -14.438721657 0.063081704 0.997689724 0.025217691 2.083888769 0.017882233 0.024134029 -0.999548733 -117.900474548
-0.997861266 0.063309260 -0.016273426 -14.452308655 0.062874287 0.997683287 0.025979428 2.092960835 0.017880464 0.024900684 -0.999530017 -119.163673401
-0.997868001 0.063177124 -0.016370276 -14.465396881 0.062752895 0.997709692 0.025247507 2.105170012 0.017927846 0.024166400 -0.999547184 -120.413436890
-0.997905314 0.062582761 -0.016383233 -14.479070663 0.062154330 0.997741520 0.025470149 2.108055830 0.017940223 0.024398508 -0.999541342 -121.662094116
-0.997886360 0.062788166 -0.016747041 -14.496801376 0.062360410 0.997741878 0.024947332 2.116870403 0.018275620 0.023850247 -0.999548495 -122.888565063
-0.997926056 0.061954457 -0.017467549 -14.510229111 0.061521307 0.997809172 0.024330977 2.128552914 0.018936692 0.023205893 -0.999551296 -124.130004883
-0.997965872 0.060894873 -0.018861707 -14.527535439 0.060418006 0.997862697 0.024896603 2.134478092 0.020337466 0.023706378 -0.999512076 -125.336967468
-0.997993946 0.060065657 -0.020005254 -14.546432495 0.059533551 0.997882128 0.026209598 2.140658379 0.021537183 0.024966035 -0.999456286 -126.555374146
-0.998032510 0.059084162 -0.020981403 -14.569051743 0.058511589 0.997923434 0.026929002 2.145267010 0.022528909 0.025648365 -0.999417126 -127.749343872
-0.998038113 0.058407761 -0.022546321 -14.587991714 0.057825528 0.997996867 0.025665298 2.150881290 0.024000205 0.024311198 -0.999416292 -128.937789917
-0.997958124 0.059186142 -0.024009790 -14.606114388 0.058603466 0.997985899 0.024286853 2.156962156 0.025398875 0.022830207 -0.999416709 -130.118316650
-0.997949004 0.059277400 -0.024164177 -14.637268066 0.058700208 0.997988641 0.023934508 2.163104534 0.025534345 0.022466971 -0.999421477 -131.287460327
-0.997912586 0.059949212 -0.024009354 -14.663375854 0.059319854 0.997897208 0.026119595 2.165657043 0.025524713 0.024640840 -0.999370515 -132.446411133
-0.997876942 0.060641605 -0.023752565 -14.689373970 0.059969578 0.997805953 0.028051628 2.167216539 0.025401548 0.026567642 -0.999324262 -133.589843750
-0.997714281 0.063373983 -0.023451721 -14.718103409 0.062690929 0.997617364 0.028797921 2.176227331 0.025220890 0.027261883 -0.999310136 -134.705886841
-0.997673690 0.063985199 -0.023518723 -14.740628242 0.063319117 0.997599006 0.028052514 2.180348158 0.025257198 0.026498072 -0.999329686 -135.819152832
-0.997737348 0.062919483 -0.023691341 -14.761680603 0.062209930 0.997624576 0.029582595 2.191042900 0.025496388 0.028041825 -0.999281526 -136.901962280
-0.997716904 0.063088670 -0.024098136 -14.780475616 0.062310323 0.997550368 0.031789504 2.198937416 0.026044663 0.030215366 -0.999203980 -137.966201782
-0.997703969 0.062732451 -0.025522055 -14.802362442 0.061919510 0.997584403 0.031485468 2.208512783 0.027435564 0.029832864 -0.999178290 -139.002273560
-0.997763276 0.060945358 -0.027461553 -14.823424339 0.060108799 0.997731090 0.030323517 2.217821121 0.029247329 0.028605008 -0.999162853 -140.021057129
-0.997742414 0.060657687 -0.028822340 -14.850074768 0.059778884 0.997747660 0.030432453 2.224031448 0.030603388 0.028640781 -0.999121189 -141.010925293
-0.997654796 0.061711434 -0.029607292 -14.881725311 0.060790289 0.997667074 0.031064697 2.233509779 0.031455263 0.029192006 -0.999078810 -141.977127075
-0.997527838 0.063365519 -0.030383434 -14.903798103 0.062404949 0.997550964 0.031585146 2.233607292 0.032310437 0.029610980 -0.999039173 -142.914916992
-0.997523129 0.063615106 -0.030009437 -14.939453125 0.062671736 0.997540236 0.031394046 2.242852449 0.031932756 0.029435547 -0.999056399 -143.864685059
-0.997431457 0.065982074 -0.027868824 -14.963163376 0.065123878 0.997406185 0.030654933 2.245835781 0.029819209 0.028761273 -0.999141395 -144.735305786
-0.997352839 0.069447875 -0.021546589 -14.983375549 0.068805255 0.997201025 0.029256528 2.254013777 0.023518085 0.027696565 -0.999339700 -145.590896606
-0.997211635 0.074014917 -0.009522074 -14.992318153 0.073721446 0.996881247 0.028162934 2.258892775 0.011576853 0.027382432 -0.999557912 -146.406021118
-0.996977091 0.077244788 0.008351562 -14.981649399 0.077444248 0.996630549 0.027017687 2.258641005 -0.006236449 0.027582798 -0.999600053 -147.182922363
-0.996458292 0.078137986 0.031069223 -14.951572418 0.078980587 0.996513546 0.026885146 2.262042999 -0.028860144 0.029243793 -0.999155581 -147.938522339
-0.995373964 0.077294946 0.057062913 -14.899171829 0.079035394 0.996452868 0.028897855 2.258295059 -0.054626845 0.033274163 -0.997952282 -148.654174805
-0.993470013 0.075207956 0.085796840 -14.827531815 0.078100316 0.996467650 0.030863866 2.263273239 -0.083172567 0.037363086 -0.995834470 -149.350479126
-0.990327954 0.074408188 0.117106549 -14.731767654 0.078397952 0.996475637 0.029833777 2.260698557 -0.114473969 0.038726136 -0.992671072 -150.010620117
-0.985373616 0.075178079 0.152928397 -14.621938705 0.080014035 0.996462166 0.025708836 2.255734444 -0.150454655 0.037569229 -0.987902820 -150.633636475
-0.978138208 0.076833762 0.193241447 -14.480129242 0.082239874 0.996409893 0.020099424 2.255660772 -0.191003367 0.035552166 -0.980945349 -151.222763062
-0.968410134 0.077321708 0.237072095 -14.318061829 0.083238818 0.996416152 0.015036431 2.251878977 -0.235059857 0.034295034 -0.971375704 -151.776443481
-0.955717266 0.076567404 0.284151256 -14.138484955 0.083275482 0.996459186 0.011583666 2.247220039 -0.282258242 0.034733541 -0.958709419 -152.301025391
-0.939330995 0.077044211 0.334247679 -13.932483673 0.084810503 0.996359229 0.008680418 2.231784821 -0.332361996 0.036501497 -0.942445278 -152.793655396
-0.918577135 0.077817820 0.387505740 -13.699806213 0.086485103 0.996240854 0.004949416 2.215867758 -0.385663927 0.038059890 -0.921853960 -153.274307251
-0.893990815 0.076102652 0.441575319 -13.435367584 0.085240781 0.996360004 0.000857922 2.200108767 -0.439902693 0.038407199 -0.897223771 -153.708374023
-0.864895880 0.074663445 0.496367306 -13.143436432 0.084458910 0.996423244 -0.002716196 2.185774326 -0.494794667 0.039573416 -0.868108392 -154.137420654
-0.831125319 0.072734341 0.551307976 -12.853012085 0.083386384 0.996500671 -0.005759545 2.167716265 -0.549797595 0.041184667 -0.834282100 -154.518447876
-0.792774320 0.071574107 0.605298400 -12.517684937 0.082972907 0.996509671 -0.009161611 2.147814035 -0.603841424 0.042960282 -0.795945823 -154.896575928
-0.749704957 0.069355987 0.658127844 -12.159103394 0.081467301 0.996601045 -0.012222267 2.126049519 -0.656738579 0.044452805 -0.752807021 -155.243164062
-0.700986028 0.066627443 0.710055888 -11.783515930 0.080008566 0.996688068 -0.014536751 2.110984802 -0.708672822 0.046620496 -0.703995287 -155.559844971
-0.647600591 0.062470887 0.759414852 -11.409088135 0.077125005 0.996889234 -0.016236650 2.088908195 -0.758066773 0.048055012 -0.650404096 -155.834823608
-0.591586590 0.056422979 0.804264724 -11.021308899 0.071359448 0.997297585 -0.017475843 2.069143772 -0.803077281 0.047053412 -0.594014168 -156.076019287
-0.533331931 0.052083433 0.844301105 -10.615913391 0.066484503 0.997596085 -0.019542689 2.044856071 -0.843289256 0.045710202 -0.535512567 -156.284652710
-0.472489864 0.048418414 0.880005062 -10.187187195 0.061801188 0.997852147 -0.021720301 2.008593798 -0.879166603 0.044122737 -0.474467397 -156.468765259
-0.409662783 0.047804885 0.910983562 -9.716888428 0.060104545 0.997870564 -0.025335778 1.998757720 -0.910254836 0.044375129 -0.411663830 -156.617156982
-0.345197618 0.047417879 0.937331438 -9.243732452 0.058345884 0.997875333 -0.028993240 1.969481230 -0.936714649 0.044681031 -0.347230762 -156.742462158
-0.279663652 0.048488133 0.958872855 -8.793098450 0.055702362 0.997861087 -0.034213595 1.948593497 -0.958480716 0.043843180 -0.281766415 -156.811462402
-0.212072879 0.048494983 0.976049900 -8.337728500 0.051638085 0.997928798 -0.038362287 1.926260233 -0.975888669 0.042265739 -0.214137837 -156.871932983
-0.143996790 0.044880282 0.988559961 -7.886884689 0.045637473 0.998209298 -0.038670663 1.902523994 -0.988525271 0.039546918 -0.145787179 -156.876037598
-0.073878087 0.036616631 0.996594727 -7.414560318 0.043124590 0.998508155 -0.033490084 1.872849107 -0.996334374 0.040503558 -0.075346969 -156.867462158
-0.002427354 0.026321158 0.999650598 -6.943287849 0.042596810 0.998748839 -0.026193980 1.855511665 -0.999089301 0.042518348 -0.003545515 -156.838256836
0.069070444 0.013446163 0.997521102 -6.501387596 0.040136430 0.999062061 -0.016246067 1.824663877 -0.996804118 0.041159060 0.068465993 -156.782806396
0.140196621 0.001912273 0.990121841 -6.033611298 0.036847752 0.999295294 -0.007147459 1.800621629 -0.989437878 0.037485812 0.140027374 -156.677810669
0.210829347 -0.006706398 0.977499902 -5.569099426 0.032379717 0.999475598 -0.000126567 1.783266783 -0.976986527 0.031677846 0.210935950 -156.523757935
0.280546904 -0.010903222 0.959778309 -5.107212067 0.031699196 0.999495268 0.002088625 1.775450587 -0.959316730 0.029838245 0.280750960 -156.329879761
0.350856483 -0.013783945 0.936327696 -4.635921478 0.031807970 0.999490201 0.002794842 1.770078540 -0.935888767 0.028802097 0.351116121 -156.123550415
0.418200046 -0.019376008 0.908148289 -4.184219360 0.033359658 0.999425650 0.005961435 1.765175223 -0.907742143 0.027802443 0.418606222 -155.877471924
0.482883036 -0.025381718 0.875316978 -3.728393555 0.034814417 0.999346077 0.009772262 1.769891143 -0.874992549 0.025754783 0.483450890 -155.580200195
0.545638800 -0.030268233 0.837473631 -3.292686462 0.035329431 0.999289870 0.013098476 1.767259717 -0.837275445 0.022440422 0.546320617 -155.270385742
0.603805661 -0.031723756 0.796500027 -2.876472473 0.034318339 0.999315858 0.013785862 1.762538195 -0.796392381 0.019010577 0.604481280 -154.903656006
0.656856894 -0.031233331 0.753368080 -2.500213623 0.033268072 0.999369204 0.012425884 1.749041915 -0.753280997 0.016901072 0.657481670 -154.505828857
0.706462204 -0.029751442 0.707125008 -2.075355530 0.034699608 0.999370515 0.007380241 1.758839011 -0.706899643 0.019323096 0.707049906 -154.057800293
0.751143157 -0.030171957 0.659449399 -1.698562622 0.037367463 0.999296486 0.003157810 1.754962921 -0.659080923 0.022269975 0.751742244 -153.587951660
0.792655885 -0.029547004 0.608952820 -1.296401978 0.037306588 0.999303818 -0.000073645 1.774112225 -0.608526766 0.022776321 0.793206453 -153.067031860
0.828731298 -0.032177579 0.558720767 -1.050148010 0.037172265 0.999305904 0.002415223 1.748585939 -0.558410823 0.018767344 0.829352319 -152.545852661
0.863435030 -0.032867480 0.503388286 -0.755432129 0.035768200 0.999352574 0.003898958 1.735718250 -0.503190517 0.014638792 0.864051580 -151.961090088
0.894576252 -0.034571189 0.445576191 -0.481147766 0.036593292 0.999322057 0.004067224 1.736114740 -0.445414722 0.012666663 0.895234704 -151.351089478
0.921455264 -0.034655578 0.386935622 -0.242141724 0.035733692 0.999351501 0.004409260 1.727983117 -0.386837542 0.009763693 0.922096193 -150.736633301
0.942713022 -0.033579234 0.331910700 -0.046245575 0.034064554 0.999410152 0.004357588 1.723051548 -0.331861228 0.007198434 0.943300724 -150.072723389
0.959287047 -0.027928760 0.281048447 0.123233795 0.028404143 0.999593616 0.002382784 1.719090462 -0.281000763 0.005697164 0.959690630 -149.380523682
0.971521795 -0.022719648 0.235858142 0.272098541 0.023381764 0.999726593 -0.000010384 1.712796330 -0.235793442 0.005524869 0.971787512 -148.669403076
0.980458856 -0.017608806 0.195934772 0.388998032 0.018166460 0.999834299 -0.001049221 1.706706643 -0.195883825 0.004588153 0.980616391 -147.919250488
0.987003684 -0.017765529 0.159712851 0.498003006 0.018033735 0.999837339 -0.000229949 1.702626824 -0.159682795 0.003107180 0.987163544 -147.151550293
0.991810322 -0.018119160 0.126427591 0.588613510 0.018170958 0.999834597 0.000743629 1.696029663 -0.126420155 0.001559780 0.991975546 -146.356796265
0.995210767 -0.017112097 0.096242107 0.652817726 0.017041793 0.999853492 0.001552521 1.689969182 -0.096254587 0.000095054 0.995356679 -145.530258179
0.997463763 -0.014468566 0.069690004 0.696174622 0.014422469 0.999895334 0.001164600 1.681771755 -0.069699563 -0.000156550 0.997568071 -144.678146362
0.998783290 -0.008440119 0.048586901 0.717481613 0.008437118 0.999964476 0.000266915 1.680091739 -0.048587423 0.000143343 0.998818934 -143.802825928
0.999444664 -0.003152413 0.033173084 0.724832535 0.003196030 0.999994159 -0.001262029 1.677407622 -0.033168904 0.001367347 0.999448836 -142.903182983
0.999714434 0.001514705 0.023847235 0.731965303 -0.001457427 0.999996006 -0.002418920 1.666710496 -0.023850806 0.002383473 0.999712706 -141.995223999
0.999789417 0.004904554 0.019927133 0.737084627 -0.004857699 0.999985337 -0.002399101 1.656956673 -0.019938607 0.002301799 0.999798596 -141.056854248
0.999816120 0.004645465 0.018603437 0.751285315 -0.004614311 0.999988019 -0.001716919 1.649094105 -0.018611187 0.001630769 0.999825418 -140.089218140
0.999839544 0.003381703 0.017585397 0.763802767 -0.003378404 0.999994338 -0.000217033 1.639092088 -0.017586028 0.000157584 0.999845326 -139.110748291
0.999867022 0.003370896 0.015950063 0.775000572 -0.003379636 0.999994159 0.000520785 1.633451700 -0.015948214 -0.000574629 0.999872625 -138.112762451
0.999894977 0.001885434 0.014365384 0.782920837 -0.001884274 0.999998212 -0.000094105 1.625586152 -0.014365538 0.000067028 0.999896705 -137.100021362
0.999925375 0.002608624 0.011944532 0.795898318 -0.002605905 0.999996603 -0.000243157 1.614149570 -0.011945126 0.000212012 0.999928772 -136.054504395
0.999949813 0.002011294 0.009808887 0.801147103 -0.002018477 0.999997795 0.000722875 1.610378861 -0.009807410 -0.000742631 0.999951661 -135.000564575
0.999963701 0.002274852 0.008207400 0.800086856 -0.002301953 0.999991953 0.003294345 1.603409529 -0.008199839 -0.003313127 0.999960899 -133.921051025
0.999980807 0.000834263 0.006135489 0.803991854 -0.000858216 0.999992013 0.003903139 1.599009514 -0.006132184 -0.003908329 0.999973536 -132.833602905
0.999990106 0.000229547 0.004426385 0.807687104 -0.000241291 0.999996424 0.002653031 1.587080717 -0.004425760 -0.002654073 0.999986708 -131.718124390
0.999992609 -0.001477674 0.003558785 0.798580170 0.001471778 0.999997437 0.001658134 1.571413875 -0.003561226 -0.001652885 0.999992311 -130.602645874
0.999997616 -0.000872667 0.001994224 0.806937099 0.000870046 0.999998748 0.001311863 1.573177934 -0.001995366 -0.001310125 0.999997139 -129.432418823
0.999999225 0.000309300 0.001145387 0.806396008 -0.000310150 0.999999642 0.000741568 1.567000628 -0.001145157 -0.000741924 0.999999046 -128.265899658
0.999999344 0.000306898 0.001100689 0.797668219 -0.000306415 0.999999821 -0.000438036 1.554613948 -0.001100824 0.000437706 0.999999225 -127.078239441
0.999999166 0.000317707 0.001280882 0.790499747 -0.000316449 0.999999464 -0.000982393 1.544389725 -0.001281194 0.000981993 0.999998689 -125.880821228
0.999997318 0.001070564 0.002018787 0.791352570 -0.001070371 0.999999404 -0.000093809 1.525804043 -0.002018887 0.000091655 0.999997973 -124.665756226
0.999995589 0.001118702 0.002730101 0.790886402 -0.001119728 0.999999285 0.000377298 1.512688279 -0.002729677 -0.000380344 0.999996245 -123.436058044
0.999988317 0.001448428 0.004607795 0.787516057 -0.001440784 0.999997556 -0.001661750 1.500289202 -0.004610191 0.001655092 0.999988019 -122.195449829
0.999976337 0.001881285 0.006613493 0.783876181 -0.001848871 0.999986231 -0.004903910 1.481028795 -0.006622627 0.004891566 0.999966145 -120.938491821
0.999964654 0.000974515 0.008346001 0.792079389 -0.000911487 0.999971092 -0.007552031 1.468155384 -0.008353118 0.007544157 0.999936640 -119.676719666
0.999958217 -0.000932679 0.009090879 0.806764483 0.001009414 0.999963880 -0.008439759 1.449077487 -0.009082680 0.008448582 0.999923050 -118.396827698
0.999956489 -0.000869036 0.009285824 0.807658315 0.000934571 0.999974668 -0.007054889 1.425800920 -0.009279459 0.007063260 0.999931931 -117.085884094
0.999965668 -0.002311456 0.007947469 0.821174145 0.002372634 0.999967575 -0.007696786 1.406921625 -0.007929420 0.007715380 0.999938846 -115.747123718
0.999974132 -0.001267883 0.007088014 0.804747522 0.001338894 0.999948859 -0.010023762 1.377840877 -0.007074944 0.010032995 0.999924600 -114.387344360
0.999986053 -0.002751727 0.004501946 0.818665028 0.002802806 0.999931455 -0.011379600 1.346454978 -0.004470322 0.011392060 0.999925137 -113.085014343
0.999996543 -0.002585519 0.000434575 0.827983618 0.002590174 0.999935389 -0.011069176 1.327072382 -0.000405927 0.011070263 0.999938667 -111.711921692
0.999993563 -0.003434361 -0.001037702 0.813930869 0.003425342 0.999957383 -0.008576171 1.296266198 0.001067109 0.008572562 0.999962687 -110.366966248
0.999994814 -0.002445278 -0.002072584 0.796669543 0.002427314 0.999959886 -0.008627408 1.260821104 0.002093599 0.008622334 0.999960661 -108.983398438
0.999988735 -0.003251989 -0.003442782 0.789160728 0.003218455 0.999947786 -0.009699522 1.244469762 0.003474145 0.009688335 0.999947011 -107.591056824
0.999979734 -0.004170293 -0.004800063 0.777197361 0.004116764 0.999929905 -0.011108451 1.218401432 0.004846052 0.011088463 0.999926686 -106.186561584
0.999975502 -0.003962757 -0.005757588 0.768589616 0.003892242 0.999918044 -0.012208072 1.189765453 0.005805495 0.012185366 0.999908924 -104.763916016
0.999972641 -0.002528774 -0.006953465 0.753384054 0.002444892 0.999924541 -0.012045505 1.159124851 0.006983401 0.012028174 0.999903321 -103.317382812
0.999975085 -0.002601651 -0.006566368 0.728793621 0.002529479 0.999936581 -0.010975083 1.127130270 0.006594506 0.010958199 0.999918222 -101.852432251
0.999983370 -0.001183153 -0.005654814 0.702985525 0.001140330 0.999970734 -0.007570212 1.096439123 0.005663605 0.007563635 0.999955356 -100.371124268
0.999983191 -0.000929270 -0.005726729 0.692869723 0.000893166 0.999979734 -0.006304025 1.072951078 0.005732470 0.006298808 0.999963701 -98.873558044
0.999981523 -0.001727059 -0.005834578 0.681725025 0.001708661 0.999993622 -0.003156300 1.048724771 0.005839990 0.003146279 0.999978006 -97.369354248
0.999988735 -0.000738443 -0.004677766 0.658878028 0.000750497 0.999996424 0.002575472 1.032279372 0.004675847 -0.002578947 0.999985754 -95.858917236
0.999990463 -0.000248716 -0.004364234 0.646917284 0.000281326 0.999972045 0.007473245 1.023642063 0.004362253 -0.007474402 0.999962568 -94.346679688
0.999989331 0.001204583 -0.004464871 0.630201995 -0.001155415 0.999938846 0.010998078 1.006545782 0.004477850 -0.010992801 0.999929547 -92.820686340
0.999985754 0.002452938 -0.004750696 0.616102695 -0.002392785 0.999917448 0.012625681 0.998751998 0.004781276 -0.012614126 0.999908984 -91.314033508
0.999987960 0.002052417 -0.004443735 0.597205520 -0.001992484 0.999907494 0.013449835 0.987407446 0.004470931 -0.013440812 0.999899626 -89.805488586
0.999987125 0.001939749 -0.004688878 0.585396290 -0.001885645 0.999931931 0.011515091 0.979205608 0.004710893 -0.011506101 0.999922693 -88.291252136
0.999989390 0.001129662 -0.004462259 0.575657964 -0.001088049 0.999955952 0.009319419 0.968722463 0.004472591 -0.009314465 0.999946594 -86.790336609
0.999994040 -0.000119559 -0.003442276 0.560419917 0.000151702 0.999956369 0.009339257 0.954225004 0.003441009 -0.009339716 0.999950469 -85.275382996
0.999996901 0.000144978 -0.002453593 0.550621152 -0.000116351 0.999931991 0.011662063 0.943533957 0.002455116 -0.011661750 0.999929011 -83.764373779
0.999997258 -0.001623154 -0.001683101 0.539982617 0.001642297 0.999933183 0.011436511 0.932751238 0.001664427 -0.011439251 0.999933183 -82.258903503
0.999998569 -0.001150256 -0.001239287 0.535752594 0.001162478 0.999950171 0.009909669 0.922886252 0.001227827 -0.009911101 0.999950111 -80.751419067
0.999996901 -0.002502224 -0.000115036 0.520240664 0.002503237 0.999947786 0.009911922 0.913283646 0.000090227 -0.009912183 0.999950767 -79.243209839
0.999996960 -0.002457860 0.000087658 0.517833114 0.002456654 0.999927461 0.011792528 0.899505258 -0.000116636 -0.011792277 0.999930441 -77.743568420
0.999995530 -0.002944087 0.000572150 0.514482319 0.002935769 0.999897182 0.014043626 0.888976216 -0.000613436 -0.014041883 0.999901354 -76.234291077
0.999992788 -0.003748402 0.000449007 0.512958586 0.003740864 0.999869168 0.015734328 0.878163934 -0.000507929 -0.015732534 0.999876082 -74.735176086
0.999992847 -0.003778794 -0.000020948 0.509070873 0.003778704 0.999888659 0.014435391 0.872854233 -0.000033603 -0.014435375 0.999895811 -73.232315063
0.999991775 -0.003979126 -0.000809409 0.508668602 0.003987229 0.999939322 0.010265442 0.860056102 0.000768512 -0.010268582 0.999947011 -71.751380920
0.999999523 -0.000305423 -0.000872914 0.482954711 0.000312413 0.999967813 0.008017124 0.854100645 0.000870438 -0.008017385 0.999967456 -70.237098694
0.999998331 0.000915411 -0.001535793 0.473847747 -0.000900869 0.999955118 0.009439520 0.841607153 0.001544364 -0.009438114 0.999954224 -68.738639832
0.999997020 0.001730692 -0.001686054 0.461272091 -0.001712592 0.999941468 0.010677931 0.824178517 0.001704435 -0.010675004 0.999941587 -67.252967834
0.999997556 -0.001018468 -0.001960778 0.449577272 0.001034430 0.999966204 0.008156985 0.816866636 0.001952404 -0.008158994 0.999964833 -65.760742188
0.999992788 -0.001872942 -0.003297016 0.453437388 0.001905514 0.999949157 0.009904419 0.796727359 0.003278298 -0.009910638 0.999945521 -64.274940491
0.999984086 -0.003806234 -0.004163998 0.447559237 0.003856552 0.999918818 0.012144322 0.784995735 0.004117435 -0.012160185 0.999917567 -62.787475586
0.999979079 -0.004152536 -0.004963818 0.429675400 0.004204768 0.999935389 0.010559363 0.772778511 0.004919649 -0.010580015 0.999931872 -61.304603577
0.999965072 -0.004497454 -0.007044788 0.420481563 0.004546162 0.999965727 0.006913304 0.765910745 0.007013454 -0.006945087 0.999951303 -59.822330475
0.999956012 -0.005131460 -0.007848951 0.402885497 0.005192883 0.999955893 0.007825842 0.747465670 0.007808447 -0.007866249 0.999938488 -58.353591919
0.999942422 -0.005085361 -0.009448968 0.384783030 0.005206252 0.999904335 0.012814242 0.736162305 0.009382899 -0.012862694 0.999873221 -56.861988068
0.999926627 -0.005488093 -0.010800591 0.372566938 0.005623718 0.999905229 0.012567592 0.727120936 0.010730596 -0.012627410 0.999862611 -55.389427185
0.999920368 -0.004453859 -0.011806337 0.347627431 0.004592238 0.999920726 0.011719430 0.719343126 0.011753209 -0.011772714 0.999861598 -53.931537628
0.999928057 -0.003615389 -0.011448923 0.316108018 0.003744360 0.999929547 0.011263860 0.711576164 0.011407399 -0.011305910 0.999871016 -52.449699402
0.999930620 -0.002572819 -0.011503085 0.289810002 0.002703095 0.999932289 0.011323703 0.702243090 0.011473175 -0.011354011 0.999869704 -50.993972778
0.999931872 -0.001994521 -0.011495394 0.259694993 0.002119380 0.999938905 0.010859100 0.687935948 0.011473032 -0.010882718 0.999874890 -49.534515381
0.999933541 -0.002059129 -0.011339331 0.237062514 0.002174633 0.999945819 0.010183328 0.678544044 0.011317747 -0.010207308 0.999883831 -48.060848236
0.999932408 -0.003526401 -0.011073451 0.215118885 0.003644630 0.999936342 0.010675275 0.655736327 0.011035101 -0.010714919 0.999881625 -46.627250671
0.999932587 -0.004578688 -0.010667456 0.193328917 0.004692035 0.999932528 0.010625147 0.643961191 0.010618089 -0.010674488 0.999886632 -45.177288055
0.999930203 -0.006283725 -0.010002906 0.172182441 0.006392798 0.999920070 0.010910739 0.627805829 0.009933546 -0.010973925 0.999890447 -43.728477478
0.999938309 -0.006900077 -0.008708246 0.149731904 0.007008424 0.999897599 0.012474490 0.617755353 0.008621282 -0.012534748 0.999884307 -42.277561188
0.999940991 -0.006833361 -0.008448381 0.134771094 0.006938772 0.999897599 0.012512099 0.604385197 0.008362019 -0.012569989 0.999886036 -40.841930389
0.999953687 -0.005831683 -0.007652557 0.117884621 0.005916022 0.999921501 0.011043882 0.595890641 0.007587554 -0.011088644 0.999909759 -39.399517059
0.999963164 -0.005387221 -0.006672993 0.100138918 0.005446986 0.999944985 0.008970052 0.584252834 0.006624303 -0.009006070 0.999937534 -37.971878052
0.999976575 -0.003720247 -0.005743667 0.080970779 0.003770660 0.999954164 0.008791735 0.572485328 0.005710694 -0.008813186 0.999944866 -36.515804291
0.999984086 -0.002726823 -0.004943449 0.065331817 0.002780220 0.999937475 0.010827532 0.560655117 0.004913613 -0.010841103 0.999929130 -35.081096649
0.999990046 -0.001635330 -0.004175998 0.054225594 0.001686734 0.999922454 0.012335098 0.548559666 0.004155503 -0.012342017 0.999915183 -33.637641907
0.999994576 -0.000934625 -0.003166733 0.043871414 0.000973728 0.999922991 0.012369945 0.537256718 0.003154928 -0.012372954 0.999918461 -32.199542999
0.999998033 -0.000726149 -0.001824124 0.029752566 0.000745505 0.999943137 0.010632061 0.529147983 0.001816301 -0.010633405 0.999941766 -30.768766403
0.999997556 -0.002112068 -0.000652471 0.026643589 0.002117588 0.999961019 0.008573994 0.508166492 0.000634336 -0.008575356 0.999962986 -29.338443756
0.999998033 -0.001775132 0.000813975 0.016746338 0.001767167 0.999951601 0.009681189 0.499731749 -0.000831120 -0.009679726 0.999952793 -27.909385681
0.999996424 -0.001409841 0.002272452 0.009942964 0.001384864 0.999939024 0.010954157 0.484196484 -0.002287756 -0.010950970 0.999937356 -26.485664368
