1.000000000 0.000000000 0.000000000 0.000000000 0.000000000 1.000000000 0.000000000 0.000000000 0.000000000 0.000000000 1.000000000 0.000000000
0.999978900 0.000356236 -0.006483169 -0.008000228 -0.000353460 0.999999821 0.000429214 -0.002480439 0.006483321 -0.000426913 0.999978900 0.092252955
0.999907374 0.000962830 -0.013578094 -0.016465317 -0.000960490 0.999999523 0.000178835 -0.002040611 0.013578259 -0.000165777 0.999907792 0.188544810
0.999772549 0.001380414 -0.021282908 -0.026098276 -0.001392714 0.999998868 -0.000563136 -0.002118601 0.021282107 0.000592649 0.999773324 0.285389125
0.999541819 0.001721361 -0.030219058 -0.043005168 -0.001781861 0.999996483 -0.001975243 -0.001971190 0.030215550 0.002028184 0.999541342 0.390567929
0.999125302 0.001923894 -0.041771661 -0.058992431 -0.002069069 0.999991953 -0.003432482 -0.004871289 0.041764725 0.003515908 0.999121308 0.501167119
0.998479605 0.001741860 -0.055094421 -0.084377460 -0.001967971 0.999989867 -0.004050076 -0.007822992 0.055086806 0.004152343 0.998472929 0.626058102
0.997427523 0.001819077 -0.071659178 -0.108559698 -0.002141633 0.999987900 -0.004424686 -0.004280937 0.071650259 0.004566771 0.997419357 0.761466205
0.995905101 0.000205624 -0.090404592 -0.134647459 -0.000585629 0.999991119 -0.004176869 -0.009287111 0.090402924 0.004212708 0.995896339 0.917147398
0.993913233 -0.000746373 -0.110163167 -0.176199690 0.000266436 0.999990404 -0.004371258 -0.012594094 0.110165372 0.004315300 0.993903875 1.075305223
0.991246879 -0.000812024 -0.132018983 -0.219827354 0.000166838 0.999988019 -0.004898055 -0.010982702 0.132021353 0.004833157 0.991235018 1.224055767
0.987722814 0.002770181 -0.156191990 -0.274317801 -0.003788668 0.999973416 -0.006223411 -0.015383227 0.156170607 0.006738765 0.987707078 1.394026041
0.983348608 0.007161549 -0.181588054 -0.341308415 -0.008688698 0.999933302 -0.007615848 -0.022087824 0.181521401 0.009066797 0.983345211 1.568248391
0.977958202 0.010076399 -0.208557352 -0.414123148 -0.012170282 0.999887586 -0.008759032 -0.024800263 0.208445624 0.011104168 0.977970898 1.749379992
0.971271217 0.010785139 -0.237730443 -0.493067443 -0.013310391 0.999870837 -0.009019690 -0.026402310 0.237602443 0.011924851 0.971289277 1.934707165
0.963205934 0.012520081 -0.268472373 -0.581344128 -0.015376613 0.999845326 -0.008539796 -0.030061539 0.268323958 0.012353778 0.963249505 2.130096674
0.953768551 0.014649598 -0.300184757 -0.675656319 -0.017691024 0.999816000 -0.007416236 -0.033788513 0.300020874 0.012383947 0.953852236 2.314182997
0.942491889 0.016462062 -0.333823144 -0.776101351 -0.019715430 0.999785483 -0.006359981 -0.033688679 0.333646834 0.012575701 0.942614138 2.505213737
0.929942071 0.018639334 -0.367233247 -0.878022432 -0.022273224 0.999735892 -0.005659627 -0.039050184 0.367030770 0.013442595 0.930111647 2.682429075
0.916091681 0.021405198 -0.400397182 -0.999385238 -0.025567658 0.999660254 -0.005055955 -0.038760930 0.400152951 0.014868936 0.916327715 2.862481356
0.900047719 0.022251764 -0.435222983 -1.116925478 -0.026813870 0.999630988 -0.004343077 -0.040611982 0.434965730 0.015578988 0.900312185 3.038727283
0.881659389 0.018104324 -0.471538842 -1.240407944 -0.023048263 0.999723315 -0.004710975 -0.044459008 0.471323073 0.015021631 0.881832659 3.214525223
0.860443652 0.013609915 -0.509363830 -1.371857285 -0.018702321 0.999813139 -0.004878476 -0.050548777 0.509202242 0.013723939 0.860537469 3.382813454
0.835373104 0.015102014 -0.549475908 -1.532438993 -0.019249413 0.999813139 -0.001785791 -0.052930828 0.549346268 0.012068890 0.835507631 3.563642025
0.806213617 0.020897156 -0.591255426 -1.708196640 -0.024031872 0.999707937 0.002564427 -0.061960310 0.591136336 0.012141501 0.806480289 3.725726366
0.773733139 0.023985676 -0.633057475 -1.911077976 -0.027415043 0.999614596 0.004366915 -0.063917436 0.632918239 0.013976471 0.774092495 3.899238586
0.737768292 0.023162689 -0.674656391 -2.121141434 -0.026520595 0.999634147 0.005318496 -0.067217745 0.674532831 0.013968471 0.738112748 4.065816402
0.697693765 0.018708054 -0.716151774 -2.339314938 -0.020438861 0.999771833 0.006204997 -0.063742906 0.716104507 0.010308138 0.697916985 4.234808922
0.654853463 0.015026623 -0.755606532 -2.577745914 -0.015095186 0.999862909 0.006801726 -0.061749574 0.755605042 0.006951889 0.654990435 4.396595478
0.610632956 0.014313678 -0.791784406 -2.837087631 -0.012051255 0.999888837 0.008781677 -0.061307788 0.791822016 0.004179613 0.610737562 4.536400318
0.562151551 0.014930157 -0.826899409 -3.116084337 -0.009583541 0.999887526 0.011538371 -0.058435366 0.826978743 0.001438310 0.562231421 4.678688526
0.511246324 0.015675776 -0.859291315 -3.411310673 -0.007863334 0.999877095 0.013562047 -0.055436730 0.859398246 -0.000176651 0.511306703 4.800207138
0.458679289 0.016901124 -0.888441145 -3.713450432 -0.007334275 0.999857008 0.015234132 -0.046802029 0.888571620 -0.000471510 0.458737671 4.900241852
0.403923452 0.019118844 -0.914592981 -4.047253609 -0.005839604 0.999815047 0.018321322 -0.045539297 0.914774239 -0.002059550 0.403960347 4.998671532
0.348344445 0.020985536 -0.937131643 -4.400554180 -0.005529455 0.999778032 0.020333026 -0.037520930 0.937350333 -0.001901068 0.348383099 5.084021568
0.292914987 0.024170950 -0.955832958 -4.778603554 -0.002973863 0.999698639 0.024368878 -0.032070354 0.956133902 -0.004295493 0.292898595 5.157307148
0.239316106 0.025986316 -0.970593870 -5.127121449 0.001557313 0.999630213 0.027147701 -0.035026044 0.970940471 -0.008008401 0.239187151 5.214886665
0.188531443 0.026349636 -0.981713593 -5.515234470 0.003620047 0.999614537 0.027525309 -0.028622717 0.982060492 -0.008743236 0.188363388 5.247817516
0.140867606 0.027482882 -0.989646852 -5.928555012 0.001055419 0.999609888 0.027909789 -0.022233129 0.990027905 -0.004976078 0.140783653 5.268280506
0.098390505 0.027848296 -0.994758129 -6.352213383 -0.000636682 0.999609888 0.027921148 -0.011451587 0.995147705 -0.002113830 0.098369837 5.268256664
0.060465921 0.026259352 -0.997824788 -6.793225288 -0.000503051 0.999654710 0.026277017 -0.004912019 0.998170137 -0.001086908 0.060458254 5.268280506
0.026102070 0.023421358 -0.999384880 -7.253409863 -0.000026817 0.999725521 0.023428639 0.004719302 0.999659240 -0.000584736 0.026095532 5.252052307
-0.005021729 0.020741608 -0.999772191 -7.726356030 -0.000058263 0.999784768 0.020742163 0.009965360 0.999987304 0.000162411 -0.005019438 5.220523834
-0.032038942 0.019107951 -0.999303877 -8.220231056 0.000548847 0.999817550 0.019100172 0.013598725 0.999486446 0.000063484 -0.032043576 5.191586971
-0.052733950 0.016646635 -0.998469830 -8.731595039 -0.000014397 0.999861002 0.016670592 0.024254411 0.998608589 0.000893481 -0.052726381 5.144830227
-0.068910152 0.015670383 -0.997499764 -9.248635292 -0.000144061 0.999876499 0.015717674 0.036134019 0.997622907 0.001226808 -0.068899378 5.091638565
-0.082050689 0.016142150 -0.996497571 -9.788165092 0.000898738 0.999869585 0.016122779 0.042056724 0.996627748 0.000427295 -0.082054503 5.040343761
-0.091552414 0.017354043 -0.995649099 -10.339578629 0.000748282 0.999849081 0.017358445 0.047945812 0.995800018 0.000844180 -0.091551572 4.978791714
-0.098470479 0.018771602 -0.994962931 -10.911052704 -0.001841744 0.999816895 0.019045457 0.044761226 0.995138288 0.003707882 -0.098417886 4.913794518
-0.102895856 0.019737378 -0.994496286 -11.512845039 -0.001506001 0.999798834 0.019998437 0.052151710 0.994691014 0.003555468 -0.102845453 4.844010353
-0.104287997 0.020311080 -0.994339764 -12.119915962 0.000254714 0.999792039 0.020395735 0.063981295 0.994547069 0.001873758 -0.104271479 4.777777195
-0.103081621 0.022577260 -0.994416595 -12.735158920 0.002242947 0.999745131 0.022465732 0.070981205 0.994670331 0.000085380 -0.103105977 4.711884022
-0.101530179 0.025146339 -0.994514525 -13.373878479 0.001842026 0.999683440 0.025088983 0.074203253 0.994830787 0.000715367 -0.101544373 4.643744469
-0.099840850 0.024969544 -0.994690001 -14.029635429 -0.000066635 0.999684930 0.025101611 0.082480192 0.995003402 0.002572448 -0.099807732 4.572324276
-0.098276876 0.022588201 -0.994902730 -14.696540833 -0.001769758 0.999736786 0.022872772 0.090995535 0.995157480 0.004008601 -0.098211050 4.504760265
-0.097117282 0.022339094 -0.995022118 -15.378497124 -0.001732427 0.999742746 0.022614162 0.106352493 0.995271385 0.003920029 -0.097053595 4.437256336
-0.095285766 0.025047634 -0.995134711 -16.086521149 -0.001902738 0.999676943 0.025344152 0.116622597 0.995448112 0.004308417 -0.095207311 4.364767075
-0.093457580 0.028684301 -0.995209992 -16.790832520 -0.003288796 0.999570549 0.029118825 0.121887565 0.995617807 0.005994417 -0.093323089 4.299037933
-0.091856003 0.030697275 -0.995299041 -17.521869659 -0.003469200 0.999508679 0.031147284 0.133184135 0.995766222 0.006313955 -0.091704376 4.228593349
-0.089812703 0.030142942 -0.995502472 -18.265771866 -0.005625369 0.999510527 0.030771818 0.144900382 0.995942831 0.008363768 -0.089599170 4.150476933
-0.088260345 0.026603281 -0.995742142 -19.016593933 -0.008241086 0.999589562 0.027436543 0.164485782 0.996063292 0.010627555 -0.088004880 4.076074123
-0.086547479 0.026146866 -0.995904565 -19.802686691 -0.008513072 0.999599636 0.026983690 0.180740088 0.996211350 0.010813579 -0.086290240 4.003475666
-0.085263692 0.028673448 -0.995945752 -20.574512482 -0.006347072 0.999549866 0.029320592 0.191865295 0.996338189 0.008821322 -0.085043311 3.946000338
-0.084043965 0.030655866 -0.995990396 -21.363811493 -0.004568073 0.999504328 0.031149486 0.207052350 0.996451497 0.007167684 -0.083862260 3.877676487
-0.082618028 0.032548983 -0.996049643 -22.164230347 -0.003411655 0.999451518 0.032943126 0.218000084 0.996575415 0.006119874 -0.082461663 3.807186604
-0.082121901 0.028212486 -0.996222913 -22.969289780 -0.003409354 0.999585450 0.028588755 0.225896716 0.996616364 0.005744239 -0.081991673 3.736453533
-0.081889167 0.020945417 -0.996421337 -23.759826660 -0.002128288 0.999773264 0.021190783 0.238536358 0.996639192 0.003855967 -0.081826024 3.673956394
-0.082068093 0.016637109 -0.996487796 -24.598382950 0.001650083 0.999861538 0.016557539 0.246580154 0.996625304 -0.000285442 -0.082084186 3.606012821
-0.082515858 0.017123241 -0.996442616 -25.428516388 0.002854279 0.999852359 0.016945472 0.260542750 0.996585608 -0.001445855 -0.082552552 3.537174702
-0.082355581 0.024911745 -0.996291697 -26.263570786 0.002190807 0.999689579 0.024815619 0.262138546 0.996600568 -0.000138978 -0.082384616 3.455788851
-0.083007246 0.031953171 -0.996036530 -27.121850967 0.000204995 0.999486327 0.032046761 0.272712946 0.996548951 0.002455931 -0.082971171 3.385717630
-0.083447851 0.037344214 -0.995812178 -27.954336166 -0.001136278 0.999293268 0.037569977 0.284470379 0.996511519 0.004266655 -0.083346456 3.308786631
-0.083972327 0.037661888 -0.995756090 -28.799837112 -0.002851986 0.999272287 0.038035385 0.296867073 0.996464014 0.006033803 -0.083803810 3.232337713
-0.083936892 0.034026328 -0.995890021 -29.637578964 -0.003053108 0.999403298 0.034403704 0.314442515 0.996466398 0.005928299 -0.083782926 3.149311543
-0.083875448 0.031299803 -0.995984674 -30.480442047 -0.003322506 0.999492228 0.031689841 0.331280708 0.996470690 0.005967164 -0.083728880 3.062597990
-0.084419429 0.032705057 -0.995893419 -31.310768127 -0.004215822 0.999440551 0.033178899 0.345923841 0.996421397 0.006999454 -0.084234335 2.992217064
-0.084557973 0.034814261 -0.995810151 -32.151504517 -0.005327233 0.999359369 0.035390694 0.357864201 0.996404350 0.008297479 -0.084318347 2.920296669
-0.084249027 0.033567395 -0.995879173 -32.979080200 -0.005948972 0.999397695 0.034189265 0.365906119 0.996427000 0.008804872 -0.083998606 2.842051506
-0.084017850 0.028448898 -0.996058106 -33.801548004 -0.006452500 0.999555886 0.029093076 0.378606856 0.996443450 0.008871404 -0.083796978 2.772019625
-0.083669275 0.023957569 -0.996205509 -34.635917664 -0.008311534 0.999659359 0.024738697 0.391935170 0.996458948 0.010349864 -0.083441637 2.689893723
-0.083045930 0.024967985 -0.996232867 -35.464633942 -0.008083823 0.999636233 0.025727145 0.397082508 0.996512949 0.010189905 -0.082813881 2.619462252
-0.082404785 0.027457599 -0.996220648 -36.292282104 -0.006801095 0.999581516 0.028112803 0.404424727 0.996575773 0.009092022 -0.082183570 2.548299074
-0.081859179 0.032543827 -0.996112347 -37.132484436 -0.006506236 0.999427974 0.033186819 0.414229453 0.996622682 0.009197588 -0.081600621 2.472931623
-0.081215404 0.037997510 -0.995971978 -37.984874725 -0.005901976 0.999237180 0.038603347 0.432658315 0.996679127 0.009013389 -0.080929182 2.398664474
-0.081468381 0.040908691 -0.995836079 -38.830276489 -0.006192236 0.999117196 0.041550063 0.453087330 0.996656716 0.009551467 -0.081143156 2.321997166
-0.080872573 0.040960845 -0.995882452 -39.655036926 -0.005843953 0.999118507 0.041568518 0.470819116 0.996707380 0.009181644 -0.080561906 2.250470161
-0.081043728 0.036535628 -0.996040702 -40.481903076 -0.005541843 0.999295950 0.037105951 0.490769625 0.996695101 0.008527107 -0.080784202 2.183696747
-0.080709256 0.032235492 -0.996216238 -41.315864563 -0.007101265 0.999432862 0.032914892 0.502325773 0.996712327 0.009730931 -0.080434591 2.111957312
-0.080417536 0.029327083 -0.996329665 -42.137779236 -0.011298393 0.999476016 0.030331630 0.517644286 0.996697187 0.013696120 -0.080044046 2.029364824
-0.081002578 0.027545111 -0.996333301 -42.966712952 -0.014611678 0.999477804 0.028819989 0.529010653 0.996606827 0.016892593 -0.080557808 1.953978300
-0.081509151 0.025367592 -0.996349752 -43.774005890 -0.012332047 0.999573767 0.026458535 0.541648209 0.996596336 0.014443644 -0.081161581 1.878887177
-0.082626574 0.021886032 -0.996340215 -44.589992523 -0.008471441 0.999707341 0.022662532 0.546400070 0.996544540 0.010312963 -0.082416989 1.813148975
-0.083485730 0.020800874 -0.996291816 -45.426631927 -0.004706983 0.999762714 0.021267762 0.547380090 0.996497869 0.006465084 -0.083368011 1.747534990
-0.085507073 0.024518585 -0.996035933 -46.248050690 -0.004444193 0.999677837 0.024989758 0.551518977 0.996327698 0.006563376 -0.085370563 1.675608873
-0.086983152 0.030288434 -0.995749235 -47.062126160 -0.001984745 0.999530435 0.030576825 0.563812613 0.996207893 0.004635976 -0.086882189 1.598394871
-0.088818602 0.034629449 -0.995445728 -47.871936798 -0.000379401 0.999394178 0.034800667 0.565234542 0.996047795 0.003468618 -0.088751659 1.522655010
-0.089990683 0.033139601 -0.995391130 -48.678298950 -0.001251345 0.999441683 0.033387586 0.574976444 0.995941937 0.004250149 -0.089898981 1.439800739
-0.091333322 0.029802158 -0.995374322 -49.465667725 -0.003809583 0.999534309 0.030276267 0.579596102 0.995813072 0.006557193 -0.091177255 1.368273258
-0.092606239 0.025819810 -0.995368063 -50.259624481 -0.008506964 0.999606729 0.026721234 0.593573034 0.995666444 0.010942112 -0.092350177 1.281780243
-0.094024763 0.024653437 -0.995264530 -51.052383423 -0.012548762 0.999584436 0.025945958 0.599989116 0.995490789 0.014928902 -0.093676329 1.193251133
-0.095163845 0.025788272 -0.995127439 -51.846176147 -0.014108296 0.999529004 0.027251508 0.604046941 0.995361626 0.016632915 -0.094755203 1.109151840
-0.095893428 0.027349595 -0.995015740 -52.635513306 -0.014393142 0.999479830 0.028859416 0.609826684 0.995287538 0.017088832 -0.095449910 1.029456139
-0.096892782 0.026563425 -0.994940281 -53.419033051 -0.016148798 0.999470234 0.028257024 0.619055450 0.995163798 0.018804990 -0.096412487 0.947106361
-0.097402684 0.026641123 -0.994888544 -54.202064514 -0.016733363 0.999456525 0.028401697 0.624986947 0.995104373 0.019414235 -0.096903950 0.860750198
-0.098060586 0.028529184 -0.994771421 -54.976959229 -0.014905913 0.999434710 0.030132290 0.634360075 0.995068789 0.017782765 -0.097579911 0.783020496
-0.098053254 0.031346153 -0.994687378 -55.760055542 -0.014545863 0.999351919 0.032927036 0.644500017 0.995074809 0.017697187 -0.097533755 0.698815823
-0.098196961 0.035682674 -0.994527042 -56.530208588 -0.015028183 0.999189854 0.037333816 0.655379415 0.995053530 0.018612005 -0.097581156 0.619351387
-0.098841660 0.037925873 -0.994380176 -57.295616150 -0.014648605 0.999109745 0.039562333 0.661921382 0.994995356 0.018476686 -0.098198101 0.539480686
-0.099512778 0.037805036 -0.994317830 -58.043811798 -0.014431505 0.999118090 0.039431874 0.676247120 0.994931638 0.018273477 -0.098879434 0.463807106
-0.099855259 0.035808224 -0.994357407 -58.796936035 -0.013140340 0.999217629 0.037302822 0.688641071 0.994915187 0.016791077 -0.099306598 0.384843349
-0.100116096 0.032395970 -0.994448304 -59.529266357 -0.013031316 0.999341369 0.033867303 0.696544647 0.994890392 0.016349629 -0.099627987 0.308903217
-0.099654876 0.029319121 -0.994589984 -60.250911713 -0.013507275 0.999433875 0.030815300 0.709101915 0.994930327 0.016505094 -0.099202454 0.228246689
-0.098227292 0.026965311 -0.994798601 -60.957267761 -0.014180752 0.999493420 0.028492782 0.718381643 0.995062888 0.016905759 -0.097795144 0.148967266
-0.096309394 0.026373463 -0.995001912 -61.660514832 -0.016150575 0.999475896 0.028055314 0.721157908 0.995220423 0.018771840 -0.095832974 0.085626602
-0.091902241 0.027398041 -0.995390952 -62.344257355 -0.016700432 0.999438405 0.029051356 0.725256801 0.995628059 0.019293346 -0.091393061 0.012916088
-0.086235642 0.029141128 -0.995848477 -63.009132385 -0.015940474 0.999403775 0.030625533 0.729800820 0.996147215 0.018515309 -0.085719690 -0.042576790
-0.079048224 0.030277677 -0.996410847 -63.658687592 -0.015714506 0.999376595 0.031614479 0.737541080 0.996746957 0.018157171 -0.078523152 -0.090631485
-0.070329361 0.031826757 -0.997015893 -64.295913696 -0.016295232 0.999320924 0.033049792 0.740773082 0.997390747 0.018570976 -0.069762945 -0.134843826
-0.058283247 0.033281945 -0.997745156 -64.910598755 -0.018501518 0.999236465 0.034412447 0.752361894 0.998128653 0.020465473 -0.057622977 -0.176750422
-0.043263264 0.034705456 -0.998460710 -65.524002075 -0.021918928 0.999122858 0.035678219 0.760316968 0.998823225 0.023428746 -0.042464606 -0.205548763
-0.024535645 0.035775468 -0.999058604 -66.109649658 -0.023232782 0.999069154 0.036346421 0.772597551 0.999428988 0.024102695 -0.023681637 -0.222079635
-0.002691839 0.037073988 -0.999308884 -66.672637939 -0.024186252 0.999017775 0.037128340 0.773706913 0.999703825 0.024269482 -0.001792509 -0.207776666
0.023085743 0.037650265 -0.999024332 -67.215217590 -0.023561077 0.999033511 0.037106164 0.777456522 0.999455810 0.022681465 0.023950517 -0.184829116
0.052237067 0.036671240 -0.997961164 -67.736442566 -0.022175211 0.999121666 0.035553150 0.790318608 0.998388529 0.020272810 0.053004380 -0.137098074
0.086553410 0.036874805 -0.995564580 -68.246864319 -0.021457722 0.999151945 0.035142161 0.796616435 0.996016085 0.018320875 0.087271258 -0.070958614
0.123609826 0.037272878 -0.991630673 -68.661590576 -0.020780379 0.999172449 0.034966022 0.797652602 0.992113233 0.016284319 0.124282099 0.008505821
0.164821252 0.037122786 -0.985624671 -69.127716064 -0.020533739 0.999204040 0.034200482 0.801930904 0.986109674 0.014601590 0.165452331 0.109019279
0.210010573 0.037906326 -0.976963997 -69.570098877 -0.019632813 0.999210119 0.034549154 0.808503270 0.977501929 0.011924863 0.210588872 0.226917267
0.258808583 0.036653418 -0.965233028 -69.997001648 -0.016310643 0.999303162 0.033573795 0.807889104 0.965790868 0.007054389 0.259226024 0.367086411
0.308640122 0.031843949 -0.950645685 -70.395423889 -0.008970799 0.999492407 0.030567676 0.806233168 0.951136589 -0.000906359 0.308769107 0.541322708
0.359931678 0.026767727 -0.932594597 -70.791755676 -0.003818209 0.999622166 0.027217954 0.806031168 0.932970881 -0.006235764 0.359897882 0.739395142
0.411866248 0.021984736 -0.910979033 -71.168388367 0.001348021 0.999693155 0.024735134 0.808613062 0.911243260 -0.011415588 0.411710173 0.957439423
0.462662399 0.021773990 -0.886267126 -71.535865784 0.000415407 0.999692798 0.024777517 0.817429423 0.886534452 -0.011831785 0.462511331 1.189954758
0.511240900 0.020466967 -0.859193742 -71.908248901 0.001658384 0.999691069 0.024800550 0.826923788 0.859435916 -0.014103928 0.511048973 1.446063995
0.556352615 0.015776880 -0.830796540 -72.256164551 0.009752142 0.999626935 0.025513615 0.835187078 0.830889106 -0.022296613 0.555991173 1.731693268
0.599630594 0.009162926 -0.800224602 -72.577575684 0.020495649 0.999430716 0.026801888 0.837327600 0.800014496 -0.032472350 0.599101365 2.045848846
0.641885161 0.003979859 -0.766790509 -72.889694214 0.021661272 0.999493361 0.023320438 0.843042374 0.766494870 -0.031578701 0.641473532 2.361022949
0.683506548 0.000925438 -0.729943752 -73.161590576 0.017580375 0.999688268 0.017729383 0.826774001 0.729732573 -0.024950836 0.683277249 2.654556274
0.724193633 -0.006350276 -0.689567447 -73.446136475 0.014498292 0.999876857 0.006018377 0.835365176 0.689444363 -0.014356021 0.724196434 2.994991302
0.763407171 -0.008888815 -0.645856380 -73.718582153 0.009714747 0.999950171 -0.002279243 0.838571370 0.645844460 -0.004534344 0.763455510 3.364650726
0.800410986 -0.009780400 -0.599371791 -73.983322144 0.007884636 0.999952137 -0.005787697 0.841891229 0.599399805 -0.000093292 0.800449848 3.766136169
0.834553897 -0.009690338 -0.550841033 -74.213882446 0.007334295 0.999952078 -0.006479200 0.822785139 0.550877452 0.001367211 0.834585011 4.175407410
0.865193605 -0.008488527 -0.501366079 -74.437568665 0.004542069 0.999948442 -0.009091800 0.820448935 0.501417339 0.005588930 0.865187526 4.623476028
0.891167045 -0.007174351 -0.453618288 -74.648254395 0.004126243 0.999961853 -0.007708912 0.808098674 0.453656346 0.004998188 0.891162634 5.099178314
0.912243605 -0.001503050 -0.409645379 -74.839591980 -0.001329096 0.999977112 -0.006628840 0.797975421 0.409646034 0.006591574 0.912220716 5.593023300
0.929992557 0.003799168 -0.367558777 -75.038330078 -0.007377863 0.999938071 -0.008331795 0.788862109 0.367504358 0.010460305 0.929962993 6.097852707
0.943510830 0.008635337 -0.331229031 -75.211029053 -0.011656933 0.999906540 -0.007136794 0.785245657 0.331136465 0.010594756 0.943523407 6.636348724
0.953577340 0.009202471 -0.301007748 -75.374465942 -0.011272347 0.999923170 -0.005140365 0.772013783 0.300937295 0.008294797 0.953607976 7.197412491
0.960826635 0.008772979 -0.277011305 -75.518356323 -0.010217493 0.999940693 -0.003771623 0.760955751 0.276961803 0.006454236 0.960859358 7.771255493
0.966853738 0.009070571 -0.255169719 -75.691169739 -0.009993799 0.999947369 -0.002321778 0.763183773 0.255135238 0.004794934 0.966893494 8.379644394
0.971475065 0.011304453 -0.236872151 -75.835739136 -0.011583622 0.999932826 0.000213165 0.756993294 0.236858651 0.002536754 0.971540809 8.994228363
0.975058615 0.016338624 -0.221345544 -75.983230591 -0.016379431 0.999864459 0.001651297 0.752080917 0.221342534 0.002015403 0.975194097 9.625723839
0.977912843 0.019942477 -0.208059579 -76.118278503 -0.019715309 0.999800622 0.003165661 0.742463291 0.208081260 0.001006220 0.978111088 10.267662048
0.980628610 0.018356824 -0.195014447 -76.243713379 -0.018152954 0.999831200 0.002832707 0.737714171 0.195033491 0.000762255 0.980796337 10.925920486
0.983278394 0.018778155 -0.181137979 -76.382583618 -0.018642796 0.999823213 0.002449935 0.730908692 0.181151956 0.000967951 0.983454645 11.632358551
0.985833108 0.019280737 -0.166616708 -76.495437622 -0.019031093 0.999814093 0.003094940 0.727532685 0.166645437 0.000119804 0.986016870 12.331616402
0.988072634 0.020833582 -0.152572259 -76.606872559 -0.020570315 0.999782920 0.003303954 0.725139081 0.152607977 -0.000126087 0.988286912 13.045010567
0.989976883 0.021588560 -0.139568657 -76.713127136 -0.021668153 0.999764800 0.000949407 0.707903922 0.139556319 0.002084305 0.990211964 13.765387535
0.991410613 0.021891532 -0.128940329 -76.801033020 -0.022624280 0.999735177 -0.004220711 0.694612503 0.128813758 0.007101639 0.991643488 14.504348755
0.992611706 0.020627804 -0.119568050 -76.885704041 -0.022060011 0.999699771 -0.010666885 0.682510257 0.119312115 0.013225748 0.992768705 15.254041672
0.993566036 0.020394513 -0.111403160 -76.968963623 -0.021759570 0.999702156 -0.011051126 0.676421940 0.111144587 0.013404110 0.993713856 16.014381409
0.994256079 0.022222720 -0.104694873 -77.050949097 -0.022841491 0.999727964 -0.004714834 0.659584880 0.104561619 0.007079139 0.994493246 16.779922485
0.994694769 0.026873397 -0.099298745 -77.145133972 -0.026666448 0.999638617 0.003410996 0.643739581 0.099354520 -0.000744954 0.995051801 17.564420700
0.995113492 0.027238546 -0.094906345 -77.227005005 -0.026664069 0.999617755 0.007316173 0.633640528 0.095069349 -0.004749832 0.995459378 18.344425201
0.995414019 0.026847215 -0.091815710 -77.297325134 -0.026384890 0.999632478 0.006245729 0.618151724 0.091949634 -0.003794539 0.995756447 19.108766556
0.995722830 0.026597839 -0.088479720 -77.370956421 -0.026231326 0.999641895 0.005302744 0.609931409 0.088589072 -0.002959124 0.996063828 19.873474121
0.996005356 0.025183577 -0.085668877 -77.436073303 -0.024619674 0.999667823 0.007632701 0.601538658 0.085832626 -0.005493072 0.996294379 20.643625259
0.996271312 0.022775464 -0.083214931 -77.508895874 -0.022038616 0.999709487 0.009762745 0.597916305 0.083413094 -0.007892400 0.996483862 21.427389145
0.996554971 0.020501142 -0.080362238 -77.568374634 -0.019623173 0.999738932 0.011699790 0.587697268 0.080581121 -0.010082519 0.996697187 22.188940048
0.996800900 0.019883718 -0.077410296 -77.631065369 -0.019329114 0.999781907 0.007907214 0.580481172 0.077550627 -0.006385645 0.996967971 22.946828842
0.996843994 0.022943968 -0.075997226 -77.689285278 -0.022931181 0.999736547 0.001040957 0.565301597 0.076001093 0.000705035 0.997107506 23.693927765
0.996960819 0.024043264 -0.074101932 -77.754325867 -0.024601338 0.999675393 -0.006627464 0.551794529 0.073918514 0.008430329 0.997228622 24.443500519
0.997025549 0.025088258 -0.072874211 -77.812286377 -0.025930943 0.999607027 -0.010640390 0.534635305 0.072578639 0.012498437 0.997284293 25.193672180
0.997151196 0.026463939 -0.070634976 -77.872711182 -0.027192283 0.999586344 -0.009369686 0.520489156 0.070357792 0.011263719 0.997458220 25.951608658
0.997226119 0.030045327 -0.068098672 -77.940078735 -0.030463353 0.999522805 -0.005108191 0.496430278 0.067912690 0.007168535 0.997665465 26.722187042
0.997292876 0.032835521 -0.065794908 -77.995262146 -0.032894798 0.999458730 0.000182478 0.479541510 0.065765306 0.001982327 0.997833073 27.462129593
0.997534394 0.030590022 -0.063161589 -78.047050476 -0.030535275 0.999532044 0.001832081 0.468636215 0.063188061 0.000101093 0.998001635 28.222473145
0.997695088 0.027818818 -0.061889846 -78.098999023 -0.027756155 0.999612868 0.001872048 0.453960419 0.061917961 -0.000149909 0.998081207 28.985507965
0.997817695 0.025840776 -0.060763244 -78.145660400 -0.025770817 0.999665976 0.001934826 0.438625127 0.060792938 -0.000364685 0.998150349 29.737640381
0.997868598 0.025932100 -0.059880927 -78.191299438 -0.025963226 0.999662876 0.000258295 0.424415022 0.059867427 0.001296957 0.998205602 30.478790283
0.997972131 0.023717610 -0.059069451 -78.237022400 -0.023824673 0.999715507 -0.001108780 0.414993048 0.059026357 0.002513841 0.998253286 31.235633850
0.998036504 0.022414967 -0.058488380 -78.283401489 -0.022513159 0.999745965 -0.001020251 0.403029144 0.058450662 0.002335006 0.998287559 31.996017456
0.997999072 0.026517862 -0.057399120 -78.343620300 -0.026573895 0.999646783 -0.000212940 0.392673403 0.057373203 0.001737832 0.998351336 32.776512146
0.998004436 0.025878398 -0.057597216 -78.384307861 -0.025970466 0.999662340 -0.000850377 0.381190687 0.057555754 0.002344507 0.998339534 33.538436890
0.997910738 0.025323508 -0.059437934 -78.429428101 -0.025413407 0.999676704 -0.000756842 0.367442012 0.059399556 0.002265781 0.998231769 34.312931061
0.997873902 0.023115415 -0.060937326 -78.488052368 -0.023174055 0.999731362 -0.000255528 0.355885595 0.060915053 0.001667150 0.998141527 35.102043152
0.997635245 0.024646476 -0.064159840 -78.549644470 -0.024722470 0.999694288 -0.000390632 0.345902503 0.064130597 0.001975898 0.997939527 35.905368805
0.997344792 0.028728319 -0.066918269 -78.607887268 -0.028822543 0.999584377 -0.000442773 0.328740627 0.066877738 0.002370352 0.997758389 36.674308777
0.997150421 0.029068328 -0.069613099 -78.672180176 -0.029514115 0.999549866 -0.005383580 0.316146672 0.069425248 0.007422809 0.997559667 37.469047546
0.996981084 0.029437294 -0.071848243 -78.743392944 -0.030144790 0.999506891 -0.008782486 0.304662138 0.071554288 0.010921824 0.997376919 38.259910583
0.996854782 0.029512811 -0.073549584 -78.815887451 -0.030386742 0.999479949 -0.010791413 0.295972288 0.073192842 0.012992404 0.997233212 39.056541443
0.996691346 0.029801037 -0.075618327 -78.886062622 -0.030578904 0.999490440 -0.009149645 0.276261777 0.075307123 0.011431695 0.997094870 39.883209229
0.996534050 0.028274650 -0.078232944 -78.947013855 -0.029035309 0.999541342 -0.008602425 0.259863555 0.077953830 0.010844127 0.996897995 40.707569122
0.996408284 0.027838403 -0.079973064 -79.015182495 -0.028466867 0.999572158 -0.006728897 0.242894500 0.079751521 0.008981313 0.996774375 41.534233093
0.996355951 0.027286135 -0.080810294 -79.093017578 -0.027596401 0.999615490 -0.002724825 0.227041438 0.080704860 0.004944970 0.996725857 42.362201691
0.996286988 0.027159292 -0.081698284 -79.166900635 -0.027100783 0.999631047 0.001825180 0.216157898 0.081717730 0.000395685 0.996655464 43.232124329
0.996358097 0.026839795 -0.080933250 -79.239456177 -0.026606655 0.999638140 0.003957914 0.203674644 0.081010215 -0.001790137 0.996711731 44.083847046
0.996428788 0.030105621 -0.078887708 -79.314056396 -0.029887395 0.999545455 0.003945847 0.192834839 0.078970641 -0.001574008 0.996875703 44.936801910
0.996577621 0.029633997 -0.077167451 -79.385223389 -0.029500427 0.999560654 0.002870532 0.184384331 0.077218615 -0.000584235 0.997013986 45.801052094
0.996758163 0.027298188 -0.075682409 -79.449882507 -0.027337221 0.999626160 0.000520364 0.172731787 0.075668328 0.001550270 0.997131824 46.660881042
0.996959448 0.023182087 -0.074393436 -79.507629395 -0.023327446 0.999727249 -0.001085480 0.159988105 0.074347995 0.002817589 0.997228384 47.532054901
0.997150302 0.022027206 -0.072152391 -79.578742981 -0.022181505 0.999753058 -0.001337864 0.149130106 0.072105102 0.002934500 0.997392833 48.405387878
0.997263551 0.019694321 -0.071256869 -79.641662598 -0.019646578 0.999806046 0.001370893 0.133944273 0.071270049 0.000032813 0.997457087 49.280517578
0.997389436 0.017419044 -0.070078202 -79.708404541 -0.017210957 0.999845445 0.003572144 0.124629870 0.070129611 -0.002356706 0.997535110 50.157009125
0.997445166 0.016897788 -0.069409035 -79.769363403 -0.016639901 0.999852359 0.004292028 0.103379786 0.069471300 -0.003126103 0.997579098 51.032135010
0.997465968 0.018879719 -0.068594508 -79.826560974 -0.018893350 0.999821424 0.000450121 0.096596412 0.068590738 0.000846999 0.997644544 51.911582947
0.997478187 0.021340499 -0.067688443 -79.902717590 -0.021722842 0.999751925 -0.004917515 0.075735539 0.067566715 0.006375501 0.997694373 52.763984680
0.997503221 0.022937089 -0.066793047 -79.961738586 -0.023694795 0.999663234 -0.010573911 0.060271978 0.066528022 0.012130156 0.997710824 53.622650146
0.997445941 0.027779726 -0.065801442 -80.034767151 -0.028917283 0.999447286 -0.016398646 0.036831796 0.065309525 0.018259561 0.997698009 54.476577759
0.997518361 0.027999159 -0.064598352 -80.097663879 -0.029170796 0.999425292 -0.017265711 0.010274649 0.064077802 0.019107252 0.997761905 55.330680847
0.997600973 0.024737859 -0.064655408 -80.153579712 -0.025514688 0.999611557 -0.011216847 -0.014796853 0.064352810 0.012839600 0.997844696 56.187038422
0.997596025 0.024205074 -0.064932272 -80.219924927 -0.024398403 0.999699891 -0.002186050 -0.036251843 0.064859867 0.003765039 0.997887194 57.045867920
0.997545004 0.022711098 -0.066243000 -80.277122498 -0.022372428 0.999732673 0.005849989 -0.057504505 0.066358134 -0.004353610 0.997786343 57.900932312
0.997433364 0.021020886 -0.068446264 -80.339797974 -0.020805117 0.999776185 0.003863752 -0.072561115 0.068512142 -0.002429802 0.997647285 58.739734650
0.997397542 0.015820406 -0.070340857 -80.403907776 -0.015840227 0.999874532 0.000276050 -0.084308840 0.070336379 0.000838884 0.997522950 59.581050873
0.997213423 0.014527385 -0.073172219 -80.463500977 -0.014669286 0.999891341 -0.001402242 -0.099196129 0.073143899 0.002471719 0.997318268 60.408699036
0.996981084 0.016506970 -0.075868949 -80.533020020 -0.016832665 0.999851584 -0.003655401 -0.117136449 0.075797349 0.004921442 0.997111082 61.230285645
0.996712446 0.018063564 -0.078980863 -80.610565186 -0.018674023 0.999801040 -0.006997367 -0.138664663 0.078838773 0.008449253 0.996851444 62.043170929
0.996368170 0.018872689 -0.083030976 -80.687667847 -0.019796245 0.999750793 -0.010313768 -0.156035423 0.082815632 0.011920013 0.996493578 62.859115601
0.996075273 0.020816697 -0.086027011 -80.763984680 -0.022090871 0.999659538 -0.013885891 -0.183620334 0.085708670 0.015731804 0.996195972 63.665565491
0.995677233 0.025752718 -0.089239545 -80.858657837 -0.027149962 0.999526501 -0.014478713 -0.203496218 0.088824436 0.016838973 0.995904863 64.472625732
0.995257497 0.029396456 -0.092727020 -80.944236755 -0.030683503 0.999451220 -0.012484696 -0.225421011 0.092309125 0.015270680 0.995613277 65.277069092
0.994826913 0.032264818 -0.096324690 -81.036819458 -0.033041496 0.999432981 -0.006478525 -0.247019529 0.096061043 0.009627725 0.995328844 66.077888489
0.994387686 0.032707412 -0.100615308 -81.124191284 -0.032943495 0.999457002 -0.000685300 -0.267682612 0.100538261 0.003996078 0.994925141 66.892227173
0.993889987 0.032317914 -0.105537869 -81.211082458 -0.032213032 0.999477386 0.002698675 -0.282254457 0.105569936 0.000717508 0.994411588 67.684242249
0.993189991 0.031874672 -0.112059951 -81.305496216 -0.031657219 0.999491870 0.003719748 -0.292644083 0.112121575 -0.000146911 0.993694544 68.474159241
0.992653191 0.029363107 -0.117376715 -81.406494141 -0.028672883 0.999560177 0.007565037 -0.304215848 0.117547229 -0.004143929 0.993058741 69.253768921
0.991772830 0.030771388 -0.124257006 -81.503662109 -0.030143838 0.999521554 0.006927736 -0.312106967 0.124410711 -0.003125157 0.992225885 70.035667419
0.990853369 0.035478946 -0.130195051 -81.618713379 -0.034970239 0.999369144 0.006192110 -0.322133422 0.130332604 -0.001582522 0.991468966 70.807167053
0.990048766 0.037608650 -0.135605454 -81.743194580 -0.037588093 0.999289632 0.002712925 -0.332733691 0.135611147 0.002411222 0.990759254 71.567192078
0.989173949 0.036720816 -0.142079026 -81.854080200 -0.037138000 0.999310076 -0.000284779 -0.340308905 0.141970590 0.005558227 0.989855289 72.323783875
0.988338232 0.037900437 -0.147482961 -81.976074219 -0.038493264 0.999258220 -0.001166528 -0.355443835 0.147329375 0.006830025 0.989063919 73.087020874
0.987569332 0.039867338 -0.152044475 -82.102973938 -0.039736420 0.999202549 0.003900706 -0.361832291 0.152078748 0.002189485 0.988366008 73.855201721
0.986634612 0.040587928 -0.157812342 -82.237625122 -0.039849196 0.999174893 0.007843762 -0.369679451 0.158000529 -0.001450230 0.987437963 74.624443054
0.985642135 0.040227629 -0.163985625 -82.370094299 -0.039052580 0.999183118 0.010384450 -0.387125254 0.164269418 -0.003831290 0.986408114 75.381675720
0.984548628 0.037824027 -0.170977861 -82.508682251 -0.037222315 0.999284387 0.006724752 -0.394606948 0.171109855 -0.000256653 0.985251904 76.130569458
0.983089745 0.035627149 -0.179625466 -82.650917053 -0.036343358 0.999339104 -0.000696900 -0.397619218 0.179481938 0.007213308 0.983734965 76.874931335
0.981444597 0.032928925 -0.188897312 -82.799278259 -0.033982743 0.999419630 -0.002341855 -0.407729268 0.188710600 0.008717651 0.981994092 77.617614746
0.979316354 0.032676324 -0.199679375 -82.952713013 -0.033211779 0.999448001 0.000668338 -0.421560407 0.199591026 0.005977194 0.979861081 78.352630615
0.976997137 0.032674935 -0.210734531 -83.121688843 -0.031940375 0.999466002 0.006889396 -0.427759945 0.210847110 0.000000019 0.977519095 79.091484070
0.974429250 0.033882499 -0.222125053 -83.295707703 -0.031391274 0.999398470 0.014737397 -0.437815070 0.222490773 -0.007387761 0.974906802 79.809638977
0.971805513 0.034489252 -0.233248070 -83.481430054 -0.031088911 0.999350190 0.018240109 -0.443967223 0.233725563 -0.010474410 0.972246110 80.534912109
0.968858004 0.037914548 -0.244697481 -83.679771423 -0.035471775 0.999267161 0.014383683 -0.455870986 0.245063499 -0.005255890 0.969492674 81.251907349
0.965748966 0.037537921 -0.256748676 -83.883590698 -0.037470374 0.999284446 0.005157137 -0.459655583 0.256758541 0.004639969 0.966464460 81.951919556
0.962523520 0.035253502 -0.268897325 -84.093673706 -0.036527015 0.999332607 0.000267277 -0.459266186 0.268727303 0.009564757 0.963168859 82.658576965
0.959062994 0.033986747 -0.281145751 -84.298416138 -0.033862140 0.999412358 0.005302803 -0.461847842 0.281160772 0.004434474 0.959650457 83.378784180
0.955676198 0.035264358 -0.292300105 -84.529205322 -0.032940090 0.999374330 0.012871146 -0.468726754 0.292571157 -0.002672257 0.956239998 84.100738525
0.951959968 0.035145111 -0.304198980 -84.766632080 -0.031106630 0.999351919 0.018113380 -0.470214128 0.304638505 -0.007780605 0.952436268 84.810066223
0.947891474 0.032843262 -0.316896230 -85.012489319 -0.029211963 0.999441862 0.016204581 -0.470032573 0.317251593 -0.006103023 0.948321700 85.519859314
0.944151998 0.031375308 -0.328013003 -85.269989014 -0.028972773 0.999505639 0.012210172 -0.476220727 0.328233987 -0.002024811 0.944594264 86.218231201
0.940995634 0.026552361 -0.337375492 -85.520042419 -0.026270324 0.999640286 0.005402138 -0.481080830 0.337397546 0.003779576 0.941354692 86.910110474
0.938199461 0.022647744 -0.345353305 -85.781082153 -0.024243403 0.999706030 -0.000301316 -0.487543523 0.345244914 0.008655233 0.938472748 87.612289429
0.935567617 0.022040818 -0.352459073 -86.054473877 -0.024486270 0.999697030 -0.002480913 -0.493003398 0.352297574 0.010951469 0.935823977 88.314926147
0.932492554 0.027803948 -0.360117346 -86.349121094 -0.030627249 0.999528527 -0.002134977 -0.508952618 0.359888136 0.013020255 0.932904661 89.023155212
0.929402292 0.027922133 -0.368010491 -86.624038696 -0.029969519 0.999550819 0.000151765 -0.520828128 0.367849439 0.010888048 0.929821551 89.712081909
0.926313818 0.028219607 -0.375694603 -86.914962769 -0.027687788 0.999593377 0.006815517 -0.522662938 0.375734180 0.004088846 0.926718473 90.416862488
0.923465312 0.030259138 -0.382486939 -87.207252502 -0.026496686 0.999534786 0.015101929 -0.528372526 0.382766008 -0.003811469 0.923837423 91.126052856
0.920979917 0.040740199 -0.387474060 -87.538825989 -0.034934055 0.999147058 0.022019230 -0.535904169 0.388040632 -0.006743226 0.921617568 91.821868896
0.918088675 0.047313426 -0.393541187 -87.848793030 -0.043337177 0.998880029 0.018989282 -0.532756805 0.393998891 -0.000378883 0.919110835 92.516960144
0.915707231 0.043869190 -0.399444193 -88.155334473 -0.042792339 0.999016523 0.011618100 -0.532332420 0.399561107 0.006454373 0.916683793 93.204040527
0.913828909 0.036149554 -0.404487222 -88.461853027 -0.037632462 0.999282479 0.004286863 -0.535636246 0.404352039 0.011304391 0.914533436 93.892753601
0.911920488 0.036537834 -0.408737183 -88.771804810 -0.038460996 0.999253988 0.003516201 -0.536573768 0.408560753 0.012513945 0.912645340 94.587898254
0.909982502 0.043122072 -0.412398338 -89.122116089 -0.043388374 0.999020278 0.008722537 -0.544062734 0.412370414 0.009955938 0.910961866 95.278076172
0.907388866 0.045462731 -0.417825967 -89.451065063 -0.044074051 0.998943985 0.012977680 -0.545416117 0.417974651 0.006639483 0.908434510 95.995803833
0.905219257 0.041712888 -0.422892570 -89.779373169 -0.040867589 0.999103248 0.011069823 -0.553266048 0.422975004 0.007261982 0.906112313 96.692306519
0.902957797 0.040092267 -0.427854896 -90.117637634 -0.042022966 0.999104440 0.004934831 -0.561920583 0.427669555 0.013523786 0.903833926 97.377578735
0.900797129 0.037395336 -0.432626992 -90.460189819 -0.042281441 0.999104381 -0.001676194 -0.564963937 0.432176799 0.019802006 0.901571393 98.069938660
