1.000000000 0.000000000 0.000000000 0.000030518 0.000000000 1.000000000 -0.000000002 -0.000000000 0.000000000 -0.000000002 1.000000000 0.000015259
0.999991357 -0.002494996 -0.003332555 -0.003968399 0.002487700 0.999994516 -0.002191792 -0.004838756 0.003338005 0.002183479 0.999992073 0.666413128
0.999973893 -0.001278456 -0.007113010 -0.017090837 0.001253385 0.999993026 -0.003527541 -0.010891013 0.007117509 0.003518535 0.999968350 1.361195683
0.999946296 -0.000964027 -0.010313064 -0.040619265 0.000913158 0.999987423 -0.004936198 -0.013842462 0.010317742 0.004926514 0.999934614 2.056715012
0.999883771 0.000342727 -0.015241340 -0.059997320 -0.000430086 0.999983490 -0.005728866 -0.015501533 0.015239175 0.005734753 0.999867380 2.785800219
0.999811649 -0.000653673 -0.019399762 -0.077449992 0.000542805 0.999983370 -0.005719835 -0.028926134 0.019403219 0.005708224 0.999795377 3.520612717
0.999713778 0.001137178 -0.023897747 -0.102220170 -0.001308224 0.999973595 -0.007143141 -0.031562209 0.023889035 0.007172358 0.999688804 4.275007725
0.999580324 0.003711130 -0.028727653 -0.131045640 -0.003933891 0.999962687 -0.007701728 -0.042200312 0.028698053 0.007811506 0.999557614 5.046239376
0.999450266 0.004178259 -0.032886647 -0.164643228 -0.004375744 0.999972880 -0.005935468 -0.050919406 0.032861013 0.006076106 0.999441504 5.829277039
0.999288261 0.003272710 -0.037579007 -0.195494428 -0.003400636 0.999988735 -0.003340852 -0.059017114 0.037567709 0.003466263 0.999288023 6.632677078
0.999138176 0.003037445 -0.041396167 -0.220699057 -0.003068369 0.999995112 -0.000683552 -0.066781826 0.041393936 0.000809979 0.999142587 7.442832470
0.999024749 0.004419921 -0.043931864 -0.264322817 -0.004484519 0.999989092 -0.001372042 -0.073818229 0.043925367 0.001567715 0.999033511 8.256675720
0.998931527 0.003742377 -0.046063781 -0.311167419 -0.003821301 0.999991477 -0.001625475 -0.079036780 0.046057343 0.001799760 0.998937130 9.080356598
0.998871267 0.001319118 -0.047482699 -0.349940181 -0.001435060 0.999996126 -0.002407765 -0.084320746 0.047479272 0.002473187 0.998869121 9.906736374
0.998754382 0.001079499 -0.049886037 -0.389559329 -0.001164294 0.999997973 -0.001670735 -0.090319365 0.049884066 0.001726735 0.998753548 10.748622894
0.998693943 -0.000637803 -0.051090043 -0.440060645 0.000530896 0.999997735 -0.002106056 -0.095934667 0.051091205 0.002076181 0.998691797 11.591609001
0.998589873 0.001694508 -0.053062815 -0.491061509 -0.001918315 0.999989450 -0.004167111 -0.111472666 0.053055130 0.004263024 0.998582423 12.451441765
0.998519897 0.001971506 -0.054351952 -0.540566683 -0.002346828 0.999973834 -0.006842416 -0.116695113 0.054337170 0.006959840 0.998498261 13.323717117
0.998423874 0.005849196 -0.055817831 -0.600795865 -0.006333833 0.999943733 -0.008509467 -0.128216207 0.055765055 0.008849593 0.998404682 14.198637962
0.998337090 0.006965662 -0.057224210 -0.651317477 -0.007445797 0.999938786 -0.008181427 -0.139588326 0.057163846 0.008593899 0.998327792 15.093703270
0.998259842 0.006081883 -0.058654934 -0.704978108 -0.006466092 0.999958813 -0.006362725 -0.156661525 0.058613777 0.006730920 0.998257995 15.983497620
0.998187602 0.006843237 -0.059790947 -0.767431557 -0.007168374 0.999960601 -0.005225061 -0.165466920 0.059752796 0.005644194 0.998197198 16.881389618
0.998137891 0.006615424 -0.060639136 -0.827734411 -0.006929894 0.999963522 -0.004977039 -0.184878439 0.060603958 0.005387992 0.998147249 17.787542343
0.998015761 0.006413158 -0.062637523 -0.881669283 -0.006785674 0.999960601 -0.005736274 -0.196217865 0.062598355 0.006149931 0.998019755 18.688919067
0.997970223 0.004947145 -0.063490883 -0.945654511 -0.005351339 0.999966562 -0.006197726 -0.210596800 0.063458160 0.006524907 0.997963130 19.602748871
0.997929513 0.004586399 -0.064154387 -1.002871752 -0.004894744 0.999977231 -0.004649977 -0.220012069 0.064131662 0.004954368 0.997929037 20.522445679
0.997915387 0.006406512 -0.064217031 -1.062692523 -0.006516609 0.999977648 -0.001505112 -0.229593098 0.064205945 0.001920454 0.997934818 21.443834305
0.997972727 0.007323994 -0.063219056 -1.125580549 -0.007192898 0.999971449 0.002301056 -0.239443630 0.063234098 -0.001841661 0.997996986 22.372192383
0.998087585 0.006589062 -0.061462983 -1.190848112 -0.006299481 0.999968112 0.004904108 -0.243887156 0.061493326 -0.004507543 0.998097360 23.308158875
0.998160779 0.006194891 -0.060304578 -1.239050269 -0.005838610 0.999964356 0.006082561 -0.254105866 0.060340196 -0.005719278 0.998161435 24.252632141
0.998242319 0.006727933 -0.058882181 -1.296770811 -0.006547821 0.999973238 0.003251386 -0.260943860 0.058902562 -0.002860120 0.998259604 25.197034836
0.998283744 0.007107660 -0.058130164 -1.354505301 -0.007205695 0.999972939 -0.001476923 -0.265857875 0.058118172 0.001893257 0.998307824 26.134824753
0.998358965 0.006957225 -0.056842953 -1.408818483 -0.007226352 0.999963582 -0.004530430 -0.276479602 0.056809455 0.004933763 0.998372793 27.093547821
0.998405397 0.004163494 -0.056297388 -1.460165620 -0.004370649 0.999984086 -0.003557070 -0.286939085 0.056281779 0.003797455 0.998407602 28.051658630
0.998417139 0.002689436 -0.056178458 -1.525385380 -0.002627907 0.999995887 0.001169048 -0.294624418 0.056181457 -0.001019564 0.998420000 29.035154343
0.998375833 -0.000875577 -0.056965202 -1.573266745 0.001164671 0.999986589 0.005041877 -0.312443137 0.056959987 -0.005100034 0.998363376 29.997055054
0.998261094 -0.008245301 -0.058368456 -1.618838787 0.008512853 0.999954402 0.004336629 -0.318117201 0.058329999 -0.004825970 0.998285651 30.975461960
0.998174131 -0.010340218 -0.059508946 -1.677456856 0.010382726 0.999946058 0.000405150 -0.324416310 0.059501529 -0.001022274 0.998227656 31.942316055
0.998084784 -0.010220484 -0.061010692 -1.738726616 0.010025566 0.999943554 -0.003500108 -0.332566857 0.061042998 0.002881739 0.998130977 32.923355103
0.997966468 -0.009041779 -0.063096493 -1.804366589 0.008790221 0.999952316 -0.004263360 -0.342505306 0.063132077 0.003700058 0.997998357 33.906593323
0.997926176 -0.008989139 -0.063738018 -1.869466424 0.008817607 0.999956846 -0.002972027 -0.354672611 0.063762024 0.002403846 0.997962296 34.900039673
0.997850776 -0.006027211 -0.065249532 -1.939660549 0.006034911 0.999981761 -0.000079021 -0.368916363 0.065248877 -0.000314927 0.997868955 35.905765533
0.997785926 -0.005784858 -0.066255763 -2.005403280 0.005885603 0.999981761 0.001325536 -0.382974774 0.066246934 -0.001712559 0.997801781 36.895137787
0.997706056 -0.004776462 -0.067529880 -2.076581240 0.005045691 0.999980032 0.003816809 -0.388663769 0.067510292 -0.004148787 0.997709870 37.900249481
0.997727156 -0.004274047 -0.067251138 -2.137753487 0.004760217 0.999963760 0.007070615 -0.403776646 0.067218445 -0.007374671 0.997710943 38.875717163
0.997710586 0.001482720 -0.067612462 -2.225135326 -0.000865778 0.999957740 0.009153112 -0.404473037 0.067623198 -0.009073619 0.997669518 39.885490417
0.997699440 0.001692542 -0.067772523 -2.297718763 -0.001123955 0.999963880 0.008426937 -0.409545451 0.067784339 -0.008331375 0.997665167 40.876522064
0.997697771 0.001611319 -0.067798100 -2.363494396 -0.001168753 0.999977708 0.006566910 -0.411380440 0.067807183 -0.006472550 0.997677445 41.863594055
0.997671783 0.003838731 -0.068089098 -2.428706408 -0.003533261 0.999983072 0.004606280 -0.424170166 0.068105720 -0.004354979 0.997668505 42.864002228
0.997605920 0.003400601 -0.069070712 -2.496657372 -0.003073030 0.999983490 0.004848323 -0.433114052 0.069086149 -0.004624459 0.997599900 43.860626221
0.997520924 0.001325972 -0.070358209 -2.569393873 -0.000906958 0.999981582 0.005987157 -0.439402342 0.070364967 -0.005908502 0.997503757 44.854087830
0.997475982 0.001989776 -0.070977025 -2.645672798 -0.001499932 0.999974728 0.006954044 -0.445376873 0.070989110 -0.006830033 0.997453630 45.833148956
0.997446775 0.004377360 -0.071279734 -2.718163490 -0.004150011 0.999985874 0.003337285 -0.457007945 0.071293339 -0.003032956 0.997450709 46.805637360
0.997392476 0.005117974 -0.071985677 -2.801122665 -0.005202705 0.999985993 -0.000989622 -0.464123845 0.071979642 0.001361560 0.997405052 47.773292542
0.997337878 0.005601114 -0.072703578 -2.868974447 -0.005774654 0.999980927 -0.002176951 -0.472677320 0.072690055 0.002590995 0.997351110 48.736949921
0.997341573 0.004547399 -0.072724827 -2.942661047 -0.004440539 0.999988735 0.001631023 -0.488141954 0.072731495 -0.001303749 0.997350633 49.716766357
0.997362614 0.002404741 -0.072540715 -3.018230915 -0.002063452 0.999986470 0.004779406 -0.499492884 0.072551310 -0.004617116 0.997353971 50.686191559
0.997323096 0.000678912 -0.073117673 -3.080482483 -0.000287138 0.999985576 0.005368501 -0.510577261 0.073120326 -0.005333138 0.997308850 51.643146515
0.997298598 -0.002675301 -0.073405221 -3.151415348 0.002979446 0.999987483 0.004034164 -0.519136071 0.073393583 -0.004241977 0.997294068 52.600799561
0.997259438 -0.005304338 -0.073793314 -3.218858480 0.005534087 0.999980450 0.002909269 -0.530883849 0.073776461 -0.003309675 0.997269273 53.552810669
0.997170508 -0.006635767 -0.074878268 -3.290885448 0.006947984 0.999968231 0.003909928 -0.540840983 0.074849956 -0.004419118 0.997184992 54.505138397
0.997057438 -0.009887759 -0.076018214 -3.359255791 0.010534342 0.999911547 0.008109362 -0.546677947 0.075931333 -0.008886301 0.997073472 55.450641632
0.997009814 -0.010397443 -0.076572366 -3.430146456 0.011422505 0.999850750 0.012961022 -0.550558805 0.076426201 -0.013796912 0.996979773 56.404243469
0.997018337 -0.008620860 -0.076682046 -3.515184641 0.009812453 0.999836683 0.015176205 -0.551529169 0.076538727 -0.015883392 0.996940076 57.350666046
0.996908665 -0.007312210 -0.078227684 -3.592381477 0.008198673 0.999905646 0.011016640 -0.553034186 0.078139797 -0.011623949 0.996874630 58.278762817
0.996775508 -0.005878251 -0.080025651 -3.662101030 0.006184697 0.999974370 0.003582064 -0.561527252 0.080002539 -0.004065448 0.996786356 59.213306427
0.996738076 -0.003705045 -0.080619194 -3.746412277 0.003586116 0.999992192 -0.001619901 -0.565604508 0.080624580 0.001325506 0.996743739 60.125053406
0.996681392 0.001047740 -0.081394352 -3.831800938 -0.001103203 0.999999166 -0.000636403 -0.577544630 0.081393629 0.000724085 0.996681809 61.025192261
0.996559560 0.003428195 -0.082808249 -3.912272453 -0.003283253 0.999992847 0.001886472 -0.597314835 0.082814157 -0.001608101 0.996563673 61.922622681
0.996453524 0.006202005 -0.083915591 -3.990452766 -0.005947218 0.999976933 0.003285896 -0.609033465 0.083934069 -0.002775178 0.996467471 62.808853149
0.996368229 0.006924902 -0.084868535 -4.069752693 -0.006677176 0.999972701 0.003202497 -0.623475075 0.084888399 -0.002624182 0.996387064 63.669643402
0.996224344 0.008495538 -0.086399972 -4.153580189 -0.008179707 0.999958575 0.004008857 -0.632394850 0.086430460 -0.003286993 0.996252418 64.526145935
0.996097684 0.009558732 -0.087738276 -4.227760315 -0.009188398 0.999947071 0.004623810 -0.644666791 0.087777786 -0.003799593 0.996132851 65.360458374
0.995970428 0.009240319 -0.089204893 -4.301080704 -0.008830520 0.999948502 0.004987495 -0.652316630 0.089246348 -0.004179673 0.996000826 66.183982849
0.995866179 0.008872849 -0.090398595 -4.380864620 -0.008347300 0.999946058 0.006190133 -0.661748886 0.090448581 -0.005409958 0.995886564 66.992324829
0.995716929 0.011559155 -0.091728874 -4.462121010 -0.010779737 0.999901593 0.008987905 -0.669323623 0.091823690 -0.007960595 0.995743573 67.791740417
0.995571733 0.013345932 -0.093053550 -4.539048672 -0.012182050 0.999840319 0.013064555 -0.676604629 0.093213014 -0.011873116 0.995575309 68.577598572
0.995388806 0.016687004 -0.094459832 -4.622939587 -0.015365252 0.999773860 0.014702898 -0.679413795 0.094683759 -0.013183702 0.995420098 69.353454590
0.995211244 0.019354340 -0.095812254 -4.702044010 -0.018405924 0.999772549 0.010772646 -0.690206051 0.095998973 -0.008957545 0.995341063 70.096923828
0.995044410 0.019433871 -0.097513206 -4.773630142 -0.019185795 0.999809861 0.003481121 -0.697970986 0.097562328 -0.001593002 0.995228112 70.820564270
0.994926214 0.018406754 -0.098909140 -4.845911026 -0.018737884 0.999821484 -0.002419818 -0.705214381 0.098846942 0.004260886 0.995093524 71.528846741
0.994868577 0.019033104 -0.099369101 -4.918586254 -0.019495765 0.999803126 -0.003686949 -0.710454941 0.099279359 0.005605305 0.995043755 72.219741821
0.994742393 0.021861017 -0.100048468 -4.996459961 -0.021976395 0.999758482 -0.000051098 -0.723309755 0.100023128 0.002249533 0.994982481 72.894256592
0.994594216 0.022250939 -0.101425610 -5.069186211 -0.022133894 0.999752402 0.002279367 -0.739616573 0.101451129 -0.000022102 0.994840443 73.549423218
0.994578958 0.019045226 -0.102225237 -5.132972717 -0.019231064 0.999814630 -0.000832554 -0.754340887 0.102190502 0.002793942 0.994760990 74.179023743
0.994686127 0.011037016 -0.102361411 -5.182582855 -0.011712268 0.999913335 -0.005998041 -0.768496633 0.102286391 0.007165054 0.994729221 74.784721375
0.994866073 0.006880466 -0.100966953 -5.248900414 -0.008022862 0.999908268 -0.010912837 -0.777309418 0.100882657 0.011666856 0.994830012 75.379684448
0.995118499 0.009329631 -0.098244958 -5.299154758 -0.010457433 0.999885142 -0.010970772 -0.791729569 0.098131329 0.011944609 0.995101631 75.959617615
0.995466828 0.014283904 -0.094029874 -5.361557961 -0.015100684 0.999854088 -0.007980570 -0.806213021 0.093902156 0.009364309 0.995537281 76.532890320
0.995915890 0.012733351 -0.089383096 -5.410963058 -0.013208036 0.999901593 -0.004721167 -0.818348646 0.089314193 0.005882460 0.995986104 77.085243225
0.996426940 0.009359658 -0.083938390 -5.441709518 -0.009468352 0.999954760 -0.000896932 -0.825370371 0.083926208 0.001688485 0.996470451 77.632148743
0.997128963 0.004770894 -0.075571895 -5.473513603 -0.004582850 0.999985993 0.002661450 -0.839894772 0.075583510 -0.002307473 0.997136712 78.160400391
0.997864723 0.008438118 -0.064766951 -5.509870529 -0.008279239 0.999961972 0.002721046 -0.852034807 0.064787447 -0.002179013 0.997896612 78.674758911
0.998671651 0.013527545 -0.049719471 -5.534890652 -0.013441037 0.999907553 0.002073823 -0.858427286 0.049742915 -0.001402786 0.998761058 79.180480957
0.999329209 0.018610267 -0.031540591 -5.550060272 -0.018540157 0.999825001 0.002513726 -0.862982154 0.031581845 -0.001927271 0.999499321 79.673469543
0.999806404 0.017097291 -0.009745441 -5.536666870 -0.017070405 0.999850273 0.002834965 -0.867109597 0.009792447 -0.002668056 0.999948382 80.155830383
0.999774992 0.013495008 0.016361117 -5.501033783 -0.013562974 0.999899805 0.004050305 -0.880039215 -0.016304819 -0.004271301 0.999857843 80.606697083
0.998878241 0.012205334 0.045752056 -5.456345558 -0.012471477 0.999906898 0.005536162 -0.888855338 -0.045680229 -0.006100548 0.998937428 81.063598633
0.996814132 0.011780609 0.078885056 -5.399417400 -0.012376927 0.999898374 0.007074642 -0.896800935 -0.078793697 -0.008028459 0.996858597 81.515869141
0.993123293 0.011694976 0.116487354 -5.325699806 -0.012607454 0.999895275 0.007099542 -0.897812545 -0.116392121 -0.008519331 0.993166745 81.957550049
0.987401247 0.011787673 0.157796189 -5.227420807 -0.013040134 0.999891102 0.006904217 -0.902232170 -0.157697603 -0.008874917 0.987447441 82.378234863
0.979031086 0.011508952 0.203385666 -5.122732162 -0.013280497 0.999884844 0.007347577 -0.916965425 -0.203277722 -0.009894568 0.979071021 82.779312134
0.967642128 0.013779919 0.251950204 -4.987659454 -0.015528708 0.999867141 0.004953925 -0.922308803 -0.251848519 -0.008706086 0.967727423 83.172782898
0.952166617 0.014828809 0.305219293 -4.831663132 -0.016220527 0.999866307 0.002024174 -0.930560768 -0.305148482 -0.006878166 0.952279806 83.561233521
0.932437003 0.015161068 0.361014485 -4.648174286 -0.015980987 0.999871969 -0.000714280 -0.933382630 -0.360979110 -0.005103345 0.932559788 83.935470581
0.908174515 0.015296144 0.418312132 -4.455398560 -0.015761094 0.999872983 -0.002343654 -0.944025338 -0.418294847 -0.004464610 0.908300161 84.281188965
0.879014611 0.015258422 0.476550758 -4.249160767 -0.015281497 0.999875844 -0.003827231 -0.957397342 -0.476549983 -0.003918216 0.879138589 84.594467163
0.845475733 0.014725803 0.533810675 -4.000274658 -0.012972761 0.999891102 -0.007036279 -0.955388665 -0.533856153 -0.000975995 0.845574558 84.914108276
0.809108436 0.014716079 0.587475181 -3.741127014 -0.011149053 0.999890864 -0.009691778 -0.953051686 -0.587553620 0.001291905 0.809184194 85.177352905
0.769098580 0.013413590 0.638989449 -3.467594147 -0.010062080 0.999909937 -0.008879100 -0.962944865 -0.639050901 0.000399339 0.769164324 85.445991516
0.726173759 0.013490777 0.687378883 -3.175045013 -0.011715200 0.999905050 -0.007248154 -0.967903495 -0.687411427 -0.002789364 0.726262748 85.699859619
0.681077540 0.011961615 0.732113719 -2.868255615 -0.010138888 0.999924719 -0.006905143 -0.977687240 -0.732141197 -0.002719881 0.681147516 85.926589966
0.634764314 0.010966286 0.772628069 -2.547004700 -0.006819231 0.999939799 -0.008590193 -0.983130813 -0.772675753 0.000184019 0.634800911 86.126358032
0.587689877 0.008190346 0.809044838 -2.210926056 -0.000729611 0.999953628 -0.009593019 -0.991731882 -0.809085906 0.005047430 0.587668657 86.316543579
0.541366160 0.010460721 0.840721965 -1.869304657 -0.002663393 0.999938846 -0.010726750 -1.002932549 -0.840782702 0.003567924 0.541360855 86.485671997
0.494330943 0.013561907 0.869167984 -1.531486511 -0.005841296 0.999907553 -0.012279697 -1.008336306 -0.869254112 0.000993166 0.494364440 86.640213013
0.446942478 0.016011870 0.894419432 -1.224536896 -0.007888793 0.999871373 -0.013957635 -1.024720669 -0.894527912 -0.000817629 0.447011203 86.778648376
0.404081821 0.013656707 0.914620876 -0.873775482 -0.000230744 0.999890029 -0.014827967 -1.029262304 -0.914722800 0.005780671 0.404040456 86.891036987
0.365229040 0.005645121 0.930900574 -0.499711990 0.015305177 0.999809980 -0.012067831 -1.036946774 -0.930791855 0.018655125 0.365073174 86.973960876
0.329473078 0.002204987 0.944162548 -0.141214371 0.019491911 0.999768198 -0.009136716 -1.042029738 -0.943963706 0.021413833 0.329353690 87.062377930
0.296836197 0.006607374 0.954905570 0.233980179 0.016972667 0.999781489 -0.012193914 -1.048153758 -0.954777539 0.019826889 0.296659142 87.156883240
0.265590250 0.013592185 0.963990152 0.601921082 0.007065615 0.999846339 -0.016044412 -1.064318895 -0.964060068 0.011072424 0.265453309 87.256797791
0.236914560 0.018551379 0.971353412 0.977560043 0.001637934 0.999808729 -0.019494325 -1.081948996 -0.971529067 0.006209505 0.236838862 87.350151062
0.211121932 0.020153305 0.977251947 1.367778778 0.003063087 0.999768853 -0.021279395 -1.098040938 -0.977454901 0.007485956 0.211011425 87.414337158
0.187490031 0.021603391 0.982028961 1.777450562 0.010218925 0.999661088 -0.023942284 -1.109777212 -0.982213318 0.014524221 0.187205717 87.470977783
0.167828232 0.027632575 0.985428929 2.189563751 0.017238114 0.999372065 -0.030959375 -1.114328384 -0.985665500 0.022182796 0.167246491 87.506881714
0.147745609 0.034669414 0.988417566 2.608877182 0.019178428 0.999097109 -0.037910730 -1.114337921 -0.988839388 0.024557441 0.146947294 87.559661865
0.130534142 0.035514310 0.990807533 3.071921349 0.017608311 0.999117672 -0.038131990 -1.124742746 -0.991287410 0.022423977 0.129793644 87.616012573
0.115092322 0.031288505 0.992861986 3.528408051 0.015616124 0.999323308 -0.033302352 -1.149415731 -0.993232131 0.019337498 0.114525899 87.662651062
0.100412071 0.028210739 0.994545877 4.000470161 0.015961369 0.999423623 -0.029960601 -1.170315504 -0.994817853 0.018882720 0.099903934 87.707283020
0.087319359 0.025717344 0.995848298 4.483275890 0.019003682 0.999441743 -0.027476452 -1.185459971 -0.995998979 0.021324007 0.086781956 87.733520508
0.075686574 0.024802383 0.996823072 4.977950096 0.022679938 0.999389172 -0.026588269 -1.203472495 -0.996873558 0.024620263 0.075077884 87.758110046
0.065480225 0.025531933 0.997527063 5.495314121 0.026187707 0.999284327 -0.027295936 -1.218963385 -0.997510135 0.027910292 0.064764775 87.786415100
0.057591762 0.026288362 0.997994006 6.030710220 0.028015943 0.999216974 -0.027937308 -1.233633637 -0.997946978 0.029568702 0.056810223 87.809783936
0.052240673 0.026308458 0.998287916 6.575127125 0.029665343 0.999170840 -0.027884118 -1.254762530 -0.998193681 0.031071240 0.051416926 87.827896118
0.046836033 0.027354034 0.998527944 7.135538578 0.031017128 0.999103129 -0.028824648 -1.272358179 -0.998420835 0.032321502 0.045945611 87.846878052
0.041010827 0.028060142 0.998764515 7.721976280 0.031195892 0.999082208 -0.029350016 -1.292666197 -0.998671532 0.032361019 0.040097851 87.866882324
0.036121726 0.028230239 0.998948514 8.325798035 0.033424776 0.999007523 -0.029440535 -1.308914065 -0.998788178 0.034453072 0.035142265 87.888038635
0.033414960 0.028278200 0.999041378 8.949228287 0.034810014 0.998960257 -0.029440193 -1.328626037 -0.998835087 0.035760384 0.032395832 87.902183533
0.030550808 0.027777480 0.999147236 9.588809013 0.036000740 0.998934567 -0.028872361 -1.350979686 -0.998884559 0.036852114 0.029518306 87.913543701
0.028124036 0.027224347 0.999233723 10.244331360 0.038190220 0.998870015 -0.028289327 -1.373223543 -0.998874485 0.038956556 0.027052611 87.929588318
0.027507812 0.026732411 0.999264121 10.922538757 0.042405553 0.998711288 -0.027884962 -1.395947218 -0.998721719 0.043141395 0.026338726 87.939826965
0.028637145 0.026320262 0.999243379 11.612560272 0.046160251 0.998551965 -0.027624944 -1.416612983 -0.998523474 0.046916422 0.027380696 87.954986572
0.030948984 0.026115185 0.999179780 12.319522858 0.047836501 0.998474419 -0.027578451 -1.442384481 -0.998375535 0.048650783 0.029652478 87.978607178
0.034759045 0.026278915 0.999050260 13.042890549 0.050186548 0.998346984 -0.028006524 -1.462509274 -0.998134792 0.051112346 0.033382803 87.999946594
0.039224047 0.025823746 0.998896778 13.780090332 0.050485317 0.998338044 -0.027791733 -1.485862494 -0.997954309 0.051519714 0.037855197 88.027465820
0.043383710 0.024056397 0.998768866 14.541740417 0.052297302 0.998284638 -0.026316393 -1.510320902 -0.997688711 0.053374611 0.042051267 88.059455872
0.047069997 0.022757875 0.998632431 15.307046890 0.051295869 0.998366177 -0.025169624 -1.532704830 -0.997573495 0.052410442 0.045825768 88.103347778
0.051324394 0.020580836 0.998470008 16.096878052 0.048985034 0.998532295 -0.023100112 -1.554908872 -0.997479916 0.050095685 0.050240938 88.147666931
0.055074770 0.019387402 0.998294115 16.892757416 0.048278768 0.998590291 -0.022056654 -1.579361200 -0.997314274 0.049411166 0.054061148 88.204063416
0.059247721 0.020391181 0.998035133 17.698234558 0.045604598 0.998692155 -0.023111910 -1.603471518 -0.997201025 0.046884313 0.058240321 88.259140015
0.062416971 0.024316024 0.997753918 18.504716873 0.043004002 0.998709202 -0.027029531 -1.635916233 -0.997123182 0.044594519 0.061290707 88.305259705
0.063672028 0.030158058 0.997515142 19.305646896 0.037179418 0.998777807 -0.032569423 -1.657298565 -0.997277975 0.039160803 0.062472947 88.367515564
0.063517094 0.032795861 0.997441709 20.116748810 0.034401916 0.998793960 -0.035031039 -1.694053650 -0.997387588 0.036538985 0.062312249 88.425247192
0.063567363 0.032525677 0.997447431 20.933799744 0.031837258 0.998893917 -0.034601845 -1.728037357 -0.997469485 0.033955533 0.062461551 88.487060547
0.063526727 0.030750263 0.997506261 21.744524002 0.028991243 0.999046504 -0.032644071 -1.764833450 -0.997558832 0.030992717 0.062574685 88.546073914
0.063549712 0.029459666 0.997543752 22.566165924 0.030007889 0.999055803 -0.031416003 -1.801777363 -0.997527421 0.031930663 0.062605701 88.597877502
0.063618183 0.028556846 0.997565687 23.391105652 0.027659643 0.999156058 -0.030366324 -1.843981862 -0.997590959 0.029524159 0.062774561 88.662811279
0.063959442 0.028812774 0.997536600 24.207283020 0.025910595 0.999198198 -0.030522097 -1.880244374 -0.997616053 0.027798938 0.063161552 88.719924927
0.063625954 0.029401967 0.997540772 25.011905670 0.023084613 0.999255180 -0.030924905 -1.915958524 -0.997706771 0.024995470 0.062899783 88.781356812
0.062631369 0.030899171 0.997558355 25.824394226 0.020312477 0.999274135 -0.032227628 -1.951025248 -0.997829974 0.022281336 0.061958253 88.833023071
0.059611857 0.030556681 0.997753859 26.637866974 0.017182818 0.999351919 -0.031632226 -1.985863447 -0.998073697 0.019029874 0.059048153 88.891708374
0.055613440 0.029469322 0.998017430 27.445926666 0.014646927 0.999432802 -0.030327296 -2.019854307 -0.998344839 0.016304495 0.055150248 88.944869995
0.050817695 0.026846522 0.998347044 28.269254684 0.012753487 0.999539793 -0.027527770 -2.056194067 -0.998626471 0.014131304 0.050451878 88.991210938
0.044824976 0.024575580 0.998692572 29.081632614 0.010664289 0.999628603 -0.025077268 -2.091212749 -0.998937905 0.011774433 0.044546202 89.030014038
0.036874272 0.025209639 0.999001861 29.888917923 0.010250958 0.999619544 -0.025603604 -2.120571613 -0.999267220 0.011184839 0.036601782 89.064041138
0.028924732 0.025730083 0.999250412 30.683866501 0.010069612 0.999610424 -0.026030831 -2.156215191 -0.999530733 0.010814996 0.028654307 89.074440002
0.018533003 0.026259337 0.999483407 31.484498978 0.010439125 0.999595523 -0.026455848 -2.184071779 -0.999773681 0.010924037 0.018251317 89.094268799
0.008262279 0.025350155 0.999644578 32.290901184 0.012698987 0.999595284 -0.025453867 -2.213603020 -0.999885261 0.012904779 0.007936951 89.102081299
-0.002202660 0.024399526 0.999699950 33.080913544 0.011306286 0.999638975 -0.024373127 -2.246274233 -0.999933600 0.011249209 -0.002477705 89.094902039
-0.013518825 0.023798140 0.999625444 33.867931366 0.012765352 0.999639392 -0.023625836 -2.274216175 -0.999827087 0.012441177 -0.013817713 89.083580017
-0.024270415 0.024105100 0.999414921 34.652091980 0.013102786 0.999631047 -0.023792118 -2.305086613 -0.999619484 0.012517671 -0.024577323 89.060791016
-0.035297103 0.024800366 0.999069154 35.431827545 0.013368458 0.999614298 -0.024341589 -2.333014011 -0.999287307 0.012496823 -0.035615046 89.031867981
-0.045749780 0.025668092 0.998623252 36.205841064 0.012949057 0.999601007 -0.025100004 -2.365967989 -0.998868942 0.011782905 -0.046063878 88.990379333
-0.056215823 0.026777081 0.998059571 36.969593048 0.013421603 0.999570191 -0.026061643 -2.393283844 -0.998328328 0.011930481 -0.056551017 88.948028564
-0.065478042 0.027305767 0.997480452 37.721809387 0.014819162 0.999541819 -0.026389426 -2.428231716 -0.997743905 0.013053890 -0.065852657 88.890350342
-0.075547427 0.028165832 0.996744275 38.488960266 0.015464119 0.999514043 -0.027071998 -2.453381062 -0.997022271 0.013368553 -0.075946271 88.839477539
-0.084950075 0.028519651 0.995976925 39.229316711 0.016112804 0.999499023 -0.027246188 -2.484428883 -0.996254802 0.013733416 -0.085367039 88.777305603
-0.093557827 0.028088726 0.995217621 39.960117340 0.017694809 0.999491036 -0.026545895 -2.510965109 -0.995456457 0.015126606 -0.094007246 88.702201843
-0.100655466 0.026845511 0.994559109 40.690895081 0.019229745 0.999501586 -0.025032761 -2.543314934 -0.994735479 0.016605431 -0.101121515 88.619537354
-0.105832428 0.025161847 0.994065523 41.412006378 0.022102367 0.999492347 -0.022946103 -2.573374033 -0.994138241 0.019542759 -0.106334813 88.540084839
-0.109616227 0.023802841 0.993688941 42.121162415 0.025287358 0.999456465 -0.021151491 -2.598286152 -0.993652225 0.022809220 -0.110158525 88.457717896
-0.112466238 0.022677837 0.993396759 42.823207855 0.026837032 0.999444067 -0.019777568 -2.622893810 -0.993293047 0.024435515 -0.113012321 88.379951477
-0.114431746 0.021601489 0.993196130 43.509597778 0.026829274 0.999465942 -0.018646704 -2.650274277 -0.993068695 0.024512956 -0.114950165 88.305389404
-0.114825189 0.022329388 0.993134737 44.172336578 0.028083175 0.999420702 -0.019223781 -2.670993567 -0.992988586 0.025683003 -0.115385711 88.220603943
-0.113724269 0.023368455 0.993237495 44.824653625 0.028641941 0.999384940 -0.020233635 -2.693003416 -0.993099391 0.026147190 -0.114323594 88.146728516
-0.110751621 0.024773361 0.993539333 45.446430206 0.029549388 0.999329388 -0.021623818 -2.721044302 -0.993408620 0.026963606 -0.111409351 88.077682495
-0.105713703 0.025346430 0.994073510 46.070381165 0.029839637 0.999305785 -0.022306580 -2.743872166 -0.993948758 0.027304677 -0.106396578 88.013580322
-0.097809277 0.026304070 0.994857490 46.665821075 0.029540665 0.999286890 -0.023516899 -2.762689114 -0.994766593 0.027088577 -0.098516509 87.960609436
-0.086426616 0.026171438 0.995914400 47.253673553 0.027967623 0.999324620 -0.023833996 -2.790484905 -0.995865524 0.025793467 -0.087100148 87.918319702
-0.072770357 0.026209094 0.997004330 47.805240631 0.027369954 0.999330699 -0.024272544 -2.817691803 -0.996972978 0.025521643 -0.073438942 87.886299133
-0.055861104 0.027450282 0.998061061 48.354797363 0.026218761 0.999317646 -0.026017386 -2.846925020 -0.998094261 0.024714567 -0.056542642 87.876205444
-0.034460429 0.029858680 0.998959959 48.875873566 0.024085855 0.999288082 -0.029037615 -2.873112679 -0.999115825 0.023060150 -0.035155028 87.866447449
-0.009819709 0.032876886 0.999411166 49.400260925 0.021744264 0.999230027 -0.032657288 -2.899509430 -0.999715269 0.021410774 -0.010527000 87.880203247
0.018412963 0.034516484 0.999234557 49.913902283 0.020140082 0.999188423 -0.034886010 -2.923427105 -0.999627590 0.020767018 0.017702885 87.912673950
0.051456269 0.034102738 0.998092890 50.421363831 0.016925216 0.999243438 -0.035014629 -2.947829247 -0.998531759 0.018694656 0.050840177 87.960624695
0.090653434 0.031196091 0.995393813 50.894058228 0.015628988 0.999341547 -0.032743201 -2.978829384 -0.995759785 0.018525276 0.090106234 88.001495361
0.132558748 0.028087968 0.990777075 51.423355103 0.014283231 0.999440610 -0.030244553 -2.992694139 -0.991072118 0.018160678 0.132083401 88.101188660
0.178108871 0.024029218 0.983717382 51.909500122 0.011348206 0.999585211 -0.026471488 -3.012952089 -0.983945370 0.015878230 0.177762300 88.212524414
0.226814985 0.020614620 0.973719656 52.398971558 0.006666426 0.999719679 -0.022717919 -3.033800125 -0.973914981 0.011643994 0.226613984 88.352485657
0.278683126 0.019053645 0.960194111 52.861747742 0.002516014 0.999785244 -0.020569511 -3.054917336 -0.960379779 0.008148232 0.278575361 88.518280029
0.333248019 0.018334232 0.942660987 53.308570862 0.000400658 0.999808133 -0.019587349 -3.079832077 -0.942839086 0.006905126 0.333176672 88.711509705
0.389098048 0.018896248 0.921002507 53.726257324 0.003228973 0.999755561 -0.021876179 -3.098108292 -0.921190560 0.011485866 0.388941914 88.941902161
0.449775398 0.021520184 0.892882466 54.143013000 0.003931385 0.999652386 -0.026073914 -3.122583628 -0.893132985 0.015237664 0.449534357 89.177825928
0.510188818 0.024771111 0.859705627 54.545394897 0.004601050 0.999492347 -0.031529326 -3.143094301 -0.860050023 0.020041453 0.509815753 89.442474365
0.568944991 0.029445864 0.821848214 54.900989532 0.000873826 0.999336600 -0.036409996 -3.148003101 -0.822375059 0.021433430 0.568541765 89.727264404
0.624922991 0.032672249 0.780002475 55.260471344 -0.003157868 0.999221623 -0.039324731 -3.158297300 -0.780680001 0.022111777 0.624539614 90.058700562
0.674145222 0.032613158 0.737878442 55.529277802 -0.005282592 0.999212027 -0.039337404 -3.191809177 -0.738579869 0.022621213 0.673786283 90.418579102
0.724727035 0.029819859 0.688390374 55.849906921 -0.005622963 0.999285758 -0.037367512 -3.219954252 -0.689012945 0.023210458 0.724377155 90.772483826
0.769577742 0.026010370 0.638023138 56.105117798 -0.007938379 0.999482512 -0.031170825 -3.245071173 -0.638503730 0.018923506 0.769386053 91.156402588
0.810140491 0.023962650 0.585745811 56.346824646 -0.010226810 0.999589920 -0.026748233 -3.230388880 -0.586146474 0.015679516 0.810053289 91.582221985
0.847175062 0.020892482 0.530902922 56.566570282 -0.012258855 0.999729276 -0.019780306 -3.246719360 -0.531172395 0.010249116 0.847201765 91.996910095
0.878506303 0.017801560 0.477398872 56.753578186 -0.013354085 0.999830008 -0.012708207 -3.254546404 -0.477544069 0.004789010 0.878594875 92.428726196
0.904138744 0.018732540 0.426827878 56.914604187 -0.017476369 0.999823689 -0.006860312 -3.269806147 -0.426881194 -0.001256731 0.904306769 92.867118835
0.924265444 0.020223573 0.381214112 57.045379639 -0.020703280 0.999781609 -0.002843080 -3.285598993 -0.381188333 -0.005264630 0.924482405 93.289443970
0.939336121 0.026056375 0.342006773 57.152687073 -0.027794223 0.999613583 0.000180747 -3.297842026 -0.341869980 -0.009675601 0.939697444 93.726387024
0.951059639 0.031491395 0.307398617 57.254280090 -0.032858688 0.999459684 -0.000728054 -3.304986238 -0.307255507 -0.009408295 0.951580524 94.173851013
0.960618317 0.032410823 0.275974780 57.384841919 -0.033555772 0.999436736 -0.000573481 -3.301313162 -0.275837868 -0.008709655 0.961164713 94.647659302
0.966780961 0.027693463 0.254101604 57.498359680 -0.028420616 0.999595821 -0.000809721 -3.304609776 -0.254021227 -0.006438903 0.967177153 95.118743896
0.970808327 0.024523987 0.238600075 57.605743408 -0.025354885 0.999678493 0.000413405 -3.317938328 -0.238513216 -0.006451017 0.971117854 95.601196289
0.973604739 0.029306900 0.226351380 57.696830750 -0.030069541 0.999547839 -0.000078611 -3.318973303 -0.226251304 -0.006729749 0.974045694 96.101791382
0.975618482 0.034449819 0.216752619 57.789916992 -0.035481308 0.999370039 0.000867879 -3.324412346 -0.216586128 -0.008537387 0.976226151 96.599502563
0.976650178 0.042897381 0.210509688 57.887046814 -0.043699682 0.999044418 -0.000841244 -3.324535847 -0.210344583 -0.008377606 0.977591395 97.110557556
0.977007329 0.048570648 0.207599461 57.981765747 -0.048792709 0.998800755 -0.004053740 -3.332308531 -0.207547337 -0.006168810 0.978205562 97.622055054
0.977039218 0.050317079 0.207033232 58.081912994 -0.050035037 0.998725772 -0.006601694 -3.342932701 -0.207101554 -0.003908803 0.978311658 98.146789551
0.976782382 0.047672018 0.208862096 58.219764709 -0.046626866 0.998863041 -0.009927692 -3.352618694 -0.209097862 -0.000041386 0.977894664 98.658370972
0.976055920 0.046572302 0.212475508 58.345886230 -0.044073198 0.998892188 -0.016485726 -3.360324144 -0.213007942 0.006726519 0.977027357 99.204231262
0.975144684 0.046710260 0.216589019 58.469619751 -0.043106321 0.998842537 -0.021336693 -3.366052151 -0.217334956 0.011470012 0.976029754 99.762008667
0.973868787 0.051760241 0.221134365 58.589843750 -0.048412573 0.998616278 -0.020535603 -3.385238647 -0.221891314 0.009293299 0.975027144 100.340911865
0.972373307 0.054666068 0.226940081 58.719657898 -0.052143306 0.998493135 -0.017101161 -3.391828537 -0.227532998 0.004795307 0.973758519 100.936912537
0.971468031 0.051391751 0.231535971 58.866096497 -0.049890522 0.998678505 -0.012338432 -3.409390211 -0.231864065 0.000434943 0.972748041 101.531234741
0.970789015 0.047103807 0.235266373 59.020790100 -0.046800993 0.998880625 -0.006873895 -3.421226740 -0.235326782 -0.004337595 0.971906543 102.145423889
0.969930887 0.044649083 0.239250198 59.174667358 -0.045490820 0.998962760 -0.002005481 -3.433181047 -0.239091530 -0.008938510 0.970955849 102.772888184
0.969502509 0.039379407 0.241897479 59.337173462 -0.040228445 0.999189556 -0.001430006 -3.442848921 -0.241757676 -0.008344763 0.970300794 103.396476746
0.969452977 0.036192574 0.242592946 59.494327545 -0.036151372 0.999335706 -0.004622900 -3.451685429 -0.242599085 -0.004288381 0.970117092 104.047874451
0.969644308 0.036068734 0.241845578 59.666713715 -0.034239981 0.999344409 -0.011761619 -3.458454609 -0.242111206 0.003123798 0.970243454 104.686355591
0.969806492 0.038287908 0.240851343 59.826026917 -0.034871802 0.999221802 -0.018431339 -3.469150543 -0.241369605 0.009475913 0.970386922 105.344635010
0.970324278 0.041430440 0.238231570 59.983978271 -0.037168302 0.999058843 -0.022356987 -3.476919413 -0.238933623 0.012838867 0.970951021 106.026031494
0.970940411 0.039736446 0.235999390 60.148147583 -0.036527727 0.999171317 -0.017954601 -3.489540100 -0.236517265 0.008812327 0.971587300 106.717140198
0.971463323 0.035289709 0.234549686 60.321426392 -0.033870623 0.999375403 -0.010077173 -3.509176731 -0.234758779 0.001845261 0.972051799 107.407867432
0.972091675 0.035613783 0.231882364 60.491577148 -0.035611171 0.999356866 -0.004198465 -3.524520397 -0.231882721 -0.004176309 0.972734630 108.128959656
0.972329319 0.038786214 0.230372310 60.647079468 -0.038777787 0.999237418 -0.004565921 -3.543931484 -0.230373666 -0.004493748 0.973091722 108.851074219
0.972599626 0.044860475 0.228117436 60.809455872 -0.043811321 0.998993158 -0.009663558 -3.546010494 -0.228321165 -0.000595355 0.973585665 109.577110291
0.973499358 0.045714546 0.224074021 60.974620819 -0.043460585 0.998942852 -0.014983289 -3.557905912 -0.224522024 0.004847834 0.974456847 110.313514709
0.974410295 0.044204179 0.220387965 61.141292572 -0.041291941 0.998988390 -0.017805822 -3.573808670 -0.220952094 0.008249932 0.975249708 111.075294495
0.975360453 0.042051189 0.216572508 61.309822083 -0.039465528 0.999088764 -0.016252080 -3.588882923 -0.217058510 0.007304494 0.976131201 111.848205566
0.976257205 0.038403083 0.213183269 61.477828979 -0.036175407 0.999242485 -0.014342090 -3.605717897 -0.213572502 0.006289582 0.976906896 112.626365662
0.976678073 0.036930334 0.211509243 61.646072388 -0.035353106 0.999311686 -0.011235029 -3.627411127 -0.211778536 0.003495499 0.977311492 113.411682129
0.977037132 0.033675764 0.210391313 61.817409515 -0.032502681 0.999430776 -0.009032087 -3.638288260 -0.210575670 0.001986403 0.977575541 114.212501526
0.977268994 0.028820626 0.210035607 61.990974426 -0.027797194 0.999582946 -0.007823779 -3.651381493 -0.210173443 0.001807536 0.977662444 115.011741638
0.977419555 0.029297218 0.209267229 62.164566040 -0.028655889 0.999570787 -0.006096561 -3.667137623 -0.209355980 -0.000037840 0.977839470 115.816513062
0.977134883 0.034894355 0.209737673 62.327911377 -0.033924401 0.999390662 -0.008221582 -3.677876949 -0.209896699 0.000918373 0.977723122 116.632110596
0.976810634 0.040675458 0.210205987 62.490943909 -0.039109591 0.999167681 -0.011602543 -3.689119339 -0.210502893 0.003112417 0.977588296 117.450767517
0.976246655 0.049048383 0.211037114 62.654476166 -0.047371339 0.998792887 -0.012997953 -3.706916332 -0.211419806 0.002692101 0.977391541 118.265686035
0.975276589 0.055035714 0.214024916 62.820247650 -0.053614054 0.998484194 -0.012446030 -3.727120399 -0.214385465 0.000663578 0.976748824 119.090255737
0.974436641 0.057788052 0.217102751 62.991760254 -0.056810953 0.998327196 -0.010744658 -3.742598534 -0.217360422 -0.001863827 0.976089537 119.924797058
0.973842025 0.058668915 0.219521120 63.173671722 -0.057562530 0.998276412 -0.011438379 -3.764682293 -0.219813764 -0.001497018 0.975540578 120.749313354
0.973531187 0.056724198 0.221403450 63.357788086 -0.054877765 0.998387992 -0.014487254 -3.778700113 -0.221868321 0.001953663 0.975074530 121.584274292
0.973613620 0.050461493 0.222554594 63.559997559 -0.048820458 0.998724699 -0.012872759 -3.802018166 -0.222920328 0.001667876 0.974835277 122.415390015
0.973784387 0.043926328 0.223191991 63.749099731 -0.041803494 0.999024570 -0.014229433 -3.824941635 -0.223599315 0.004526192 0.974670649 123.249908447
0.973592162 0.043593239 0.224094003 63.942844391 -0.041437637 0.999038637 -0.014315289 -3.850132704 -0.224502593 0.004651326 0.974462390 124.070869446
0.973062456 0.045812134 0.225944519 64.133148193 -0.044367492 0.998949528 -0.011470419 -3.868503094 -0.226232618 0.001136842 0.974072635 124.908958435
0.972616494 0.047874331 0.227431834 64.317420959 -0.047821142 0.998839438 -0.005747380 -3.884983540 -0.227443039 -0.005286056 0.973776996 125.738945007
0.972205758 0.051555458 0.228381276 64.498504639 -0.052573029 0.998615623 -0.001630169 -3.904087782 -0.228149220 -0.010421839 0.973570347 126.564895630
0.971988738 0.050644659 0.229505837 64.684844971 -0.050154340 0.998709619 -0.007973047 -3.925045967 -0.229613513 -0.003761003 0.973274589 127.382736206
0.972313344 0.046575572 0.228992224 64.882469177 -0.042538270 0.998840511 -0.022538073 -3.944364548 -0.229776442 0.012173139 0.973167241 128.194030762
