0.570470929 0.035415404 -0.820553958 194.200820923 -0.007587163 0.999254525 0.037853390 -9.427845001 0.821282744 -0.015368581 0.570314288 202.098403931
0.560821891 0.028847415 -0.827433825 193.674987793 -0.003912335 0.999473989 0.032193661 -9.404645920 0.827927232 -0.014817713 0.560639679 202.447006226
0.550121129 0.025772780 -0.834687114 193.127777100 -0.002208769 0.999565065 0.029408004 -9.383578300 0.835081995 -0.014334332 0.549938738 202.800994873
0.539584577 0.020658620 -0.841677904 192.565490723 0.002710863 0.999651134 0.026273888 -9.366128922 0.841926992 -0.016458659 0.539340258 203.159011841
0.528889120 0.015476067 -0.848549783 191.987792969 0.008507470 0.999686778 0.023535119 -9.350724220 0.848648310 -0.019666482 0.528591692 203.523239136
0.519419968 0.011912132 -0.854436040 191.394073486 0.016970022 0.999561787 0.024251647 -9.335294724 0.854350448 -0.027096586 0.518990278 203.887359619
0.510063052 0.010047401 -0.860078275 190.783035278 0.021722674 0.999462306 0.024558153 -9.322083473 0.859862626 -0.031209407 0.509570420 204.257080078
0.501755893 0.010219369 -0.864948869 190.157318115 0.023536846 0.999398530 0.025461601 -9.305003166 0.864688873 -0.033133678 0.501213551 204.614868164
0.494458169 0.013361976 -0.869098723 189.509017944 0.024486531 0.999270797 0.029294489 -9.290101051 0.868856430 -0.035766110 0.493770361 204.976409912
0.488573790 0.016571706 -0.872365236 188.863739014 0.030993799 0.998859048 0.036332902 -9.270116806 0.871971846 -0.044789225 0.487502694 205.343643188
0.484125644 0.019665156 -0.874777555 188.198455811 0.036541503 0.998420954 0.042667735 -9.249216080 0.874235094 -0.052622221 0.482642531 205.721557617
0.481688261 0.021202436 -0.876086116 187.526840210 0.037577551 0.998288095 0.044820715 -9.226766586 0.875536561 -0.054510787 0.480066895 206.085128784
0.479808211 0.018634381 -0.877175450 186.850250244 0.037946675 0.998398244 0.041966122 -9.201058388 0.876552284 -0.053421583 0.478332549 206.455383301
0.478356063 0.014098946 -0.878052771 186.166351318 0.039136384 0.998535573 0.037354719 -9.174147606 0.877293587 -0.052232675 0.477103561 206.827072144
0.477262020 0.014660502 -0.878638804 185.468322754 0.037498366 0.998610437 0.037030779 -9.144421577 0.877960563 -0.050620906 0.476049036 207.201156616
0.476674765 0.018030673 -0.878894866 184.761169434 0.035177045 0.998597622 0.039564915 -9.122426033 0.878375590 -0.049776521 0.475371957 207.582443237
0.475957721 0.021260332 -0.879211187 184.045639038 0.031358052 0.998661816 0.041124348 -9.098453522 0.878908932 -0.047143798 0.474654019 207.958175659
0.475082546 0.021452829 -0.879679680 183.315292358 0.025892682 0.998929024 0.038344648 -9.073256493 0.879560173 -0.040994141 0.474018216 208.344421387
0.474934459 0.018259607 -0.879831791 182.586730957 0.024064025 0.999141335 0.033725504 -9.047697067 0.879692078 -0.037189689 0.474087238 208.729049683
0.474312276 0.014139101 -0.880243242 181.848983765 0.022306198 0.999356985 0.028071921 -9.022534370 0.880074084 -0.032949727 0.473691851 209.123962402
0.474450707 0.013226110 -0.880182743 181.102508545 0.021634690 0.999409795 0.026679572 -9.008001328 0.880016148 -0.031700615 0.473884583 209.519454956
0.474579424 0.014784745 -0.880088568 180.346313477 0.022350080 0.999334097 0.028840041 -8.988838196 0.879928827 -0.033356935 0.473932981 209.925292969
0.474397928 0.018646223 -0.880113006 179.582931519 0.024718830 0.999099195 0.034491014 -8.970511436 0.879963398 -0.038117826 0.473509699 210.346160889
0.474669188 0.023136714 -0.879860044 178.815124512 0.026366120 0.998832047 0.040489241 -8.951775551 0.879769206 -0.042417496 0.473504812 210.763351440
0.475039512 0.026619228 -0.879561722 178.046249390 0.026440253 0.998659253 0.044503640 -8.922932625 0.879567206 -0.044396821 0.473698825 211.173675537
0.475630194 0.028000355 -0.879199624 177.278915405 0.022681911 0.998770475 0.044078875 -8.901733398 0.879352927 -0.040907167 0.474410355 211.579040527
0.476441592 0.027867639 -0.878764391 176.493713379 0.018041980 0.998977184 0.041461725 -8.872329712 0.879020929 -0.035608735 0.475451499 211.995666504
0.476857305 0.024080684 -0.878650844 175.723937988 0.018290633 0.999136269 0.037309371 -8.843286514 0.878790438 -0.033862315 0.476004928 212.414855957
0.477273732 0.024271587 -0.878419459 174.946380615 0.017686708 0.999150693 0.037217267 -8.818333626 0.878576756 -0.033299170 0.476439059 212.825271606
0.476590693 0.024979532 -0.878770351 174.186141968 0.018236848 0.999100268 0.038290512 -8.803950310 0.878936112 -0.034274902 0.475706220 213.246551514
0.476344138 0.026334343 -0.878864467 173.413833618 0.019655017 0.998982787 0.040586583 -8.782054901 0.879039168 -0.036607280 0.475341886 213.663238525
0.475767255 0.025795031 -0.879192889 172.640151978 0.020228395 0.998984635 0.040256068 -8.757127762 0.879338562 -0.036937177 0.474762291 214.083953857
0.475773007 0.028258489 -0.879114032 171.867401123 0.017625861 0.998976827 0.041650441 -8.735220909 0.879391432 -0.035311300 0.474788100 214.495330811
0.475964248 0.029188346 -0.878980160 171.096221924 0.019539498 0.998851478 0.043749481 -8.709023476 0.879247665 -0.037998021 0.474847198 214.910980225
0.476543486 0.027875122 -0.878708899 170.321853638 0.023294706 0.998745978 0.044316277 -8.685356140 0.878842235 -0.041587893 0.475296497 215.327316284
0.475494444 0.023302028 -0.879410088 169.573181152 0.024657274 0.998903334 0.039800394 -8.669270515 0.879373074 -0.040608712 0.474398345 215.740554810
0.474822372 0.015416203 -0.879946709 168.819244385 0.024839353 0.999213576 0.030909102 -8.649521828 0.879731059 -0.036533635 0.474065930 216.143630981
0.472722262 0.010647525 -0.881147206 168.066207886 0.027682997 0.999254048 0.026926212 -8.627836227 0.880776525 -0.037121411 0.472074836 216.556549072
0.471809417 0.012058433 -0.881618083 167.322448730 0.031816818 0.999022305 0.030691430 -8.611704826 0.881126225 -0.042530783 0.470964521 216.959960938
0.471620798 0.018980449 -0.881597161 166.567413330 0.029669944 0.998860657 0.037377372 -8.604480743 0.881302118 -0.043784887 0.470520318 217.354446411
0.470914662 0.020558661 -0.881939232 165.832763672 0.025820009 0.998978853 0.037073631 -8.585188866 0.881800830 -0.040230192 0.469902962 217.737335205
0.470352769 0.017516190 -0.882304668 165.110015869 0.026829069 0.999056995 0.034136515 -8.570098877 0.882070541 -0.039727613 0.469439268 218.118515015
0.469029278 0.014141100 -0.883069396 164.408538818 0.031789236 0.998953640 0.032881208 -8.551262856 0.882610261 -0.043494351 0.468088955 218.502807617
0.468267918 0.016498957 -0.883432448 163.715270996 0.031824861 0.998861909 0.035523657 -8.543870926 0.883013070 -0.044749703 0.467209965 218.864257812
0.466705084 0.018992018 -0.884209037 163.041809082 0.032098357 0.998746932 0.038394418 -8.529745102 0.883830190 -0.046300527 0.465510726 219.220336914
0.464228749 0.017228490 -0.885547936 162.383712769 0.034362935 0.998707652 0.037444051 -8.515788078 0.885048509 -0.047812618 0.463036776 219.565887451
0.460662067 0.016991012 -0.887413085 161.748504639 0.035432193 0.998667657 0.037514269 -8.503514290 0.886868119 -0.048724387 0.459446192 219.896041870
0.456539869 0.019808378 -0.889482498 161.131042480 0.031995863 0.998739898 0.038663838 -8.488910675 0.889127374 -0.046111338 0.455330759 220.203582764
0.450803638 0.020410158 -0.892389894 160.529357910 0.031020844 0.998776495 0.038513996 -8.472227097 0.892083943 -0.045044929 0.449618906 220.496078491
0.443130642 0.024642544 -0.896118343 159.947692871 0.027834741 0.998761892 0.041229453 -8.462278366 0.896024704 -0.043213256 0.441896111 220.779190063
0.435420036 0.026588531 -0.899834633 159.370849609 0.026694737 0.998742819 0.042428378 -8.451711655 0.899831593 -0.042495016 0.434162766 221.045272827
0.425936848 0.025067357 -0.904405534 158.822540283 0.024163583 0.998944342 0.039067712 -8.439286232 0.904430330 -0.038494051 0.424881369 221.291625977
0.414396435 0.018657286 -0.909905195 158.283081055 0.026625851 0.999113262 0.032612629 -8.432012558 0.909707010 -0.037741557 0.413532138 221.530364990
0.399118811 0.010415491 -0.916840076 157.748931885 0.031928357 0.999171078 0.025249846 -8.421609879 0.916342974 -0.039350878 0.398455501 221.761550903
0.379187942 0.006658802 -0.925295770 157.212463379 0.035236377 0.999144852 0.021630183 -8.415338516 0.924648464 -0.040805973 0.378629088 221.971450806
0.353519589 0.008291394 -0.935390413 156.668365479 0.034215193 0.999176979 0.021788027 -8.403399467 0.934801102 -0.039707050 0.352944970 222.163162231
0.324034393 0.014580851 -0.945932984 156.103973389 0.030902181 0.999184549 0.025987394 -8.391937256 0.945540369 -0.037652191 0.323319644 222.339004517
0.293062150 0.020407310 -0.955875576 155.538848877 0.027769363 0.999168694 0.029845402 -8.382442474 0.955689967 -0.035290610 0.292251825 222.497955322
0.259550482 0.025422063 -0.965394855 154.985122681 0.024982022 0.999142170 0.033027258 -8.373009682 0.965406239 -0.032689754 0.258692712 222.621490479
0.224595040 0.030247917 -0.973982573 154.439880371 0.021128612 0.999131858 0.035901092 -8.368089676 0.974223077 -0.028642099 0.223760992 222.715011597
0.189180642 0.032990426 -0.981387973 153.877868652 0.018953621 0.999126554 0.037240390 -8.352346420 0.981759369 -0.025646014 0.188390106 222.803100586
0.154172316 0.035403337 -0.987409532 153.328979492 0.016966619 0.999115586 0.038472194 -8.346614838 0.987898231 -0.022684347 0.153435349 222.858474731
0.119374931 0.036878757 -0.992164016 152.780883789 0.015448847 0.999119937 0.038996071 -8.331449509 0.992729008 -0.019982947 0.118700154 222.893386841
0.084275603 0.038395949 -0.995702505 152.223281860 0.013188198 0.999126852 0.039644238 -8.318486214 0.996355176 -0.016472565 0.083695620 222.921234131
0.049605999 0.037291568 -0.998072505 151.654220581 0.008395394 0.999251842 0.037752900 -8.303414345 0.998733580 -0.010251983 0.049255792 222.918746948
0.017808698 0.037172772 -0.999150217 151.081481934 0.000892093 0.999307692 0.037194531 -8.281290054 0.999840915 -0.001553725 0.017763175 222.889236450
-0.009431154 0.039073251 -0.999191880 150.503097534 -0.003496582 0.999228895 0.039107706 -8.257882118 0.999949336 0.003862586 -0.009287119 222.861053467
-0.031880438 0.043418463 -0.998548210 149.907958984 -0.003421699 0.999045432 0.043549329 -8.230464935 0.999485731 0.004805098 -0.031701423 222.825592041
-0.049728975 0.050580926 -0.997481167 149.300292969 -0.004681461 0.998694062 0.050875828 -8.209047318 0.998751760 0.007199666 -0.049427237 222.779510498
-0.063374534 0.057401590 -0.996337712 148.677062988 -0.007421155 0.998289824 0.057986103 -8.185349464 0.997962117 0.011068814 -0.062840149 222.726821899
-0.075015873 0.058249190 -0.995479643 148.041152954 -0.012339250 0.998161852 0.059335977 -8.157900810 0.997105896 0.016734617 -0.074159384 222.664886475
-0.084330142 0.058917746 -0.994694471 147.403930664 -0.016456405 0.998031914 0.060510602 -8.122040749 0.996301889 0.021471968 -0.083194755 222.593765259
-0.089127399 0.059429560 -0.994245648 146.741973877 -0.015659735 0.998011291 0.061058439 -8.086173058 0.995896995 0.021011602 -0.088019535 222.527328491
-0.091719955 0.059119519 -0.994028389 146.071365356 -0.011355304 0.998109043 0.060409985 -8.044667244 0.995720029 0.016828295 -0.090875253 222.467788696
-0.093470514 0.059384678 -0.993849456 145.361938477 -0.006773090 0.998158634 0.060279157 -8.013796806 0.995598972 0.012365761 -0.092896163 222.400543213
-0.094623685 0.056787085 -0.993892193 144.656021118 -0.004796854 0.998334229 0.057497565 -7.974957466 0.995501518 0.010208192 -0.094193690 222.332168579
-0.094577476 0.052369706 -0.994139075 143.938934326 -0.001125007 0.998609185 0.052712195 -7.941026688 0.995516896 0.006103805 -0.094387025 222.259994507
-0.095042519 0.048229255 -0.994304240 143.202392578 0.004082331 0.998836100 0.048058860 -7.909344196 0.995464742 0.000508555 -0.095128685 222.200439453
-0.094650641 0.046215169 -0.994437218 142.450866699 0.006616961 0.998928905 0.045794114 -7.871595383 0.995488584 -0.002245710 -0.094854996 222.130004883
-0.093878962 0.048483226 -0.994402349 141.682189941 0.006850070 0.998821259 0.048051979 -7.836302280 0.995559990 -0.002300657 -0.094100311 222.055709839
-0.092373632 0.054032758 -0.994257331 140.885650635 0.007435185 0.998536110 0.053574517 -7.798470020 0.995696425 -0.002443615 -0.092640162 221.980316162
-0.090711497 0.056736104 -0.994259715 140.076828003 0.008386279 0.998383939 0.056206323 -7.758854866 0.995841801 -0.003239576 -0.091040708 221.908370972
-0.087866500 0.052478291 -0.994749010 139.262481689 0.005782473 0.998621345 0.052171819 -7.722522736 0.996115446 -0.001167951 -0.088048786 221.829467773
-0.084198236 0.043857533 -0.995483398 138.435653687 0.004162018 0.999037683 0.043662105 -7.685516834 0.996440351 -0.000466944 -0.084299862 221.751388550
-0.080078125 0.038118213 -0.996059477 137.591735840 0.007958391 0.999261141 0.037600927 -7.643941402 0.996756852 -0.004916014 -0.080322415 221.686340332
-0.075535461 0.039095439 -0.996376455 136.732147217 0.013492143 0.999179721 0.038182590 -7.613012791 0.997051775 -0.010559109 -0.076001063 221.623626709
-0.070430927 0.041660037 -0.996646404 135.852203369 0.018413033 0.999011517 0.040457696 -7.584109306 0.997346520 -0.015501809 -0.071128398 221.564010620
-0.066344649 0.044549778 -0.996801853 134.951187134 0.019208867 0.998874724 0.043363925 -7.548856735 0.997611880 -0.016270466 -0.067125693 221.505569458
-0.061912805 0.046446748 -0.997000277 134.038742065 0.020540975 0.998764277 0.045253348 -7.504927635 0.997870207 -0.017677594 -0.062790327 221.450866699
-0.057942659 0.050963130 -0.997018278 133.111831665 0.023298334 0.998493135 0.049684521 -7.474831581 0.998047948 -0.020350009 -0.059042722 221.403533936
-0.054853849 0.052368853 -0.997120142 132.178314209 0.021450931 0.998454928 0.051258899 -7.434003830 0.998263896 -0.018577404 -0.055892456 221.348297119
-0.051853240 0.048371524 -0.997482538 131.219726562 0.028472722 0.998491764 0.046940338 -7.387251854 0.998248696 -0.025967032 -0.053152293 221.300750732
-0.050419111 0.043719590 -0.997770846 130.254638672 0.037600357 0.998416126 0.041847866 -7.343375206 0.998020113 -0.035406601 -0.051983163 221.263381958
-0.050115086 0.035776734 -0.998102486 129.297012329 0.036729101 0.998748064 0.033955701 -7.316172600 0.998067796 -0.034957711 -0.051366460 221.216888428
-0.050147682 0.030191040 -0.998285413 128.299697876 0.040476069 0.998783290 0.028172836 -7.285734177 0.997921288 -0.038993865 -0.051308632 221.167663574
-0.050355703 0.028682634 -0.998319387 127.304100037 0.043457121 0.998703778 0.026501684 -7.256655216 0.997785389 -0.042049576 -0.051536869 221.120819092
-0.049485713 0.036411323 -0.998110890 126.283554077 0.036687918 0.998727083 0.034614839 -7.235367775 0.998100698 -0.034905668 -0.050758600 221.055923462
-0.049448676 0.048206791 -0.997612596 125.253875732 0.033231106 0.998361051 0.046595786 -7.202607155 0.998223722 -0.030847674 -0.050969549 220.989791870
-0.050988454 0.057715282 -0.997030199 124.218360901 0.030401746 0.997955799 0.056214117 -7.159703732 0.998236358 -0.027445188 -0.052638799 220.924484253
-0.053763397 0.058131590 -0.996860206 123.214225769 0.032548510 0.997875631 0.056435373 -7.127841473 0.998023212 -0.029412154 -0.055541217 220.874374390
-0.056624398 0.047736514 -0.997253716 122.207679749 0.036522593 0.998286843 0.045712207 -7.082642078 0.997727275 -0.033833865 -0.058270801 220.818145752
-0.058716074 0.038831480 -0.997519314 121.187629700 0.037583403 0.998620868 0.036662120 -7.050625801 0.997566998 -0.035337511 -0.060094528 220.752319336
-0.062015623 0.035656340 -0.997438073 120.168601990 0.039232619 0.998676360 0.033261329 -7.024072647 0.997303784 -0.037069384 -0.063332438 220.697067261
-0.065178610 0.037796382 -0.997157574 119.141410828 0.040062256 0.998575926 0.035231505 -7.000075817 0.997069061 -0.037652045 -0.066599920 220.631057739
-0.067363679 0.041646130 -0.996858954 118.126464844 0.037392039 0.998531938 0.039189227 -6.973783016 0.997027576 -0.034634657 -0.068822026 220.548828125
-0.068944231 0.048829500 -0.996424794 117.101898193 0.038345043 0.998193085 0.046262998 -6.940215111 0.996883333 -0.035018384 -0.070692077 220.475311279
-0.070266955 0.056867320 -0.995906055 116.077461243 0.037550561 0.997816861 0.054327033 -6.901599884 0.996821105 -0.033579431 -0.072249033 220.401641846
-0.071461312 0.057374809 -0.995791793 115.064384460 0.034605615 0.997885823 0.055012047 -6.863150597 0.996842742 -0.030528756 -0.073295735 220.320602417
-0.072463542 0.050782084 -0.996077418 114.069702148 0.032756113 0.998285413 0.048511684 -6.832672119 0.996832967 -0.029112292 -0.074002713 220.240615845
-0.073317043 0.043490041 -0.996360004 113.074905396 0.035322692 0.998535216 0.040985774 -6.796719551 0.996682882 -0.032189157 -0.074745782 220.165649414
-0.073780268 0.042176850 -0.996382236 112.071601868 0.034353614 0.998619795 0.039727744 -6.761167526 0.996682584 -0.031298205 -0.075127415 220.088638306
-0.072954230 0.046550039 -0.996248424 111.068794250 0.036609191 0.998361826 0.043967955 -6.731605530 0.996663153 -0.033264190 -0.074538879 220.010299683
-0.072552204 0.053761940 -0.995914578 110.071411133 0.036066182 0.998034418 0.051248968 -6.696137428 0.996712267 -0.032200608 -0.074348658 219.931137085
-0.072028719 0.055906702 -0.995834470 109.083839417 0.037969954 0.997857749 0.053273931 -6.664922237 0.996679604 -0.033974543 -0.073997132 219.856781006
-0.071205020 0.052678801 -0.996069670 108.086334229 0.037791621 0.998029947 0.050080914 -6.626125336 0.996745467 -0.034077074 -0.073055416 219.787231445
-0.070444666 0.047160838 -0.996400177 107.118225098 0.038261421 0.998274565 0.044544499 -6.591695309 0.996781647 -0.034985770 -0.072127484 219.720382690
-0.068655640 0.043808453 -0.996678114 106.145500183 0.039652742 0.998365760 0.041151170 -6.570881844 0.996852040 -0.036695760 -0.070280641 219.644836426
-0.068043113 0.035865482 -0.997037470 105.186630249 0.042878676 0.998535275 0.032993086 -6.545701504 0.996760428 -0.040506694 -0.069481373 219.581161499
-0.067117929 0.034739703 -0.997140050 104.211853027 0.044405464 0.998507440 0.031798389 -6.522338867 0.996756375 -0.042144231 -0.068560362 219.517089844
-0.065816373 0.040176935 -0.997022569 103.234252930 0.047148403 0.998198271 0.037111908 -6.492540836 0.996717215 -0.044565450 -0.067592114 219.454330444
-0.064703710 0.047814485 -0.996758401 102.262733459 0.051252987 0.997692347 0.044532251 -6.469622135 0.996587396 -0.048205443 -0.067005105 219.396896362
-0.063196212 0.047839705 -0.996853948 101.297752380 0.050664932 0.997716129 0.044669159 -6.443638802 0.996714234 -0.047682598 -0.065475732 219.334960938
-0.062550724 0.046797428 -0.996944070 100.336288452 0.050598949 0.997764170 0.043661226 -6.412083626 0.996758282 -0.047713269 -0.064778864 219.272171021
-0.062264487 0.045252498 -0.997033298 99.380920410 0.056052592 0.997553468 0.041775633 -6.382767677 0.996484339 -0.053285155 -0.064648710 219.213043213
-0.062808983 0.043970712 -0.997056484 98.429542542 0.058441475 0.997476757 0.040307757 -6.358774662 0.996312797 -0.055737771 -0.065220147 219.160964966
-0.063718036 0.042766962 -0.997051179 97.485092163 0.058861878 0.997503042 0.039024681 -6.334696770 0.996230423 -0.056201726 -0.066076301 219.098510742
-0.065041311 0.046263251 -0.996809661 96.535537720 0.062960550 0.997124672 0.042169731 -6.302042961 0.995894313 -0.060016904 -0.067767061 219.039459229
-0.066442132 0.052346069 -0.996416211 95.584304810 0.065663777 0.996687472 0.047981791 -6.272169590 0.995627284 -0.062240437 -0.069659263 218.978424072
-0.068689987 0.053028524 -0.996227682 94.653854370 0.064444229 0.996736526 0.048612181 -6.239388943 0.995554447 -0.060861949 -0.071883112 218.908050537
-0.070876181 0.052240252 -0.996116281 93.738594055 0.064849421 0.996756315 0.047659617 -6.215087891 0.995374799 -0.061219625 -0.074034154 218.835800171
-0.074472383 0.053323101 -0.995796502 92.818046570 0.064003877 0.996766150 0.048588395 -6.178172112 0.995167077 -0.060116336 -0.077644438 218.767227173
-0.077292591 0.057453740 -0.995351672 91.896888733 0.061440445 0.996715248 0.052761383 -6.148528576 0.995113492 -0.057076778 -0.080568671 218.687408447
-0.080395557 0.058173463 -0.995064020 90.995025635 0.058388997 0.996856034 0.053560723 -6.115079403 0.995051444 -0.053794738 -0.083539516 218.603805542
-0.083298750 0.055820938 -0.994959950 90.110549927 0.056398254 0.997093797 0.051218946 -6.080435753 0.994927406 -0.051847529 -0.086204775 218.517135620
-0.086459868 0.053770103 -0.994803309 89.229934692 0.056999002 0.997173905 0.048944362 -6.039288044 0.994623363 -0.052471079 -0.089280307 218.452697754
-0.088306896 0.052573569 -0.994705081 88.367584229 0.056582738 0.997258604 0.047685295 -6.011649132 0.994484901 -0.052072182 -0.091039583 218.366867065
-0.089764088 0.052136216 -0.994597554 87.521858215 0.054111615 0.997409225 0.047399946 -5.982368946 0.994491935 -0.049564462 -0.092352599 218.291946411
-0.090447783 0.051075123 -0.994590700 86.706939697 0.052642994 0.997533023 0.046438880 -5.959586620 0.994508862 -0.048157930 -0.092913359 218.214218140
-0.090870075 0.052299418 -0.994488597 85.894187927 0.052644666 0.997475982 0.047646191 -5.933984280 0.994470358 -0.048024900 -0.093393959 218.141265869
-0.090550393 0.054305371 -0.994410157 85.110954285 0.049696885 0.997514486 0.049949542 -5.907426834 0.994651079 -0.044896137 -0.093024075 218.064636230
-0.088483125 0.055368040 -0.994537652 84.347389221 0.046692394 0.997586846 0.051383615 -5.884501457 0.994982719 -0.041890766 -0.090854868 217.985076904
-0.086389095 0.056438826 -0.994661570 83.608398438 0.045765780 0.997564852 0.052628689 -5.864214897 0.995209694 -0.040974919 -0.088761717 217.926437378
-0.081903033 0.057623964 -0.994973123 82.888381958 0.046469115 0.997462153 0.053942934 -5.833136082 0.995556295 -0.041817438 -0.084372938 217.870727539
-0.075210497 0.058981262 -0.995421827 82.195114136 0.045136474 0.997427225 0.055689756 -5.811463356 0.996145606 -0.040741377 -0.077679224 217.811935425
-0.067819990 0.059102982 -0.995945454 81.517005920 0.043928485 0.997452497 0.056201074 -5.783457756 0.996729970 -0.039938819 -0.070243575 217.777359009
-0.057869166 0.058761086 -0.996593297 80.855415344 0.041672394 0.997538328 0.056397017 -5.762763023 0.997453928 -0.038266778 -0.060175445 217.756546021
-0.043960147 0.056011390 -0.997461855 80.213233948 0.041214116 0.997678816 0.054207183 -5.734492302 0.998182654 -0.038726553 -0.046166498 217.731155396
-0.026789483 0.052968290 -0.998236835 79.595230103 0.042009711 0.997772634 0.051816259 -5.707391739 0.998757899 -0.040547505 -0.028954981 217.718719482
-0.006007809 0.052163400 -0.998620570 78.997917175 0.044405747 0.997667372 0.051846467 -5.691645145 0.998995364 -0.044033002 -0.008310132 217.717681885
0.016817324 0.051753096 -0.998518288 78.397583008 0.044178113 0.997645736 0.052451938 -5.666378021 0.998881996 -0.044994757 0.014491405 217.735244751
0.042335778 0.052518118 -0.997722208 77.812324524 0.042564087 0.997615993 0.054318633 -5.647985458 0.998196185 -0.044766750 0.039999444 217.766540527
0.072148524 0.054239966 -0.995917916 77.216857910 0.038569227 0.997621655 0.057126872 -5.629782677 0.996647656 -0.042533409 0.069884963 217.795745850
0.101057470 0.055049844 -0.993356347 76.653076172 0.035760194 0.997621655 0.058924232 -5.608072281 0.994237721 -0.041477349 0.098848611 217.900573730
0.134740561 0.052879591 -0.989468873 76.082595825 0.035036545 0.997696221 0.058090370 -5.577765465 0.990261316 -0.042494703 0.132577419 218.002883911
0.171666831 0.049127340 -0.983929276 75.515090942 0.029754950 0.998041630 0.055023327 -5.547657967 0.984705627 -0.038722452 0.169868872 218.121078491
0.211323708 0.045429237 -0.976359725 74.943115234 0.022005677 0.998444915 0.051219758 -5.521459103 0.977168441 -0.032309409 0.209995419 218.249786377
0.253896892 0.042159818 -0.966311991 74.384597778 0.015391662 0.998747051 0.047619067 -5.489639759 0.967108905 -0.026963482 0.252929837 218.392089844
0.298365206 0.041551109 -0.953546822 73.851486206 0.007750646 0.998913527 0.045953155 -5.480310440 0.954420388 -0.021101424 0.297719032 218.571273804
0.346181273 0.040597800 -0.937288821 73.314270020 -0.001029139 0.999079049 0.042894084 -5.458609581 0.938167095 -0.013884525 0.345904291 218.779602051
0.395323277 0.040373348 -0.917654276 72.802673340 -0.013342297 0.999180555 0.038212359 -5.433866501 0.918445289 -0.002862616 0.395538092 219.023330688
0.446820259 0.044315297 -0.893525422 72.341766357 -0.014246396 0.998998165 0.042422201 -5.453864098 0.894510210 -0.006225583 0.447003931 219.289611816
0.499254405 0.046301603 -0.865217388 71.855590820 -0.017275743 0.998904705 0.043487202 -5.432142735 0.866283059 -0.006763906 0.499507427 219.596313477
0.551914215 0.050564524 -0.832366467 71.391517639 -0.020606019 0.998682082 0.047004685 -5.413436413 0.833646238 -0.008790796 0.552228749 219.937713623
0.602716863 0.051325869 -0.796302676 70.944664001 -0.020752402 0.998600006 0.048657596 -5.394941330 0.797685146 -0.012801562 0.602938056 220.311172485
0.649843812 0.050061893 -0.758417249 70.535148621 -0.020503789 0.998620033 0.048348770 -5.384056568 0.759791136 -0.015868716 0.649973512 220.713394165
0.692480981 0.044634655 -0.720054030 70.151771545 -0.019687692 0.998881817 0.042984806 -5.369060040 0.721167445 -0.015589958 0.692585289 221.143936157
0.734152019 0.041698098 -0.677703559 69.789688110 -0.025563188 0.999102294 0.033780843 -5.351419449 0.678503692 -0.007476010 0.734558821 221.543563843
0.770979285 0.040444445 -0.635574698 69.439743042 -0.034874167 0.999165118 0.021277467 -5.336906910 0.635904670 0.005760655 0.771746039 222.000305176
0.805113375 0.033904951 -0.592151105 69.117401123 -0.033755068 0.999365985 0.011326162 -5.323960304 0.592159688 0.010869257 0.805747271 222.483093262
0.836612999 0.024901705 -0.547228277 68.826644897 -0.025372725 0.999655545 0.006699180 -5.317952156 0.547206581 0.008280048 0.836956561 223.011260986
0.865668714 0.019786887 -0.500226200 68.556396484 -0.019271635 0.999795079 0.006197162 -5.320150375 0.500246286 0.004275486 0.865872562 223.564392090
0.891413569 0.020013798 -0.452748656 68.303421021 -0.018661298 0.999798059 0.007454069 -5.322944164 0.452806473 0.001804220 0.891606927 224.131530762
0.914784729 0.020658482 -0.403412968 68.026306152 -0.020319182 0.999780416 0.005121964 -5.316983223 0.403430223 0.003511525 0.915003598 224.702911377
0.933808446 0.017860420 -0.357327312 67.826278687 -0.017101068 0.999839783 0.005284889 -5.318298340 0.357364416 0.001175602 0.933964193 225.305221558
0.949853122 0.016722852 -0.312249064 67.647468567 -0.015921853 0.999860227 0.005114802 -5.322703362 0.312290967 0.000113273 0.949986398 225.927993774
0.963326991 0.020464752 -0.267548561 67.483161926 -0.020350426 0.999787748 0.003200520 -5.329254150 0.267557204 0.002361577 0.963539124 226.571563721
0.973998904 0.019499650 -0.225711942 67.350082397 -0.020370526 0.999791324 -0.001529797 -5.331906796 0.225634933 0.006087892 0.974192858 227.195831299
0.982066274 0.008858470 -0.188327700 67.251525879 -0.011110257 0.999878764 -0.010904448 -5.341336250 0.188208267 0.012801256 0.982045710 227.861358643
0.987402380 0.002927852 -0.158202395 67.170616150 -0.006128334 0.999786317 -0.019746210 -5.353100300 0.158110857 0.020466961 0.987209141 228.535690308
0.991420627 0.001454048 -0.130703360 67.092697144 -0.004456519 0.999732792 -0.022682032 -5.364648819 0.130635425 0.023069911 0.991162062 229.220642090
0.994103611 0.002195962 -0.108412951 67.026550293 -0.004188698 0.999826431 -0.018156702 -5.376070023 0.108354226 0.018503752 0.993940175 229.939743042
0.995959044 0.002047461 -0.089785337 66.961219788 -0.002754733 0.999966204 -0.007754138 -5.392390728 0.089766383 0.007970136 0.995930910 230.672637939
0.997269571 0.004688707 -0.073698580 66.904167175 -0.004553323 0.999987662 0.002004938 -5.402973175 0.073707066 -0.001663895 0.997278571 231.407409668
0.998123050 0.001513596 -0.061222412 66.867355347 -0.001172118 0.999983668 0.005613215 -5.409431458 0.061229881 -0.005530922 0.998108387 232.151519775
0.998530030 -0.007671990 -0.053655922 66.844879150 0.007962439 0.999954760 0.005201607 -5.415406227 0.053613544 -0.005621191 0.998545945 232.904479980
0.998731256 -0.013560564 -0.048498474 66.814849854 0.013661513 0.999905109 0.001750663 -5.418536663 0.048470188 -0.002411001 0.998821676 233.657852173
0.998873770 -0.016379790 -0.044532433 66.776336670 0.016293563 0.999864578 -0.002298456 -5.422536373 0.044564012 0.001570281 0.999005318 234.420120239
0.998880982 -0.018032445 -0.043722242 66.751098633 0.017803814 0.999825776 -0.005613053 -5.429121971 0.043815792 0.004828349 0.999027967 235.180145264
0.998872817 -0.019220609 -0.043400723 66.715530396 0.019037824 0.999808192 -0.004621136 -5.434122086 0.043481186 0.003789669 0.999047101 235.960372925
0.998896599 -0.020251233 -0.042374004 66.679801941 0.020224584 0.999794900 -0.001057478 -5.442303181 0.042386688 0.000199313 0.999101222 236.758422852
0.998752236 -0.025177833 -0.043129683 66.657630920 0.025234766 0.999681234 0.000776081 -5.452894688 0.043096453 -0.001863480 0.999069154 237.546035767
0.998645663 -0.027543249 -0.044137865 66.621856689 0.027346469 0.999613225 -0.005056089 -5.462838650 0.044260032 0.003842227 0.999012530 238.342941284
0.998555541 -0.030347414 -0.044338752 66.585998535 0.029815126 0.999475837 -0.012617443 -5.478981495 0.044698421 0.011277252 0.998936892 239.145767212
0.998140931 -0.040407188 -0.045627952 66.565765381 0.039563444 0.999031723 -0.019246100 -5.485159874 0.046361532 0.017405106 0.998773098 239.953948975
0.997606635 -0.050199993 -0.047551412 66.540893555 0.049195420 0.998545408 -0.022066334 -5.506646633 0.048590060 0.019674199 0.998625040 240.779953003
0.997085154 -0.058837742 -0.048571825 66.503143311 0.057837963 0.998089254 -0.021739526 -5.536392212 0.049758226 0.018866859 0.998583078 241.602554321
0.996675074 -0.063613579 -0.050913360 66.473564148 0.062799945 0.997873962 -0.017425764 -5.545248985 0.051913682 0.014170468 0.998551071 242.450210571
0.996482611 -0.063920714 -0.054189444 66.436248779 0.063473009 0.997933984 -0.009945290 -5.561640739 0.054713279 0.006470744 0.998481154 243.299606323
0.996562183 -0.060457546 -0.056645259 66.381507874 0.060472656 0.998168707 -0.001449225 -5.581189632 0.056629214 -0.001981250 0.998393357 244.158889771
0.996857882 -0.053335361 -0.058563586 66.318679810 0.053589419 0.998559177 0.002774840 -5.588473797 0.058331206 -0.005904513 0.998279750 245.024978638
0.997096956 -0.047532812 -0.059484318 66.262741089 0.048029166 0.998821795 0.006941448 -5.594107628 0.059084326 -0.009778284 0.998205125 245.904541016
0.997332573 -0.040217295 -0.060913712 66.190177917 0.040757403 0.999139845 0.007649900 -5.600667953 0.060553677 -0.010112181 0.998113632 246.808609009
0.997389317 -0.038750362 -0.060934342 66.124740601 0.038936887 0.999239862 0.001876272 -5.603870392 0.060815308 -0.004243966 0.998139918 247.707138062
0.997418225 -0.037055764 -0.061510950 66.065025330 0.036651447 0.999298632 -0.007688924 -5.611559868 0.061752804 0.005414599 0.998076618 248.611343384
0.997485340 -0.035591140 -0.061287209 66.007659912 0.034853358 0.999307096 -0.013065623 -5.624480247 0.061709736 0.010896701 0.998034656 249.527374268
0.997491300 -0.035565417 -0.061204728 65.953247070 0.034832627 0.999308646 -0.012998375 -5.637508392 0.061624702 0.010833848 0.998040497 250.437667847
0.997691870 -0.031362362 -0.060226142 65.889076233 0.030989386 0.999494374 -0.007117161 -5.653771400 0.060418881 0.005234368 0.998159349 251.380981445
0.997921646 -0.026499303 -0.058738533 65.825424194 0.026381271 0.999648213 -0.002784142 -5.669126511 0.058791611 0.001228767 0.998269558 252.330459595
0.998086214 -0.022981219 -0.057408929 65.767715454 0.023168352 0.999728203 0.002596091 -5.679523945 0.057333767 -0.003921192 0.998347342 253.282867432
0.998201907 -0.020487247 -0.056331173 65.712585449 0.020901132 0.999758720 0.006767984 -5.677508831 0.056178998 -0.007933201 0.998389125 254.253982544
0.998343945 -0.017989224 -0.054641761 65.647567749 0.018434130 0.999800861 0.007648958 -5.683892250 0.054493200 -0.008643557 0.998476624 255.238998413
0.998365402 -0.018782217 -0.053979486 65.597160339 0.018850330 0.999822080 0.000752966 -5.694346905 0.053955674 -0.001769267 0.998541713 256.227600098
0.998353839 -0.019629875 -0.053890318 65.538337708 0.019106094 0.999765277 -0.010217466 -5.698581219 0.054078341 0.009171013 0.998494565 257.229492188
0.998230815 -0.022844031 -0.054892711 65.486236572 0.022195036 0.999676704 -0.012403729 -5.708807468 0.055158380 0.011163433 0.998415172 258.229187012
0.998158932 -0.020907301 -0.056936413 65.427925110 0.020797733 0.999780595 -0.002516299 -5.724746704 0.056976527 0.001327515 0.998374641 259.266326904
0.998097360 -0.020810755 -0.058038238 65.364440918 0.021284372 0.999745011 0.007554332 -5.737488747 0.057866216 -0.008775271 0.998285770 260.309692383
0.998061061 -0.019572178 -0.059085429 65.295379639 0.020120088 0.999759734 0.008692366 -5.743011475 0.058900952 -0.009864313 0.998215079 261.360565186
0.997978449 -0.020349577 -0.060207404 65.232727051 0.020577990 0.999783278 0.003176092 -5.744387627 0.060129654 -0.004408619 0.998180866 262.390899658
0.997837722 -0.023229500 -0.061483998 65.175765991 0.023145478 0.999729991 -0.002078468 -5.749594212 0.061515614 0.000650891 0.998105884 263.446990967
0.997817397 -0.021488883 -0.062440336 65.107589722 0.021296360 0.999766231 -0.003747185 -5.760553360 0.062506378 0.002409253 0.998041630 264.465759277
0.997778118 -0.021371063 -0.063103624 65.036285400 0.021292992 0.999771535 -0.001909362 -5.773546696 0.063130096 0.000561460 0.998005092 265.528839111
0.997752666 -0.020978328 -0.063635387 64.967529297 0.021059103 0.999778092 0.000598901 -5.787433147 0.063608766 -0.001937660 0.997973025 266.584564209
0.997769117 -0.017700406 -0.064370453 64.895477295 0.017920997 0.999835312 0.002851144 -5.797104359 0.064309448 -0.003998365 0.997921944 267.640319824
0.997747600 -0.016847054 -0.064929694 64.820549011 0.017291268 0.999830723 0.006285718 -5.807209969 0.064812839 -0.007394277 0.997869968 268.713531494
0.997756124 -0.016376927 -0.064919084 64.747817993 0.016974114 0.999818444 0.008658165 -5.815274239 0.064765528 -0.009740683 0.997852921 269.765045166
0.997720659 -0.017259199 -0.065235615 64.676269531 0.017816842 0.999809444 0.007976142 -5.822460175 0.065085471 -0.009120256 0.997838020 270.838836670
0.997643352 -0.020793147 -0.065386400 64.608757019 0.021038098 0.999773979 0.003059962 -5.826601028 0.065308027 -0.004428357 0.997855365 271.905426025
0.997622192 -0.021064043 -0.065622866 64.534133911 0.020979488 0.999777973 -0.001977311 -5.832104683 0.065649897 0.000595879 0.997842550 272.957916260
0.997550607 -0.020663347 -0.066827327 64.465240479 0.020628184 0.999786437 -0.001216299 -5.860078812 0.066838264 -0.000165198 0.997763753 274.007110596
0.997404754 -0.023132004 -0.068180986 64.398216248 0.023008328 0.999731839 -0.002598772 -5.880336761 0.068222940 0.001023295 0.997669637 275.060607910
0.997336328 -0.022618379 -0.069345161 64.319671631 0.022175165 0.999728501 -0.007154710 -5.901368141 0.069488250 0.005597914 0.997567117 276.093688965
0.997248769 -0.022709293 -0.070563681 64.237327576 0.022169385 0.999718785 -0.008425190 -5.911449432 0.070735142 0.006837653 0.997471631 277.164825439
0.997236371 -0.020807192 -0.071320534 64.166610718 0.020782389 0.999783456 -0.001089783 -5.927467823 0.071327895 -0.000395440 0.997452736 278.189086914
0.997217178 -0.020160466 -0.071773052 64.087287903 0.020782445 0.999752581 0.007929596 -5.942073822 0.071595572 -0.009399148 0.997389376 279.244018555
0.997247815 -0.018893600 -0.071691975 64.002304077 0.019515641 0.999777675 0.007985932 -5.946983337 0.071525358 -0.009363068 0.997394741 280.296936035
0.997354448 -0.017396208 -0.070579946 63.930522919 0.017565306 0.999844193 0.001775891 -5.958540440 0.070538133 -0.003010955 0.997504592 281.309600830
0.997471809 -0.014505544 -0.069567725 63.851623535 0.014393017 0.999894202 -0.002118588 -5.966778755 0.069591127 0.001111938 0.997574985 282.350982666
0.997613609 -0.012333794 -0.067933880 63.763000488 0.012104099 0.999919653 -0.003791789 -5.978231907 0.067975178 0.002960460 0.997682631 283.389495850
0.997700095 -0.009572417 -0.067103505 63.696678162 0.009564821 0.999954164 -0.000434606 -5.999830723 0.067104578 -0.000208230 0.997745931 284.423156738
0.997771800 -0.007875811 -0.066252984 63.621578217 0.007967355 0.999967575 0.001117521 -6.011860847 0.066242069 -0.001642896 0.997802258 285.467315674
0.997817755 -0.004305245 -0.065887824 63.549423218 0.004552635 0.999983072 0.003604925 -6.018374443 0.065871224 -0.003897025 0.997820497 286.500366211
0.997847676 -0.004064770 -0.065448701 63.476486206 0.004170634 0.999990225 0.001480997 -6.037721634 0.065442055 -0.001750775 0.997854769 287.521301270
0.997834980 -0.003865152 -0.065653756 63.405754089 0.003744389 0.999991179 -0.001962394 -6.048840523 0.065660775 0.001712307 0.997840464 288.546783447
0.997847795 -0.001387122 -0.065558232 63.326900482 0.001069540 0.999987602 -0.004879088 -6.060767651 0.065564223 0.004798473 0.997836709 289.570770264
0.997843802 -0.000145275 -0.065632641 63.258575439 0.000021342 0.999998271 -0.001888955 -6.075811386 0.065632872 0.001883479 0.997841954 290.599639893
0.997895420 0.001356544 -0.064829648 63.181427002 -0.001257599 0.999998033 0.001566999 -6.091405869 0.064831689 -0.001482171 0.997894943 291.636444092
0.997911334 0.003680443 -0.064494133 63.109161377 -0.003321155 0.999978423 0.005677234 -6.098054886 0.064513609 -0.005451182 0.997901797 292.663421631
0.997848332 0.005384442 -0.065341935 63.041778564 -0.005029352 0.999971688 0.005597651 -6.112019539 0.065370135 -0.005256980 0.997847080 293.678375244
0.997852027 -0.000753986 -0.065503888 62.991851807 0.001117684 0.999984145 0.005516005 -6.117165565 0.065498829 -0.005577369 0.997837007 294.658020020
0.997706532 -0.006863030 -0.067338899 62.933959961 0.007097967 0.999969482 0.003250368 -6.129331112 0.067314662 -0.003720885 0.997724831 295.663116455
0.997583151 -0.006705348 -0.069158524 62.863101959 0.006877566 0.999973834 0.002252388 -6.136572838 0.069141693 -0.002722586 0.997603178 296.666961670
0.997412086 -0.003033351 -0.071831912 62.777275085 0.002948105 0.999994814 -0.001292875 -6.159018993 0.071835548 0.001077762 0.997415900 297.714508057
0.997245610 -0.006873342 -0.073849253 62.704246521 0.006938845 0.999975741 0.000630347 -6.159797192 0.073843271 -0.001141041 0.997269154 298.747833252
0.997055888 -0.002142924 -0.076647483 62.612785339 0.002910063 0.999946833 0.009898282 -6.172495365 0.076622270 -0.010092190 0.997009099 299.771545410
0.996825755 0.001344681 -0.079602391 62.528602600 0.000034528 0.999850035 0.017322276 -6.177202225 0.079613738 -0.017270043 0.996676147 300.781860352
0.996599436 0.002450224 -0.082361802 62.437942505 -0.001042375 0.999852657 0.017132165 -6.172459602 0.082391687 -0.016988058 0.996455252 301.795654297
0.996338189 -0.000933834 -0.085495315 62.347793579 0.002036170 0.999915898 0.012807263 -6.173451424 0.085476160 -0.012934450 0.996256232 302.798156738
0.996014416 -0.005288329 -0.089036338 62.288173676 0.005669562 0.999975801 0.004029566 -6.181601524 0.089012891 -0.004518299 0.996020138 303.718841553
0.995660007 -0.008471890 -0.092679627 62.198867798 0.008242546 0.999961913 -0.002856962 -6.187844753 0.092700295 0.002080651 0.995691776 304.702423096
0.995290160 -0.011297009 -0.096280545 62.102375031 0.011139250 0.999935567 -0.002175896 -6.195926189 0.096298896 0.001093153 0.995351851 305.691314697
0.994862556 -0.011970396 -0.100524545 62.002216339 0.012150915 0.999925435 0.001183784 -6.218207359 0.100502878 -0.002399162 0.994933844 306.695220947
0.994319737 -0.011175106 -0.105845444 61.893077850 0.010919480 0.999935985 -0.002994282 -6.234763145 0.105872095 0.001821497 0.994378090 307.679779053
0.993801594 -0.012909519 -0.110417113 61.776119232 0.012078652 0.999893546 -0.008190493 -6.247138977 0.110511079 0.006806029 0.993851542 308.660552979
0.993251741 -0.009807306 -0.115563244 61.664802551 0.008987043 0.999930561 -0.007616934 -6.259502411 0.115629762 0.006526968 0.993270874 309.642852783
