1.000000000 -0.000000000 0.000000000 -0.000001907 -0.000000000 1.000000000 0.000000000 0.000000000 0.000000000 0.000000000 1.000000000 0.000000477
0.999996245 -0.002390221 -0.001378070 -0.005412083 0.002394245 0.999992847 0.002924816 -0.016466154 0.001371069 -0.002928103 0.999994755 1.523503900
0.999991357 -0.002943809 -0.002933567 -0.007660893 0.002955092 0.999988258 0.003849445 -0.036289580 0.002922204 -0.003858081 0.999988317 3.046655416
0.999989033 -0.001919030 -0.004271147 -0.024272311 0.001933918 0.999992073 0.003484410 -0.048984379 0.004264427 -0.003492631 0.999984741 4.562692642
0.999981761 -0.001165108 -0.005916619 -0.037044656 0.001185618 0.999993324 0.003464240 -0.066744983 0.005912542 -0.003471192 0.999976456 6.068049908
0.999971807 -0.001480737 -0.007358011 -0.049932897 0.001508224 0.999991953 0.003731645 -0.081005052 0.007352426 -0.003742639 0.999965906 7.569554806
0.999956608 -0.001626950 -0.009168847 -0.077438757 0.001665400 0.999989867 0.004187589 -0.095130011 0.009161943 -0.004202679 0.999949157 9.055942535
0.999935448 -0.003596681 -0.010774714 -0.088411078 0.003632995 0.999987781 0.003352574 -0.112467274 0.010762523 -0.003391501 0.999936342 10.570381165
0.999916077 -0.004735214 -0.012052828 -0.117234975 0.004777220 0.999982655 0.003458730 -0.126992539 0.012036241 -0.003516018 0.999921441 12.060742378
0.999900818 -0.004556623 -0.013326668 -0.135245696 0.004603195 0.999983370 0.003466139 -0.142301127 0.013310653 -0.003527140 0.999905109 13.542097092
0.999887705 -0.004310648 -0.014353504 -0.167197198 0.004361617 0.999984324 0.003521575 -0.156086102 0.014338098 -0.003583784 0.999890745 15.027493477
0.999879241 -0.002978846 -0.015250403 -0.183819413 0.003040469 0.999987245 0.004019164 -0.172219589 0.015238237 -0.004065047 0.999875605 16.491361618
0.999871314 -0.001959699 -0.015919797 -0.215787381 0.002035509 0.999986708 0.004747222 -0.186247051 0.015910281 -0.004779017 0.999862075 17.964851379
0.999862492 -0.000603669 -0.016570503 -0.244155884 0.000699939 0.999982953 0.005804587 -0.205261871 0.016566709 -0.005815388 0.999845803 19.441450119
0.999855638 -0.000627503 -0.016977947 -0.274407059 0.000723675 0.999983788 0.005659021 -0.214743406 0.016974116 -0.005670490 0.999839842 20.906021118
0.999844968 0.000583295 -0.017598504 -0.306823105 -0.000484302 0.999984086 0.005628834 -0.223903522 0.017601505 -0.005619438 0.999829292 22.365535736
0.999841630 0.000630802 -0.017787937 -0.332814246 -0.000519648 0.999980330 0.006252799 -0.237646118 0.017791532 -0.006242564 0.999822259 23.824384689
0.999843240 0.001726571 -0.017623328 -0.366523117 -0.001596002 0.999971151 0.007420282 -0.247446984 0.017635634 -0.007390992 0.999817193 25.262191772
0.999842227 0.002163300 -0.017634906 -0.394678950 -0.002054601 0.999978840 0.006179678 -0.259681016 0.017647894 -0.006142469 0.999825537 26.698934555
0.999841273 0.002417919 -0.017658068 -0.428337663 -0.002348009 0.999989390 0.003978795 -0.266368419 0.017667497 -0.003936701 0.999836266 28.130558014
0.999850869 0.000702863 -0.017257417 -0.459886193 -0.000638415 0.999992847 0.003739667 -0.280740887 0.017259922 -0.003728092 0.999844134 29.566125870
0.999854565 0.000077243 -0.017056534 -0.492122710 0.000035396 0.999978244 0.006603416 -0.297774464 0.017056674 -0.006603060 0.999832749 30.973258972
0.999855936 -0.001914382 -0.016861498 -0.519417644 0.002046151 0.999967396 0.007801012 -0.310144246 0.016846016 -0.007834391 0.999827445 32.401504517
0.999857605 -0.002381311 -0.016701059 -0.550693452 0.002499078 0.999972045 0.007034140 -0.318919957 0.016683841 -0.007074874 0.999835908 33.803295135
0.999865413 -0.002788235 -0.016166067 -0.575167894 0.002874167 0.999981761 0.005294765 -0.332722485 0.016151009 -0.005340517 0.999855340 35.196933746
0.999876142 -0.001371911 -0.015676996 -0.606184602 0.001444275 0.999988258 0.004605573 -0.346842319 0.015670495 -0.004627646 0.999866486 36.552444458
0.999888718 -0.001094301 -0.014876395 -0.628263831 0.001148043 0.999992847 0.003604488 -0.364023924 0.014872341 -0.003621165 0.999882936 37.919883728
0.999904752 -0.000613409 -0.013787435 -0.652318299 0.000679844 0.999988258 0.004814445 -0.382388979 0.013784317 -0.004823361 0.999893486 39.250930786
0.999925315 -0.000252179 -0.012219184 -0.678923368 0.000335129 0.999977052 0.006787018 -0.396846890 0.012217195 -0.006790609 0.999902368 40.583106995
0.999945283 -0.000610005 -0.010439236 -0.701688766 0.000692584 0.999968529 0.007908668 -0.412785381 0.010434086 -0.007915466 0.999914289 41.874660492
0.999964893 -0.000556790 -0.008356053 -0.708152711 0.000628417 0.999963045 0.008571709 -0.427227944 0.008350973 -0.008576658 0.999928355 43.167346954
0.999987364 -0.000612280 -0.005004933 -0.724684477 0.000651746 0.999968708 0.007887534 -0.437936872 0.004999951 -0.007890695 0.999956429 44.437377930
0.999998212 -0.001481918 -0.001210231 -0.735725820 0.001489447 0.999979377 0.006244227 -0.454118103 0.001200954 -0.006246018 0.999979854 45.684299469
0.999995768 -0.001667824 0.002399517 -0.740604520 0.001656947 0.999988377 0.004528272 -0.464866817 -0.002407042 -0.004524278 0.999986827 46.907329559
0.999982357 -0.001201557 0.005816947 -0.731583238 0.001171298 0.999985814 0.005202689 -0.479631126 -0.005823116 -0.005195784 0.999969542 48.115627289
0.999931395 -0.001096363 0.011668540 -0.730900824 0.001035687 0.999985874 0.005204747 -0.495477647 -0.011674081 -0.005192305 0.999918401 49.352191925
0.999834657 0.000343776 0.018175652 -0.711699367 -0.000418039 0.999991536 0.004082220 -0.504951775 -0.018174095 -0.004089144 0.999826491 50.540775299
0.999672890 0.001697968 0.025516659 -0.691026807 -0.001803335 0.999989867 0.004106895 -0.517468274 -0.025509432 -0.004151567 0.999665976 51.738391876
0.999423385 0.002764532 0.033844620 -0.651177287 -0.002932125 0.999983728 0.004903166 -0.526101708 -0.033830512 -0.004999575 0.999415100 52.936237335
0.999007165 0.005181475 0.044249527 -0.609044552 -0.005439449 0.999968946 0.005711556 -0.539741278 -0.044218551 -0.005946579 0.999004304 54.107666016
0.998347104 0.007184476 0.057022516 -0.555838823 -0.007517091 0.999956012 0.005620655 -0.552949905 -0.056979615 -0.006040008 0.998357117 55.241230011
0.997377872 0.009113017 0.071794830 -0.482696533 -0.009560638 0.999936938 0.005893512 -0.562917590 -0.071736597 -0.006564463 0.997402072 56.377334595
0.996059537 0.011489193 0.087939367 -0.396741867 -0.012184593 0.999898493 0.007375022 -0.578805685 -0.087845705 -0.008417466 0.996098578 57.493095398
0.994342506 0.011516407 0.105595529 -0.283809662 -0.012451381 0.999888837 0.008199307 -0.588165343 -0.105489366 -0.009467731 0.994375348 58.610157013
0.992155969 0.011119926 0.124510482 -0.154513359 -0.012154817 0.999897480 0.007555083 -0.601480186 -0.124413714 -0.009009223 0.992189527 59.689895630
0.989389420 0.010565214 0.144903466 -0.000820160 -0.011618973 0.999911785 0.006427757 -0.605533779 -0.144822776 -0.008043185 0.989424944 60.795036316
0.986138582 0.007834045 0.165738925 0.175521851 -0.008983722 0.999940574 0.006188133 -0.615573645 -0.165680617 -0.007591308 0.986150265 61.852813721
0.982303500 0.002418438 0.187280476 0.372889519 -0.004062562 0.999956429 0.008395617 -0.626153648 -0.187252000 -0.009007883 0.982270598 62.880382538
0.977581799 -0.003117151 0.210532665 0.594141960 0.001023503 0.999948859 0.010052755 -0.636807144 -0.210553229 -0.009611910 0.977535129 63.910861969
0.972098053 -0.008260566 0.234429300 0.846158028 0.006196816 0.999935389 0.009538566 -0.646289706 -0.234492943 -0.007819704 0.972086370 64.934753418
0.965709507 -0.014291551 0.259231389 1.124742508 0.012686379 0.999888659 0.007864030 -0.654006481 -0.259314895 -0.004305659 0.965783298 65.935356140
0.958269000 -0.017863730 0.285309076 1.425352097 0.016015710 0.999833047 0.008809349 -0.661916018 -0.285418749 -0.003872300 0.958395123 66.913284302
0.949622035 -0.020359768 0.312735558 1.734680176 0.017719569 0.999779344 0.011282302 -0.674468577 -0.312896311 -0.005172383 0.949773252 67.863319397
0.939952374 -0.024623787 0.340416580 2.076240540 0.021235367 0.999680996 0.013676468 -0.671324551 -0.340644687 -0.005626359 0.940175295 68.800285339
0.929103792 -0.027625287 0.368785977 2.449659348 0.024307435 0.999611497 0.013640490 -0.678713799 -0.369019538 -0.003709189 0.929414272 69.717964172
0.916993439 -0.026447982 0.398024738 2.836524963 0.024567064 0.999649942 0.009825736 -0.679603040 -0.398145258 0.000768164 0.917322099 70.613548279
0.904017746 -0.028259905 0.426559955 3.255439758 0.029032903 0.999567389 0.004692010 -0.689728141 -0.426508009 0.008142611 0.904447138 71.481880188
0.889855206 -0.030209024 0.455242068 3.698095322 0.032661609 0.999463379 0.002479375 -0.698055744 -0.455072671 0.012662649 0.890364230 72.328651428
0.874254942 -0.031037031 0.484473914 4.165842056 0.032186177 0.999464154 0.005947636 -0.709664464 -0.484398901 0.010393613 0.874785483 73.170341492
0.856613398 -0.029717792 0.515102208 4.660007477 0.027742820 0.999548554 0.011530733 -0.715283275 -0.515212417 0.004413005 0.857051134 73.993934631
0.837006152 -0.030186122 0.546360314 5.178718567 0.025997803 0.999543428 0.015396477 -0.722848535 -0.546575606 0.001317217 0.837408721 74.799789429
0.816001058 -0.023963366 0.577553630 5.716232300 0.021803135 0.999705315 0.010674208 -0.726069331 -0.577639222 0.003882312 0.816283047 75.568618774
0.794040382 -0.017168416 0.607622445 6.282329559 0.018920476 0.999814749 0.003524576 -0.728328586 -0.607570350 0.008697847 0.794218242 76.317550659
0.771576107 -0.014765525 0.635965645 6.871356964 0.017988790 0.999837160 0.001389071 -0.730151176 -0.635882556 0.010368473 0.771716237 77.034667969
0.748221874 -0.017171241 0.663226306 7.500106812 0.018988837 0.999809742 0.004463196 -0.734033048 -0.663176894 0.009254436 0.748405576 77.736328125
0.723773777 -0.017740062 0.689809203 8.130126953 0.019164611 0.999800563 0.005603991 -0.756271243 -0.689771116 0.009163903 0.723969519 78.405006409
0.698400378 -0.015501685 0.715539396 8.780502319 0.019568902 0.999805212 0.002559946 -0.759957075 -0.715439677 0.012214454 0.698567688 79.038711548
0.672353923 -0.013501321 0.740106642 9.460247040 0.019530799 0.999809146 0.000496053 -0.772508979 -0.739972055 0.014121350 0.672489405 79.651428223
0.645461082 -0.010902890 0.763715267 10.150856018 0.017683841 0.999843478 -0.000671782 -0.778047562 -0.763588488 0.013939029 0.645552874 80.235992432
0.617392004 -0.009482261 0.786598563 10.880931854 0.017450010 0.999846339 -0.001643395 -0.792457223 -0.786462128 0.014740771 0.617462635 80.808502197
0.588725328 -0.003219574 0.808326781 11.615089417 0.015972897 0.999843061 -0.007651085 -0.808450222 -0.808175385 0.017415704 0.588684380 81.343544006
0.558847845 0.006348507 0.829245925 12.386867523 0.014806008 0.999734879 -0.017631833 -0.819494426 -0.829138041 0.022131331 0.558605731 81.865402222
0.528371274 0.014781831 0.848884702 13.165901184 0.013716956 0.999569237 -0.025943577 -0.838988781 -0.848902702 0.025351956 0.527940989 82.345367432
0.496270001 0.019565938 0.867947638 13.973579407 0.010968770 0.999524951 -0.028803708 -0.870500147 -0.868099034 0.023814740 0.495819539 82.823333740
0.463769346 0.019117612 0.885749698 14.804180145 0.009107329 0.999611497 -0.026343657 -0.900416911 -0.885909319 0.020284193 0.463414937 83.262496948
0.430606604 0.017953319 0.902361155 15.656856537 0.004507035 0.999746919 -0.022041660 -0.926422000 -0.902528465 0.013558256 0.430416673 83.677825928
0.396268129 0.018907536 0.917940199 16.510913849 0.000151478 0.999786615 -0.020658785 -0.961010456 -0.918134809 0.008325466 0.396180749 84.053756714
0.360944033 0.022060432 0.932326615 17.397388458 -0.006830354 0.999755919 -0.021011598 -0.985542774 -0.932562411 0.001215891 0.361006618 84.420944214
0.325628370 0.023960926 0.945194304 18.296787262 -0.011887077 0.999703586 -0.021247542 -1.012896299 -0.945423126 -0.004316793 0.325816691 84.726226807
0.289242446 0.023074623 0.956977844 19.200578690 -0.014453381 0.999700725 -0.019736290 -1.043922544 -0.957146764 -0.008122994 0.289489448 85.018402100
0.252658516 0.023171516 0.967278063 20.162734985 -0.015352000 0.999683380 -0.019937767 -1.062837839 -0.967433751 -0.009812205 0.252934277 85.288032532
0.216755971 0.022735547 0.975961089 21.106704712 -0.014853567 0.999689937 -0.019989414 -1.086915135 -0.976112843 -0.010163679 0.217026457 85.496627808
0.181657314 0.021259813 0.983132124 22.069629669 -0.012687285 0.999733806 -0.019274538 -1.114635706 -0.983280122 -0.008971916 0.181878686 85.667449951
0.147245139 0.020255933 0.988892615 23.054534912 -0.004322435 0.999793887 -0.019835621 -1.146860719 -0.989090562 -0.001353725 0.147302330 85.803604126
0.113702446 0.023559129 0.993235588 24.021350861 -0.002346069 0.999722421 -0.023444423 -1.178039908 -0.993512094 0.000335490 0.113726169 85.907028198
0.080125935 0.028329108 0.996382117 24.994052887 -0.001620848 0.999598444 -0.028290212 -1.212921977 -0.996783435 0.000651796 0.080139704 86.003295898
0.051050797 0.032450378 0.998168707 26.005025864 0.005217218 0.999449670 -0.032758854 -1.243193865 -0.998682439 0.006880029 0.050853401 86.054542542
0.025526781 0.030763499 0.999200583 26.987760544 0.007370154 0.999493480 -0.030960798 -1.275128007 -0.999647021 0.008154592 0.025287116 86.073379517
0.003269657 0.027415300 0.999618828 27.976083755 0.008581538 0.999586523 -0.027442489 -1.313649774 -0.999957800 0.008667993 0.003033046 86.072593689
-0.015222069 0.025171334 0.999567270 29.035804749 0.009034499 0.999645770 -0.025035731 -1.352182865 -0.999843359 0.008649494 -0.015444085 86.055107117
-0.031630520 0.028142262 0.999103427 30.031415939 0.011122577 0.999551535 -0.027802762 -1.389231920 -0.999437809 0.010233187 -0.031929344 86.019149780
-0.046602208 0.032659471 0.998379469 31.032752991 0.013152446 0.999398828 -0.032078892 -1.419799805 -0.998826981 0.011636187 -0.047003735 85.976562500
-0.058803540 0.037860047 0.997551262 32.025466919 0.017364202 0.999168217 -0.036897831 -1.458579302 -0.998118579 0.015151965 -0.059412029 85.915977478
-0.067658328 0.041416783 0.996848583 33.029521942 0.022486355 0.998947561 -0.039977796 -1.504602194 -0.997455120 0.019710662 -0.068518430 85.844100952
-0.073181316 0.046715755 0.996223986 34.043621063 0.027247000 0.998623133 -0.044826731 -1.554984450 -0.996946394 0.023863638 -0.074353427 85.752166748
-0.076627575 0.051208820 0.995743871 35.044502258 0.029291682 0.998364747 -0.049089469 -1.609484076 -0.996629417 0.025405411 -0.078002259 85.671577454
-0.079524547 0.055421263 0.995291114 36.058845520 0.030760247 0.998114169 -0.053120691 -1.666499019 -0.996358156 0.026391007 -0.081079341 85.585586548
-0.082050517 0.058287006 0.994922400 37.059944153 0.031229304 0.997948408 -0.055888828 -1.727671742 -0.996138752 0.026485026 -0.083702452 85.501388550
-0.084261410 0.061839029 0.994522870 38.083736420 0.032727819 0.997705877 -0.059264038 -1.789914727 -0.995906055 0.027554903 -0.086091958 85.405166626
-0.086436346 0.065831654 0.994079888 39.087596893 0.033902083 0.997430921 -0.063105740 -1.853891253 -0.995680392 0.028246740 -0.088446103 85.317428589
-0.088125765 0.067067280 0.993849039 40.101840973 0.036927536 0.997264922 -0.064023398 -1.925995111 -0.995424688 0.031058293 -0.090361364 85.215225220
-0.090488330 0.065601073 0.993734598 41.117328644 0.036995526 0.997360826 -0.062471695 -1.997849703 -0.995210171 0.031110775 -0.092676461 85.126159668
-0.092655115 0.065466829 0.993543804 42.141090393 0.036283430 0.997395396 -0.062336929 -2.067761898 -0.995036960 0.030273344 -0.094789125 85.030563354
-0.095090888 0.066804945 0.993224561 43.164081573 0.036045194 0.997322440 -0.063629620 -2.135962725 -0.994815767 0.029750377 -0.097244263 84.937522888
-0.097374640 0.068863101 0.992862582 44.176826477 0.035683412 0.997203648 -0.065664545 -2.213766575 -0.994607925 0.029034661 -0.099559605 84.832923889
-0.099950247 0.070972390 0.992458105 45.210380554 0.034071166 0.997112036 -0.067873910 -2.292375803 -0.994408906 0.027030194 -0.102079690 84.729240417
-0.102522641 0.074339226 0.991949022 46.233154297 0.031647075 0.996942520 -0.071442574 -2.372500658 -0.994227052 0.024067806 -0.104561791 84.630920410
-0.104744449 0.078863077 0.991367340 47.271430969 0.027939070 0.996690810 -0.076334596 -2.446652889 -0.994106591 0.019702259 -0.106601171 84.529342651
-0.107370749 0.081264645 0.990892291 48.323791504 0.025607899 0.996549368 -0.078953765 -2.531507015 -0.993889153 0.016897352 -0.109081253 84.419372559
-0.109949373 0.079718128 0.990735114 49.387844086 0.023523070 0.996707976 -0.077588201 -2.614859819 -0.993658841 0.014774360 -0.111462623 84.288291931
-0.112804227 0.075714096 0.990728378 50.445617676 0.020266790 0.997060418 -0.073890440 -2.695907116 -0.993410647 0.011743731 -0.114007108 84.173011780
-0.115563184 0.073631354 0.990567327 51.488922119 0.020972947 0.997207284 -0.071678154 -2.788065910 -0.993078768 0.012491754 -0.116784722 84.060249329
-0.117076129 0.074110262 0.990353942 52.557701111 0.020700168 0.997177243 -0.072173774 -2.874037504 -0.992907166 0.012050666 -0.118279733 83.933059692
-0.118581906 0.077192388 0.989939272 53.603961945 0.021484710 0.996939659 -0.075164668 -2.950293541 -0.992711842 0.012355391 -0.119877435 83.816413879
-0.118972242 0.079829395 0.989683330 54.655097961 0.022588965 0.996722341 -0.077681720 -3.036899805 -0.992640615 0.013113951 -0.120385528 83.679878235
-0.119420052 0.080753073 0.989554405 55.732418060 0.020827897 0.996671379 -0.078820311 -3.123311281 -0.992625356 0.011197611 -0.120704465 83.549865723
-0.119693965 0.079272904 0.989641011 56.794452667 0.018081095 0.996815860 -0.077660769 -3.214274883 -0.992646217 0.008598265 -0.120746203 83.431442261
-0.119803213 0.078621298 0.989679754 57.853866577 0.013935380 0.996894360 -0.077507526 -3.300915241 -0.992699921 0.004505914 -0.120526776 83.311965942
-0.119449422 0.079911649 0.989619076 58.935329437 0.010485474 0.996801555 -0.079226024 -3.392916679 -0.992784917 0.000913123 -0.119905286 83.182205200
-0.119653367 0.080434911 0.989552021 60.006359100 0.006280271 0.996754110 -0.080260940 -3.479442596 -0.992795825 -0.003388837 -0.119770139 83.062828064
-0.119703650 0.079470113 0.989623964 61.091186523 0.002857005 0.996814668 -0.079701975 -3.576299191 -0.992805600 -0.006713256 -0.119549409 82.932136536
-0.120275997 0.074075706 0.989973009 62.175449371 0.003518560 0.997237921 -0.074191809 -3.669127464 -0.992734253 -0.005440216 -0.120204419 82.813049316
-0.120715857 0.065684199 0.990511656 63.270217896 0.006436879 0.997839391 -0.065385640 -3.749970436 -0.992666304 -0.001517281 -0.120877810 82.685951233
-0.120445579 0.060345884 0.990884125 64.364501953 0.012182146 0.998165369 -0.059308540 -3.831230640 -0.992645204 0.004927643 -0.120959744 82.550277710
-0.119479299 0.062620975 0.990859985 65.469757080 0.021069277 0.997944117 -0.060528114 -3.903741837 -0.992613077 0.013644846 -0.120553039 82.398971558
-0.118329093 0.068362489 0.990618348 66.560371399 0.026630225 0.997486949 -0.065655507 -3.973873615 -0.992617249 0.018611435 -0.119852230 82.264549255
-0.117389604 0.074062951 0.990320385 67.656028748 0.030106504 0.997022271 -0.070995420 -4.052981853 -0.992629588 0.021480957 -0.119269796 82.130386353
-0.117236018 0.078003183 0.990036011 68.750862122 0.030774061 0.996717155 -0.074885458 -4.144226074 -0.992627084 0.021688158 -0.119251616 82.007728577
-0.116964005 0.075151846 0.990288734 69.864326477 0.027391154 0.996997654 -0.072425790 -4.227678299 -0.992758334 0.018653942 -0.118671328 81.886512756
-0.116260849 0.070894860 0.990685284 70.967330933 0.027233964 0.997301877 -0.068172336 -4.314384460 -0.992845297 0.019054513 -0.117877893 81.759033203
-0.116099723 0.068729363 0.990856767 72.134323120 0.025310325 0.997483730 -0.066223390 -4.398433685 -0.992915034 0.017390387 -0.117547140 81.608283997
-0.116088979 0.069538109 0.990801632 73.260940552 0.023310617 0.997462094 -0.067274362 -4.476569176 -0.992965281 0.015286387 -0.117415331 81.483589172
-0.115974523 0.074584275 0.990447879 74.392288208 0.024573520 0.997086942 -0.072206825 -4.562836170 -0.992948115 0.015964642 -0.117469475 81.351509094
-0.115179256 0.077455744 0.990320385 75.535690308 0.024050059 0.996880531 -0.075171702 -4.646084785 -0.993053496 0.015159045 -0.116682783 81.214065552
-0.114474401 0.076163039 0.990502477 76.681678772 0.024172934 0.996975124 -0.073867053 -4.735065937 -0.993132114 0.015487460 -0.115969218 81.077041626
-0.113542363 0.069574565 0.991094232 77.834922791 0.025945749 0.997412503 -0.067045711 -4.823213577 -0.993194342 0.018102150 -0.115053736 80.939842224
-0.114463054 0.068029560 0.991095424 78.989189148 0.024902008 0.997535527 -0.065595642 -4.904690266 -0.993115306 0.017171992 -0.115875028 80.811111450
-0.113932602 0.071048282 0.990944743 80.132453918 0.022580344 0.997367084 -0.068912603 -4.987535000 -0.993231833 0.014524478 -0.115236923 80.684532166
-0.113905177 0.074343614 0.990706205 81.293716431 0.021621514 0.997145712 -0.072340943 -5.067945004 -0.993256330 0.013180561 -0.115187466 80.559219360
-0.113803580 0.073458046 0.990783930 82.460723877 0.020447394 0.997224748 -0.071586967 -5.158436298 -0.993292868 0.012112098 -0.114989772 80.431144714
-0.113426112 0.069968276 0.991079748 83.636970520 0.020592485 0.997468591 -0.068062566 -5.248218060 -0.993333042 0.012688722 -0.114579797 80.295600891
-0.112737268 0.068861097 0.991235733 84.816047668 0.020137005 0.997549117 -0.067009412 -5.336892128 -0.993420720 0.012406063 -0.113847621 80.160705566
-0.111555025 0.069405459 0.991331577 86.002662659 0.021630064 0.997491419 -0.067402676 -5.422475815 -0.993522763 0.013923461 -0.112776428 80.030059814
-0.110142067 0.069854632 0.991457999 87.198783875 0.023971980 0.997423649 -0.067611866 -5.506858349 -0.993626773 0.016320299 -0.111532845 79.885787964
-0.108946882 0.069214962 0.991634965 88.396247864 0.024145136 0.997462928 -0.066969022 -5.592429638 -0.993754327 0.016647087 -0.110341683 79.747467041
-0.107890375 0.070121914 0.991686821 89.595962524 0.025200512 0.997381866 -0.067782924 -5.676718712 -0.993843436 0.017677888 -0.109375015 79.620803833
-0.106768444 0.068230152 0.991940081 90.786544800 0.024628578 0.997518122 -0.065962918 -5.765061855 -0.993978858 0.017387310 -0.108183883 79.498321533
-0.105360724 0.067084573 0.992168725 92.007797241 0.023663297 0.997608542 -0.064939521 -5.854974747 -0.994152546 0.016635904 -0.106696196 79.359359741
-0.103778712 0.066868775 0.992349982 93.221321106 0.024816815 0.997600853 -0.064627290 -5.935254097 -0.994290829 0.017920030 -0.105189189 79.234367371
-0.101358697 0.067326061 0.992569208 94.450851440 0.022997975 0.997599363 -0.065318763 -6.026464462 -0.994584203 0.016206458 -0.102663711 79.101463318
-0.101110592 0.070025191 0.992407739 95.676536560 0.023074146 0.997416615 -0.068027750 -6.108997345 -0.994607568 0.016020637 -0.102465145 78.989891052
-0.100400291 0.068799406 0.992565632 96.899658203 0.020398265 0.997538984 -0.067080818 -6.193618774 -0.994738042 0.013511681 -0.101556614 78.876785278
-0.099527583 0.067363486 0.992752016 98.146194458 0.017440338 0.997670591 -0.065948784 -6.289741516 -0.994881868 0.010750202 -0.100470580 78.754241943
-0.099620663 0.068423375 0.992670178 99.384407043 0.014557660 0.997626305 -0.067304038 -6.374751091 -0.994918942 0.007746080 -0.100380279 78.637023926
-0.099536352 0.067867570 0.992716670 100.608634949 0.011558500 0.997682810 -0.067048155 -6.463994026 -0.994966805 0.004800587 -0.100090161 78.514335632
-0.100733593 0.065330513 0.992766142 101.853103638 0.008752822 0.997861385 -0.064777680 -6.553410053 -0.994874954 0.002164216 -0.101089984 78.395042419
-0.101974458 0.063784197 0.992740095 103.115943909 0.006740559 0.997963607 -0.063427418 -6.643299580 -0.994764149 0.000223643 -0.102196753 78.272018433
-0.103998102 0.063105658 0.992573500 104.377807617 0.004385684 0.998004377 -0.062991425 -6.729072571 -0.994567811 -0.002197877 -0.104067326 78.158401489
-0.104978934 0.063068010 0.992472649 105.633995056 0.005063498 0.998007953 -0.062884167 -6.820507526 -0.994461477 -0.001576130 -0.105089165 78.020576477
-0.107187964 0.061763022 0.992318630 106.891838074 0.004484537 0.998088539 -0.061637737 -6.905647278 -0.994228601 -0.002156734 -0.107260056 77.889328003
-0.110579848 0.056868225 0.992238998 108.158500671 0.001129991 0.998368204 -0.057093583 -6.992742538 -0.993866563 -0.005192177 -0.110463664 77.761512756
-0.115230508 0.056873005 0.991709352 109.417396545 0.000313244 0.998361826 -0.057218108 -7.072979927 -0.993338645 -0.006282624 -0.115059540 77.625038147
-0.120268390 0.062926829 0.990745127 110.649261475 -0.004022587 0.997949958 -0.063872740 -7.154858589 -0.992733300 -0.011667229 -0.119768694 77.477539062
-0.127667129 0.066070326 0.989614069 111.870285034 -0.003302901 0.997744918 -0.067039266 -7.239275932 -0.991811514 -0.011827307 -0.127160981 77.332771301
-0.136147767 0.062319264 0.988726437 113.125816345 -0.001167714 0.998008788 -0.063065127 -7.327343941 -0.990687847 -0.009740727 -0.135803878 77.151275635
-0.147062451 0.060258005 0.987289965 114.355705261 0.001087991 0.998151958 -0.060758892 -7.416198254 -0.989126563 -0.007861189 -0.146856219 76.973464966
-0.160036221 0.060919590 0.985229492 115.573791504 0.001271264 0.998105705 -0.061509266 -7.505095482 -0.987110436 -0.008591224 -0.159810513 76.784706116
-0.173905417 0.060969330 0.982873082 116.790740967 0.003415506 0.998112977 -0.061310358 -7.591801643 -0.984756410 -0.007305196 -0.173785523 76.570266724
-0.188549966 0.059069015 0.980285525 118.004409790 0.003245652 0.998221517 -0.059525508 -7.673654556 -0.982058227 -0.008041869 -0.188406348 76.345291138
-0.203702122 0.061555780 0.977095783 119.205207825 0.007506215 0.998090327 -0.061313532 -7.761395454 -0.979004204 -0.005155405 -0.203775182 76.093658447
-0.219253078 0.064960249 0.973503113 120.382507324 0.007125629 0.997861087 -0.064980775 -7.846812248 -0.975641966 -0.007310414 -0.219247013 75.839881897
-0.234635919 0.068831488 0.969643474 121.551315308 0.006699796 0.997580767 -0.069193438 -7.933348179 -0.972060204 -0.009738852 -0.234529436 75.565368652
-0.250169963 0.066768363 0.965897083 122.718780518 0.003534128 0.997675776 -0.068049721 -8.029919624 -0.968195498 -0.013610397 -0.249824479 75.266708374
-0.266556025 0.060904488 0.961893201 123.882629395 -0.002250797 0.997959316 -0.063811816 -8.121436119 -0.963816822 -0.019174455 -0.265875041 74.967636108
-0.282075077 0.056873232 0.957705200 125.070220947 -0.006315557 0.998109698 -0.061132774 -8.206037521 -0.959371567 -0.023292471 -0.281182677 74.635124207
-0.297599196 0.058249455 0.952912331 126.219238281 -0.008355217 0.997939765 -0.063611262 -8.290130615 -0.954654396 -0.026892448 -0.296499401 74.295776367
-0.311452568 0.060387470 0.948341012 127.374694824 -0.008021662 0.997776151 -0.066169791 -8.375103951 -0.950227857 -0.028216029 -0.310275555 73.920104980
-0.325468391 0.062668204 0.943473995 128.510238647 -0.006540233 0.997628272 -0.068521455 -8.463088036 -0.945530236 -0.028472114 -0.324286580 73.539436340
-0.339917868 0.062160019 0.938398600 129.642547607 -0.004287961 0.997700453 -0.067641437 -8.563599586 -0.940445364 -0.027016353 -0.338869661 73.143630981
-0.354066998 0.060106665 0.933286488 130.767761230 -0.004739763 0.997804463 -0.066059977 -8.654111862 -0.935208023 -0.027813215 -0.353004694 72.730773926
-0.368346930 0.058943644 0.927818060 131.890106201 -0.004632972 0.997859418 -0.065232642 -8.746530533 -0.929676831 -0.028326798 -0.367285341 72.287429810
-0.383199066 0.060384210 0.921689987 132.989700317 -0.006113951 0.997673213 -0.067904159 -8.835916519 -0.923645496 -0.031655975 -0.381938249 71.843841553
-0.398323745 0.062329713 0.915124655 134.082336426 -0.005392833 0.997512102 -0.070288509 -8.925205231 -0.917229116 -0.032932691 -0.396996647 71.385681152
-0.412977904 0.064258277 0.908471227 135.177001953 -0.003992977 0.997370422 -0.072361469 -9.015951157 -0.910732388 -0.033511199 -0.411635339 70.897789001
-0.427524626 0.066570774 0.901549220 136.264190674 -0.001466045 0.997232616 -0.074331284 -9.112550735 -0.904002547 -0.033100165 -0.426243871 70.384841919
-0.442476809 0.069767565 0.894061863 137.338897705 -0.001886237 0.996894658 -0.078725561 -9.210335732 -0.896777987 -0.036520641 -0.440971136 69.869079590
-0.457319736 0.072047666 0.886379063 138.412811279 -0.001408255 0.996652842 -0.081737645 -9.309565544 -0.889301240 -0.038628481 -0.455687493 69.318557739
-0.472774774 0.069383025 0.878447652 139.485549927 -0.002763061 0.996773660 -0.080215923 -9.409603119 -0.881178975 -0.040351253 -0.471057743 68.757217407
-0.488665849 0.064982712 0.870047629 140.554977417 -0.005552553 0.996970594 -0.077581048 -9.509980202 -0.872453332 -0.042742189 -0.486824721 68.174179077
-0.504907191 0.065201283 0.860707462 141.618545532 -0.006015940 0.996852994 -0.079043791 -9.609015465 -0.863152683 -0.045087740 -0.502925992 67.566680908
-0.520939350 0.064048216 0.851187468 142.679382324 -0.007238770 0.996813715 -0.079436205 -9.716939926 -0.853563011 -0.047542997 -0.518815815 66.944259644
-0.536952734 0.063139208 0.841246307 143.720352173 -0.007880907 0.996776342 -0.079842657 -9.815785408 -0.843575597 -0.049501512 -0.534724116 66.292297363
-0.552305102 0.062606856 0.831287920 144.743896484 -0.008866174 0.996678352 -0.080953591 -9.923545837 -0.833595097 -0.052081410 -0.549915493 65.622146606
-0.567803800 0.061922990 0.820831597 145.766143799 -0.009372896 0.996615589 -0.081667632 -10.028306961 -0.823110521 -0.054064762 -0.565301716 64.927017212
-0.582574666 0.059623640 0.810587347 146.780960083 -0.009274981 0.996753037 -0.079983264 -10.130813599 -0.812724292 -0.054114394 -0.580130100 64.199874878
-0.597576559 0.056075327 0.799848616 147.785308838 -0.009259202 0.997002423 -0.076814912 -10.236577034 -0.801758409 -0.053308759 -0.595266044 63.464908600
-0.612523794 0.054142367 0.788595676 148.785339355 -0.009005857 0.997108698 -0.075453274 -10.338499069 -0.790400863 -0.053318918 -0.610265136 62.694942474
-0.627149761 0.052723270 0.777112126 149.766647339 -0.009648377 0.997104108 -0.075435139 -10.437002182 -0.778838873 -0.054807000 -0.624824882 61.915019989
-0.642287135 0.053758379 0.764576495 150.747085571 -0.010877579 0.996797562 -0.079223901 -10.542605400 -0.766387105 -0.059201237 -0.639645338 61.122997284
-0.657605648 0.053015709 0.751494586 151.703460693 -0.013100293 0.996565282 -0.081768304 -10.647164345 -0.753248394 -0.063616112 -0.654652417 60.308425903
-0.673461437 0.049778849 0.737544298 152.651046753 -0.015023103 0.996602476 -0.080981150 -10.754066467 -0.739069700 -0.065617889 -0.670425594 59.473453522
-0.689741850 0.042139124 0.722828090 153.582366943 -0.018548280 0.996949077 -0.075818978 -10.863437653 -0.723817766 -0.065702744 -0.686855853 58.614059448
-0.706667006 0.039580714 0.706438243 154.508361816 -0.019791728 0.996937573 -0.075655110 -10.966354370 -0.707269430 -0.067444608 -0.703719616 57.718395233
-0.724158764 0.037048474 0.688637376 155.404724121 -0.021249110 0.996883035 -0.075977176 -11.068338394 -0.689305782 -0.069652461 -0.721114397 56.805568695
-0.741588414 0.033277471 0.670029283 156.289184570 -0.024454203 0.996764183 -0.076570883 -11.171274185 -0.670409262 -0.073169120 -0.738375068 55.859378815
-0.758468151 0.031590480 0.650944114 157.139678955 -0.023834342 0.996811748 -0.076146871 -11.276366234 -0.651274025 -0.073269799 -0.755297065 54.904434204
-0.774255216 0.033262588 0.631998956 157.962768555 -0.021940356 0.996606886 -0.079331070 -11.391179085 -0.632493138 -0.075288765 -0.770898104 53.911754608
-0.789509118 0.032611590 0.612871885 158.772369385 -0.018961973 0.996814430 -0.077468663 -11.493007660 -0.613445878 -0.072783470 -0.786375642 52.902175903
-0.804337382 0.033996586 0.593199492 159.554611206 -0.014601977 0.996929348 -0.076933831 -11.610952377 -0.593993485 -0.070542648 -0.801371098 51.875946045
-0.818545580 0.034799688 0.573386490 160.292816162 -0.013370242 0.996738851 -0.079580449 -11.719950676 -0.574285984 -0.072806537 -0.815410852 50.813087463
-0.832465708 0.036194898 0.552893043 161.015106201 -0.012440969 0.996391475 -0.083960123 -11.834129333 -0.553936899 -0.076772436 -0.829011440 49.760761261
-0.845264733 0.036863133 0.533074856 161.713211060 -0.009524210 0.996419728 -0.084006265 -11.947887421 -0.534263015 -0.076084651 -0.841887236 48.672740936
-0.856905341 0.035114139 0.514276445 162.382385254 -0.008249772 0.996615112 -0.081793666 -12.059694290 -0.515407801 -0.074332103 -0.853715122 47.570163727
-0.867492616 0.036816180 0.496085733 163.028045654 -0.005464274 0.996492267 -0.083508231 -12.174934387 -0.497419983 -0.075153545 -0.864248395 46.460765839
-0.876882195 0.039893210 0.479047239 163.641967773 -0.002398535 0.996174932 -0.087348089 -12.289168358 -0.480699390 -0.077742971 -0.873432398 45.341476440
-0.885888278 0.037611261 0.462371618 164.248672485 -0.004048723 0.996043086 -0.088779591 -12.411779404 -0.463881195 -0.080520794 -0.882230520 44.205394745
-0.894215167 0.034914482 0.446273834 164.838165283 -0.005004836 0.996111453 -0.087959729 -12.536918640 -0.447609574 -0.080888435 -0.890563071 43.063575745
-0.901378393 0.032831758 0.431785911 165.404663086 -0.006033771 0.996072650 -0.088334367 -12.657836914 -0.432990253 -0.082227997 -0.897640228 41.904369354
-0.908045053 0.030781237 0.417740047 165.954986572 -0.006623344 0.996116459 -0.087796204 -12.782116890 -0.418820232 -0.082489736 -0.904314697 40.731914520
-0.914406478 0.028391704 0.403800398 166.487548828 -0.007564419 0.996164680 -0.087171212 -12.900907516 -0.404726565 -0.082764424 -0.910684586 39.562641144
-0.920065105 0.023310456 0.391071200 167.001296997 -0.010217085 0.996461093 -0.083433278 -13.020026207 -0.391632050 -0.080759667 -0.916570902 38.377204895
-0.925327420 0.020372272 0.378621250 167.526977539 -0.010964131 0.996700346 -0.080424622 -13.137852669 -0.379010320 -0.078570351 -0.922050893 37.163650513
-0.929784656 0.020735983 0.367519468 168.014114380 -0.008407406 0.996955335 -0.077519514 -13.244618416 -0.368007928 -0.075166330 -0.926779509 35.955017090
-0.932940781 0.024961170 0.359163284 168.473205566 -0.003849600 0.996845007 -0.079278335 -13.354217529 -0.360009015 -0.075344637 -0.929901481 34.783782959
-0.935404062 0.029556712 0.352342814 168.936782837 0.001087899 0.996735871 -0.080724262 -13.465875626 -0.353578657 -0.075126499 -0.932383120 33.587516785
-0.937498033 0.033333037 0.346390635 169.395339966 0.004842599 0.996555150 -0.082791746 -13.581542969 -0.347957045 -0.075939678 -0.934429824 32.388999939
-0.938952923 0.030885287 0.342656672 169.824844360 0.002929380 0.996644080 -0.081805170 -13.696325302 -0.344033301 -0.075807430 -0.935892284 31.174472809
-0.940830290 0.023443313 0.338066518 170.274291992 -0.003112301 0.996964455 -0.077796221 -13.812673569 -0.338864028 -0.074245200 -0.937901258 29.971490860
-0.942712247 0.016860621 0.333180726 170.729019165 -0.009064135 0.997058928 -0.076102540 -13.919920921 -0.333483905 -0.074762791 -0.939786732 28.766265869
-0.944300115 0.010557677 0.328916252 171.167968750 -0.015856626 0.996864736 -0.077521220 -14.026522636 -0.328703403 -0.078418784 -0.941171944 27.528974533
-0.945656717 0.007846261 0.325072378 171.601364136 -0.019424124 0.996560514 -0.080559969 -14.130213737 -0.324586362 -0.082496308 -0.942251623 26.324218750
-0.946396470 0.007759604 0.322914183 172.021835327 -0.020178212 0.996338487 -0.083080225 -14.240592957 -0.322376490 -0.085142650 -0.942774713 25.130279541
-0.946796954 0.008419585 0.321721673 172.445922852 -0.019992879 0.996188164 -0.084907830 -14.355077744 -0.321210146 -0.086822607 -0.943019629 23.930664062
-0.946679771 0.011208499 0.321981043 172.860153198 -0.017729361 0.996067882 -0.086801559 -14.474219322 -0.321687877 -0.087881781 -0.942758560 22.720676422
-0.945894361 0.012565625 0.324231386 173.275115967 -0.017127221 0.995923340 -0.088563107 -14.591773987 -0.324022472 -0.089324512 -0.941823065 21.469192505
-0.945668101 0.013822279 0.324839771 173.704071045 -0.016392017 0.995798588 -0.090092458 -14.718204498 -0.324720204 -0.090522334 -0.941468358 20.261875153
-0.944805205 0.015158867 0.327281952 174.120651245 -0.015100232 0.995852828 -0.089717083 -14.839633942 -0.327284575 -0.089707188 -0.940657973 19.058238983
-0.943883717 0.014912087 0.329941303 174.547729492 -0.015609127 0.995849907 -0.089662611 -14.967748642 -0.329909027 -0.089781180 -0.939733624 17.844219208
-0.942825675 0.013342077 0.333019018 174.983581543 -0.017641408 0.995799839 -0.089841157 -15.090661049 -0.332818925 -0.090579472 -0.938630342 16.671081543
-0.941442788 0.011793575 0.336966455 175.426986694 -0.018675299 0.996029973 -0.087036774 -15.217396736 -0.336655200 -0.088233091 -0.937485099 15.489009857
-0.939093769 0.009774262 0.343522191 175.864715576 -0.020492392 0.996224284 -0.084366120 -15.336856842 -0.343049675 -0.086267278 -0.935347438 14.288394928
-0.936788440 0.007535086 0.349815428 176.319442749 -0.022257762 0.996460080 -0.081069104 -15.455078125 -0.349187881 -0.083730705 -0.933304369 13.114028931
-0.933856189 0.009377936 0.357525736 176.764282227 -0.021044323 0.996483266 -0.081105568 -15.567746162 -0.357029051 -0.083264828 -0.930374682 11.933853149
-0.930866778 0.009743040 0.365228951 177.234497070 -0.021410426 0.996471703 -0.081151620 -15.679538727 -0.364730984 -0.083361045 -0.927373767 10.780941010
-0.926871300 0.012435024 0.375173211 177.703659058 -0.020376660 0.996310949 -0.083363339 -15.796480179 -0.374825776 -0.084911861 -0.923198581 9.609348297
-0.922663748 0.013500458 0.385368913 178.181365967 -0.019709917 0.996429384 -0.082097635 -15.907377243 -0.385101318 -0.083344102 -0.919103265 8.478023529
-0.918049037 0.015609415 0.396159470 178.683776855 -0.019043393 0.996335208 -0.083388083 -16.021362305 -0.396009237 -0.084098563 -0.914387345 7.358001709
-0.911945522 0.017778739 0.409925908 179.200637817 -0.018588834 0.996244907 -0.084561586 -16.131202698 -0.409890026 -0.084735587 -0.908190548 6.170989990
-0.906048536 0.020033985 0.422699124 179.742034912 -0.017333092 0.996283650 -0.084372446 -16.244800568 -0.422818482 -0.083772220 -0.902334094 5.023956299
-0.899799049 0.019731808 0.435858369 180.300567627 -0.017702082 0.996503294 -0.081657529 -16.362459183 -0.435945541 -0.081190944 -0.896303296 3.876342773
-0.892849326 0.022164647 0.449809819 180.870300293 -0.016508732 0.996506095 -0.081872441 -16.477825165 -0.450052917 -0.080525525 -0.889363766 2.733184814
-0.885968924 0.024415346 0.463101745 181.445953369 -0.014669658 0.996637762 -0.080608904 -16.590465546 -0.463512748 -0.078210525 -0.882631898 1.622497559
-0.878745794 0.026026670 0.476580054 182.059539795 -0.013028867 0.996832013 -0.078461707 -16.699232101 -0.477112323 -0.075157188 -0.875622749 0.506111145
-0.870618224 0.027981972 0.491162986 182.662918091 -0.010445690 0.997104585 -0.075321563 -16.808816910 -0.491848439 -0.070706859 -0.867805123 -0.591598511
-0.862891376 0.030606298 0.504461884 183.286468506 -0.007680628 0.997255087 -0.073642507 -16.913154602 -0.505331159 -0.067420073 -0.860287786 -1.641426086
-0.853316545 0.034071546 0.520278752 183.928955078 -0.004110287 0.997392058 -0.072057642 -17.019445419 -0.521376967 -0.063626476 -0.850951076 -2.719627380
-0.843127072 0.036641207 0.536464691 184.580184937 -0.001874365 0.997469306 -0.071074203 -17.118877411 -0.537711263 -0.060930114 -0.840924621 -3.742248535
-0.831775129 0.039563432 0.553701103 185.249511719 0.001101495 0.997572660 -0.069624558 -17.222417831 -0.555111706 -0.057302091 -0.829799652 -4.780311584
-0.820346117 0.041452870 0.570362985 185.941680908 0.002670126 0.997636080 -0.068665825 -17.319566727 -0.571861148 -0.054806795 -0.818517566 -5.786575317
-0.808914244 0.043110121 0.586344004 186.656631470 0.003320621 0.997627139 -0.068768032 -17.413965225 -0.587917387 -0.053680412 -0.807137966 -6.759315491
-0.795526981 0.046173476 0.604156196 187.377624512 0.006347565 0.997672617 -0.067890301 -17.510623932 -0.605884910 -0.050173651 -0.793968558 -7.736557007
-0.781450212 0.047180716 0.622181356 188.131683350 0.008009918 0.997813582 -0.065605000 -17.599281311 -0.623916268 -0.046283424 -0.780119479 -8.695175171
-0.766974092 0.049161732 0.639792025 188.901184082 0.010490506 0.997888386 -0.064102016 -17.688041687 -0.641592205 -0.042452849 -0.765870154 -9.596176147
