-0.993792355 -0.013279025 -0.110455655 138.331726074 -0.009804872 0.999441803 -0.031936843 -20.995403290 0.110818096 -0.030655589 -0.993367732 456.524383545
-0.993811429 -0.012645471 -0.110358767 138.199584961 -0.009118863 0.999433279 -0.032402258 -21.054508209 0.110705979 -0.031195387 -0.993363440 455.234985352
-0.993892789 -0.012721657 -0.109614268 138.065979004 -0.009217035 0.999431849 -0.032419898 -21.106323242 0.109964423 -0.031211585 -0.993445396 453.943603516
-0.993976116 -0.012120862 -0.108924918 137.929107666 -0.008771932 0.999475658 -0.031172054 -21.162776947 0.109245628 -0.030028798 -0.993561149 452.653656006
-0.994117022 -0.010628819 -0.107789047 137.790573120 -0.007256928 0.999473393 -0.031626482 -21.218597412 0.108068444 -0.030658202 -0.993670702 451.371948242
-0.994189501 -0.010457116 -0.107135333 137.661788940 -0.006764196 0.999372303 -0.034775257 -21.278879166 0.107431740 -0.033848509 -0.993636131 450.094238281
-0.994360864 -0.010632903 -0.105515525 137.532104492 -0.006696500 0.999270856 -0.037590776 -21.333644867 0.105838284 -0.036672212 -0.993706942 448.823425293
-0.994532347 -0.008700391 -0.104066350 137.395858765 -0.004924400 0.999321997 -0.036486506 -21.389818192 0.104313232 -0.035774544 -0.993900836 447.547943115
-0.994699180 -0.006822692 -0.102600843 137.267578125 -0.003367577 0.999422550 -0.033810906 -21.452079773 0.102772266 -0.033286162 -0.994147778 446.277221680
-0.994886816 -0.006120962 -0.100810736 137.145828247 -0.002632522 0.999394238 -0.034700606 -21.507621765 0.100962073 -0.034257784 -0.994300306 445.014953613
-0.995085061 -0.005594349 -0.098865889 137.026443481 -0.001971945 0.999324381 -0.036699366 -21.562473297 0.099004410 -0.036324035 -0.994423747 443.749450684
-0.995284498 -0.005702590 -0.096830301 136.909210205 -0.002149965 0.999321997 -0.036753930 -21.625123978 0.096974246 -0.036372438 -0.994622052 442.473907471
-0.995477200 -0.006596062 -0.094771549 136.789321899 -0.003137532 0.999325097 -0.036596093 -21.685760498 0.094949014 -0.036133230 -0.994826078 441.203430176
-0.995645642 -0.007353923 -0.092928208 136.676025391 -0.004087339 0.999368668 -0.035293248 -21.747783661 0.093129084 -0.034759741 -0.995047033 439.941314697
-0.995814443 -0.009395869 -0.090913579 136.574508667 -0.006431806 0.999439955 -0.032841332 -21.802379608 0.091171220 -0.032119129 -0.995317161 438.664611816
-0.995967150 -0.011810400 -0.088938706 136.459732056 -0.009229861 0.999526024 -0.029370382 -21.860004425 0.089243442 -0.028431043 -0.995603979 437.373870850
-0.996117651 -0.014488043 -0.086832553 136.361236572 -0.011987410 0.999500215 -0.029250925 -21.914169312 0.087212965 -0.028096465 -0.995793402 436.109710693
-0.996296048 -0.015770121 -0.084531605 136.263641357 -0.013095331 0.999398768 -0.032104131 -21.963571548 0.084987082 -0.030878242 -0.995903552 434.830444336
-0.996486783 -0.016140340 -0.082179256 136.171218872 -0.013305428 0.999301255 -0.034928244 -22.011127472 0.082685582 -0.033712104 -0.996005297 433.537506104
-0.996724367 -0.015357568 -0.079400770 136.078567505 -0.012649111 0.999324560 -0.034502387 -22.067672729 0.079877019 -0.033385023 -0.996245444 432.257232666
-0.997001708 -0.013635907 -0.076167971 135.981140137 -0.011040661 0.999347448 -0.034390453 -22.128431320 0.076587215 -0.033446394 -0.996501684 430.991180420
-0.997179627 -0.012958940 -0.073925324 135.889175415 -0.010311233 0.999295533 -0.036085855 -22.183338165 0.074340887 -0.035221823 -0.996610641 429.696105957
-0.997392833 -0.013878938 -0.070816398 135.806030273 -0.011163453 0.999192476 -0.038598150 -22.240949631 0.071294911 -0.037706964 -0.996742308 428.415191650
-0.997644484 -0.015397079 -0.066845864 135.723983765 -0.012766315 0.999133825 -0.039606012 -22.304832458 0.067397766 -0.038659342 -0.996976912 427.138061523
-0.997862160 -0.019301541 -0.062438011 135.655899048 -0.016635191 0.998938918 -0.042945508 -22.367731094 0.063200660 -0.041815028 -0.997124434 425.857421875
-0.998092473 -0.021612385 -0.057829097 135.584136963 -0.019271914 0.998984456 -0.040728327 -22.430116653 0.058650590 -0.039536156 -0.997495532 424.571777344
-0.998242795 -0.025193211 -0.053633552 135.526962280 -0.023460446 0.999190032 -0.032695659 -22.488246918 0.054413818 -0.031379938 -0.998025298 423.285522461
-0.998402119 -0.027311139 -0.049471695 135.466629028 -0.025735108 0.999149442 -0.032218818 -22.543661118 0.050309554 -0.030894179 -0.998255670 421.996643066
-0.998622358 -0.026460281 -0.045313563 135.411621094 -0.024882929 0.999076545 -0.035026945 -22.594385147 0.046198551 -0.033851158 -0.998358548 420.714935303
-0.998813927 -0.026084291 -0.041115802 135.373016357 -0.024389902 0.998853743 -0.041186497 -22.654876709 0.042142995 -0.040134836 -0.998305082 419.444519043
-0.999013782 -0.025359327 -0.036447234 135.313247681 -0.023709536 0.998705328 -0.045005985 -22.721460342 0.037541367 -0.044097453 -0.998321652 418.153045654
-0.999175191 -0.024452288 -0.032420479 135.277542114 -0.023004431 0.998753190 -0.044303723 -22.787252426 0.033463374 -0.043521363 -0.998491943 416.868469238
-0.999274194 -0.024762748 -0.028951596 135.241088867 -0.023622470 0.998956621 -0.039085850 -22.857826233 0.029889265 -0.038373567 -0.998816371 415.566558838
-0.999339163 -0.025435133 -0.025969811 135.223632812 -0.024500031 0.999061763 -0.035711907 -22.916503906 0.026853789 -0.035052042 -0.999024689 414.282073975
-0.999455452 -0.024334094 -0.022286139 135.196807861 -0.023529015 0.999085367 -0.035701133 -22.974601746 0.023134500 -0.035157319 -0.999113977 412.991699219
-0.999526262 -0.024517674 -0.018607203 135.180892944 -0.023808599 0.999015927 -0.037417468 -23.033180237 0.019506283 -0.036956731 -0.999126434 411.705963135
-0.999607027 -0.023684867 -0.014995197 135.167968750 -0.023097888 0.999004006 -0.038176827 -23.097627640 0.015884474 -0.037815463 -0.999158502 410.414916992
-0.999642015 -0.024185695 -0.011446180 135.157806396 -0.023729874 0.998980284 -0.038410619 -23.159629822 0.012363479 -0.038125250 -0.999196529 409.124542236
-0.999648452 -0.025344314 -0.007786517 135.158035278 -0.025016723 0.998901427 -0.039624937 -23.225481033 0.008782229 -0.039416216 -0.999184251 407.847381592
-0.999620855 -0.027235927 -0.004031572 135.161102295 -0.027052242 0.998826385 -0.040176254 -23.292148590 0.005121088 -0.040051959 -0.999184430 406.576019287
-0.999541402 -0.030267714 -0.000857568 135.174392700 -0.030207237 0.998704433 -0.040949084 -23.357295990 0.002095894 -0.040904403 -0.999160767 405.308258057
-0.999421775 -0.033933286 0.002140039 135.188476562 -0.033991631 0.998627543 -0.039845921 -23.425338745 -0.000785001 -0.039895631 -0.999203503 404.070953369
-0.999229968 -0.038877808 0.005277441 135.209838867 -0.039054811 0.998471737 -0.039101671 -23.493946075 -0.003749182 -0.039277673 -0.999221265 402.818603516
-0.999040306 -0.043063361 0.008004894 135.238235474 -0.043351017 0.998253524 -0.040133223 -23.554126740 -0.006262636 -0.040441729 -0.999162257 401.555511475
-0.998997092 -0.043524854 0.010525815 135.259582520 -0.043938853 0.998110235 -0.042958811 -23.631872177 -0.008636140 -0.043378208 -0.999021411 400.323883057
-0.998993933 -0.042844236 0.013257873 135.286361694 -0.043417435 0.997975171 -0.046483822 -23.697696686 -0.011239470 -0.047012672 -0.998831093 399.085937500
-0.999098182 -0.038919482 0.016977208 135.304122925 -0.039675724 0.998118401 -0.046750382 -23.768192291 -0.015125759 -0.047381800 -0.998762310 397.856842041
-0.999178946 -0.035055578 0.020317271 135.333221436 -0.035956658 0.998302102 -0.045826677 -23.839118958 -0.018676274 -0.046519589 -0.998742759 396.629089355
-0.999167442 -0.032806590 0.024251586 135.355010986 -0.033884242 0.998391867 -0.045448605 -23.915252686 -0.022721563 -0.046232507 -0.998672426 395.399749756
-0.999087811 -0.033164926 0.026899420 135.397903442 -0.034383502 0.998341203 -0.046180397 -23.983930588 -0.025323253 -0.047063164 -0.998570919 394.183563232
-0.998926222 -0.035566647 0.029688662 135.447052002 -0.036901742 0.998273253 -0.045704011 -24.051698685 -0.028011831 -0.046750497 -0.998513699 392.988586426
-0.998796165 -0.036663093 0.032591973 135.491699219 -0.038075339 0.998313546 -0.043821860 -24.119569778 -0.030930363 -0.045010045 -0.998507619 391.781677246
-0.998725474 -0.036548190 0.034809571 135.547958374 -0.038004909 0.998388290 -0.042148933 -24.186391830 -0.033213004 -0.043418147 -0.998504698 390.589233398
-0.998677969 -0.035470419 0.037204850 135.598861694 -0.037017480 0.998442113 -0.041752357 -24.250417709 -0.035665918 -0.043074381 -0.998435080 389.406616211
-0.998632669 -0.034352135 0.039405860 135.652481079 -0.036022451 0.998447239 -0.042490993 -24.318265915 -0.037885018 -0.043852381 -0.998319447 388.226928711
-0.998561263 -0.033411372 0.041942399 135.703033447 -0.035283193 0.998376667 -0.044711042 -24.379541397 -0.040380433 -0.046126574 -0.998119175 387.054809570
-0.998471975 -0.033160776 0.044205077 135.761962891 -0.035143334 0.998375237 -0.044853177 -24.452404022 -0.042645898 -0.046338156 -0.998014987 385.904327393
-0.998371422 -0.034136992 0.045707114 135.832397461 -0.036177732 0.998350024 -0.044591520 -24.518127441 -0.044109493 -0.046172481 -0.997959137 384.747772217
-0.998177290 -0.035525486 0.048785292 135.894180298 -0.037736531 0.998266220 -0.045174919 -24.581945419 -0.047095843 -0.046933573 -0.997787178 383.595397949
-0.998075008 -0.035340451 0.050964572 135.962783813 -0.037630256 0.998291910 -0.044692487 -24.642372131 -0.049298078 -0.046524260 -0.997699976 382.449523926
-0.997994006 -0.033866666 0.053488940 136.033401489 -0.036122572 0.998473406 -0.041787036 -24.712482452 -0.051992115 -0.043635368 -0.997693777 381.310791016
-0.997926772 -0.031746764 0.055985250 136.097488403 -0.034097370 0.998554766 -0.041542985 -24.772277832 -0.054585505 -0.043365806 -0.997567117 380.191101074
-0.997817516 -0.029561834 0.059045143 136.165039062 -0.032254711 0.998457730 -0.045186941 -24.830513000 -0.057618279 -0.046992805 -0.997232139 379.065704346
-0.997714818 -0.026295682 0.062240049 136.229171753 -0.029304029 0.998420954 -0.047925640 -24.890592575 -0.060881510 -0.049640007 -0.996909916 377.949310303
-0.997642815 -0.024135785 0.064236067 136.306442261 -0.027110612 0.998580456 -0.045849398 -24.964355469 -0.063038267 -0.047482800 -0.996880949 376.872711182
-0.997490168 -0.023090413 0.066933788 136.389587402 -0.025903981 0.998803675 -0.041476518 -25.031768799 -0.065895990 -0.043106265 -0.996895015 375.763458252
-0.997222304 -0.023039797 0.070829459 136.467468262 -0.025914660 0.998865902 -0.039941065 -25.090499878 -0.069828957 -0.041665643 -0.996688485 374.665710449
-0.996920347 -0.023742726 0.074738748 136.555328369 -0.026903085 0.998773515 -0.041566506 -25.147640228 -0.073660202 -0.043449208 -0.996336460 373.586914062
-0.996618152 -0.024493556 0.078435808 136.642425537 -0.028053187 0.998610675 -0.044607073 -25.210079193 -0.077234276 -0.046656597 -0.995920718 372.513244629
-0.996259451 -0.026392570 0.082283609 136.739196777 -0.030278344 0.998466849 -0.046339523 -25.269859314 -0.080934428 -0.048657600 -0.995531142 371.452697754
-0.995900035 -0.026953699 0.086351752 136.842102051 -0.031031072 0.998448849 -0.046229083 -25.332632065 -0.084971741 -0.048719138 -0.995191574 370.394775391
-0.995469570 -0.025995206 0.091458395 136.938796997 -0.030273948 0.998495936 -0.045711361 -25.394641876 -0.090132557 -0.048273079 -0.994759083 369.351348877
-0.994962573 -0.024243899 0.097271167 137.047149658 -0.028643068 0.998617113 -0.044087201 -25.452428818 -0.096067794 -0.046651259 -0.994280934 368.316619873
-0.994292498 -0.021100469 0.104581207 137.154388428 -0.025485834 0.998843372 -0.040775117 -25.512577057 -0.103599861 -0.043207735 -0.993680000 367.278747559
-0.993348956 -0.019698935 0.113445394 137.272186279 -0.024107976 0.999001145 -0.037624937 -25.568124771 -0.112590894 -0.040109627 -0.992831767 366.269653320
-0.992169321 -0.018516593 0.123519935 137.402297974 -0.023353830 0.999011397 -0.037829261 -25.622659683 -0.122697346 -0.040417697 -0.991620839 365.259582520
-0.990765870 -0.016859964 0.134532169 137.542358398 -0.022257447 0.999002337 -0.038717698 -25.672683716 -0.133745164 -0.041354518 -0.990152597 364.269989014
-0.989086390 -0.015961736 0.146469325 137.698745728 -0.022086585 0.998944044 -0.040285997 -25.723091125 -0.145671576 -0.043081336 -0.988394558 363.272338867
-0.987014413 -0.016844405 0.159746811 137.870483398 -0.023637876 0.998890936 -0.040721942 -25.777542114 -0.158883676 -0.043969214 -0.986317813 362.304290771
-0.984494746 -0.015839715 0.174697503 138.044372559 -0.023518844 0.998841882 -0.041974317 -25.830121994 -0.173830315 -0.045432176 -0.983727098 361.328582764
-0.981566191 -0.015073205 0.190527186 138.237762451 -0.023570789 0.998822093 -0.042413041 -25.881286621 -0.189663485 -0.046122082 -0.980765224 360.376586914
-0.978361845 -0.014345465 0.206403136 138.447662354 -0.023478596 0.998847306 -0.041867774 -25.936012268 -0.205564514 -0.045807883 -0.977570951 359.434783936
-0.974840999 -0.014864185 0.222405106 138.663330078 -0.024828156 0.998806059 -0.042072158 -25.987722397 -0.221514255 -0.046535578 -0.974046111 358.474609375
-0.971293569 -0.014294424 0.237453669 138.898681641 -0.024997434 0.998799622 -0.042124361 -26.037384033 -0.236566514 -0.046850853 -0.970485091 357.539001465
-0.967490315 -0.016327562 0.252380341 139.148132324 -0.028102789 0.998674452 -0.043122452 -26.089572906 -0.251341671 -0.048813142 -0.966666818 356.620788574
-0.963921010 -0.017505553 0.265612364 139.409317017 -0.030169742 0.998590171 -0.043674078 -26.138511658 -0.264473379 -0.050111815 -0.963090181 355.686157227
-0.960406125 -0.020655459 0.277837306 139.687255859 -0.034187406 0.998448670 -0.043947935 -26.189369202 -0.276498556 -0.051706396 -0.959622383 354.769226074
-0.957252800 -0.023197923 0.288320839 139.980712891 -0.037573047 0.998306036 -0.044423711 -26.232955933 -0.286801934 -0.053357814 -0.956502855 353.854034424
-0.954075515 -0.026185712 0.298419625 140.276611328 -0.041327126 0.998152375 -0.044540901 -26.277645111 -0.296701819 -0.054828204 -0.953394890 352.924926758
-0.951130033 -0.027835837 0.307533324 140.578964233 -0.043358430 0.998100877 -0.043756377 -26.325969696 -0.305731267 -0.054952167 -0.950530767 352.014953613
-0.948123276 -0.030892910 0.316398323 140.899597168 -0.046725929 0.997999966 -0.042575490 -26.380409241 -0.314450264 -0.055150814 -0.947670519 351.100341797
-0.945077538 -0.032077976 0.325268209 141.224945068 -0.048001751 0.998003483 -0.041047528 -26.437818527 -0.323302031 -0.054406535 -0.944730520 350.187622070
-0.941793263 -0.033816811 0.334487349 141.560546875 -0.049905732 0.997967780 -0.039621260 -26.483327866 -0.332467675 -0.054007869 -0.941567004 349.288635254
-0.937875450 -0.034258068 0.345276564 141.882354736 -0.050436970 0.998004854 -0.037980851 -26.532505035 -0.343286514 -0.053036012 -0.937732160 348.407775879
-0.933814526 -0.034739494 0.356067032 142.229309082 -0.051156744 0.998012662 -0.036792096 -26.578365326 -0.354081273 -0.052572224 -0.933735847 347.529235840
-0.929624617 -0.035680093 0.366776735 142.580474854 -0.052285038 0.998003364 -0.035434663 -26.624828339 -0.364780128 -0.052117869 -0.929634035 346.667419434
-0.925478518 -0.036694635 0.377018720 142.939147949 -0.053075369 0.998040199 -0.033147927 -26.665367126 -0.375063509 -0.050688099 -0.925612271 345.805938721
-0.921368241 -0.037137195 0.386912912 143.310607910 -0.053127918 0.998115301 -0.030712746 -26.707584381 -0.385043204 -0.048853621 -0.921604633 344.957672119
-0.916806281 -0.037004527 0.397614211 143.680755615 -0.052664906 0.998204410 -0.028533747 -26.741289139 -0.395844340 -0.047100227 -0.917108893 344.117462158
-0.911557436 -0.035938445 0.409599245 144.053741455 -0.051425792 0.998315632 -0.026854658 -26.775939941 -0.407944173 -0.045543529 -0.911870182 343.283203125
-0.905999899 -0.035561495 0.421781301 144.446823120 -0.050178416 0.998461306 -0.023601977 -26.816413879 -0.420293063 -0.042547710 -0.906390369 342.467132568
-0.899818242 -0.034028344 0.434935868 144.846939087 -0.048607409 0.998565912 -0.022436159 -26.847457886 -0.433548629 -0.041329570 -0.900181890 341.654235840
-0.893351912 -0.031860404 0.448226780 145.273834229 -0.047387350 0.998600900 -0.023465253 -26.883209229 -0.446852058 -0.042203005 -0.893611908 340.846069336
-0.885899603 -0.028110284 0.463024437 145.684677124 -0.045127060 0.998650253 -0.025712904 -26.910844803 -0.461676747 -0.043673981 -0.885972440 340.053039551
-0.877780318 -0.024664868 0.478427798 146.108627319 -0.042050458 0.998785794 -0.025659338 -26.943422318 -0.477214128 -0.042641368 -0.877751887 339.269592285
-0.869234562 -0.021543456 0.493930161 146.557098389 -0.038310066 0.998981297 -0.023847349 -26.974460602 -0.492913336 -0.039651439 -0.869174361 338.489074707
-0.859099686 -0.016156126 0.511552989 147.006469727 -0.031883825 0.999249637 -0.021986740 -27.010335922 -0.510813892 -0.035199072 -0.858970404 337.703308105
-0.847893298 -0.012663092 0.530015647 147.476760864 -0.028155057 0.999379516 -0.021163996 -27.036443710 -0.529418707 -0.032867435 -0.847723782 336.941223145
-0.836182356 -0.008148809 0.548390925 147.964447021 -0.023476960 0.999504983 -0.020945359 -27.063671112 -0.547948778 -0.030388692 -0.835959792 336.182250977
-0.824120522 -0.003695838 0.566402495 148.471954346 -0.018753009 0.999608576 -0.020763233 -27.091772079 -0.566104054 -0.027733155 -0.823867142 335.429687500
-0.811762571 -0.000644713 0.583987236 149.001220703 -0.014668458 0.999706447 -0.019286010 -27.114597321 -0.583803356 -0.024221851 -0.811533689 334.698059082
-0.798740506 -0.001547911 0.601673663 149.549667358 -0.013595196 0.999787927 -0.015475921 -27.139936447 -0.601522088 -0.020541117 -0.798592091 333.969055176
-0.785364866 0.000278226 0.619033098 150.101974487 -0.009996364 0.999863863 -0.013131738 -27.171167374 -0.618952453 -0.016501285 -0.785255075 333.264923096
-0.771619856 0.002482395 0.636079073 150.683776855 -0.007591569 0.999885321 -0.013111448 -27.188301086 -0.636038661 -0.014945893 -0.771512449 332.561126709
-0.757096589 0.004790183 0.653285325 151.283782959 -0.005528703 0.999890447 -0.013738898 -27.204059601 -0.653279543 -0.014013495 -0.756987154 331.863647461
-0.742172182 0.006259165 0.670180261 151.904571533 -0.003224301 0.999911487 -0.012909357 -27.227931976 -0.670201600 -0.011741828 -0.742086112 331.179748535
-0.726173997 0.008145187 0.687462747 152.548095703 0.000127029 0.999931395 -0.011713195 -27.246196747 -0.687510967 -0.008418492 -0.726125240 330.505676270
-0.708866835 0.009172991 0.705282748 153.212173462 0.002898971 0.999944806 -0.010091698 -27.264266968 -0.705336273 -0.005109076 -0.708854377 329.841613770
-0.691033304 0.010634545 0.722744823 153.886535645 0.007189172 0.999943435 -0.007839538 -27.279165268 -0.722787321 -0.000221449 -0.691070616 329.177337646
-0.672920942 0.009573665 0.739652514 154.588867188 0.008614392 0.999949813 -0.005105612 -27.295875549 -0.739664257 0.002935981 -0.672969639 328.534057617
-0.656145394 0.009000807 0.754580975 155.309875488 0.008527804 0.999953389 -0.004512319 -27.313589096 -0.754586458 0.003474179 -0.656191528 327.927124023
-0.638637364 0.012650847 0.769403756 156.032989502 0.011456793 0.999910355 -0.006931306 -27.333194733 -0.769422591 0.004388311 -0.638724983 327.333770752
-0.621084929 0.012387915 0.783645391 156.795745850 0.010909076 0.999914825 -0.007160632 -27.344760895 -0.783667445 0.004101486 -0.621167123 326.743408203
-0.602279544 0.010734524 0.798213124 157.579315186 0.010982437 0.999926388 -0.005160575 -27.363584518 -0.798209667 0.005658213 -0.602353096 326.162475586
-0.582786500 0.006284373 0.812601030 158.347717285 0.009724989 0.999952435 -0.000758652 -27.382513046 -0.812567234 0.007460401 -0.582819879 325.602111816
-0.562483370 0.004740854 0.826795042 159.094207764 0.008749450 0.999961734 0.000218614 -27.381229401 -0.826762319 0.007356978 -0.562503338 325.103790283
-0.540972352 0.002632563 0.841036201 159.917068481 0.007057691 0.999974132 0.001409590 -27.393705368 -0.841010749 0.006698316 -0.540976942 324.586242676
-0.517345965 0.002087529 0.855773926 160.751449585 0.005080426 0.999986887 0.000631982 -27.403610229 -0.855761290 0.004674650 -0.517349839 324.079620361
-0.493868470 -0.000144766 0.869536638 161.585815430 0.007834188 0.999958694 0.004616047 -27.406728745 -0.869501412 0.009091838 -0.493846923 323.638092041
-0.467312187 -0.007027845 0.884064436 162.458160400 0.007608986 0.999899507 0.011970745 -27.409938812 -0.884059727 0.012320907 -0.467211753 323.185943604
-0.439325005 -0.012182572 0.898245513 163.325942993 0.011052460 0.999759078 0.018965034 -27.400268555 -0.898260176 0.018259630 -0.439084470 322.749084473
-0.410867512 -0.011419855 0.911623478 164.230285645 0.014736556 0.999707758 0.019165026 -27.391939163 -0.911575973 0.021308484 -0.410579115 322.343841553
-0.382852793 -0.010817834 0.923745930 165.102340698 0.016862774 0.999683022 0.018696012 -27.389564514 -0.923655391 0.022734743 -0.382549018 321.985748291
-0.356162667 -0.012825510 0.934336007 166.008453369 0.016102219 0.999673128 0.019860441 -27.373914719 -0.934285223 0.022118423 -0.355839700 321.642700195
-0.330922633 -0.016059259 0.943521261 166.957550049 0.016544838 0.999602795 0.022816591 -27.366559982 -0.943512857 0.023160931 -0.330525488 321.326812744
-0.305324852 -0.020022471 0.952037811 167.913955688 0.016471442 0.999518394 0.026303541 -27.355072021 -0.952105820 0.023712553 -0.304847986 321.023223877
-0.280808300 -0.022515640 0.959499776 168.898620605 0.016783955 0.999456763 0.028365280 -27.338699341 -0.959617138 0.024069406 -0.280277818 320.743408203
-0.257839859 -0.024248959 0.965883315 169.888763428 0.015810091 0.999445200 0.029312011 -27.316425323 -0.966058314 0.022828506 -0.257313430 320.488647461
-0.237209514 -0.024647243 0.971145809 170.879547119 0.016228486 0.999438107 0.029329214 -27.299688339 -0.971322954 0.022717401 -0.236676216 320.252288818
-0.219172522 -0.025049141 0.975364447 171.899871826 0.014980312 0.999466181 0.029034313 -27.274446487 -0.975571096 0.020974781 -0.218680263 320.037841797
-0.202832818 -0.025933247 0.978869915 172.915313721 0.014678930 0.999456465 0.029520281 -27.256986618 -0.979103386 0.020356445 -0.202341869 319.832672119
-0.188768968 -0.026965866 0.981651187 173.940704346 0.015052744 0.999426007 0.030348739 -27.232456207 -0.981906116 0.020505447 -0.188254714 319.644653320
-0.176633865 -0.028383911 0.983867288 174.994598389 0.014583356 0.999398947 0.031450137 -27.211036682 -0.984168589 0.019903246 -0.176113769 319.463897705
-0.166065037 -0.029272940 0.985680223 176.044342041 0.013663622 0.999395072 0.031982254 -27.186857224 -0.986020088 0.018779099 -0.165564582 319.301452637
-0.156487584 -0.030862950 0.987197638 177.113494873 0.014166635 0.999338746 0.033488169 -27.157987595 -0.987578273 0.019225745 -0.155946895 319.135223389
-0.147792757 -0.031498361 0.988516629 178.194488525 0.014897194 0.999308527 0.034069505 -27.133085251 -0.988906085 0.019761346 -0.147221327 318.978912354
-0.140716061 -0.032209836 0.989525914 179.275573730 0.016297251 0.999260008 0.034844242 -27.100650787 -0.989915848 0.021029698 -0.140086979 318.825469971
-0.134879753 -0.033098657 0.990309060 180.365188599 0.017649936 0.999203146 0.035799839 -27.068763733 -0.990704715 0.022307564 -0.134188086 318.682922363
-0.130092144 -0.034430310 0.990903914 181.475280762 0.018382762 0.999141335 0.037129942 -27.039113998 -0.991331398 0.023045866 -0.129347518 318.539001465
-0.125720099 -0.035287678 0.991437972 182.587982178 0.018366646 0.999113142 0.037889853 -27.002422333 -0.991895676 0.022972908 -0.124960497 318.401306152
-0.121897690 -0.036592498 0.991867900 183.704711914 0.019366603 0.999042213 0.039237276 -26.967899323 -0.992353737 0.023992054 -0.121072270 318.263214111
-0.119444668 -0.039434042 0.992057383 184.843261719 0.018189188 0.998956442 0.041898254 -26.931697845 -0.992674232 0.023049248 -0.118602715 318.135192871
-0.118442915 -0.043590453 0.992003620 185.986038208 0.016092435 0.998820543 0.045811392 -26.890792847 -0.992830396 0.021389782 -0.117601737 318.007171631
-0.118085355 -0.048302948 0.991828024 187.142425537 0.014377140 0.998628378 0.050345849 -26.845542908 -0.992899418 0.020204742 -0.117228925 317.874481201
-0.118084952 -0.052233253 0.991628766 188.303985596 0.013498307 0.998438895 0.054199368 -26.794214249 -0.992911756 0.019785440 -0.117195539 317.744842529
-0.118338160 -0.056358904 0.991372645 189.468658447 0.013756010 0.998199165 0.058389015 -26.740966797 -0.992878020 0.020546980 -0.117349766 317.610961914
-0.118822180 -0.057648141 0.991240680 190.649459839 0.012207175 0.998152912 0.059513431 -26.678236008 -0.992840648 0.019171759 -0.117898956 317.476562500
-0.120156452 -0.055648956 0.991194010 191.822326660 0.011741769 0.998278141 0.057470065 -26.621574402 -0.992685616 0.018543774 -0.119296126 317.341644287
-0.121810496 -0.054152768 0.991075039 192.994827271 0.011507883 0.998366535 0.055965580 -26.565435410 -0.992486656 0.018222371 -0.120988317 317.210662842
-0.124435179 -0.056437321 0.990621328 194.170181274 0.011593711 0.998230338 0.058327131 -26.510623932 -0.992160022 0.018742925 -0.123560622 317.073608398
-0.126803860 -0.061244920 0.990035355 195.366699219 0.012416754 0.997915864 0.063322768 -26.459850311 -0.991850078 0.020322606 -0.125779122 316.917785645
-0.130193546 -0.067195274 0.989209056 196.551574707 0.013564977 0.997486711 0.069542922 -26.392644882 -0.991395772 0.022472635 -0.128954828 316.765380859
-0.134198114 -0.073169038 0.988249481 197.748870850 0.015124173 0.997002959 0.075870909 -26.326965332 -0.990839064 0.025128197 -0.132689282 316.606903076
-0.139012322 -0.077685863 0.987238824 198.941162109 0.017819067 0.996560574 0.080928490 -26.248485565 -0.990130246 0.028841730 -0.137149915 316.435943604
-0.144105330 -0.080488943 0.986283481 200.121566772 0.019682303 0.996256232 0.084178567 -26.169879913 -0.989366651 0.031542908 -0.141981632 316.267303467
-0.149305135 -0.081759073 0.985405207 201.313110352 0.020342376 0.996110618 0.085729524 -26.086780548 -0.988581955 0.032845333 -0.147061303 316.098449707
-0.154874682 -0.081748798 0.984546065 202.493530273 0.022570081 0.996017635 0.086251721 -26.000255585 -0.987676322 0.035579484 -0.152412862 315.916015625
-0.160354763 -0.082994893 0.983564138 203.695770264 0.022916449 0.995877266 0.087770052 -25.912769318 -0.986793339 0.036614139 -0.157791704 315.712432861
-0.166516379 -0.086581029 0.982230306 204.883773804 0.021906266 0.995566845 0.091470376 -25.820453644 -0.985795259 0.036748312 -0.163881510 315.519592285
-0.173543260 -0.091416843 0.980574191 206.078598022 0.020506591 0.995131135 0.096403249 -25.728206635 -0.984612703 0.036838368 -0.170823663 315.313690186
-0.180964112 -0.095507272 0.978841364 207.259735107 0.019746536 0.994720221 0.100707255 -25.629951477 -0.983291507 0.037553128 -0.178122729 315.104217529
-0.188582391 -0.096189722 0.977335274 208.452484131 0.019615270 0.994624138 0.101676159 -25.526287079 -0.981861532 0.038345039 -0.185681820 314.877624512
-0.196690872 -0.098905489 0.975464284 209.636413574 0.019154185 0.994321465 0.104679696 -25.416210175 -0.980278492 0.039273772 -0.193679526 314.646362305
-0.205645457 -0.100847237 0.973416507 210.835525513 0.019024845 0.994076431 0.107006818 -25.309207916 -0.978441656 0.040524576 -0.202508643 314.397979736
-0.214568034 -0.103440098 0.971216083 212.024414062 0.018836921 0.993752897 0.110001996 -25.197257996 -0.976527393 0.041897628 -0.211279124 314.141815186
-0.223871857 -0.103680067 0.969088137 213.211303711 0.018799955 0.993681133 0.110654250 -25.086795807 -0.974437237 0.042991180 -0.220508039 313.877136230
-0.233386815 -0.103851758 0.966822267 214.386795044 0.019032806 0.993602037 0.111322761 -24.972085953 -0.972197711 0.044382602 -0.229916990 313.601928711
-0.242474630 -0.100061737 0.964983642 215.553192139 0.017102079 0.994071364 0.107375205 -24.860952377 -0.970007002 0.042539001 -0.239325836 313.317962646
-0.252448171 -0.093981229 0.963035524 216.696197510 0.019255411 0.994586885 0.102107868 -24.754684448 -0.967418909 0.044320591 -0.249271989 313.015899658
-0.262558311 -0.089714170 0.960736454 217.844390869 0.019733375 0.994960904 0.098302990 -24.650741577 -0.964714348 0.044768848 -0.259464890 312.706939697
-0.274140537 -0.089262873 0.957538068 218.977661133 0.022065513 0.994837165 0.099057235 -24.552509308 -0.961436510 0.048284169 -0.270755559 312.389892578
-0.285046607 -0.092353381 0.954054177 220.080963135 0.020763434 0.994518995 0.102473982 -24.458797455 -0.958288729 0.049019307 -0.281566709 312.059326172
-0.297847331 -0.091771245 0.950192094 221.219284058 0.020034576 0.994548202 0.102335304 -24.352754593 -0.954403281 0.049516987 -0.294384956 311.715972900
-0.312543988 -0.089775197 0.945651531 222.328918457 0.020210493 0.994670093 0.101108484 -24.253335953 -0.949688256 0.050712924 -0.309063792 311.355560303
-0.327389628 -0.089461572 0.940644860 223.421875000 0.017354757 0.994770586 0.100649588 -24.154876709 -0.944729984 0.049276281 -0.324124962 310.978088379
-0.342766732 -0.088407561 0.935251415 224.489593506 0.016736679 0.994829297 0.100173302 -24.056995392 -0.939271450 0.049989074 -0.339514673 310.599060059
-0.357350111 -0.087224998 0.929888546 225.551437378 0.016664116 0.994875491 0.099724792 -23.966541290 -0.933821857 0.051132429 -0.354065299 310.189758301
-0.372158140 -0.086041100 0.924172699 226.586761475 0.015716208 0.994967163 0.098960914 -23.872348785 -0.928036332 0.051353596 -0.368932873 309.776672363
-0.387703270 -0.086751126 0.917693019 227.613281250 0.012196950 0.994991660 0.099211216 -23.779678345 -0.921703577 0.049657561 -0.384703368 309.365081787
-0.402448624 -0.086594380 0.911337674 228.636627197 0.010206719 0.995029747 0.099054001 -23.683204651 -0.915385604 0.049165908 -0.399564505 308.919067383
-0.417605460 -0.086712584 0.904481411 229.640655518 0.007543316 0.995070755 0.098880187 -23.594402313 -0.908597112 0.048115693 -0.414892972 308.465148926
-0.432305157 -0.085820712 0.897634149 230.647079468 0.005424710 0.995195210 0.097760864 -23.502920151 -0.901711106 0.047131922 -0.429762512 307.995422363
-0.446607977 -0.084059879 0.890772223 231.618011475 0.005413583 0.995304823 0.096638568 -23.414438248 -0.894713342 0.047981821 -0.444056123 307.500000000
-0.461349308 -0.082309343 0.883392215 232.591491699 0.006329137 0.995356679 0.096046910 -23.326885223 -0.887196064 0.049902294 -0.458686173 306.999359131
-0.475650877 -0.079606995 0.876024485 233.552093506 0.006999864 0.995522439 0.094266795 -23.240287781 -0.879606247 0.050970148 -0.472963870 306.483886719
-0.489559203 -0.076493263 0.868608594 234.496582031 0.009363296 0.995626152 0.092956260 -23.159629822 -0.871919811 0.053640623 -0.486701757 305.951324463
-0.503169358 -0.072875999 0.861109674 235.420745850 0.011747817 0.995769143 0.091136843 -23.079683304 -0.864108026 0.055973422 -0.500184357 305.412475586
-0.516327262 -0.070410512 0.853492022 236.327011108 0.013263563 0.995837390 0.090177499 -23.001117706 -0.856288671 0.057881437 -0.513244033 304.867462158
-0.528787017 -0.068895906 0.845953703 237.228744507 0.013726193 0.995875537 0.089685731 -22.922876358 -0.848643541 0.059036359 -0.525660336 304.303314209
-0.541223943 -0.066353612 0.838256359 238.108551025 0.013688772 0.996054411 0.087682605 -22.857334137 -0.840767086 0.058930632 -0.538180172 303.738006592
-0.553404272 -0.062580690 0.830558538 238.975769043 0.013193704 0.996389568 0.083866715 -22.780096054 -0.832808316 0.057370335 -0.550580502 303.162994385
-0.565375268 -0.059979074 0.822650135 239.826736450 0.011112473 0.996708274 0.080306746 -22.717884064 -0.824758947 0.054545131 -0.562847555 302.594909668
-0.577266157 -0.054822795 0.814713538 240.653747559 0.011899585 0.997072816 0.075525358 -22.648763657 -0.816469312 0.053292971 -0.574924111 302.010589600
-0.588747799 -0.050220042 0.806755185 241.471374512 0.013996732 0.997285128 0.072294831 -22.593801498 -0.808195651 0.053855360 -0.586446404 301.412597656
-0.600562453 -0.051196858 0.797936976 242.264770508 0.014122665 0.997113109 0.074605629 -22.538187027 -0.799453080 0.056074336 -0.598105609 300.815734863
-0.612165928 -0.053444184 0.788921177 243.039489746 0.012754066 0.996916115 0.077431031 -22.475320816 -0.790626466 0.057462588 -0.609596431 300.215698242
-0.623733342 -0.055314731 0.779677451 243.793289185 0.010107331 0.996838629 0.078807138 -22.429559708 -0.781571746 0.057035103 -0.621202469 299.619018555
-0.635467470 -0.049652562 0.770529449 244.515289307 0.009271018 0.997367620 0.071915843 -22.373834610 -0.772071958 0.052843776 -0.633334339 299.019836426
-0.647494137 -0.048352588 0.760534883 245.223297119 0.006012263 0.997629941 0.068545051 -22.321830750 -0.762046576 0.048955057 -0.645668805 298.424133301
-0.658668637 -0.050024465 0.750768304 245.911636353 0.001835110 0.997677803 0.068086289 -22.276374817 -0.752430916 0.046224035 -0.657047212 297.837158203
-0.669452727 -0.052240875 0.741015553 246.583969116 0.000749640 0.997476161 0.070998341 -22.229335785 -0.742854357 0.048085522 -0.667723894 297.238220215
-0.679931760 -0.051277172 0.731480539 247.216339111 0.000893902 0.997493327 0.070755720 -22.189857483 -0.733275115 0.048762925 -0.678181291 296.647033691
-0.690919995 -0.050301630 0.721179247 247.833831787 0.000096117 0.997569919 0.069671735 -22.146612167 -0.722931385 0.048206907 -0.689236045 296.061462402
-0.701965153 -0.049591836 0.710482657 248.421295166 -0.001242897 0.997656643 0.068408646 -22.108589172 -0.712210178 0.047137409 -0.700381815 295.491088867
-0.712913990 -0.049069580 0.699532568 248.980560303 -0.002004040 0.997687340 0.067941628 -22.068851471 -0.701248586 0.047034636 -0.711363554 294.918457031
-0.724904537 -0.048132583 0.687165678 249.518417358 -0.000286019 0.997576833 0.069573641 -22.027055740 -0.688849270 0.050237704 -0.723161697 294.346466064
-0.737235904 -0.045254562 0.674118221 250.025436401 0.004403225 0.997411251 0.071773201 -21.992006302 -0.675621092 0.055882059 -0.735128045 293.775848389
-0.749970257 -0.042182676 0.660125196 250.489944458 0.009362640 0.997187555 0.074358217 -21.956953049 -0.661405385 0.061946969 -0.747465968 293.221466064
-0.762680292 -0.037777442 0.645671546 250.935638428 0.014724300 0.997019827 0.075727031 -21.917928696 -0.646608055 0.067262575 -0.759851038 292.665924072
-0.775316060 -0.033247732 0.630697846 251.366149902 0.017084202 0.997143984 0.073566802 -21.881959915 -0.631342530 0.067812502 -0.772533536 292.118804932
-0.789108932 -0.025077999 0.613741219 251.757904053 0.021363730 0.997441232 0.068224408 -21.851779938 -0.613881707 0.066948295 -0.786553919 291.590942383
-0.803646803 -0.016444493 0.594879389 252.140289307 0.025849994 0.997709990 0.062501907 -21.822807312 -0.594544888 0.065607101 -0.801381290 291.056030273
-0.819164217 -0.008584816 0.573494911 252.489181519 0.030423539 0.997830033 0.058392968 -21.802162170 -0.572751760 0.065281168 -0.817125261 290.531768799
-0.835426271 -0.004015458 0.549587905 252.815673828 0.032709762 0.997837365 0.057012528 -21.769855499 -0.548628330 0.065606646 -0.833488345 290.010467529
-0.851736963 0.001071004 0.523968637 253.112365723 0.037305053 0.997584105 0.058602158 -21.748460770 -0.522640049 0.069460288 -0.849719286 289.485534668
-0.867874742 0.008034023 0.496718228 253.372375488 0.043090511 0.997318149 0.059157673 -21.727256775 -0.494910896 0.072745293 -0.865893424 288.968963623
-0.884734154 0.014471808 0.465871453 253.612121582 0.046947885 0.997201383 0.058181494 -21.712882996 -0.463725805 0.073346831 -0.882937551 288.455993652
-0.901449800 0.020255266 0.432409704 253.852371216 0.048530579 0.997336209 0.054454323 -21.679895401 -0.430154860 0.070072934 -0.900031507 287.894897461
-0.918318748 0.026206201 0.394973427 254.039825439 0.050182201 0.997462869 0.050493397 -21.670318604 -0.392648131 0.066189669 -0.917303920 287.399841309
-0.934217751 0.032929383 0.355180204 254.205566406 0.052837249 0.997520208 0.046494074 -21.649238586 -0.352768391 0.062202327 -0.933641016 286.871032715
-0.948971689 0.040751781 0.312717497 254.344192505 0.057285599 0.997393787 0.043863282 -21.624963760 -0.310114980 0.059539229 -0.948832929 286.337219238
-0.962146878 0.046087004 0.268606722 254.466796875 0.059255678 0.997395515 0.041122191 -21.605621338 -0.266011894 0.055482067 -0.962371767 285.783355713
-0.973752975 0.046302438 0.222848296 254.564849854 0.056134745 0.997700393 0.037987370 -21.588481903 -0.220576882 0.049499843 -0.974112809 285.240051270
-0.983824015 0.045612272 0.173233539 254.631210327 0.052760772 0.997925699 0.036884636 -21.581184387 -0.171191871 0.045427945 -0.984189868 284.716186523
-0.991772175 0.044784579 0.119926810 254.673202515 0.049295578 0.998173654 0.034914475 -21.559968948 -0.118144169 0.040539064 -0.992168605 284.167663574
-0.996846259 0.046838719 0.064060085 254.680892944 0.049136624 0.998186350 0.034778096 -21.546056747 -0.062314980 0.037816118 -0.997339845 283.613586426
-0.998987496 0.044506151 0.006572694 254.656524658 0.044721983 0.998295903 0.037487753 -21.527975082 -0.004893064 0.037743740 -0.999275506 283.040832520
-0.997652471 0.043112140 -0.053206608 254.617752075 0.040929459 0.998301804 0.041452773 -21.507591248 0.054903366 0.039177746 -0.997722805 282.480072021
-0.992579222 0.043534424 -0.113539234 254.534179688 0.038613580 0.998232126 0.045186341 -21.483331680 0.115305655 0.040466864 -0.992505431 281.904693604
-0.983650744 0.043561123 -0.174739152 254.409210205 0.035259422 0.998109698 0.050336920 -21.462055206 0.176601559 0.043352731 -0.983327329 281.319152832
-0.970669866 0.042599868 -0.236612052 254.239364624 0.029994966 0.997945070 0.056620609 -21.439931870 0.238537848 0.047862742 -0.969953060 280.738525391
-0.953294575 0.042554103 -0.299029380 254.030151367 0.024048550 0.997576118 0.065296598 -21.412872314 0.301083148 0.055055670 -0.952007294 280.161010742
-0.932132900 0.037330743 -0.360186934 253.782836914 0.012340651 0.997369051 0.071433455 -21.372089386 0.361905932 0.062140528 -0.930141330 279.592376709
-0.906509817 0.034739420 -0.420753092 253.512924194 0.002672815 0.997061074 0.076563641 -21.335807800 0.422176242 0.068281099 -0.903938532 279.024261475
-0.878163099 0.034143575 -0.477141440 253.178558350 -0.005056081 0.996731281 0.080630250 -21.293746948 0.478334725 0.073218971 -0.875119925 278.464721680
-0.847439289 0.035277106 -0.529718995 252.791763306 -0.011376327 0.996354043 0.084552824 -21.252138138 0.530770421 0.077679642 -0.843948126 277.907165527
-0.814222753 0.034905933 -0.579502344 252.396270752 -0.016819088 0.996353567 0.083646141 -21.202423096 0.580309093 0.077853277 -0.810666621 277.366119385
-0.781686366 0.030355511 -0.622932732 251.946655273 -0.024871735 0.996503055 0.079769865 -21.148334503 0.623175859 0.077848434 -0.778197765 276.831939697
-0.750665009 0.028221942 -0.660079956 251.460494995 -0.030560454 0.996534586 0.077361546 -21.098167419 0.659975946 0.078244954 -0.747201145 276.307830811
-0.721465588 0.031223267 -0.691745937 250.938781738 -0.030665047 0.996562183 0.076964237 -21.044874191 0.691770911 0.076739460 -0.718027830 275.782257080
-0.694592774 0.035335988 -0.718534946 250.379119873 -0.030143725 0.996486247 0.078144357 -20.990196228 0.718771577 0.075937815 -0.691086829 275.274078369
-0.670845330 0.038247842 -0.740610361 249.787033081 -0.029789157 0.996473372 0.078444578 -20.939025879 0.740998805 0.074686341 -0.667339921 274.755249023
-0.651276410 0.040356357 -0.757766724 249.177902222 -0.028984971 0.996533155 0.077983968 -20.878108978 0.758286834 0.072752990 -0.647848845 274.242156982
-0.636675775 0.044792384 -0.769829631 248.538574219 -0.021417970 0.996899247 0.075717777 -20.816038132 0.770834208 0.064695872 -0.633742273 273.735412598
-0.627134621 0.050738480 -0.777256548 247.869674683 -0.012917260 0.997061372 0.075509466 -20.762523651 0.778803825 0.057394624 -0.624636352 273.222259521
-0.622458577 0.054138675 -0.780778050 247.203399658 -0.008023566 0.997110844 0.075535648 -20.710298538 0.782611609 0.053282451 -0.620225787 272.702484131
-0.620659173 0.056591898 -0.782035530 246.493896484 -0.005762048 0.997035682 0.076723374 -20.644893646 0.784059346 0.052125182 -0.618493259 272.146026611
