0.999999940 0.000000004 -0.000000007 -0.000015259 0.000000004 1.000000000 -0.000000002 -0.000000000 -0.000000007 -0.000000002 1.000000000 -0.000015259
0.999997497 -0.001677612 -0.001434229 -0.002498327 0.001676351 0.999998212 -0.000885234 -0.008486162 0.001435696 0.000882824 0.999998569 0.564119756
0.999995351 -0.001839183 -0.002411107 -0.007794164 0.001833017 0.999995053 -0.002560034 -0.017857246 0.002415789 0.002555599 0.999993801 1.119450569
0.999986470 -0.002494917 -0.004545135 -0.009079895 0.002478822 0.999990642 -0.003544927 -0.035089504 0.004553923 0.003533609 0.999983370 1.684558153
0.999970376 -0.004308725 -0.006368164 -0.020434307 0.004273305 0.999975383 -0.005566498 -0.040818661 0.006391977 0.005539117 0.999964237 2.251457214
0.999944866 -0.006915316 -0.007902861 -0.022701539 0.006855022 0.999947369 -0.007631667 -0.054124519 0.007955216 0.007577073 0.999939680 2.808079243
0.999922633 -0.008132904 -0.009413667 -0.028701210 0.008055273 0.999933481 -0.008255330 -0.067105398 0.009480163 0.008178856 0.999921679 3.380437613
0.999909043 -0.008078102 -0.010790947 -0.040092535 0.007996508 0.999939382 -0.007583069 -0.080043271 0.010851533 0.007496089 0.999913096 3.963996887
0.999893785 -0.008634907 -0.011740555 -0.051463887 0.008542175 0.999932170 -0.007925579 -0.094901845 0.011808179 0.007824444 0.999899745 4.556211472
0.999883294 -0.007957425 -0.013044043 -0.059553199 0.007815734 0.999910295 -0.010878197 -0.108547315 0.013129421 0.010774978 0.999855697 5.147328377
0.999879420 -0.006326094 -0.014184603 -0.077166155 0.006117932 0.999873579 -0.014671292 -0.124066666 0.014275608 0.014582742 0.999791682 5.749403477
0.999865890 -0.005201607 -0.015533761 -0.091815844 0.004917783 0.999821246 -0.018254410 -0.137969509 0.015625922 0.018175568 0.999712706 6.364488602
0.999855101 -0.003072702 -0.016745273 -0.107810281 0.002766103 0.999828637 -0.018302362 -0.152063861 0.016798627 0.018253390 0.999692321 6.992402554
0.999835014 -0.001226697 -0.018119687 -0.117849432 0.001018777 0.999933600 -0.011479313 -0.160618857 0.018132556 0.011458960 0.999769926 7.630696297
0.999829233 -0.000129574 -0.018478576 -0.139535040 0.000112359 0.999999464 -0.000932426 -0.173630238 0.018478684 0.000930189 0.999828815 8.289356232
0.999808669 0.000615275 -0.019552169 -0.154948950 -0.000504603 0.999983847 0.005664993 -0.184785470 0.019555336 -0.005654043 0.999792814 8.975516319
0.999779940 0.002995259 -0.020762136 -0.176436022 -0.002897020 0.999984503 0.004760329 -0.200720876 0.020776069 -0.004699135 0.999773145 9.665509224
0.999759376 0.004893779 -0.021382250 -0.200551212 -0.004945823 0.999984860 -0.002381824 -0.209002227 0.021370269 0.002486999 0.999768496 10.346439362
0.999736965 0.004471805 -0.022493577 -0.220777839 -0.004657540 0.999955416 -0.008211771 -0.211565703 0.022455849 0.008314372 0.999713182 11.057904243
0.999722302 0.002133877 -0.023464317 -0.242673129 -0.002296417 0.999973476 -0.006902478 -0.211742565 0.023448961 0.006954441 0.999700785 11.797663689
0.999712110 0.001700051 -0.023931431 -0.263974130 -0.001647674 0.999996126 0.002208098 -0.220272943 0.023935089 -0.002168036 0.999711156 12.564587593
0.999700963 0.001342751 -0.024420924 -0.284275293 -0.001100663 0.999950111 0.009923734 -0.229558781 0.024433028 -0.009893882 0.999652505 13.337220192
0.999688685 0.000529952 -0.024946954 -0.305795699 -0.000221043 0.999923170 0.012383642 -0.231813669 0.024951598 -0.012374267 0.999612033 14.124182701
0.999686420 -0.001204152 -0.025013717 -0.326398104 0.001486630 0.999935269 0.011277242 -0.232986078 0.024998516 -0.011310887 0.999623477 14.924037933
0.999696851 -0.001613625 -0.024568357 -0.349179536 0.001833691 0.999958336 0.008937277 -0.233987808 0.024552906 -0.008979615 0.999658167 15.753229141
0.999706149 0.000838769 -0.024224944 -0.379121423 -0.000706301 0.999984622 0.005476132 -0.234475017 0.024229158 -0.005457409 0.999691546 16.593015671
0.999725282 -0.002638698 -0.023287527 -0.396835119 0.002633329 0.999996483 -0.000261372 -0.236809120 0.023288131 0.000199972 0.999728739 17.456764221
0.999730110 -0.005567141 -0.022550525 -0.413878024 0.005423332 0.999964595 -0.006433587 -0.246757239 0.022585539 0.006309548 0.999724925 18.327428818
0.999755383 -0.004258098 -0.021698767 -0.433413208 0.004004378 0.999923289 -0.011723056 -0.261770308 0.021747015 0.011633296 0.999695718 19.220058441
0.999760568 -0.003127649 -0.021653762 -0.456908673 0.002856422 0.999917150 -0.012545499 -0.275868833 0.021691203 0.012480639 0.999686718 20.130680084
0.999755740 -0.002950549 -0.021897921 -0.488428205 0.002691060 0.999925911 -0.011870186 -0.300937563 0.021931319 0.011808355 0.999689698 21.078519821
0.999762595 -0.001401249 -0.021740934 -0.509259939 0.001107141 0.999907732 -0.013534279 -0.321779668 0.021757878 0.013506995 0.999672055 22.022392273
0.999765217 0.001210627 -0.021632750 -0.536025703 -0.001549007 0.999876559 -0.015632382 -0.342667013 0.021611135 0.015662221 0.999643803 22.976253510
0.999749839 0.004810403 -0.021845961 -0.566687346 -0.005170610 0.999851108 -0.016462352 -0.364870608 0.021763500 0.016571190 0.999625802 23.940450668
0.999747872 0.006848219 -0.021379737 -0.609930754 -0.007202469 0.999837279 -0.016537016 -0.391448885 0.021262994 0.016686836 0.999634683 24.914813995
0.999731302 0.007478002 -0.021940425 -0.626520157 -0.007840103 0.999833703 -0.016464649 -0.425316036 0.021813637 0.016632238 0.999623597 25.896463394
0.999734819 0.007441802 -0.021791546 -0.656084180 -0.007798973 0.999835968 -0.016351627 -0.452923298 0.021666268 0.016517246 0.999628723 26.889711380
0.999713600 0.008430078 -0.022397408 -0.681978583 -0.008774313 0.999844134 -0.015315950 -0.478974611 0.022264790 0.015508083 0.999631703 27.896217346
0.999702752 0.009094737 -0.022621198 -0.709325612 -0.009395268 0.999868631 -0.013214929 -0.510009527 0.022498041 0.013423530 0.999656677 28.899620056
0.999689758 0.009769495 -0.022911794 -0.740403593 -0.010045495 0.999878049 -0.011962380 -0.539116919 0.022792134 0.012188829 0.999665856 29.918743134
0.999681950 0.009367895 -0.023414873 -0.762451947 -0.009671879 0.999870002 -0.012903326 -0.569194615 0.023290955 0.013125686 0.999642491 30.944210052
0.999668539 0.010982339 -0.023284592 -0.795751035 -0.011312279 0.999836743 -0.014086042 -0.593572140 0.023126073 0.014344772 0.999629617 31.983551025
0.999665439 0.010673752 -0.023556914 -0.826273203 -0.010982899 0.999854624 -0.013033390 -0.622611284 0.023414358 0.013287749 0.999637425 33.019603729
0.999651074 0.010469312 -0.024252284 -0.855724335 -0.010730253 0.999885678 -0.010654538 -0.644662619 0.024137948 0.010911047 0.999649048 34.073894501
0.999640822 0.010148409 -0.024801617 -0.885122716 -0.010323775 0.999922574 -0.006953046 -0.672638476 0.024729118 0.007206595 0.999668181 35.138698578
0.999628484 0.010371924 -0.025200404 -0.919794679 -0.010494495 0.999933839 -0.004736565 -0.693876743 0.025149588 0.004999272 0.999671280 36.200233459
0.999614835 0.009788626 -0.025969703 -0.946330607 -0.009887984 0.999944270 -0.003700359 -0.721418023 0.025932016 0.003955721 0.999655902 37.268726349
0.999607801 0.009454478 -0.026358692 -0.982687831 -0.009604134 0.999938428 -0.005557084 -0.738862634 0.026304558 0.005808056 0.999637008 38.349876404
0.999584556 0.010115396 -0.026987392 -1.018489003 -0.010286217 0.999927878 -0.006198446 -0.756405413 0.026922775 0.006473469 0.999616444 39.431663513
0.999572814 0.009711485 -0.027565587 -1.060975671 -0.009849946 0.999939501 -0.004891848 -0.781141937 0.027516440 0.005161277 0.999607980 40.512550354
0.999549508 0.009721087 -0.028392509 -1.098518491 -0.009809712 0.999947429 -0.002983964 -0.800481081 0.028362038 0.003261141 0.999592304 41.604461670
0.999533713 0.009762932 -0.028928831 -1.133274317 -0.009777396 0.999952078 -0.000358578 -0.827488244 0.028923942 0.000641259 0.999581397 42.700004578
0.999501646 0.011026931 -0.029576922 -1.168182254 -0.011043551 0.999938905 -0.000398604 -0.850272477 0.029570717 0.000725040 0.999562442 43.772613525
0.999477804 0.012689729 -0.029716386 -1.214078784 -0.012825315 0.999908090 -0.004376506 -0.869174123 0.029658115 0.004755342 0.999548733 44.852008820
0.999461830 0.013898016 -0.029714556 -1.252806544 -0.014154420 0.999864161 -0.008436034 -0.889436185 0.029593276 0.008852088 0.999522746 45.939968109
0.999457955 0.013926157 -0.029829813 -1.286778331 -0.014194463 0.999860525 -0.008801788 -0.918381691 0.029703096 0.009220436 0.999516189 47.036014557
0.999461234 0.014623375 -0.029381081 -1.327134252 -0.014806567 0.999872267 -0.006027296 -0.943768263 0.029289203 0.006459080 0.999550164 48.118621826
0.999444127 0.015307182 -0.029612798 -1.363290310 -0.015427961 0.999873519 -0.003854585 -0.969524026 0.029550066 0.004309305 0.999554038 49.207515717
0.999462128 0.013709770 -0.029796243 -1.393406868 -0.013796961 0.999901056 -0.002722644 -0.993565381 0.029755961 0.003132277 0.999552310 50.305858612
0.999491334 0.013478013 -0.028904628 -1.437801361 -0.013577031 0.999902546 -0.003232293 -1.020539284 0.028858233 0.003623087 0.999576986 51.389305115
0.999500453 0.012885139 -0.028861010 -1.474350572 -0.013046218 0.999900341 -0.005399917 -1.038030148 0.028788542 0.005773746 0.999568820 52.481079102
0.999504328 0.012885816 -0.028722608 -1.506112933 -0.013107862 0.999885619 -0.007556102 -1.065837145 0.028621955 0.007928848 0.999558866 53.576496124
0.999521136 0.011788251 -0.028609343 -1.539031148 -0.012080871 0.999876320 -0.010077127 -1.092410803 0.028487016 0.010417929 0.999539912 54.672801971
0.999547362 0.010747229 -0.028100135 -1.579236150 -0.011116209 0.999853671 -0.013008014 -1.132360697 0.027956221 0.013314492 0.999520481 55.757038116
0.999560237 0.009034894 -0.028240487 -1.603412390 -0.009456532 0.999845207 -0.014832747 -1.164734840 0.028102109 0.015093279 0.999491274 56.832946777
0.999583542 0.007515987 -0.027860440 -1.640326262 -0.007865915 0.999891222 -0.012471952 -1.197293758 0.027763674 0.012685904 0.999534070 57.919376373
0.999594927 0.006182548 -0.027777759 -1.668347597 -0.006363987 0.999958873 -0.006448293 -1.225982904 0.027736755 0.006622457 0.999593377 59.009181976
0.999611318 0.004354608 -0.027535675 -1.698779583 -0.004374884 0.999990284 -0.000676594 -1.250073910 0.027532481 0.000796794 0.999620557 60.112224579
0.999609172 0.002608775 -0.027835246 -1.726512909 -0.002613685 0.999996543 -0.000140432 -1.267923355 0.027834807 0.000213127 0.999612510 61.205257416
0.999629259 -0.000436802 -0.027223388 -1.760656595 0.000347502 0.999994576 -0.003285334 -1.284035206 0.027224693 0.003274653 0.999623954 62.295440674
0.999631226 -0.001814678 -0.027092943 -1.797183514 0.001643360 0.999978542 -0.006344413 -1.308682799 0.027103880 0.006297547 0.999612927 63.383460999
0.999633372 0.000249593 -0.027074177 -1.836680293 -0.000527744 0.999947131 -0.010267114 -1.336218238 0.027070193 0.010277636 0.999580741 64.470329285
0.999638140 0.000360157 -0.026897350 -1.870671272 -0.000750959 0.999894321 -0.014520817 -1.365311623 0.026889279 0.014535758 0.999532759 65.551704407
0.999648750 0.003116417 -0.026317792 -1.909645081 -0.003517520 0.999878109 -0.015208312 -1.397541761 0.026267180 0.015295539 0.999538064 66.670326233
0.999660850 0.007128079 -0.025049178 -1.957698345 -0.007425282 0.999902844 -0.011791959 -1.424345255 0.024962682 0.011973954 0.999616683 67.770439148
0.999648690 0.008910514 -0.024960412 -1.996788740 -0.009149670 0.999913156 -0.009483751 -1.460016608 0.024873732 0.009708792 0.999643505 68.873901367
0.999650955 0.008464386 -0.025028683 -2.022329569 -0.008682476 0.999925137 -0.008617846 -1.488980770 0.024953857 0.008832145 0.999649584 69.964233398
0.999664128 0.006904807 -0.024982398 -2.050476313 -0.007101861 0.999944270 -0.007807509 -1.517628908 0.024927093 0.007982304 0.999657393 71.057342529
0.999665678 0.005825335 -0.025194461 -2.083801031 -0.005987719 0.999961793 -0.006374456 -1.543787122 0.025156355 0.006523179 0.999662280 72.159042358
0.999662340 0.004103753 -0.025657075 -2.112957478 -0.004214686 0.999981999 -0.004271320 -1.573595524 0.025639093 0.004378013 0.999661684 73.252159119
0.999645591 0.002740528 -0.026477847 -2.140990019 -0.002817828 0.999991894 -0.002882825 -1.593625188 0.026469741 0.002956412 0.999645293 74.345069885
0.999635160 0.002176665 -0.026919564 -2.176097870 -0.002277713 0.999990642 -0.003723717 -1.627587914 0.026911220 0.003783672 0.999630630 75.438751221
0.999616683 0.002399742 -0.027578807 -2.210005045 -0.002610183 0.999967813 -0.007597158 -1.651884079 0.027559701 0.007666230 0.999590814 76.517379761
0.999584913 0.003029685 -0.028648628 -2.237109423 -0.003312807 0.999946117 -0.009840341 -1.675740242 0.028617289 0.009931163 0.999541104 77.596771240
0.999573290 0.005011771 -0.028777242 -2.284788370 -0.005240832 0.999955177 -0.007889989 -1.709210634 0.028736398 0.008037435 0.999554753 78.691864014
0.999556363 0.005971635 -0.029177599 -2.324953556 -0.006078323 0.999975204 -0.003569304 -1.731745243 0.029155549 0.003745068 0.999567926 79.774200439
0.999528646 0.007078975 -0.029871397 -2.362295389 -0.007068265 0.999974966 0.000464087 -1.760544896 0.029873928 -0.000252735 0.999553561 80.852714539
0.999495625 0.008487377 -0.030601496 -2.402100563 -0.008461102 0.999963760 0.000988009 -1.777934909 0.030608768 -0.000728594 0.999531150 81.924194336
0.999488294 0.008256827 -0.030901944 -2.443373680 -0.008301511 0.999964714 -0.001318031 -1.795322657 0.030889967 0.001573883 0.999521494 82.995483398
0.999473333 0.008051869 -0.031434126 -2.483162880 -0.008114982 0.999965310 -0.001880754 -1.819928408 0.031417876 0.002134845 0.999504030 84.064949036
0.999457419 0.007245170 -0.032130435 -2.518121958 -0.007310625 0.999971509 -0.001920130 -1.843632102 0.032115586 0.002153976 0.999481738 85.119590759
0.999437928 0.006027617 -0.032976508 -2.555793047 -0.006086125 0.999980092 -0.001674131 -1.861280203 0.032965742 0.001873883 0.999454737 86.157737732
0.999431908 0.005303274 -0.033281229 -2.592795610 -0.005315394 0.999985874 -0.000275838 -1.889625430 0.033279277 0.000452582 0.999445975 87.193656921
0.999419034 0.005700231 -0.033598706 -2.633773565 -0.005625867 0.999981582 0.002307255 -1.908830285 0.033611219 -0.002116895 0.999432743 88.198593140
0.999383807 0.004852837 -0.034761664 -2.674025297 -0.004737258 0.999983013 0.003406351 -1.932953358 0.034777589 -0.003239579 0.999389768 89.174438477
0.999308288 0.003368322 -0.037034899 -2.711586952 -0.003235389 0.999988198 0.003648817 -1.953648806 0.037046742 -0.003526470 0.999307275 90.150657654
0.999195158 0.002608829 -0.040027983 -2.756818295 -0.002504867 0.999993384 0.002647216 -1.971768379 0.040034622 -0.002544820 0.999195039 91.082305908
0.999049366 0.002193206 -0.043536309 -2.802023411 -0.002132084 0.999996603 0.001450367 -1.988350391 0.043539338 -0.001356165 0.999050796 92.004386902
0.998907745 0.002328463 -0.046668340 -2.850199938 -0.002223838 0.999994814 0.002293691 -2.011832237 0.046673436 -0.002187405 0.998907804 92.905822754
0.998760819 0.003579462 -0.049638819 -2.901738405 -0.003426342 0.999989092 0.003169449 -2.027772188 0.049649619 -0.002995445 0.998762190 93.771118164
0.998598158 0.004130106 -0.052771576 -2.954410315 -0.003904541 0.999982774 0.004376629 -2.045263290 0.052788734 -0.004164447 0.998597145 94.615852356
0.998423517 0.005585196 -0.055851039 -3.006043911 -0.005269367 0.999969244 0.005800384 -2.058449507 0.055881724 -0.005496942 0.998422265 95.431205750
0.998277545 0.006878037 -0.058262769 -3.063276052 -0.006499305 0.999956489 0.006687442 -2.074820280 0.058306206 -0.006297256 0.998278916 96.223289490
0.998095155 0.008722003 -0.061073139 -3.112081766 -0.008298337 0.999939740 0.007187268 -2.089086533 0.061132129 -0.006666773 0.998107493 96.990318298
0.997892499 0.010459303 -0.064039901 -3.162361383 -0.010090973 0.999930680 0.006072348 -2.107576370 0.064098962 -0.005413327 0.997928798 97.715942383
0.997736871 0.012028841 -0.066155031 -3.226156712 -0.011891842 0.999926329 0.002464271 -2.124400377 0.066179782 -0.001671994 0.997806311 98.412414551
0.997517109 0.014517456 -0.068912625 -3.281306744 -0.014627879 0.999892414 -0.001097983 -2.140558720 0.068889260 0.002103298 0.997622013 99.075904846
0.997369826 0.016123146 -0.070665166 -3.340539932 -0.016438589 0.999857306 -0.003884583 -2.154614449 0.070592441 0.005035996 0.997492492 99.721984863
0.997276187 0.018194262 -0.071477883 -3.393744707 -0.018591637 0.999815106 -0.004898004 -2.169453859 0.071375541 0.006213550 0.997430205 100.347496033
0.997285128 0.020623121 -0.070689335 -3.435718060 -0.020971233 0.999771357 -0.004185922 -2.190129757 0.070586838 0.005656998 0.997489691 100.922836304
0.997411847 0.024664568 -0.067536645 -3.482104301 -0.024902659 0.999686301 -0.002685620 -2.205446243 0.067449212 0.004360509 0.997713149 101.491142273
0.997712195 0.027136199 -0.061918899 -3.523461342 -0.027278479 0.999626875 -0.001453590 -2.216975451 0.061856341 0.003139315 0.998080134 102.028434753
0.998118281 0.027922848 -0.054591179 -3.549149513 -0.027922757 0.999609828 0.000764556 -2.233574867 0.054591224 0.000761217 0.998508573 102.548301697
0.998603582 0.027906287 -0.044857085 -3.571882725 -0.027790923 0.999608636 0.003193556 -2.246912479 0.044928659 -0.001942479 0.998988271 103.053367615
0.999075770 0.027505869 -0.033028252 -3.581531048 -0.027381096 0.999616206 0.004224243 -2.256511927 0.033131763 -0.003315993 0.999445438 103.532714844
0.999453425 0.026166297 -0.020198101 -3.572078228 -0.026076779 0.999648929 0.004682778 -2.271687746 0.020313527 -0.004153522 0.999785066 103.988471985
0.999647677 0.026048755 -0.005091898 -3.563747644 -0.026029512 0.999653816 0.003810819 -2.282216072 0.005189392 -0.003676941 0.999979734 104.427421570
0.999612927 0.024569651 0.013042130 -3.548501492 -0.024580562 0.999697566 0.000676911 -2.291481495 -0.013021564 -0.000997236 0.999914765 104.849571228
0.999125540 0.024165573 0.034117654 -3.515924692 -0.024063593 0.999704599 -0.003396683 -2.311040878 -0.034189679 0.002572716 0.999412060 105.259971619
0.998050988 0.022058168 0.058374614 -3.469889641 -0.021580301 0.999728262 -0.008804068 -2.313780546 -0.058552977 0.007527164 0.998255908 105.669815063
0.996155500 0.019922491 0.085306868 -3.409502029 -0.019016469 0.999753952 -0.011420312 -2.326156616 -0.085513413 0.009754168 0.996289313 106.068061829
0.993199706 0.017044546 0.115167819 -3.333044052 -0.015690953 0.999796867 -0.012649681 -2.337756395 -0.115360081 0.010756567 0.993265629 106.463241577
0.988914609 0.014460416 0.147779033 -3.248032570 -0.012441728 0.999816418 -0.014575496 -2.353911400 -0.147962719 0.012575293 0.988913059 106.852645874
0.982950568 0.011902273 0.183484346 -3.160123825 -0.009120105 0.999830365 -0.015999421 -2.368233919 -0.183643684 0.014053240 0.982892454 107.208610535
0.974888265 0.009023546 0.222512275 -3.051469803 -0.005540475 0.999852240 -0.016272647 -2.384744883 -0.222626299 0.014631187 0.974793971 107.547004700
0.964882851 0.006760403 0.262594163 -2.923393250 -0.002442880 0.999856532 -0.016764781 -2.404008865 -0.262669832 0.015534559 0.964760661 107.899871826
0.952595651 0.007785228 0.304139733 -2.786912918 -0.002492492 0.999838769 -0.017786667 -2.418812275 -0.304229140 0.016185431 0.952461362 108.231063843
0.937222123 0.009752247 0.348596990 -2.643959045 -0.003566090 0.999824703 -0.018383151 -2.430859566 -0.348715186 0.015985966 0.937092364 108.553192139
0.919531822 0.010421331 0.392877519 -2.467914581 -0.003779536 0.999836743 -0.017675275 -2.437002182 -0.392997563 0.014768080 0.919420958 108.875701904
0.898868263 0.008798789 0.438130617 -2.296241760 -0.002029817 0.999871314 -0.015915602 -2.454843283 -0.438214213 0.013416704 0.898770392 109.177108765
0.875656903 0.008028124 0.482867181 -2.101188660 0.000057610 0.999860168 -0.016728083 -2.464777946 -0.482933879 0.014675875 0.875533819 109.464103699
0.850647748 0.008680377 0.525664389 -1.880794525 0.001401633 0.999822676 -0.018778387 -2.480979204 -0.525734127 0.016710579 0.850484729 109.748023987
0.822548926 0.011335250 0.568581343 -1.656635284 0.001744669 0.999746442 -0.022454912 -2.495280981 -0.568691611 0.019462250 0.822320402 110.031463623
0.792699933 0.014876711 0.609430432 -1.412334442 0.000957078 0.999670565 -0.025647696 -2.520246506 -0.609611273 0.020914203 0.792424619 110.278884888
0.758534431 0.021223627 0.651287138 -1.162319183 -0.002544262 0.999558210 -0.029609585 -2.530951500 -0.651627958 0.020802844 0.758253396 110.535003662
0.720990181 0.025926318 0.692460120 -0.891593933 -0.004600977 0.999456942 -0.032630011 -2.538995743 -0.692929983 0.020339921 0.720717907 110.782127380
0.681657791 0.026318865 0.731197596 -0.597324371 -0.002799866 0.999439299 -0.033363845 -2.555247307 -0.731665730 0.020695467 0.681349277 111.006134033
0.640897632 0.023446273 0.767268240 -0.283168793 0.001941561 0.999480665 -0.032164037 -2.565689087 -0.767623901 0.022103554 0.640519381 111.204711914
0.597041726 0.021623377 0.801918685 0.043373108 0.003507577 0.999556661 -0.029564053 -2.572358608 -0.802202582 0.020463761 0.596701264 111.400810242
0.551742196 0.020120284 0.833771944 0.370986938 0.004666164 0.999618828 -0.027210234 -2.584767580 -0.834001601 0.018903550 0.551438034 111.548095703
0.503740251 0.017688267 0.863673985 0.729286194 0.006504722 0.999684334 -0.024267688 -2.593999386 -0.863830507 0.017842570 0.503466249 111.712821960
0.453135669 0.013844667 0.891333938 1.099811554 0.009686934 0.999743819 -0.020453177 -2.603782654 -0.891388893 0.017902358 0.452885568 111.858055115
0.400589526 0.013634218 0.916156054 1.459754944 0.005831935 0.999831021 -0.017429473 -2.633288622 -0.916239083 0.012325027 0.400442362 111.991683960
0.348588943 0.018858403 0.937085927 1.840789795 0.002066370 0.999779642 -0.020888753 -2.643374681 -0.937273443 0.009217950 0.348473191 112.119361877
0.298910707 0.024338705 0.953970671 2.234825134 0.001247953 0.999663830 -0.025895506 -2.652946472 -0.954280257 0.008930950 0.298779905 112.198669434
0.252244353 0.026386315 0.967303693 2.640882492 0.003021750 0.999601781 -0.028055327 -2.665559769 -0.967658758 0.009999745 0.252064139 112.270431519
0.211231321 0.026126498 0.977086842 3.064050674 0.009905283 0.999534130 -0.028868090 -2.682281733 -0.977385879 0.015776165 0.210874066 112.317169189
0.176100880 0.025895070 0.984031558 3.496240616 0.018467564 0.999391198 -0.029604193 -2.692171097 -0.984198868 0.023385987 0.175515473 112.355819702
0.145556211 0.027145861 0.988977492 3.946601868 0.022704676 0.999268591 -0.030769972 -2.707160711 -0.989089370 0.026933173 0.144833371 112.395156860
0.117209390 0.025181305 0.992787957 4.421323776 0.020874497 0.999395192 -0.027813353 -2.728558302 -0.992887855 0.023983929 0.116612837 112.442840576
0.091701314 0.022061747 0.995542169 4.928806305 0.014687415 0.999615848 -0.023504902 -2.739212751 -0.995678246 0.016777370 0.091342092 112.490646362
0.068227701 0.018200085 0.997503757 5.408550739 0.009235822 0.999779344 -0.018873317 -2.757965803 -0.997627020 0.010500442 0.068044536 112.514114380
0.045618840 0.015626896 0.998836696 5.933859825 0.013415900 0.999777853 -0.016254345 -2.777168274 -0.998868883 0.014141792 0.045399040 112.520050049
0.025557067 0.016413989 0.999538660 6.471357346 0.021171050 0.999632061 -0.016956842 -2.793754339 -0.999449134 0.021594640 0.025200155 112.504661560
0.008130904 0.018907931 0.999788225 7.023056984 0.026164459 0.999474823 -0.019114792 -2.809296846 -0.999624610 0.026314327 0.007631920 112.488113403
-0.006966777 0.024224421 0.999682248 7.635054111 0.025275169 0.999391317 -0.024041224 -2.824256182 -0.999656260 0.025099643 -0.007574819 112.502983093
-0.016987255 0.029072288 0.999432921 8.223633766 0.024220454 0.999296010 -0.028656621 -2.831737280 -0.999562263 0.023719925 -0.017679436 112.477279663
-0.023729302 0.028592346 0.999309480 8.843021393 0.026303725 0.999262691 -0.027966408 -2.850106001 -0.999372363 0.025621938 -0.024463888 112.463378906
-0.026341278 0.025900673 0.999317408 9.492883682 0.032475691 0.999158859 -0.025040528 -2.864346504 -0.999125361 0.031793926 -0.027160257 112.442420959
-0.025846627 0.023950152 0.999379039 10.144972801 0.033346746 0.999177337 -0.023082877 -2.891564369 -0.999109626 0.032729425 -0.026624016 112.419563293
-0.023341523 0.023578158 0.999449432 10.822274208 0.032536462 0.999210119 -0.022812642 -2.916266918 -0.999197960 0.031986061 -0.024090236 112.397132874
-0.021856980 0.024091991 0.999470770 11.505066872 0.029415874 0.999292254 -0.023444405 -2.934576273 -0.999328256 0.028887881 -0.022550203 112.387809753
-0.020638144 0.025216879 0.999468863 12.216068268 0.028395284 0.999293387 -0.024626112 -2.955077410 -0.999383688 0.027871961 -0.021339605 112.380355835
-0.019722033 0.025995381 0.999467432 12.946866035 0.027987096 0.999284506 -0.025438357 -2.980466366 -0.999413669 0.027470499 -0.020435477 112.368812561
-0.019181913 0.025766753 0.999483824 13.695583344 0.027221007 0.999310732 -0.025239857 -3.000345945 -0.999445438 0.026722813 -0.019870097 112.365180969
-0.018635478 0.024372036 0.999529183 14.452476501 0.026454456 0.999364853 -0.023874795 -3.025901079 -0.999476314 0.025997087 -0.019268408 112.357139587
-0.017715292 0.022770889 0.999583721 15.205553055 0.027317125 0.999378443 -0.022282077 -3.061062336 -0.999469876 0.026911024 -0.018326318 112.334373474
-0.018479163 0.020603336 0.999616981 15.995229721 0.027693104 0.999414682 -0.020087225 -3.084400892 -0.999445796 0.027311299 -0.019038923 112.327125549
-0.019805307 0.018772814 0.999627590 16.773641586 0.024605181 0.999530137 -0.018283486 -3.114787102 -0.999501109 0.024233911 -0.020257913 112.318412781
-0.020453382 0.017921040 0.999630094 17.569089890 0.024977842 0.999536335 -0.017408289 -3.134480000 -0.999478757 0.024612542 -0.020891536 112.295928955
-0.021645052 0.015654791 0.999643087 18.369117737 0.027132355 0.999518216 -0.015065344 -3.151019096 -0.999397516 0.026796577 -0.022059375 112.278869629
-0.023184968 0.013898393 0.999634564 19.181625366 0.028477916 0.999506772 -0.013236113 -3.174638033 -0.999325514 0.028160630 -0.023569331 112.264869690
-0.024744900 0.012678487 0.999613345 20.005590439 0.026465997 0.999577284 -0.012022879 -3.206809044 -0.999343395 0.026158256 -0.025069991 112.245368958
-0.025372157 0.017515691 0.999524534 20.815523148 0.023029862 0.999591291 -0.016932264 -3.232121944 -0.999412954 0.022589302 -0.025765173 112.225471497
-0.026327299 0.022091635 0.999409258 21.649065018 0.024305809 0.999474227 -0.021452788 -3.256139040 -0.999357879 0.023726653 -0.026850421 112.208900452
-0.027580151 0.023986643 0.999331713 22.487104416 0.024422906 0.999429703 -0.023314958 -3.278713703 -0.999321282 0.023763556 -0.028150249 112.189208984
-0.029223507 0.021701679 0.999337196 23.334711075 0.020918751 0.999558449 -0.021094758 -3.310281754 -0.999354124 0.020288423 -0.029664580 112.177406311
-0.029745653 0.017208705 0.999409318 24.158565521 0.018351963 0.999692619 -0.016667364 -3.342444181 -0.999389052 0.017845336 -0.030052342 112.150688171
-0.030195003 0.012022876 0.999471664 25.012750626 0.016909128 0.999790788 -0.011515867 -3.367434740 -0.999401093 0.016552472 -0.030392002 112.131866455
-0.030255454 0.006200504 0.999523044 25.861576080 0.013445028 0.999892831 -0.005795814 -3.391933441 -0.999451816 0.013263255 -0.030335600 112.111213684
-0.030209590 0.004497462 0.999533474 26.712448120 0.010506647 0.999936104 -0.004181718 -3.421644926 -0.999488413 0.010375412 -0.030254930 112.099700928
-0.029384693 0.011787971 0.999498606 27.556539536 0.012600532 0.999855459 -0.011421725 -3.445039272 -0.999488771 0.012258588 -0.029528996 112.071189880
-0.027622327 0.022888828 0.999356329 28.353155136 0.016011219 0.999619842 -0.022452310 -3.471800804 -0.999490201 0.015380730 -0.027978316 112.035644531
-0.027313286 0.028305147 0.999226093 29.188489914 0.017888894 0.999452829 -0.027822584 -3.494585276 -0.999466896 0.017115124 -0.027804703 112.017517090
-0.026275009 0.022490151 0.999401689 30.030868530 0.019561103 0.999567091 -0.021979595 -3.530037642 -0.999463320 0.018971885 -0.026703576 112.002578735
-0.025388917 0.015078608 0.999563873 30.856536865 0.023068486 0.999628782 -0.014493649 -3.554461002 -0.999411464 0.022690447 -0.025727347 111.976112366
-0.024995869 0.011898144 0.999616683 31.688577652 0.024633329 0.999632955 -0.011282369 -3.584626436 -0.999383986 0.024341878 -0.025279799 111.960983276
-0.024498656 0.012576146 0.999620736 32.500774384 0.023236511 0.999657869 -0.012007133 -3.610214949 -0.999429762 0.022933537 -0.024782507 111.934402466
-0.025300747 0.013436375 0.999589503 33.318321228 0.020064529 0.999715149 -0.012930203 -3.635310173 -0.999478519 0.019729152 -0.025563143 111.919921875
-0.027537504 0.013710179 0.999526680 34.137790680 0.018306149 0.999745250 -0.013208827 -3.659785271 -0.999453127 0.017933752 -0.027781477 111.910049438
-0.029885162 0.013482769 0.999462426 34.939544678 0.017703032 0.999759436 -0.012957429 -3.687596798 -0.999396622 0.017306281 -0.030116666 111.891311646
-0.031977259 0.013734060 0.999394178 35.748798370 0.016415706 0.999777853 -0.013214082 -3.717467308 -0.999353826 0.015983207 -0.032195620 111.870056152
-0.034040272 0.013957674 0.999322891 36.554710388 0.014546651 0.999803364 -0.013468873 -3.743179798 -0.999314725 0.014078318 -0.034236629 111.848396301
-0.036354411 0.013408576 0.999248922 37.351879120 0.012835409 0.999833703 -0.012949442 -3.763869286 -0.999256611 0.012354998 -0.036520481 111.825096130
-0.038051315 0.012173198 0.999201536 38.151042938 0.013309443 0.999843299 -0.011674165 -3.789588690 -0.999187112 0.012854596 -0.038207371 111.794357300
-0.040154770 0.012015278 0.999121189 38.942207336 0.012556656 0.999854863 -0.011519443 -3.817340374 -0.999114513 0.012083057 -0.040299818 111.769905090
-0.041938622 0.013041251 0.999035060 39.721534729 0.012110805 0.999848008 -0.012543459 -3.842571974 -0.999046743 0.011573058 -0.042090192 111.738235474
-0.043099947 0.013423305 0.998980522 40.517143250 0.013137629 0.999830902 -0.012867918 -3.862358332 -0.998984396 0.012569623 -0.043269008 111.715820312
-0.044160947 0.012193598 0.998950005 41.291973114 0.015666855 0.999810934 -0.011511515 -3.887341976 -0.998901486 0.015142048 -0.044343654 111.680961609
-0.046024453 0.011606829 0.998872817 42.069988251 0.015673848 0.999817789 -0.010895611 -3.910868883 -0.998817265 0.015154719 -0.046198003 111.655494690
-0.047663875 0.011283020 0.998799622 42.831184387 0.014269833 0.999841869 -0.010613818 -3.933794498 -0.998761475 0.013746811 -0.047817342 111.629325867
-0.048622034 0.010133591 0.998765826 43.591091156 0.012543052 0.999875844 -0.009534230 -3.956738710 -0.998738468 0.012064001 -0.048743114 111.596122742
-0.049871992 0.008970669 0.998715341 44.331161499 0.011344136 0.999900281 -0.008414830 -3.981233835 -0.998691201 0.010909898 -0.049968794 111.571464539
-0.050407648 0.008856594 0.998689473 45.039363861 0.011896428 0.999895096 -0.008266822 -4.002317905 -0.998657882 0.011464125 -0.050507728 111.535636902
-0.050535552 0.011405013 0.998657167 45.744121552 0.012340007 0.999865592 -0.010794358 -4.023771286 -0.998645961 0.011777936 -0.050669502 111.504661560
-0.050529987 0.014192427 0.998621702 46.446086884 0.012185706 0.999833345 -0.013593046 -4.048170567 -0.998648226 0.011482053 -0.050694514 111.473083496
-0.050629649 0.015675202 0.998594463 47.143970490 0.010195920 0.999832809 -0.015177689 -4.069582939 -0.998665392 0.009413147 -0.050781015 111.442916870
-0.050908986 0.016764371 0.998562574 47.840244293 0.010580784 0.999812067 -0.016245913 -4.091657639 -0.998647273 0.009738510 -0.051076807 111.414550781
-0.050627854 0.016460750 0.998581886 48.535678864 0.012080900 0.999801159 -0.015868347 -4.114894390 -0.998644590 0.011260388 -0.050816644 111.378494263
-0.050955627 0.015736563 0.998576939 49.227748871 0.012690252 0.999805331 -0.015108356 -4.140679836 -0.998620331 0.011902335 -0.051145419 111.347000122
-0.050905362 0.016388172 0.998568952 49.910243988 0.009162543 0.999830961 -0.015941791 -4.157225609 -0.998661458 0.008337909 -0.051046915 111.313804626
-0.050862342 0.016011344 0.998577237 50.586223602 0.006388261 0.999856234 -0.015706463 -4.190433502 -0.998685241 0.005580304 -0.050957322 111.288154602
-0.050996512 0.014519904 0.998593211 51.262393951 0.008217241 0.999866605 -0.014118774 -4.218207359 -0.998665035 0.007485677 -0.051109023 111.255683899
-0.052120388 0.014132777 0.998540819 51.945579529 0.008680337 0.999868453 -0.013698482 -4.237083912 -0.998603106 0.007953703 -0.052236207 111.225173950
-0.055435337 0.013468707 0.998371363 52.606010437 0.005696273 0.999897003 -0.013172996 -4.259004593 -0.998445988 0.004956750 -0.055506356 111.192092896
-0.060743414 0.012834007 0.998070836 53.289985657 0.001904105 0.999917030 -0.012741856 -4.284805775 -0.998151660 0.001126451 -0.060762808 111.160835266
-0.066048309 0.017086416 0.997670114 53.934524536 0.006418000 0.999839962 -0.016698690 -4.299449921 -0.997795820 0.005300130 -0.066147402 111.102432251
-0.072926968 0.019822299 0.997140229 54.612602234 0.008078773 0.999781370 -0.019283960 -4.324342251 -0.997304559 0.006649346 -0.073071167 111.053260803
-0.079977594 0.021242198 0.996570230 55.279029846 0.007427942 0.999757886 -0.020714032 -4.348717213 -0.996769071 0.005745806 -0.080115996 110.996528625
-0.086241983 0.020358389 0.996066153 55.955951691 0.003701793 0.999790847 -0.020114006 -4.372134209 -0.996267319 0.001952556 -0.086299315 110.943405151
-0.092357866 0.019420875 0.995536447 56.655029297 0.003330060 0.999810159 -0.019195314 -4.395505905 -0.995720327 0.001542355 -0.092405006 110.893714905
-0.096754991 0.020179238 0.995103657 57.337112427 0.001121395 0.999795973 -0.020165363 -4.416059494 -0.995307624 -0.000835198 -0.096757881 110.829093933
-0.101130225 0.019712236 0.994677842 58.048629761 -0.000515146 0.999802530 -0.019866170 -4.430231094 -0.994873106 -0.002521476 -0.101100087 110.769546509
-0.103118643 0.016113717 0.994538486 58.737564087 -0.000976530 0.999866664 -0.016301293 -4.460500240 -0.994668484 -0.002652163 -0.103089161 110.688423157
-0.104869798 0.013368172 0.994396150 59.451995850 0.001219217 0.999910712 -0.013313724 -4.478454590 -0.994485140 -0.000183823 -0.104876719 110.615180969
-0.105731055 0.009982344 0.994344532 60.162700653 0.000555117 0.999950111 -0.009979587 -4.505160809 -0.994394541 -0.000503174 -0.105731301 110.535751343
-0.107418045 0.009485314 0.994168580 60.895298004 -0.000861975 0.999953270 -0.009633632 -4.527694225 -0.994213521 -0.001891774 -0.107404828 110.468940735
-0.107401982 0.012725737 0.994134188 61.608192444 0.000956995 0.999918938 -0.012696397 -4.549257755 -0.994215250 -0.000412235 -0.107405454 110.384605408
-0.108127303 0.017476993 0.993983388 62.360279083 0.007551792 0.999830961 -0.016758313 -4.565704346 -0.994108379 0.005694319 -0.108241022 110.305046082
-0.108885385 0.022753250 0.993793845 63.103981018 0.015156659 0.999659777 -0.021226905 -4.587253094 -0.993938744 0.012751290 -0.109193221 110.218818665
-0.109329768 0.023702737 0.993722975 63.842266083 0.015342842 0.999636710 -0.022155769 -4.610401154 -0.993887126 0.012824243 -0.109653756 110.133880615
-0.110283501 0.021068782 0.993676960 64.610931396 0.013376790 0.999716282 -0.019712202 -4.640902042 -0.993810117 0.011118270 -0.110534064 110.065177917
-0.109730735 0.016640488 0.993822098 65.359916687 0.013460131 0.999792993 -0.015254294 -4.660543442 -0.993870139 0.011703107 -0.109932020 109.980133057
-0.109662950 0.014704440 0.993860066 66.096206665 0.016582480 0.999778450 -0.012962285 -4.685314178 -0.993830502 0.015059181 -0.109882504 109.888343811
-0.110458650 0.013933076 0.993783057 66.843780518 0.016367797 0.999791503 -0.012198042 -4.710829735 -0.993745983 0.014918658 -0.110663682 109.807952881
-0.112622708 0.015187106 0.993521750 67.593330383 0.014852712 0.999797165 -0.013599373 -4.732065678 -0.993526876 0.013224892 -0.112825431 109.735221863
-0.114472285 0.015627189 0.993303418 68.335266113 0.014509747 0.999795854 -0.014057168 -4.760173321 -0.993320465 0.012803424 -0.114675656 109.647270203
-0.116652019 0.015897751 0.993045568 69.076278687 0.015617204 0.999777555 -0.014170988 -4.783804893 -0.993050039 0.013855517 -0.116874352 109.562507629
-0.118725441 0.015890408 0.992799938 69.819053650 0.015565793 0.999778867 -0.014140649 -4.805706501 -0.992805123 0.013774863 -0.118946530 109.475372314
-0.120692015 0.015736772 0.992565215 70.568458557 0.015341477 0.999784470 -0.013985766 -4.827190876 -0.992571473 0.013539443 -0.120907448 109.387527466
-0.122181043 0.015864670 0.992381155 71.317443848 0.013262514 0.999809086 -0.014350546 -4.849836349 -0.992419243 0.011408100 -0.122368105 109.298973083
-0.123378083 0.017440666 0.992206395 72.070167542 0.013036031 0.999787688 -0.015952939 -4.873689651 -0.992274106 0.010966190 -0.123579234 109.210891724
-0.124222398 0.017825091 0.992094278 72.832824707 0.012462248 0.999787807 -0.016402900 -4.894121647 -0.992176175 0.010326115 -0.124418169 109.121566772
-0.125426352 0.018067308 0.991938412 73.597206116 0.011539049 0.999793053 -0.016751317 -4.917839050 -0.992035866 0.009344967 -0.125608876 109.026206970
-0.126731306 0.016597200 0.991798222 74.377746582 0.012349553 0.999808848 -0.015153235 -4.935696602 -0.991860211 0.010327871 -0.126912028 108.937744141
-0.127607524 0.014131834 0.991723955 75.157386780 0.010419236 0.999862373 -0.012907129 -4.958689690 -0.991770029 0.008685957 -0.127737224 108.841354370
-0.129682258 0.012313262 0.991479099 75.948890686 0.006879481 0.999909937 -0.011518144 -4.975790501 -0.991531849 0.005327158 -0.129755288 108.752578735
-0.131595477 0.011220787 0.991239965 76.717247009 0.007516836 0.999918520 -0.010321099 -5.002921104 -0.991274953 0.006092777 -0.131669104 108.640594482
-0.133322313 0.011957141 0.991000593 77.515716553 0.008791238 0.999902189 -0.010881828 -5.022374630 -0.991033733 0.007261332 -0.133414418 108.538589478
-0.135421917 0.013409263 0.990697265 78.307861328 0.008497788 0.999887347 -0.012372056 -5.038835049 -0.990751565 0.006743287 -0.135520607 108.429428101
-0.137317464 0.016424498 0.990390897 79.105407715 0.009232423 0.999840319 -0.015301127 -5.069095612 -0.990483999 0.007042595 -0.137447193 108.325958252
-0.137466758 0.020425558 0.990295768 79.917388916 0.011784415 0.999750316 -0.018984720 -5.093186378 -0.990436256 0.009060286 -0.137673125 108.214302063
-0.138452843 0.024198521 0.990073264 80.716697693 0.012923734 0.999660432 -0.022625571 -5.127882481 -0.990284681 0.009662872 -0.138718575 108.092185974
-0.138357684 0.025430122 0.990055740 81.541168213 0.015199866 0.999607027 -0.023551309 -5.155213833 -0.990265667 0.011790211 -0.138689831 107.978858948
-0.137526304 0.024712794 0.990189791 82.372100830 0.018589709 0.999577045 -0.022365173 -5.185134888 -0.990323722 0.015331542 -0.137927547 107.860427856
-0.137221202 0.022685152 0.990280628 83.197372437 0.019641008 0.999603391 -0.020177104 -5.216806412 -0.990345776 0.016681382 -0.137612373 107.739219666
-0.136237562 0.021174841 0.990449846 84.038879395 0.018678419 0.999648690 -0.018802263 -5.244921684 -0.990500152 0.015938465 -0.136585221 107.627891541
-0.135032967 0.018754186 0.990663588 84.897682190 0.018165195 0.999699712 -0.016449228 -5.269597054 -0.990674555 0.015774410 -0.135333151 107.530265808
-0.133757010 0.015817706 0.990887940 85.755165100 0.018658333 0.999735594 -0.013440309 -5.292109013 -0.990838528 0.016690580 -0.134016782 107.425483704
-0.131859884 0.012242566 0.991192698 86.606010437 0.018909601 0.999772847 -0.009832965 -5.318813324 -0.991088033 0.017446484 -0.132061437 107.312011719
-0.130080193 0.012096210 0.991429627 87.454879761 0.017212154 0.999802470 -0.009940050 -5.343178272 -0.991353929 0.015771637 -0.130262703 107.206588745
-0.129026279 0.016330488 0.991506636 88.309074402 0.017930361 0.999739408 -0.014132779 -5.369314671 -0.991478980 0.015954571 -0.129285455 107.102790833
-0.126675323 0.022564592 0.991687655 89.155715942 0.019091986 0.999611437 -0.020306140 -5.395299911 -0.991760492 0.016360994 -0.127056912 106.992729187
-0.125437394 0.026086159 0.991758525 90.013977051 0.017160937 0.999561787 -0.024120897 -5.421191692 -0.991953075 0.013993840 -0.125830114 106.892761230
-0.123966537 0.023419345 0.992009938 90.856452942 0.015316046 0.999647498 -0.021685679 -5.451369286 -0.992168248 0.012505367 -0.124281570 106.790618896
