0.142583176 0.051972337 -0.988417387 145.464797974 -0.040681470 0.998084366 0.046612173 -8.491247177 0.988946438 0.033564154 0.144424349 161.331329346
0.141314238 0.047470562 -0.988825977 144.514663696 -0.039841440 0.998313129 0.042232227 -8.455057144 0.989162743 0.033428233 0.142967150 161.463867188
0.141046703 0.046703998 -0.988900661 143.560470581 -0.040877692 0.998309553 0.041317981 -8.433572769 0.989158630 0.034596212 0.142717451 161.585784912
0.138573602 0.047052078 -0.989233732 142.594512939 -0.042598631 0.998229444 0.041512661 -8.408555984 0.989435554 0.036387447 0.140332609 161.711364746
0.135511041 0.047652166 -0.989629149 141.620437622 -0.041995201 0.998221278 0.042315438 -8.379764557 0.989885390 0.035825472 0.137271181 161.842803955
0.131034181 0.048025850 -0.990213811 140.642654419 -0.040426921 0.998253942 0.043066129 -8.351943016 0.990553200 0.034388162 0.132746935 161.969116211
0.126068562 0.047602698 -0.990878701 139.657806396 -0.038349364 0.998335183 0.043081760 -8.322114944 0.991279900 0.032568309 0.127684250 162.091354370
0.120688230 0.047955319 -0.991531372 138.658584595 -0.038965184 0.998291552 0.043539457 -8.296092987 0.991925418 0.033380505 0.122350618 162.202835083
0.115575626 0.048229571 -0.992127240 137.668045044 -0.039685857 0.998247206 0.043903969 -8.269285202 0.992505550 0.034299180 0.117287107 162.316406250
0.110549897 0.049900480 -0.992617130 136.664825439 -0.041032009 0.998116553 0.045607109 -8.235141754 0.993023157 0.035687208 0.112389214 162.418243408
0.105995700 0.051041577 -0.993055761 135.652893066 -0.042585205 0.997998416 0.046750214 -8.205440521 0.993454158 0.037334155 0.107957192 162.519973755
0.102128364 0.050287683 -0.993499279 134.639816284 -0.043667398 0.997985303 0.046025887 -8.174074173 0.993812263 0.038682979 0.104118556 162.615081787
0.099440776 0.046808474 -0.993941844 133.621795654 -0.043286394 0.998150885 0.042676013 -8.142313957 0.994101465 0.038780417 0.101283059 162.710266113
0.097513333 0.043124951 -0.994299412 132.598464966 -0.044314463 0.998258054 0.038950615 -8.112579346 0.994247079 0.040263638 0.099254534 162.802551270
0.096091360 0.041559327 -0.994504511 131.556533813 -0.042968478 0.998369753 0.037569139 -8.087838173 0.994444609 0.039122276 0.097720467 162.898178101
0.094632253 0.041454289 -0.994648814 130.514144897 -0.040215574 0.998476207 0.037787642 -8.062309265 0.994699657 0.036424436 0.096155167 162.997314453
0.094452143 0.042746384 -0.994611263 129.464263916 -0.037799556 0.998511255 0.039324403 -8.035424232 0.994811535 0.033881586 0.095927343 163.092361450
0.094319448 0.045825485 -0.994486690 128.406585693 -0.036938742 0.998413205 0.042503059 -8.004111290 0.994856477 0.032726221 0.095862538 163.186172485
0.093683407 0.048887353 -0.994401038 127.347877502 -0.035837386 0.998311996 0.045703351 -7.974378109 0.994956851 0.031355083 0.095277272 163.284713745
0.093207039 0.050480928 -0.994366109 126.291290283 -0.035837930 0.998236716 0.047318149 -7.939480782 0.995001614 0.031225637 0.094851822 163.377380371
0.092506558 0.051389135 -0.994385064 125.215812683 -0.037792183 0.998128891 0.048066847 -7.905216217 0.994994700 0.033133481 0.094275586 163.470733643
0.092130341 0.052326996 -0.994371057 124.152450562 -0.038171884 0.998069823 0.048984937 -7.872944832 0.995015025 0.033444013 0.093949929 163.563858032
0.091118082 0.052592374 -0.994450331 123.087699890 -0.039808132 0.997998655 0.049132545 -7.833722115 0.995044172 0.035110343 0.093029335 163.662277222
0.091734067 0.052100446 -0.994419515 122.021423340 -0.040303215 0.998006225 0.048570435 -7.803519726 0.994967580 0.035622738 0.093650982 163.751342773
0.092036039 0.051093098 -0.994443893 120.937286377 -0.042324029 0.997980893 0.047357716 -7.773585796 0.994855940 0.037730254 0.094012655 163.840270996
0.092567749 0.050433353 -0.994428337 119.862472534 -0.043344878 0.997973800 0.046578344 -7.738583565 0.994762480 0.038791724 0.094566211 163.932418823
0.093412124 0.049997739 -0.994371295 118.793365479 -0.042682890 0.998021245 0.046171587 -7.711005211 0.994712174 0.038129658 0.095361337 164.026046753
0.093756564 0.050135680 -0.994331956 117.724632263 -0.043717187 0.997975290 0.046197239 -7.678083897 0.994634867 0.039138105 0.095758528 164.122314453
0.094364993 0.050046191 -0.994278848 116.653289795 -0.043439180 0.997991443 0.046110328 -7.648456097 0.994589627 0.038839456 0.096349411 164.219268799
0.094584078 0.049862094 -0.994267344 115.583557129 -0.042222597 0.998047113 0.046035033 -7.617894650 0.994621038 0.037626367 0.096504681 164.313888550
0.094974935 0.049400203 -0.994253159 114.523902893 -0.042911962 0.998042762 0.045489375 -7.586845875 0.994554162 0.038345009 0.096908934 164.414794922
0.095284462 0.049309012 -0.994228005 113.448799133 -0.043612987 0.998020232 0.045317318 -7.551834106 0.994494081 0.039043225 0.097246349 164.511260986
0.095339507 0.050923005 -0.994141340 112.390251160 -0.043442201 0.997952044 0.046952032 -7.523550034 0.994496286 0.038711313 0.097356491 164.611633301
0.095092557 0.050833210 -0.994169652 111.323051453 -0.043042868 0.997971356 0.046910528 -7.493417263 0.994537413 0.038331077 0.097087666 164.708923340
0.095086552 0.050109942 -0.994207025 110.227066040 -0.043825127 0.997974634 0.046108380 -7.468582153 0.994503796 0.039186962 0.097090051 164.806320190
0.094932750 0.049852066 -0.994234681 109.154121399 -0.044188045 0.997971892 0.045820240 -7.432996750 0.994502544 0.039583441 0.096943073 164.901458740
0.093910910 0.051644389 -0.994240224 108.089218140 -0.044499710 0.997873306 0.047629889 -7.401093960 0.994585574 0.039770439 0.096009351 165.001998901
0.093858168 0.053938497 -0.994123459 107.017898560 -0.044353783 0.997766435 0.049948588 -7.370047092 0.994597077 0.039405044 0.096040934 165.086273193
0.092788316 0.053994440 -0.994220734 105.951866150 -0.045053240 0.997733533 0.049980488 -7.333827019 0.994666040 0.040155251 0.095010638 165.184539795
0.092944883 0.053462718 -0.994234860 104.881515503 -0.046204489 0.997713268 0.049330376 -7.297826767 0.994598627 0.041353103 0.095202558 165.274124146
0.093064271 0.053466987 -0.994223475 103.807334900 -0.046539117 0.997699320 0.049297608 -7.269762993 0.994571805 0.041682441 0.095338479 165.365707397
0.094411910 0.055353474 -0.993993104 102.732498169 -0.050222099 0.997446537 0.050775561 -7.231943607 0.994265676 0.045126606 0.096950814 165.455673218
0.096470386 0.054914087 -0.993819892 101.669769287 -0.054687642 0.997261167 0.049795676 -7.200261593 0.993832409 0.049545866 0.099209294 165.541854858
0.098605469 0.051228523 -0.993807137 100.613304138 -0.056519222 0.997350216 0.045803338 -7.171769619 0.993520319 0.051652741 0.101239592 165.645187378
0.102202781 0.046588533 -0.993671954 99.558143616 -0.060155071 0.997364044 0.040574469 -7.141016483 0.992943108 0.055627588 0.104735911 165.749908447
0.105525322 0.045730013 -0.993364513 98.479942322 -0.062116660 0.997294307 0.039312258 -7.111576557 0.992474675 0.057556041 0.108080402 165.848236084
0.109161928 0.048120216 -0.992858529 97.405944824 -0.061601955 0.997235119 0.041559376 -7.083221436 0.992113352 0.056625314 0.111824408 165.962127686
0.112325735 0.051125541 -0.992355347 96.337287903 -0.060024645 0.997200847 0.044580933 -7.054056644 0.991856933 0.054558180 0.115080111 166.086502075
0.115612008 0.052856985 -0.991887033 95.267250061 -0.058472749 0.997213602 0.046325382 -7.029965401 0.991571963 0.052642588 0.118380547 166.205581665
0.118780993 0.054809399 -0.991406620 94.197845459 -0.056854654 0.997212529 0.048318591 -6.995943069 0.991291404 0.050626740 0.121566072 166.336593628
0.122120738 0.055524342 -0.990960956 93.111305237 -0.056172032 0.997220397 0.048952717 -6.961023808 0.990924358 0.049686149 0.124900207 166.469329834
0.125177190 0.056224860 -0.990539849 92.040451050 -0.057142161 0.997144163 0.049378511 -6.935050964 0.990487456 0.050420530 0.128032520 166.596664429
0.127613187 0.055072755 -0.990293801 90.962966919 -0.055709269 0.997278929 0.048282295 -6.899994850 0.990258336 0.049007080 0.130334020 166.734786987
0.129625067 0.052134871 -0.990191579 89.884086609 -0.055810876 0.997417331 0.045209162 -6.869035721 0.989991188 0.049403220 0.132199973 166.873535156
0.131309763 0.048383255 -0.990159988 88.800460815 -0.053951237 0.997676849 0.041595820 -6.836951256 0.989872277 0.047958422 0.133615032 167.020111084
0.132633820 0.046818476 -0.990058661 87.714103699 -0.052907921 0.997794092 0.040096421 -6.811389923 0.989751935 0.047063809 0.134818316 167.160690308
0.132397994 0.047548279 -0.990055501 86.632652283 -0.051041923 0.997850597 0.041096915 -6.781802177 0.989881516 0.045093182 0.134540379 167.308563232
0.132428378 0.049039312 -0.989978671 85.536621094 -0.046528749 0.997981906 0.043211650 -6.759995461 0.990099907 0.040340021 0.134442851 167.452362061
0.131959289 0.049148791 -0.990035892 84.446731567 -0.043698262 0.998087525 0.043724071 -6.725037098 0.990291476 0.037493050 0.133854628 167.598190308
0.131128952 0.048363950 -0.990184844 83.366462708 -0.041129619 0.998214722 0.043309405 -6.703091621 0.990511775 0.035046812 0.132884040 167.736312866
0.130114064 0.049212620 -0.990276933 82.238021851 -0.038965251 0.998249650 0.044489127 -6.664422989 0.990733027 0.032797731 0.131803930 167.886718750
0.127906516 0.053744227 -0.990328908 81.135726929 -0.037061453 0.998092234 0.049378835 -6.626626968 0.991093457 0.030387156 0.129654333 168.035598755
0.125955239 0.057378639 -0.990375161 80.013542175 -0.036240276 0.997925699 0.053207070 -6.573818207 0.991373777 0.029189762 0.127773404 168.163726807
0.122633331 0.056038849 -0.990868688 78.895721436 -0.033308808 0.998074472 0.052323963 -6.553667068 0.991892934 0.026587989 0.124263801 168.305496216
0.119461313 0.048092239 -0.991673410 77.797042847 -0.032476872 0.998480797 0.044510070 -6.518005848 0.992307603 0.026889214 0.120841734 168.429046631
0.116342910 0.042219527 -0.992311358 76.685928345 -0.031402219 0.998752952 0.038811859 -6.484594822 0.992712498 0.026645297 0.117523625 168.552642822
0.112918988 0.043333460 -0.992658794 75.555770874 -0.030628506 0.998725653 0.040114179 -6.451268196 0.993131936 0.025874002 0.114102334 168.681381226
0.109683767 0.047535874 -0.992829204 74.420158386 -0.030282190 0.998552024 0.044464421 -6.416459084 0.993505120 0.025188014 0.110964440 168.802307129
0.106507488 0.048994344 -0.993104160 73.281929016 -0.030695006 0.998471260 0.045967188 -6.380411148 0.993837893 0.025587484 0.107848570 168.921600342
0.103994243 0.049447402 -0.993347943 72.164871216 -0.032145489 0.998408675 0.046333984 -6.346755028 0.994058192 0.027113181 0.105418280 169.022781372
0.102152646 0.050551105 -0.993483484 71.012809753 -0.033360377 0.998320401 0.047367014 -6.304906845 0.994209170 0.028304312 0.103667468 169.124954224
0.099921212 0.051879287 -0.993641913 69.875068665 -0.032436948 0.998278797 0.048859507 -6.266745090 0.994466424 0.027348604 0.101432040 169.237152100
0.097882994 0.052065060 -0.993835092 68.722274780 -0.031359788 0.998296022 0.049210131 -6.232672691 0.994703591 0.026349612 0.099348977 169.346282959
0.095883615 0.050793611 -0.994095802 67.576599121 -0.029419074 0.998405516 0.048176263 -6.200325966 0.994957626 0.024626063 0.097225055 169.460037231
0.093636356 0.049541805 -0.994373024 66.421501160 -0.028219337 0.998491943 0.047089707 -6.159801006 0.995206356 0.023651240 0.094893195 169.567626953
0.091768377 0.048413426 -0.994602680 65.270263672 -0.028601283 0.998533547 0.045965813 -6.122583389 0.995369613 0.024228707 0.093018480 169.666519165
0.089409769 0.048576307 -0.994809628 64.105667114 -0.028850539 0.998517156 0.046164367 -6.092838287 0.995576978 0.024573240 0.090678640 169.765991211
0.087082334 0.050246198 -0.994933128 62.932857513 -0.029262593 0.998425305 0.047861326 -6.049335480 0.995771229 0.024946442 0.088415533 169.861831665
0.084332354 0.053675346 -0.994990885 61.764137268 -0.029279877 0.998250484 0.051369503 -6.013257980 0.996007383 0.024801100 0.085756414 169.962036133
0.081192560 0.054004937 -0.995234251 60.596393585 -0.030015215 0.998210549 0.051717762 -5.971015930 0.996246338 0.025673075 0.082668237 170.050201416
0.077857375 0.053194873 -0.995544314 59.416580200 -0.031000175 0.998221815 0.050913550 -5.926430702 0.996482432 0.026898053 0.079367988 170.147125244
0.076626033 0.052908462 -0.995655179 58.268989563 -0.031072587 0.998232722 0.050654076 -5.890589714 0.996575594 0.027056165 0.078134634 170.220352173
0.075479142 0.052859332 -0.995745242 57.103660583 -0.031426273 0.998224080 0.050608739 -5.856020927 0.996652126 0.027472660 0.077006258 170.295211792
0.073699407 0.053175356 -0.995861769 55.935398102 -0.031899437 0.998192310 0.050939042 -5.820679665 0.996770144 0.028013254 0.075262435 170.378555298
0.072199196 0.054216430 -0.995915532 54.776039124 -0.032534957 0.998118103 0.051977705 -5.791134834 0.996859491 0.028649317 0.073827244 170.456298828
0.070771389 0.054235760 -0.996016979 53.620620728 -0.031633165 0.998140514 0.052103721 -5.751832008 0.996990919 0.027819710 0.072355434 170.534591675
0.070177421 0.053665671 -0.996089935 52.458999634 -0.030944604 0.998188376 0.051598594 -5.713046074 0.997054458 0.027202547 0.071710937 170.608657837
0.068916276 0.052915271 -0.996218145 51.307891846 -0.032094978 0.998193085 0.050799903 -5.675087929 0.997106075 0.028472656 0.070490047 170.681671143
0.067701548 0.052407179 -0.996328294 50.171360016 -0.031047223 0.998246610 0.050398387 -5.643492222 0.997222424 0.027521176 0.069209933 170.752197266
0.066506177 0.049783796 -0.996543169 49.002079010 -0.031577669 0.998359203 0.047767114 -5.600334167 0.997286320 0.028291699 0.067969076 170.826232910
0.066164359 0.045268975 -0.996781230 47.857467651 -0.029682143 0.998617470 0.043382123 -5.569969177 0.997367144 0.026716249 0.067416556 170.896392822
0.065065667 0.042137884 -0.996990860 46.738788605 -0.029446093 0.998754025 0.040290687 -5.542290688 0.997446418 0.026735941 0.066225395 170.952270508
0.063729383 0.042095374 -0.997078955 45.579399109 -0.027681287 0.998800039 0.040398758 -5.513186932 0.997583389 0.025025837 0.064818159 171.034927368
0.061914962 0.046043575 -0.997018814 44.450351715 -0.025729343 0.998676896 0.044522356 -5.484274864 0.997749805 0.022896037 0.063017726 171.103500366
0.060789376 0.048888829 -0.996952653 43.314048767 -0.024708923 0.998567402 0.047461383 -5.454303265 0.997844756 0.021748476 0.061910290 171.160537720
0.059237789 0.049935374 -0.996994078 42.168174744 -0.024410166 0.998521924 0.048561521 -5.429117203 0.997945428 0.021460114 0.060369156 171.236816406
0.058199912 0.050070643 -0.997048497 41.052108765 -0.024978606 0.998501837 0.048685566 -5.395408630 0.997992456 0.022071384 0.059363417 171.295532227
0.057232365 0.051313069 -0.997041345 39.943805695 -0.027280496 0.998385847 0.049816296 -5.359904289 0.997988045 0.024348676 0.058539815 171.338790894
0.055509560 0.054688387 -0.996959269 38.838195801 -0.029828910 0.998144031 0.053092528 -5.332342148 0.998012483 0.026791068 0.057037819 171.399765015
0.054093733 0.055931814 -0.996968091 37.753929138 -0.031643648 0.998024583 0.054274149 -5.296126842 0.998034358 0.028611815 0.055756755 171.451477051
0.053357732 0.055047192 -0.997057021 36.675357819 -0.033085011 0.998028755 0.053330276 -5.260600090 0.998027146 0.030142061 0.055073801 171.494201660
0.052476630 0.055429831 -0.997082591 35.610973358 -0.034349095 0.997967720 0.053671233 -5.228631020 0.998031199 0.031432405 0.054273941 171.541122437
0.050536305 0.056276094 -0.997135341 34.567008972 -0.036064390 0.997862816 0.054489348 -5.193004131 0.998070955 0.033207387 0.052457843 171.589767456
0.048648570 0.056847498 -0.997196853 33.526901245 -0.035806186 0.997836530 0.055137146 -5.166011810 0.998173892 0.033023477 0.050578810 171.638092041
0.046823390 0.058373835 -0.997196078 32.510383606 -0.036859859 0.997712076 0.056673288 -5.132708549 0.998222947 0.034102865 0.048867926 171.680206299
0.045328029 0.058367938 -0.997265458 31.501319885 -0.037753180 0.997678578 0.056676142 -5.097462654 0.998258591 0.035080928 0.047426384 171.714584351
0.043712635 0.058558162 -0.997326493 30.515201569 -0.038509030 0.997637630 0.056888580 -5.067900658 0.998301744 0.035919324 0.045864414 171.745147705
0.041243553 0.057705961 -0.997481346 29.550651550 -0.039462045 0.997645915 0.056083813 -5.032681465 0.998369515 0.037049551 0.043423682 171.790435791
0.039803110 0.056805037 -0.997591496 28.604146957 -0.039495196 0.997691989 0.055234920 -4.997990608 0.998426676 0.037201550 0.041954782 171.818313599
0.038122971 0.056870125 -0.997653484 27.663566589 -0.039776973 0.997674286 0.055351324 -4.968302727 0.998481095 0.037573468 0.040296428 171.844528198
0.036349591 0.056265019 -0.997753918 26.745460510 -0.039601717 0.997710645 0.054819819 -4.939336777 0.998554170 0.037520085 0.038494576 171.873947144
0.035484046 0.057348579 -0.997723401 25.836589813 -0.041559156 0.997573197 0.055861890 -4.911799431 0.998505771 0.039482333 0.037781298 171.902908325
0.035261486 0.057570323 -0.997718513 24.949897766 -0.042944014 0.997504473 0.056040242 -4.880527496 0.998455107 0.040869970 0.037645802 171.929489136
0.036662158 0.057178456 -0.997690558 24.087255478 -0.044736557 0.997454762 0.055521004 -4.853591919 0.998325825 0.042597715 0.039126821 171.952224731
0.039066989 0.056715284 -0.997625768 23.223134995 -0.047273591 0.997374892 0.054849789 -4.827147007 0.998117626 0.045018543 0.041645594 171.983093262
0.042964630 0.055481948 -0.997534871 22.388223648 -0.049139243 0.997365713 0.053356078 -4.799737930 0.997867286 0.046725694 0.045577787 172.017059326
0.048780769 0.055118628 -0.997287512 21.563610077 -0.049669180 0.997374773 0.052693956 -4.775164604 0.997573793 0.046964001 0.051390406 172.053710938
0.055283338 0.054699387 -0.996971309 20.757877350 -0.051997487 0.997301221 0.051834151 -4.750091076 0.997115910 0.048974440 0.057978366 172.099258423
0.064575195 0.054501601 -0.996423364 19.951435089 -0.053031944 0.997283876 0.051111829 -4.728072166 0.996502638 0.049541716 0.067290142 172.143402100
0.074959807 0.053969678 -0.995725036 19.161016464 -0.052988280 0.997339129 0.050068129 -4.703045368 0.995777786 0.049008653 0.077620126 172.205398560
0.085930929 0.053626653 -0.994856834 18.370843887 -0.052079786 0.997426927 0.049266797 -4.679614067 0.994938910 0.047578387 0.088502698 172.280044556
0.097724229 0.052606676 -0.993822217 17.614562988 -0.050072365 0.997597039 0.047882810 -4.666638851 0.993953109 0.045083709 0.100123562 172.358993530
0.109286487 0.053159900 -0.992587805 16.865791321 -0.049284916 0.997630537 0.048003577 -4.642966270 0.992787778 0.043673456 0.111647524 172.439880371
0.120444030 0.053934552 -0.991253972 16.123512268 -0.047068749 0.997710288 0.048566680 -4.617958546 0.991603792 0.040807504 0.122706883 172.535507202
0.131658196 0.055215217 -0.989756227 15.395357132 -0.044620186 0.997765720 0.049726624 -4.600223064 0.990290523 0.037616186 0.133827761 172.635147095
0.141607821 0.055805277 -0.988348663 14.671925545 -0.042632174 0.997827291 0.050232250 -4.579274178 0.989004552 0.035022158 0.143679246 172.746749878
0.151558742 0.054649521 -0.986936271 13.937885284 -0.037499674 0.998069465 0.049507365 -4.565232754 0.987736583 0.029506519 0.153315514 172.869155884
0.159805596 0.053871755 -0.985677361 13.241667747 -0.034879670 0.998194396 0.048900899 -4.544638634 0.986532032 0.026565472 0.161396086 172.993286133
0.166765720 0.053749505 -0.984530389 12.552623749 -0.031457759 0.998294771 0.049172446 -4.522544384 0.985494614 0.022770844 0.168172181 173.114624023
0.171260193 0.053782240 -0.983756781 11.870805740 -0.027486887 0.998381078 0.049796615 -4.500072956 0.984842300 0.018512238 0.172461241 173.246459961
0.173697606 0.054195233 -0.983306587 11.203704834 -0.023052586 0.998434722 0.050956864 -4.482080460 0.984529197 0.013816669 0.174675062 173.367309570
0.174071878 0.054437608 -0.983227015 10.550683975 -0.019539118 0.998465180 0.051822048 -4.456357002 0.984539092 0.010190626 0.174868375 173.486694336
0.173198506 0.054344106 -0.983386517 9.926233292 -0.014511680 0.998508990 0.052623939 -4.447516918 0.984780014 0.005156199 0.173728883 173.594131470
0.170154169 0.054627541 -0.983902156 9.292221069 -0.012535076 0.998501420 0.053270325 -4.431619167 0.985337794 0.003269115 0.170583948 173.706466675
0.166599572 0.055281945 -0.984473765 8.687738419 -0.010116108 0.998470366 0.054355994 -4.410362720 0.985972703 0.000903352 0.166904002 173.806594849
0.162250191 0.055499498 -0.985187531 8.090984344 -0.007787821 0.998457909 0.054964490 -4.387791634 0.986718953 -0.001245544 0.162432209 173.906036377
0.157771572 0.056471683 -0.985859454 7.518751144 -0.005531333 0.998398244 0.056304723 -4.366680145 0.987460136 -0.003430176 0.157831222 173.994476318
0.153836846 0.057404462 -0.986427188 6.968151093 -0.003448400 0.998336077 0.057559691 -4.349817753 0.988090277 -0.005453209 0.153778821 174.066131592
0.149080440 0.057876408 -0.987129748 6.446023941 -0.001727533 0.998299241 0.058270387 -4.331383228 0.988823652 -0.006981681 0.148926884 174.150192261
0.144524246 0.057770800 -0.987813294 5.929998398 -0.000382167 0.998297453 0.058328021 -4.312895298 0.989501297 -0.008052305 0.144300237 174.216903687
0.139895633 0.057622824 -0.988488138 5.446458817 0.000332708 0.998302460 0.058242019 -4.296486378 0.990166187 -0.008476687 0.139639005 174.281600952
0.136153266 0.056297679 -0.989086866 4.983915329 0.000827312 0.998377323 0.056940351 -4.284852982 0.990687490 -0.008570900 0.135885745 174.331192017
0.131914228 0.053644646 -0.989808440 4.552478790 0.000324270 0.998532236 0.054160655 -4.269459248 0.991261125 -0.007465533 0.131703213 174.386840820
0.127481580 0.051880725 -0.990483046 4.132318497 -0.000142423 0.998632073 0.052289210 -4.259504318 0.991840959 -0.006524846 0.127314568 174.441696167
0.123238929 0.050989732 -0.991066217 3.747552872 -0.000541061 0.998682380 0.051314302 -4.249199867 0.992376864 -0.005787695 0.123104148 174.485061646
0.119649597 0.049994495 -0.991556585 3.389925003 -0.000107233 0.998731911 0.050343338 -4.237570763 0.992816210 -0.005917237 0.119503245 174.525024414
0.116830021 0.048980966 -0.991943359 3.051904678 -0.000857096 0.998787701 0.049217988 -4.224837780 0.993151546 -0.004899953 0.116730385 174.552719116
0.113717221 0.048160397 -0.992345214 2.738824844 -0.001537966 0.998831689 0.048298962 -4.216342926 0.993511915 -0.003966233 0.113658458 174.585601807
0.110724270 0.048467822 -0.992668688 2.451101303 -0.003212711 0.998822331 0.048409939 -4.216053009 0.993845999 -0.002170999 0.110749610 174.613281250
0.108471975 0.048437253 -0.992918849 2.180681229 -0.004692147 0.998826027 0.048212834 -4.209009171 0.994088411 -0.000570828 0.108571947 174.634017944
0.106030628 0.048256710 -0.993191242 1.934707642 -0.004982282 0.998834848 0.047999032 -4.204453945 0.994350314 -0.000141012 0.106147543 174.654449463
0.103676647 0.047291070 -0.993486166 1.700490952 -0.004915996 0.998881102 0.047034871 -4.198131084 0.994598806 0.000007554 0.103793159 174.679718018
0.102060191 0.045733076 -0.993726432 1.473440170 -0.004615149 0.998953640 0.045499649 -4.194048405 0.994767547 -0.000057508 0.102164477 174.697463989
0.099878736 0.043274790 -0.994058192 1.256961823 -0.004981584 0.999062896 0.042992145 -4.187018394 0.994987130 0.000657985 0.100000754 174.715850830
0.098231748 0.041677076 -0.994290471 1.054430008 -0.004777344 0.999130845 0.041407987 -4.180705070 0.995152056 0.000682486 0.098345488 174.731353760
0.095876716 0.041299537 -0.994536102 0.850469589 -0.003636714 0.999146760 0.041140411 -4.176729679 0.995386600 -0.000327572 0.095945120 174.758193970
0.094001718 0.040036876 -0.994766653 0.648156166 -0.002904639 0.999197841 0.039940730 -4.169116974 0.995567799 -0.000865059 0.094042599 174.772781372
0.091968223 0.038350936 -0.995023131 0.445637703 -0.003553383 0.999264359 0.038185962 -4.167843819 0.995755553 0.000023804 0.092036851 174.786987305
0.089646734 0.037007619 -0.995285869 0.246686935 -0.004575437 0.999314249 0.036745280 -4.159317493 0.995963037 0.001259769 0.089754589 174.802566528
0.087677717 0.037435509 -0.995445192 0.042827606 -0.004082909 0.999298692 0.037220802 -4.159036160 0.996140540 0.000800879 0.087769076 174.816299438
0.085683897 0.038004261 -0.995597243 -0.158307076 -0.002467028 0.999277353 0.037932407 -4.152880669 0.996319354 -0.000794029 0.085715726 174.835815430
0.083740279 0.038298715 -0.995751381 -0.358794212 -0.001051731 0.999264002 0.038345367 -4.145877361 0.996487021 -0.002163792 0.083718933 174.849990845
0.081942677 0.038814511 -0.995880902 -0.551436424 -0.000049998 0.999241471 0.038941368 -4.142159462 0.996637046 -0.003141168 0.081882469 174.858459473
0.079728782 0.039281525 -0.996042252 -0.750071526 0.000448468 0.999221742 0.039442800 -4.136339664 0.996816456 -0.003591417 0.079649135 174.867111206
0.077018946 0.039682560 -0.996239603 -0.948399544 0.000155939 0.999207199 0.039812811 -4.131569386 0.997029543 -0.003221692 0.076951683 174.883010864
0.075067177 0.040616758 -0.996350944 -1.149686813 -0.001516716 0.999173582 0.040617555 -4.129529953 0.997177303 -0.001537865 0.075066745 174.885620117
0.071863629 0.040697962 -0.996583879 -1.356284142 -0.004918308 0.999169528 0.040448893 -4.123132706 0.997402310 0.001994699 0.072004125 174.892135620
0.068057254 0.036919288 -0.996998072 -1.573842049 -0.008988829 0.999297261 0.036390822 -4.119275570 0.997640848 0.006485188 0.068341285 174.908187866
0.065206677 0.032756798 -0.997334003 -1.792564392 -0.010972745 0.999424160 0.032108035 -4.120552540 0.997811317 0.008849830 0.065528579 174.905593872
0.061744947 0.030300278 -0.997631967 -2.037371635 -0.012070393 0.999488652 0.029609613 -4.112505913 0.998018980 0.010213566 0.062079113 174.918701172
0.059189249 0.030568874 -0.997778594 -2.281640053 -0.012412447 0.999476433 0.029884556 -4.112107277 0.998169601 0.010616029 0.059537709 174.926315308
0.055470347 0.030290699 -0.998000681 -2.571390152 -0.012075612 0.999486983 0.029664623 -4.108097076 0.998387337 0.010405959 0.055807680 174.937759399
0.052146576 0.028518502 -0.998232126 -2.875603676 -0.011770072 0.999540329 0.027941015 -4.099198818 0.998570144 0.010292233 0.052458271 174.946090698
0.048706464 0.026599331 -0.998458803 -3.200935364 -0.011568884 0.999593318 0.026065201 -4.093130589 0.998746097 0.010281507 0.048994392 174.961288452
0.046026357 0.024158701 -0.998648107 -3.549320221 -0.013704047 0.999628663 0.023550827 -4.083730698 0.998846233 0.012601559 0.046340339 174.969009399
0.044216875 0.022627871 -0.998765647 -3.919275284 -0.017158445 0.999613166 0.021887446 -4.076677322 0.998874664 0.016169468 0.044588037 174.977813721
0.044558007 0.020755313 -0.998791277 -4.310942650 -0.020961778 0.999583602 0.019836631 -4.066603661 0.998786867 0.020052558 0.044974532 174.982406616
0.045143381 0.020524686 -0.998769641 -4.731791019 -0.024002964 0.999522626 0.019455245 -4.060505867 0.998692095 0.023095153 0.045614477 175.000000000
0.046826001 0.022902662 -0.998640478 -5.171635628 -0.025568208 0.999437094 0.021722041 -4.054426193 0.998575807 0.024516288 0.047385238 175.004425049
0.047684230 0.026914326 -0.998499870 -5.633601189 -0.024559645 0.999366343 0.025764816 -4.050394535 0.998560488 0.023294220 0.048315037 175.024612427
0.048785202 0.031477053 -0.998313189 -6.104023933 -0.026236156 0.999198735 0.030222882 -4.027286053 0.998464704 0.024717471 0.049571965 175.052474976
0.050098155 0.036059767 -0.998093128 -6.617930412 -0.028490493 0.998992860 0.034662228 -4.011495113 0.998337924 0.026699655 0.051075086 175.074615479
0.051037662 0.041866921 -0.997818828 -7.144174576 -0.027898926 0.998790681 0.040480696 -3.997966766 0.998307049 0.025772031 0.052143995 175.095947266
0.051733512 0.046197038 -0.997591794 -7.694393158 -0.019684648 0.998782575 0.045231365 -3.983547449 0.998466969 0.017297270 0.052579902 175.134246826
0.052923381 0.045834884 -0.997546136 -8.251398087 -0.010489437 0.998916447 0.045341350 -3.964784384 0.998543501 0.008064078 0.053346839 175.176757812
0.052801128 0.044858254 -0.997596979 -8.812971115 -0.003313184 0.998992980 0.044745661 -3.948282003 0.998599589 0.000942593 0.052896589 175.221847534
0.051076356 0.042757034 -0.997779012 -9.411452293 -0.005873216 0.999078810 0.042512074 -3.921836853 0.998677433 0.003688807 0.051280424 175.247497559
0.049806751 0.041496884 -0.997896373 -10.036461830 -0.008045085 0.999120772 0.041146252 -3.902457476 0.998726487 0.005978795 0.050096806 175.270004272
0.048103664 0.041968700 -0.997960269 -10.667294502 -0.003263533 0.999118268 0.041860081 -3.876662493 0.998836994 0.001243246 0.048198216 175.297943115
0.045440100 0.045330290 -0.997938037 -11.334809303 0.005678397 0.998942196 0.045634456 -3.849099874 0.998950958 -0.007740325 0.045134630 175.340789795
0.042527661 0.046597894 -0.998008013 -12.019824028 0.006502133 0.998877704 0.046915568 -3.823266506 0.999074161 -0.008484399 0.042176947 175.375244141
0.040359326 0.043347493 -0.998244524 -12.709953308 0.006051809 0.999029636 0.043626260 -3.805055857 0.999166965 -0.007801913 0.040057827 175.391647339
0.036480553 0.035035748 -0.998720050 -13.417583466 0.002458428 0.999379039 0.035148665 -3.787148714 0.999331295 -0.003737534 0.036371790 175.407882690
0.034770779 0.023780743 -0.999112368 -14.134635925 0.000556845 0.999716222 0.023814496 -3.765128851 0.999395251 -0.001384404 0.034747664 175.423187256
0.034332350 0.019107107 -0.999227762 -14.869162560 -0.002422153 0.999815822 0.019035125 -3.744460583 0.999407649 0.001766755 0.034372311 175.435974121
0.032890622 0.023390621 -0.999185145 -15.646861076 0.000201819 0.999725938 0.023409918 -3.725534439 0.999458909 -0.000971630 0.032876879 175.464126587
0.032038167 0.030168623 -0.999031126 -16.439767838 0.001902686 0.999540687 0.030245025 -3.712454081 0.999484897 -0.002869847 0.031966053 175.487762451
0.030772038 0.034676872 -0.998924732 -17.243618011 0.003017135 0.999390244 0.034785975 -3.694355965 0.999521852 -0.004084334 0.030648643 175.512634277
0.029050937 0.032611094 -0.999045730 -18.056327820 -0.001773281 0.999467790 0.032573301 -3.679287672 0.999576271 0.000825305 0.029093301 175.526184082
0.027562205 0.028090030 -0.999225259 -18.881708145 -0.004109295 0.999599874 0.027987210 -3.659150839 0.999611616 0.003334722 0.027666623 175.544418335
0.027067402 0.025723031 -0.999302506 -19.742336273 -0.003884667 0.999664068 0.025627114 -3.643291473 0.999625981 0.003188296 0.027158251 175.556900024
0.026225612 0.026936509 -0.999293089 -20.612834930 -0.004510224 0.999629855 0.026827220 -3.620250225 0.999645829 0.003803475 0.026337408 175.578231812
0.025637709 0.030481933 -0.999206483 -21.493911743 -0.005995383 0.999521673 0.030337721 -3.602888346 0.999653220 0.005212837 0.025808210 175.593521118
0.024902131 0.033631280 -0.999123991 -22.380737305 -0.006020876 0.999420822 0.033491209 -3.585963011 0.999671638 0.005181604 0.025090208 175.606048584
0.024160691 0.036170818 -0.999053419 -23.299491882 -0.005858693 0.999333084 0.036039259 -3.569346905 0.999690950 0.004982411 0.024356520 175.627807617
0.024044048 0.038232803 -0.998979509 -24.217811584 -0.006609204 0.999252617 0.038084183 -3.547171354 0.999689102 0.005686757 0.024278812 175.647033691
0.024341777 0.039083656 -0.998939395 -25.147361755 -0.005954263 0.999223411 0.038949676 -3.522292376 0.999685943 0.004999852 0.024555601 175.663772583
0.025458088 0.036492728 -0.999009609 -26.080368042 -0.008485074 0.999305248 0.036287308 -3.494511127 0.999639988 0.007552869 0.025750063 175.679336548
0.027165912 0.034157705 -0.999047041 -27.026258469 -0.008814030 0.999385476 0.033929590 -3.475990772 0.999592125 0.007883905 0.027450277 175.700866699
0.028840957 0.033674516 -0.999016523 -27.984205246 -0.010301773 0.999389231 0.033389673 -3.448945045 0.999530911 0.009328653 0.029170243 175.720031738
0.030361673 0.036197025 -0.998883307 -28.966751099 -0.009286056 0.999311149 0.035930265 -3.429467440 0.999495804 0.008184780 0.030676907 175.746582031
0.031720374 0.037601933 -0.998789251 -29.956605911 -0.009758357 0.999256134 0.037309594 -3.402595520 0.999449193 0.008563062 0.032063719 175.782257080
0.033403274 0.038095016 -0.998715639 -30.951362610 -0.009160963 0.999242961 0.037808724 -3.379660130 0.999400020 0.007886255 0.033726975 175.810363770
0.035147667 0.038499702 -0.998640239 -31.950679779 -0.008768468 0.999231040 0.038213864 -3.357200861 0.999343693 0.007413417 0.035458233 175.839355469
0.035475798 0.037906364 -0.998651385 -32.962799072 -0.006547084 0.999267578 0.037697185 -3.334008694 0.999349117 0.005200914 0.035697997 175.885513306
0.036921803 0.037471913 -0.998615324 -33.961265564 -0.006606164 0.999284029 0.037252754 -3.309013844 0.999296308 0.005221580 0.037142932 175.903839111
0.036668368 0.036336243 -0.998666704 -34.981655121 -0.005957042 0.999328911 0.036141615 -3.283691883 0.999309719 0.004623842 0.036860231 175.944519043
0.035930432 0.037087943 -0.998665750 -36.010303497 -0.006023255 0.999301136 0.036894817 -3.262382507 0.999336123 0.004689571 0.036128696 175.978195190
0.035553813 0.038060512 -0.998642623 -37.033950806 -0.004952441 0.999268889 0.037908059 -3.237941265 0.999355435 0.003597939 0.035716292 176.008728027
0.034649711 0.038711704 -0.998649418 -38.066455841 -0.007937134 0.999228597 0.038458757 -3.213820934 0.999367952 0.006593833 0.034930244 176.034622192
0.033226103 0.036836341 -0.998768747 -39.113601685 -0.009583615 0.999286294 0.036536612 -3.194232464 0.999401808 0.008357853 0.033555441 176.066543579
0.032687765 0.034902327 -0.998856008 -40.158172607 -0.009896819 0.999352396 0.034595791 -3.170602083 0.999416590 0.008754644 0.033012033 176.089859009
0.032235283 0.036278166 -0.998821676 -41.203952789 -0.011827739 0.999284923 0.035913266 -3.144708157 0.999410331 0.010656128 0.032641333 176.113586426
0.031506393 0.039109819 -0.998738050 -42.264797211 -0.013578094 0.999158800 0.038697951 -3.125072479 0.999411345 0.012341728 0.032010932 176.141357422
0.031169944 0.040566228 -0.998690546 -43.324768066 -0.012515689 0.999113619 0.040192787 -3.105589867 0.999435723 0.011246495 0.031650014 176.171737671
0.031203693 0.040890835 -0.998676300 -44.385280609 -0.010444508 0.999121606 0.040582731 -3.077187300 0.999458551 0.009164351 0.031603377 176.209472656
0.031895902 0.042264488 -0.998597145 -45.438602448 -0.010484879 0.999064744 0.041949376 -3.047707558 0.999436080 0.009132155 0.032309212 176.232482910
0.032328844 0.043578070 -0.998526752 -46.494392395 -0.008595739 0.999024153 0.043321475 -3.028076887 0.999440312 0.007182537 0.032671865 176.257644653
0.032476913 0.043664582 -0.998518169 -47.557064056 -0.009668365 0.999012232 0.043371711 -2.993209600 0.999425769 0.008245457 0.032866992 176.283950806
0.032340020 0.042946301 -0.998553872 -48.628765106 -0.010569550 0.999035299 0.042624693 -2.967559338 0.999421000 0.009175778 0.032762736 176.311172485
0.031738132 0.041719865 -0.998625040 -49.712574005 -0.013978652 0.999049306 0.041293312 -2.939296007 0.999398410 0.012648862 0.032291155 176.347793579
0.032220513 0.038822167 -0.998726487 -50.770759583 -0.015910812 0.999138653 0.038324878 -2.916244030 0.999354124 0.014655702 0.032810468 176.368408203
0.031948462 0.037603583 -0.998781860 -51.830989838 -0.019363472 0.999127805 0.036997210 -2.891147614 0.999301851 0.018157881 0.032648750 176.392272949
0.031603761 0.041905697 -0.998621583 -52.900856018 -0.021869387 0.998910487 0.041225713 -2.872583628 0.999261141 0.020536350 0.032485783 176.414947510
0.031703606 0.049915072 -0.998250127 -53.974029541 -0.021553768 0.998554111 0.049245737 -2.840752125 0.999264896 0.019954784 0.032733615 176.436614990
0.030870991 0.056769576 -0.997909963 -55.050815582 -0.021508813 0.998192370 0.056120250 -2.806568623 0.999291837 0.019731369 0.032036230 176.474090576
0.030633807 0.055569686 -0.997984767 -56.106845856 -0.024801619 0.998188198 0.054819711 -2.764410496 0.999222994 0.023072297 0.031956539 176.493316650
0.030154651 0.049474537 -0.998320162 -57.161357880 -0.026683521 0.998458147 0.048675399 -2.725998640 0.999189079 0.025170900 0.031428311 176.520385742
0.030416571 0.042274963 -0.998642921 -58.225410461 -0.026728120 0.998782218 0.041466787 -2.699354172 0.999179959 0.025430564 0.031509474 176.548294067
0.031676359 0.037051056 -0.998811185 -59.269584656 -0.026470639 0.998993218 0.036218315 -2.673861980 0.999147594 0.025291901 0.032625221 176.566528320
0.032177169 0.038421787 -0.998743355 -60.332180023 -0.025285076 0.998972356 0.037615962 -2.651680946 0.999162316 0.024042923 0.033115584 176.597747803
0.032222360 0.039150242 -0.998713672 -61.407012939 -0.024167512 0.998970866 0.038380586 -2.628815889 0.999188483 0.022899706 0.033135369 176.628524780
0.032770157 0.040704627 -0.998633683 -62.458473206 -0.022467535 0.998947740 0.039980162 -2.599622250 0.999210358 0.021126678 0.033650208 176.661209106
0.032374520 0.040347319 -0.998661160 -63.522819519 -0.020852644 0.998994589 0.039684799 -2.573819637 0.999258280 0.019539950 0.033183310 176.694946289
0.032158591 0.039570943 -0.998699129 -64.582908630 -0.018807925 0.999062955 0.038979732 -2.552054167 0.999305785 0.017529923 0.032872722 176.725936890
0.030842412 0.037064876 -0.998836756 -65.647933960 -0.017844362 0.999173403 0.036526356 -2.528872013 0.999364972 0.016697045 0.031478330 176.759689331
0.030206867 0.036611266 -0.998872876 -66.718612671 -0.017529795 0.999194682 0.036092937 -2.507023573 0.999389887 0.016419781 0.030824309 176.786819458
0.029571859 0.038807038 -0.998809040 -67.785072327 -0.015723592 0.999140501 0.038354382 -2.484190941 0.999439001 0.014570649 0.030156620 176.811691284
0.028329059 0.042925917 -0.998676538 -68.864471436 -0.014131636 0.998994887 0.042538732 -2.455795288 0.999498785 0.012907848 0.028907210 176.843307495
0.027678445 0.046230834 -0.998547256 -69.948272705 -0.014030876 0.998849571 0.045855910 -2.426240683 0.999518454 0.012741263 0.028295256 176.871444702
0.026962608 0.043048143 -0.998709023 -71.002792358 -0.014531684 0.998983562 0.042667657 -2.397571325 0.999530852 0.013362492 0.027560784 176.888641357
0.025908019 0.038242791 -0.998932481 -72.069030762 -0.017364841 0.999134302 0.037800152 -2.370227098 0.999513566 0.016366975 0.026549701 176.908935547
0.025638221 0.035236098 -0.999050081 -73.140594482 -0.018796170 0.999218941 0.034759689 -2.343776703 0.999494553 0.017887140 0.026280507 176.927291870
0.024817483 0.036849517 -0.999012530 -74.222213745 -0.018973280 0.999157786 0.036383525 -2.319558382 0.999511957 0.018051598 0.025495738 176.954635620
0.024453944 0.041576371 -0.998835981 -75.291381836 -0.020202635 0.998951316 0.041086562 -2.288736105 0.999496698 0.019174390 0.025268257 176.971008301
0.023833562 0.044606466 -0.998720288 -76.386505127 -0.020038262 0.998824596 0.044132933 -2.259370327 0.999515057 0.018960768 0.024699399 176.995040894
0.022954086 0.044066235 -0.998764813 -77.482940674 -0.020587523 0.998837054 0.043596268 -2.233620405 0.999524415 0.019561382 0.023834622 177.019760132
0.022469655 0.041304514 -0.998893857 -78.528808594 -0.022067746 0.998923242 0.040809315 -2.209105492 0.999503970 0.021126362 0.023356928 177.026214600
0.020738799 0.040168155 -0.998977661 -79.601623535 -0.025442101 0.998890281 0.039636455 -2.178229570 0.999461234 0.024594076 0.021737739 177.037643433
0.018950734 0.039880488 -0.999024749 -80.683639526 -0.029616609 0.998788118 0.039309237 -2.156171083 0.999381661 0.028842784 0.020108895 177.044937134
0.017514437 0.039968941 -0.999047458 -81.769386292 -0.029277347 0.998792827 0.039445482 -2.124857664 0.999417901 0.028558590 0.018663466 177.060043335
0.014104783 0.037032090 -0.999214530 -82.845962524 -0.029761385 0.998886704 0.036599837 -2.108553410 0.999457419 0.029221771 0.015191220 177.070037842
0.009939769 0.037420638 -0.999250174 -83.932006836 -0.027750919 0.998924911 0.037132416 -2.079526663 0.999565423 0.027361015 0.010967540 177.089508057
0.007608494 0.035759576 -0.999331415 -85.016891479 -0.022930296 0.999103844 0.035576843 -2.057428598 0.999708056 0.022644274 0.008421667 177.094741821
0.006407388 0.032529429 -0.999450266 -86.097671509 -0.022665393 0.999218822 0.032376584 -2.036447525 0.999722481 0.022445483 0.007139676 177.090667725
