1.000000000 0.000000000 0.000000000 0.000000000 0.000000000 1.000000000 0.000000000 0.000000000 0.000000000 0.000000000 1.000000000 0.000000000
0.999997318 0.001039006 0.002066517 -0.009280416 -0.001036778 0.999998868 -0.001078757 -0.016977478 -0.002067636 0.001076611 0.999997258 1.205656886
0.999994516 0.000993388 0.003136463 -0.006827759 -0.000991295 0.999999404 -0.000668624 -0.038075954 -0.003137125 0.000665511 0.999994874 2.408093452
0.999990523 0.000428483 0.004328428 -0.008433383 -0.000427210 0.999999881 -0.000294946 -0.057737365 -0.004328554 0.000293094 0.999990582 3.607351780
0.999985933 0.000149640 0.005303314 -0.006969772 -0.000147455 0.999999881 -0.000412348 -0.077164181 -0.005303375 0.000411561 0.999985874 4.804642200
0.999981344 -0.000017106 0.006093706 -0.003873240 0.000017894 1.000000000 -0.000129287 -0.101593979 -0.006093704 0.000129393 0.999981403 6.010602951
0.999976814 0.000358682 0.006792334 0.000857983 -0.000351536 0.999999344 -0.001053233 -0.123599179 -0.006792707 0.001050821 0.999976337 7.210212231
0.999970615 0.000321462 0.007656184 0.002850365 -0.000311344 0.999999106 -0.001322673 -0.146728307 -0.007656603 0.001320251 0.999969840 8.393647194
0.999969602 -0.000295915 0.007787786 0.009479590 0.000293827 0.999999940 0.000269205 -0.170836225 -0.007787865 -0.000266909 0.999969661 9.589124680
0.999978602 -0.000725543 0.006503212 0.011513703 0.000716681 0.999998808 0.001364964 -0.193418026 -0.006504195 -0.001360274 0.999977946 10.788135529
0.999989212 -0.002131804 0.004109638 0.010150727 0.002128985 0.999997497 0.000690231 -0.211555481 -0.004111099 -0.000681474 0.999991298 11.986504555
0.999995768 -0.001820874 0.002281836 0.003337100 0.001820662 0.999998331 0.000095289 -0.228740841 -0.002282006 -0.000091134 0.999997377 13.181464195
0.999997854 -0.001942862 0.000719754 0.003112124 0.001942847 0.999998093 0.000021521 -0.251440555 -0.000719795 -0.000020123 0.999999642 14.378387451
0.999999881 -0.000357998 -0.000096380 -0.003510621 0.000357991 0.999999940 -0.000071810 -0.271543354 0.000096406 0.000071775 0.999999940 15.563022614
0.999999642 -0.000549333 -0.000564400 -0.010305670 0.000549312 0.999999821 -0.000038091 -0.291608989 0.000564421 0.000037781 0.999999821 16.763854980
0.999998271 -0.001226477 -0.001419775 -0.012923390 0.001227004 0.999999225 0.000369815 -0.309152722 0.001419320 -0.000371557 0.999998927 17.948965073
0.999997497 -0.001530869 -0.001648245 -0.022330649 0.001531875 0.999998629 0.000609167 -0.328239501 0.001647311 -0.000611691 0.999998391 19.148517609
0.999995589 -0.001341798 -0.002655259 -0.029276146 0.001341148 0.999999106 -0.000246518 -0.350849450 0.002655587 0.000242956 0.999996424 20.344203949
0.999994397 -0.002048396 -0.002657256 -0.046379846 0.002045302 0.999997199 -0.001166437 -0.372731566 0.002659637 0.001160995 0.999995768 21.551654816
0.999993682 -0.001029533 -0.003412375 -0.056514427 0.001027362 0.999999285 -0.000637834 -0.391587943 0.003413029 0.000634324 0.999993920 22.745943069
0.999992251 -0.000983955 -0.003811205 -0.077753879 0.000981055 0.999999225 -0.000762690 -0.417402118 0.003811952 0.000758946 0.999992430 23.942651749
0.999988616 -0.000957425 -0.004671948 -0.090847649 0.000950987 0.999998510 -0.001380048 -0.439047098 0.004673264 0.001375589 0.999988139 25.136020660
0.999982655 -0.000927716 -0.005838143 -0.102574676 0.000924723 0.999999464 -0.000515403 -0.465911061 0.005838620 0.000509995 0.999982834 26.326028824
0.999975264 -0.002553297 -0.006569964 -0.114787370 0.002560440 0.999996185 0.001079173 -0.485536158 0.006567184 -0.001095968 0.999977887 27.529125214
0.999969661 -0.002279026 -0.007441877 -0.128286123 0.002287677 0.999996722 0.001154239 -0.505496442 0.007439223 -0.001171228 0.999971628 28.718019485
0.999960840 -0.003026021 -0.008321057 -0.142885566 0.003029853 0.999995291 0.000447993 -0.526555479 0.008319663 -0.000473187 0.999965250 29.918735504
0.999952257 -0.003271741 -0.009206817 -0.154201135 0.003266830 0.999994516 -0.000548330 -0.547258735 0.009208560 0.000518227 0.999957442 31.105644226
0.999946892 -0.002748978 -0.009932664 -0.173936173 0.002745196 0.999996126 -0.000394355 -0.568077922 0.009933712 0.000367066 0.999950588 32.298469543
0.999939561 -0.003023411 -0.010564054 -0.187661991 0.003024240 0.999995351 0.000062407 -0.589507282 0.010563817 -0.000094352 0.999944210 33.494689941
0.999929190 -0.003332099 -0.011422042 -0.201486379 0.003333579 0.999994338 0.000110491 -0.609227955 0.011421612 -0.000148560 0.999934793 34.683712006
0.999923766 -0.004143560 -0.011624395 -0.225545779 0.004145995 0.999991417 0.000185334 -0.632709265 0.011623527 -0.000233514 0.999932349 35.905471802
0.999920785 -0.003937921 -0.011954976 -0.247188225 0.003940343 0.999992192 0.000179041 -0.652315617 0.011954178 -0.000226134 0.999928534 37.109325409
0.999912739 -0.005165203 -0.012151449 -0.265707850 0.005178996 0.999985933 0.001104001 -0.683333695 0.012145578 -0.001166838 0.999925494 38.302089691
0.999917209 -0.004713080 -0.011963061 -0.282162666 0.004740057 0.999986291 0.002227687 -0.697000802 0.011952398 -0.002284209 0.999925971 39.505184174
0.999919713 -0.004243724 -0.011938525 -0.303597450 0.004278493 0.999986649 0.002888201 -0.717106998 0.011926111 -0.002939048 0.999924541 40.714458466
0.999917626 -0.003653052 -0.012305945 -0.321008563 0.003684555 0.999989986 0.002538302 -0.737244487 0.012296549 -0.002583435 0.999921024 41.920890808
0.999922812 -0.002257618 -0.012218216 -0.341943562 0.002287813 0.999994397 0.002457921 -0.752603948 0.012212598 -0.002485685 0.999922276 43.108928680
0.999934494 0.000006920 -0.011446997 -0.361020327 0.000043306 0.999990404 0.004387436 -0.772477388 0.011446916 -0.004387646 0.999924839 44.319583893
0.999952078 -0.000104940 -0.009793279 -0.380795598 0.000177228 0.999972761 0.007380889 -0.785790801 0.009792238 -0.007382270 0.999924719 45.527042389
0.999968946 -0.000197852 -0.007883027 -0.396749049 0.000278318 0.999947906 0.010207717 -0.798118114 0.007880596 -0.010209594 0.999916852 46.730850220
0.999978185 0.000723425 -0.006567724 -0.406806022 -0.000635724 0.999910712 0.013345643 -0.802677870 0.006576792 -0.013341176 0.999889374 47.938171387
0.999984920 -0.000154341 -0.005502230 -0.416463912 0.000235026 0.999892294 0.014666564 -0.808882117 0.005499374 -0.014667634 0.999877334 49.143474579
0.999992251 -0.001274354 -0.003731083 -0.422024786 0.001323701 0.999911249 0.013253503 -0.812105894 0.003713861 -0.013258339 0.999905229 50.356536865
0.999996245 -0.000091310 -0.002761922 -0.431805521 0.000123447 0.999932230 0.011637837 -0.817859948 0.002760672 -0.011638132 0.999928474 51.561435699
0.999998391 -0.000357531 -0.001765931 -0.441660821 0.000377140 0.999938250 0.011116633 -0.824548841 0.001761847 -0.011117282 0.999936581 52.761199951
0.999998391 -0.000585132 -0.001731810 -0.449355364 0.000603455 0.999943674 0.010598798 -0.830306947 0.001725511 -0.010599825 0.999942303 53.965583801
0.999996841 -0.001072924 -0.002282367 -0.459516019 0.001094611 0.999954045 0.009521995 -0.839518964 0.002272046 -0.009524463 0.999952078 55.171054840
0.999991536 -0.000794850 -0.004044704 -0.468566477 0.000835840 0.999948144 0.010142496 -0.846633077 0.004036433 -0.010145790 0.999940395 56.382125854
0.999986291 -0.000991800 -0.005143484 -0.482745469 0.001048500 0.999938607 0.011032623 -0.855354667 0.005132226 -0.011037865 0.999925911 57.581192017
0.999977410 -0.001736702 -0.006504401 -0.490597159 0.001811934 0.999931395 0.011578443 -0.865689397 0.006483844 -0.011589968 0.999911845 58.790439606
0.999972045 -0.000120744 -0.007478690 -0.503626585 0.000206076 0.999934852 0.011410361 -0.875629187 0.007476825 -0.011411583 0.999906957 59.988136292
0.999965966 0.000261127 -0.008250061 -0.518567443 -0.000167781 0.999935985 0.011313247 -0.882277548 0.008252487 -0.011311476 0.999902010 61.191894531
0.999965668 -0.000843554 -0.008240934 -0.531622529 0.000932513 0.999941409 0.010796878 -0.890965104 0.008231343 -0.010804196 0.999907732 62.394767761
0.999962568 -0.001856927 -0.008449181 -0.546457291 0.001941823 0.999947608 0.010050690 -0.901537120 0.008430074 -0.010066721 0.999913752 63.604072571
0.999958515 -0.002312165 -0.008809799 -0.557902515 0.002411644 0.999933243 0.011297951 -0.912324011 0.008783089 -0.011318726 0.999897361 64.796386719
0.999958515 -0.002283129 -0.008816746 -0.578319490 0.002394342 0.999917448 0.012623913 -0.915225923 0.008787196 -0.012644499 0.999881446 65.992126465
0.999953210 -0.001829647 -0.009496797 -0.589612961 0.001934151 0.999937475 0.011006663 -0.926760077 0.009476064 -0.011024515 0.999894321 67.189819336
0.999958575 -0.000132634 -0.009095729 -0.613521099 0.000222350 0.999951303 0.009863309 -0.934712172 0.009093978 -0.009864924 0.999909997 68.388633728
0.999952912 0.001890472 -0.009520055 -0.628692091 -0.001793167 0.999946177 0.010219320 -0.945549667 0.009538862 -0.010201768 0.999902487 69.583030701
0.999949038 0.004159332 -0.009198204 -0.648147047 -0.004063020 0.999936998 0.010464740 -0.953962505 0.009241150 -0.010426834 0.999902904 70.766670227
0.999943197 0.005317434 -0.009229145 -0.668095887 -0.005216665 0.999926805 0.010908457 -0.963945329 0.009286475 -0.010859691 0.999897838 71.969329834
0.999948740 0.005861982 -0.008245522 -0.685634017 -0.005764719 0.999914050 0.011770587 -0.970644772 0.008313815 -0.011722451 0.999896705 73.162277222
0.999952018 0.007701159 -0.006044678 -0.701595902 -0.007624458 0.999891400 0.012611170 -0.978006303 0.006141144 -0.012564478 0.999902129 74.357444763
0.999970853 0.006736312 -0.003570730 -0.709089398 -0.006698085 0.999921262 0.010611452 -0.992707849 0.003641930 -0.010587228 0.999937296 75.528480530
0.999991357 0.003940047 -0.001290261 -0.712592006 -0.003933184 0.999978364 0.005279565 -1.000785351 0.001311034 -0.005274445 0.999985218 76.704101562
0.999985814 0.005106685 0.001531756 -0.717938066 -0.005114606 0.999973357 0.005212856 -1.015730858 -0.001505094 -0.005220617 0.999985158 77.884513855
0.999984562 0.003696370 0.004148376 -0.715934873 -0.003733482 0.999952793 0.008974400 -1.029893398 -0.004115007 -0.008989750 0.999951065 79.067100525
0.999962270 0.004453365 0.007455842 -0.710862815 -0.004527241 0.999940455 0.009921205 -1.040668130 -0.007411217 -0.009954585 0.999922991 80.236801147
0.999922276 0.004541833 0.011615237 -0.704844475 -0.004636852 0.999955833 0.008166661 -1.050492048 -0.011577632 -0.008219885 0.999899209 81.404548645
0.999878943 0.003252928 0.015217248 -0.692137480 -0.003333267 0.999980628 0.005257081 -1.067215681 -0.015199855 -0.005307167 0.999870420 82.565399170
0.999827683 0.002003379 0.018454252 -0.672933459 -0.002037467 0.999996364 0.001828566 -1.082478285 -0.018450515 -0.001865851 0.999828041 83.729606628
0.999758005 0.001730497 0.021931220 -0.651545286 -0.001750175 0.999998093 0.000878113 -1.099576354 -0.021929655 -0.000916283 0.999759078 84.882713318
0.999674976 0.001103958 0.025470952 -0.623051167 -0.001172561 0.999995649 0.002678595 -1.121920109 -0.025467884 -0.002707591 0.999671936 86.054107666
0.999560714 0.002208013 0.029555839 -0.604172707 -0.002311904 0.999991238 0.003481359 -1.146111965 -0.029547893 -0.003548160 0.999557078 87.217124939
0.999455631 0.001765158 0.032943916 -0.561758757 -0.001799478 0.999997854 0.001012143 -1.162093878 -0.032942057 -0.001070874 0.999456704 88.360824585
0.999347568 0.001702636 0.036077630 -0.523027420 -0.001661069 0.999997914 -0.001182074 -1.181811452 -0.036079571 0.001121375 0.999348283 89.506935120
0.999223173 0.001694151 0.039370954 -0.482019186 -0.001638413 0.999997616 -0.001447925 -1.203413367 -0.039373316 0.001382294 0.999223590 90.670562744
0.999100924 0.001020192 0.042381309 -0.437756062 -0.001014841 0.999999523 -0.000147776 -1.223188758 -0.042381428 0.000104633 0.999101400 91.830337524
0.998986602 -0.000442480 0.045005437 -0.387473106 0.000393936 0.999999344 0.001087485 -1.240060329 -0.045005891 -0.001068654 0.998986125 92.992034912
0.998862565 -0.001123168 0.047669329 -0.335173130 0.000982475 0.999995112 0.002974761 -1.259324551 -0.047672436 -0.002924543 0.998858869 94.152099609
0.998747945 -0.002759733 0.049950879 -0.274072647 0.002577546 0.999989867 0.003711377 -1.271816492 -0.049960621 -0.003577979 0.998744786 95.314910889
0.998622477 -0.003550817 0.052350048 -0.221938133 0.003468237 0.999992609 0.001668217 -1.294209242 -0.052355595 -0.001484356 0.998627365 96.467178345
0.998496532 -0.005112114 0.054575998 -0.158669949 0.005225026 0.999984503 -0.001926402 -1.312001705 -0.054565307 0.002208667 0.998507738 97.625854492
0.998379290 -0.004199467 0.056756012 -0.102344036 0.004469673 0.999979258 -0.004634718 -1.330999970 -0.056735374 0.004880887 0.998377323 98.788589478
0.998289347 -0.004274948 0.058309142 -0.034872532 0.004601707 0.999974370 -0.005470783 -1.358324170 -0.058284272 0.005729746 0.998283505 99.964729309
0.998270750 -0.003906380 0.058654636 0.031892776 0.004204645 0.999978900 -0.004962525 -1.377814293 -0.058634013 0.005200564 0.998265982 101.148620605
0.998316705 -0.004297126 0.057838023 0.092428684 0.004467953 0.999986172 -0.002824556 -1.410394788 -0.057825077 0.003078219 0.998322010 102.320289612
0.998402834 -0.004181847 0.056341570 0.158361435 0.004284667 0.999989390 -0.001704265 -1.423180819 -0.056333847 0.001942949 0.998410106 103.528381348
0.998498440 -0.004150857 0.054621071 0.210281372 0.004195717 0.999990880 -0.000706677 -1.446082950 -0.054617640 0.000934791 0.998506844 104.707305908
0.998638570 -0.003980039 0.052010920 0.268791676 0.004004743 0.999991834 -0.000370785 -1.461805224 -0.052009020 0.000578570 0.998646438 105.912734985
0.998789608 -0.003347694 0.049072590 0.323114872 0.003368120 0.999994278 -0.000333548 -1.482473612 -0.049071185 0.000498427 0.998795152 107.117340088
0.998963773 -0.001770296 0.045478314 0.360998154 0.001812165 0.999998033 -0.000879425 -1.497211218 -0.045476660 0.000960928 0.998964965 108.308044434
0.999138236 -0.002006066 0.041456617 0.409848690 0.002024862 0.999997795 -0.000411407 -1.519854903 -0.041455701 0.000494996 0.999140203 109.516822815
0.999303341 -0.001517668 0.037287332 0.456908464 0.001492873 0.999998629 0.000692811 -1.538817048 -0.037288330 -0.000636663 0.999304295 110.745315552
0.999458194 -0.001089976 0.032896385 0.488810301 0.001041926 0.999998331 0.001477778 -1.560064793 -0.032897942 -0.001442702 0.999457657 111.940895081
0.999593079 -0.000946137 0.028509200 0.516535282 0.000886797 0.999997437 0.002094015 -1.578251600 -0.028511107 -0.002067881 0.999591351 113.157981873
0.999726117 -0.000573066 0.023397939 0.542292356 0.000522243 0.999997556 0.002178148 -1.594564199 -0.023399128 -0.002165332 0.999723911 114.373336792
0.999825001 0.000262604 0.018704047 0.553968906 -0.000302728 0.999997675 0.002142388 -1.613748670 -0.018703440 -0.002147675 0.999822736 115.603355408
0.999907792 0.000598956 0.013560373 0.564782739 -0.000622524 0.999998331 0.001733861 -1.625427127 -0.013559312 -0.001742143 0.999906540 116.824996948
0.999957085 0.001680659 0.009112640 0.566877067 -0.001690385 0.999998033 0.001059775 -1.647171855 -0.009110841 -0.001075134 0.999957919 118.065742493
0.999978006 0.003546798 0.005604284 0.566219985 -0.003552756 0.999993145 0.001053546 -1.666384816 -0.005600509 -0.001073433 0.999983728 119.307357788
0.999978960 0.005474270 0.003471794 0.561266422 -0.005478256 0.999984324 0.001139402 -1.684001803 -0.003465502 -0.001158397 0.999993324 120.545921326
0.999973476 0.006789141 0.002624334 0.553774655 -0.006790954 0.999976635 0.000682233 -1.702506304 -0.002619642 -0.000700037 0.999996305 121.784629822
0.999958158 0.009054651 0.001294802 0.551954150 -0.009056127 0.999958336 0.001137754 -1.721782684 -0.001284446 -0.001149432 0.999998450 123.031936646
0.999946952 0.010295490 0.000372480 0.541096807 -0.010296168 0.999945223 0.001865667 -1.737875700 -0.000353252 -0.001869403 0.999998212 124.273574829
0.999948263 0.010168761 -0.000299945 0.530407906 -0.010168070 0.999945760 0.002226417 -1.753285408 0.000322569 -0.002223252 0.999997497 125.522270203
0.999902785 0.013897672 -0.001117073 0.521389365 -0.013892747 0.999894261 0.004302389 -1.772550583 0.001176748 -0.004286453 0.999990046 126.778396606
0.999889255 0.014784600 -0.001663592 0.508758366 -0.014771862 0.999863327 0.007424387 -1.783722043 0.001773131 -0.007398991 0.999971032 128.029678345
0.999905765 0.013507171 -0.002451594 0.505891979 -0.013489782 0.999884665 0.006974372 -1.797061920 0.002545515 -0.006940642 0.999972701 129.294311523
0.999905467 0.013431475 -0.002965483 0.494897991 -0.013414772 0.999894440 0.005582171 -1.806805372 0.003040147 -0.005541861 0.999980032 130.546081543
0.999933720 0.010741835 -0.004157894 0.494084299 -0.010713195 0.999919176 0.006849901 -1.822436690 0.004231139 -0.006804902 0.999967873 131.807205200
0.999950647 0.008795000 -0.004624441 0.482461631 -0.008755559 0.999925673 0.008481031 -1.831362009 0.004698689 -0.008440120 0.999953330 133.074737549
0.999976039 0.005293919 -0.004477068 0.466348648 -0.005247999 0.999934077 0.010207173 -1.839164138 0.004530810 -0.010183431 0.999937892 134.349212646
0.999982834 0.003342676 -0.004828712 0.456023395 -0.003287426 0.999929607 0.011404856 -1.850872636 0.004866496 -0.011388786 0.999923289 135.624694824
0.999988079 -0.000670247 -0.004831800 0.456905603 0.000716619 0.999953628 0.009601992 -1.857792497 0.004825140 -0.009605340 0.999942243 136.874313354
0.999984026 -0.003198740 -0.004658570 0.445548832 0.003239817 0.999955714 0.008836896 -1.867052078 0.004630097 -0.008851847 0.999950051 138.147689819
0.999980271 -0.004295820 -0.004579297 0.442480445 0.004334190 0.999955297 0.008402124 -1.874302864 0.004542998 -0.008421808 0.999954224 139.421859741
0.999982715 -0.004302164 -0.004023452 0.430039167 0.004336096 0.999954820 0.008463526 -1.880250931 0.003986859 -0.008480826 0.999956071 140.701110840
0.999983966 -0.004159180 -0.003832919 0.429228485 0.004200495 0.999932587 0.010835134 -1.895337701 0.003787594 -0.010851061 0.999933898 141.968475342
0.999993563 -0.001866038 -0.003080270 0.413766325 0.001904291 0.999920487 0.012462533 -1.903455377 0.003056769 -0.012468318 0.999917626 143.247192383
0.999994457 -0.002284806 -0.002390177 0.405255258 0.002310528 0.999938965 0.010814941 -1.917813659 0.002365321 -0.010820406 0.999938607 144.527801514
0.999996781 -0.001692826 -0.001891037 0.392162889 0.001710159 0.999956250 0.009202146 -1.927046776 0.001875376 -0.009205351 0.999955893 145.805847168
0.999997616 -0.001576537 -0.001479316 0.387759149 0.001586414 0.999976277 0.006700103 -1.943604946 0.001468718 -0.006702434 0.999976456 147.086563110
0.999994218 -0.003130058 -0.001318916 0.384148091 0.003133100 0.999992430 0.002310600 -1.954116106 0.001311673 -0.002314719 0.999996424 148.365829468
0.999996126 -0.002743783 -0.000510705 0.372711539 0.002743304 0.999995768 -0.000936695 -1.979384899 0.000513273 0.000935291 0.999999404 149.635986328
0.999994457 -0.003285357 -0.000642210 0.368583113 0.003284252 0.999993145 -0.001714305 -2.001852989 0.000647838 0.001712187 0.999998331 150.907516479
0.999994576 -0.003259173 -0.000427697 0.363055408 0.003258448 0.999993265 -0.001685275 -2.025472164 0.000433186 0.001683873 0.999998510 152.177856445
0.999996364 -0.002649955 -0.000376834 0.352923751 0.002649531 0.999995887 -0.001122116 -2.050433874 0.000379806 0.001121113 0.999999225 153.444152832
0.999997437 -0.002134439 -0.000715257 0.348097771 0.002134312 0.999997735 -0.000178551 -2.072328806 0.000715636 0.000177024 0.999999762 154.702148438
0.999998689 -0.001255592 -0.001033431 0.342397928 0.001256205 0.999999046 0.000593394 -2.100131750 0.001032684 -0.000594692 0.999999285 155.971298218
0.999999046 -0.000692049 -0.001220482 0.329141021 0.000692444 0.999999762 0.000323348 -2.119455338 0.001220258 -0.000324192 0.999999225 157.240905762
0.999997020 -0.000825069 -0.002302885 0.329018295 0.000826579 0.999999464 0.000654860 -2.146802425 0.002302343 -0.000656762 0.999997139 158.495910645
0.999994755 -0.001188881 -0.003008683 0.319778323 0.001194048 0.999997854 0.001716271 -2.164518118 0.003006635 -0.001719855 0.999993980 159.760681152
0.999993980 0.000131112 -0.003466826 0.306413054 -0.000123820 0.999997795 0.002103345 -2.185204506 0.003467094 -0.002102903 0.999991775 161.041427612
0.999991000 0.000000272 -0.004232665 0.297830939 0.000003146 0.999999702 0.000807357 -2.201698303 0.004232664 -0.000807363 0.999990761 162.310806274
0.999988616 0.000763535 -0.004694048 0.282450378 -0.000764394 0.999999702 -0.000181082 -2.224598169 0.004693909 0.000184668 0.999988973 163.566329956
0.999983728 0.001617783 -0.005449553 0.270487368 -0.001618563 0.999998689 -0.000138745 -2.246225357 0.005449322 0.000147564 0.999985218 164.828536987
0.999980152 0.001370241 -0.006171408 0.253992438 -0.001376051 0.999998629 -0.000937233 -2.271433115 0.006170115 0.000945707 0.999980509 166.095901489
0.999974310 0.001739689 -0.006960047 0.238635182 -0.001755923 0.999995768 -0.002327062 -2.289700985 0.006955969 0.002339223 0.999972999 167.362930298
0.999969125 0.001770224 -0.007652638 0.227585912 -0.001783946 0.999996841 -0.001786667 -2.317170858 0.007649451 0.001800264 0.999969125 168.636016846
0.999959826 0.002011091 -0.008729392 0.214210868 -0.002014674 0.999997914 -0.000401672 -2.339919329 0.008728567 0.000419243 0.999961853 169.912536621
0.999956548 0.001775713 -0.009147440 0.199888825 -0.001775902 0.999998391 -0.000012489 -2.364526510 0.009147403 0.000028733 0.999958158 171.182296753
0.999948859 0.002372443 -0.009833933 0.176873922 -0.002367070 0.999997079 0.000557939 -2.388036013 0.009835228 -0.000534633 0.999951541 172.448837280
0.999940157 0.002620731 -0.010624264 0.158644795 -0.002616798 0.999996543 0.000384067 -2.405997515 0.010625234 -0.000356242 0.999943495 173.738876343
0.999933660 0.002972231 -0.011127061 0.138103962 -0.002973888 0.999995530 -0.000132281 -2.433499813 0.011126618 0.000165363 0.999938011 174.975112915
0.999929547 0.003955092 -0.011192094 0.107460260 -0.003964931 0.999991775 -0.000857020 -2.452006578 0.011188612 0.000901335 0.999936938 176.243850708
0.999922037 0.004356039 -0.011703704 0.080154896 -0.004361698 0.999990344 -0.000457992 -2.470459700 0.011701597 0.000509004 0.999931395 177.505676270
0.999920309 0.003830019 -0.012027092 0.059794426 -0.003850437 0.999991119 -0.001674952 -2.493128538 0.012020571 0.001721128 0.999926269 178.746643066
0.999920428 0.002880428 -0.012277927 0.039694548 -0.002924526 0.999989390 -0.003575285 -2.511072636 0.012267498 0.003610908 0.999918222 180.010025024
0.999925137 -0.000266042 -0.012228903 0.021271229 0.000226081 0.999994636 -0.003269044 -2.537145853 0.012229708 0.003266035 0.999919832 181.275100708
0.999915004 0.000120631 -0.013036650 0.003629446 -0.000116808 0.999999821 0.000294026 -2.558249474 0.013036685 -0.000292479 0.999915004 182.545593262
0.999919891 -0.000805096 -0.012626627 -0.020673275 0.000866102 0.999987900 0.004826833 -2.581815481 0.012622589 -0.004837382 0.999908566 183.802230835
0.999916375 0.000345591 -0.012923180 -0.040412664 -0.000294993 0.999992251 0.003916977 -2.596319437 0.012924433 -0.003912838 0.999908805 185.059280396
0.999919772 0.001732753 -0.012548842 -0.065687418 -0.001721576 0.999998033 0.000901375 -2.615439177 0.012550380 -0.000879699 0.999920785 186.285873413
0.999915838 0.002028212 -0.012818200 -0.087258577 -0.002038515 0.999997616 -0.000790796 -2.637503386 0.012816565 0.000816859 0.999917507 187.532379150
0.999910712 0.001686290 -0.013257679 -0.109364510 -0.001694359 0.999998510 -0.000597396 -2.661522865 0.013256649 0.000619806 0.999911964 188.776870728
0.999914646 0.002109496 -0.012896226 -0.135043621 -0.002111213 0.999997795 -0.000119517 -2.677543402 0.012895944 0.000146733 0.999916852 190.020172119
0.999915421 0.001592695 -0.012907770 -0.153079033 -0.001558517 0.999995232 0.002657518 -2.703421831 0.012911940 -0.002637176 0.999913096 191.269714355
0.999926925 0.000764762 -0.012060158 -0.176547289 -0.000719895 0.999992788 0.003724094 -2.728003263 0.012062918 -0.003715140 0.999920309 192.519134521
0.999940515 0.000864994 -0.010872335 -0.191025376 -0.000833673 0.999995470 0.002885076 -2.743940115 0.010874782 -0.002875841 0.999936759 193.757568359
0.999955356 -0.000650931 -0.009427194 -0.210358739 0.000667184 0.999998212 0.001720985 -2.767971039 0.009426057 -0.001727198 0.999954104 194.990783691
0.999965906 -0.000193379 -0.008254220 -0.219557524 0.000193463 1.000000000 0.000009380 -2.788977146 0.008254217 -0.000010977 0.999965906 196.216598511
0.999973238 -0.001122951 -0.007230382 -0.228183031 0.001119972 0.999999344 -0.000416057 -2.811173916 0.007230844 0.000407948 0.999973774 197.435165405
0.999984503 -0.000543704 -0.005557240 -0.246956766 0.000544591 0.999999762 0.000158139 -2.833355904 0.005557153 -0.000161163 0.999984562 198.660888672
0.999988973 -0.001051023 -0.004570926 -0.251792192 0.001060264 0.999997377 0.002019731 -2.857875824 0.004568791 -0.002024556 0.999987543 199.878005981
0.999994934 -0.000276730 -0.003177474 -0.266777515 0.000284483 0.999996901 0.002439651 -2.881507158 0.003176789 -0.002440542 0.999991894 201.091583252
0.999998033 -0.000091702 -0.001949573 -0.279249012 0.000096484 0.999996901 0.002452580 -2.897781372 0.001949343 -0.002452763 0.999995053 202.301559448
0.999999106 -0.000752968 -0.001163507 -0.280415833 0.000755669 0.999996960 0.002323012 -2.918224573 0.001161754 -0.002323889 0.999996662 203.513961792
0.999999940 -0.000081382 0.000306995 -0.292852342 0.000080493 0.999995828 0.002892160 -2.943527222 -0.000307230 -0.002892135 0.999995768 204.693695068
0.999999404 0.000177390 0.001122706 -0.299250007 -0.000180553 0.999996066 0.002817821 -2.963027954 -0.001122201 -0.002818022 0.999995410 205.892822266
0.999998152 -0.000105519 0.001910330 -0.303395033 0.000100328 0.999996424 0.002717062 -2.981722116 -0.001910609 -0.002716865 0.999994457 207.055114746
0.999997020 -0.001106908 0.002180558 -0.303687841 0.001101746 0.999996603 0.002367154 -2.999708414 -0.002183171 -0.002364744 0.999994755 208.220489502
0.999995768 -0.001070889 0.002707728 -0.311173141 0.001061189 0.999993145 0.003581180 -3.022855997 -0.002711544 -0.003578291 0.999989867 209.367004395
0.999996126 -0.001619493 0.002278609 -0.313516766 0.001609433 0.999988973 0.004409840 -3.038803577 -0.002285725 -0.004406156 0.999987662 210.507858276
0.999997079 -0.001545554 0.001859184 -0.315546870 0.001537280 0.999988973 0.004443743 -3.059473991 -0.001866031 -0.004440872 0.999988377 211.625793457
0.999998808 -0.000874041 0.001235271 -0.318861067 0.000869972 0.999994278 0.003291035 -3.077295065 -0.001238141 -0.003289958 0.999993742 212.727661133
0.999999285 -0.000913052 0.000746845 -0.322697341 0.000911016 0.999995828 0.002722264 -3.098206043 -0.000749328 -0.002721582 0.999995947 213.806900024
0.999999464 -0.001058257 0.000206230 -0.328869939 0.001057730 0.999996245 0.002540767 -3.116557598 -0.000208918 -0.002540548 0.999996722 214.876190186
0.999999225 -0.001053828 -0.000831336 -0.335954338 0.001055841 0.999996603 0.002424604 -3.137840748 0.000828778 -0.002425480 0.999996722 215.945144653
0.999995410 -0.001513972 -0.002659470 -0.338386238 0.001522686 0.999993503 0.003277544 -3.156631708 0.002654491 -0.003281577 0.999991119 217.001281738
0.999986172 -0.002576322 -0.004581995 -0.349786222 0.002598537 0.999984860 0.004848980 -3.173360348 0.004569434 -0.004860821 0.999977708 218.038146973
0.999975502 -0.002288848 -0.006614042 -0.363867998 0.002332325 0.999975741 0.006573293 -3.189716816 0.006598836 -0.006588560 0.999956489 219.065322876
0.999956548 -0.002191581 -0.009055605 -0.375677586 0.002254350 0.999973416 0.006927125 -3.210509300 0.009040184 -0.006947239 0.999935031 220.070724487
0.999931455 -0.001551487 -0.011604043 -0.394775867 0.001623955 0.999979138 0.006238272 -3.224212646 0.011594120 -0.006256689 0.999913216 221.061080933
0.999894917 -0.001504112 -0.014421022 -0.413578749 0.001600629 0.999976337 0.006683585 -3.242031097 0.014410628 -0.006705965 0.999873638 222.029510498
0.999850035 -0.001076344 -0.017287677 -0.439311981 0.001200358 0.999973536 0.007164732 -3.258328438 0.017279508 -0.007184409 0.999824882 222.978088379
0.999800205 -0.000483562 -0.019983483 -0.463187695 0.000616200 0.999977827 0.006631732 -3.273461819 0.019979836 -0.006642722 0.999778330 223.910675049
0.999731362 -0.000653568 -0.023167646 -0.488367558 0.000784777 0.999983728 0.005654793 -3.281820774 0.023163574 -0.005671456 0.999715626 224.814254761
0.999663293 -0.000815687 -0.025937978 -0.522988796 0.000951285 0.999985933 0.005215851 -3.300680637 0.025933361 -0.005238770 0.999650002 225.691421509
0.999573171 -0.000241802 -0.029213827 -0.557837963 0.000393786 0.999986410 0.005196805 -3.319354773 0.029212169 -0.005206090 0.999559700 226.547836304
0.999475479 0.000652091 -0.032377273 -0.582374096 -0.000497466 0.999988437 0.004783562 -3.339271545 0.032380015 -0.004764946 0.999464393 227.387710571
0.999391139 0.002362304 -0.034808818 -0.618232250 -0.002216096 0.999988616 0.004238302 -3.349097490 0.034818433 -0.004158582 0.999385059 228.202194214
0.999378979 0.002978110 -0.035108753 -0.658111095 -0.002820914 0.999985754 0.004526096 -3.360286236 0.035121735 -0.004424246 0.999373257 229.003768921
0.999387383 0.003420947 -0.034830917 -0.690042496 -0.003202252 0.999974847 0.006332633 -3.382500648 0.034851704 -0.006217217 0.999373138 229.786575317
0.999394238 0.003152950 -0.034656521 -0.717846870 -0.002917515 0.999972403 0.006841854 -3.394675255 0.034677133 -0.006736600 0.999375880 230.546356201
0.999421716 0.002954124 -0.033875603 -0.750609398 -0.002737708 0.999975562 0.006433140 -3.408023596 0.033893783 -0.006336678 0.999405324 231.292480469
0.999421656 0.003725744 -0.033799183 -0.774837971 -0.003568314 0.999982476 0.004716955 -3.420718670 0.033816170 -0.004593622 0.999417484 232.017837524
0.999452174 0.003687372 -0.032890372 -0.799753666 -0.003603749 0.999990106 0.002601395 -3.432728529 0.032899641 -0.002481442 0.999455512 232.748413086
0.999490619 0.003567994 -0.031714074 -0.826938152 -0.003526879 0.999992907 0.001352277 -3.447890043 0.031718671 -0.001239737 0.999496043 233.469573975
0.999528170 0.004431086 -0.030391727 -0.850211620 -0.004411307 0.999989986 0.000717797 -3.455867290 0.030394603 -0.000583391 0.999537945 234.201904297
0.999583304 0.004058931 -0.028575122 -0.872714520 -0.004045095 0.999991596 0.000542000 -3.467929363 0.028577084 -0.000426185 0.999591529 234.922302246
0.999635875 0.003870490 -0.026703944 -0.895529747 -0.003852723 0.999992371 0.000716748 -3.485405207 0.026706513 -0.000613604 0.999643087 235.630767822
0.999684572 0.004123711 -0.024778428 -0.918602943 -0.004110974 0.999991417 0.000564972 -3.498947620 0.024780547 -0.000462931 0.999692798 236.351043701
0.999721169 0.003803704 -0.023307852 -0.927911758 -0.003799740 0.999992788 0.000214369 -3.511485100 0.023308499 -0.000125746 0.999728382 237.056823730
0.999796569 0.003761223 -0.019813778 -0.956712961 -0.003749517 0.999992788 0.000627920 -3.523063183 0.019815994 -0.000553500 0.999803543 237.766311646
0.999848664 0.002542288 -0.017211339 -0.959271193 -0.002515636 0.999995708 0.001569953 -3.539485455 0.017215252 -0.001526417 0.999850690 238.472320557
0.999901414 0.001918760 -0.013908840 -0.974545717 -0.001898933 0.999997139 0.001438552 -3.547886372 0.013911560 -0.001411998 0.999902248 239.176544189
0.999937057 0.001324646 -0.011134459 -0.979929805 -0.001307635 0.999997973 0.001534875 -3.561059713 0.011136468 -0.001520219 0.999936819 239.874450684
0.999968112 0.001149009 -0.007899886 -0.989421487 -0.001139297 0.999998510 0.001233781 -3.573629618 0.007901293 -0.001224741 0.999968052 240.559799194
0.999989450 0.001686430 -0.004263292 -1.002875447 -0.001683203 0.999998271 0.000760456 -3.584424019 0.004264567 -0.000753272 0.999990642 241.239974976
0.999995172 0.002706046 -0.001544832 -1.003769398 -0.002706644 0.999996305 -0.000385117 -3.592545271 0.001543785 0.000389297 0.999998689 241.930206299
0.999994874 0.002870356 0.001459238 -1.004054070 -0.002869312 0.999995589 -0.000716648 -3.606483221 -0.001461288 0.000712458 0.999998689 242.620651245
0.999987304 0.002683617 0.004254051 -1.004047036 -0.002684849 0.999996364 0.000283959 -3.619793892 -0.004253272 -0.000295377 0.999990940 243.335250854
0.999975085 0.002937952 0.006415027 -0.999530673 -0.002942157 0.999995470 0.000646185 -3.628600597 -0.006413099 -0.000665043 0.999979258 244.038192749
0.999955773 0.002830819 0.008965823 -0.997126579 -0.002833358 0.999995947 0.000270431 -3.639935493 -0.008965021 -0.000295823 0.999959826 244.742568970
0.999934673 0.002091815 0.011234514 -0.991325378 -0.002083862 0.999997556 -0.000719524 -3.657760620 -0.011235991 0.000696066 0.999936640 245.450469971
0.999909163 0.002279917 0.013276096 -0.987420559 -0.002239466 0.999992788 -0.003060936 -3.668604851 -0.013282979 0.003030927 0.999907136 246.158386230
0.999898374 0.001012754 0.014215911 -0.976115465 -0.000942913 0.999987364 -0.004918760 -3.679194450 -0.014220714 0.004904856 0.999886811 246.877227783
0.999900162 0.001647906 0.014035645 -0.962957621 -0.001572623 0.999984324 -0.005373080 -3.694757938 -0.014044279 0.005350470 0.999887049 247.600860596
0.999903262 0.000376374 0.013902791 -0.951247931 -0.000295383 0.999982953 -0.005827118 -3.710565090 -0.013904748 0.005822447 0.999886334 248.330734253
0.999899924 0.002140366 0.013981503 -0.944010258 -0.002056777 0.999979973 -0.005990164 -3.725499630 -0.013994045 0.005960809 0.999884307 249.065429688
0.999891758 0.002554563 0.014484317 -0.941655874 -0.002463157 0.999976933 -0.006325027 -3.741506338 -0.014500140 0.006288665 0.999875069 249.799041748
0.999888837 0.001686368 0.014813745 -0.933829784 -0.001563684 0.999964535 -0.008289455 -3.755877018 -0.014827197 0.008265370 0.999855936 250.549057007
0.999882162 -0.002178150 0.015197622 -0.920880318 0.002335431 0.999943793 -0.010338929 -3.775636673 -0.015174245 0.010373201 0.999831200 251.301086426
0.999862731 -0.005532391 0.015615921 -0.904728889 0.005708672 0.999920249 -0.011266593 -3.790367365 -0.015552344 0.011354191 0.999814570 252.066787720
0.999864876 -0.003073950 0.016147293 -0.896596432 0.003196163 0.999966443 -0.007548267 -3.802756548 -0.016123552 0.007598856 0.999841154 252.841827393
0.999859035 0.000782715 0.016769655 -0.893281460 -0.000759692 0.999998748 -0.001379201 -3.815017939 -0.016770709 0.001366267 0.999858379 253.624069214
0.999846935 -0.000068449 0.017494529 -0.880363464 0.000030728 0.999997675 0.002156414 -3.831200361 -0.017494636 -0.002155546 0.999844611 254.411987305
0.999801517 -0.000827810 0.019908436 -0.863827229 0.000833739 0.999999523 -0.000289557 -3.840226889 -0.019908186 0.000306098 0.999801695 255.211425781
0.999714911 -0.000133404 0.023876900 -0.847876072 0.000280839 0.999980927 -0.006171569 -3.853477001 -0.023875618 0.006176514 0.999695837 256.014495850
0.999604881 0.002032040 0.028036553 -0.839040279 -0.001755436 0.999949634 -0.009886916 -3.865422249 -0.028055228 0.009833792 0.999557912 256.819519043
0.999504089 0.003878052 0.031247789 -0.818057060 -0.003584154 0.999948859 -0.009455945 -3.882045746 -0.031282865 0.009339259 0.999466896 257.634338379
0.999414682 0.002243302 0.034135815 -0.784636497 -0.001990094 0.999970257 -0.007449863 -3.896746635 -0.034151509 0.007377570 0.999389350 258.475921631
0.999318540 -0.000898401 0.036902722 -0.747676849 0.001053132 0.999990702 -0.004173715 -3.914421558 -0.036898639 0.004209734 0.999310076 259.311889648
0.999203026 -0.003828292 0.039731901 -0.715616226 0.003951270 0.999987662 -0.003017120 -3.927857876 -0.039719857 0.003171706 0.999205768 260.150146484
0.999072134 -0.003016871 0.042962067 -0.681569099 0.003111350 0.999992847 -0.002132432 -3.946101427 -0.042955328 0.002264123 0.999074399 261.003997803
0.998966753 -0.000799622 0.045440294 -0.647768021 0.000992891 0.999990523 -0.004230838 -3.961526871 -0.045436487 0.004271585 0.998958111 261.846038818
0.998857081 -0.000292628 0.047795583 -0.614536285 0.000594924 0.999979913 -0.006310677 -3.982303381 -0.047792774 0.006331899 0.998837173 262.678375244
0.998722434 0.000259259 0.050531220 -0.576281548 0.000067126 0.999979138 -0.006457257 -3.999896526 -0.050531838 0.006452399 0.998701632 263.540740967
0.998581409 0.001157506 0.053233679 -0.535705566 -0.000935790 0.999990761 -0.004189698 -4.020358562 -0.053238031 0.004133940 0.998573303 264.381195068
0.998400092 0.002699560 0.056478404 -0.494866371 -0.002551288 0.999993145 -0.002697236 -4.037781715 -0.056485295 0.002548828 0.998400271 265.228607178
0.998238862 0.003024550 0.059245951 -0.443439484 -0.002859243 0.999991775 -0.002874756 -4.053006649 -0.059254169 0.002700295 0.998239219 266.101745605
0.998097837 0.003278058 0.061563913 -0.391080856 -0.003083882 0.999989927 -0.003248811 -4.069468498 -0.061573952 0.003052774 0.998097837 266.947021484
0.997942150 0.001498235 0.064102471 -0.336469650 -0.001257986 0.999992013 -0.003788083 -4.083532333 -0.064107642 0.003699648 0.997936130 267.785308838
0.997780859 -0.001556770 0.066564858 -0.282173157 0.001774694 0.999993265 -0.003214843 -4.099687576 -0.066559404 0.003325841 0.997776926 268.673583984
0.997737706 -0.002146654 0.067191437 -0.220813751 0.002359885 0.999992430 -0.003094277 -4.118143559 -0.067184284 0.003245841 0.997735262 269.521514893
0.997698069 -0.002941841 0.067747995 -0.169305801 0.003123727 0.999991775 -0.002578957 -4.141042233 -0.067739859 0.002784647 0.997699082 270.370971680
0.997691393 -0.003309312 0.067829095 -0.101610184 0.003530126 0.999988794 -0.003135840 -4.149814606 -0.067817956 0.003368046 0.997692049 271.278930664
0.997705340 -0.003076577 0.067635633 -0.049661636 0.003258445 0.999991298 -0.002578778 -4.165812492 -0.067627132 0.002793247 0.997706771 272.140991211
0.997751892 -0.002618254 0.066963077 0.005884171 0.002781485 0.999993443 -0.002344526 -4.179203987 -0.066956490 0.002525513 0.997752666 272.993194580
0.997844040 -0.002727430 0.065573066 0.067905426 0.002948591 0.999990404 -0.003276217 -4.194537640 -0.065563492 0.003462502 0.997842371 273.875549316
0.997957945 -0.002594835 0.063822560 0.120563507 0.002869296 0.999987066 -0.004209091 -4.212342739 -0.063810818 0.004383622 0.997952342 274.727508545
0.998040080 -0.002110711 0.062542677 0.168142319 0.002404789 0.999986410 -0.004627155 -4.234046459 -0.062532060 0.004768489 0.998031557 275.603057861
0.998150229 -0.001024064 0.060787696 0.216730118 0.001328833 0.999986768 -0.004973447 -4.251373291 -0.060781803 0.005045025 0.998138309 276.456268311
0.998244524 0.000379212 0.059226550 0.261732101 -0.000068634 0.999986231 -0.005245838 -4.272804260 -0.059227724 0.005232564 0.998230755 277.324401855
0.998355687 0.001041045 0.057315521 0.303214073 -0.000766984 0.999988139 -0.004803404 -4.288323402 -0.057319842 0.004751545 0.998344481 278.173187256
0.998531342 0.001327271 0.054161012 0.347697258 -0.001143580 0.999993503 -0.003422427 -4.305858612 -0.054165203 0.003355464 0.998526335 279.037414551
0.998749256 0.000099320 0.050000947 0.384984970 -0.000056869 0.999999702 -0.000850419 -4.324258804 -0.050001010 0.000846512 0.998748779 279.879333496
0.998991847 -0.001858846 0.044853553 0.423956871 0.001811024 0.999997735 0.001106786 -4.346668243 -0.044855509 -0.001024439 0.998992920 280.724456787
0.999177098 -0.002254498 0.040497616 0.456304550 0.002165001 0.999995053 0.002253666 -4.362681389 -0.040502500 -0.002164135 0.999177098 281.581054688
0.999364913 -0.002357912 0.035554923 0.480582237 0.002269230 0.999994159 0.002534355 -4.372364044 -0.035560690 -0.002452063 0.999364495 282.397827148
0.999516010 -0.002969898 0.030964807 0.504041672 0.002866338 0.999990165 0.003388312 -4.388062477 -0.030974571 -0.003297916 0.999514759 283.229797363
0.999648154 -0.003703873 0.026262188 0.520328999 0.003618102 0.999987960 0.003312709 -4.399007797 -0.026274147 -0.003216524 0.999649644 284.027923584
0.999742150 -0.004141522 0.022327710 0.531578064 0.004072720 0.999986827 0.003126044 -4.413677216 -0.022340367 -0.003034303 0.999745846 284.824127197
0.999825835 -0.003598950 0.018312391 0.545156002 0.003548443 0.999989808 0.002789833 -4.426145554 -0.018322241 -0.002724366 0.999828398 285.602355957
0.999890685 -0.003468740 0.014372220 0.553333282 0.003429765 0.999990404 0.002735562 -4.440112114 -0.014381573 -0.002685970 0.999892890 286.356994629
