-0.998469055 0.053631686 -0.013536359 -13.027373314 0.053178530 0.998076320 0.031869695 1.449105501 0.015219545 0.031101061 -0.999400377 16.773754120
-0.998521090 0.052530441 -0.014009716 -13.035805702 0.052108284 0.998221278 0.028964503 1.469414592 0.015506315 0.028191645 -0.999482274 15.382828712
-0.998625636 0.050321411 -0.014649892 -13.050189972 0.049946163 0.998440385 0.024943136 1.478518605 0.015882220 0.024177151 -0.999581456 14.018193245
-0.998806596 0.046606656 -0.014611639 -13.059864044 0.046258356 0.998656929 0.023332313 1.488140106 0.015679458 0.022628551 -0.999620974 12.640473366
-0.998933911 0.043852989 -0.014417425 -13.068081856 0.043475874 0.998728871 0.025504801 1.498005390 0.015517559 0.024850802 -0.999570727 11.274999619
-0.998985648 0.042790096 -0.014021360 -13.078094482 0.042386245 0.998710692 0.027934039 1.504631996 0.015198582 0.027311392 -0.999511421 9.887087822
-0.998937428 0.043913320 -0.013986974 -13.090278625 0.043483719 0.998613536 0.029665129 1.523551345 0.015270276 0.029025400 -0.999462008 8.516710281
-0.998739600 0.048261378 -0.013784396 -13.106431007 0.047795970 0.998334646 0.032303061 1.533266068 0.015320430 0.031603508 -0.999383032 7.140295029
-0.998492658 0.053207748 -0.013467216 -13.125152588 0.052728757 0.998039305 0.033722546 1.551838160 0.015235113 0.032961611 -0.999340415 5.759978771
-0.998373508 0.055436805 -0.013310761 -13.141098022 0.054977935 0.997952998 0.032666612 1.573219299 0.015094448 0.031881686 -0.999377668 4.394489288
-0.998336375 0.056134343 -0.013167426 -13.159707069 0.055715967 0.997988641 0.030238334 1.593788505 0.014838351 0.029454393 -0.999455988 3.032706499
-0.998402178 0.054866072 -0.013527227 -13.168984413 0.054470062 0.998120308 0.028086096 1.612013936 0.015042775 0.027304387 -0.999513984 1.658935189
-0.998522699 0.052501455 -0.014002494 -13.178389549 0.052109729 0.998275995 0.027009672 1.631053925 0.015396402 0.026240103 -0.999537051 0.279551983
-0.998592198 0.051023819 -0.014496545 -13.186258316 0.050614033 0.998343647 0.027353289 1.653047085 0.015868202 0.026581051 -0.999520719 -1.093042254
-0.998606861 0.050715946 -0.014569764 -13.202626228 0.050307464 0.998364568 0.027153989 1.660073519 0.015923077 0.026383191 -0.999525070 -2.457656145
-0.998592854 0.050893497 -0.014907269 -13.213742256 0.050503157 0.998398662 0.025485102 1.676196456 0.016180426 0.024696378 -0.999563992 -3.843244076
-0.998645604 0.049915746 -0.014671847 -13.234255791 0.049540009 0.998460591 0.024944803 1.689948678 0.015894400 0.024184179 -0.999581099 -5.215154171
-0.998650849 0.049703009 -0.015036155 -13.243917465 0.049308684 0.998456776 0.025547864 1.703472376 0.016282758 0.024771988 -0.999560475 -6.601009369
-0.998718917 0.048205562 -0.015383114 -13.252973557 0.047814965 0.998547733 0.024821993 1.716064095 0.016557330 0.024054654 -0.999573469 -7.987340927
-0.998813093 0.046082657 -0.015768802 -13.263772964 0.045674466 0.998635113 0.025334414 1.731299162 0.016914755 0.024584116 -0.999554694 -9.385586739
-0.998901844 0.044086907 -0.015856594 -13.277695656 0.043630276 0.998653233 0.028074510 1.740914941 0.017072959 0.027351854 -0.999480009 -10.799251556
-0.998985708 0.042108282 -0.015953196 -13.291048050 0.041652523 0.998742640 0.027897920 1.757964015 0.017107874 0.027205134 -0.999483466 -12.196366310
-0.998981953 0.042026795 -0.016391661 -13.308387756 0.041614018 0.998826861 0.024758834 1.772145033 0.017412966 0.024051506 -0.999559045 -13.603346825
-0.999034226 0.040762063 -0.016403602 -13.322890282 0.040359262 0.998892546 0.024179941 1.788491011 0.017371062 0.023494551 -0.999573052 -15.009045601
-0.999037266 0.040791329 -0.016137931 -13.340615273 0.040378332 0.998868108 0.025139300 1.792980194 0.017145131 0.024463478 -0.999553621 -16.405755997
-0.999090195 0.039397340 -0.016325926 -13.351727486 0.039022025 0.998980403 0.022702701 1.806110382 0.017203704 0.022044979 -0.999608874 -17.815935135
-0.999156475 0.037894953 -0.015821733 -13.368905067 0.037590742 0.999110758 0.019101117 1.816168427 0.016531497 0.018490257 -0.999692380 -19.228387833
-0.999160111 0.037808377 -0.015797537 -13.387190819 0.037515976 0.999126315 0.018413223 1.823255658 0.016479911 0.017805099 -0.999705613 -20.636360168
-0.999136984 0.038605720 -0.015321927 -13.404802322 0.038295470 0.999065280 0.020050589 1.828507423 0.016081672 0.019446528 -0.999681532 -22.056169510
-0.999006748 0.042017296 -0.014831534 -13.421970367 0.041706059 0.998915315 0.020704983 1.837152004 0.015685413 0.020065853 -0.999675572 -23.482381821
-0.998969495 0.043103226 -0.014213910 -13.436950684 0.042805795 0.998870969 0.020604935 1.842265368 0.015086001 0.019975265 -0.999686599 -24.905841827
-0.998978257 0.043033570 -0.013799902 -13.451652527 0.042751126 0.998882592 0.020147363 1.852146149 0.014651494 0.019536817 -0.999701798 -26.353687286
-0.999011636 0.042172387 -0.014043746 -13.465993881 0.041918263 0.998960257 0.017922863 1.860989094 0.014784994 0.017316459 -0.999740779 -27.773927689
-0.999060869 0.041141771 -0.013592808 -13.474055290 0.040867060 0.998966336 0.019904787 1.861432076 0.014397676 0.019330597 -0.999709427 -29.213737488
-0.999052465 0.041682709 -0.012521815 -13.491905212 0.041380454 0.998867095 0.023498356 1.870490313 0.013487107 0.022957932 -0.999645412 -30.639991760
-0.998977065 0.043505378 -0.012328823 -13.495653152 0.043205846 0.998787344 0.023601130 1.881276846 0.013340648 0.023044309 -0.999645412 -32.090381622
-0.998877764 0.045976177 -0.011374911 -13.513565063 0.045713577 0.998704255 0.022358963 1.893464923 0.012388153 0.021813879 -0.999685287 -33.509113312
-0.998797238 0.047884304 -0.010539756 -13.531091690 0.047633041 0.998601854 0.022922551 1.898244262 0.011622650 0.022392942 -0.999681711 -34.965557098
-0.998740733 0.049120668 -0.010203999 -13.539993286 0.048865054 0.998518229 0.023948139 1.905095220 0.011365228 0.023419363 -0.999661148 -36.402809143
-0.998646200 0.051052082 -0.009969592 -13.549764633 0.050800014 0.998418450 0.024083020 1.913536310 0.011183313 0.023543965 -0.999660313 -37.826019287
-0.998518705 0.053573534 -0.009497438 -13.565753937 0.053326268 0.998273730 0.024614258 1.924115658 0.010799714 0.024071336 -0.999651909 -39.258392334
-0.998406172 0.055705529 -0.009060318 -13.577313423 0.055452898 0.998120546 0.026083205 1.931206942 0.010496267 0.025539212 -0.999618769 -40.674850464
-0.998295963 0.057729013 -0.008518920 -13.592597961 0.057478637 0.997976720 0.027177801 1.936187625 0.010070632 0.026641833 -0.999594331 -42.094005585
-0.998165011 0.060001060 -0.008150665 -13.606685638 0.059795272 0.997933924 0.023501247 1.943618059 0.009543926 0.022970751 -0.999690592 -43.505828857
-0.998073995 0.061492469 -0.008184577 -13.617770195 0.061327852 0.997936070 0.019038243 1.950118065 0.009338395 0.018499633 -0.999785185 -44.910289764
-0.998027802 0.062308460 -0.007622465 -13.631340027 0.062164575 0.997906327 0.017845964 1.957971096 0.008718461 0.017336920 -0.999811649 -46.311046600
-0.998014450 0.062454078 -0.008164527 -13.629089355 0.062274296 0.997844815 0.020678673 1.949366689 0.009438397 0.020129174 -0.999752820 -47.720577240
-0.998075247 0.061492600 -0.008030241 -13.633990288 0.061307471 0.997886062 0.021560345 1.956163406 0.009339068 0.021026533 -0.999735236 -49.125175476
-0.998096585 0.061116684 -0.008243806 -13.639642715 0.060933694 0.997923553 0.020872137 1.957807660 0.009502322 0.020330083 -0.999748170 -50.532546997
-0.998077691 0.061421499 -0.008266354 -13.646890640 0.061240856 0.997910976 0.020572253 1.969346285 0.009512665 0.020026470 -0.999754190 -51.940223694
-0.998110712 0.060917653 -0.008000726 -13.655035019 0.060733493 0.997921705 0.021534799 1.970641613 0.009295948 0.021008205 -0.999736011 -53.348899841
-0.998086035 0.061252996 -0.008504177 -13.665784836 0.061079506 0.997945368 0.019348390 1.976194739 0.009671852 0.018791933 -0.999776602 -54.749748230
-0.998126209 0.060425613 -0.009633541 -13.667970657 0.060233898 0.998001873 0.019083636 1.978317261 0.010767433 0.018467613 -0.999771476 -56.160007477
-0.998127997 0.060245212 -0.010535141 -13.679168701 0.060030214 0.998003066 0.019654846 1.987508655 0.011698213 0.018985625 -0.999751329 -57.566856384
-0.998063803 0.061112776 -0.011570384 -13.688664436 0.060877193 0.997950375 0.019722352 1.986326575 0.012751956 0.018979792 -0.999738514 -58.971260071
-0.998007894 0.061939951 -0.011989214 -13.708635330 0.061715104 0.997926116 0.018294035 1.992940187 0.013097482 0.017517677 -0.999760687 -60.369831085
-0.998034179 0.061359700 -0.012758643 -13.723799706 0.061118703 0.997959137 0.018491520 1.988795042 0.013867239 0.017675376 -0.999747634 -61.794750214
-0.998049676 0.060847580 -0.013943467 -13.729804993 0.060570650 0.997973561 0.019490469 1.990834236 0.015101162 0.018607892 -0.999712765 -63.199958801
-0.998080790 0.060205176 -0.014495808 -13.746759415 0.059912022 0.998005807 0.019873245 1.995780706 0.015663374 0.018966628 -0.999697447 -64.607414246
-0.998122990 0.059304047 -0.015281428 -13.758388519 0.058989380 0.998052597 0.020279529 2.000913858 0.016454326 0.019340022 -0.999677539 -66.003189087
-0.998159885 0.058403879 -0.016300205 -13.773851395 0.058070708 0.998107791 0.020215055 2.005890369 0.017449999 0.019231295 -0.999662757 -67.401313782
-0.998123169 0.058982085 -0.016469648 -13.790420532 0.058638595 0.998066366 0.020613989 2.001665592 0.017653659 0.019609541 -0.999651849 -68.812362671
-0.998067617 0.059940726 -0.016374543 -13.807662010 0.059629165 0.998041689 0.018896075 2.005833626 0.017475123 0.017883159 -0.999687374 -70.203392029
-0.998051822 0.060223378 -0.016295444 -13.823091507 0.059946958 0.998057604 0.016950922 2.004183531 0.017284632 0.015941037 -0.999723554 -71.586791992
-0.998089254 0.059750486 -0.015737224 -13.841441154 0.059489820 0.998091757 0.016541872 2.001268625 0.016695580 0.015574059 -0.999739349 -72.969604492
-0.997969329 0.061808638 -0.015386204 -13.856168747 0.061536282 0.997949898 0.017586727 2.001600266 0.016441671 0.016604207 -0.999726892 -74.360435486
-0.997896373 0.063216150 -0.014367997 -13.873017311 0.062930219 0.997826397 0.019550731 2.000763416 0.015572689 0.018605424 -0.999705553 -75.753067017
-0.997852147 0.064088173 -0.013556280 -13.889394760 0.063784137 0.997725904 0.021783520 2.001208782 0.014921519 0.020872055 -0.999670804 -77.141899109
-0.997832477 0.064624317 -0.012411823 -13.904296875 0.064351641 0.997701228 0.021238675 2.002954006 0.013755826 0.020393917 -0.999697447 -78.515045166
-0.997877181 0.064094596 -0.011534035 -13.923906326 0.063886993 0.997802794 0.017548060 2.000714779 0.012633430 0.016773934 -0.999779403 -79.874443054
-0.997966528 0.062718697 -0.011362896 -13.935086250 0.062544040 0.997927725 0.015123303 1.993369579 0.012287862 0.014381872 -0.999821007 -81.212280273
-0.998024583 0.061754242 -0.011548486 -13.940580368 0.061553184 0.997958601 0.017022489 1.989123821 0.012576123 0.016278017 -0.999788344 -82.567504883
-0.998011589 0.062035292 -0.011157537 -13.944863319 0.061786722 0.997860134 0.021391746 1.991987944 0.012460705 0.020659821 -0.999708891 -83.933830261
-0.997974157 0.062690899 -0.010837250 -13.951738358 0.062422927 0.997772813 0.023512183 2.002202034 0.012287114 0.022788055 -0.999664843 -85.298500061
-0.997962892 0.062848881 -0.010958753 -13.969243050 0.062574022 0.997755468 0.023841601 2.006436348 0.012432575 0.023107300 -0.999655604 -86.652824402
-0.997969687 0.062735677 -0.010981850 -13.982891083 0.062481102 0.997799993 0.022164408 2.006556511 0.012348189 0.021433251 -0.999693990 -87.986900330
-0.998001933 0.061969914 -0.012322471 -13.985985756 0.061710205 0.997884691 0.020444375 2.011665821 0.013563342 0.019643102 -0.999715030 -89.333511353
-0.998051465 0.060929026 -0.013447972 -13.992986679 0.060667224 0.997975647 0.019085454 2.016079664 0.014583605 0.018232416 -0.999727368 -90.671295166
-0.998109400 0.059758849 -0.014365634 -14.002482414 0.059461683 0.998024285 0.020292282 2.013714790 0.015549895 0.019399716 -0.999690831 -92.001815796
-0.998101413 0.059778094 -0.014835318 -14.019543648 0.059449140 0.997995377 0.021704078 2.018625021 0.016103007 0.020780925 -0.999654353 -93.334243774
-0.998084366 0.059883591 -0.015543344 -14.031927109 0.059548277 0.998000145 0.021207131 2.006116390 0.016782220 0.020240929 -0.999654233 -94.642311096
-0.998039126 0.060471196 -0.016160225 -14.049880028 0.060131967 0.997975588 0.020712532 2.004886627 0.017380022 0.019700175 -0.999654830 -95.967163086
-0.998030901 0.060541905 -0.016401714 -14.070195198 0.060186505 0.997958541 0.021359269 2.019325733 0.017661365 0.020330047 -0.999637246 -97.302619934
-0.998020411 0.060495317 -0.017188195 -14.089692116 0.060103215 0.997938991 0.022480169 2.019539833 0.018512715 0.021402603 -0.999599516 -98.609039307
-0.998036385 0.059936117 -0.018196063 -14.108840942 0.059530441 0.997982383 0.022073569 2.030599594 0.019482357 0.020947004 -0.999590755 -99.915443420
-0.997983813 0.060550503 -0.019024856 -14.127680779 0.060122378 0.997941375 0.022323078 2.029959679 0.020337366 0.021134250 -0.999569774 -101.251823425
-0.997959554 0.060613833 -0.020068301 -14.144348145 0.060169708 0.997944713 0.022041177 2.037684441 0.021363057 0.020788696 -0.999555647 -102.576972961
-0.997959554 0.060348671 -0.020852778 -14.162793159 0.059896860 0.997969687 0.021652112 2.045032263 0.022117117 0.020358915 -0.999548137 -103.871726990
-0.997964859 0.060198024 -0.021030700 -14.203052521 0.059732947 0.997970045 0.022084132 2.042948246 0.022317432 0.020782964 -0.999534845 -105.194931030
-0.997985959 0.059610594 -0.021692181 -14.223041534 0.059138030 0.998011410 0.021811273 2.046858549 0.022949228 0.020484511 -0.999526799 -106.494590759
-0.997980356 0.059429914 -0.022433233 -14.253633499 0.058971439 0.998047650 0.020574134 2.045673370 0.023612155 0.019209668 -0.999536574 -107.796340942
-0.997923911 0.060244594 -0.022771364 -14.279664993 0.059812989 0.998025239 0.019182907 2.047597170 0.023882065 0.017781060 -0.999556601 -109.093452454
-0.997865200 0.061135229 -0.022969058 -14.314231873 0.060666982 0.997946322 0.020558458 2.040913343 0.024178732 0.019121105 -0.999524772 -110.364624023
-0.997845292 0.061521925 -0.022797430 -14.339323044 0.060989588 0.997865140 0.023353886 2.040746212 0.024185533 0.021913158 -0.999467254 -111.645416260
-0.997826219 0.061687257 -0.023184873 -14.353261948 0.061172772 0.997878611 0.022280945 2.042433262 0.024510136 0.020814229 -0.999482870 -112.910118103
-0.997859418 0.061196532 -0.023057180 -14.374953270 0.060703669 0.997924268 0.021501748 2.045570374 0.024325149 0.020056069 -0.999502897 -114.180183411
-0.997833371 0.061749898 -0.022702206 -14.407468796 0.061273824 0.997897923 0.021100327 2.056581497 0.023957426 0.019663561 -0.999519587 -115.464950562
-0.997780621 0.062810026 -0.022105364 -14.435781479 0.062335256 0.997822523 0.021549344 2.059174061 0.023410747 0.020123569 -0.999523401 -116.721687317
-0.997799277 0.062705129 -0.021552710 -14.463171005 0.062202964 0.997793138 0.023230094 2.056962490 0.022961792 0.021838332 -0.999497771 -117.982482910
-0.997787476 0.063045762 -0.021103878 -14.487135887 0.062547341 0.997765243 0.023499116 2.070027351 0.022538237 0.022127131 -0.999501109 -119.243263245
-0.997807860 0.062823750 -0.020800682 -14.514988899 0.062324807 0.997771502 0.023824481 2.060293198 0.022251071 0.022475855 -0.999499738 -120.492431641
-0.997846544 0.062083922 -0.021162357 -14.531162262 0.061571918 0.997812927 0.024043785 2.069912434 0.022608809 0.022689002 -0.999486864 -121.755462646
-0.997830808 0.062192369 -0.021582017 -14.554180145 0.061685376 0.997820973 0.023412406 2.076634407 0.022991063 0.022030326 -0.999492943 -122.978988647
-0.997865260 0.061579302 -0.021746682 -14.581287384 0.061070643 0.997860730 0.023327809 2.076808453 0.023136673 0.021949926 -0.999491274 -124.203994751
-0.997900903 0.060355712 -0.023472168 -14.600093842 0.059802078 0.997930825 0.023614513 2.083229065 0.024848873 0.022161260 -0.999445558 -125.410018921
-0.997925460 0.059790436 -0.023871955 -14.636233330 0.059192155 0.997932792 0.025028456 2.085488319 0.025319070 0.023563500 -0.999401689 -126.599479675
-0.997954190 0.058949716 -0.024743812 -14.664425850 0.058311984 0.997966230 0.025749296 2.088042498 0.026211407 0.024253756 -0.999362230 -127.795066833
-0.997937918 0.058370780 -0.026697889 -14.683320045 0.057722732 0.998033643 0.024432555 2.091769457 0.028071539 0.022841100 -0.999344885 -128.983489990
-0.997889519 0.058645330 -0.027878724 -14.708889961 0.058020949 0.998057246 0.022701871 2.095955610 0.029155921 0.021036413 -0.999353468 -130.168594360
-0.997850835 0.059071317 -0.028360793 -14.731084824 0.058425445 0.998024762 0.023086807 2.097869158 0.029668545 0.021380199 -0.999331057 -131.357162476
-0.997815430 0.059891347 -0.027885331 -14.767713547 0.059185658 0.997921705 0.025480222 2.098189116 0.029353427 0.023774147 -0.999286294 -132.510299683
-0.997786105 0.060177386 -0.028312532 -14.799965858 0.059404410 0.997858047 0.027394004 2.090122461 0.029900389 0.025651468 -0.999223709 -133.597717285
-0.997610033 0.063139379 -0.028067006 -14.833828926 0.062358283 0.997664213 0.027885357 2.100484133 0.029762112 0.026068499 -0.999217093 -134.715972900
-0.997530997 0.064637467 -0.027454261 -14.872311592 0.063896462 0.997589529 0.027061416 2.107136250 0.029137265 0.025240373 -0.999256670 -135.840103149
-0.997609138 0.063434072 -0.027422648 -14.899211884 0.062643625 0.997620821 0.028782669 2.114914417 0.029183209 0.026996002 -0.999209404 -136.924499512
-0.997629881 0.062766545 -0.028194597 -14.907742500 0.061900754 0.997613192 0.030597787 2.119036436 0.030047819 0.028780000 -0.999134064 -137.965866089
-0.997557819 0.063226685 -0.029677259 -14.932845116 0.062316094 0.997585237 0.030666582 2.135281324 0.031544540 0.028742321 -0.999088943 -138.978347778
-0.997612238 0.061588049 -0.031250779 -14.967433929 0.060679864 0.997729421 0.029222457 2.137579203 0.032979574 0.027256390 -0.999084234 -140.044860840
-0.997583568 0.061449062 -0.032419626 -14.997417450 0.060506046 0.997737408 0.029309271 2.141952515 0.034147296 0.027276864 -0.999044478 -141.025680542
-0.997510195 0.061568793 -0.034390993 -15.009128571 0.060541332 0.997709990 0.030159207 2.157486439 0.036169104 0.028002039 -0.998953283 -142.038909912
-0.997407675 0.062954821 -0.034853481 -15.042098999 0.061904628 0.997618020 0.030433431 2.162630081 0.036686391 0.028196946 -0.998928905 -142.972640991
-0.997404158 0.063340537 -0.034247346 -15.083774567 0.062317938 0.997600913 0.030145908 2.164462090 0.036074646 0.027933428 -0.998958647 -143.896774292
-0.997301519 0.065903038 -0.032346785 -15.107553482 0.064958476 0.997453809 0.029432513 2.163084269 0.034204118 0.027251890 -0.999043286 -144.763107300
-0.997245967 0.069539495 -0.025782106 -15.133566856 0.068806179 0.997228026 0.028316667 2.159757614 0.027679769 0.026464714 -0.999266386 -145.633560181
-0.997179568 0.073694997 -0.014209663 -15.127263069 0.073289357 0.996939123 0.027219983 2.164922953 0.016172148 0.026101794 -0.999528408 -146.418075562
-0.996990919 0.077404842 0.004190951 -15.133861542 0.077488378 0.996649444 0.026181439 2.167275906 -0.002150339 0.026427407 -0.999648452 -147.218109131
-0.996580958 0.078109801 0.026928620 -15.111738205 0.078811817 0.996548414 0.026075168 2.163593531 -0.024798948 0.028108312 -0.999297142 -147.952072144
-0.995629191 0.077136591 0.052654512 -15.055441856 0.078683868 0.996507168 0.027970893 2.163405418 -0.050313018 0.031991698 -0.998220980 -148.664169312
-0.993834794 0.075336002 0.081343487 -14.982166290 0.077998869 0.996499956 0.030066051 2.170114756 -0.078793719 0.036225390 -0.996232510 -149.360763550
-0.990846038 0.074394770 0.112648740 -14.892768860 0.078111358 0.996524513 0.028940486 2.164733648 -0.110104226 0.037474710 -0.993213296 -150.020828247
-0.986060739 0.075287543 0.148377776 -14.778240204 0.079831794 0.996497214 0.024903780 2.158470631 -0.145983055 0.036401898 -0.988617241 -150.643508911
-0.979040265 0.076564915 0.188727856 -14.642683029 0.081615187 0.996480405 0.019123264 2.160261869 -0.186599478 0.034125499 -0.981843174 -151.226486206
-0.969558239 0.076872520 0.232481584 -14.484180450 0.082406141 0.996498227 0.014169821 2.154145718 -0.230578214 0.032896377 -0.972497582 -151.772277832
-0.957018375 0.076127827 0.279857755 -14.308879852 0.082373396 0.996545076 0.010605517 2.151641130 -0.278083473 0.033202507 -0.959982872 -152.308425903
-0.940876782 0.076761939 0.329937041 -14.105213165 0.084077515 0.996427596 0.007937482 2.130551338 -0.328149110 0.035208482 -0.943969488 -152.792343140
-0.920413315 0.077532351 0.383181483 -13.872798920 0.085649632 0.996316671 0.004139748 2.116060495 -0.381449163 0.036629628 -0.923663795 -153.274276733
-0.895974278 0.075928122 0.437567025 -13.616821289 0.084476955 0.996425450 0.000074226 2.103242159 -0.435997307 0.037030838 -0.899185777 -153.708923340
-0.867150784 0.074457169 0.492448658 -13.329952240 0.083604641 0.996493161 -0.003448512 2.088267326 -0.490978390 0.038180619 -0.870334625 -154.135513306
-0.833722830 0.072453998 0.547409058 -13.029411316 0.082353361 0.996582150 -0.006478676 2.071162224 -0.546007454 0.039679553 -0.836840093 -154.528320312
-0.795543730 0.071322747 0.601683676 -12.699577332 0.081943199 0.996588945 -0.009789288 2.051142931 -0.600329518 0.041516080 -0.798674464 -154.909591675
-0.752720892 0.069219448 0.654690623 -12.346054077 0.080596939 0.996665716 -0.012710802 2.027572632 -0.653387487 0.043198373 -0.755790055 -155.254089355
-0.704198539 0.066363588 0.706894815 -11.984222412 0.079051845 0.996760249 -0.014825953 2.009230852 -0.705588579 0.045440923 -0.707163274 -155.563446045
-0.651117623 0.062250234 0.756419718 -11.603698730 0.076126382 0.996961296 -0.016517095 1.989328980 -0.755149424 0.046828918 -0.653877974 -155.841278076
-0.595233619 0.056140993 0.801589012 -11.217681885 0.070318848 0.997368574 -0.017636364 1.966102362 -0.800469875 0.045869064 -0.597615123 -156.088989258
-0.537058294 0.051804427 0.841952801 -10.815635681 0.065346390 0.997668028 -0.019702768 1.943854690 -0.841010273 0.044437043 -0.539191127 -156.302001953
-0.476374716 0.048189621 0.877920747 -10.385597229 0.060585994 0.997922659 -0.021901609 1.907985449 -0.877152443 0.042756330 -0.478304803 -156.487365723
-0.413816571 0.047341138 0.909128428 -9.904819489 0.058887251 0.997947454 -0.025161946 1.893644452 -0.908453703 0.043123644 -0.415755063 -156.642456055
-0.349047601 0.047076263 0.935921729 -9.468376160 0.057625599 0.997925520 -0.028703820 1.865555286 -0.935331583 0.043914057 -0.351036310 -156.759613037
-0.284239113 0.047935128 0.957554400 -9.001853943 0.054688804 0.997933805 -0.033722773 1.840153694 -0.957192361 0.042782173 -0.286273301 -156.821899414
-0.217103690 0.047927946 0.974971235 -8.570501328 0.050967362 0.997988045 -0.037710160 1.818595886 -0.974817097 0.041504703 -0.219109625 -156.878295898
-0.149136603 0.044411074 0.987818718 -8.072857857 0.045093026 0.998257041 -0.038072411 1.798955917 -0.987787902 0.038865745 -0.150879309 -156.884628296
-0.078592904 0.036327988 0.996244729 -7.619920254 0.042688370 0.998541892 -0.033044100 1.772606850 -0.995992422 0.039931025 -0.080029093 -156.886337280
-0.007305875 0.025842359 0.999639332 -7.169467926 0.041565146 0.998809874 -0.025517132 1.751694918 -0.999109089 0.041363724 -0.008371323 -156.865264893
0.064305484 0.013000095 0.997845531 -6.723232269 0.038888942 0.999122977 -0.015522912 1.718851209 -0.997172236 0.039803367 0.063743547 -156.816360474
0.136319116 0.002356295 0.990662098 -6.207956314 0.036488883 0.999306679 -0.007397868 1.714567184 -0.989992797 0.037156623 0.136138648 -156.715133667
0.206694216 -0.007289470 0.978378356 -5.757852554 0.031884685 0.999491274 0.000710754 1.678446651 -0.977885842 0.031048385 0.206821471 -156.558166504
0.277750224 -0.011623217 0.960582912 -5.299327850 0.031448361 0.999500871 0.003000915 1.670251727 -0.960138381 0.029375259 0.277977139 -156.386199951
0.348313749 -0.014740311 0.937262058 -4.821823120 0.031690516 0.999489903 0.003941857 1.663363814 -0.936842144 0.028329317 0.348603249 -156.183090210
0.415996909 -0.019804932 0.909150302 -4.346878052 0.033306520 0.999423742 0.006531487 1.667154431 -0.908755839 0.027563548 0.416416943 -155.932327271
0.480982304 -0.025720859 0.876352906 -3.882209778 0.034458540 0.999351799 0.010418445 1.670026064 -0.876052737 0.025186753 0.481556863 -155.636291504
0.543629587 -0.029812440 0.838795602 -3.454864502 0.034461401 0.999318957 0.013183068 1.678669214 -0.838617384 0.021739364 0.544286788 -155.336700439
0.601136148 -0.032985263 0.798465550 -3.087074280 0.034166712 0.999295056 0.015558809 1.645485163 -0.798415780 0.017927995 0.601839423 -154.982727051
0.655547142 -0.031873610 0.754481256 -2.659683228 0.033311419 0.999356925 0.013275215 1.647488236 -0.754419088 0.016430315 0.656187296 -154.573272705
0.704648733 -0.031271618 0.708866954 -2.266380310 0.035294369 0.999336481 0.009001305 1.644268870 -0.708678007 0.018676247 0.705284834 -154.135543823
0.749246716 -0.031512145 0.661540926 -1.894287109 0.037723973 0.999276280 0.004874641 1.640833974 -0.661215782 0.021303643 0.749893308 -153.662963867
0.790593028 -0.031611990 0.611525357 -1.502395630 0.038425349 0.999259531 0.001978281 1.655707359 -0.611135006 0.021934049 0.791222453 -153.146270752
0.828711629 -0.032952141 0.558704913 -1.172271729 0.037396915 0.999294460 0.003468087 1.644501567 -0.558425069 0.018019794 0.829359233 -152.632720947
0.863414168 -0.033644915 0.503372669 -0.877731323 0.036107797 0.999336064 0.004860376 1.632768989 -0.503201962 0.013979163 0.864055753 -152.048629761
0.894545138 -0.035644263 0.445554256 -0.609909058 0.037132189 0.999295831 0.005392666 1.629999995 -0.445432693 0.011720430 0.895238757 -151.441238403
0.921353042 -0.035143498 0.387135267 -0.371246338 0.035847247 0.999342680 0.005404875 1.627015352 -0.387070775 0.008897937 0.922007084 -150.828842163
0.942636847 -0.034113728 0.332072079 -0.173946381 0.034279231 0.999397814 0.005361238 1.623447895 -0.332055032 0.006329466 0.943238795 -150.162597656
0.959160388 -0.028314963 0.281441838 -0.008274078 0.028537178 0.999587238 0.003309880 1.620652199 -0.281419396 0.004856843 0.959572554 -149.473861694
0.971406996 -0.022923667 0.236311138 0.139915466 0.023400102 0.999725819 0.000788600 1.615435123 -0.236264467 0.004763642 0.971677125 -148.759338379
0.980362833 -0.017941531 0.196384430 0.257511139 0.018359769 0.999831378 -0.000309229 1.611102700 -0.196345747 0.003908730 0.980526924 -148.008834839
0.986916423 -0.018026456 0.160221636 0.364522934 0.018170219 0.999834657 0.000567821 1.606224060 -0.160205394 0.002350868 0.987080872 -147.245834351
0.991770864 -0.018570386 0.126671329 0.460683823 0.018521532 0.999827206 0.001563676 1.600141525 -0.126678467 0.000795338 0.991943538 -146.446884155
0.995164454 -0.017797500 0.096597418 0.525139809 0.017662896 0.999841511 0.002248483 1.596755505 -0.096622124 -0.000531420 0.995321035 -145.622634888
0.997420132 -0.014774668 0.070249222 0.565917015 0.014672279 0.999890506 0.001973232 1.587193251 -0.070270687 -0.000937425 0.997527599 -144.766036987
0.998760760 -0.008910890 0.048964258 0.589195728 0.008865451 0.999960065 0.001145133 1.584783435 -0.048972506 -0.000709624 0.998799860 -143.892318726
0.999429822 -0.003757604 0.033554893 0.596827984 0.003772667 0.999992788 -0.000385690 1.582189560 -0.033553205 0.000512066 0.999436736 -142.992782593
0.999704003 0.001107999 0.024304070 0.603184700 -0.001069113 0.999998152 -0.001612798 1.573338509 -0.024305811 0.001586337 0.999703288 -142.080871582
0.999781668 0.004603036 0.020377692 0.608694315 -0.004569892 0.999988258 -0.001672485 1.565509319 -0.020385150 0.001578997 0.999790907 -141.143157959
0.999811590 0.004277405 0.018933946 0.625025511 -0.004261880 0.999990463 -0.000860520 1.560286164 -0.018937452 0.000779668 0.999820292 -140.171768188
0.999836504 0.003006149 0.017829750 0.638751030 -0.003017748 0.999995232 0.000623826 1.551100016 -0.017827792 -0.000677531 0.999840856 -139.192886353
0.999862492 0.002797534 0.016343292 0.648926973 -0.002818712 0.999995232 0.001273090 1.547473431 -0.016339650 -0.001318983 0.999865651 -138.201049805
0.999890864 0.001336982 0.014717167 0.657900572 -0.001346165 0.999998927 0.000613954 1.541005611 -0.014716331 -0.000633696 0.999891520 -137.188110352
0.999922812 0.002375434 0.012196281 0.673544884 -0.002381225 0.999997079 0.000460654 1.527940869 -0.012195151 -0.000489653 0.999925494 -136.149200439
0.999946475 0.001672049 0.010208227 0.677596450 -0.001687073 0.999997616 0.001463529 1.525214434 -0.010205754 -0.001480666 0.999946833 -135.093811035
0.999961019 0.002137405 0.008559684 0.677246213 -0.002171451 0.999989748 0.003969941 1.519599915 -0.008551111 -0.003988374 0.999955475 -134.021957397
0.999979556 0.000666800 0.006350983 0.682536662 -0.000696471 0.999988794 0.004670722 1.515647411 -0.006347797 -0.004675046 0.999968946 -132.934036255
0.999988437 -0.000328756 0.004799068 0.686883390 0.000312874 0.999994457 0.003309930 1.506414652 -0.004800132 -0.003308390 0.999982953 -131.821060181
0.999991298 -0.001713118 0.003822495 0.677931249 0.001704667 0.999996126 0.002212793 1.494047165 -0.003826272 -0.002206259 0.999990284 -130.706192017
0.999996722 -0.001124193 0.002261728 0.689212799 0.001120228 0.999997854 0.001753064 1.497990847 -0.002263692 -0.001750525 0.999996006 -129.529571533
0.999998808 -0.000019136 0.001516837 0.687637329 0.000017277 0.999999285 0.001222549 1.491605163 -0.001516858 -0.001222524 0.999998093 -128.362182617
0.999999106 0.000012586 0.001329057 0.683672071 -0.000012471 0.999999940 -0.000087795 1.482305169 -0.001329058 0.000087771 0.999999106 -127.180007935
0.999998987 0.000013310 0.001432269 0.679488182 -0.000012388 0.999999762 -0.000645946 1.473015666 -0.001432279 0.000645927 0.999998689 -125.979576111
0.999996960 0.000477008 0.002401622 0.671956420 -0.000478032 0.999999762 0.000426214 1.452772617 -0.002401416 -0.000427360 0.999997139 -124.769371033
0.999994814 0.000606046 0.003135858 0.671413779 -0.000608696 0.999999464 0.000843147 1.440647125 -0.003135343 -0.000845053 0.999994755 -123.540618896
0.999986887 0.001257176 0.004947911 0.669565380 -0.001251838 0.999998629 -0.001081761 1.425819635 -0.004949265 0.001075549 0.999987125 -122.297859192
0.999976397 0.001442961 0.006727625 0.669852853 -0.001413789 0.999989510 -0.004338632 1.407921433 -0.006733817 0.004329016 0.999967933 -121.044700623
0.999961495 0.000958610 0.008720826 0.675463557 -0.000897960 0.999975383 -0.006956851 1.393930912 -0.008727281 0.006948749 0.999937773 -119.765548706
0.999952853 -0.000994921 0.009666457 0.686152220 0.001071446 0.999968112 -0.007914946 1.375536799 -0.009658274 0.007924928 0.999922037 -118.489257812
0.999955118 -0.001601955 0.009336059 0.696223140 0.001662875 0.999977350 -0.006521640 1.356204748 -0.009325401 0.006536872 0.999935150 -117.187904358
0.999961674 -0.002932166 0.008244657 0.706384182 0.002991961 0.999969244 -0.007250136 1.339846253 -0.008223144 0.007274525 0.999939740 -115.843727112
0.999971867 -0.002122451 0.007185334 0.695385635 0.002190954 0.999952137 -0.009540277 1.312745810 -0.007164742 0.009555747 0.999928772 -114.502578735
0.999979198 -0.003299360 0.005527662 0.688389957 0.003355930 0.999941707 -0.010255695 1.267518163 -0.005493503 0.010274034 0.999932051 -113.163513184
0.999994159 -0.003257947 0.001019077 0.705926001 0.003267816 0.999946177 -0.009838990 1.248028994 -0.000986967 0.009842263 0.999951065 -111.793502808
0.999992371 -0.003858624 -0.000597042 0.691563845 0.003853839 0.999962091 -0.007802959 1.222391129 0.000627126 0.007800599 0.999969304 -110.453201294
0.999994695 -0.002827978 -0.001624327 0.674616218 0.002814745 0.999963343 -0.008087123 1.190463424 0.001647138 0.008082503 0.999966025 -109.069541931
0.999988854 -0.003603176 -0.003053944 0.669480920 0.003575953 0.999954164 -0.008873302 1.171869159 0.003085772 0.008862281 0.999955952 -107.666519165
0.999979436 -0.004532476 -0.004532423 0.659183025 0.004486355 0.999938548 -0.010134382 1.145603180 0.004578076 0.010113844 0.999938309 -106.260978699
0.999978006 -0.004249792 -0.005117135 0.647472322 0.004191659 0.999927163 -0.011316759 1.120373845 0.005164857 0.011295063 0.999922812 -104.831146240
0.999975741 -0.002974601 -0.006296045 0.633565128 0.002903237 0.999931753 -0.011313111 1.091872215 0.006329265 0.011294560 0.999916136 -103.385787964
0.999976814 -0.002908424 -0.006154359 0.614498913 0.002847350 0.999946773 -0.009909614 1.056652308 0.006182854 0.009891856 0.999931872 -101.916687012
0.999982953 -0.001450856 -0.005664058 0.595593512 0.001413032 0.999976754 -0.006675049 1.031126976 0.005673609 0.006666928 0.999961674 -100.432716370
0.999984086 -0.001297105 -0.005481992 0.585813284 0.001267973 0.999985039 -0.005314753 1.007472038 0.005488800 0.005307718 0.999970853 -98.929351807
0.999982953 -0.001998589 -0.005484371 0.573060215 0.001986233 0.999995530 -0.002258113 0.985555947 0.005488860 0.002247181 0.999982476 -97.429489136
0.999987781 -0.001662784 -0.004651928 0.557590902 0.001679255 0.999992311 0.003538651 0.969586253 0.004646005 -0.003546420 0.999982893 -95.915710449
0.999990106 -0.001324646 -0.004254737 0.544388413 0.001360962 0.999962568 0.008543734 0.961099982 0.004243257 -0.008549434 0.999954402 -94.402740479
0.999989927 0.000664321 -0.004434945 0.528037250 -0.000612447 0.999931514 0.011688984 0.952487230 0.004442403 -0.011686150 0.999921858 -92.875022888
0.999986947 0.001980967 -0.004707721 0.513337970 -0.001918267 0.999909937 0.013287133 0.946021438 0.004733616 -0.013277929 0.999900639 -91.366210938
0.999987364 0.002470566 -0.004365570 0.500149310 -0.002409972 0.999901414 0.013832113 0.943250656 0.004399316 -0.013821425 0.999894798 -89.845687866
0.999986589 0.002501194 -0.004515996 0.487014890 -0.002447234 0.999925971 0.011915605 0.936030149 0.004545467 -0.011904396 0.999918818 -88.345596313
0.999991357 0.000884233 -0.004065500 0.476264179 -0.000843842 0.999950469 0.009926463 0.917066693 0.004074072 -0.009922940 0.999942482 -86.845130920
0.999994993 0.000277101 -0.003132227 0.465110481 -0.000245698 0.999949872 0.010021100 0.904920697 0.003134846 -0.010020282 0.999944866 -85.330490112
0.999997675 0.000590997 -0.002070445 0.454056442 -0.000565466 0.999924064 0.012312136 0.895421386 0.002077564 -0.012310937 0.999921978 -83.819114685
0.999998689 -0.000880727 -0.001369407 0.444407523 0.000897294 0.999926031 0.012139075 0.884658635 0.001358612 -0.012140290 0.999925375 -82.332389832
0.999999464 -0.000482309 -0.000938899 0.438195735 0.000492154 0.999944687 0.010506839 0.878399432 0.000933781 -0.010507300 0.999944329 -80.828567505
0.999998689 -0.001672911 -0.000148519 0.427513033 0.001674451 0.999937952 0.011013218 0.861195326 0.000130085 -0.011013458 0.999939322 -79.337051392
0.999997795 -0.002062530 0.000402539 0.423373252 0.002057360 0.999920487 0.012442578 0.853799224 -0.000428172 -0.012441730 0.999922514 -77.826866150
0.999995649 -0.002724762 0.001080859 0.414961040 0.002708545 0.999887764 0.014734476 0.845022082 -0.001120884 -0.014731484 0.999890864 -76.311820984
0.999993861 -0.003325306 0.001130008 0.407736719 0.003306552 0.999863029 0.016212681 0.836596966 -0.001183764 -0.016208835 0.999867916 -74.818702698
0.999993384 -0.003607745 0.000408203 0.409514397 0.003601206 0.999880552 0.015029419 0.830514908 -0.000462377 -0.015027865 0.999886990 -73.314720154
0.999996603 -0.002603806 -0.000035796 0.401070595 0.002604036 0.999938667 0.010762227 0.820730507 0.000007771 -0.010762284 0.999942064 -71.823455811
0.999999523 0.000675440 -0.000692215 0.388037324 -0.000669425 0.999962270 0.008650900 0.811623693 0.000698034 -0.008650428 0.999962389 -70.333122253
0.999998808 0.001394229 -0.000626875 0.373094916 -0.001387901 0.999949098 0.009994444 0.797878742 0.000640776 -0.009993562 0.999949872 -68.815414429
0.999996126 0.002530043 -0.001172859 0.362085253 -0.002516768 0.999934256 0.011190760 0.787082314 0.001201095 -0.011187764 0.999936759 -67.321205139
0.999998450 -0.000410804 -0.001673621 0.364746004 0.000425987 0.999958694 0.009081107 0.772319794 0.001669821 -0.009081806 0.999957383 -65.835884094
0.999995708 -0.001331242 -0.002590695 0.356575489 0.001357924 0.999945700 0.010325165 0.762282133 0.002576811 -0.010328636 0.999943376 -64.359344482
0.999991775 -0.002505332 -0.003196995 0.347425550 0.002545274 0.999917865 0.012555302 0.749663174 0.003165274 -0.012563342 0.999916077 -62.830482483
0.999986947 -0.003107852 -0.004073834 0.331473917 0.003152247 0.999935150 0.010936854 0.743204653 0.004039577 -0.010949555 0.999931931 -61.333576202
0.999977469 -0.003133281 -0.005940110 0.326984435 0.003179276 0.999964893 0.007750623 0.728024185 0.005915617 -0.007769334 0.999952316 -59.872009277
0.999965429 -0.003725791 -0.007432718 0.313783288 0.003790204 0.999955297 0.008671100 0.711309552 0.007400077 -0.008698972 0.999934793 -58.393127441
0.999958694 -0.003882162 -0.008219393 0.281033814 0.003990552 0.999904633 0.013211401 0.697762132 0.008167325 -0.013243659 0.999879062 -56.928882599
0.999940395 -0.004712080 -0.009850631 0.269277811 0.004840793 0.999902785 0.013083352 0.690174043 0.009788021 -0.013130258 0.999865830 -55.450027466
0.999941885 -0.003029314 -0.010349243 0.250087202 0.003155688 0.999920428 0.012216228 0.678500354 0.010311413 -0.012248176 0.999871850 -54.000450134
0.999940991 -0.001892746 -0.010701815 0.222337991 0.002019463 0.999927938 0.011842018 0.672033489 0.010678629 -0.011862928 0.999872625 -52.530540466
0.999942601 -0.001736801 -0.010571789 0.202720672 0.001866797 0.999922574 0.012300261 0.654529989 0.010549605 -0.012319284 0.999868393 -51.082866669
0.999940753 -0.001734686 -0.010743204 0.176677734 0.001861232 0.999928832 0.011780309 0.644437969 0.010722002 -0.011799607 0.999872863 -49.626197815
0.999938190 -0.002601048 -0.010812287 0.161726683 0.002725311 0.999930143 0.011494549 0.624169588 0.010781636 -0.011523305 0.999875426 -48.156253815
0.999940395 -0.003163885 -0.010452425 0.142578840 0.003287532 0.999924541 0.011833902 0.613093078 0.010414196 -0.011867562 0.999875367 -46.701869965
0.999941826 -0.004357367 -0.009863305 0.118286580 0.004472232 0.999922097 0.011653810 0.599259853 0.009811749 -0.011697230 0.999883413 -45.258144379
0.999933600 -0.006068988 -0.009797703 0.101661533 0.006189048 0.999905646 0.012269673 0.583767474 0.009722312 -0.012329495 0.999876678 -43.810832977
0.999942839 -0.006455890 -0.008507036 0.080204010 0.006567710 0.999891520 0.013182478 0.574789345 0.008421008 -0.013237598 0.999876916 -42.339195251
0.999950409 -0.006180025 -0.007812494 0.065965861 0.006281842 0.999894798 0.013075356 0.569298983 0.007730870 -0.013123785 0.999884009 -40.896919250
0.999963164 -0.005334264 -0.006745459 0.041941628 0.005413811 0.999915361 0.011830758 0.549845755 0.006681777 -0.011866841 0.999907196 -39.455963135
0.999969840 -0.005094707 -0.005876483 0.027248725 0.005151045 0.999940515 0.009613207 0.541074038 0.005827153 -0.009643188 0.999936521 -38.025310516
0.999979377 -0.003744129 -0.005222700 0.015694380 0.003793891 0.999947131 0.009551750 0.527535081 0.005186661 -0.009571365 0.999940753 -36.556663513
0.999988735 -0.002295896 -0.004159322 -0.003546894 0.002345011 0.999927104 0.011842089 0.513606668 0.004131828 -0.011851703 0.999921143 -35.131980896
0.999993384 -0.001578062 -0.003310533 -0.014793806 0.001621754 0.999911070 0.013237897 0.504914522 0.003289348 -0.013243175 0.999907017 -33.691482544
0.999997199 -0.000663003 -0.002279506 -0.024376363 0.000693215 0.999911606 0.013276676 0.494049549 0.002270498 -0.013278218 0.999909282 -32.250972748
0.999999583 -0.000468706 -0.000899535 -0.037927143 0.000478969 0.999934375 0.011440833 0.487447113 0.000894114 -0.011441257 0.999934137 -30.822559357
0.999998629 -0.001608017 0.000282288 -0.038242470 0.001605336 0.999955952 0.009244437 0.473072529 -0.000297137 -0.009243964 0.999957204 -29.394174576
0.999997675 -0.001215845 0.001781556 -0.046813495 0.001196881 0.999943018 0.010608080 0.463317335 -0.001794350 -0.010605915 0.999942124 -27.963233948
0.999995053 -0.000996419 0.002988017 -0.045937460 0.000961511 0.999931514 0.011660219 0.450793624 -0.002999431 -0.011657295 0.999927580 -26.536249161
