1.000000000 0.000000000 0.000000000 0.000000000 0.000000000 1.000000000 0.000000000 0.000000000 0.000000000 0.000000000 1.000000000 0.000000000
0.999978900 0.000356236 -0.006483169 -0.008000228 -0.000353460 0.999999821 0.000429214 -0.002480439 0.006483321 -0.000426913 0.999978900 0.092252955
0.999907255 0.000966767 -0.013584597 -0.016384395 -0.000964582 0.999999523 0.000167389 -0.001906322 0.013584753 -0.000154270 0.999907732 0.188577235
0.999772549 0.001366275 -0.021283304 -0.026072280 -0.001378467 0.999998868 -0.000558166 -0.002159644 0.021282518 0.000587377 0.999773324 0.285271287
0.999541700 0.001712179 -0.030222962 -0.042930640 -0.001772058 0.999996543 -0.001954558 -0.002198378 0.030219510 0.002007219 0.999541283 0.390464872
0.999125659 0.001924823 -0.041764367 -0.059078950 -0.002069596 0.999992013 -0.003423453 -0.004954610 0.041757446 0.003506895 0.999121606 0.501143992
0.998479664 0.001743513 -0.055093966 -0.084381223 -0.001969659 0.999989867 -0.004050713 -0.007824399 0.055086344 0.004153071 0.998472929 0.626054108
0.997428298 0.001853971 -0.071647182 -0.108793765 -0.002177195 0.999987781 -0.004433499 -0.004088860 0.071638092 0.004578087 0.997420192 0.761272550
0.995905817 0.000196651 -0.090396583 -0.134999707 -0.000575811 0.999991119 -0.004168339 -0.009446813 0.090394966 0.004203324 0.995897114 0.916463077
0.993913651 -0.000761324 -0.110159062 -0.176278755 0.000282385 0.999990463 -0.004363238 -0.012683760 0.110161334 0.004305575 0.993904412 1.075268388
0.991238773 -0.000864440 -0.132079199 -0.217069238 0.000244642 0.999988854 -0.004708785 -0.012960175 0.132081777 0.004635218 0.991227984 1.222518563
0.987742662 0.002785259 -0.156066373 -0.272621006 -0.003791335 0.999973834 -0.006149156 -0.016618196 0.156045184 0.006665484 0.987727404 1.390250802
0.983369470 0.007171935 -0.181475013 -0.339422733 -0.008685440 0.999933720 -0.007546688 -0.023340929 0.181408912 0.008997372 0.983366549 1.564812183
0.977979183 0.010087950 -0.208458662 -0.412241906 -0.012161286 0.999888480 -0.008666747 -0.026184183 0.208348006 0.011011024 0.977992713 1.746048927
0.971297622 0.010833797 -0.237620562 -0.491653740 -0.013339233 0.999871075 -0.008938473 -0.027690701 0.237493098 0.011851594 0.971316874 1.931999207
0.963240087 0.012533684 -0.268349409 -0.579522073 -0.015366226 0.999846160 -0.008457653 -0.031305552 0.268202156 0.012270268 0.963284492 2.126436949
0.953814924 0.014597047 -0.300039947 -0.671013355 -0.017585935 0.999818981 -0.007263447 -0.035529032 0.299879611 0.012204465 0.953898966 2.304187298
0.942536414 0.016402325 -0.333700478 -0.771014571 -0.019599652 0.999788582 -0.006216734 -0.035529383 0.333527982 0.012399911 0.942658603 2.495334387
0.929986119 0.018514188 -0.367128164 -0.872701526 -0.022089358 0.999740660 -0.005538689 -0.040743127 0.366930425 0.013260528 0.930153906 2.672798157
0.916136920 0.021340802 -0.400297046 -0.993729711 -0.025431676 0.999664545 -0.004909488 -0.040655687 0.400057971 0.014677988 0.916372299 2.853003979
0.900108814 0.022128318 -0.435102880 -1.109399319 -0.026618281 0.999636650 -0.004226751 -0.042459801 0.434851289 0.015386228 0.900370836 3.025809765
0.881719172 0.018142030 -0.471425712 -1.233042955 -0.023004465 0.999724984 -0.004553078 -0.046666767 0.471213460 0.014859433 0.881893992 3.200631618
0.860477746 0.013261211 -0.509315431 -1.369565129 -0.018274320 0.999821305 -0.004841411 -0.050897479 0.509160161 0.013473320 0.860566318 3.380034208
0.835433781 0.014809475 -0.549391508 -1.530370235 -0.018835142 0.999821126 -0.001690395 -0.054332539 0.549268126 0.011760079 0.835563362 3.560139656
0.806185663 0.020624209 -0.591302991 -1.706180573 -0.023666255 0.999716580 0.002602663 -0.062992766 0.591189027 0.011895697 0.806445301 3.724641800
0.773823678 0.023704169 -0.632957220 -1.910185814 -0.027011957 0.999625325 0.004412293 -0.065459304 0.632824540 0.013683071 0.774174273 3.893827915
0.737792373 0.022991017 -0.674636066 -2.118524551 -0.026179139 0.999642491 0.005437045 -0.069645248 0.674519897 0.013649979 0.738130510 4.063735962
0.697678804 0.018580237 -0.716169655 -2.335955858 -0.020098759 0.999777794 0.006358312 -0.066755712 0.716128767 0.009958062 0.697897315 4.233137608
0.654763162 0.014890417 -0.755687475 -2.574248791 -0.014711221 0.999867499 0.006955365 -0.064959534 0.755690873 0.006562966 0.654895663 4.396175385
0.610684395 0.014187718 -0.791746974 -2.835654974 -0.011825800 0.999891400 0.008796175 -0.063255847 0.791785777 0.003991354 0.610785842 4.534349918
0.562168539 0.014825004 -0.826889753 -3.114511728 -0.009358349 0.999889314 0.011564288 -0.060696550 0.826969743 0.001237244 0.562245071 4.677126408
0.511191070 0.015488651 -0.859327495 -3.409865856 -0.007647400 0.999880016 0.013472754 -0.056769967 0.859433115 -0.000315530 0.511248171 4.799541473
0.458797008 0.016698474 -0.888384163 -3.713033438 -0.007118536 0.999860346 0.015117538 -0.047761671 0.888512611 -0.000611887 0.458851844 4.897793770
0.404077977 0.018899415 -0.914529324 -4.046796322 -0.005683835 0.999819100 0.018150633 -0.046122491 0.914706945 -0.002136236 0.404112309 4.995730400
0.348436952 0.020772301 -0.937102020 -4.400422096 -0.005350304 0.999782205 0.020172335 -0.038546510 0.937316954 -0.002015006 0.348472238 5.082210541
0.293084621 0.023971532 -0.955785930 -4.778017521 -0.002806385 0.999702930 0.024212431 -0.033757433 0.956082404 -0.004413988 0.293064773 5.153833866
0.239527196 0.025709158 -0.970549226 -5.126024246 0.001777760 0.999635994 0.026918389 -0.035506979 0.970887959 -0.008173090 0.239394337 5.211156368
0.188672930 0.026091872 -0.981693327 -5.515529633 0.004000573 0.999618232 0.027337166 -0.029630899 0.982031822 -0.009085121 0.188496500 5.245323181
0.140975744 0.027220612 -0.989638805 -5.930690765 0.001546566 0.999614716 0.027715316 -0.023171842 0.990011811 -0.005437731 0.140879348 5.267194271
0.098527864 0.027614970 -0.994751096 -6.352532864 -0.000064781 0.999615014 0.027743580 -0.014510140 0.995134294 -0.002669075 0.098491743 5.266771317
0.060712133 0.025979256 -0.997817278 -6.790136337 -0.000500914 0.999662042 0.025996812 -0.005898371 0.998155177 -0.001078501 0.060704626 5.264732838
0.026337251 0.023179054 -0.999384344 -7.250269890 0.000036803 0.999731243 0.023188066 0.003164321 0.999653101 -0.000647490 0.026329312 5.248848915
-0.004778415 0.020520072 -0.999778032 -7.723302841 0.000216547 0.999789536 0.020519271 0.007987171 0.999988496 -0.000118449 -0.004781850 5.217195511
-0.031880185 0.018840961 -0.999314070 -8.217387199 0.000644079 0.999822438 0.018829998 0.011607632 0.999491513 -0.000043333 -0.031886656 5.189495564
-0.052545868 0.016377710 -0.998484254 -8.728199005 0.000046533 0.999865532 0.016397916 0.022099957 0.998618543 0.000815181 -0.052539557 5.142595768
-0.068772227 0.015427059 -0.997513115 -9.245657921 -0.000013734 0.999880433 0.015464615 0.033716194 0.997632384 0.001077236 -0.068763793 5.090356350
-0.081826948 0.015863588 -0.996520281 -9.784049988 0.000895390 0.999873996 0.015843457 0.040166318 0.996646166 0.000404147 -0.081830852 5.038223267
-0.091340840 0.017042834 -0.995673835 -10.336327553 0.000735973 0.999854326 0.017046876 0.046069838 0.995819449 0.000824287 -0.091340095 4.977239132
-0.098230325 0.018511796 -0.994991481 -10.907226562 -0.001730556 0.999822259 0.018772526 0.042702407 0.995162308 0.003565921 -0.098180838 4.911590576
-0.102689348 0.019406779 -0.994524062 -11.503069878 -0.001630354 0.999804974 0.019678170 0.049348071 0.994712055 0.003642164 -0.102637701 4.846014977
-0.104047477 0.020008845 -0.994371057 -12.110685349 0.000105183 0.999797881 0.020107036 0.061045632 0.994572282 0.001987496 -0.104028545 4.779280186
-0.102847829 0.022195401 -0.994449437 -12.724908829 0.002144584 0.999753714 0.022091987 0.068306014 0.994694829 0.000139433 -0.102870092 4.713589668
-0.101312011 0.024725968 -0.994547367 -13.361968040 0.001858865 0.999694049 0.024664562 0.072767526 0.994852960 0.000650087 -0.101326987 4.646608353
-0.099740587 0.024617063 -0.994708896 -14.023452759 -0.000206526 0.999693513 0.024761124 0.079196543 0.995013475 0.002675122 -0.099704906 4.576093197
-0.098164119 0.022229481 -0.994921923 -14.691149712 -0.001898355 0.999744475 0.022524530 0.087957263 0.995168447 0.004099816 -0.098096840 4.508580208
-0.096910760 0.022022180 -0.995049417 -15.371723175 -0.001851735 0.999749482 0.022306548 0.102479786 0.995291352 0.004004312 -0.096845694 4.440152168
-0.095013045 0.024610633 -0.995171785 -16.077974319 -0.002704100 0.999684334 0.024980400 0.111472160 0.995472312 0.005064507 -0.094916493 4.365771770
-0.093345307 0.028400108 -0.995228648 -16.782262802 -0.003243702 0.999579132 0.028828491 0.119684339 0.995628536 0.005919231 -0.093213879 4.303615093
-0.091658570 0.030389691 -0.995326638 -17.513006210 -0.003396037 0.999518931 0.030830426 0.130738050 0.995784819 0.006206039 -0.091511264 4.233048439
-0.089801587 0.029704927 -0.995516658 -18.255699158 -0.005395546 0.999525964 0.030311275 0.143604070 0.995945215 0.008093355 -0.089598753 4.156708717
-0.088000312 0.026192121 -0.995776117 -19.008407593 -0.008226945 0.999601066 0.027019782 0.162561834 0.996086478 0.010569945 -0.087749727 4.079300404
-0.086666144 0.025958251 -0.995899081 -19.783304214 -0.008826791 0.999601245 0.026822882 0.173750669 0.996198297 0.011115228 -0.086402431 4.018539429
-0.085222930 0.028102998 -0.995965481 -20.565324783 -0.006195767 0.999567926 0.028734803 0.191291809 0.996342599 0.008619637 -0.085011996 3.952140570
-0.083793484 0.030575611 -0.996013939 -21.359979630 -0.003958216 0.999511003 0.031015962 0.200427175 0.996475220 0.006541376 -0.083631486 3.881842613
-0.082661487 0.032248382 -0.996055782 -22.160116196 -0.003348494 0.999461651 0.032636534 0.213742703 0.996572018 0.006033072 -0.082509026 3.812500000
-0.082147412 0.027695891 -0.996235311 -22.947248459 -0.002559636 0.999604642 0.028000625 0.223833114 0.996616900 0.004850179 -0.082044043 3.748414993
-0.081782386 0.020991314 -0.996429205 -23.752494812 -0.001273851 0.999775171 0.021166358 0.231962442 0.996649384 0.003000338 -0.081737272 3.679389715
-0.082032256 0.016080171 -0.996500015 -24.570302963 0.001902475 0.999870598 0.015977945 0.246526539 0.996627867 -0.000585109 -0.082052216 3.612069845
-0.082731731 0.016778745 -0.996430516 -25.405773163 0.003311292 0.999857485 0.016561512 0.256377727 0.996566355 -0.001929309 -0.082775481 3.544123650
-0.082360528 0.024119269 -0.996310711 -26.244977951 0.002156825 0.999709070 0.024023246 0.262435317 0.996600330 -0.000170300 -0.082388587 3.461905241
-0.083127402 0.031480372 -0.996041596 -27.090429306 0.001031445 0.999503195 0.031503689 0.267807543 0.996538401 0.001591458 -0.083118565 3.395247221
-0.083607212 0.036994327 -0.995811939 -27.935695648 -0.000878069 0.999307513 0.037197910 0.278845787 0.996498406 0.003984406 -0.083516836 3.319238424
-0.083871365 0.037217904 -0.995781362 -28.772197723 -0.002730917 0.999289930 0.037579063 0.289834201 0.996472895 0.005871204 -0.083710179 3.239945412
-0.084200725 0.033536866 -0.995884299 -29.610336304 -0.002694137 0.999422193 0.033883784 0.306708694 0.996445179 0.005536089 -0.084061712 3.164706707
-0.084126890 0.030551938 -0.995986640 -30.450368881 -0.002727218 0.999519050 0.030890653 0.328639448 0.996451378 0.005315008 -0.084003121 3.076541424
-0.084380016 0.032331236 -0.995908976 -31.277532578 -0.004154435 0.999453247 0.032798294 0.337279379 0.996424913 0.006904959 -0.084199578 3.008430004
-0.084452935 0.034543991 -0.995828450 -32.120853424 -0.005137236 0.999370456 0.035102520 0.349007368 0.996414185 0.008080318 -0.084222317 2.935034275
-0.084207810 0.033250265 -0.995893300 -32.947982788 -0.005883228 0.999409080 0.033865102 0.356092453 0.996430874 0.008710776 -0.083962433 2.857221365
-0.083932005 0.028065071 -0.996076226 -33.772285461 -0.006632031 0.999565423 0.028722214 0.368435740 0.996449471 0.009016722 -0.083709396 2.785320759
-0.083665043 0.023622800 -0.996213973 -34.607692719 -0.008155728 0.999669194 0.024389675 0.383154780 0.996460617 0.010165411 -0.083444722 2.705417395
-0.083127193 0.024643166 -0.996234179 -35.436618805 -0.007789474 0.999647558 0.025377572 0.387337446 0.996508420 0.009869706 -0.082905948 2.634725571
-0.082785599 0.027194042 -0.996196210 -36.266235352 -0.006390228 0.999592602 0.027817797 0.394680202 0.996546805 0.008668835 -0.082578108 2.566633224
-0.082116246 0.032146160 -0.996104181 -37.109992981 -0.005979648 0.999445856 0.032746945 0.405721426 0.996604800 0.008645411 -0.081878513 2.487723589
-0.081799753 0.037595265 -0.995939434 -37.947196960 -0.005444453 0.999256551 0.038167655 0.423236132 0.996633947 0.008544451 -0.081534252 2.422350407
-0.081617348 0.040804967 -0.995828032 -38.791507721 -0.006041495 0.999122918 0.041435130 0.437548041 0.996645451 0.009398116 -0.081299238 2.342955589
-0.081238449 0.040803961 -0.995859087 -39.621128082 -0.005540577 0.999127686 0.041389864 0.456464648 0.996679306 0.008880083 -0.080941521 2.271170616
-0.081157006 0.036121313 -0.996046603 -40.447757721 -0.006098018 0.999306381 0.036736391 0.477961481 0.996682703 0.009055325 -0.080880456 2.200383663
-0.080673657 0.031786323 -0.996233582 -41.278827667 -0.006185581 0.999456227 0.032390043 0.496019125 0.996721327 0.008775306 -0.080433160 2.120635509
-0.080485411 0.028983137 -0.996334314 -42.091953278 -0.010654880 0.999495029 0.029935801 0.506762266 0.996698856 0.013025218 -0.080135979 2.045834541
-0.081352063 0.027212670 -0.996313810 -42.918144226 -0.013606278 0.999503732 0.028410792 0.517788887 0.996592641 0.015867401 -0.080941424 1.973975420
-0.081747092 0.025464574 -0.996327877 -43.738464355 -0.011838455 0.999578238 0.026518984 0.518278837 0.996582806 0.013962832 -0.081411161 1.903987646
-0.083090983 0.021967011 -0.996299863 -44.565273285 -0.008397404 0.999706089 0.022742458 0.524495244 0.996506572 0.010256025 -0.082882099 1.841314793
-0.083391517 0.020415360 -0.996307731 -45.386440277 -0.004018821 0.999775052 0.020822786 0.533892691 0.996508837 0.005740424 -0.083290704 1.763348818
-0.085974425 0.023890700 -0.996010959 -46.215007782 -0.003806212 0.999697268 0.024307670 0.538546443 0.996290088 0.005880866 -0.085857473 1.695001364
-0.087527663 0.030274592 -0.995702028 -47.027000427 -0.001323502 0.999533713 0.030507440 0.543851733 0.996161163 0.003988060 -0.087446786 1.618172646
-0.089041226 0.034175169 -0.995441496 -47.832901001 0.000379011 0.999412358 0.034277588 0.552203774 0.996027887 0.002674836 -0.089001842 1.542680740
-0.090459943 0.033375379 -0.995340645 -48.634922028 0.000474088 0.999439597 0.033469733 0.555003643 0.995899916 0.002555792 -0.090425074 1.470105648
-0.091263674 0.029311884 -0.995395303 -49.430530548 -0.002855332 0.999554873 0.029696170 0.566131175 0.995822608 0.005552365 -0.091139346 1.384658813
-0.092400521 0.025905311 -0.995384932 -50.224380493 -0.007501135 0.999615014 0.026711728 0.572180986 0.995693564 0.009934695 -0.092170656 1.295014858
-0.093858846 0.024466559 -0.995284915 -51.015552521 -0.011783900 0.999600589 0.025683923 0.580357611 0.995515764 0.014139001 -0.093533069 1.206367493
-0.095126465 0.025428694 -0.995140374 -51.813995361 -0.013201334 0.999553561 0.026803391 0.587258875 0.995377660 0.015686890 -0.094748303 1.129876137
-0.096135661 0.027073897 -0.994999945 -52.601383209 -0.013128760 0.999508619 0.028465061 0.593923151 0.995281637 0.015799621 -0.095732972 1.049703598
-0.097049713 0.026377432 -0.994929910 -53.383209229 -0.015053521 0.999495506 0.027966857 0.602351904 0.995165706 0.017691372 -0.096603684 0.965175629
-0.097523756 0.026275186 -0.994886279 -54.161334991 -0.015608600 0.999488115 0.027926754 0.606666803 0.995110810 0.018252304 -0.097063698 0.882493019
-0.098025739 0.028131744 -0.994786203 -54.934200287 -0.013783216 0.999466240 0.029622283 0.615322948 0.995088458 0.016615100 -0.097585648 0.804984093
-0.098327428 0.031050006 -0.994669616 -55.709098816 -0.013412927 0.999380946 0.032523006 0.623824358 0.995063663 0.016539333 -0.097850084 0.725333214
-0.098523490 0.035257928 -0.994509935 -56.479194641 -0.013834795 0.999227047 0.036795735 0.634936094 0.995038509 0.017384084 -0.097959526 0.645525455
-0.099119321 0.037618406 -0.994364142 -57.244647980 -0.013395269 0.999144137 0.039134491 0.640252948 0.994985342 0.017198758 -0.098530583 0.564895630
-0.099839918 0.037501372 -0.994296491 -57.993457794 -0.013058644 0.999154031 0.038995828 0.653850198 0.994917810 0.016877506 -0.099265747 0.489583969
-0.100129783 0.035531525 -0.994339764 -58.745964050 -0.012222308 0.999242842 0.036937520 0.665272593 0.994899273 0.015851673 -0.099619687 0.408670902
-0.100445889 0.032039061 -0.994426608 -59.478733063 -0.012043685 0.999369025 0.033414815 0.674077392 0.994869649 0.015332938 -0.099996634 0.333662510
-0.099748604 0.029031385 -0.994589031 -60.199256897 -0.012611999 0.999457061 0.030438354 0.684264660 0.994932830 0.015579939 -0.099328302 0.249541759
-0.098676682 0.026839469 -0.994757533 -60.901031494 -0.013410235 0.999509573 0.028297933 0.690448642 0.995029271 0.016132278 -0.098268382 0.175926685
-0.096507818 0.026183790 -0.994987786 -61.608211517 -0.015226492 0.999498129 0.027779356 0.695483565 0.995215714 0.017831096 -0.096060701 0.106623650
-0.092064813 0.027103664 -0.995384097 -62.291591644 -0.015694926 0.999465823 0.028666457 0.700199246 0.995629370 0.018261652 -0.091590233 0.034057617
-0.086416654 0.028720560 -0.995845020 -62.957374573 -0.015005255 0.999433577 0.030126160 0.705535412 0.996146083 0.017546309 -0.085936725 -0.021389961
-0.079255000 0.030044843 -0.996401489 -63.606193542 -0.014653210 0.999402583 0.031300869 0.711819291 0.996746659 0.017081229 -0.078767389 -0.069768906
-0.070391685 0.031528950 -0.997021019 -64.246406555 -0.015342354 0.999347866 0.032685734 0.714791059 0.997401416 0.017597454 -0.069862053 -0.117260933
-0.058402631 0.032981008 -0.997748256 -64.848281860 -0.017725945 0.999262273 0.034068633 0.728327155 0.998135746 0.019675726 -0.057774942 -0.157543182
-0.043496929 0.034394067 -0.998461246 -65.458618164 -0.021052705 0.999153733 0.035335053 0.736002207 0.998831749 0.022557277 -0.042736031 -0.183698177
-0.024976004 0.035459086 -0.999058962 -66.044181824 -0.022378858 0.999100447 0.036020022 0.747825503 0.999437630 0.023257438 -0.024159998 -0.198106170
-0.002765536 0.036856275 -0.999316752 -66.610801697 -0.023456514 0.999043226 0.036911100 0.748633862 0.999721169 0.023542568 -0.001898363 -0.189215511
0.022889029 0.037334356 -0.999040723 -67.151123047 -0.022835601 0.999061286 0.036811948 0.752554774 0.999477267 0.021971108 0.023720097 -0.164283872
0.052131340 0.036433790 -0.997975290 -67.673316956 -0.021309394 0.999147236 0.035363432 0.764527798 0.998412788 0.019422706 0.052863281 -0.118893147
0.086337365 0.036462814 -0.995598495 -68.181602478 -0.020483864 0.999183655 0.034817785 0.773700118 0.996055484 0.017387629 0.087013818 -0.051496029
0.123706967 0.036793664 -0.991636455 -68.595611572 -0.020028669 0.999201298 0.034575764 0.775881648 0.992116630 0.015583897 0.124345116 0.022827148
0.164985731 0.036742214 -0.985611379 -69.061866760 -0.019814931 0.999227583 0.033932894 0.778973818 0.986096859 0.013931378 0.165586337 0.121661186
0.210167572 0.037453029 -0.976947725 -69.504241943 -0.018769981 0.999236405 0.034269575 0.786167502 0.977485240 0.011134939 0.210710078 0.240745544
0.258726597 0.036131684 -0.965274692 -69.930137634 -0.015436123 0.999327242 0.033268914 0.785966754 0.965827227 0.006292542 0.259110332 0.383628845
0.308430552 0.031112064 -0.950737953 -70.324409485 -0.007871777 0.999514222 0.030154524 0.785347939 0.951214254 -0.001816579 0.308525622 0.559186935
0.359687567 0.026059354 -0.932708919 -70.723617554 -0.002720159 0.999634981 0.026880236 0.785077929 0.933068812 -0.007131367 0.359627098 0.758342743
0.411622465 0.021078343 -0.911110699 -71.096206665 0.002332627 0.999704957 0.024181783 0.792923868 0.911351323 -0.012079045 0.411451817 0.975982666
0.462545007 0.021310724 -0.886339664 -71.462211609 0.001392307 0.999692380 0.024762712 0.794505477 0.886594713 -0.012687925 0.462373048 1.204994202
0.511054635 0.019960538 -0.859316409 -71.834465027 0.002651655 0.999688923 0.024798164 0.804202735 0.859544158 -0.014951827 0.510842681 1.462276459
0.556122184 0.015256031 -0.830960572 -72.181152344 0.010718475 0.999616683 0.025525846 0.812581301 0.831031442 -0.023102121 0.555745542 1.747959137
0.599667192 0.008819522 -0.800200999 -72.504608154 0.021324504 0.999407947 0.026995605 0.813878834 0.799965322 -0.033252262 0.599124134 2.058956146
0.641959012 0.003671181 -0.766730249 -72.816886902 0.022606768 0.999463201 0.023713468 0.818415046 0.766405642 -0.032556362 0.641531348 2.374214172
0.683390439 0.000323859 -0.730053067 -73.083953857 0.018609704 0.999667227 0.017863698 0.805164099 0.729815900 -0.025793949 0.683156967 2.665882111
0.724082351 -0.006913546 -0.689678848 -73.369064331 0.015523640 0.999859810 0.006275120 0.813202739 0.689538777 -0.015250033 0.724088192 3.006481171
0.763262630 -0.009433492 -0.646019518 -73.641616821 0.010642798 0.999941289 -0.002027323 0.816980422 0.646000803 -0.005328076 0.763318241 3.376708984
0.800210357 -0.010203491 -0.599632621 -73.894889832 0.008741231 0.999947429 -0.005350165 0.818741739 0.599655688 -0.000960274 0.800257504 3.772216797
0.834436476 -0.010070854 -0.551012099 -74.133666992 0.008038747 0.999949098 -0.006102437 0.801484346 0.551045477 0.000662648 0.834474981 4.183719635
0.865117013 -0.008815747 -0.501492560 -74.358116150 0.005162564 0.999949098 -0.008672262 0.799358189 0.501543403 0.004913533 0.865118623 4.631032944
0.891076684 -0.007578160 -0.453789473 -74.568229675 0.004800162 0.999962091 -0.007273330 0.787470102 0.453827292 0.004302832 0.891079307 5.107679367
0.912158430 -0.001842854 -0.409833550 -74.759811401 -0.000741723 0.999980807 -0.006147346 0.777633250 0.409837008 0.005911336 0.912139654 5.601217270
0.929960907 0.003490012 -0.367641747 -74.959747314 -0.006834808 0.999946177 -0.007796399 0.768665910 0.367594719 0.009763106 0.929934978 6.105182648
0.943478823 0.008300045 -0.331328928 -75.132362366 -0.011094509 0.999917030 -0.006543585 0.764735937 0.331247121 0.009849667 0.943492651 6.644269943
0.953546107 0.008846386 -0.301117301 -75.296424866 -0.010723349 0.999931991 -0.004581013 0.752723753 0.301056325 0.007597193 0.953576148 7.206096649
0.960801601 0.008486079 -0.277107209 -75.439758301 -0.009750356 0.999947429 -0.003184780 0.741965950 0.277065635 0.005761835 0.960833788 7.778953552
0.966881573 0.008988655 -0.255067080 -75.619918823 -0.009739993 0.999951243 -0.001682712 0.744199514 0.255039543 0.004111335 0.966921866 8.393602371
0.971504748 0.011253770 -0.236753166 -75.764907837 -0.011375982 0.999934912 0.000849910 0.738657773 0.236747324 0.001867608 0.971569479 9.009262085
0.975014865 0.016341373 -0.221537828 -75.906433105 -0.016231326 0.999865592 0.002317410 0.732505679 0.221545875 0.001336341 0.975149035 9.640017509
0.977928221 0.019863017 -0.207994446 -76.048774719 -0.019511139 0.999802530 0.003743385 0.725813270 0.208027735 0.000397446 0.978122830 10.287080765
0.980616510 0.017993174 -0.195109084 -76.173576355 -0.017682141 0.999838054 0.003335895 0.723639131 0.195137516 0.000178713 0.980775774 10.951785088
0.983297050 0.019388607 -0.180972278 -76.316825867 -0.019131416 0.999811947 0.003166765 0.711127698 0.180999666 0.000348386 0.983483016 11.650389671
0.985851288 0.020024631 -0.166422173 -76.430740356 -0.019675447 0.999799490 0.003746788 0.708293319 0.166463807 -0.000419345 0.986047506 12.350165367
0.988093257 0.021290515 -0.152376011 -76.541717529 -0.020939469 0.999773085 0.003908354 0.707618654 0.152424648 -0.000671146 0.988314867 13.063530922
0.990002930 0.022077646 -0.139307857 -76.648437500 -0.022087485 0.999754846 0.001475616 0.691464484 0.139306307 0.001616096 0.990247965 13.782946587
0.991447628 0.022251707 -0.128594071 -76.735755920 -0.022892917 0.999731779 -0.003510165 0.676882982 0.128481418 0.006424038 0.991691113 14.517976761
0.992650688 0.020925563 -0.119191818 -76.819366455 -0.022283394 0.999700904 -0.010070448 0.666411161 0.118945435 0.012652433 0.992820144 15.262590408
0.993616045 0.020655289 -0.110907912 -76.903419495 -0.021943450 0.999704957 -0.010406473 0.660907149 0.110660248 0.012773739 0.993776262 16.022598267
0.994295418 0.022469141 -0.104267716 -76.985206604 -0.023017218 0.999726772 -0.004055994 0.643912613 0.104148090 0.006432809 0.994540989 16.789646149
0.994728506 0.027250821 -0.098855555 -77.076667786 -0.026975177 0.999627650 0.004124114 0.627316475 0.098931104 -0.001435730 0.995093286 17.568176270
0.995152950 0.027154120 -0.094515808 -77.157203674 -0.026541967 0.999617815 0.007728131 0.624967396 0.094689518 -0.005182041 0.995493412 18.346172333
0.995444119 0.026541948 -0.091578320 -77.224716187 -0.026009938 0.999637187 0.006998149 0.604580879 0.091730833 -0.004584320 0.995773315 19.115631104
0.995755672 0.026331766 -0.088188805 -77.298866272 -0.025893362 0.999646008 0.006111661 0.596426725 0.088318504 -0.003802217 0.996084988 19.880222321
0.996039093 0.024907878 -0.085356735 -77.363983154 -0.024277175 0.999669731 0.008419263 0.588811398 0.085538231 -0.006313695 0.996314883 20.650054932
0.996295273 0.022504713 -0.083002403 -77.434806824 -0.021694217 0.999707937 0.010653809 0.585053205 0.083217897 -0.008813666 0.996492445 21.433338165
0.996594727 0.020164544 -0.079953417 -77.497535706 -0.019224545 0.999736905 0.012509317 0.578720033 0.080184616 -0.010929650 0.996720135 22.199541092
0.996801376 0.019656720 -0.077463865 -77.554992676 -0.019041693 0.999781072 0.008670251 0.570006728 0.077617325 -0.007167474 0.996957600 22.954694748
0.996869206 0.022268893 -0.075868070 -77.619392395 -0.022219049 0.999751985 0.001501136 0.561622620 0.075882688 0.000189281 0.997116804 23.707670212
0.996990263 0.023392273 -0.073914491 -77.682235718 -0.023896651 0.999696612 -0.005946684 0.545477211 0.073752955 0.007695094 0.997246921 24.454149246
0.997039378 0.023780396 -0.073123090 -77.734313965 -0.024597555 0.999644339 -0.010294810 0.535765290 0.072852269 0.012062981 0.997269809 25.207708359
0.997154355 0.025804387 -0.070833288 -77.798065186 -0.026471201 0.999613404 -0.008491128 0.514086664 0.070586815 0.010342008 0.997452021 25.964715958
0.997248530 0.029232126 -0.068123952 -77.863380432 -0.029598935 0.999552310 -0.004381091 0.493947148 0.067965373 0.006385434 0.997667253 26.727489471
0.997308850 0.032192659 -0.065868199 -77.920730591 -0.032209553 0.999480844 0.000805753 0.478924870 0.065859929 0.001318003 0.997828007 27.481033325
0.997523248 0.030563740 -0.063348889 -77.973274231 -0.030450365 0.999532461 0.002754600 0.463219225 0.063403457 -0.000818781 0.997987628 28.239967346
0.997700632 0.027809191 -0.061806872 -78.022483826 -0.027696528 0.999612808 0.002678988 0.451420397 0.061857451 -0.000960992 0.998084545 28.992761612
0.997804224 0.026263714 -0.060801204 -78.068305969 -0.026156347 0.999654591 0.002561226 0.437481254 0.060847461 -0.000965265 0.998146653 29.741447449
0.997863710 0.026020635 -0.059924673 -78.115470886 -0.026017554 0.999661088 0.000831865 0.426003724 0.059926022 0.000729006 0.998202562 30.487997055
0.997992933 0.023528881 -0.058791537 -78.170150757 -0.023613701 0.999720871 -0.000748232 0.418852538 0.058757529 0.002135016 0.998269975 31.243160248
0.998043120 0.022293150 -0.058418777 -78.213333130 -0.022374898 0.999749422 -0.000745529 0.407683641 0.058387514 0.002051184 0.998291910 32.003356934
0.998017788 0.025672030 -0.057457715 -78.269348145 -0.025697859 0.999669731 0.000289385 0.396745086 0.057446171 0.001187729 0.998347878 32.775581360
0.998025894 0.025901606 -0.057213575 -78.326080322 -0.025988210 0.999661982 -0.000769985 0.386929661 0.057174295 0.002255344 0.998361707 33.555030823
0.997948647 0.025260976 -0.058822781 -78.375213623 -0.025332438 0.999678910 -0.000469405 0.371922225 0.058792043 0.001958567 0.998268306 34.323616028
0.997880518 0.023638975 -0.060629603 -78.422233582 -0.023668779 0.999719799 0.000226666 0.356632322 0.060617980 0.001208844 0.998160303 35.088546753
0.997629344 0.025429562 -0.063946240 -78.476776123 -0.025482509 0.999675274 -0.000012457 0.348382354 0.063925155 0.001641938 0.997953415 35.871723175
0.997362554 0.029135542 -0.066476248 -78.545494080 -0.029204041 0.999573588 -0.000058735 0.333306909 0.066446185 0.001999955 0.997788072 36.663803101
0.997168660 0.029458020 -0.069188207 -78.609710693 -0.029883508 0.999540269 -0.005122559 0.320901871 0.069005512 0.007175641 0.997590423 37.454586029
0.996959507 0.030758025 -0.071593650 -78.673370361 -0.031462897 0.999466717 -0.008738345 0.315290600 0.071286693 0.010964321 0.997395575 38.257625580
0.996862352 0.029781399 -0.073337972 -78.742156982 -0.030626029 0.999476552 -0.010419238 0.302751273 0.072989278 0.012632597 0.997252703 39.066871643
0.996687233 0.030694215 -0.075315565 -78.815063477 -0.031426560 0.999469340 -0.008557595 0.279155612 0.075012922 0.010896155 0.997122943 39.881591797
0.996576726 0.028663196 -0.077544115 -78.883155823 -0.029384485 0.999534786 -0.008176505 0.265699267 0.077273659 0.010427111 0.996955395 40.709846497
0.996436775 0.028541040 -0.079367965 -78.953323364 -0.029128298 0.999556124 -0.006251021 0.249671042 0.079154313 0.008540601 0.996825755 41.530429840
0.996336758 0.027542768 -0.080958739 -79.017440796 -0.027840294 0.999609113 -0.002548331 0.233205274 0.080856919 0.004792912 0.996714115 42.379627228
0.996295750 0.026916455 -0.081670821 -79.090812683 -0.026803467 0.999637544 0.002479695 0.220352978 0.081707977 -0.000281448 0.996656239 43.231128693
0.996346116 0.026686804 -0.081131183 -79.163642883 -0.026397174 0.999640703 0.004640562 0.207216337 0.081225894 -0.002481972 0.996692538 44.093006134
0.996402562 0.030047499 -0.079240046 -79.235366821 -0.029786430 0.999546230 0.004474831 0.199511901 0.079338543 -0.002098456 0.996845484 44.944087982
0.996586204 0.029469373 -0.077120259 -79.310997009 -0.029290503 0.999564946 0.003449747 0.187460631 0.077188395 -0.001179079 0.997015774 45.800521851
0.996753633 0.027177170 -0.075787202 -79.373138428 -0.027184524 0.999629974 0.000934802 0.178059429 0.075784571 0.001128471 0.997123599 46.663337708
0.996969819 0.023175903 -0.074256018 -79.431037903 -0.023268385 0.999729156 -0.000380441 0.161927298 0.074227095 0.002107106 0.997239232 47.529117584
0.997171998 0.021932775 -0.071881540 -79.506118774 -0.022038994 0.999756873 -0.000684761 0.152713150 0.071849048 0.002267022 0.997412920 48.405757904
0.997286975 0.019578040 -0.070960604 -79.569099426 -0.019471789 0.999807954 0.002188783 0.136746421 0.070989825 -0.000801114 0.997476697 49.280769348
0.997425795 0.016938783 -0.069677517 -79.636871338 -0.016686046 0.999851942 0.004207697 0.130383745 0.069738477 -0.003034223 0.997560680 50.156166077
0.997452497 0.016599404 -0.069374397 -79.692901611 -0.016313680 0.999855995 0.004683172 0.113823950 0.069442131 -0.003539491 0.997579753 51.034755707
0.997498930 0.018765539 -0.068144105 -79.754020691 -0.018719798 0.999823868 0.001309795 0.097856030 0.068156697 -0.000030875 0.997674584 51.913059235
0.997509718 0.021063196 -0.067309469 -79.823112488 -0.021378703 0.999763668 -0.003970482 0.076598421 0.067209922 0.005399584 0.997724354 52.770866394
0.997526228 0.023042738 -0.066410929 -79.884963989 -0.023735298 0.999671698 -0.009658264 0.061608970 0.066166557 0.011210655 0.997745574 53.630439758
0.997466862 0.027907692 -0.065428697 -79.956642151 -0.028977768 0.999460459 -0.015463091 0.038989961 0.064961851 0.017319895 0.997737527 54.481822968
0.997540474 0.027826037 -0.064332686 -80.016265869 -0.028910177 0.999454319 -0.015982943 0.009116113 0.063852817 0.017803501 0.997800469 55.325191498
0.997594118 0.024798101 -0.064736634 -80.066940308 -0.025541401 0.999616742 -0.010679561 -0.003723383 0.064446986 0.012307331 0.997845292 56.192489624
0.997578144 0.024361204 -0.065147564 -80.138420105 -0.024510171 0.999698400 -0.001488305 -0.028903522 0.065091655 0.003081478 0.997874558 57.044033051
0.997533083 0.022946792 -0.066341244 -80.196968079 -0.022556094 0.999723494 0.006632321 -0.050132692 0.066475086 -0.005119560 0.997774899 57.897247314
0.997411489 0.021067068 -0.068749785 -80.257804871 -0.020815872 0.999773741 0.004368200 -0.061973572 0.068826266 -0.002925806 0.997624457 58.737770081
0.997381389 0.016054794 -0.070516460 -80.323120117 -0.016030874 0.999871075 0.000905119 -0.074085265 0.070521906 0.000227691 0.997510254 59.577255249
0.997239172 0.014566205 -0.072814099 -80.391319275 -0.014648261 0.999892592 -0.000593023 -0.093661964 0.072797634 0.001657986 0.997345388 60.413288116
0.996973634 0.016658153 -0.075934470 -80.453414917 -0.016921462 0.999852717 -0.002825499 -0.108845130 0.075876214 0.004101870 0.997108817 61.213890076
0.996696889 0.018194735 -0.079146631 -80.527572632 -0.018765680 0.999802887 -0.006475907 -0.123905927 0.079013214 0.007939756 0.996841967 62.034069061
0.996354938 0.018931882 -0.083176225 -80.601577759 -0.019791238 0.999758840 -0.009519331 -0.145886779 0.082975961 0.011130795 0.996489346 62.849292755
0.996051073 0.020760268 -0.086320467 -80.680305481 -0.022005286 0.999666750 -0.013496708 -0.168139935 0.086011514 0.015342918 0.996176004 63.660587311
0.995684743 0.026185669 -0.089029260 -80.775215149 -0.027489761 0.999531567 -0.013453260 -0.191224515 0.088635281 0.015842600 0.995938063 64.457397461
0.995261192 0.029935084 -0.092515379 -80.860885620 -0.031134851 0.999448419 -0.011551968 -0.211774468 0.092118546 0.014377677 0.995644152 65.261878967
0.994824648 0.032624103 -0.096226841 -80.951751709 -0.033309761 0.999429822 -0.005527210 -0.232726216 0.095991649 0.008703901 0.995344102 66.062400818
0.994395852 0.032971013 -0.100447863 -81.034553528 -0.033145312 0.999450505 -0.000066313 -0.250964493 0.100390501 0.003395317 0.994942307 66.878753662
0.993887901 0.032648567 -0.105456457 -81.124549866 -0.032449666 0.999466896 0.003601892 -0.265369952 0.105517842 -0.000157851 0.994417369 67.675178528
0.993228257 0.032082230 -0.111661360 -81.222511292 -0.031756446 0.999484658 0.004695430 -0.276573777 0.111754455 -0.001117667 0.993735194 68.464981079
0.992618799 0.029617948 -0.117603943 -81.313140869 -0.028816417 0.999548435 0.008510401 -0.285623491 0.117802918 -0.005058660 0.993024111 69.250450134
0.991806209 0.030335696 -0.124097727 -81.417350769 -0.029558571 0.999530196 0.008099066 -0.294680178 0.124285139 -0.004364553 0.992236912 70.028533936
0.990921855 0.035010327 -0.129800618 -81.540870667 -0.034326714 0.999382436 0.007500924 -0.305517077 0.129983068 -0.002977201 0.991511703 70.801132202
0.990044296 0.036701467 -0.135886684 -81.654121399 -0.036508054 0.999325693 0.003916045 -0.313995600 0.135938779 0.001083898 0.990716577 71.574119568
0.989234746 0.035656877 -0.141927183 -81.768661499 -0.035836346 0.999356866 0.001292150 -0.323865533 0.141881987 0.003807912 0.989876211 72.341606140
0.988418579 0.037031084 -0.147164688 -81.893623352 -0.037465081 0.999297976 -0.000177280 -0.332173944 0.147054806 0.005688763 0.989111960 73.108718872
0.987609506 0.039025102 -0.152001709 -82.012611389 -0.038721077 0.999237716 0.004960784 -0.340962231 0.152079478 0.000986354 0.988367796 73.871429443
0.986638725 0.039927192 -0.157955587 -82.144996643 -0.039002806 0.999199033 0.008948911 -0.348296285 0.158186391 -0.002668631 0.987405717 74.631790161
0.985617042 0.038642555 -0.164516985 -82.271659851 -0.037236385 0.999238908 0.011623865 -0.364279509 0.164840937 -0.005330660 0.986305833 75.391662598
0.984444678 0.036315441 -0.171900794 -82.407875061 -0.035597742 0.999339879 0.007256823 -0.363198221 0.172050864 -0.001024660 0.985087633 76.139869690
0.983037114 0.033896010 -0.180246875 -82.541198730 -0.034333196 0.999410212 0.000694592 -0.374073267 0.180164069 0.005505644 0.983621180 76.860710144
0.981398284 0.031170357 -0.189436033 -82.690902710 -0.031916123 0.999490201 -0.000886631 -0.383643836 0.189311847 0.006916202 0.981892705 77.603713989
0.979278922 0.031013075 -0.200127169 -82.847160339 -0.031256724 0.999509454 0.001942821 -0.396186411 0.200089291 0.004352756 0.979768038 78.341430664
0.976912081 0.031014867 -0.211378515 -83.013046265 -0.029972492 0.999517560 0.008134307 -0.399856448 0.211528867 -0.001610962 0.977370501 79.077987671
0.974320531 0.032280635 -0.222839549 -83.188919067 -0.029455217 0.999438167 0.015992120 -0.409333467 0.223230615 -0.009017666 0.974723935 79.798912048
0.971689284 0.032951795 -0.233953401 -83.375679016 -0.029215362 0.999384582 0.019419529 -0.414178848 0.234449327 -0.012034712 0.972053826 80.524139404
0.968740880 0.036238674 -0.245413572 -83.572669983 -0.033467580 0.999320328 0.015454043 -0.423818827 0.245806783 -0.006757565 0.969295204 81.239181519
0.965655088 0.036016028 -0.257319152 -83.777793884 -0.035587922 0.999346614 0.006322267 -0.428438425 0.257378757 0.003052327 0.966305733 81.939445496
0.962448597 0.033569921 -0.269380271 -83.991767883 -0.034453481 0.999405324 0.001448696 -0.427313596 0.269268692 0.007886792 0.963032722 82.647354126
0.958949387 0.032713130 -0.281684101 -84.195991516 -0.032219078 0.999460340 0.006386649 -0.428714991 0.281740963 0.002951127 0.959485948 83.373741150
0.955566168 0.033980541 -0.292811692 -84.427085876 -0.031279214 0.999413908 0.013904085 -0.434554696 0.293112546 -0.004127354 0.956069052 84.095169067
0.951831937 0.033891760 -0.304741472 -84.664474487 -0.029434202 0.999382138 0.019211045 -0.435867071 0.305204272 -0.009315861 0.952241361 84.804626465
0.947737575 0.031479187 -0.317493945 -84.910140991 -0.027353037 0.999473631 0.017446361 -0.436501265 0.317876101 -0.007850148 0.948099792 85.514709473
0.944041669 0.029870749 -0.328470856 -85.166450500 -0.026964808 0.999546528 0.013399377 -0.440832376 0.328722179 -0.003792417 0.944419086 86.211463928
0.940876663 0.025506221 -0.337787449 -85.418601990 -0.024788521 0.999671996 0.006438692 -0.445259631 0.337840915 0.002315238 0.941200376 86.903274536
0.938063443 0.021507666 -0.345795602 -85.679916382 -0.022713404 0.999741852 0.000565375 -0.449537456 0.345718473 0.007323840 0.938309729 87.605690002
0.935480177 0.020850170 -0.352763474 -85.954879761 -0.022912974 0.999736071 -0.001672411 -0.453463554 0.352635473 0.009647369 0.935711026 88.307357788
0.932325006 0.026628148 -0.360639691 -86.247970581 -0.029046511 0.999577284 -0.001286329 -0.469772816 0.360452950 0.011674603 0.932704329 89.015403748
0.929281652 0.026889883 -0.368392140 -86.532928467 -0.028473906 0.999593914 0.001136529 -0.482756317 0.368273079 0.009433409 0.929669797 89.706893921
0.926063538 0.027369047 -0.376373738 -86.811889648 -0.026300067 0.999622226 0.007979243 -0.487996995 0.376450002 0.002509369 0.926433563 90.410606384
0.923257351 0.029104277 -0.383077949 -87.105918884 -0.024790203 0.999561489 0.016194560 -0.490285635 0.383381367 -0.005455167 0.923574030 91.119026184
0.920635939 0.039229229 -0.388446122 -87.429054260 -0.032833382 0.999194026 0.023092031 -0.497845650 0.389038980 -0.008505355 0.921182036 91.819572449
0.917999387 0.046182726 -0.393883497 -87.752304077 -0.041546389 0.998930454 0.020294745 -0.498979807 0.394399464 -0.002266126 0.918936312 92.506072998
0.915461779 0.042772770 -0.400125265 -88.047134399 -0.041139085 0.999073029 0.012675707 -0.498643875 0.400296479 0.004856657 0.916372776 93.184219360
0.913553059 0.034670644 -0.405239224 -88.351982117 -0.035676196 0.999350488 0.005073619 -0.496547401 0.405151904 0.009822373 0.914196551 93.880386353
0.911801934 0.035283484 -0.409111530 -88.669525146 -0.036606357 0.999319255 0.004599511 -0.499478579 0.408995271 0.010782240 0.912472785 94.571777344
0.909597456 0.041484002 -0.413414419 -89.014373779 -0.041133184 0.999105990 0.009753597 -0.506655812 0.413449466 0.008133206 0.910490692 95.275222778
0.907151401 0.044278648 -0.418468446 -89.350723267 -0.042152245 0.999008417 0.014329121 -0.511498094 0.418687969 0.004640702 0.908118308 95.979888916
0.904952526 0.041067634 -0.423526168 -89.670196533 -0.039500020 0.999141574 0.012482677 -0.517597556 0.423675239 0.005433059 0.905797899 96.663513184
0.902708709 0.039370209 -0.428447336 -90.008384705 -0.040637568 0.999154627 0.006192258 -0.522716522 0.428329021 0.011821250 0.903545618 97.350181580
0.900523305 0.036634780 -0.433261842 -90.348464966 -0.040757399 0.999168932 -0.000227664 -0.528164864 0.432893515 0.017863641 0.901268125 98.034492493
