-0.975209594 0.055712663 0.214155093 -151.826309204 0.060542695 0.998036444 0.016056335 2.306028128 -0.212840050 0.028623817 -0.976667702 2.347873688
-0.979251325 0.054592408 0.195157781 -151.659774780 0.059236221 0.998081028 0.018034112 2.314854383 -0.193798766 0.029220335 -0.980606019 1.485805511
-0.982887924 0.051618323 0.176824227 -151.512588501 0.056777399 0.998092592 0.024238503 2.322757006 -0.175235808 0.033863351 -0.983943939 0.604091644
-0.986050129 0.051495686 0.158282295 -151.369262695 0.056451172 0.998041034 0.026970038 2.332868099 -0.156583384 0.035529032 -0.987025499 -0.263448715
-0.988705993 0.051626362 0.140695214 -151.248352051 0.055943683 0.998071432 0.026902540 2.350902319 -0.139035001 0.034469713 -0.989687383 -1.148185730
-0.990920365 0.051306076 0.124275945 -151.136749268 0.054581903 0.998242080 0.023097256 2.362865448 -0.122872479 0.029670762 -0.991978824 -2.037588120
-0.992406845 0.054997589 0.110017724 -151.037445068 0.057579353 0.998131931 0.020426631 2.369523525 -0.108688787 0.026606277 -0.993719697 -2.934772491
-0.993123710 0.060916532 0.099972174 -150.953887939 0.063611582 0.997686327 0.023992434 2.389253855 -0.098279342 0.030186843 -0.994700909 -3.855834961
-0.993431807 0.066029593 0.093452618 -150.882217407 0.069420934 0.997024357 0.033512607 2.404629230 -0.090961710 0.039780058 -0.995059550 -4.782569885
-0.993498743 0.068717420 0.090764575 -150.807006836 0.072787911 0.996449113 0.042321362 2.427269459 -0.087534063 0.048652783 -0.994972706 -5.729609489
-0.993749678 0.067015022 0.089278355 -150.716873169 0.071017034 0.996572256 0.042427123 2.458908081 -0.086129092 0.048502225 -0.995102644 -6.664061546
-0.994021773 0.063963510 0.088484652 -150.633270264 0.067706414 0.996904612 0.039963104 2.479478598 -0.085654572 0.045715164 -0.995275557 -7.603880405
-0.994434714 0.058969755 0.087304778 -150.538238525 0.062258977 0.997430563 0.035441920 2.505620956 -0.084990457 0.040680185 -0.995550931 -8.552114487
-0.994954467 0.050565202 0.086652905 -150.438919067 0.053656369 0.997989893 0.033721700 2.524101973 -0.084773585 0.038201042 -0.995667636 -9.546809196
-0.995220006 0.045419104 0.086453430 -150.339172363 0.048479576 0.998257577 0.033635102 2.548877239 -0.084775135 0.037665550 -0.995687962 -10.531303406
-0.995231450 0.043526124 0.087291941 -150.247207642 0.046807390 0.998258591 0.035900895 2.571319103 -0.085577302 0.039815601 -0.995535731 -11.528427124
-0.995308518 0.040757820 0.087746911 -150.141357422 0.044160701 0.998331845 0.037194561 2.596240520 -0.086084574 0.040895030 -0.995448172 -12.532120705
-0.995194197 0.040375620 0.089208953 -150.058288574 0.043918665 0.998307705 0.038116261 2.617475748 -0.087519012 0.041851021 -0.995283306 -13.541929245
-0.995172501 0.038180109 0.090409838 -149.957824707 0.041654661 0.998451829 0.036860686 2.645032883 -0.088862538 0.040448733 -0.995222211 -14.564025879
-0.995154977 0.036511969 0.091287531 -149.859756470 0.039875295 0.998581052 0.035294380 2.662574530 -0.089869328 0.038763493 -0.995198846 -15.581540108
-0.995193541 0.034003966 0.091834664 -149.751770020 0.037205540 0.998750031 0.033377863 2.684244394 -0.090584882 0.036634192 -0.995214701 -16.625732422
-0.995293617 0.032176614 0.091408685 -149.651535034 0.035249259 0.998859525 0.032200765 2.706662416 -0.090268359 0.035271298 -0.995292723 -17.669178009
-0.995518804 0.029400233 0.089878380 -149.547348022 0.032435801 0.998945236 0.032501940 2.725355864 -0.088828035 0.035271574 -0.995422244 -18.719570160
-0.995698631 0.027570253 0.088453941 -149.449890137 0.030631518 0.998971164 0.033439621 2.743140936 -0.087441027 0.036005270 -0.995518804 -19.769136429
-0.995830536 0.027929487 0.086843178 -149.354049683 0.030950256 0.998954833 0.033634171 2.764382839 -0.085813038 0.036181744 -0.995654047 -20.830148697
-0.995971203 0.027099343 0.085482150 -149.257965088 0.030091919 0.998971522 0.033915885 2.782728195 -0.084475137 0.036351562 -0.995762229 -21.880249023
-0.996072710 0.026761238 0.084397949 -149.168670654 0.029870357 0.998912692 0.035793561 2.797639608 -0.083348334 0.038173985 -0.995789051 -22.935478210
-0.996116102 0.026391592 0.084001809 -149.079284668 0.029657025 0.998842597 0.037865739 2.818966389 -0.082905263 0.040209915 -0.995745838 -23.986934662
-0.996251881 0.025501790 0.082655229 -148.982452393 0.028848356 0.998801053 0.039549984 2.841165066 -0.081547536 0.041786212 -0.995793104 -25.040315628
-0.996342659 0.024580926 0.081836052 -148.894363403 0.027792271 0.998878300 0.038336020 2.860122681 -0.080801927 0.040470216 -0.995908260 -26.087303162
-0.996439695 0.024312967 0.080727078 -148.798294067 0.027259132 0.998994410 0.035596013 2.880853653 -0.079780467 0.037669830 -0.996100426 -27.125436783
-0.996513546 0.023553329 0.080037475 -148.714569092 0.026399657 0.999049246 0.034692194 2.896865606 -0.079144277 0.036684204 -0.996187925 -28.152252197
-0.996621609 0.023362676 0.078736961 -148.631027222 0.026188608 0.999042332 0.035051398 2.910744429 -0.077842660 0.036994994 -0.996279001 -29.213428497
-0.996770918 0.022439808 0.077097476 -148.547149658 0.025253611 0.999042809 0.035717681 2.932495594 -0.076222189 0.037549336 -0.996383607 -30.251012802
-0.997034967 0.020996070 0.074029222 -148.458404541 0.023830725 0.999008000 0.037617970 2.948689461 -0.073165953 0.039270610 -0.996546268 -31.281383514
-0.997232378 0.020434869 0.071484335 -148.385147095 0.023161691 0.999027073 0.037527096 2.965998173 -0.070647962 0.039078925 -0.996735513 -32.326873779
-0.997490048 0.018890532 0.068240017 -148.308074951 0.021422220 0.999101818 0.036560521 2.987422705 -0.067488082 0.037930608 -0.996998787 -33.354248047
-0.997726798 0.018069640 0.064921245 -148.234024048 0.020423451 0.999151051 0.035777565 3.002899170 -0.064219676 0.037022151 -0.997248828 -34.374656677
-0.997914374 0.017522004 0.062127888 -148.162048340 0.019857682 0.999111295 0.037178893 3.016773462 -0.061421227 0.038335070 -0.997375488 -35.399547577
-0.998081088 0.017744919 0.059322115 -148.096267700 0.020053795 0.999055207 0.038554959 3.036467075 -0.058581896 0.039670620 -0.997494042 -36.417816162
-0.998239577 0.017981362 0.056519520 -148.032745361 0.020260474 0.998993695 0.040013324 3.053578377 -0.055743154 0.041088000 -0.997599304 -37.436046600
-0.998327851 0.019102851 0.054557957 -147.977569580 0.021313449 0.998963177 0.040228151 3.074571609 -0.053732920 0.041323703 -0.997699916 -38.457984924
-0.998456061 0.018866288 0.052245472 -147.923873901 0.020949997 0.998994827 0.039626785 3.092890739 -0.051445380 0.040660143 -0.997847736 -39.459026337
-0.998542845 0.019580835 0.050286610 -147.868637085 0.021536566 0.999020755 0.038648948 3.115869045 -0.049480595 0.039675638 -0.997986674 -40.473979950
-0.998614669 0.019010669 0.049065318 -147.819091797 0.020932861 0.999021292 0.038964301 3.133514881 -0.048276573 0.039937399 -0.998035312 -41.483268738
-0.998706162 0.017815460 0.047630448 -147.765075684 0.019706201 0.999024212 0.039525844 3.154102325 -0.046879828 0.040413320 -0.998082697 -42.479507446
-0.998746634 0.017212829 0.046998966 -147.715530396 0.019027717 0.999079525 0.038445104 3.168952465 -0.046293940 0.039291199 -0.998154879 -43.483680725
-0.998786449 0.016740279 0.046318684 -147.665435791 0.018323889 0.999254704 0.033978902 3.185705185 -0.045715310 0.034786407 -0.998348653 -44.473083496
-0.998809993 0.015519838 0.046235379 -147.615509033 0.016981693 0.999362826 0.031394418 3.199813366 -0.045718677 0.032142214 -0.998437047 -45.458805084
-0.998775721 0.016614676 0.046594437 -147.565826416 0.018022468 0.999388635 0.029958181 3.215664387 -0.046068214 0.030761251 -0.998464465 -46.453369141
-0.998727262 0.017287213 0.047380671 -147.516967773 0.018758150 0.999350131 0.030778375 3.230817080 -0.046817828 0.031627975 -0.998402596 -47.445373535
-0.998662233 0.018977107 0.048099559 -147.467193604 0.020527896 0.999278426 0.031955078 3.241599321 -0.047458455 0.032899711 -0.998331249 -48.429084778
-0.998589218 0.020925799 0.048804425 -147.417968750 0.022549700 0.999202073 0.032963801 3.252769947 -0.048075698 0.034017812 -0.998264253 -49.412487030
-0.998510301 0.022021206 0.049921446 -147.365341187 0.023724208 0.999147594 0.033781826 3.265985489 -0.049134955 0.034915853 -0.998181641 -50.393444061
-0.998473346 0.022440247 0.050471064 -147.309402466 0.024173571 0.999129415 0.033998720 3.283577442 -0.049664170 0.035166878 -0.998146653 -51.373706818
-0.998451471 0.021108199 0.051468134 -147.255950928 0.022925939 0.999124765 0.034987103 3.290836811 -0.050684575 0.036112886 -0.998061538 -52.345550537
-0.998401880 0.021243200 0.052367043 -147.202087402 0.023024162 0.999168634 0.033643879 3.308230400 -0.051608797 0.034795821 -0.998060942 -53.312587738
-0.998257697 0.023509130 0.054119445 -147.143997192 0.025303032 0.999144673 0.032704078 3.317389011 -0.053304307 0.034016483 -0.997998714 -54.265777588
-0.998067617 0.024696052 0.057017911 -147.087966919 0.026522268 0.999151826 0.031497315 3.329214811 -0.056191690 0.032948695 -0.997876167 -55.212371826
-0.997932374 0.023435483 0.059846915 -147.024063110 0.025319094 0.999201357 0.030911924 3.341722488 -0.059074655 0.032363281 -0.997728825 -56.161033630
-0.997804582 0.023011947 0.062099908 -146.955566406 0.024886081 0.999252617 0.029576441 3.346026421 -0.061372880 0.031056939 -0.997631609 -57.103176117
-0.997681201 0.022759296 0.064142682 -146.894866943 0.024653535 0.999278307 0.028896604 3.356261730 -0.063438721 0.030410942 -0.997522295 -58.044357300
-0.997636259 0.021578945 0.065239832 -146.829818726 0.023524806 0.999296486 0.029206736 3.368436813 -0.064563662 0.030672451 -0.997442126 -58.983200073
-0.997653782 0.020173740 0.065422401 -146.753677368 0.022275742 0.999253511 0.031560995 3.374411106 -0.064736865 0.032944277 -0.997358382 -59.907196045
-0.997700095 0.019618167 0.064881578 -146.691009521 0.021845002 0.999190092 0.033791997 3.379630566 -0.064166091 0.035131618 -0.997320652 -60.821086884
-0.997777820 0.018971963 0.063870385 -146.627655029 0.021216206 0.999174535 0.034644604 3.391551495 -0.063160375 0.035922710 -0.997356653 -61.727851868
-0.997893453 0.017962959 0.062337324 -146.563659668 0.020170320 0.999185026 0.034963250 3.403911591 -0.061658505 0.036146965 -0.997442544 -62.622856140
-0.998051703 0.016354129 0.060210884 -146.505050659 0.018478345 0.999220133 0.034893416 3.416154385 -0.059593312 0.035938025 -0.997575581 -63.503608704
-0.998282135 0.015582596 0.056479711 -146.454910278 0.017588006 0.999226034 0.035185453 3.428166389 -0.055887714 0.036118373 -0.997783542 -64.373519897
-0.998567343 0.016139710 0.051017556 -146.410751343 0.017951140 0.999217331 0.035249490 3.439750195 -0.050408710 0.036114812 -0.998075485 -65.223274231
-0.998889446 0.017211320 0.043862451 -146.371963501 0.018771317 0.999196649 0.035405342 3.448711395 -0.043217879 0.036189370 -0.998409986 -66.052520752
-0.999163628 0.019145921 0.036130153 -146.345672607 0.020442551 0.999147475 0.035866272 3.462545395 -0.035412624 0.036574867 -0.998703241 -66.866523743
-0.999364674 0.021696685 0.028279696 -146.326705933 0.022745732 0.999044538 0.037317105 3.474535704 -0.027443023 0.037936628 -0.998903275 -67.656951904
-0.999478221 0.024975926 0.020487819 -146.316177368 0.025740195 0.998948991 0.037929341 3.481883287 -0.019518996 0.038436916 -0.999070287 -68.426834106
-0.999557912 0.026770636 0.012936325 -146.309692383 0.027246881 0.998900115 0.038159847 3.497900248 -0.011900533 0.038495451 -0.999187887 -69.168891907
-0.999580264 0.028385175 0.005797451 -146.315795898 0.028590539 0.998826146 0.039100885 3.508388758 -0.004680801 0.039250229 -0.999218404 -69.895095825
-0.999575675 0.029105192 -0.001247728 -146.313964844 0.029034298 0.998815060 0.039057516 3.518468857 0.002382997 0.039004713 -0.999236166 -70.580520630
-0.999503374 0.030607989 -0.007491224 -146.321197510 0.030297164 0.998796046 0.038580876 3.526939392 0.008663058 0.038334753 -0.999227405 -71.242332458
-0.999394536 0.032130871 -0.013346137 -146.331420898 0.031598568 0.998764813 0.038344443 3.534871340 0.014561692 0.037899505 -0.999175370 -71.871833801
-0.999284863 0.032890726 -0.018652227 -146.347152710 0.032165360 0.998762131 0.037939757 3.545295954 0.019877005 0.037312664 -0.999105930 -72.485984802
-0.999099255 0.035481475 -0.023271462 -146.368957520 0.034596898 0.998702347 0.037371911 3.552304745 0.024567265 0.036533128 -0.999030411 -73.068817139
-0.998920918 0.037067857 -0.027982280 -146.381118774 0.035968419 0.998598635 0.038821351 3.558729649 0.029382089 0.037772983 -0.998854280 -73.616584778
-0.998780251 0.037901137 -0.031646334 -146.402572632 0.036599893 0.998499572 0.040732153 3.563964128 0.033142608 0.039524224 -0.998668849 -74.139984131
-0.998599648 0.038811844 -0.035949897 -146.412643433 0.037297279 0.998426199 0.041883405 3.569325447 0.037518855 0.040483922 -0.998475552 -74.644035339
-0.998471618 0.039308257 -0.038850259 -146.436523438 0.037652593 0.998388112 0.042466965 3.578060150 0.040456939 0.040939245 -0.998342216 -75.118652344
-0.998296559 0.041178003 -0.041333403 -146.456512451 0.039396647 0.998296976 0.043024216 3.586150885 0.043034676 0.041322529 -0.998218656 -75.556686401
-0.998140812 0.043291263 -0.042903222 -146.482788086 0.041427866 0.998198032 0.043409411 3.594212532 0.044705130 0.041551322 -0.998135686 -75.964424133
-0.998068035 0.043616399 -0.044246346 -146.507858276 0.041645486 0.998139679 0.044528533 3.605967760 0.046106219 0.042599846 -0.998027802 -76.356185913
-0.998073816 0.043411039 -0.044318598 -146.522994995 0.041385885 0.998100519 0.045633614 3.614563465 0.046215486 0.043711547 -0.997974575 -76.691177368
-0.998134077 0.041812040 -0.044497486 -146.529708862 0.039796732 0.998182535 0.045251366 3.631341219 0.046308696 0.043396074 -0.997984052 -76.997558594
-0.998130500 0.041139103 -0.045200303 -146.517654419 0.039087847 0.998205483 0.045364819 3.633387089 0.046985455 0.043513224 -0.997947395 -77.234466553
-0.998265743 0.039636489 -0.043524399 -146.522994995 0.037668958 0.998270631 0.045131102 3.633680820 0.045237973 0.043413311 -0.998032451 -77.489898682
-0.998463452 0.036657669 -0.041555554 -146.518585205 0.034800373 0.998399973 0.044569522 3.623053789 0.043122895 0.043054890 -0.998141646 -77.705917358
-0.998619735 0.035524283 -0.038685549 -146.524002075 0.033837479 0.998483777 0.043417681 3.622262716 0.040169299 0.042048734 -0.998307765 -77.936859131
-0.998762012 0.034955636 -0.035391189 -146.533157349 0.033524629 0.998627067 0.040250603 3.633204699 0.036749613 0.039014298 -0.998562634 -78.125587463
-0.998829901 0.035433568 -0.032912683 -146.538299561 0.034172170 0.998688400 0.038128316 3.639508486 0.034220532 0.036959011 -0.998730659 -78.320785522
-0.998871505 0.036261432 -0.030673156 -146.541931152 0.035081293 0.998655081 0.038175143 3.638287067 0.032016188 0.037056010 -0.998800099 -78.502540588
-0.998985410 0.035158105 -0.028145699 -146.540481567 0.034037862 0.998646140 0.039337493 3.638701677 0.029490612 0.038339566 -0.998829544 -78.689125061
-0.999130845 0.033251908 -0.025139179 -146.546157837 0.032254674 0.998715162 0.039084516 3.650370598 0.026406504 0.038239688 -0.998919606 -78.861175537
-0.999253213 0.031467497 -0.022422614 -146.538070679 0.030585846 0.998785138 0.038633641 3.649003506 0.023611095 0.037918977 -0.999001861 -79.022804260
-0.999287665 0.032536916 -0.019119354 -146.522415161 0.031795308 0.998775899 0.037890114 3.651684046 0.020328775 0.037255216 -0.999098957 -79.173789978
-0.999328852 0.033659052 -0.014451163 -146.519515991 0.033106826 0.998770833 0.036887728 3.658863068 0.015675019 0.036384538 -0.999214888 -79.309883118
-0.999387145 0.033890862 -0.008760318 -146.523422241 0.033551008 0.998773932 0.036399104 3.660259008 0.009983165 0.036082882 -0.999298871 -79.435607910
-0.999465764 0.032634035 -0.001771543 -146.523880005 0.032547370 0.998799264 0.036615714 3.655724287 0.002964322 0.036538493 -0.999327838 -79.562965393
-0.999516845 0.030356288 0.006676890 -146.523376465 0.030581016 0.998861253 0.036622003 3.652803183 -0.005557574 0.036808498 -0.999306858 -79.684806824
-0.999511480 0.028044237 0.013794478 -146.505447388 0.028522082 0.998953402 0.035758097 3.668827057 -0.012777239 0.036134083 -0.999265194 -79.783561707
-0.999421895 0.026861550 0.020840582 -146.493621826 0.027625881 0.998922229 0.037297923 3.661756039 -0.019816246 0.037852105 -0.999086738 -79.889030457
-0.999328196 0.025178213 0.026633188 -146.471145630 0.026183102 0.998931587 0.038080126 3.657379866 -0.025645938 0.038751882 -0.998919606 -79.963920593
-0.999178052 0.024778331 0.032081865 -146.477752686 0.025992168 0.998940051 0.037988413 3.662017345 -0.031106591 0.038791064 -0.998763025 -80.018699646
-0.999041498 0.025009589 0.035925850 -146.466140747 0.026330303 0.998976707 0.036771983 3.665935040 -0.034969427 0.037682675 -0.998677611 -80.060523987
-0.998931050 0.024826150 0.038993094 -146.460754395 0.026253924 0.998987138 0.036541115 3.668772936 -0.038046416 0.037525769 -0.998571038 -80.098083496
-0.998879969 0.024864918 0.040256537 -146.437683105 0.026331745 0.998992980 0.036326166 3.671693802 -0.039312769 0.037345506 -0.998528779 -80.124626160
-0.998775899 0.024113525 0.043186024 -146.454147339 0.025677277 0.999020755 0.036028679 3.665879250 -0.042274933 0.037093479 -0.998417199 -80.144798279
-0.998764932 0.024070118 0.043465562 -146.444091797 0.025656395 0.999011040 0.036313754 3.665386677 -0.042548504 0.037384078 -0.998394728 -80.157264709
-0.998768449 0.024064468 0.043386977 -146.451461792 0.025637636 0.999020159 0.036074772 3.668069363 -0.042476345 0.037142694 -0.998406768 -80.143035889
-0.998768449 0.024769127 0.042989716 -146.442855835 0.026311943 0.999016106 0.035701077 3.662241459 -0.042063143 0.036788255 -0.998437345 -80.127540588
-0.998761833 0.025025733 0.042993657 -146.441360474 0.026526658 0.999045551 0.034702040 3.654915094 -0.042084169 0.035799555 -0.998472452 -80.116828918
-0.998761714 0.025095707 0.042955663 -146.443176270 0.026555920 0.999076843 0.033767305 3.664390802 -0.042068560 0.034866221 -0.998506188 -80.120658875
-0.998745799 0.025099838 0.043323524 -146.435317993 0.026594525 0.999058485 0.034276042 3.667441607 -0.042422414 0.035385221 -0.998472869 -80.142364502
-0.998764038 0.025343485 0.042758636 -146.415481567 0.026788605 0.999077201 0.033569582 3.671255112 -0.041868407 0.034673534 -0.998521209 -80.153961182
-0.998777688 0.025089530 0.042586654 -146.413681030 0.026549641 0.999066591 0.034073457 3.661281824 -0.041692037 0.035162468 -0.998511612 -80.151351929
-0.998766422 0.024936199 0.042940009 -146.422073364 0.026432689 0.999050140 0.034642808 3.656401873 -0.042035371 0.035735089 -0.998476863 -80.147171021
-0.998716056 0.025202658 0.043944858 -146.446090698 0.026705062 0.999066949 0.033943143 3.663365126 -0.043048423 0.035073109 -0.998457134 -80.146842957
-0.998724341 0.024959624 0.043894392 -146.446990967 0.026460497 0.999073088 0.033950828 3.663509369 -0.043006308 0.035068989 -0.998459101 -80.149795532
-0.998706877 0.025158064 0.044176321 -146.457473755 0.026672132 0.999065042 0.034025092 3.664352894 -0.043279000 0.035159376 -0.998444200 -80.157180786
-0.998715818 0.024787476 0.044186559 -146.456848145 0.026303448 0.999073446 0.034063615 3.665008307 -0.043301243 0.035182133 -0.998442411 -80.160560608
-0.998702466 0.025137240 0.044289403 -146.448898315 0.026666166 0.999056578 0.034275275 3.661108494 -0.043386016 0.035411831 -0.998430610 -80.146057129
-0.998684168 0.025259731 0.044630438 -146.455596924 0.026792910 0.999059379 0.034095019 3.661910534 -0.043727230 0.035245933 -0.998421550 -80.150604248
-0.998670340 0.025248254 0.044944316 -146.459045410 0.026796235 0.999056399 0.034179654 3.661213398 -0.044038944 0.035338551 -0.998404562 -80.148910522
-0.998660684 0.025526170 0.045002893 -146.460494995 0.027073776 0.999050856 0.034121551 3.662935734 -0.044089206 0.035294253 -0.998403907 -80.136459351
-0.998677850 0.025396882 0.044694591 -146.453262329 0.026927410 0.999059618 0.033981938 3.665216923 -0.043789510 0.035140518 -0.998422503 -80.146697998
-0.998678625 0.025568465 0.044577524 -146.445205688 0.027097423 0.999053180 0.034038793 3.662817955 -0.043665007 0.035201762 -0.998425901 -80.145782471
-0.998676538 0.025455087 0.044692632 -146.445053101 0.026987072 0.999056876 0.034016140 3.663215637 -0.043784585 0.035177242 -0.998421490 -80.140510559
-0.998637199 0.025506577 0.045532342 -146.457138062 0.027068622 0.999054313 0.034025807 3.661153316 -0.044621378 0.035211932 -0.998383164 -80.137474060
-0.998616278 0.025705457 0.045876261 -146.452651978 0.027275791 0.999051571 0.033938445 3.664468050 -0.044960357 0.035142798 -0.998370469 -80.147209167
-0.998596311 0.025902718 0.046197861 -146.450988770 0.027478419 0.999050677 0.033805095 3.665693283 -0.045278382 0.035027094 -0.998360157 -80.153144836
-0.998574257 0.026090294 0.046571027 -146.450759888 0.027672898 0.999049962 0.033667792 3.667010069 -0.045648344 0.034908552 -0.998347402 -80.146514893
-0.998591065 0.026035210 0.046238720 -146.441574097 0.027618282 0.999042332 0.033934522 3.662996769 -0.045310974 0.035163745 -0.998353839 -80.147125244
-0.998581946 0.026009100 0.046450395 -146.441055298 0.027588708 0.999051273 0.033695322 3.667578459 -0.045529924 0.034929052 -0.998352051 -80.150878906
-0.998590708 0.026058383 0.046232022 -146.438079834 0.027637100 0.999044895 0.033843581 3.663702250 -0.045305952 0.035073608 -0.998357236 -80.147453308
-0.998511553 0.026423259 0.047712125 -146.459716797 0.028055727 0.999032199 0.033875789 3.664888859 -0.046770811 0.035163969 -0.998286545 -80.142539978
-0.998537004 0.026417943 0.047179595 -146.451812744 0.028028626 0.999035180 0.033810474 3.665514946 -0.046240859 0.035083394 -0.998314023 -80.135314941
-0.998562515 0.026536474 0.046570379 -146.433273315 0.028136650 0.999024034 0.034047905 3.661863089 -0.045621403 0.035309292 -0.998334587 -80.140319824
-0.998552322 0.026293909 0.046924554 -146.430648804 0.027903816 0.999032617 0.033989564 3.661197901 -0.045985442 0.035249732 -0.998319983 -80.148048401
-0.998577476 0.026602881 0.046208542 -146.412094116 0.028195556 0.999018431 0.034164272 3.661095381 -0.045254320 0.035418551 -0.998347402 -80.144248962
-0.998555839 0.026773816 0.046576213 -146.415573120 0.028350145 0.999035954 0.033519335 3.673169851 -0.045633864 0.034791376 -0.998352110 -80.147850037
-0.998525918 0.026510831 0.047361758 -146.444564819 0.028144909 0.999019563 0.034175016 3.659559727 -0.046409320 0.035457633 -0.998292983 -80.123039246
-0.998516619 0.026346622 0.047648411 -146.447784424 0.027987387 0.999026477 0.034101982 3.662122965 -0.046703544 0.035384957 -0.998281837 -80.130851746
-0.998503387 0.026395986 0.047897357 -146.448745728 0.028044680 0.999025524 0.034082163 3.659338951 -0.046951063 0.035374425 -0.998270571 -80.131599426
-0.998506844 0.026346082 0.047853131 -146.442810059 0.027978644 0.999037862 0.033772860 3.666578531 -0.046917308 0.035061300 -0.998283207 -80.136108398
-0.998466432 0.026727788 0.048479907 -146.446624756 0.028376438 0.999030948 0.033643521 3.670620441 -0.047533691 0.034967616 -0.998257399 -80.144096375
-0.998466372 0.026807595 0.048439212 -146.446105957 0.028459432 0.999025404 0.033739500 3.666884899 -0.047487542 0.035066307 -0.998256087 -80.139045715
-0.998448968 0.027000295 0.048690628 -146.445327759 0.028651439 0.999026716 0.033537779 3.672266722 -0.047737695 0.034880821 -0.998250723 -80.153236389
-0.998465061 0.026961412 0.048380908 -146.439041138 0.028595060 0.999033034 0.033398006 3.673301220 -0.047433648 0.034730200 -0.998270392 -80.139579773
-0.998468757 0.026901957 0.048336923 -146.434310913 0.028538642 0.999031365 0.033494908 3.672237396 -0.047389008 0.034823090 -0.998269260 -80.155189514
-0.998499036 0.026885414 0.047717154 -146.418884277 0.028508287 0.999026597 0.033661928 3.671046495 -0.046765648 0.034971736 -0.998293519 -80.154609680
-0.998474360 0.026883256 0.048231792 -146.430068970 0.028532278 0.999020100 0.033833109 3.664513111 -0.047274970 0.035157651 -0.998263001 -80.156517029
-0.998506188 0.026697638 0.047672603 -146.416854858 0.028327255 0.999025702 0.033841442 3.665056944 -0.046722662 0.035141323 -0.998289585 -80.150192261
-0.998497367 0.026962182 0.047709495 -146.417816162 0.028588811 0.999021411 0.033747025 3.669129372 -0.046752911 0.035060268 -0.998291016 -80.156097412
-0.998498261 0.026955895 0.047692068 -146.416259766 0.028585864 0.999018729 0.033831537 3.667164087 -0.046733301 0.035144053 -0.998288929 -80.152687073
-0.998476982 0.026707672 0.048275672 -146.433135986 0.028358057 0.999025226 0.033831328 3.666540861 -0.047325075 0.035148807 -0.998260856 -80.141418457
-0.998468816 0.026821142 0.048380096 -146.434448242 0.028475365 0.999021709 0.033833362 3.667088509 -0.047425333 0.035159197 -0.998255789 -80.144569397
-0.998446405 0.026808048 0.048849221 -146.445114136 0.028471470 0.999027073 0.033680484 3.668176889 -0.047898803 0.035018969 -0.998238087 -80.144615173
-0.998451829 0.026784757 0.048749935 -146.442840576 0.028446604 0.999026418 0.033720728 3.668829441 -0.047799245 0.035055291 -0.998241603 -80.144241333
-0.998420596 0.026879996 0.049334083 -146.452957153 0.028567402 0.999019504 0.033823267 3.666823626 -0.048376530 0.035179194 -0.998209476 -80.144279480
-0.998421550 0.026974935 0.049260680 -146.454849243 0.028660078 0.999016643 0.033828877 3.668358564 -0.048299722 0.035187300 -0.998212934 -80.142341614
-0.998371959 0.026997225 0.050244402 -146.459350586 0.028725360 0.999009073 0.033996310 3.662608624 -0.049276792 0.035384256 -0.998158157 -80.143997192
-0.998275816 0.026698921 0.052273594 -146.451477051 0.028482277 0.999027014 0.033673357 3.656564236 -0.051323693 0.035104174 -0.998064876 -80.140960693
-0.998225093 0.026068475 0.053545393 -146.436798096 0.027867557 0.999062419 0.033131890 3.663055182 -0.052631509 0.034565262 -0.998015642 -80.144020081
-0.998069167 0.025506763 0.056632835 -146.431930542 0.027417848 0.999071598 0.033228513 3.656634331 -0.055732694 0.034717102 -0.997842014 -80.154312134
-0.997763276 0.025593549 0.061753109 -146.435012817 0.027657408 0.999079227 0.032801040 3.662811041 -0.060856752 0.034435607 -0.997552276 -80.173500061
-0.997405648 0.025617007 0.067273803 -146.414001465 0.027856477 0.999081314 0.032564361 3.666415691 -0.066377804 0.034353886 -0.997202992 -80.215393066
-0.997048974 0.025444305 0.072428681 -146.379272461 0.027890276 0.999067366 0.032961972 3.666863441 -0.071522430 0.034884762 -0.996828735 -80.224632263
-0.996484518 0.024755249 0.080036283 -146.357803345 0.027451668 0.999085903 0.032766853 3.663100481 -0.079151988 0.034848794 -0.996253192 -80.263137817
-0.995706260 0.024331024 0.089314200 -146.349884033 0.027321804 0.999100983 0.032417536 3.663664818 -0.088445142 0.034718566 -0.995475829 -80.289947510
-0.994883835 0.023742156 0.098196410 -146.326522827 0.027077869 0.999095798 0.032777566 3.655577183 -0.097329415 0.035268821 -0.994627118 -80.321258545
-0.993683100 0.022980759 0.109843925 -146.335800171 0.026651995 0.999130189 0.032071579 3.664715528 -0.109011337 0.034796551 -0.993431270 -80.361175537
-0.992251039 0.022991991 0.122102946 -146.329803467 0.027117157 0.999112487 0.032230519 3.662394285 -0.121253528 0.035291851 -0.991993964 -80.400306702
-0.990584195 0.022804508 0.134992212 -146.306625366 0.027340701 0.999118745 0.031845182 3.662475824 -0.134147048 0.035236113 -0.990334809 -80.447372437
-0.988457084 0.022527756 0.149817109 -146.298355103 0.027441470 0.999148488 0.030811887 3.660170078 -0.148995444 0.034567434 -0.988233447 -80.487243652
-0.985894561 0.021115143 0.166030541 -146.276580811 0.026218954 0.999246776 0.028608494 3.662777185 -0.165301397 0.032558110 -0.985705495 -80.543899536
-0.983113527 0.020587562 0.181834877 -146.216567993 0.025853131 0.999310851 0.026635094 3.662614346 -0.181161210 0.030886330 -0.982968271 -80.617454529
-0.979665279 0.018361464 0.199796826 -146.193496704 0.023991335 0.999379337 0.025793219 3.658971786 -0.199199229 0.030062115 -0.979497731 -80.674316406
-0.975751102 0.017529812 0.218180105 -146.148971558 0.023801265 0.999374628 0.026149297 3.665739536 -0.217585281 0.030708168 -0.975558102 -80.790557861
-0.971176267 0.018653689 0.237631604 -146.109344482 0.025832318 0.999298096 0.027130796 3.669638634 -0.236958742 0.032487359 -0.970976353 -80.917404175
-0.965816081 0.019426450 0.258499175 -146.052062988 0.027559426 0.999231339 0.027875585 3.675406933 -0.257758975 0.034046780 -0.965609252 -81.061248779
-0.959579766 0.017809816 0.280872881 -145.980606079 0.027096948 0.999205768 0.029216094 3.676435947 -0.280129462 0.035645969 -0.959300220 -81.212783813
-0.952365518 0.015663035 0.304556161 -145.908172607 0.026509546 0.999151826 0.031511534 3.685010433 -0.303804249 0.038084149 -0.951973021 -81.375411987
-0.944431245 0.014998721 0.328366637 -145.821151733 0.027414696 0.999072194 0.033214368 3.687065601 -0.327563822 0.040370759 -0.943966269 -81.542091370
-0.935524344 0.015803371 0.352908731 -145.723495483 0.029691098 0.998981655 0.033973269 3.688964844 -0.352012455 0.042261068 -0.935040832 -81.722167969
-0.925052524 0.015901867 0.379506111 -145.626541138 0.031859670 0.998850882 0.035805173 3.692655087 -0.378500581 0.045212608 -0.924496114 -81.906242371
-0.912850738 0.015354598 0.408004642 -145.520919800 0.034022886 0.998677850 0.038537618 3.689529657 -0.406873405 0.049060591 -0.912166178 -82.076370239
-0.898370922 0.015025845 0.438980401 -145.400619507 0.035793647 0.998595178 0.039070629 3.697719097 -0.437776625 0.050812624 -0.897646785 -82.272079468
-0.881387770 0.014557956 0.472169101 -145.263854980 0.036967870 0.998585343 0.038218662 3.691807747 -0.470944762 0.051140547 -0.880679131 -82.439857483
-0.860690951 0.012200747 0.508981586 -145.155059814 0.035280053 0.998738885 0.035718124 3.693913460 -0.507903934 0.048699163 -0.860036016 -82.582283020
-0.836897671 0.010059805 0.547266901 -144.971023560 0.033674862 0.998883367 0.033135280 3.696636200 -0.546322465 0.046159979 -0.836301923 -82.797843933
-0.809022725 0.009488774 0.587700903 -144.765655518 0.034067791 0.998945773 0.030768791 3.700791836 -0.586789310 0.044914316 -0.808493078 -83.022399902
-0.776864946 0.012694670 0.629539251 -144.538558960 0.038336039 0.998895466 0.027164754 3.703585625 -0.628499150 0.045237385 -0.776493669 -83.259254456
-0.741605997 0.016520087 0.670632184 -144.281082153 0.042051435 0.998875439 0.021895893 3.721020460 -0.669516325 0.044439171 -0.741466820 -83.507369995
-0.704399347 0.018118510 0.709572673 -143.999313354 0.043447964 0.998900175 0.017624874 3.730862141 -0.708472967 0.043244433 -0.704411864 -83.761169434
-0.666297615 0.017476050 0.745481074 -143.638977051 0.043918699 0.998909593 0.015836660 3.736336470 -0.744391441 0.043292493 -0.666338563 -84.026351929
-0.625577331 0.018163817 0.779950738 -143.256088257 0.046398964 0.998825610 0.013954280 3.746790886 -0.778781176 0.044918384 -0.625685334 -84.290847778
-0.583373189 0.016603902 0.812034488 -142.832183838 0.046936024 0.998809397 0.013296345 3.768211842 -0.810846925 0.045870401 -0.583458006 -84.545104980
-0.538528562 0.013025180 0.842506588 -142.376983643 0.047736492 0.998746216 0.015072423 3.770806074 -0.841253996 0.048335239 -0.538475156 -84.814079285
-0.492189258 0.008505959 0.870446622 -141.886886597 0.049942411 0.998581052 0.018481577 3.773766041 -0.869054496 0.052568637 -0.491915643 -85.050956726
-0.442732155 0.005978825 0.896633983 -141.373062134 0.055083290 0.998270452 0.020542005 3.792981625 -0.894960403 0.058484156 -0.442295760 -85.287857056
-0.393198133 0.003061027 0.919448793 -140.811859131 0.057992317 0.998085916 0.021477317 3.811743259 -0.917623103 0.061765797 -0.392622977 -85.494110107
-0.342452884 -0.002075342 0.939532697 -140.227310181 0.060390264 0.997881055 0.024216032 3.807345390 -0.937592149 0.065031484 -0.341601849 -85.686935425
-0.292582333 -0.006432402 0.956218660 -139.624923706 0.063017666 0.997673869 0.025993317 3.809487343 -0.954161584 0.067863859 -0.291496336 -85.840629578
-0.242904812 -0.008777697 0.970010400 -138.993576050 0.065380439 0.997537136 0.025399007 3.820940018 -0.967844367 0.069589250 -0.241732657 -85.985740662
-0.197454408 -0.008505837 0.980275154 -138.325302124 0.068456598 0.997401595 0.022443477 3.831554413 -0.977918983 0.071537867 -0.196359038 -86.105064392
-0.157718450 -0.006782326 0.987460971 -137.652633667 0.069365926 0.997430146 0.017929992 3.847408772 -0.985044777 0.071324028 -0.156842694 -86.191925049
-0.123796605 -0.006634200 0.992285371 -136.936233521 0.067932390 0.997574985 0.015144750 3.852081776 -0.989979565 0.069283187 -0.123045757 -86.259773254
-0.096226633 -0.004516072 0.995349288 -136.200134277 0.067279682 0.997673213 0.011030969 3.858303070 -0.993082941 0.068028264 -0.095698878 -86.311431885
-0.074525520 -0.002610014 0.997215748 -135.410919189 0.066762909 0.997739911 0.007600820 3.865003586 -0.994981706 0.067143470 -0.074182779 -86.363143921
-0.057619631 -0.001994871 0.998336554 -134.623764038 0.068337202 0.997644603 0.005937608 3.867279053 -0.995997012 0.068565652 -0.057347588 -86.410995483
-0.042399481 -0.001124656 0.999100089 -133.810943604 0.069948196 0.997542202 0.004091334 3.864626408 -0.996649265 0.070058711 -0.042216573 -86.443115234
-0.027800474 0.001149405 0.999612927 -132.974090576 0.071797900 0.997418761 0.000849901 3.861140013 -0.997031629 0.071793728 -0.027811207 -86.468826294
-0.013241157 0.004279834 0.999903202 -132.094070435 0.072553508 0.997358978 -0.003308164 3.850772619 -0.997276664 0.072502680 -0.013516683 -86.472236633
0.000743284 0.007772125 0.999969542 -131.243804932 0.072804347 0.997315645 -0.007805614 3.844347239 -0.997345984 0.072807923 0.000175444 -86.464981079
0.013308158 0.008107189 0.999878645 -130.336929321 0.069193877 0.997562528 -0.009009363 3.833692074 -0.997514486 0.069305368 0.012714749 -86.446418762
0.023054421 0.008257383 0.999700129 -129.402572632 0.064624101 0.997862220 -0.009732521 3.823066235 -0.997643352 0.064829096 0.022471538 -86.425010681
0.028479807 0.008518953 0.999558091 -128.453170776 0.060020145 0.998144805 -0.010217023 3.808600187 -0.997790813 0.060284603 0.027915664 -86.388885498
0.030559978 0.008785687 0.999494255 -127.483734131 0.057407636 0.998295307 -0.010530407 3.789056301 -0.997882962 0.057700407 0.030003484 -86.344741821
0.031452049 0.007696374 0.999475598 -126.485214233 0.056661293 0.998348653 -0.009470738 3.776034117 -0.997897923 0.056929454 0.030964008 -86.311065674
0.032600533 0.006771449 0.999445498 -125.461700439 0.056821268 0.998347223 -0.008617433 3.763465405 -0.997851968 0.057070695 0.032161880 -86.275459290
0.035313182 0.005976223 0.999358416 -124.434646606 0.058115263 0.998277605 -0.008023313 3.738061428 -0.997685134 0.058361303 0.034905080 -86.229125977
0.040197141 0.005754783 0.999175251 -123.369445801 0.058662467 0.998245001 -0.008109433 3.726213932 -0.997468293 0.058940060 0.039789006 -86.196083069
0.044506032 0.006040764 0.998990774 -122.299179077 0.058607094 0.998243690 -0.008647255 3.706114769 -0.997288585 0.058932804 0.044073850 -86.139556885
0.048929602 0.006849830 0.998778701 -121.211242676 0.058054976 0.998266280 -0.009690401 3.695638657 -0.997113585 0.058458228 0.048447076 -86.084869385
0.054481998 0.006698064 0.998492301 -120.107734680 0.057026129 0.998324454 -0.009808529 3.680092335 -0.996885061 0.057474539 0.054008722 -86.026924133
0.059664022 0.004442106 0.998208642 -118.968406677 0.057332516 0.998324096 -0.007869449 3.667100906 -0.996570766 0.057699330 0.059309334 -85.965003967
0.063857235 -0.000077930 0.997958958 -117.845710754 0.060008153 0.998190761 -0.003761845 3.636933565 -0.996153235 0.060125895 0.063746370 -85.877494812
0.068362929 -0.002110450 0.997658193 -116.687515259 0.060264125 0.998180389 -0.002017947 3.625111580 -0.995838761 0.060260955 0.068365730 -85.800720215
0.069743961 -0.001908826 0.997563124 -115.513694763 0.060305983 0.998177350 -0.002306249 3.607845068 -0.995740414 0.060319860 0.069731951 -85.708938599
0.070135891 0.000380585 0.997537374 -114.340118408 0.058411751 0.998282433 -0.004487738 3.598436594 -0.995825827 0.058582656 0.069993198 -85.633514404
0.069214158 0.000732013 0.997601509 -113.141822815 0.058382705 0.998282850 -0.004783140 3.585426092 -0.995891988 0.058573745 0.069052570 -85.553291321
0.068226308 -0.001451402 0.997668743 -111.952033997 0.059174757 0.998244226 -0.002594469 3.569260597 -0.995913386 0.059213821 0.068192407 -85.469650269
0.067137741 -0.003609894 0.997737169 -110.734466553 0.060414180 0.998173296 -0.000453799 3.546393871 -0.995912969 0.060307942 0.067233160 -85.380073547
0.066811763 -0.004972125 0.997753203 -109.532585144 0.062166709 0.998065412 0.000810855 3.528396845 -0.995827079 0.061972857 0.066991597 -85.307624817
0.066316642 -0.005432989 0.997783720 -108.335609436 0.061856870 0.998084128 0.001323369 3.510035992 -0.995879412 0.061632026 0.066525668 -85.223648071
0.065264277 -0.005715304 0.997851789 -107.144958496 0.062401775 0.998049796 0.001635064 3.488833904 -0.995914936 0.062161002 0.065493651 -85.138259888
0.065067500 -0.003992680 0.997872889 -105.953376770 0.061860643 0.998084843 -0.000040163 3.468147516 -0.995961607 0.061731674 0.065189868 -85.064437866
0.064102918 -0.001861294 0.997941554 -104.770820618 0.061524596 0.998103380 -0.002090439 3.443913937 -0.996044934 0.061531954 0.064095885 -84.977836609
0.063830793 -0.001420897 0.997959733 -103.573173523 0.061004035 0.998134434 -0.002480752 3.426379919 -0.996094406 0.061037920 0.063798390 -84.901748657
0.063427381 -0.003639359 0.997979820 -102.373786926 0.060606483 0.998161793 -0.000211871 3.404642582 -0.996144474 0.060497489 0.063531362 -84.825035095
0.062324744 -0.005727468 0.998039484 -101.206779480 0.060308058 0.998177886 0.001962194 3.383086920 -0.996232212 0.060067523 0.062556565 -84.738754272
0.062113497 -0.004268173 0.998059988 -100.022911072 0.059105303 0.998251617 0.000590622 3.363145828 -0.996317446 0.058953956 0.062257171 -84.664909363
0.061957743 -0.002655564 0.998075306 -98.830261230 0.060121309 0.998190522 -0.001076298 3.334780693 -0.996266425 0.060072277 0.062005293 -84.592414856
0.061488681 -0.000914625 0.998107374 -97.654846191 0.060374066 0.998171866 -0.002804674 3.313342094 -0.996280193 0.060432263 0.061431479 -84.516517639
0.060959499 -0.002860029 0.998136163 -96.470413208 0.059100810 0.998251855 -0.000749118 3.292519093 -0.996388912 0.059036333 0.061021931 -84.445343018
0.061172485 -0.006276946 0.998107493 -95.292449951 0.058208946 0.998300731 0.002710622 3.274676800 -0.996428370 0.057932980 0.061433896 -84.375923157
0.059660252 -0.008920834 0.998178959 -94.120582581 0.056554478 0.998384118 0.005542452 3.249449253 -0.996615350 0.056120820 0.060068369 -84.291503906
0.059613474 -0.006847301 0.998198032 -92.963500977 0.053314868 0.998571038 0.003665833 3.239299297 -0.996796727 0.053000260 0.059893381 -84.219406128
0.059731849 -0.005358114 0.998200119 -91.799377441 0.052681599 0.998608887 0.002207863 3.220769882 -0.996823311 0.052454904 0.059931021 -84.151138306
0.059254341 -0.004851838 0.998231232 -90.643493652 0.051952381 0.998647928 0.001769990 3.201781034 -0.996890068 0.051755596 0.059426334 -84.070838928
0.059481140 -0.005456964 0.998214483 -89.483451843 0.050799973 0.998705864 0.002432610 3.186572790 -0.996936023 0.050564576 0.059681360 -84.001487732
0.058839429 -0.007045197 0.998242617 -88.343009949 0.051846497 0.998647094 0.003992055 3.165950298 -0.996920168 0.051520485 0.059125096 -83.920516968
0.058488116 -0.006948973 0.998263955 -87.189727783 0.052134451 0.998632491 0.003896991 3.145382404 -0.996925831 0.051816013 0.058770433 -83.846809387
0.058437888 -0.004556105 0.998280704 -86.059829712 0.054716010 0.998501003 0.001354117 3.130002737 -0.996790409 0.054542802 0.058599599 -83.781021118
0.059374407 -0.003559023 0.998229444 -84.909889221 0.057514973 0.998344660 0.000138464 3.107712030 -0.996577501 0.057404917 0.059480846 -83.722175598
0.060715184 -0.004134271 0.998146594 -83.764884949 0.059970308 0.998200119 0.000486619 3.086351395 -0.996351957 0.059829608 0.060853839 -83.648483276
0.063531771 -0.005336772 0.997965515 -82.630058289 0.060325563 0.998177707 0.001497501 3.066794395 -0.996154904 0.060107701 0.063737929 -83.573722839
