1.000000000 0.000000000 0.000000000 -0.000015259 0.000000000 1.000000000 0.000000000 0.000000954 0.000000000 0.000000000 1.000000119 0.000015259
0.999991357 -0.002494996 -0.003332555 -0.004014175 0.002487700 0.999994516 -0.002191790 -0.004837801 0.003338005 0.002183481 0.999992192 0.666413307
0.999970913 -0.001095808 -0.007550779 -0.011613963 0.001068563 0.999992907 -0.003611330 -0.010308234 0.007554683 0.003603157 0.999965072 1.360289931
0.999934435 -0.001476925 -0.011356384 -0.022761615 0.001419766 0.999986231 -0.005039414 -0.011677226 0.011363655 0.005022960 0.999922872 2.064768314
0.999868572 -0.000071354 -0.016210824 -0.040376160 -0.000018993 0.999984622 -0.005573003 -0.017291494 0.016210973 0.005572577 0.999853015 2.784936666
0.999787271 -0.000685918 -0.020612089 -0.058670752 0.000563369 0.999982178 -0.005950657 -0.023869280 0.020615805 0.005937777 0.999769807 3.529705286
0.999687195 0.000817739 -0.025002122 -0.086472660 -0.000991799 0.999975383 -0.006950121 -0.034109823 0.024995748 0.006972742 0.999663234 4.272614002
0.999554455 0.003544874 -0.029635638 -0.121804617 -0.003779233 0.999961972 -0.007855651 -0.037201107 0.029606588 0.007964147 0.999529958 5.036630630
0.999406159 0.003930658 -0.034230821 -0.147652656 -0.004135753 0.999973953 -0.005922722 -0.053065866 0.034206659 0.006060776 0.999396384 5.829524517
0.999241292 0.003238526 -0.038811080 -0.181410357 -0.003368241 0.999988973 -0.003277206 -0.059603542 0.038800035 0.003405445 0.999241292 6.625453472
0.999112844 0.002790881 -0.042021822 -0.222663194 -0.002823374 0.999995768 -0.000713822 -0.065777272 0.042019654 0.000831834 0.999116421 7.438221931
0.999006629 0.004341423 -0.044351604 -0.267373443 -0.004402152 0.999989510 -0.001271613 -0.077118941 0.044345625 0.001465596 0.999015212 8.246042252
0.998917818 0.003815687 -0.046351321 -0.314135194 -0.003891882 0.999991238 -0.001553658 -0.081539288 0.046344984 0.001732375 0.998923957 9.065946579
0.998855829 0.001391411 -0.047801130 -0.360258937 -0.001494704 0.999996662 -0.002125158 -0.089027390 0.047798008 0.002194179 0.998854578 9.891014099
0.998722672 0.000659291 -0.050523728 -0.393393606 -0.000722919 0.999998987 -0.001241092 -0.097009391 0.050522890 0.001276031 0.998722076 10.743946075
0.998640716 -0.000890257 -0.052114945 -0.439248532 0.000807115 0.999998391 -0.001616372 -0.103724420 0.052116338 0.001572112 0.998639822 11.595670700
0.998541296 0.001274389 -0.053977594 -0.490941048 -0.001479146 0.999991894 -0.003753582 -0.115573816 0.053972397 0.003827948 0.998535156 12.452915192
0.998472035 0.001951799 -0.055227216 -0.544439435 -0.002316257 0.999975979 -0.006535973 -0.124591082 0.055213165 0.006653907 0.998452425 13.317853928
0.998373568 0.005719304 -0.056722950 -0.605260730 -0.006179017 0.999949396 -0.007932413 -0.138620526 0.056674737 0.008270005 0.998358428 14.189033508
0.998297870 0.007030114 -0.057895154 -0.660270035 -0.007483678 0.999943018 -0.007621110 -0.151613131 0.057838317 0.008041411 0.998293638 15.075744629
0.998215377 0.005924742 -0.059422590 -0.714891434 -0.006295152 0.999961913 -0.006048203 -0.165097833 0.059384540 0.006411485 0.998214602 15.969331741
0.998135507 0.007013438 -0.060631774 -0.776126623 -0.007314286 0.999962091 -0.004741366 -0.174551189 0.060596257 0.005176004 0.998149037 16.866037369
0.998099506 0.006395286 -0.061289907 -0.839449286 -0.006677778 0.999968052 -0.004405400 -0.192928821 0.061259776 0.004806308 0.998110294 17.759183884
0.998003960 0.006174998 -0.062848136 -0.899589181 -0.006513307 0.999965370 -0.005179496 -0.204482555 0.062813975 0.005578507 0.998009622 18.668113708
0.997932911 0.004863707 -0.064079084 -0.958752275 -0.005255681 0.999968529 -0.005949899 -0.217884287 0.064048141 0.006274380 0.997927129 19.579528809
0.997903347 0.004916081 -0.064534873 -1.023266673 -0.005193973 0.999977946 -0.004138954 -0.230914190 0.064513087 0.004465471 0.997906923 20.490549088
0.997898161 0.006156132 -0.064508364 -1.090262413 -0.006227106 0.999980211 -0.000899188 -0.239297226 0.064501531 0.001299001 0.997916818 21.415439606
0.997944653 0.006947512 -0.063703269 -1.151075840 -0.006763130 0.999972284 0.003109613 -0.253341377 0.063723087 -0.002672387 0.997964144 22.341089249
0.998056710 0.005322988 -0.062084023 -1.208726168 -0.004962689 0.999970019 0.005956205 -0.259699702 0.062113874 -0.005636523 0.998053193 23.272609711
0.998155653 0.005610419 -0.060446374 -1.270202160 -0.005223556 0.999964893 0.006556223 -0.262307167 0.060481057 -0.006228382 0.998149931 24.212133408
0.998236060 0.006090683 -0.059057437 -1.329445839 -0.005899158 0.999976814 0.003416868 -0.265252113 0.059076902 -0.003062448 0.998248756 25.148397446
0.998286188 0.006672658 -0.058138758 -1.387113333 -0.006741209 0.999976873 -0.000983078 -0.278588593 0.058130890 0.001373319 0.998308063 26.094165802
0.998360813 0.005700024 -0.056948163 -1.443483472 -0.005927379 0.999975204 -0.003824261 -0.287488788 0.056924984 0.004155547 0.998369873 27.044563293
0.998435676 0.003400444 -0.055808995 -1.504553437 -0.003552536 0.999990284 -0.002626282 -0.297166377 0.055799562 0.002820437 0.998438001 28.003324509
0.998407006 0.001474979 -0.056402199 -1.552412271 -0.001339678 0.999996126 0.002436504 -0.310228705 0.056405608 -0.002357060 0.998405159 28.976818085
0.998364568 -0.002070676 -0.057129297 -1.609129548 0.002397595 0.999981105 0.005654402 -0.316941798 0.057116523 -0.005782126 0.998350859 29.951038361
0.998250306 -0.009493496 -0.058361322 -1.652560711 0.009811513 0.999938488 0.005165031 -0.324439853 0.058308627 -0.005728608 0.998282194 30.913503647
0.998127341 -0.012142239 -0.059953663 -1.707236052 0.012231715 0.999924481 0.001125659 -0.325465143 0.059935398 -0.001856888 0.998200476 31.890451431
0.998057723 -0.011749996 -0.061176952 -1.769989014 0.011598539 0.999928713 -0.002830276 -0.334710389 0.061205897 0.002115216 0.998122990 32.865123749
0.997953534 -0.010254899 -0.063115142 -1.839693785 0.010053452 0.999943256 -0.003508524 -0.344089955 0.063147590 0.002866820 0.998000145 33.847404480
0.997902095 -0.010275764 -0.063918918 -1.903737783 0.010157830 0.999946058 -0.002169698 -0.357170165 0.063937806 0.001515869 0.997952700 34.836170197
0.997838438 -0.007338869 -0.065303259 -1.973913193 0.007396214 0.999972522 0.000636508 -0.369687349 0.065296836 -0.001118130 0.997865200 35.833137512
0.997756839 -0.007219896 -0.066551231 -2.041640997 0.007371539 0.999970794 0.002033315 -0.382543206 0.066534676 -0.002519338 0.997781038 36.823974609
0.997685611 -0.006426419 -0.067690127 -2.107888699 0.006747694 0.999967098 0.004518694 -0.387900770 0.067658916 -0.004964987 0.997696280 37.796432495
0.997713447 -0.006221536 -0.067297511 -2.180466652 0.006750049 0.999948025 0.007628884 -0.397042692 0.067246586 -0.008065701 0.997703791 38.801509857
0.997693181 -0.000155420 -0.067883201 -2.257988214 0.000818319 0.999952137 0.009737626 -0.398667663 0.067878470 -0.009770714 0.997645676 39.788871765
0.997710347 0.000071350 -0.067629375 -2.338654280 0.000540896 0.999958992 0.009034638 -0.404030681 0.067627266 -0.009050533 0.997669637 40.767967224
0.997676790 -0.000260284 -0.068123721 -2.395990849 0.000779593 0.999970853 0.007596569 -0.410197586 0.068119764 -0.007632029 0.997648001 41.779453278
0.997653961 0.001921372 -0.068430930 -2.472575903 -0.001564395 0.999984980 0.005269834 -0.413178474 0.068440028 -0.005150416 0.997641981 42.775684357
0.997621417 0.001493407 -0.068915844 -2.543840885 -0.001134509 0.999985576 0.005246662 -0.418330491 0.068922728 -0.005155997 0.997608662 43.748531342
0.997527838 -0.000185566 -0.070272721 -2.615006685 0.000639796 0.999979079 0.006441405 -0.426439792 0.070270099 -0.006470442 0.997507036 44.738708496
0.997482061 0.000291012 -0.070917584 -2.684336662 0.000254864 0.999970436 0.007688160 -0.436722845 0.070917621 -0.007686875 0.997452557 45.713504791
0.997470617 0.002657244 -0.071029715 -2.759955406 -0.002384335 0.999989390 0.003926685 -0.443764925 0.071039326 -0.003747394 0.997466445 46.686672211
0.997394800 0.003291501 -0.072060235 -2.834708452 -0.003322036 0.999994457 -0.000303889 -0.451055676 0.072058752 0.000542484 0.997400284 47.646400452
0.997328281 0.003955960 -0.072941571 -2.901646137 -0.004061315 0.999990880 -0.001296161 -0.460900128 0.072935760 0.001588935 0.997335434 48.619148254
0.997308850 0.002862547 -0.073257476 -2.972454071 -0.002701356 0.999993742 0.002299282 -0.472812802 0.073263571 -0.002095202 0.997310519 49.602680206
0.997307897 0.000441542 -0.073325768 -3.044985056 -0.000032503 0.999984503 0.005579431 -0.484551132 0.073327072 -0.005562030 0.997292459 50.562183380
0.997276604 -0.001449406 -0.073736884 -3.108043194 0.001890827 0.999980688 0.005916992 -0.489919543 0.073726848 -0.006040303 0.997260273 51.519001007
0.997255683 -0.004731483 -0.073883265 -3.180879593 0.005097400 0.999975622 0.004764881 -0.499246269 0.073858894 -0.005128418 0.997255564 52.474548340
0.997216761 -0.007863514 -0.074140050 -3.250260115 0.008158593 0.999960005 0.003677994 -0.510090232 0.074108116 -0.004272634 0.997241199 53.424373627
0.997125328 -0.009327406 -0.075193048 -3.322916269 0.009705874 0.999942005 0.004669374 -0.517916203 0.075145103 -0.005385763 0.997158051 54.379375458
0.996985495 -0.012536827 -0.076568276 -3.390253305 0.013275618 0.999870121 0.009147403 -0.527483881 0.076443613 -0.010136317 0.997022390 55.324863434
0.996910453 -0.013453066 -0.077385336 -3.455562115 0.014569266 0.999797583 0.013877495 -0.525655270 0.077182978 -0.014962066 0.996904731 56.271274567
0.996902347 -0.011618368 -0.077785693 -3.538194180 0.012882752 0.999792635 0.015772730 -0.522992849 0.077586308 -0.016725963 0.996845365 57.219566345
0.996804893 -0.010304137 -0.079206124 -3.616401434 0.011262210 0.999868631 0.011658805 -0.523331225 0.079075597 -0.012513591 0.996790111 58.148590088
0.996718287 -0.008766605 -0.080472410 -3.693017483 0.009146232 0.999948680 0.004350105 -0.533606648 0.080430090 -0.005071847 0.996747375 59.073043823
0.996668577 -0.006551904 -0.081294902 -3.774889946 0.006492719 0.999978423 -0.000992341 -0.535822988 0.081299610 0.000461212 0.996689677 59.985172272
0.996643782 -0.001895248 -0.081838399 -3.863132477 0.001901406 0.999998093 -0.000002689 -0.546727538 0.081838205 -0.000152925 0.996645629 60.883457184
0.996520460 0.000251891 -0.083347261 -3.942021370 -0.000021519 0.999996185 0.002764916 -0.566003680 0.083347581 -0.002753504 0.996516705 61.784301758
0.996417820 0.002992629 -0.084514111 -4.020195484 -0.002664280 0.999988496 0.003997678 -0.575461984 0.084525041 -0.003758191 0.996414185 62.670707703
0.996336460 0.003656408 -0.085441172 -4.100253582 -0.003323298 0.999986351 0.004040561 -0.589607298 0.085454755 -0.003741810 0.996335089 63.534679413
0.996196091 0.004958768 -0.086997934 -4.182068348 -0.004547752 0.999977589 0.004921947 -0.598129392 0.087020352 -0.004507578 0.996196449 64.389205933
0.996080399 0.006099321 -0.088241540 -4.260938644 -0.005642952 0.999969423 0.005420327 -0.607579947 0.088271916 -0.004901139 0.996084273 65.223937988
0.995942652 0.005760469 -0.089805789 -4.334473133 -0.005256198 0.999969184 0.005850603 -0.615664482 0.089836717 -0.005354828 0.995942116 66.046691895
0.995827973 0.005505301 -0.091083817 -4.408702374 -0.004883504 0.999963403 0.007048128 -0.625559330 0.091119260 -0.006573916 0.995818317 66.850860596
0.995687664 0.008218193 -0.092405066 -4.491229057 -0.007356700 0.999926269 0.009659790 -0.630329549 0.092477627 -0.008938337 0.995674610 67.647888184
0.995537281 0.009901725 -0.093847983 -4.566694736 -0.008640341 0.999866903 0.013837520 -0.636336863 0.093972564 -0.012964885 0.995490372 68.432289124
0.995348573 0.013194941 -0.095430367 -4.649103165 -0.011772098 0.999811172 0.015457420 -0.638927102 0.095616341 -0.014262104 0.995316148 69.205917358
0.995191932 0.016043279 -0.096620888 -4.730123520 -0.015003264 0.999821424 0.011480847 -0.648258448 0.096787840 -0.009976019 0.995255113 69.949295044
0.995019257 0.016043048 -0.098383389 -4.801529884 -0.015701652 0.999867558 0.004243407 -0.655793667 0.098438457 -0.002677488 0.995139658 70.672943115
0.994910538 0.014941959 -0.099647619 -4.874281406 -0.015183402 0.999883294 -0.001665002 -0.661752582 0.099611036 0.003169517 0.995021343 71.384101868
0.994860649 0.015709972 -0.100026771 -4.950914860 -0.016072419 0.999866784 -0.002818592 -0.668407738 0.099969216 0.004411778 0.994980752 72.078430176
0.994745791 0.018471865 -0.100694939 -5.031673908 -0.018477021 0.999828756 0.000881545 -0.681157172 0.100694031 0.000983628 0.994917035 72.751075745
0.994581342 0.018799057 -0.102247506 -5.096735477 -0.018556036 0.999822438 0.003327491 -0.699251592 0.102291852 -0.001412150 0.994753480 73.406478882
0.994552493 0.015449492 -0.103085801 -5.161286354 -0.015530416 0.999879360 0.000017603 -0.709917188 0.103073604 0.001583460 0.994672537 74.032394409
0.994638145 0.007363143 -0.103154212 -5.215911865 -0.007937480 0.999955118 -0.005158366 -0.722243667 0.103111565 0.005949495 0.994652092 74.650238037
0.994760871 0.003409080 -0.102172285 -5.270843029 -0.004448686 0.999940574 -0.009948867 -0.733198345 0.102132253 0.010351275 0.994716942 75.239006042
0.995057464 0.005646697 -0.099139683 -5.330902100 -0.006720181 0.999922276 -0.010497363 -0.739160001 0.099072680 0.011111716 0.995018125 75.823921204
0.995424032 0.010542881 -0.094972886 -5.395506859 -0.011306630 0.999907851 -0.007507173 -0.752695680 0.094884954 0.008546643 0.995451570 76.396293640
0.995899260 0.009184656 -0.090002239 -5.449916840 -0.009594132 0.999945462 -0.004118020 -0.766662359 0.089959472 0.004964624 0.995933056 76.942901611
0.996392190 0.005821729 -0.084667981 -5.476496696 -0.005842172 0.999982953 0.000006344 -0.777568877 0.084666550 0.000488326 0.996409297 77.487609863
0.997087300 0.001319834 -0.076257654 -5.511396408 -0.001042824 0.999992788 0.003672295 -0.793794870 0.076261923 -0.003582073 0.997081518 78.014724731
0.997809112 0.004938181 -0.065974593 -5.539296150 -0.004711954 0.999982536 0.003584194 -0.801505208 0.065991126 -0.003265470 0.997814953 78.528663635
0.998648703 0.010334295 -0.050929874 -5.562932968 -0.010189069 0.999943316 0.003110348 -0.810472250 0.050959107 -0.002587215 0.998697519 79.031654358
0.999347329 0.015321096 -0.032714393 -5.577713966 -0.015206075 0.999877214 0.003761923 -0.818647742 0.032768015 -0.003262009 0.999457717 79.520782471
0.999848008 0.013880085 -0.010558804 -5.569806576 -0.013836000 0.999895275 0.004237156 -0.822392344 0.010616504 -0.004090420 0.999935329 80.001914978
0.999823093 0.010320376 0.015728891 -5.540731907 -0.010407408 0.999930799 0.005461161 -0.832540274 -0.015671454 -0.005623891 0.999861419 80.470863342
0.998959839 0.009136338 0.044674210 -5.486368179 -0.009461599 0.999930143 0.007074639 -0.840357661 -0.044606470 -0.007489971 0.998976529 80.923919678
0.996882439 0.008718859 0.078417927 -5.443625927 -0.009435033 0.999917030 0.008766837 -0.849335015 -0.078334957 -0.009479383 0.996882081 81.365264893
0.993232012 0.008726031 0.115819447 -5.365002632 -0.009844993 0.999910176 0.009092686 -0.851604640 -0.115729660 -0.010171387 0.993228734 81.805557251
0.987444639 0.008714462 0.157724530 -5.275364876 -0.010253346 0.999907494 0.008945672 -0.854599357 -0.157631963 -0.010450559 0.987442672 82.235092163
0.979129374 0.008420858 0.203063548 -5.161407471 -0.010344727 0.999911010 0.008414662 -0.854723454 -0.202974588 -0.010339678 0.979129493 82.651290894
0.967761576 0.010860005 0.251633942 -5.032106400 -0.012949406 0.999893963 0.006648845 -0.863645554 -0.251535028 -0.009693005 0.967799664 83.037429810
0.952347636 0.011511141 0.304797351 -4.885663986 -0.013453135 0.999900341 0.004271908 -0.878339291 -0.304717869 -0.008168820 0.952407718 83.398361206
0.932475507 0.011818280 0.361039579 -4.712795258 -0.013480579 0.999906957 0.002086005 -0.883040845 -0.360981345 -0.006812172 0.932548165 83.766197205
0.908254862 0.012371535 0.418234348 -4.507556915 -0.013716938 0.999905944 0.000210656 -0.886427760 -0.418192387 -0.005928223 0.908339262 84.122528076
0.879291534 0.012639592 0.476116240 -4.293807983 -0.013455188 0.999908030 -0.001695806 -0.892798305 -0.476093829 -0.004915125 0.879380822 84.442115784
0.846182287 0.011465965 0.532770276 -4.048629761 -0.011446681 0.999928951 -0.003339475 -0.905104041 -0.532770753 -0.003272645 0.846253455 84.740669250
0.809461594 0.011104873 0.587067664 -3.785381317 -0.009824814 0.999937415 -0.005367977 -0.906117260 -0.587090492 -0.001422659 0.809520125 85.029472351
0.769886196 0.008951022 0.638118386 -3.509769440 -0.008131899 0.999957979 -0.004215535 -0.917667925 -0.638129413 -0.001943629 0.769926727 85.292495728
0.727018416 0.008709951 0.686562657 -3.217761993 -0.009646507 0.999950409 -0.002470756 -0.920704782 -0.686550200 -0.004826645 0.727066517 85.546562195
0.681642890 0.007651563 0.731645048 -2.916431427 -0.008875712 0.999958158 -0.002188462 -0.926173806 -0.731631219 -0.005002118 0.681682289 85.774246216
0.635413170 0.006457678 0.772145271 -2.592563629 -0.005787573 0.999976754 -0.003600395 -0.932721376 -0.772150695 -0.002181107 0.635435760 85.974685669
0.589002848 0.004090200 0.808120608 -2.255901337 0.000172897 0.999986529 -0.005187321 -0.933058858 -0.808130980 0.003195070 0.588994205 86.153411865
0.541991830 0.006026282 0.840362072 -1.922328949 -0.002667857 0.999981523 -0.005450287 -0.949760914 -0.840379596 0.000712048 0.541997910 86.328186035
0.494435221 0.009083092 0.869166970 -1.591953278 -0.005228793 0.999958336 -0.007475450 -0.948662281 -0.869198918 -0.000848567 0.494462132 86.489372253
0.448731840 0.011096125 0.893597603 -1.265399933 -0.007260756 0.999935091 -0.008770476 -0.967158079 -0.893637061 -0.002552598 0.448783427 86.616050720
0.405962586 0.008581099 0.913849413 -0.913314819 0.000269750 0.999954700 -0.009509471 -0.970691681 -0.913889706 0.004107005 0.405941933 86.728782654
0.367102981 0.000885024 0.930179954 -0.539453506 0.015391428 0.999856770 -0.007025674 -0.973494530 -0.930052996 0.016895950 0.367036909 86.811897278
0.331610084 -0.002983712 0.943411827 -0.177183151 0.019686002 0.999799073 -0.003757604 -0.979200840 -0.943211257 0.019818071 0.331602246 86.900878906
0.298692197 0.001655690 0.954348087 0.193759918 0.016695298 0.999836385 -0.006959912 -0.983266890 -0.954203546 0.018012004 0.298615754 86.998031616
0.267190129 0.009232946 0.963599682 0.564006805 0.005824286 0.999920368 -0.011195935 -0.996709108 -0.963626206 0.008603726 0.267115086 87.107826233
0.238975599 0.013578452 0.970930576 0.943847656 0.000922716 0.999898553 -0.014210673 -1.013305902 -0.971025109 0.004291900 0.238938868 87.188926697
0.213180259 0.015168327 0.976894975 1.334527969 0.002208391 0.999869466 -0.016006965 -1.027721047 -0.977010369 0.005569739 0.213118970 87.253982544
0.189470321 0.016574334 0.981746495 1.744638443 0.009443288 0.999780476 -0.018701281 -1.038007975 -0.981841028 0.012814255 0.189272240 87.311759949
0.169792354 0.022701567 0.985218227 2.154919624 0.016666522 0.999525547 -0.025903538 -1.037535429 -0.985338926 0.020818388 0.169333428 87.349975586
0.149913371 0.029756993 0.988251209 2.577214241 0.019055545 0.999274373 -0.032979544 -1.032253385 -0.988515496 0.023775747 0.149237543 87.405441284
0.132223710 0.030193793 0.990759969 3.012726784 0.016728945 0.999325573 -0.032687433 -1.046855807 -0.991078794 0.020896424 0.131629422 87.457351685
0.116707548 0.026060155 0.992824435 3.475051880 0.014604453 0.999502540 -0.027952217 -1.068353653 -0.993058920 0.017761899 0.116268918 87.509567261
0.102335177 0.023070965 0.994482398 3.950837135 0.015054245 0.999580801 -0.024738364 -1.084469199 -0.994636059 0.017502790 0.101944931 87.550498962
0.089213185 0.020550724 0.995800555 4.433501720 0.017525898 0.999600053 -0.022199266 -1.099446058 -0.995858312 0.019432766 0.088817291 87.580673218
0.077408537 0.019643545 0.996806026 4.925920486 0.021022093 0.999551475 -0.021330155 -1.115311742 -0.996777773 0.022606086 0.076960847 87.607139587
0.067175582 0.020424971 0.997532070 5.443483829 0.023860872 0.999471724 -0.022071518 -1.131254196 -0.997455776 0.025284655 0.066652693 87.638305664
0.059654832 0.021105520 0.997995794 5.974334240 0.026583001 0.999388218 -0.022723956 -1.140683174 -0.997865021 0.027885320 0.059057321 87.657775879
0.054128591 0.021356467 0.998305440 6.523884296 0.028219176 0.999339223 -0.022908635 -1.155997038 -0.998135090 0.029411377 0.053490188 87.682472229
0.048387002 0.022288468 0.998579800 7.087899685 0.029641049 0.999278665 -0.023740342 -1.173442364 -0.998388648 0.030747689 0.047691479 87.708839417
0.042656031 0.023040477 0.998824060 7.668598175 0.030074336 0.999251425 -0.024334695 -1.187453628 -0.998637140 0.031076998 0.041931123 87.724082947
0.038198769 0.023009716 0.999005198 8.272472382 0.032634076 0.999172926 -0.024261402 -1.204104424 -0.998737276 0.033528365 0.037416227 87.742095947
0.035338785 0.022978079 0.999111176 8.889252663 0.034042545 0.999127746 -0.024182551 -1.222313166 -0.998795450 0.034866873 0.034525696 87.760818481
0.032229401 0.022521036 0.999226689 9.529047966 0.035013173 0.999107003 -0.023647664 -1.239339828 -0.998867095 0.035748247 0.031412043 87.777786255
0.029823156 0.021834791 0.999316812 10.186558723 0.036780059 0.999060392 -0.022926835 -1.258945823 -0.998878241 0.037438676 0.028992059 87.796524048
0.029323610 0.021495190 0.999338806 10.861459732 0.041610103 0.998875856 -0.022706201 -1.276578426 -0.998703480 0.042248417 0.028396240 87.807235718
0.030317903 0.021220841 0.999315023 11.557424545 0.044915136 0.998735785 -0.022571208 -1.293631792 -0.998530626 0.045568690 0.029326349 87.824371338
0.032617562 0.021277100 0.999241352 12.260830879 0.046681892 0.998649836 -0.022788307 -1.310721397 -0.998377085 0.047389776 0.031580180 87.847145081
0.036330428 0.021098224 0.999117076 12.986022949 0.049146511 0.998529613 -0.022872910 -1.330786943 -0.998130620 0.049934104 0.035240021 87.873611450
0.041093200 0.020474730 0.998945475 13.726672173 0.049793426 0.998505771 -0.022514056 -1.353987336 -0.997913957 0.050666090 0.040012363 87.898269653
0.044895221 0.019003050 0.998810887 14.482042313 0.051323153 0.998454869 -0.021303184 -1.371453524 -0.997672498 0.052218530 0.043850627 87.937232971
0.048678204 0.017118489 0.998667777 15.252588272 0.051178902 0.998496890 -0.019610185 -1.394617438 -0.997502387 0.052065305 0.047729004 87.981903076
0.053081244 0.015154503 0.998475194 16.037281036 0.048065640 0.998687148 -0.017712999 -1.412339687 -0.997432768 0.048932578 0.052283198 88.024307251
0.056482576 0.014129719 0.998303592 16.829380035 0.047118358 0.998748064 -0.016801897 -1.432146907 -0.997291148 0.047987446 0.055746149 88.086898804
0.060787149 0.015133675 0.998036027 17.634544373 0.044762846 0.998837829 -0.017872192 -1.452066660 -0.997146666 0.045761332 0.060039125 88.140144348
0.063925020 0.019164115 0.997770607 18.441574097 0.041972414 0.998879313 -0.021874489 -1.479673147 -0.997071683 0.043277182 0.063049011 88.193099976
0.065339275 0.024585377 0.997560203 19.244018555 0.036208056 0.998979747 -0.026991954 -1.501689911 -0.997206032 0.037883352 0.064382426 88.255714417
0.065020673 0.027628316 0.997501373 20.047441483 0.033137675 0.999005556 -0.029830009 -1.530796885 -0.997333646 0.034994442 0.064040467 88.317672729
0.065325074 0.027072554 0.997496724 20.876640320 0.031104380 0.999090850 -0.029152825 -1.564584374 -0.997379184 0.032930929 0.064423658 88.374763489
0.065254025 0.025501342 0.997542799 21.690187454 0.028203642 0.999226809 -0.027389340 -1.594215155 -0.997470140 0.029921608 0.064484395 88.436378479
0.065275721 0.023944451 0.997579932 22.507764816 0.029420642 0.999231279 -0.025909206 -1.631777287 -0.997433484 0.031040687 0.064521119 88.490409851
0.065368831 0.023265241 0.997589946 23.335659027 0.026772281 0.999327421 -0.025060067 -1.666821718 -0.997501969 0.028345907 0.064702034 88.556648254
0.065696806 0.023689363 0.997558415 24.152496338 0.025045391 0.999364078 -0.025381677 -1.696815372 -0.997525215 0.026651738 0.065061748 88.614929199
0.065174572 0.024520295 0.997572601 24.957628250 0.022078395 0.999417901 -0.026008110 -1.725510836 -0.997629642 0.023719873 0.064595312 88.681274414
0.063901410 0.025751518 0.997624040 25.760461807 0.018955445 0.999455392 -0.027012959 -1.761966228 -0.997776210 0.020636579 0.063378520 88.739616394
0.061319742 0.025277182 0.997798026 26.587427139 0.016832529 0.999510884 -0.026355024 -1.792491436 -0.997976303 0.018411551 0.060864296 88.790649414
0.057695538 0.024045270 0.998044550 27.398689270 0.014339845 0.999586701 -0.024911398 -1.823043823 -0.998231232 0.015749084 0.057326920 88.841224670
0.052393433 0.021325380 0.998398840 28.212337494 0.012589906 0.999678493 -0.022013403 -1.855770826 -0.998547256 0.013723108 0.052108131 88.893409729
0.046845317 0.019631840 0.998709202 29.031097412 0.011013135 0.999735951 -0.020168608 -1.879487753 -0.998841465 0.011943725 0.046616733 88.927986145
0.039108358 0.019976174 0.999035358 29.834119797 0.010725645 0.999734163 -0.020410020 -1.906502485 -0.999177456 0.011513501 0.038883705 88.963478088
0.030624937 0.020864075 0.999313116 30.639986038 0.010136261 0.999724329 -0.021183299 -1.935170174 -0.999479592 0.010778038 0.030405002 88.985671997
0.020535111 0.021245280 0.999563336 31.444377899 0.010910431 0.999709785 -0.021472551 -1.960614920 -0.999729574 0.011346609 0.020297378 89.004295349
0.010334915 0.020357568 0.999739230 32.242027283 0.012379737 0.999713421 -0.020485025 -1.985170364 -0.999869943 0.012588223 0.010079949 89.010002136
-0.000669034 0.019318825 0.999813080 33.034160614 0.010987988 0.999753058 -0.019310318 -2.015682936 -0.999939322 0.010973019 -0.000881126 89.011924744
-0.011467426 0.018696383 0.999759316 33.825119019 0.012583029 0.999748647 -0.018551860 -2.037255287 -0.999854982 0.012367263 -0.011699795 88.995483398
-0.022372494 0.019093031 0.999567211 34.606689453 0.012575886 0.999743879 -0.018814934 -2.062565327 -0.999670565 0.012149511 -0.022606868 88.975006104
-0.033372700 0.019644650 0.999249756 35.378059387 0.013189204 0.999728382 -0.019213570 -2.090522528 -0.999356031 0.012538103 -0.033622798 88.946594238
-0.043886732 0.020746499 0.998820961 36.150379181 0.012512567 0.999717414 -0.020215334 -2.117776394 -0.998958290 0.011610633 -0.044133984 88.909118652
-0.054421727 0.021693777 0.998282313 36.919666290 0.013407606 0.999689758 -0.020993445 -2.143574238 -0.998427987 0.012242075 -0.054695752 88.871284485
-0.063817523 0.022422053 0.997709632 37.681301117 0.014337406 0.999665082 -0.021548919 -2.168162346 -0.997858584 0.012929370 -0.064117678 88.818595886
-0.073743589 0.022812845 0.997016251 38.432758331 0.014766372 0.999653816 -0.021781011 -2.194700718 -0.997167885 0.013116101 -0.074054971 88.764289856
-0.082947433 0.023573289 0.996275067 39.189979553 0.015773857 0.999625981 -0.022339277 -2.215896845 -0.996429086 0.013862113 -0.083288252 88.702636719
-0.091363184 0.022884483 0.995554626 39.923904419 0.016886847 0.999627829 -0.021428382 -2.242404699 -0.995674491 0.014854010 -0.091715634 88.628852844
-0.098787166 0.021861527 0.994868398 40.645988464 0.019041378 0.999617219 -0.020075129 -2.268707275 -0.994926393 0.016960502 -0.099165618 88.550971985
-0.104006775 0.020116787 0.994373024 41.361015320 0.021425338 0.999608696 -0.017981714 -2.298913479 -0.994345844 0.019434560 -0.104397081 88.471160889
-0.107615925 0.018743884 0.994015813 42.093502045 0.024556177 0.999567330 -0.016190028 -2.315148830 -0.993889272 0.022666927 -0.108029649 88.388168335
-0.110412598 0.017657561 0.993728936 42.790821075 0.026150400 0.999547541 -0.014855402 -2.336226463 -0.993541777 0.024346193 -0.110824428 88.310623169
-0.112020485 0.016790537 0.993564010 43.482711792 0.025983004 0.999564767 -0.013962466 -2.359151840 -0.993366122 0.024251698 -0.112408072 88.229476929
-0.112676270 0.017410951 0.993479192 44.145549774 0.027184950 0.999526083 -0.014433721 -2.376436234 -0.993259847 0.025381342 -0.113096267 88.155212402
-0.111675099 0.018279452 0.993576586 44.796970367 0.027725952 0.999498785 -0.015272100 -2.400371075 -0.993358016 0.025842350 -0.112126000 88.075538635
-0.108812146 0.020116186 0.993858814 45.433719635 0.029174324 0.999429047 -0.017034801 -2.418467045 -0.993634343 0.027141569 -0.109336942 88.012100220
-0.103645161 0.020225275 0.994408786 46.042491913 0.028694939 0.999437809 -0.017336756 -2.444730997 -0.994200408 0.026737632 -0.104167290 87.950508118
-0.095660776 0.021070102 0.995190978 46.637535095 0.028737949 0.999417603 -0.018397212 -2.462721348 -0.994999111 0.026839850 -0.096210599 87.896202087
-0.084253229 0.021091349 0.996221125 47.216068268 0.027609807 0.999441445 -0.018824488 -2.483088493 -0.996061802 0.025919445 -0.084788516 87.853065491
-0.070872955 0.021207070 0.997259974 47.769897461 0.026595425 0.999458671 -0.019363757 -2.509685755 -0.997130752 0.025150180 -0.071398608 87.826675415
-0.053810682 0.022402577 0.998299897 48.313362122 0.025313279 0.999457657 -0.021064116 -2.534002781 -0.998230278 0.024136763 -0.054348588 87.812606812
-0.032645281 0.024977675 0.999154925 48.841327667 0.023502339 0.999430418 -0.024216684 -2.554933071 -0.999190688 0.022691919 -0.033213802 87.813583374
-0.007909840 0.028200915 0.999570906 49.369628906 0.021497130 0.999376118 -0.028025307 -2.576128483 -0.999737680 0.021266237 -0.008511204 87.826293945
0.020293545 0.029701283 0.999352753 49.883522034 0.019697852 0.999352694 -0.030101292 -2.599389076 -0.999600053 0.020295966 0.019695289 87.860877991
0.053047761 0.029240657 0.998163819 50.385417938 0.016659811 0.999406099 -0.030162452 -2.620993137 -0.998453021 0.018229272 0.052529048 87.913703918
0.092732102 0.026391257 0.995341241 50.842754364 0.015421819 0.999490738 -0.027938074 -2.651741982 -0.995571733 0.017940732 0.092277832 87.944007874
0.134511232 0.023196580 0.990640521 51.393447876 0.014654844 0.999570072 -0.025395542 -2.662736416 -0.990803719 0.017933672 0.134113535 88.051902771
0.179702193 0.018763196 0.983542085 51.879615784 0.011934591 0.999702930 -0.021252058 -2.685427666 -0.983648717 0.015557216 0.179424897 88.168167114
0.228576422 0.015596411 0.973401070 52.365020752 0.007606734 0.999812484 -0.017805826 -2.701838970 -0.973496377 0.011474398 0.228414953 88.306434631
0.280401647 0.014072581 0.959779680 52.828449249 0.003909060 0.999867499 -0.015802404 -2.719045639 -0.959874868 0.008182858 0.280309498 88.473464966
0.334494770 0.013914905 0.942294896 53.269611359 0.002440047 0.999874890 -0.015631357 -2.734456301 -0.942394614 0.007527854 0.334419042 88.670547485
0.392163455 0.015352442 0.919767439 53.685745239 0.005194884 0.999807835 -0.018903408 -2.738243580 -0.919880927 0.012191308 0.392008334 88.875518799
0.452767521 0.018099498 0.891444862 54.105377197 0.006159357 0.999706626 -0.023425957 -2.759890556 -0.891607404 0.016097238 0.452523232 89.114364624
0.513168454 0.021618225 0.858015537 54.505821228 0.006925109 0.999546051 -0.029325992 -2.775844812 -0.858260036 0.020991024 0.512785792 89.378784180
0.571830571 0.026051793 0.819957972 54.857780457 0.003312385 0.999414325 -0.034063522 -2.781580925 -0.820365131 0.022194579 0.571409345 89.663803101
0.625324130 0.028809929 0.779833078 55.189643860 -0.001143308 0.999351084 -0.036002949 -2.802120686 -0.780364215 0.021621922 0.624951363 90.008926392
0.678689241 0.029158989 0.733846545 55.514713287 -0.002848072 0.999308646 -0.037072964 -2.825184822 -0.734420061 0.023070980 0.678303123 90.350234985
0.727716863 0.026658781 0.685359418 55.808460236 -0.002873683 0.999354124 -0.035821114 -2.847908020 -0.685871720 0.024098124 0.727323472 90.707626343
0.771812916 0.023929175 0.635399222 56.054218292 -0.005587710 0.999508262 -0.030854212 -2.860281229 -0.635825157 0.020263257 0.771567225 91.091995239
0.813499510 0.021693099 0.581160784 56.308486938 -0.008297592 0.999635220 -0.025698742 -2.854716778 -0.581506431 0.016083682 0.813382804 91.498191833
0.850055397 0.019977765 0.526314199 56.526481628 -0.011267013 0.999741375 -0.019750584 -2.862460136 -0.526572704 0.010859106 0.850060761 91.922912598
0.880863309 0.016460884 0.473084241 56.708217621 -0.012115237 0.999851704 -0.012231600 -2.874671459 -0.473215520 0.005042842 0.880932212 92.356048584
0.906605959 0.017794792 0.421602726 56.870075226 -0.016529802 0.999841213 -0.006655430 -2.889122725 -0.421654284 -0.000935154 0.906756222 92.782257080
0.925949752 0.019189360 0.377158791 56.967712402 -0.019769616 0.999801755 -0.002332939 -2.913456202 -0.377128750 -0.005296095 0.926145673 93.174293518
0.940896451 0.025141496 0.337759972 57.083484650 -0.026808199 0.999640584 0.000270231 -2.920203924 -0.337631732 -0.009308993 0.941232324 93.620613098
0.952707112 0.029449249 0.302459925 57.193717957 -0.030725751 0.999527693 -0.000537943 -2.923669815 -0.302332848 -0.008780804 0.953162074 94.080650330
0.961721361 0.031951748 0.272160321 57.294593811 -0.033082549 0.999452531 -0.000433833 -2.924122334 -0.272025108 -0.008586529 0.962251902 94.544647217
0.967758834 0.026781501 0.250451148 57.402442932 -0.027656076 0.999617517 -0.000027368 -2.933008432 -0.250356019 -0.006900006 0.968129337 95.011901855
0.971704841 0.024090229 0.234966800 57.509559631 -0.024953056 0.999688387 0.000699134 -2.942668676 -0.234876722 -0.006542490 0.972003222 95.497337341
0.974526048 0.028212508 0.222493112 57.600761414 -0.029060114 0.999577522 0.000535911 -2.949510098 -0.222384021 -0.006987929 0.974934220 95.987350464
0.976463854 0.033416998 0.213076860 57.683712006 -0.034595881 0.999399722 0.001805343 -2.954477072 -0.212888613 -0.009134430 0.977033854 96.498947144
0.977723002 0.039703354 0.206109956 57.793594360 -0.040415302 0.999182642 -0.000756540 -2.937824726 -0.205971584 -0.007590312 0.978528619 96.982963562
0.978061914 0.045580886 0.203266412 57.885963440 -0.045657728 0.998947740 -0.004313759 -2.944032907 -0.203249246 -0.005061561 0.979114056 97.501510620
0.978128433 0.047095336 0.202599853 57.989597321 -0.046618879 0.998887360 -0.007125777 -2.950867176 -0.202710092 -0.002475054 0.979235828 98.041404724
0.977578998 0.046024781 0.205477312 58.099479675 -0.044804860 0.998939574 -0.010588503 -2.963638783 -0.205746874 0.001144715 0.978604615 98.572509766
0.976889551 0.044467241 0.209067881 58.223396301 -0.041769553 0.998977423 -0.017303143 -2.968523026 -0.209623590 0.008170588 0.977748096 99.129577637
0.976149440 0.044203844 0.212551624 58.360458374 -0.040482149 0.998941779 -0.021832068 -2.976287127 -0.213291824 0.012706814 0.976905942 99.675910950
0.974957228 0.048674017 0.217000067 58.481529236 -0.044991940 0.998747766 -0.021879476 -2.982643604 -0.217793331 0.011568300 0.975926399 100.255020142
0.973461211 0.052142411 0.222832695 58.605773926 -0.049444906 0.998620570 -0.017671501 -3.000739098 -0.223446831 0.006184577 0.974696577 100.848739624
0.972520709 0.048741248 0.227656662 58.749008179 -0.046962652 0.998809099 -0.013226268 -3.012013197 -0.228030264 0.002171459 0.973651767 101.440933228
0.971879601 0.044548899 0.231225744 58.902912140 -0.044092141 0.999001920 -0.007145342 -3.032335520 -0.231313258 -0.003250824 0.972873926 102.066818237
0.971029639 0.042248186 0.235194445 59.053207397 -0.042881265 0.999077260 -0.002424477 -3.044475079 -0.235079795 -0.007731195 0.971945405 102.697303772
0.970504344 0.037443079 0.238158196 59.212608337 -0.038093433 0.999272466 -0.001872743 -3.051586390 -0.238054991 -0.007254755 0.971224606 103.332374573
0.970528066 0.033996329 0.238578126 59.369258881 -0.033768419 0.999417007 -0.005043702 -3.060736418 -0.238610446 -0.003161349 0.971110284 103.970535278
0.970688760 0.033456061 0.237999946 59.530654907 -0.031511143 0.999431729 -0.011972843 -3.072898149 -0.238265216 0.004122255 0.971191466 104.616050720
0.970891654 0.035729382 0.236838967 59.693534851 -0.032209318 0.999305844 -0.018716611 -3.083476067 -0.237343326 0.010543379 0.971368670 105.272789001
0.971464157 0.038465977 0.234046385 59.850059509 -0.034133255 0.999163091 -0.022536358 -3.093324661 -0.234717429 0.013904497 0.971964180 105.949470520
0.972044170 0.037180752 0.231835559 60.011245728 -0.033813905 0.999257147 -0.018480906 -3.102097988 -0.232350543 0.010124994 0.972579420 106.647102356
0.972493112 0.033167005 0.230558202 60.177532196 -0.031536195 0.999444664 -0.010755898 -3.122511625 -0.230786964 0.003189107 0.972999096 107.355834961
0.973067760 0.033234917 0.228110611 60.344581604 -0.033052284 0.999442935 -0.004621828 -3.143456936 -0.228137106 -0.003042224 0.973624349 108.073501587
0.973301172 0.036879573 0.226549223 60.501171112 -0.036587674 0.999315321 -0.005488880 -3.154227257 -0.226596490 -0.002946573 0.973984361 108.802223206
0.973631799 0.042319689 0.224165410 60.659561157 -0.041071832 0.999103844 -0.010228730 -3.164640427 -0.224397361 0.000752136 0.974497557 109.535240173
0.974499702 0.043234136 0.220183954 60.822250366 -0.040866788 0.999047458 -0.015297509 -3.177618504 -0.220635593 0.005909205 0.975338578 110.270309448
0.975453615 0.041731771 0.216214031 60.987613678 -0.038708583 0.999084771 -0.018200215 -3.191031933 -0.216775700 0.009384133 0.976176381 111.025344849
0.976401508 0.039512616 0.212317437 61.155357361 -0.036819421 0.999183476 -0.016625175 -3.207016945 -0.212801009 0.008415444 0.977059364 111.796279907
0.977225780 0.036163863 0.209097996 61.320613861 -0.033897892 0.999321461 -0.014411567 -3.227200985 -0.209477261 0.006995374 0.977788568 112.574180603
0.977665305 0.034740470 0.207276657 61.486396790 -0.033073794 0.999386787 -0.011501856 -3.244641304 -0.207549140 0.004389545 0.978214800 113.367828369
0.977964997 0.032061074 0.206292748 61.650230408 -0.030825552 0.999482512 -0.009201351 -3.259593010 -0.206480965 0.002639515 0.978447139 114.164764404
0.978203714 0.026728334 0.205920011 61.819274902 -0.025627315 0.999639452 -0.008012669 -3.274538994 -0.206059933 0.002560848 0.978536010 114.952865601
0.978303969 0.027696572 0.205315262 61.983070374 -0.026935253 0.999616086 -0.006502590 -3.287452459 -0.205416545 0.000831293 0.978674293 115.755683899
0.978111327 0.032795552 0.205481842 62.147258759 -0.031750895 0.999460757 -0.008380124 -3.302517414 -0.205645844 0.001672466 0.978625059 116.579086304
0.977806687 0.038333178 0.205972388 62.311492920 -0.036678031 0.999256909 -0.011849533 -3.315834522 -0.206273600 0.004031892 0.978486061 117.396171570
0.977199614 0.047112800 0.207029402 62.470405579 -0.045290709 0.998882115 -0.013534643 -3.328001499 -0.207435682 0.003849539 0.978241146 118.229362488
0.976292908 0.053033032 0.209856361 62.636039734 -0.051414527 0.998590589 -0.013164508 -3.342795849 -0.210258827 0.002062748 0.977643609 119.053588867
0.975525677 0.055352867 0.212804064 62.809127808 -0.054271799 0.998466492 -0.010922922 -3.370353937 -0.213082403 -0.000893670 0.977033854 119.891204834
0.974931598 0.056018546 0.215337515 62.988876343 -0.054812197 0.998429596 -0.011574503 -3.393062115 -0.215647727 -0.000518773 0.976471126 120.734497070
0.974587083 0.054375984 0.217309132 63.169456482 -0.052463528 0.998516560 -0.014564767 -3.406647444 -0.217778757 0.002793835 0.975994170 121.567909241
0.974585950 0.048270840 0.218751416 63.360549927 -0.046501085 0.998830616 -0.013234630 -3.426002502 -0.219134480 0.002726109 0.975690901 122.413864136
0.974902391 0.041762095 0.218680963 63.562927246 -0.039499532 0.999111295 -0.014709991 -3.451824665 -0.219100937 0.005703013 0.975685596 123.231857300
0.974658489 0.040891621 0.219929114 63.746681213 -0.038608432 0.999146700 -0.014671565 -3.475042343 -0.220341459 0.005808648 0.975405574 124.071533203
0.974120557 0.043367431 0.221829534 63.933349609 -0.041740283 0.999056160 -0.012020205 -3.491993904 -0.222141489 0.002449903 0.975011408 124.919395447
0.973699272 0.045621023 0.223222837 64.114868164 -0.045406528 0.998950005 -0.006096215 -3.512923717 -0.223266602 -0.004199891 0.974748433 125.759552002
0.973255932 0.049454074 0.224336818 64.296752930 -0.050285358 0.998732865 -0.002009846 -3.532418489 -0.224152014 -0.009324761 0.974509597 126.601715088
0.973084688 0.048544701 0.225276440 64.483276367 -0.047888871 0.998817503 -0.008377973 -3.553200245 -0.225416720 -0.002635756 0.974258840 127.419082642
0.973344743 0.044384807 0.225010738 64.671096802 -0.040303685 0.998929560 -0.022700757 -3.575677872 -0.225777447 0.013026903 0.974091828 128.224517822
