0.563916028 0.034992658 -0.825090349 193.798843384 -0.005477939 0.999238431 0.038634446 -9.153864861 0.825814009 -0.017266789 0.563678265 203.223678589
0.554207385 0.028446164 -0.831892312 193.270111084 -0.001855923 0.999455631 0.032939490 -9.130056381 0.832376599 -0.016711384 0.553958535 203.568191528
0.543454528 0.025351891 -0.839055598 192.719802856 -0.000077208 0.999545395 0.030151043 -9.108781815 0.839438677 -0.016320940 0.543209434 203.917694092
0.532912850 0.020368814 -0.845924795 192.151107788 0.004559887 0.999626577 0.026942387 -9.089575768 0.846157730 -0.018215267 0.532621086 204.272537231
0.522196412 0.015171091 -0.852690220 191.570190430 0.010389189 0.999654531 0.024148325 -9.073415756 0.852761984 -0.021468932 0.521858275 204.632461548
0.512610197 0.011658962 -0.858542264 190.975616455 0.018754344 0.999517262 0.024771055 -9.057054520 0.858416617 -0.028799292 0.512143970 204.991317749
0.503270686 0.009812393 -0.864073098 190.363037109 0.023817388 0.999398112 0.025221344 -9.045230865 0.863800526 -0.033273127 0.502734125 205.355194092
0.494940013 0.009983724 -0.868869722 189.734191895 0.025734210 0.999327004 0.026141888 -9.028028488 0.868545949 -0.035298344 0.494350046 205.708374023
0.487604648 0.013154466 -0.872965455 189.082138062 0.026637105 0.999196768 0.029935073 -9.012029648 0.872658134 -0.037849750 0.486862689 206.065963745
0.481815249 0.016475964 -0.876117885 188.427734375 0.032925233 0.998776793 0.036889665 -8.991209030 0.875653982 -0.046620388 0.480683476 206.430999756
0.477322817 0.019687332 -0.878507495 187.758605957 0.038449056 0.998323679 0.043263081 -8.969751358 0.877886534 -0.054428238 0.475765675 206.805435181
0.475089997 0.021296654 -0.879679441 187.085632324 0.039653100 0.998173356 0.045580871 -8.948978424 0.879043221 -0.056537043 0.473377764 207.157028198
0.472879708 0.018472847 -0.880933464 186.400863647 0.040198326 0.998286903 0.042511940 -8.921063423 0.880209565 -0.055515084 0.471327156 207.533081055
0.471290857 0.013848774 -0.881869137 185.711975098 0.041445278 0.998424292 0.037828445 -8.891297340 0.881003559 -0.054377504 0.469974339 207.905242920
0.470269263 0.014276319 -0.882407427 185.006484985 0.040035058 0.998494744 0.037490714 -8.861834526 0.881614447 -0.052957967 0.468989789 208.273040771
0.469765574 0.017647233 -0.882614732 184.289245605 0.037418183 0.998503625 0.039879911 -8.835925102 0.881997883 -0.051760044 0.468402237 208.649810791
0.468828350 0.020917960 -0.883041501 183.570373535 0.033715606 0.998567164 0.041555036 -8.813533783 0.882645547 -0.049254462 0.467451394 209.024673462
0.468186378 0.020965185 -0.883380949 182.843170166 0.028264137 0.998851538 0.038685456 -8.786428452 0.883177638 -0.043080006 0.467056215 209.400451660
0.467922121 0.017983299 -0.883586645 182.102142334 0.026029838 0.999078691 0.034118522 -8.761835098 0.883386254 -0.038964432 0.467023015 209.783721924
0.467352808 0.013684190 -0.883964896 181.365036011 0.024403743 0.999299407 0.028371895 -8.736327171 0.883733988 -0.034831747 0.466691494 210.167480469
0.467612952 0.012940470 -0.883838534 180.612960815 0.023822613 0.999345124 0.027235467 -8.724650383 0.883612335 -0.033791006 0.466998458 210.553298950
0.467551261 0.014653147 -0.883844495 179.842376709 0.024054714 0.999281406 0.029291838 -8.703928947 0.883638561 -0.034956057 0.466862857 210.970458984
0.467344671 0.018614776 -0.883879185 179.072433472 0.026312070 0.999042451 0.034952465 -8.685194016 0.883683622 -0.039591540 0.466407359 211.386962891
0.467674643 0.023140758 -0.883597672 178.293960571 0.027936779 0.998770773 0.040943563 -8.664436340 0.883459091 -0.043833140 0.466453344 211.800064087
0.468183517 0.026546903 -0.883232415 177.533386230 0.028240426 0.998588443 0.044983782 -8.636303902 0.883179903 -0.046003524 0.466772974 212.197891235
0.468769580 0.027612381 -0.882888794 176.758865356 0.024337372 0.998728037 0.044157185 -8.608714104 0.882985055 -0.042186745 0.467501432 212.598480225
0.469488710 0.027747698 -0.882502317 175.975997925 0.019209841 0.998948514 0.041628577 -8.581644058 0.882729530 -0.036496881 0.468461931 213.006072998
0.470031530 0.024254153 -0.882316351 175.201873779 0.019560246 0.999090672 0.037884407 -8.556932449 0.882432878 -0.035065193 0.469129682 213.418914795
0.470138460 0.024244951 -0.882259548 174.428466797 0.019615225 0.999088645 0.037908033 -8.533025742 0.882374704 -0.035127748 0.469234437 213.827743530
0.469747722 0.024662994 -0.882456064 173.654495239 0.019573715 0.999072909 0.038341668 -8.511063576 0.882583737 -0.035283856 0.468829513 214.240097046
0.469627917 0.026171407 -0.882476389 172.880676270 0.020844273 0.998953104 0.040718447 -8.490077019 0.882618368 -0.037517104 0.468590826 214.648010254
0.468977064 0.025555771 -0.882840455 172.100646973 0.021528486 0.998953521 0.040353145 -8.462754250 0.882947981 -0.037930924 0.467936128 215.067504883
0.468830973 0.028126135 -0.882839918 171.326461792 0.018676400 0.998953819 0.041743446 -8.442963600 0.883090436 -0.036058895 0.467815220 215.472290039
0.468645215 0.028827026 -0.882915974 170.555038452 0.020478429 0.998844326 0.043481864 -8.414705276 0.883149028 -0.038458299 0.467513353 215.885375977
0.468904018 0.027435962 -0.882822871 169.787002563 0.024763491 0.998716176 0.044190563 -8.391676903 0.882901907 -0.042582911 0.467622638 216.295745850
0.468225032 0.022901827 -0.883312404 169.030410767 0.025963876 0.998875797 0.039660968 -8.372104645 0.883227766 -0.041504469 0.467104048 216.698181152
0.467622250 0.014506575 -0.883809328 168.275482178 0.026105452 0.999202549 0.030212965 -8.348187447 0.883542776 -0.037200496 0.466870666 217.094802856
0.465803057 0.010368111 -0.884827614 167.521804810 0.028561914 0.999234140 0.026744649 -8.333153725 0.884427309 -0.037730105 0.465150297 217.496734619
0.464998901 0.011969426 -0.885230303 166.769149780 0.032443527 0.999006510 0.030549949 -8.312987328 0.884716570 -0.042925682 0.464148700 217.894348145
0.464533836 0.018380011 -0.885364592 166.021865845 0.030663608 0.998851180 0.036824584 -8.302663803 0.885024309 -0.044254731 0.463436693 218.284271240
0.463925898 0.020493040 -0.885636926 165.279937744 0.026800744 0.998950124 0.037154146 -8.293445587 0.885468483 -0.040972501 0.462889582 218.659622192
0.463264883 0.016940357 -0.886057913 164.556381226 0.027839497 0.999045670 0.033656102 -8.268644333 0.885782361 -0.040259100 0.462351233 219.034805298
0.462127745 0.014094941 -0.886701286 163.847839355 0.032923777 0.998911679 0.033037718 -8.256053925 0.886202037 -0.044461206 0.461160749 219.409683228
0.461116731 0.016328452 -0.887189269 163.158950806 0.032404374 0.998853862 0.035225786 -8.243165016 0.886747658 -0.044992004 0.460059196 219.762817383
0.459785521 0.019030783 -0.887826085 162.472961426 0.032880459 0.998719931 0.038435891 -8.233789444 0.887421131 -0.046864405 0.458571196 220.117492676
0.456689984 0.017130151 -0.889460981 161.820068359 0.035641044 0.998659611 0.037532955 -8.219144821 0.888911724 -0.048842251 0.455467254 220.461486816
0.453541905 0.016882908 -0.891075015 161.178680420 0.036319070 0.998639941 0.037406690 -8.205484390 0.890494585 -0.049328510 0.452311933 220.783843994
0.449340850 0.019721821 -0.893142760 160.560485840 0.033378914 0.998687625 0.038845368 -8.192029953 0.892736614 -0.047266942 0.448092937 221.082946777
0.443357110 0.020421164 -0.896112442 159.956176758 0.031918712 0.998746753 0.038552042 -8.175256729 0.895776570 -0.045695074 0.442149669 221.375976562
0.436366498 0.024702488 -0.899429798 159.366256714 0.028675959 0.998733521 0.041342221 -8.163953781 0.899312019 -0.043832377 0.435105473 221.647674561
0.428384751 0.026817879 -0.903198302 158.795516968 0.026590245 0.998752475 0.042266771 -8.149123192 0.903205156 -0.042122707 0.427137226 221.903656006
0.418780327 0.025185138 -0.907738268 158.244598389 0.024608888 0.998933494 0.039068528 -8.141511917 0.907754123 -0.038699560 0.417713970 222.148254395
0.407032549 0.018452374 -0.913227201 157.706970215 0.027586419 0.999091566 0.032482803 -8.133444786 0.912997007 -0.038414232 0.406153709 222.384887695
0.391846716 0.010218263 -0.919973791 157.175384521 0.032449622 0.999162734 0.024919175 -8.120937347 0.919458091 -0.039617304 0.391187012 222.609100342
0.371222764 0.006371258 -0.928521931 156.635604858 0.036073741 0.999122560 0.021277968 -8.116478920 0.927842855 -0.041394122 0.370667189 222.823394775
0.346178889 0.008299815 -0.938131750 156.065765381 0.035171241 0.999143064 0.021818103 -8.104595184 0.937509000 -0.040548235 0.345590502 223.015213013
0.316882759 0.014648156 -0.948351502 155.512115479 0.032204926 0.999137938 0.026193574 -8.096620560 0.947917879 -0.038841881 0.316137910 223.176910400
0.285407364 0.020395391 -0.958189189 154.961120605 0.028398864 0.999154508 0.029726274 -8.085756302 0.957985520 -0.035695583 0.284586936 223.319519043
0.251645923 0.025446795 -0.967484713 154.423339844 0.025676582 0.999126792 0.032957613 -8.080929756 0.967478752 -0.033135340 0.250772923 223.440124512
0.217232436 0.030336564 -0.975648403 153.889221191 0.022087634 0.999108195 0.035983935 -8.079820633 0.975869954 -0.029366640 0.216368705 223.532318115
0.181311637 0.033278387 -0.982862413 153.334320068 0.019992426 0.999096096 0.037516095 -8.065452576 0.983222425 -0.026451912 0.180482417 223.608581543
0.146186933 0.035194799 -0.988630652 152.791702271 0.017450856 0.999119639 0.038148630 -8.052115440 0.989103079 -0.022829283 0.145444006 223.660705566
0.111795783 0.036931835 -0.993044615 152.250122070 0.016369071 0.999105096 0.039000042 -8.042293549 0.993596375 -0.020615259 0.111091286 223.693557739
0.076815903 0.038308702 -0.996308982 151.690338135 0.013918766 0.999123037 0.039490048 -8.026554108 0.996948123 -0.016900856 0.076215342 223.704101562
0.042235374 0.036787994 -0.998430073 151.132034302 0.008368948 0.999273777 0.037173107 -8.006458282 0.999072552 -0.009925834 0.041896850 223.694290161
0.009938776 0.036952246 -0.999267459 150.569900513 0.001697031 0.999314904 0.036970872 -7.989724159 0.999949217 -0.002063229 0.009869247 223.675064087
-0.017369214 0.038728129 -0.999098778 149.990875244 -0.003184893 0.999242306 0.038789064 -7.964205742 0.999844074 0.003855764 -0.017232688 223.634445190
-0.039367095 0.043186791 -0.998291135 149.386535645 -0.003089987 0.999055564 0.043341715 -7.939509392 0.999220073 0.004790948 -0.039196614 223.588119507
-0.057164319 0.050166879 -0.997103572 148.785614014 -0.004416700 0.998714268 0.050501131 -7.915602207 0.998355031 0.007290774 -0.056869298 223.537429810
-0.071032375 0.057153549 -0.995835304 148.154525757 -0.006454188 0.998309910 0.057755951 -7.896290779 0.997453153 0.010529855 -0.070543498 223.488357544
-0.082983017 0.057938084 -0.994865358 147.521148682 -0.011972794 0.998178661 0.059129700 -7.863377571 0.996479034 0.016818084 -0.082138255 223.419860840
-0.092134379 0.058786970 -0.994009793 146.886657715 -0.016109502 0.998037219 0.060518339 -7.829223633 0.995616317 0.021588823 -0.091006503 223.342529297
-0.096766904 0.059347469 -0.993536055 146.222030640 -0.015237821 0.998015344 0.061099138 -7.794841766 0.995190620 0.021051699 -0.095670544 223.271789551
-0.099525802 0.058643866 -0.993305326 145.546875000 -0.010860799 0.998138309 0.060017403 -7.751478195 0.994975805 0.016761370 -0.098703541 223.207778931
-0.101570502 0.058932591 -0.993081331 144.866912842 -0.005912835 0.998190343 0.059840545 -7.718442917 0.994810760 0.011949952 -0.101038218 223.138809204
-0.102377921 0.056068979 -0.993164122 144.162933350 -0.004699938 0.998371720 0.056847457 -7.677364826 0.994734526 0.010487732 -0.101947635 223.058685303
-0.102683663 0.051990435 -0.993354380 143.430038452 -0.000756839 0.998628855 0.052344725 -7.644857883 0.994713783 0.006126761 -0.102503568 222.991134644
-0.102826215 0.047942057 -0.993543327 142.699874878 0.004599143 0.998850226 0.047722142 -7.613378525 0.994688690 0.000337640 -0.102928542 222.920593262
-0.102420643 0.045662038 -0.993692517 141.953521729 0.006706432 0.998954952 0.045212619 -7.572698116 0.994718552 -0.002033427 -0.102619879 222.845474243
-0.101537257 0.048139859 -0.993666291 141.185119629 0.007195856 0.998838067 0.047655098 -7.541049957 0.994805753 -0.002311513 -0.101765662 222.766189575
-0.100064144 0.053531013 -0.993539989 140.387863159 0.007490801 0.998563945 0.053047273 -7.501065731 0.994952798 -0.002134282 -0.100321472 222.684997559
-0.098077603 0.056457900 -0.993575931 139.595184326 0.008745627 0.998399854 0.055868711 -7.467282295 0.995140374 -0.003209975 -0.098414429 222.602172852
-0.095531255 0.052661132 -0.994032443 138.779724121 0.006159024 0.998611808 0.052311823 -7.439278126 0.995407403 -0.001124856 -0.095722973 222.523498535
-0.091788992 0.043739159 -0.994817436 137.959671021 0.004966096 0.999042511 0.043466721 -7.400277138 0.995766044 -0.000950591 -0.091918379 222.439514160
-0.087491512 0.038120650 -0.995435536 137.129089355 0.008078976 0.999261737 0.037557099 -7.362747192 0.996132553 -0.004756173 -0.087734923 222.363662720
-0.083225429 0.038912892 -0.995770752 136.226669312 0.014026760 0.999184072 0.037873939 -7.329358578 0.996432066 -0.010815364 -0.083703339 222.303314209
-0.078536615 0.041898072 -0.996030450 135.340026855 0.018851547 0.999000251 0.040536564 -7.297283173 0.996733069 -0.015593115 -0.079247810 222.240432739
-0.074216679 0.045407202 -0.996207893 134.437866211 0.020140279 0.998827338 0.044026166 -7.270689011 0.997038782 -0.016796432 -0.075043961 222.172271729
-0.069683462 0.047246981 -0.996449709 133.516403198 0.021477316 0.998717308 0.045852557 -7.230048180 0.997337937 -0.018205896 -0.070608824 222.109817505
-0.066121362 0.051123571 -0.996501148 132.588073730 0.023367889 0.998492062 0.049675174 -7.190115929 0.997537911 -0.020001533 -0.067216337 222.054794312
-0.062392186 0.052597426 -0.996664762 131.665893555 0.021071659 0.998457134 0.051372908 -7.155217648 0.997829199 -0.017796105 -0.063404284 221.982482910
-0.059561461 0.048835456 -0.997029305 130.698959351 0.029386722 0.998455465 0.047149785 -7.107118607 0.997792006 -0.026491111 -0.060904562 221.932403564
-0.058339402 0.044018734 -0.997325778 129.737136841 0.038474541 0.998384356 0.041814853 -7.062885761 0.997555196 -0.035932198 -0.059938740 221.889724731
-0.058443811 0.035838366 -0.997647166 128.775329590 0.037894178 0.998714864 0.033656817 -7.032546520 0.997571230 -0.035837986 -0.059726737 221.841018677
-0.057977021 0.030591115 -0.997849107 127.777297974 0.041385617 0.998744845 0.028213991 -7.003145218 0.997459769 -0.039660841 -0.059170216 221.780563354
-0.058268391 0.029303569 -0.997870743 126.781806946 0.044099860 0.998668849 0.026751902 -6.976705551 0.997326553 -0.042447172 -0.059482973 221.725967407
-0.057313919 0.036997084 -0.997670352 125.756362915 0.037543893 0.998686075 0.034877941 -6.954339027 0.997650087 -0.035457436 -0.058627628 221.654876709
-0.057572644 0.048727438 -0.997151494 124.727310181 0.034167293 0.998319209 0.046811789 -6.921041489 0.997756541 -0.031374890 -0.059140716 221.583282471
-0.058898695 0.057906367 -0.996583104 123.692108154 0.031236026 0.997934163 0.056138813 -6.874414444 0.997775197 -0.027822789 -0.060585793 221.506790161
-0.061568435 0.058431923 -0.996391058 122.680130005 0.033259690 0.997850657 0.056462362 -6.842557430 0.997548521 -0.029663358 -0.063379653 221.446517944
-0.064355209 0.047819071 -0.996780634 121.673080444 0.037348818 0.998266876 0.045479018 -6.794861317 0.997227967 -0.034301773 -0.066029713 221.381072998
-0.066587046 0.038992666 -0.997018397 120.650085449 0.038416710 0.998595476 0.036488630 -6.763221264 0.997040749 -0.035872500 -0.067991547 221.309844971
-0.069606751 0.036064755 -0.996922374 119.628028870 0.039662629 0.998656094 0.033358175 -6.738297462 0.996785760 -0.037218608 -0.070943445 221.242401123
-0.072531559 0.038025510 -0.996640980 118.601531982 0.040504064 0.998560846 0.035151031 -6.713234901 0.996543407 -0.037818447 -0.073967308 221.166778564
-0.075007193 0.041815292 -0.996305823 117.586967468 0.037272543 0.998539805 0.039102979 -6.684790611 0.996486127 -0.034201849 -0.076456189 221.078918457
-0.076552056 0.048661679 -0.995877445 116.566574097 0.037556708 0.998240292 0.045890190 -6.648794174 0.996358097 -0.033888884 -0.078245021 220.995971680
-0.077516258 0.056978147 -0.995361567 115.540390015 0.037652515 0.997820616 0.054186635 -6.612066269 0.996279836 -0.033277515 -0.079492748 220.910354614
-0.078961819 0.057310045 -0.995228887 114.524711609 0.034872305 0.997893870 0.054696720 -6.572539330 0.996267557 -0.030386968 -0.080794096 220.825622559
-0.079738170 0.050900944 -0.995515466 113.534355164 0.032893967 0.998285949 0.048407879 -6.543660641 0.996272981 -0.028886493 -0.081276029 220.734054565
-0.080571607 0.043721162 -0.995789528 112.539093018 0.035113309 0.998542011 0.041000921 -6.508640766 0.996130228 -0.031661950 -0.081989385 220.652557373
-0.081145994 0.042427029 -0.995798945 111.537628174 0.034690451 0.998608589 0.039719880 -6.476040363 0.996098340 -0.031321596 -0.082504950 220.568847656
-0.079927713 0.046703968 -0.995705843 110.529678345 0.036300275 0.998375535 0.043915279 -6.445906639 0.996139467 -0.032634355 -0.081493229 220.474884033
-0.080068201 0.053806700 -0.995336056 109.530639648 0.035929777 0.998049021 0.051063038 -6.410080910 0.996141553 -0.031673681 -0.081845231 220.392578125
-0.079879612 0.055796221 -0.995241642 108.535697937 0.037818450 0.997882962 0.052908935 -6.377866745 0.996086955 -0.033412155 -0.081820607 220.313720703
-0.078422524 0.052555367 -0.995533884 107.551368713 0.036796629 0.998081505 0.049791239 -6.337607861 0.996240914 -0.032727532 -0.080205977 220.229507446
-0.077091843 0.047359109 -0.995898485 106.574798584 0.037421241 0.998305023 0.044576779 -6.306272507 0.996321559 -0.033831257 -0.078733325 220.149322510
-0.076029964 0.043632787 -0.996150374 105.603187561 0.039636109 0.998384833 0.040705476 -6.277272701 0.996317387 -0.036388688 -0.077636570 220.072265625
-0.075154722 0.035894983 -0.996525645 104.635696411 0.042942286 0.998541296 0.032729022 -6.257319450 0.996246874 -0.040333346 -0.076586455 219.999389648
-0.074313283 0.034656409 -0.996632576 103.658065796 0.044035379 0.998535097 0.031439111 -6.232096195 0.996262252 -0.041550748 -0.075730480 219.928222656
-0.072838508 0.040295951 -0.996529341 102.690658569 0.046624254 0.998228550 0.036956798 -6.206217289 0.996253312 -0.043770567 -0.074588180 219.856338501
-0.071573406 0.047979139 -0.996280789 101.712234497 0.050958194 0.997713923 0.044387300 -6.183510303 0.996132731 -0.047591716 -0.073854811 219.791290283
-0.070170432 0.047812358 -0.996388495 100.749374390 0.049911283 0.997767985 0.044363547 -6.153774261 0.996285617 -0.046618026 -0.072400235 219.718490601
-0.069427788 0.046802606 -0.996488512 99.790405273 0.049512342 0.997829378 0.043415949 -6.123548985 0.996357560 -0.046324201 -0.071594387 219.647796631
-0.069173902 0.045531854 -0.996564984 98.834831238 0.054876432 0.997619092 0.041770905 -6.098086357 0.996094167 -0.051798485 -0.071507826 219.584518433
-0.069713034 0.043840121 -0.996603370 97.886131287 0.057314672 0.997559547 0.039872997 -6.070943356 0.995919287 -0.054340322 -0.072055601 219.520523071
-0.070419908 0.042458333 -0.996613383 96.924804688 0.057510428 0.997604728 0.038436927 -6.043465614 0.995858312 -0.054608941 -0.072693020 219.450408936
-0.071741626 0.046410602 -0.996342838 95.973876953 0.061832562 0.997202635 0.041998398 -6.016118050 0.995504856 -0.058593400 -0.074410707 219.384353638
-0.073262252 0.052152485 -0.995948136 95.027664185 0.064788878 0.996771276 0.047429696 -5.983706474 0.995206118 -0.061051559 -0.076404646 219.315811157
-0.075474650 0.053593550 -0.995706439 94.094085693 0.063831031 0.996766269 0.048812196 -5.959173203 0.995102644 -0.059872888 -0.078651577 219.244689941
-0.077857196 0.052235771 -0.995595217 93.172782898 0.063849665 0.996837616 0.047307819 -5.927719593 0.994917810 -0.059885174 -0.080946214 219.163253784
-0.081683576 0.053556420 -0.995218277 92.240119934 0.063530669 0.996804237 0.048427418 -5.891211987 0.994631410 -0.059271164 -0.084824979 219.093597412
-0.084815092 0.057312027 -0.994747043 91.331893921 0.060080249 0.996822000 0.052308954 -5.860461712 0.994583726 -0.055328071 -0.087988757 219.004562378
-0.088308960 0.058379073 -0.994380832 90.436515808 0.057631478 0.996908247 0.053409316 -5.831253052 0.994424522 -0.052591126 -0.091400303 218.918655396
-0.090732098 0.056234214 -0.994286239 89.547958374 0.055998430 0.997112930 0.051284019 -5.798027515 0.994299650 -0.051025368 -0.093619220 218.827407837
-0.093943447 0.054207847 -0.994100630 88.665260315 0.056993794 0.997171938 0.048989352 -5.762718678 0.993944764 -0.052055337 -0.096767403 218.747756958
-0.095616609 0.053311605 -0.993989587 87.818397522 0.056348778 0.997253418 0.048066206 -5.739032745 0.993822098 -0.051414166 -0.098357975 218.655807495
-0.096778266 0.052867502 -0.993900895 86.981262207 0.053819142 0.997405350 0.047813434 -5.712289333 0.993849874 -0.048863586 -0.099372439 218.568328857
-0.097422808 0.051779382 -0.993895173 86.149047852 0.052289769 0.997532725 0.046843380 -5.687857628 0.993868530 -0.047406938 -0.099889964 218.483917236
-0.097773775 0.052935224 -0.993799806 85.340484619 0.051903427 0.997496724 0.048025675 -5.661612034 0.993854284 -0.046885967 -0.100276627 218.402252197
-0.097354233 0.054952621 -0.993731678 84.550239563 0.049109042 0.997523367 0.050351199 -5.635754585 0.994037509 -0.043899301 -0.099811748 218.319442749
-0.095618747 0.055816330 -0.993851900 83.787925720 0.046138827 0.997601986 0.051587924 -5.611284256 0.994348228 -0.040922392 -0.097964682 218.238769531
-0.093279749 0.056969553 -0.994008660 83.046195984 0.045060884 0.997580171 0.052945651 -5.590222836 0.994619727 -0.039852154 -0.095621198 218.171798706
-0.088766418 0.058208693 -0.994350135 82.326698303 0.045876745 0.997470379 0.054295912 -5.559290409 0.994995475 -0.040797889 -0.091212288 218.111343384
-0.082049876 0.059604481 -0.994844198 81.633979797 0.044465683 0.997434855 0.056092400 -5.537062168 0.995635748 -0.039634049 -0.084489770 218.047729492
-0.074896850 0.059755135 -0.995399237 80.952888489 0.043224070 0.997459292 0.056626499 -5.508737087 0.996254206 -0.038784057 -0.077289492 218.014572144
-0.064063318 0.058962829 -0.996202409 80.291717529 0.041200157 0.997558117 0.056393601 -5.482814789 0.997095108 -0.037430931 -0.066336207 217.970565796
-0.049767990 0.056612447 -0.997155011 79.651557922 0.040686794 0.997678280 0.054611500 -5.458607674 0.997931719 -0.037853144 -0.051955752 217.937911987
-0.033013694 0.053600650 -0.998016477 79.030143738 0.041794322 0.997761488 0.052204434 -5.433035374 0.998580575 -0.039987974 -0.035179943 217.927444458
-0.012110684 0.052666586 -0.998538673 78.425460815 0.043892723 0.997677326 0.052088816 -5.414165974 0.998962879 -0.043197755 -0.014394134 217.923477173
0.009479344 0.052263811 -0.998588324 77.851234436 0.043648757 0.997659743 0.052629557 -5.386501312 0.999002039 -0.044086032 0.007175773 217.953857422
0.035058741 0.052517045 -0.998004496 77.254249573 0.041959256 0.997660458 0.053972930 -5.358534813 0.998504102 -0.043767750 0.032773077 217.986099243
0.064070962 0.054298263 -0.996467113 76.665458679 0.037906054 0.997665644 0.056800865 -5.340779305 0.997225165 -0.041411422 0.061863139 218.019546509
0.094920397 0.054762155 -0.993977487 76.084793091 0.035108324 0.997680485 0.058318861 -5.319302559 0.994865716 -0.040432531 0.092777595 218.089721680
0.129308194 0.052734315 -0.990201235 75.514015198 0.033980537 0.997762799 0.057574458 -5.290775299 0.991022170 -0.041092418 0.127226964 218.179351807
0.166814566 0.048077576 -0.984815359 74.938491821 0.029123772 0.998134434 0.053660970 -5.248771667 0.985558212 -0.037632968 0.165103137 218.285568237
0.207365513 0.044506498 -0.977250636 74.369918823 0.021318007 0.998521805 0.049998771 -5.228155136 0.978031278 -0.031201057 0.206110224 218.396331787
0.248155743 0.042719986 -0.967777729 73.857856750 0.015146860 0.998733878 0.047970399 -5.218723297 0.968601763 -0.026562922 0.247194499 218.554321289
0.292850584 0.041373953 -0.955262601 73.315261841 0.007518847 0.998932779 0.045570400 -5.200007439 0.956128657 -0.020527789 0.292227000 218.731262207
0.341282248 0.040863473 -0.939072251 72.780899048 -0.001933736 0.999082863 0.042772066 -5.180451870 0.939958870 -0.012781424 0.341048300 218.928833008
0.391433239 0.040692575 -0.919306338 72.265182495 -0.013909232 0.999169171 0.038305234 -5.157128811 0.920101404 -0.002207095 0.391674101 219.159088135
0.443657309 0.041495066 -0.895235360 71.764701843 -0.013846844 0.999125659 0.039448325 -5.143825531 0.896089554 -0.005105349 0.443843961 219.429733276
0.495674312 0.044426862 -0.867371440 71.277725220 -0.017194707 0.998997092 0.041342534 -5.133049488 0.868338287 -0.005578233 0.495941103 219.742538452
0.549695611 0.048156094 -0.833975792 70.795188904 -0.020878460 0.998817146 0.043912951 -5.106250763 0.835104108 -0.006726624 0.550050855 220.070632935
0.600107431 0.049691930 -0.798374474 70.412216187 -0.020763326 0.998699963 0.046553478 -5.102095604 0.799649954 -0.011360175 0.600359082 220.416198730
0.647828817 0.047860052 -0.760281086 69.994331360 -0.020044889 0.998749912 0.045791704 -5.086885929 0.761522233 -0.014425436 0.647978365 220.815734863
0.691443503 0.043256201 -0.721134484 69.595733643 -0.019951470 0.998968601 0.040791657 -5.073772430 0.722155094 -0.013817431 0.691593349 221.239151001
0.731921315 0.040783413 -0.680167675 69.216140747 -0.025509732 0.999147534 0.032458957 -5.064091682 0.680911481 -0.006406506 0.732337773 221.676437378
0.768274605 0.039949905 -0.638872564 68.867523193 -0.035226375 0.999176860 0.020119024 -5.052264214 0.639150441 0.007048234 0.769049525 222.136550903
0.803748131 0.033538803 -0.594023526 68.546157837 -0.034698732 0.999352932 0.009474478 -5.037804604 0.593956947 0.012996772 0.804391801 222.575531006
0.835391760 0.024108451 -0.549126148 68.258125305 -0.025805049 0.999656260 0.004630711 -5.029627800 0.549048960 0.010301770 0.835726678 223.099029541
0.864509881 0.019088095 -0.502253234 67.990936279 -0.019856419 0.999795556 0.003819043 -5.032724380 0.502223492 0.006671350 0.864712119 223.648040771
0.890262604 0.018796392 -0.455059588 67.741470337 -0.018514341 0.999815822 0.005076932 -5.034078121 0.455071121 0.003905327 0.890446544 224.213973999
0.912713289 0.019442523 -0.408137739 67.505317688 -0.019527642 0.999801517 0.003958288 -5.041517258 0.408133566 0.004357190 0.912911892 224.792907715
0.932506323 0.017319581 -0.360738009 67.274719238 -0.017119695 0.999846339 0.003749808 -5.041499615 0.360747635 0.002679003 0.932659686 225.387786865
0.948660195 0.015896060 -0.315897226 67.097320557 -0.015640032 0.999872088 0.003345866 -5.044879436 0.315909982 0.001766554 0.948787570 226.010162354
0.962315261 0.019171378 -0.271259427 66.930419922 -0.019521235 0.999808371 0.001408704 -5.050328732 0.271234393 0.003939703 0.962505341 226.653259277
0.973158062 0.018753009 -0.229372352 66.795913696 -0.019885821 0.999798894 -0.002628101 -5.060509682 0.229276955 0.007118816 0.973335266 227.305099487
0.981325388 0.007876529 -0.192193523 66.685928345 -0.010506073 0.999864578 -0.012666461 -5.066186905 0.192067832 0.014449117 0.981275260 227.954498291
0.986867964 0.001989618 -0.161516801 66.596923828 -0.005503692 0.999757648 -0.021312203 -5.077088833 0.161435336 0.021921271 0.986639738 228.629745483
0.990974069 0.000409704 -0.134052843 66.516693115 -0.003694865 0.999698877 -0.024258569 -5.088730335 0.134002596 0.024534922 0.990677238 229.316162109
0.993748844 0.001109016 -0.111633554 66.445869446 -0.003339730 0.999798417 -0.019797403 -5.098921776 0.111589119 0.020046476 0.993552327 230.025375366
0.995641410 0.001278028 -0.093255252 66.386634827 -0.002151586 0.999954760 -0.009267328 -5.119883537 0.093239218 0.009427585 0.995599151 230.753250122
0.997001052 0.004149966 -0.077277482 66.328826904 -0.004112713 0.999991417 0.000641298 -5.133553505 0.077279471 -0.000321554 0.997009456 231.485778809
0.997897506 0.000947052 -0.064804621 66.287216187 -0.000670926 0.999990702 0.004282549 -5.142814159 0.064808056 -0.004230064 0.997888803 232.228195190
0.998333097 -0.008335543 -0.057109591 66.261154175 0.008558821 0.999956608 0.003666065 -5.145504951 0.057076544 -0.004148742 0.998361170 232.983871460
0.998550475 -0.014274660 -0.051896177 66.231803894 0.014303952 0.999897659 0.000193006 -5.149314404 0.051888093 -0.000935045 0.998652458 233.728271484
0.998706162 -0.017113997 -0.047886129 66.185379028 0.016966745 0.999850035 -0.003479747 -5.160386086 0.047938500 0.002662773 0.998846769 234.493896484
0.998712301 -0.018297421 -0.047314048 66.161758423 0.017976526 0.999812484 -0.007198796 -5.163279533 0.047436826 0.006338987 0.998854160 235.263076782
0.998694956 -0.019589016 -0.047165215 66.125366211 0.019317849 0.999794126 -0.006198273 -5.169693470 0.047276888 0.005279061 0.998867929 236.041702271
0.998724043 -0.020542568 -0.046133123 66.087936401 0.020439686 0.999787450 -0.002700644 -5.178815365 0.046178728 0.001754255 0.998931766 236.842132568
0.998582244 -0.025641728 -0.046647847 66.060401917 0.025634037 0.999671102 -0.000762972 -5.191299915 0.046652138 -0.000433885 0.998911142 237.630050659
0.998469532 -0.027981054 -0.047703609 66.022186279 0.027695913 0.999594390 -0.006628003 -5.203083038 0.047869798 0.005296661 0.998839557 238.423873901
0.998384058 -0.030609116 -0.047878604 65.983970642 0.029950218 0.999447405 -0.014419451 -5.217173576 0.048293538 0.012962177 0.998749077 239.230972290
0.997958422 -0.040838744 -0.049103290 65.958473206 0.039858654 0.998989284 -0.020776261 -5.226809502 0.049902171 0.018776657 0.998577595 240.035583496
0.997381866 -0.050908379 -0.051360969 65.934883118 0.049749319 0.998482943 -0.023599118 -5.249532223 0.052484524 0.020982157 0.998401284 240.864379883
0.996877849 -0.059348233 -0.052079629 65.891967773 0.058199488 0.998033047 -0.023304656 -5.279175282 0.053360336 0.020200880 0.998371005 241.686843872
0.996437848 -0.064141601 -0.054748543 65.861091614 0.063188255 0.997821331 -0.018971916 -5.290294170 0.055846188 0.015444878 0.998319864 242.531051636
0.996271372 -0.064164981 -0.057672501 65.818290710 0.063610405 0.997909665 -0.011402886 -5.309183121 0.058283687 0.007691789 0.998270452 243.380447388
0.996332586 -0.060786940 -0.060218535 65.762138367 0.060719173 0.998150468 -0.002956285 -5.329306126 0.060286924 -0.000710984 0.998180866 244.239120483
0.996638119 -0.053647816 -0.061921630 65.693885803 0.053830836 0.998549283 0.001289830 -5.337566853 0.061762601 -0.004618782 0.998080313 245.107131958
0.996840775 -0.048168741 -0.063151218 65.637290955 0.048609197 0.998802960 0.005455634 -5.343595505 0.062812835 -0.008508134 0.997989118 245.985122681
0.997081935 -0.040772509 -0.064538062 65.564224243 0.041258521 0.999129176 0.006215353 -5.354229450 0.064228386 -0.008859961 0.997895837 246.884521484
0.997137129 -0.039131489 -0.064700916 65.497505188 0.039244846 0.999229550 0.000481366 -5.359485626 0.064632177 -0.003019173 0.997904539 247.783203125
0.997142792 -0.037609536 -0.065510936 65.436019897 0.037102539 0.999271572 -0.008938948 -5.369063377 0.065799370 0.006482782 0.997811794 248.684371948
0.997199118 -0.036399294 -0.065337650 65.372207642 0.035507422 0.999260426 -0.014760308 -5.379159451 0.065826595 0.012398990 0.997754037 249.604110718
0.997221112 -0.036492232 -0.064948171 65.316116333 0.035618316 0.999259472 -0.014563555 -5.393324852 0.065431535 0.012209745 0.997782350 250.512145996
0.997438371 -0.032268837 -0.063837737 65.247085571 0.031771395 0.999456584 -0.008792615 -5.410534859 0.064086787 0.006741883 0.997921586 251.455947876
0.997681201 -0.026803454 -0.062559240 65.179077148 0.026568385 0.999636471 -0.004586444 -5.427589417 0.062659435 0.002913720 0.998030663 252.408203125
0.997844279 -0.023715472 -0.061191767 65.119567871 0.023824707 0.999715626 0.001056055 -5.440591812 0.061149150 -0.002511651 0.998125553 253.362518311
0.997961521 -0.021339515 -0.060144573 65.060958862 0.021699812 0.999750197 0.005343575 -5.440814018 0.060015462 -0.006637807 0.998175383 254.333160400
0.998113871 -0.018612031 -0.058503207 64.993972778 0.019015197 0.999799132 0.006342218 -5.451206684 0.058373339 -0.007442701 0.998267114 255.316192627
0.998138070 -0.019435039 -0.057814717 64.941101074 0.019431619 0.999810934 -0.000621299 -5.462465286 0.057815760 -0.000503283 0.998327136 256.295928955
0.998126090 -0.020115243 -0.057788581 64.881072998 0.019478152 0.999743342 -0.011566696 -5.469527245 0.058006402 0.010419403 0.998261869 257.292297363
0.997999132 -0.023343459 -0.058759328 64.825897217 0.022559214 0.999647856 -0.013974962 -5.480235100 0.059064869 0.012621439 0.998174429 258.290161133
0.997940660 -0.020803312 -0.060675710 64.760086060 0.020580493 0.999778926 -0.004294911 -5.492627621 0.060751554 0.003037337 0.998148322 259.324157715
0.997863948 -0.021089412 -0.061829057 64.693420410 0.021484386 0.999752760 0.005730308 -5.506593704 0.061692815 -0.007046422 0.998070359 260.365173340
0.997811615 -0.020267269 -0.062937289 64.624328613 0.020754641 0.999759376 0.007099419 -5.514914513 0.062778175 -0.008390117 0.997992277 261.407501221
0.997719169 -0.020968528 -0.064161167 64.560890198 0.021126531 0.999775231 0.001785077 -5.520704746 0.064109266 -0.003136504 0.997937977 262.428222656
0.997595072 -0.023910554 -0.065055139 64.492156982 0.023727227 0.999711990 -0.003589379 -5.525305748 0.065122262 0.002037172 0.997875273 263.488739014
0.997556210 -0.022215128 -0.066242062 64.423904419 0.021919468 0.999746323 -0.005186995 -5.540990829 0.066340506 0.003722333 0.997790098 264.515502930
0.997517407 -0.022216078 -0.066822834 64.347175598 0.022050375 0.999751806 -0.003216412 -5.557961464 0.066877730 0.001734956 0.997759759 265.575103760
0.997495055 -0.021431020 -0.067410380 64.272994995 0.021424705 0.999770164 -0.000816843 -5.572076321 0.067412518 -0.000629449 0.997725129 266.635009766
0.997504473 -0.018439962 -0.068152279 64.197784424 0.018572694 0.999826550 0.001314356 -5.581029415 0.068116307 -0.002576854 0.997674108 267.689147949
0.997484207 -0.017627181 -0.068662353 64.118988037 0.017993918 0.999826908 0.004726243 -5.592275620 0.068567254 -0.005949860 0.997628808 268.760742188
0.997490108 -0.017038034 -0.068724774 64.042839050 0.017566765 0.999820471 0.007096411 -5.601499557 0.068591528 -0.008285869 0.997610450 269.814422607
0.997460842 -0.017808450 -0.068953305 63.968181610 0.018302564 0.999811113 0.006540757 -5.611312866 0.068823837 -0.007786172 0.997598469 270.883178711
0.997355044 -0.021438105 -0.069449902 63.900093079 0.021618776 0.999764562 0.001850780 -5.618790150 0.069393881 -0.003347309 0.997583747 271.951873779
0.997340739 -0.021628855 -0.069595098 63.821319580 0.021460231 0.999764621 -0.003169771 -5.625974655 0.069647290 0.001667816 0.997570276 273.001770020
0.997267783 -0.021596506 -0.070643932 63.749340057 0.021469569 0.999766171 -0.002555729 -5.651962280 0.070682585 0.001032058 0.997498393 274.047943115
0.997126222 -0.024114029 -0.071819216 63.674968719 0.023862759 0.999705672 -0.004354784 -5.669980526 0.071903080 0.002628464 0.997408271 275.100463867
0.997076809 -0.023373988 -0.072741657 63.590267181 0.022796253 0.999701738 -0.008762348 -5.694683075 0.072924837 0.007078496 0.997312427 276.137420654
0.996976972 -0.023324734 -0.074113220 63.510253906 0.022658728 0.999695003 -0.009814537 -5.708735466 0.074319571 0.008105556 0.997201622 277.199188232
0.996949673 -0.021585207 -0.075002670 63.431671143 0.021450697 0.999766529 -0.002598620 -5.719074726 0.075041294 0.000981828 0.997179985 278.228881836
0.996933579 -0.020903748 -0.075409010 63.347652435 0.021432884 0.999751031 0.006214436 -5.733540535 0.075260364 -0.007811610 0.997133315 279.282806396
0.996975482 -0.019473428 -0.075238042 63.259826660 0.020011045 0.999779224 0.006398262 -5.740798950 0.075096831 -0.007884503 0.997145116 280.330383301
0.997068346 -0.017757604 -0.074427865 63.186622620 0.017814061 0.999841273 0.000094835 -5.754534721 0.074414372 -0.001420414 0.997226417 281.349487305
0.997196078 -0.014903350 -0.073334463 63.102233887 0.014676562 0.999885678 -0.003630345 -5.766946793 0.073380165 0.002543875 0.997300804 282.390655518
0.997337520 -0.012745516 -0.071802132 63.011829376 0.012386558 0.999908447 -0.005442269 -5.778001785 0.071864910 0.004538403 0.997404218 283.427490234
0.997433782 -0.009825509 -0.070917726 62.941917419 0.009701231 0.999950707 -0.002096707 -5.800377846 0.070934683 0.001403339 0.997480035 284.464324951
0.997494161 -0.008204307 -0.070271440 62.865821838 0.008180222 0.999966323 -0.000630437 -5.813813210 0.070274137 0.000054023 0.997527778 285.503662109
0.997547567 -0.004672095 -0.069835521 62.789005280 0.004824345 0.999986231 0.002011665 -5.824794769 0.069825143 -0.002343639 0.997556508 286.537414551
0.997589648 -0.004357043 -0.069252580 62.708183289 0.004350686 0.999990463 -0.000242626 -5.843719482 0.069252998 -0.000059253 0.997599125 287.566619873
0.997572601 -0.004267393 -0.069502942 62.634712219 0.004018892 0.999985039 -0.003714837 -5.856241703 0.069517732 0.003426497 0.997574806 288.592926025
0.997577488 -0.001796589 -0.069539703 62.552608490 0.001337932 0.999977052 -0.006641516 -5.870314598 0.069549955 0.006532394 0.997557104 289.616485596
0.997598648 -0.000441544 -0.069258809 62.476226807 0.000207346 0.999994159 -0.003388632 -5.890444279 0.069259882 0.003366133 0.997593045 290.636566162
0.997648954 0.001049393 -0.068523802 62.395744324 -0.001063972 0.999999464 -0.000176241 -5.904597282 0.068523608 0.000248731 0.997649491 291.674438477
0.997673869 0.003480591 -0.068079494 62.318233490 -0.003194449 0.999985695 0.004311501 -5.917874336 0.068093531 -0.004083994 0.997670591 292.701354980
0.997621834 0.004895977 -0.068750821 62.245361328 -0.004624662 0.999980927 0.004104963 -5.931104660 0.068769597 -0.003777252 0.997625470 293.714935303
0.997605205 0.000719711 -0.069161445 62.185760498 -0.000489611 0.999994218 0.003343975 -5.931883812 0.069163471 -0.003302103 0.997599959 294.721130371
0.997454524 -0.005366661 -0.071103796 62.125507355 0.005466249 0.999984264 0.001206045 -5.947365761 0.071096264 -0.001591646 0.997468293 295.726257324
0.997323513 -0.005322850 -0.072919890 62.047172546 0.005355048 0.999985695 0.000246074 -5.956678867 0.072917424 -0.000635901 0.997337818 296.734771729
0.997138500 -0.002910167 -0.075539984 61.962684631 0.002664100 0.999990821 -0.003357957 -5.974168777 0.075549066 0.003147105 0.997137249 297.743133545
0.996983290 -0.006699472 -0.077325515 61.882911682 0.006609575 0.999977171 -0.001418448 -5.977281570 0.077333234 0.000903083 0.997004926 298.774475098
0.996752203 -0.002086344 -0.080502637 61.790901184 0.002736837 0.999964535 0.007970870 -5.992904663 0.080483161 -0.008165300 0.996722579 299.800598145
0.996525288 0.002152452 -0.083261937 61.701843262 -0.000900166 0.999885917 0.015074974 -5.998634815 0.083284818 -0.014947640 0.996413708 300.802093506
0.996285260 0.003138242 -0.086057946 61.608005524 -0.001859959 0.999886751 0.014929939 -5.996502876 0.086095005 -0.014714411 0.996178269 301.815429688
0.996003985 -0.000305015 -0.089308634 61.514617920 0.001255362 0.999943137 0.010585203 -5.999762058 0.089300327 -0.010655019 0.995947778 302.818939209
0.995681047 -0.004771434 -0.092717469 61.442138672 0.004985392 0.999985516 0.002076160 -6.012454033 0.092706323 -0.002529429 0.995690346 303.785705566
0.995328367 -0.007949091 -0.096219867 61.348449707 0.007532101 0.999960780 -0.004696216 -6.021605492 0.096253552 0.003949538 0.995349050 304.768615723
0.994937658 -0.010984833 -0.099892616 61.249256134 0.010626889 0.999935210 -0.004114694 -6.030870914 0.099931329 0.003032314 0.994989753 305.755767822
0.994477153 -0.012338093 -0.104225963 61.148330688 0.012317201 0.999923885 -0.000844091 -6.052467346 0.104228467 -0.000444337 0.994553328 306.752716064
0.993910253 -0.011558675 -0.109584600 61.036212921 0.011065901 0.999925792 -0.005103831 -6.070072174 0.109635480 0.003860101 0.993964374 307.737426758
0.993350148 -0.013159706 -0.114377797 60.921810150 0.012035906 0.999872267 -0.010510415 -6.083374977 0.114501476 0.009063893 0.993381739 308.714904785
0.992798209 -0.009562583 -0.119416751 60.797435760 0.008404228 0.999912620 -0.010200003 -6.094003201 0.119503818 0.009122949 0.992791831 309.694366455
