1.000000000 -0.000000001 -0.000000002 0.000000000 -0.000000001 1.000000000 -0.000000000 0.000000000 -0.000000002 -0.000000000 0.999999940 0.000000000
0.999995947 -0.002505385 -0.001393217 -0.004852293 0.002509467 0.999992549 0.002936876 -0.016659509 0.001385849 -0.002940360 0.999994636 1.523783207
0.999991000 -0.002985751 -0.003013745 -0.008054093 0.002997003 0.999988556 0.003736065 -0.033582184 0.003002552 -0.003745063 0.999988317 3.045123100
0.999988496 -0.001948904 -0.004384018 -0.023869889 0.001964164 0.999992013 0.003479165 -0.047237888 0.004377201 -0.003487736 0.999984324 4.559732914
0.999981344 -0.001238752 -0.005984239 -0.037816439 0.001259191 0.999993384 0.003412968 -0.065075479 0.005979970 -0.003420440 0.999976218 6.067595959
0.999972224 -0.001402848 -0.007333878 -0.052716609 0.001429741 0.999992311 0.003663138 -0.078882791 0.007328683 -0.003673522 0.999966383 7.561744690
0.999955118 -0.001629800 -0.009331960 -0.073699437 0.001669306 0.999989688 0.004227256 -0.093385249 0.009324973 -0.004242645 0.999947548 9.056422234
0.999937534 -0.003337718 -0.010679855 -0.093940362 0.003372363 0.999989212 0.003227547 -0.110068038 0.010668969 -0.003263362 0.999937773 10.562423706
0.999917805 -0.004488710 -0.012007036 -0.121956386 0.004529857 0.999983966 0.003401798 -0.125395685 0.011991574 -0.003455909 0.999922097 12.051994324
0.999902606 -0.004370062 -0.013257607 -0.139530465 0.004414921 0.999984682 0.003356208 -0.139882773 0.013242736 -0.003414412 0.999906421 13.532469749
0.999890208 -0.003977501 -0.014275817 -0.172627479 0.004026182 0.999986112 0.003382826 -0.154097080 0.014262163 -0.003439931 0.999892354 15.015501976
0.999880195 -0.002500017 -0.015271574 -0.186386257 0.002561411 0.999988616 0.004001964 -0.170691639 0.015261389 -0.004040602 0.999875247 16.477096558
0.999870479 -0.001869369 -0.015984403 -0.217916489 0.001943657 0.999987364 0.004633300 -0.184584200 0.015975533 -0.004663768 0.999861419 17.949710846
0.999862552 -0.000338704 -0.016576555 -0.244958028 0.000434193 0.999983370 0.005757233 -0.203467563 0.016574329 -0.005763638 0.999845922 19.422883987
0.999854088 -0.000498766 -0.017065812 -0.275088936 0.000595672 0.999983668 0.005673853 -0.212804258 0.017062711 -0.005683190 0.999838173 20.879446030
0.999843717 0.000432308 -0.017673122 -0.306187809 -0.000332015 0.999983788 0.005677400 -0.221799925 0.017675290 -0.005670645 0.999827623 22.338636398
0.999841630 0.001224194 -0.017754830 -0.338518381 -0.001111263 0.999979138 0.006368994 -0.236081600 0.017762253 -0.006348254 0.999822021 23.784130096
0.999840915 0.001878710 -0.017732363 -0.366352975 -0.001746286 0.999970496 0.007480523 -0.246869445 0.017745890 -0.007448368 0.999814749 25.241231918
0.999838769 0.002220319 -0.017811740 -0.392875433 -0.002110227 0.999978602 0.006197333 -0.260107875 0.017825110 -0.006158747 0.999822259 26.680414200
0.999839485 0.002249627 -0.017766466 -0.428751260 -0.002179724 0.999989808 0.003952957 -0.265732020 0.017775174 -0.003913597 0.999834418 28.110214233
0.999846876 0.000501516 -0.017488370 -0.455453753 -0.000434991 0.999992609 0.003807621 -0.282521099 0.017490147 -0.003799431 0.999839664 29.536893845
0.999849737 -0.000150003 -0.017330399 -0.485806525 0.000263925 0.999978304 0.006571485 -0.297745854 0.017329033 -0.006575070 0.999828100 30.947137833
0.999852836 -0.001918584 -0.017045688 -0.512851834 0.002052092 0.999967337 0.007818366 -0.310028136 0.017030127 -0.007852195 0.999824107 32.371448517
0.999854922 -0.002288055 -0.016883885 -0.545115352 0.002406643 0.999972641 0.007006832 -0.317736804 0.016867394 -0.007046448 0.999832869 33.773208618
0.999859512 -0.002712756 -0.016536839 -0.565870523 0.002799849 0.999982297 0.005245726 -0.331522882 0.016522305 -0.005291289 0.999849379 35.160514832
0.999872386 -0.001317835 -0.015914991 -0.599512815 0.001388116 0.999989331 0.004405838 -0.344387174 0.015909007 -0.004427368 0.999863565 36.514644623
0.999882102 -0.001143950 -0.015314961 -0.616974950 0.001199459 0.999992728 0.003615776 -0.363242805 0.015310710 -0.003633720 0.999876142 37.883701324
0.999904573 -0.000418160 -0.013815260 -0.645789504 0.000483965 0.999988556 0.004760173 -0.381663740 0.013813104 -0.004766405 0.999893129 39.211486816
0.999921143 -0.000227231 -0.012560033 -0.669392765 0.000311545 0.999977410 0.006711427 -0.393480808 0.012558219 -0.006714810 0.999898612 40.544769287
0.999941647 -0.000886558 -0.010771547 -0.691551208 0.000971940 0.999968112 0.007924043 -0.410590559 0.010764175 -0.007934049 0.999910593 41.840122223
0.999961436 -0.000580002 -0.008764592 -0.699263334 0.000654834 0.999963343 0.008537586 -0.423668563 0.008759320 -0.008542994 0.999925077 43.117794037
0.999986649 -0.000601704 -0.005142100 -0.719328880 0.000643491 0.999966741 0.008128949 -0.436655343 0.005137038 -0.008132149 0.999953687 44.392284393
0.999997139 -0.001580762 -0.001839940 -0.723517179 0.001591966 0.999980152 0.006104618 -0.447442919 0.001830250 -0.006107529 0.999979615 45.634532928
0.999997199 -0.001518784 0.001873956 -0.733907700 0.001510660 0.999989510 0.004328694 -0.462174296 -0.001880513 -0.004325850 0.999988914 46.854507446
0.999982715 -0.000997599 0.005790496 -0.724714816 0.000968024 0.999986470 0.005107932 -0.478359580 -0.005795512 -0.005102238 0.999970138 48.082885742
0.999939978 -0.000592327 0.010936506 -0.721722007 0.000539014 0.999987960 0.004876961 -0.491446137 -0.010939262 -0.004870775 0.999928296 49.286491394
0.999844551 0.000509892 0.017622385 -0.707242966 -0.000577558 0.999992490 0.003834876 -0.503902674 -0.017620295 -0.003844459 0.999837339 50.508438110
0.999693632 0.001715680 0.024688782 -0.675953627 -0.001814894 0.999990284 0.003996728 -0.519084573 -0.024681685 -0.004040311 0.999687135 51.681842804
0.999450028 0.002969863 0.033024043 -0.644255757 -0.003129435 0.999983609 0.004781346 -0.528242350 -0.033009309 -0.004882063 0.999443054 52.868049622
0.999047816 0.004821507 0.043362617 -0.599881172 -0.005074860 0.999970615 0.005734476 -0.549607873 -0.043333691 -0.005949075 0.999042928 54.020332336
0.998380959 0.007201978 0.056423821 -0.550982475 -0.007533890 0.999955475 0.005671981 -0.561895370 -0.056380466 -0.006087888 0.998390734 55.168624878
0.997407019 0.009341904 0.071358219 -0.481088161 -0.009810845 0.999932468 0.006223976 -0.574411094 -0.071295269 -0.006907920 0.997431457 56.306819916
0.996105671 0.011687540 0.087389700 -0.393352985 -0.012389603 0.999895215 0.007495615 -0.583234489 -0.087292939 -0.008549146 0.996146083 57.430683136
0.994387150 0.011723638 0.105150633 -0.281870842 -0.012658396 0.999886036 0.008226701 -0.591030359 -0.105042197 -0.009511566 0.994422257 58.542354584
0.992221236 0.011409762 0.123963088 -0.151456356 -0.012444992 0.999893785 0.007579932 -0.604048848 -0.123863451 -0.009063687 0.992257893 59.629299164
0.989494741 0.010536742 0.144184783 0.002634048 -0.011593912 0.999911726 0.006493767 -0.609692216 -0.144103631 -0.008097215 0.989529490 60.714729309
0.986268163 0.007835468 0.164966047 0.178660393 -0.008980194 0.999940515 0.006194472 -0.618668675 -0.164907679 -0.007590836 0.986279845 61.773475647
0.982431471 0.002603930 0.186606422 0.379793167 -0.004236554 0.999956250 0.008350763 -0.626139164 -0.186576515 -0.008994617 0.982399225 62.815330505
0.977771938 -0.002825928 0.209652796 0.602147102 0.000753233 0.999950051 0.009965498 -0.636358440 -0.209670499 -0.009586064 0.977725029 63.846450806
0.972323835 -0.008053286 0.233498231 0.856517792 0.006026507 0.999937773 0.009392220 -0.645230412 -0.233559340 -0.007725100 0.972311854 64.866546631
0.965837538 -0.014332681 0.258751869 1.129878998 0.012741472 0.999888301 0.007825595 -0.654450953 -0.258835077 -0.004261375 0.965912104 65.871040344
0.958424687 -0.017648196 0.284799218 1.427356720 0.015902353 0.999837816 0.008441495 -0.660346150 -0.284902066 -0.003561559 0.958549917 66.843902588
0.949919879 -0.020151859 0.311842978 1.742172241 0.017564779 0.999783993 0.011102945 -0.671936989 -0.311999381 -0.005069455 0.950068772 67.794494629
0.940261960 -0.024611574 0.339561045 2.081209183 0.021166801 0.999680102 0.013845415 -0.674690366 -0.339793146 -0.005830897 0.940482140 68.735267639
0.929513752 -0.027730189 0.367743254 2.455451965 0.024481997 0.999609172 0.013495821 -0.679129183 -0.367973745 -0.003541464 0.929829419 69.648483276
0.917432606 -0.027109362 0.396966457 2.843908310 0.025326520 0.999631703 0.009733845 -0.683989704 -0.397084147 0.001123630 0.917781472 70.546203613
0.904465079 -0.028386742 0.425601989 3.266803741 0.029264227 0.999561608 0.004477958 -0.687161505 -0.425542563 0.008404754 0.904899359 71.421310425
0.890343070 -0.029936858 0.454304904 3.706090927 0.032418165 0.999471664 0.002328273 -0.698552847 -0.454134434 0.012654770 0.890843213 72.268028259
0.874672055 -0.030656066 0.483744830 4.172393799 0.032031041 0.999472201 0.005422752 -0.703130543 -0.483655691 0.010751717 0.875192225 73.107498169
0.857044876 -0.029636964 0.514388740 4.669019699 0.027728725 0.999550402 0.011389996 -0.712756991 -0.514495134 0.004501607 0.857481480 73.943878174
0.837377191 -0.029716536 0.545817316 5.191459656 0.025612919 0.999557376 0.015125431 -0.716734469 -0.546025217 0.001314285 0.837767661 74.754844666
0.816367209 -0.023641251 0.577049017 5.721014023 0.021833511 0.999710858 0.010068906 -0.715160906 -0.577120304 0.004379082 0.816647351 75.523933411
0.794481754 -0.016668512 0.607059240 6.286598206 0.018750902 0.999819994 0.002912832 -0.716008306 -0.606998503 0.009068717 0.794651270 76.267097473
0.772050083 -0.014401529 0.635398388 6.875167847 0.017978545 0.999838054 0.000816588 -0.722031593 -0.635307252 0.010793092 0.772184074 76.980789185
0.748680353 -0.017222984 0.662707388 7.496971130 0.019394590 0.999803603 0.004073065 -0.730147660 -0.662647426 0.009803516 0.748867333 77.691757202
0.724388659 -0.017903887 0.689159214 8.133430481 0.019871626 0.999789596 0.005086396 -0.743257880 -0.689105332 0.010010186 0.724592030 78.353866577
0.699007034 -0.015601197 0.714944661 8.783153534 0.020226160 0.999793351 0.002041762 -0.751881659 -0.714828670 0.013033376 0.699178159 78.992065430
0.673160613 -0.013455831 0.739373982 9.463005066 0.020238470 0.999795198 -0.000230826 -0.759636760 -0.739219308 0.015119178 0.673295021 79.591415405
0.645929456 -0.010690124 0.763322234 10.155460358 0.018192386 0.999833524 -0.001392145 -0.765083313 -0.763180256 0.014785877 0.646016479 80.189918518
0.617972672 -0.009349247 0.786144078 10.869579315 0.018082509 0.999833822 -0.002323749 -0.780454636 -0.785991609 0.015651466 0.618039012 80.748710632
0.589026690 -0.002883210 0.808108389 11.605125427 0.016689038 0.999823749 -0.008597353 -0.794732928 -0.807941139 0.018550621 0.588971019 81.303344727
0.558997154 0.006550336 0.829143763 12.364204407 0.015364072 0.999715209 -0.018256120 -0.808031321 -0.829027176 0.022944145 0.558737397 81.818046570
0.527965784 0.014920417 0.849134445 13.130908966 0.014247149 0.999549270 -0.026421847 -0.831461489 -0.849146008 0.026047576 0.527515292 82.304664612
0.496368051 0.019883560 0.867884517 13.951328278 0.011442422 0.999500990 -0.029443199 -0.859446585 -0.868036747 0.024545360 0.495892733 82.776901245
0.463710606 0.019184515 0.885779142 14.783853531 0.009809710 0.999593079 -0.026784990 -0.890097320 -0.885932386 0.021109717 0.463333637 83.214912415
0.430621028 0.018208450 0.902349174 15.629764557 0.005025104 0.999732554 -0.022571642 -0.919128895 -0.902518868 0.014254219 0.430414468 83.630706787
0.396305531 0.019214287 0.917917550 16.486278534 0.000588466 0.999775469 -0.021181844 -0.952910304 -0.918118477 0.008934646 0.396205217 84.008224487
0.361061990 0.022249350 0.932276309 17.365360260 -0.006237667 0.999750555 -0.021443877 -0.980435848 -0.932520866 0.001927341 0.361110717 84.370155334
0.325881749 0.024312276 0.945097804 18.264415741 -0.011334190 0.999697864 -0.021808673 -1.006803274 -0.945342600 -0.003604870 0.326058745 84.672599792
0.289217234 0.023362011 0.956978321 19.184986115 -0.013937572 0.999698937 -0.020192718 -1.038531542 -0.957161963 -0.007497874 0.289455742 84.979965210
0.252810568 0.023221144 0.967237055 20.131504059 -0.014557972 0.999690175 -0.020195194 -1.060785532 -0.967406213 -0.008975452 0.253070265 85.238624573
0.216991603 0.022765491 0.975907922 21.079145432 -0.013942976 0.999698400 -0.020220265 -1.084508777 -0.976073802 -0.009219433 0.217243522 85.445434570
0.181837201 0.021405609 0.983095646 22.039905548 -0.011748578 0.999738932 -0.019594934 -1.110010624 -0.983258367 -0.007986888 0.182041228 85.615875244
0.147224367 0.020489765 0.988890767 23.009849548 -0.003535262 0.999789953 -0.020189269 -1.141966820 -0.989096701 -0.000523636 0.147265866 85.758460999
0.113628283 0.023631312 0.993242204 23.977615356 -0.001557242 0.999720097 -0.023607284 -1.174751997 -0.993521988 0.001135736 0.113633260 85.862983704
0.080081530 0.028361566 0.996384680 24.949478149 -0.000748447 0.999596596 -0.028392836 -1.210041165 -0.996787906 0.001528000 0.080070421 85.958129883
0.051072035 0.032761939 0.998157501 25.978916168 0.006117144 0.999432743 -0.033116799 -1.237297058 -0.998676181 0.007797214 0.050842661 86.008590698
0.025599707 0.031065198 0.999189556 26.961805344 0.008184540 0.999476969 -0.031283833 -1.269941092 -0.999638736 0.008978764 0.025332069 86.026908875
0.003336985 0.027821640 0.999607384 27.950139999 0.009394322 0.999567866 -0.027851906 -1.308168530 -0.999950230 0.009483573 0.003074173 86.024711609
-0.015117291 0.025407771 0.999562860 29.008825302 0.010018136 0.999630749 -0.025257980 -1.348753691 -0.999835432 0.009631925 -0.015366248 86.005027771
-0.031407259 0.028391287 0.999103367 30.004247665 0.012137549 0.999533653 -0.028021965 -1.385447621 -0.999432862 0.011246574 -0.031737205 85.967758179
-0.046420466 0.033036813 0.998375595 31.009918213 0.014377944 0.999371588 -0.032401260 -1.415720940 -0.998818398 0.012850502 -0.046866290 85.926094055
-0.058761917 0.038230024 0.997539639 32.002414703 0.018380689 0.999138415 -0.037208557 -1.454846025 -0.998102784 0.016149020 -0.059413984 85.867286682
-0.067057580 0.041544884 0.996883988 33.011615753 0.024504319 0.998899937 -0.039980575 -1.500957251 -0.997448087 0.021746954 -0.068001859 85.787757874
-0.073183790 0.046927281 0.996213973 34.012084961 0.027871285 0.998598397 -0.044992138 -1.547501445 -0.996928990 0.024473060 -0.074389152 85.710357666
-0.076556608 0.051600527 0.995729029 35.020538330 0.030050756 0.998325765 -0.049424626 -1.603640437 -0.996612132 0.026138633 -0.077979065 85.625328064
-0.079392120 0.055734500 0.995284140 36.030685425 0.032364696 0.998053491 -0.053307902 -1.660412669 -0.996317863 0.027979838 -0.081041403 85.541633606
-0.081802644 0.058277488 0.994943202 37.044288635 0.033081729 0.997897625 -0.055730611 -1.726860166 -0.996099293 0.028355533 -0.083558589 85.450256348
-0.084473878 0.061990473 0.994495571 38.053455353 0.034085497 0.997658551 -0.059292365 -1.788542509 -0.995842457 0.028889222 -0.086389072 85.366737366
-0.086002573 0.065871917 0.994115055 39.057056427 0.035399098 0.997384012 -0.063026078 -1.851262927 -0.995665789 0.029770371 -0.088109396 85.266067505
-0.088448547 0.067338482 0.993802011 40.069606781 0.038133763 0.997209787 -0.064175479 -1.920075178 -0.995350420 0.032221179 -0.090769649 85.174964905
-0.090905502 0.065672845 0.993691742 41.095363617 0.038277984 0.997316241 -0.062410619 -1.999505997 -0.995123506 0.032363050 -0.093175374 85.090896606
-0.092667967 0.065507948 0.993539751 42.123863220 0.037622865 0.997351170 -0.062250149 -2.065989256 -0.994986057 0.031611212 -0.094887108 84.988243103
-0.095045507 0.066846430 0.993225992 43.157695770 0.037411496 0.997277856 -0.063539088 -2.134400129 -0.994769752 0.031118967 -0.097287603 84.884857178
-0.097028211 0.069105305 0.992879629 44.185134888 0.037023652 0.997146666 -0.065784201 -2.209998846 -0.994592667 0.030377114 -0.099309891 84.778579712
-0.099527262 0.071011014 0.992497802 45.216575623 0.035345625 0.997072935 -0.067793921 -2.290350437 -0.994406760 0.028333113 -0.101745881 84.674133301
-0.102098189 0.074821442 0.991956532 46.254066467 0.032766934 0.996879280 -0.071820177 -2.365019083 -0.994234502 0.025170658 -0.104231268 84.570671082
-0.104374304 0.078902297 0.991403222 47.295150757 0.029234752 0.996660709 -0.076242894 -2.443062544 -0.994108379 0.021025622 -0.106332444 84.468887329
-0.106977716 0.081634954 0.990904331 48.345726013 0.026720570 0.996499658 -0.079211175 -2.523014545 -0.993902266 0.018003693 -0.108784586 84.352066040
-0.110010341 0.079946347 0.990710020 49.388553619 0.024604199 0.996673405 -0.077695481 -2.610144138 -0.993625820 0.015828315 -0.111611418 84.243751526
-0.112564191 0.076032959 0.990731239 50.454521179 0.022021960 0.997014165 -0.074013062 -2.694535971 -0.993400335 0.013486625 -0.113902465 84.119522095
-0.115022749 0.074365899 0.990575492 51.506675720 0.022227479 0.997136891 -0.072277516 -2.778029680 -0.993114054 0.013704439 -0.116346382 84.001777649
-0.117048196 0.074376948 0.990337253 52.547622681 0.021640958 0.997145951 -0.072330564 -2.869060040 -0.992890358 0.012965686 -0.118323728 83.885101318
-0.118081927 0.077556521 0.989970565 53.617126465 0.022596052 0.996897221 -0.075403944 -2.947845459 -0.992746711 0.013465584 -0.119467996 83.754264832
-0.118955098 0.080638073 0.989619732 54.685504913 0.023178648 0.996650636 -0.078424841 -3.028812647 -0.992629051 0.013609012 -0.120425746 83.626861572
-0.119129464 0.081023850 0.989567280 55.742118835 0.022184649 0.996633112 -0.078931689 -3.120807171 -0.992630839 0.012550110 -0.120525844 83.497482300
-0.119670458 0.079533942 0.989622951 56.800643921 0.019369898 0.996783376 -0.077767111 -3.212098598 -0.992624700 0.009862466 -0.120826095 83.384147644
-0.119280465 0.078893520 0.989721179 57.861942291 0.015647581 0.996863544 -0.077577025 -3.300553799 -0.992737353 0.006233318 -0.120140843 83.258270264
-0.119091809 0.080168113 0.989641428 58.949119568 0.011868428 0.996778727 -0.079318047 -3.391265392 -0.992812276 0.002299358 -0.119659640 83.127838135
-0.119214565 0.080629639 0.989589274 60.021141052 0.007803999 0.996742487 -0.080272354 -3.479397297 -0.992837787 -0.001846876 -0.119455419 83.007080078
-0.119890586 0.079584196 0.989592195 61.108520508 0.004287961 0.996814132 -0.079645500 -3.576613903 -0.992777884 -0.005305410 -0.119849861 82.884101868
-0.119847544 0.074598886 0.989985764 62.205482483 0.004862005 0.997205079 -0.074554302 -3.665291548 -0.992780268 -0.004121838 -0.119875304 82.753776550
-0.120482467 0.066083014 0.990513563 63.300651550 0.007853478 0.997814059 -0.065614820 -3.747793913 -0.992684305 -0.000126462 -0.120738097 82.628814697
-0.120427474 0.060457658 0.990879476 64.397575378 0.014066349 0.998147547 -0.059191555 -3.833071232 -0.992622375 0.006809765 -0.121054813 82.494750977
-0.119090676 0.062958948 0.990885258 65.506645203 0.022341959 0.997904897 -0.060719766 -3.902217388 -0.992631972 0.014907162 -0.120247781 82.338325500
-0.118118845 0.068639517 0.990624309 66.593467712 0.027881244 0.997444093 -0.065787584 -3.973814011 -0.992607951 0.019849082 -0.119730681 82.207626343
-0.116940789 0.074269205 0.990357995 67.696365356 0.031646494 0.996972144 -0.071028426 -4.054088593 -0.992634594 0.023035236 -0.118937090 82.068031311
-0.116705321 0.078318834 0.990073800 68.788909912 0.032094982 0.996662676 -0.075056814 -4.141708851 -0.992647827 0.023016872 -0.118829474 81.946365356
-0.116449371 0.075770870 0.990302145 69.906837463 0.028765758 0.996924758 -0.072895020 -4.222465992 -0.992779970 0.019998217 -0.118270852 81.822586060
-0.116011299 0.071548469 0.990667582 71.007263184 0.028617118 0.997228801 -0.068671137 -4.309047699 -0.992835581 0.020383425 -0.117737308 81.700057983
-0.115726881 0.069137760 0.990872025 72.172897339 0.026553078 0.997433364 -0.066494375 -4.393539429 -0.992926002 0.018615514 -0.117265671 81.548995972
-0.115769871 0.069847949 0.990817249 73.300544739 0.024622191 0.997419715 -0.067436486 -4.473294258 -0.992970765 0.016588973 -0.117190965 81.424621582
-0.115489505 0.074956968 0.990476370 74.429626465 0.025759647 0.997039437 -0.072450049 -4.558065414 -0.992974579 0.017147098 -0.117078438 81.292091370
-0.114483453 0.077884130 0.990367353 75.575149536 0.025346706 0.996826530 -0.075462081 -4.641205788 -0.993101716 0.016463388 -0.116094239 81.150733948
-0.113994926 0.076713838 0.990515053 76.719291687 0.025220102 0.996916533 -0.074307136 -4.728260040 -0.993161261 0.016510252 -0.115578130 81.019073486
-0.113391280 0.069901325 0.991088390 77.874336243 0.026807932 0.997374117 -0.067277536 -4.818566799 -0.993188620 0.018940344 -0.114967450 80.887153625
-0.114156343 0.068487905 0.991099238 79.023818970 0.026035791 0.997484684 -0.065930314 -4.899260521 -0.993121564 0.018277692 -0.115652315 80.757995605
-0.113507792 0.071287386 0.990976334 80.162422180 0.023958631 0.997328997 -0.069000117 -4.985913754 -0.993248105 0.015910381 -0.114912547 80.632843018
-0.113595828 0.074689344 0.990715683 81.327117920 0.022795115 0.997103691 -0.072557241 -5.064511776 -0.993265510 0.014341275 -0.114969380 80.506530762
-0.113193154 0.073897824 0.990821183 82.495491028 0.021642668 0.997176945 -0.071899377 -5.154565334 -0.993337214 0.013305491 -0.114472963 80.373863220
-0.113168865 0.070804030 0.991049767 83.671295166 0.021610079 0.997397065 -0.068789825 -5.240365982 -0.993340731 0.013631791 -0.114404373 80.243576050
-0.112562224 0.069302261 0.991225004 84.849212646 0.020934645 0.997508824 -0.067364290 -5.332190990 -0.993424177 0.013168269 -0.113732614 80.111274719
-0.111358732 0.069795556 0.991326332 86.036033630 0.022423081 0.997453272 -0.067708075 -5.418626785 -0.993527234 0.014688702 -0.112640157 79.980163574
-0.110171340 0.070087574 0.991438389 87.229125977 0.024926070 0.997391701 -0.067738585 -5.505657673 -0.993599892 0.017249811 -0.111630999 79.841590881
-0.108723171 0.069606751 0.991632044 88.427635193 0.024782375 0.997425318 -0.067296222 -5.587147236 -0.993763089 0.017258335 -0.110168271 79.699104309
-0.107766196 0.070593528 0.991666675 89.628265381 0.025747435 0.997339547 -0.068199299 -5.670679569 -0.993842781 0.018183293 -0.109297074 79.573257446
-0.106795549 0.068587206 0.991912484 90.822357178 0.025085034 0.997486353 -0.066271797 -5.761869431 -0.993964434 0.017804623 -0.108247600 79.452720642
-0.105253786 0.067282498 0.992166758 92.039657593 0.024271108 0.997585177 -0.065075167 -5.853728294 -0.994149148 0.017231580 -0.106632650 79.312240601
-0.103569649 0.067156933 0.992352426 93.253250122 0.025419945 0.997570753 -0.064857066 -5.933221817 -0.994297385 0.018508317 -0.105025180 79.186119080
-0.101442702 0.067601666 0.992541850 94.482200623 0.023550091 0.997572303 -0.065537348 -6.024749279 -0.994562626 0.016726166 -0.102788441 79.056793213
-0.101004109 0.070109963 0.992412567 95.701934814 0.023695748 0.997400463 -0.068050683 -6.108821392 -0.994603872 0.016642554 -0.102402829 78.943588257
-0.100194678 0.068822794 0.992584705 96.924934387 0.021046447 0.997528255 -0.067041054 -6.193975925 -0.994745195 0.014173225 -0.101395488 78.829292297
-0.099215247 0.067566015 0.992769599 98.173614502 0.018030565 0.997650385 -0.066096291 -6.287732124 -0.994902551 0.011342434 -0.100200370 78.704139709
-0.099256426 0.068641432 0.992691576 99.412902832 0.015200858 0.997606158 -0.067461357 -6.372895718 -0.994945705 0.008393787 -0.100062214 78.587013245
-0.099060461 0.068140477 0.992745638 100.636657715 0.012230736 0.997660756 -0.067257404 -6.461293221 -0.995006204 0.005479459 -0.099662133 78.462219238
-0.100285463 0.065582320 0.992794931 101.880523682 0.009347459 0.997843385 -0.064971596 -6.550645828 -0.994914770 0.002764403 -0.100682199 78.344093323
-0.101476930 0.064086877 0.992771506 103.142814636 0.007388202 0.997943938 -0.063665599 -6.640069008 -0.994810343 0.000874207 -0.101741768 78.220512390
-0.103449143 0.063511506 0.992605031 104.404342651 0.005057534 0.997979939 -0.063328348 -6.725100040 -0.994621813 -0.001531129 -0.103561379 78.106681824
-0.104453303 0.063349083 0.992510140 105.659797668 0.005709354 0.997991145 -0.063098036 -6.817705631 -0.994513333 -0.000924207 -0.104605153 77.970268250
-0.106576733 0.062119290 0.992362082 106.919265747 0.005177450 0.998067737 -0.061920386 -6.902608871 -0.994291008 -0.001461368 -0.106692404 77.838897705
-0.110162482 0.057157300 0.992268801 108.185272217 0.001992462 0.998355746 -0.057286732 -6.990176678 -0.993911564 -0.004333790 -0.110095210 77.713233948
-0.114693679 0.057107974 0.991758108 109.439575195 0.000994291 0.998352230 -0.057372708 -7.071014404 -0.993400395 -0.005594190 -0.114561476 77.575691223
-0.119914815 0.063395403 0.990758061 110.679718018 -0.003011184 0.997931361 -0.064218856 -7.150919914 -0.992779553 -0.010684148 -0.119475849 77.430984497
-0.127388880 0.066444576 0.989624858 111.901954651 -0.002315167 0.997730970 -0.067286879 -7.236908913 -0.991850078 -0.010862743 -0.126946002 77.287460327
-0.135723069 0.062475584 0.988775015 113.156532288 -0.000240445 0.998007715 -0.063091941 -7.328094959 -0.990746737 -0.008800777 -0.135437652 77.105064392
-0.146591499 0.060518149 0.987344146 114.386734009 0.002070109 0.998143494 -0.060872715 -7.416135788 -0.989194930 -0.006879514 -0.146444619 76.926971436
-0.159670606 0.061162893 0.985273719 115.603843689 0.002181415 0.998098195 -0.061605468 -7.504835129 -0.987168014 -0.007687293 -0.159500375 76.740043640
-0.173720494 0.061135080 0.982895613 116.821395874 0.004330593 0.998109043 -0.061315935 -7.592525959 -0.984785378 -0.006395314 -0.173656747 76.527526855
-0.188126758 0.059179358 0.980360270 118.035934448 0.004141930 0.998221934 -0.059462771 -7.677355289 -0.982135952 -0.007125952 -0.188037336 76.301467896
-0.203284934 0.061781481 0.977168620 119.236450195 0.008400244 0.998080552 -0.061356109 -7.763816833 -0.979083538 -0.004264317 -0.203413710 76.050094604
-0.218855783 0.065052293 0.973586261 120.410675049 0.008096660 0.997861922 -0.064854249 -7.850849152 -0.975723624 -0.006310929 -0.218914554 75.798019409
-0.234169349 0.068982407 0.969745398 121.580146790 0.007546274 0.997578382 -0.069140069 -7.935478210 -0.972166419 -0.008872521 -0.234122857 75.522689819
-0.249744833 0.066786759 0.966005683 122.745170593 0.004423777 0.997686803 -0.067833424 -8.034657478 -0.968301535 -0.012667651 -0.249462575 75.225456238
-0.266103208 0.060981091 0.962013721 123.909149170 -0.001340656 0.997972548 -0.063631341 -8.125346184 -0.963943660 -0.018222228 -0.265481889 74.926383972
-0.281781882 0.056933284 0.957787871 125.100189209 -0.005376120 0.998128712 -0.060912911 -8.209884644 -0.959463358 -0.022313341 -0.280948579 74.595314026
-0.297203749 0.058349088 0.953029513 126.248870850 -0.007446519 0.997959137 -0.063422099 -8.293342590 -0.954785109 -0.025946040 -0.296162635 74.254409790
-0.311082929 0.060682181 0.948443472 127.404861450 -0.006911678 0.997788548 -0.066106290 -8.376039505 -0.950357616 -0.027119875 -0.309975505 73.878868103
-0.325115263 0.062945545 0.943577230 128.540451050 -0.005482665 0.997640073 -0.068441123 -8.463958740 -0.945658445 -0.027424568 -0.324002862 73.498741150
-0.339350373 0.062521361 0.938579977 129.674102783 -0.003231383 0.997705281 -0.067628197 -8.563020706 -0.940654457 -0.025982566 -0.338369638 73.097961426
-0.353428096 0.060453575 0.933506250 130.798309326 -0.003649148 0.997812927 -0.065999642 -8.653800964 -0.935454547 -0.026732635 -0.352434635 72.684783936
-0.367896408 0.059240773 0.927977681 131.921813965 -0.003410020 0.997875810 -0.065054849 -8.747142792 -0.929860413 -0.027097872 -0.366912901 72.244949341
-0.382789433 0.060697239 0.921839535 133.022628784 -0.004920146 0.997691214 -0.067734659 -8.835668564 -0.923822403 -0.030463697 -0.381607026 71.801742554
-0.397904485 0.062606603 0.915288210 134.115295410 -0.004179551 0.997534752 -0.070049331 -8.925880432 -0.917417347 -0.031698436 -0.396661878 71.345611572
-0.412582159 0.064428985 0.908639014 135.208984375 -0.002895846 0.997397602 -0.072037525 -9.016967773 -0.910915792 -0.032352678 -0.411321938 70.859527588
-0.427089781 0.066921815 0.901729345 136.295120239 -0.000062892 0.997255206 -0.074041054 -9.113151550 -0.904209197 -0.031678889 -0.425913274 70.347229004
-0.442020148 0.070107028 0.894261181 137.370880127 -0.000499948 0.996921659 -0.078402363 -9.210453033 -0.897004962 -0.035102509 -0.440624386 69.831398010
-0.456834555 0.072453849 0.886596143 138.445037842 0.000145634 0.996683657 -0.081375316 -9.309750557 -0.889551699 -0.037045937 -0.455329955 69.280204773
-0.472286224 0.069978043 0.878663123 139.517105103 -0.001154196 0.996793687 -0.080006532 -9.407357216 -0.881444573 -0.038800132 -0.470691115 68.719131470
-0.488311201 0.065362811 0.870218337 140.583694458 -0.003999840 0.997013032 -0.077130929 -9.510939598 -0.872660398 -0.041144624 -0.486591071 68.140419006
-0.504549861 0.065562204 0.860889792 141.647003174 -0.004417590 0.996903718 -0.078509577 -9.610845566 -0.863371372 -0.043415036 -0.502697825 67.534820557
-0.520448089 0.064586468 0.851447165 142.697677612 -0.005885511 0.996840417 -0.079212770 -9.709505081 -0.853873014 -0.046237346 -0.518423557 66.907608032
-0.536435366 0.063626975 0.841539383 143.737594604 -0.006535942 0.996810675 -0.079533018 -9.808571815 -0.843915999 -0.048164580 -0.534308732 66.256156921
-0.551987231 0.062935829 0.831474125 144.771636963 -0.007848858 0.996711314 -0.080653556 -9.915569305 -0.833815634 -0.051045850 -0.549677908 65.589889526
-0.567358196 0.062275089 0.821112990 145.796035767 -0.008306441 0.996652722 -0.081327885 -10.020728111 -0.823429286 -0.052962564 -0.564941704 64.890632629
-0.582234740 0.060035557 0.810801089 146.807891846 -0.008084846 0.996793091 -0.079612993 -10.122341156 -0.812980533 -0.052908652 -0.579882145 64.168876648
-0.597243547 0.056463525 0.800070047 147.813171387 -0.008134020 0.997041345 -0.076436386 -10.227428436 -0.802018702 -0.052158922 -0.595017135 63.433998108
-0.612285435 0.054411829 0.788762212 148.816497803 -0.007839747 0.997162282 -0.074873745 -10.329345703 -0.790597975 -0.052027795 -0.610121429 62.664535522
-0.626740336 0.053147357 0.777413666 149.796157837 -0.008350204 0.997156024 -0.074901715 -10.426404953 -0.779183447 -0.053435478 -0.624514043 61.882499695
-0.641923666 0.054128174 0.764855742 150.776672363 -0.009518477 0.996865809 -0.078535944 -10.534822464 -0.766709507 -0.057694327 -0.639396489 61.089626312
-0.657219410 0.053466797 0.751800478 151.734069824 -0.011664579 0.996639609 -0.081076466 -10.639932632 -0.753609061 -0.062054455 -0.654387176 60.274253845
-0.673181355 0.050219696 0.737770140 152.686126709 -0.013638565 0.996678412 -0.080288053 -10.745437622 -0.739351571 -0.064110540 -0.670260370 59.439128876
-0.689471245 0.042656347 0.723055959 153.618209839 -0.017130796 0.997024834 -0.075154096 -10.853073120 -0.724110425 -0.064203113 -0.686689079 58.578979492
-0.706475377 0.040285081 0.706590235 154.547424316 -0.018114882 0.997022331 -0.074955538 -10.955200195 -0.707505822 -0.065754026 -0.703641891 57.683681488
-0.723766148 0.037532024 0.689023912 155.439315796 -0.019804262 0.996978641 -0.075109534 -11.058595657 -0.689761102 -0.068007357 -0.720835924 56.764980316
-0.741239846 0.033690523 0.670394182 156.322845459 -0.023109844 0.996866584 -0.075649388 -11.161001205 -0.670842230 -0.071567044 -0.738138735 55.823204041
-0.758194327 0.031826921 0.651251435 157.174957275 -0.022749985 0.996908545 -0.075205140 -11.265659332 -0.651631474 -0.071836069 -0.755126357 54.872558594
-0.773860395 0.033864591 0.632450223 157.997528076 -0.020460175 0.996711671 -0.078403912 -11.377159119 -0.633025646 -0.073613711 -0.770622790 53.872386932
-0.789176226 0.033157382 0.613271058 158.809280396 -0.017509568 0.996920943 -0.076431826 -11.478412628 -0.613917232 -0.071056291 -0.786165714 52.864078522
-0.804035544 0.034315623 0.593590081 159.593551636 -0.013352173 0.997039378 -0.075725049 -11.595754623 -0.594431221 -0.068811357 -0.801196814 51.837493896
-0.818050086 0.035710912 0.574037254 160.331512451 -0.011553975 0.996848702 -0.078479424 -11.702480316 -0.575030863 -0.070832513 -0.815059662 50.771270752
-0.831979215 0.037115559 0.553563952 161.054733276 -0.010679800 0.996503472 -0.082865164 -11.814712524 -0.554703891 -0.074854046 -0.828673899 49.718589783
-0.844867826 0.037567735 0.533654332 161.754730225 -0.008018099 0.996530056 -0.082846925 -11.925892830 -0.534914911 -0.074273586 -0.841634989 48.632854462
-0.856551468 0.035646584 0.514828861 162.426757812 -0.006981045 0.996719897 -0.080627367 -12.036222458 -0.516014278 -0.072655529 -0.853493094 47.535205841
-0.867129326 0.037591726 0.496662468 163.072738647 -0.003857818 0.996611059 -0.082167603 -12.155422211 -0.498068035 -0.073165968 -0.864045680 46.419990540
-0.876561224 0.040458001 0.479586840 163.690170288 -0.001088942 0.996291339 -0.086037531 -12.266046524 -0.481289059 -0.075939424 -0.873266339 45.298347473
-0.885674179 0.037875332 0.462759823 164.297668457 -0.003156108 0.996153116 -0.087572239 -12.383583069 -0.464296490 -0.079020999 -0.882147551 44.168937683
-0.893996239 0.035092469 0.446698308 164.888061523 -0.004246507 0.996220052 -0.086761445 -12.506325722 -0.448054433 -0.079461291 -0.890467942 43.026687622
-0.901174784 0.033299215 0.432174832 165.455184937 -0.004975708 0.996184409 -0.087131716 -12.625926971 -0.433427274 -0.080671281 -0.897570550 41.870616913
-0.907861888 0.031323038 0.418097794 166.003723145 -0.005507189 0.996228516 -0.086593784 -12.748435974 -0.419233292 -0.080917731 -0.904265285 40.703395844
-0.914239347 0.028564962 0.404166579 166.534790039 -0.006860022 0.996277511 -0.085930757 -12.866653442 -0.405116588 -0.081333838 -0.910640061 39.542221069
-0.919893205 0.023716750 0.391451329 167.064971924 -0.009188831 0.996592104 -0.081973590 -12.992399216 -0.392061442 -0.079003915 -0.916540325 38.321777344
-0.925163746 0.020421486 0.379018813 167.572158813 -0.010426615 0.996807456 -0.079158664 -13.100234032 -0.379425347 -0.077186584 -0.921997190 37.136253357
-0.929553390 0.021187048 0.368078500 168.053070068 -0.007424354 0.997069359 -0.076142155 -13.209451675 -0.368612945 -0.073510930 -0.926671743 35.934822083
-0.932817638 0.024753947 0.359497607 168.532058716 -0.003436815 0.996981204 -0.077566966 -13.321015358 -0.360332519 -0.073591366 -0.929916501 34.747409821
-0.935227156 0.029806010 0.352791548 168.991989136 0.002019658 0.996882975 -0.078868851 -13.430853844 -0.354042679 -0.073047772 -0.932372153 33.549644470
-0.936832666 0.033753570 0.348145455 169.432327271 0.005379506 0.996605575 -0.082147568 -13.535497665 -0.349736512 -0.075085677 -0.933834195 32.322441101
-0.938750923 0.030319305 0.343260050 169.889617920 0.002977732 0.996798515 -0.079901181 -13.659135818 -0.344583631 -0.073985159 -0.935835540 31.106061935
-0.940635443 0.022897001 0.338645726 170.341522217 -0.003117714 0.997097135 -0.076077074 -13.769598007 -0.339404523 -0.072616562 -0.937833250 29.905141830
-0.942624271 0.016418887 0.333451629 170.796630859 -0.008911297 0.997196674 -0.074292243 -13.876230240 -0.333736598 -0.073001154 -0.939835370 28.694129944
-0.944334567 0.009838733 0.328839809 171.237014771 -0.015934737 0.997011662 -0.075590163 -13.980978012 -0.328600764 -0.076622374 -0.941355586 27.488140106
-0.945411682 0.008000734 0.325779974 171.668228149 -0.018618939 0.996739328 -0.078510672 -14.086615562 -0.325345904 -0.080290593 -0.942180157 26.253385544
-0.946274579 0.008078494 0.323263139 172.093826294 -0.019201096 0.996520162 -0.081110060 -14.193218231 -0.322793454 -0.082959399 -0.942826688 25.049325943
-0.946296573 0.009247150 0.323167592 172.511718750 -0.018538797 0.996393919 -0.082796074 -14.312475204 -0.322767884 -0.084340774 -0.942712843 23.815444946
-0.946228981 0.011467880 0.323294818 172.926025391 -0.016898796 0.996254742 -0.084798940 -14.419787407 -0.323056430 -0.085702486 -0.942491174 22.612003326
-0.945984066 0.012253760 0.323981643 173.352493286 -0.016705349 0.996115863 -0.086452886 -14.535886765 -0.323782653 -0.087195300 -0.942104936 21.404212952
-0.945501447 0.012949207 0.325360328 173.775543213 -0.016667852 0.995974302 -0.088076383 -14.659317970 -0.325190961 -0.088699386 -0.941479266 20.192604065
-0.944831431 0.014222442 0.327248067 174.200164795 -0.015372721 0.996030807 -0.087672390 -14.783559799 -0.327195972 -0.087866329 -0.940862477 18.989868164
-0.944049537 0.013443695 0.329529494 174.626464844 -0.016561838 0.995975852 -0.088079512 -14.901398659 -0.329387456 -0.088609040 -0.940027833 17.790794373
-0.942888260 0.012117818 0.332889080 175.058059692 -0.018071888 0.996005535 -0.087444104 -15.029788017 -0.332618952 -0.088465929 -0.938902795 16.612380981
-0.941086769 0.010442568 0.338004112 175.486816406 -0.019779166 0.996112227 -0.085844755 -15.139016151 -0.337586373 -0.087472796 -0.937221408 15.419422150
-0.939203739 0.008157733 0.343263716 175.934112549 -0.021522054 0.996353328 -0.082565024 -15.260203362 -0.342685401 -0.084933110 -0.935603142 14.240940094
-0.936625957 0.005408897 0.350289047 176.384262085 -0.024080288 0.996522009 -0.079774976 -15.373936653 -0.349502206 -0.083154403 -0.933238149 13.065048218
-0.934136152 0.007680306 0.356834322 176.842590332 -0.022328470 0.996552646 -0.079901651 -15.481611252 -0.356217831 -0.082606584 -0.930744290 11.897037506
-0.930714846 0.008133033 0.365655303 177.295776367 -0.022444036 0.996598482 -0.079294249 -15.599641800 -0.365056515 -0.082007095 -0.927366436 10.737224579
-0.926720321 0.010913488 0.375593513 177.763168335 -0.021664852 0.996363401 -0.082405716 -15.702819824 -0.375126958 -0.084504224 -0.923113525 9.574756622
-0.922222555 0.012273096 0.386464894 178.245117188 -0.020664303 0.996503413 -0.080957577 -15.816740990 -0.386107147 -0.082646921 -0.918744087 8.405178070
-0.917800963 0.014800256 0.396765262 178.752044678 -0.019375673 0.996444762 -0.081989683 -15.928913116 -0.396568120 -0.082937770 -0.914251208 7.276130676
-0.912446797 0.016278736 0.408871382 179.277008057 -0.019432355 0.996357203 -0.083034508 -16.043676376 -0.408733606 -0.083709911 -0.908806622 6.151458740
-0.906534255 0.018401843 0.421731085 179.816223145 -0.018245947 0.996407628 -0.082698002 -16.155544281 -0.421737790 -0.082663454 -0.902941823 5.015556335
-0.899555683 0.018167729 0.436428130 180.370346069 -0.018786374 0.996600986 -0.080208763 -16.265720367 -0.436401993 -0.080351152 -0.896156788 3.823127747
-0.893021643 0.020492045 0.449546874 180.941040039 -0.017335948 0.996654689 -0.079869039 -16.385898590 -0.449679613 -0.079118088 -0.889678955 2.692794800
-0.885939479 0.022839261 0.463238418 181.511917114 -0.015727252 0.996733129 -0.079220638 -16.489265442 -0.463534355 -0.077470139 -0.882685840 1.579803467
-0.878692567 0.024389863 0.476764590 182.113464355 -0.014520387 0.996866584 -0.077758268 -16.582632065 -0.477167189 -0.075248428 -0.875585020 0.474525452
-0.871230125 0.026001744 0.490185499 182.728515625 -0.012555562 0.997088969 -0.075205885 -16.686895370 -0.490714014 -0.071676187 -0.868367553 -0.609191895
-0.862442493 0.029379016 0.505301654 183.347656250 -0.008711938 0.997304559 -0.072854266 -16.795658112 -0.506079912 -0.067234769 -0.859861970 -1.697845459
-0.854157269 0.032244030 0.519014239 183.993164062 -0.005997935 0.997398555 -0.071834892 -16.893497467 -0.519980192 -0.064471304 -0.851741731 -2.723289490
-0.843103170 0.035527948 0.536576986 184.632522583 -0.002662623 0.997527122 -0.070232138 -16.991840363 -0.537745297 -0.060641658 -0.840923607 -3.767013550
-0.832252562 0.038332228 0.553070009 185.295837402 -0.000025583 0.997604072 -0.069180533 -17.087558746 -0.554396808 -0.057589825 -0.830257475 -4.772781372
-0.820932806 0.039852045 0.569632471 185.982788086 0.001451955 0.997704268 -0.067707859 -17.194700241 -0.571022928 -0.054756530 -0.819105923 -5.776191711
-0.809748054 0.041502312 0.585308075 186.700424194 0.002030622 0.997687817 -0.067933552 -17.286315918 -0.586774051 -0.053820524 -0.807960033 -6.744026184
-0.796679258 0.044202868 0.602783740 187.433212280 0.004616489 0.997738123 -0.067063883 -17.383375168 -0.604384720 -0.050645661 -0.795081198 -7.730125427
-0.782918036 0.045067322 0.620490432 188.186691284 0.006300164 0.997895896 -0.064529583 -17.475114822 -0.622093022 -0.046612173 -0.781554520 -8.685745239
-0.767320037 0.047589593 0.639495969 188.948104858 0.009351172 0.997966886 -0.063045740 -17.558101654 -0.641196012 -0.042396229 -0.766205013 -9.623382568
