-0.994775474 -0.019774601 -0.100153431 140.959289551 -0.018241193 0.999702334 -0.016203340 -23.682722092 0.100444026 -0.014291768 -0.994839966 451.111358643
-0.994798124 -0.019130794 -0.100053430 140.840698242 -0.017548863 0.999707043 -0.016667234 -23.721378326 0.100342982 -0.014824711 -0.994842350 449.819854736
-0.994883597 -0.019195249 -0.099186942 140.717910767 -0.017622717 0.999705195 -0.016706174 -23.752397537 0.099478379 -0.014872755 -0.994928539 448.522979736
-0.994962513 -0.018683484 -0.098490208 140.594268799 -0.017233128 0.999730468 -0.015556164 -23.787048340 0.098754294 -0.013780506 -0.995016396 447.230163574
-0.995098948 -0.017136205 -0.097388901 140.470520020 -0.015649972 0.999749601 -0.016004277 -23.822124481 0.097638749 -0.014401707 -0.995117664 445.948577881
-0.995173037 -0.017028794 -0.096646436 140.353942871 -0.015251121 0.999701202 -0.019102627 -23.862804413 0.096942849 -0.017536454 -0.995135486 444.665863037
-0.995321751 -0.017293589 -0.095055431 140.238159180 -0.015276093 0.999643147 -0.021911357 -23.897060394 0.095400438 -0.020356774 -0.995230854 443.392059326
-0.995501578 -0.015265671 -0.093507424 140.114471436 -0.013377063 0.999694288 -0.020791048 -23.933551788 0.093796223 -0.019446662 -0.995401442 442.113922119
-0.995681405 -0.013466402 -0.091854163 139.998046875 -0.011843403 0.999764383 -0.018191550 -23.974815369 0.092077486 -0.017025121 -0.995606244 440.841247559
-0.995808542 -0.013027080 -0.090529591 139.898971558 -0.011341261 0.999753058 -0.019111279 -24.009269714 0.090756208 -0.018004455 -0.995710313 439.584838867
-0.995984495 -0.012466808 -0.088653676 139.794784546 -0.010632217 0.999720037 -0.021136133 -24.043666840 0.088892378 -0.020108676 -0.995838165 438.320037842
-0.996168852 -0.012550863 -0.086545639 139.688018799 -0.010754035 0.999717414 -0.021196736 -24.086326599 0.086787216 -0.020184809 -0.996022344 437.045532227
-0.996328652 -0.013466505 -0.084544845 139.581085205 -0.011739113 0.999712765 -0.020895675 -24.127731323 0.084801935 -0.019826477 -0.996200502 435.773956299
-0.996475577 -0.014290828 -0.082657300 139.481765747 -0.012706534 0.999725878 -0.019661438 -24.168987274 0.082915619 -0.018541852 -0.996384025 434.507751465
-0.996602356 -0.016425148 -0.080709510 139.393417358 -0.015080938 0.999737620 -0.017236372 -24.202415466 0.080971450 -0.015960632 -0.996588588 433.231689453
-0.996703625 -0.018873423 -0.078902394 139.295684814 -0.017834153 0.999745131 -0.013855584 -24.239751816 0.079143763 -0.012402755 -0.996786058 431.940856934
-0.996798873 -0.021783274 -0.076925673 139.212860107 -0.020775627 0.999688029 -0.013875101 -24.271518707 0.077203907 -0.012232506 -0.996940255 430.674621582
-0.996968150 -0.022818461 -0.074390605 139.124832153 -0.021638462 0.999627531 -0.016629890 -24.302873611 0.074742369 -0.014969770 -0.997090518 429.392547607
-0.997150004 -0.022841463 -0.071904615 139.043289185 -0.021501835 0.999581575 -0.019349949 -24.328771591 0.072316498 -0.017748721 -0.997223794 428.106994629
-0.997353733 -0.022182345 -0.069234990 138.966339111 -0.020916546 0.999601603 -0.018954452 -24.364835739 0.069627851 -0.017456139 -0.997420311 426.826751709
-0.997606337 -0.020293320 -0.066105247 138.880508423 -0.019095052 0.999642670 -0.018708393 -24.407384872 0.066461265 -0.017401328 -0.997637272 425.559020996
-0.997755229 -0.020143425 -0.063865475 138.805038452 -0.018863218 0.999610126 -0.020585407 -24.442960739 0.064255238 -0.019334491 -0.997746170 424.276824951
-0.997944653 -0.021051196 -0.060525380 138.732040405 -0.019704051 0.999546587 -0.022768874 -24.482727051 0.060977243 -0.021529485 -0.997906983 422.994415283
-0.998135149 -0.022474824 -0.056754500 138.666015625 -0.021147495 0.999491155 -0.023880543 -24.525981903 0.057262342 -0.022635797 -0.998102427 421.722595215
-0.998281002 -0.026398700 -0.052327346 138.610198975 -0.024995107 0.999314725 -0.027298760 -24.567234039 0.053012151 -0.025943903 -0.998256683 420.440948486
-0.998450339 -0.028680842 -0.047688529 138.553298950 -0.027520409 0.999313176 -0.024814699 -24.612617493 0.048367482 -0.023463838 -0.998553991 419.159667969
-0.998532891 -0.032325219 -0.043440156 138.507995605 -0.031621478 0.999358833 -0.016790900 -24.649524689 0.043955069 -0.015392625 -0.998914957 417.871398926
-0.998636365 -0.034425698 -0.039247960 138.460647583 -0.033810344 0.999296367 -0.016236179 -24.684358597 0.039779287 -0.014887050 -0.999097586 416.577270508
-0.998829484 -0.033313669 -0.035072185 138.417587280 -0.032664273 0.999287128 -0.018929005 -24.714994431 0.035677794 -0.017761240 -0.999205470 415.293243408
-0.998996019 -0.032765549 -0.030554308 138.383514404 -0.031997997 0.999168217 -0.025280274 -24.753248215 0.031357214 -0.024277212 -0.999213278 414.008148193
-0.999120712 -0.032618269 -0.026341069 138.354034424 -0.031851031 0.999070764 -0.029039575 -24.798608780 0.027263813 -0.028175052 -0.999231040 412.747100830
-0.999242306 -0.031878293 -0.022325182 138.331924438 -0.031236913 0.999105334 -0.028511390 -24.841510773 0.023214098 -0.027792420 -0.999344051 411.463104248
-0.999303639 -0.032143313 -0.018948622 138.310363770 -0.031707462 0.999235570 -0.022869904 -24.895797729 0.019669252 -0.022253163 -0.999558806 410.152496338
-0.999328375 -0.032950915 -0.016031245 138.304580688 -0.032634865 0.999275327 -0.019592071 -24.932239532 0.016665213 -0.019055733 -0.999679446 408.864074707
-0.999417007 -0.031777125 -0.012484187 138.293289185 -0.031530727 0.999313295 -0.019460926 -24.969736099 0.013094028 -0.019055946 -0.999732614 407.569519043
-0.999451280 -0.031942241 -0.008763611 138.290817261 -0.031751342 0.999272645 -0.021119546 -25.007526398 0.009431846 -0.020829704 -0.999738455 406.284637451
-0.999507606 -0.030985851 -0.004945944 138.286163330 -0.030871112 0.999285638 -0.021796942 -25.052509308 0.005617809 -0.021633521 -0.999750137 404.988403320
-0.999498546 -0.031634744 -0.001416899 138.290069580 -0.031595860 0.999257445 -0.022048296 -25.092506409 0.002113345 -0.021992467 -0.999755919 403.698425293
-0.999459028 -0.032802314 0.002388140 138.298797607 -0.032849152 0.999188244 -0.023320131 -25.133502960 -0.001621230 -0.023385959 -0.999725342 402.414337158
-0.999381244 -0.034611817 0.006266079 138.314682007 -0.034752410 0.999109626 -0.023923753 -25.178983688 -0.005432451 -0.024126707 -0.999694169 401.141967773
-0.999241054 -0.037811585 0.009361254 138.338958740 -0.038033422 0.998969257 -0.024777239 -25.220912933 -0.008414734 -0.025114475 -0.999649107 399.871887207
-0.999062598 -0.041390721 0.012676138 138.364089966 -0.041685700 0.998843312 -0.023965523 -25.260559082 -0.011669522 -0.024471471 -0.999632418 398.610504150
-0.998811305 -0.046392664 0.014955837 138.413452148 -0.046733394 0.998635709 -0.023300428 -25.307518005 -0.013854463 -0.023971671 -0.999616504 397.363067627
-0.998580396 -0.050225735 0.017736146 138.448410034 -0.050643820 0.998429060 -0.023967456 -25.353542328 -0.016504500 -0.024831656 -0.999555349 396.100158691
-0.998502672 -0.050634924 0.020701306 138.484954834 -0.051194698 0.998310745 -0.027469110 -25.399229050 -0.019275449 -0.028487775 -0.999408245 394.861938477
-0.998484969 -0.049608864 0.023803707 138.517074585 -0.050325178 0.998267055 -0.030501245 -25.452224731 -0.022249321 -0.031652961 -0.999251127 393.612915039
-0.998531759 -0.047298599 0.026404079 138.565307617 -0.048106547 0.998365700 -0.030851886 -25.502429962 -0.024901666 -0.032076802 -0.999175012 392.381591797
-0.998603880 -0.043254334 0.030319160 138.598312378 -0.044148095 0.998590767 -0.029456131 -25.557727814 -0.029002318 -0.030753542 -0.999106050 391.154266357
-0.998578727 -0.041064873 0.033972736 138.636428833 -0.042070929 0.998680532 -0.029448539 -25.611003876 -0.032718603 -0.030835947 -0.998988926 389.937561035
-0.998472571 -0.041304834 0.036693856 138.689147949 -0.042407140 0.998656213 -0.029787920 -25.663944244 -0.035414159 -0.031298500 -0.998882532 388.719390869
-0.998292983 -0.043109421 0.039405525 138.747070312 -0.044288039 0.998581886 -0.029542884 -25.712051392 -0.038076065 -0.031237643 -0.998786449 387.508666992
-0.998113751 -0.044480655 0.042313863 138.804565430 -0.045669470 0.998576462 -0.027555780 -25.761188507 -0.041027922 -0.029436251 -0.998724282 386.304290771
-0.997983992 -0.045339584 0.044410907 138.872726440 -0.046530791 0.998574078 -0.026165782 -25.801109314 -0.043161239 -0.028179502 -0.998670638 385.114318848
-0.997927487 -0.044395123 0.046582848 138.937057495 -0.045639221 0.998619735 -0.025991939 -25.843906403 -0.045364641 -0.028064068 -0.998576224 383.932037354
-0.997848153 -0.043286815 0.049247202 138.996871948 -0.044631086 0.998651147 -0.026531812 -25.894477844 -0.048032291 -0.028672677 -0.998434067 382.748260498
-0.997752964 -0.042256165 0.051993113 139.057449341 -0.043783616 0.998631656 -0.028597800 -25.938056946 -0.050713550 -0.030809987 -0.998237848 381.575561523
-0.997652590 -0.042141445 0.053974696 139.129150391 -0.043740112 0.998628259 -0.028787887 -25.991289139 -0.052687481 -0.031081172 -0.998127222 380.421783447
-0.997522473 -0.043098178 0.055600308 139.210250854 -0.044724774 0.998597026 -0.028349807 -26.039754868 -0.054300480 -0.030766279 -0.998050511 379.265167236
-0.997294426 -0.044135273 0.058787059 139.278366089 -0.045895949 0.998526931 -0.028943818 -26.083076477 -0.057423003 -0.031563602 -0.997850835 378.109558105
-0.997191966 -0.043771237 0.060764082 139.360015869 -0.045553826 0.998561919 -0.028267032 -26.126354218 -0.059439398 -0.030955695 -0.997751772 376.962524414
-0.997061610 -0.042942010 0.063437939 139.436889648 -0.044643313 0.998673737 -0.025648169 -26.173824310 -0.062252425 -0.028404882 -0.997656167 375.818267822
-0.996988237 -0.040650375 0.066045865 139.517227173 -0.042413369 0.998774409 -0.025513722 -26.214689255 -0.064927772 -0.028238107 -0.997490406 374.682800293
-0.996885657 -0.038318448 0.068924986 139.594055176 -0.040382337 0.998769045 -0.028803566 -26.256877899 -0.067736417 -0.031497218 -0.997205973 373.569641113
-0.996811092 -0.034758884 0.071829937 139.666717529 -0.037073407 0.998827100 -0.031143880 -26.304214478 -0.070663162 -0.033707544 -0.996930540 372.448211670
-0.996677697 -0.033452213 0.074260570 139.757766724 -0.035737772 0.998920798 -0.029664721 -26.348825455 -0.073188074 -0.032220073 -0.996797502 371.340118408
-0.996482432 -0.032557923 0.077218227 139.845916748 -0.034621965 0.999073982 -0.025543224 -26.398757935 -0.076315098 -0.028126819 -0.996686935 370.243927002
-0.996231973 -0.031856958 0.080664963 139.941207886 -0.033887167 0.999139249 -0.023925405 -26.436439514 -0.079833329 -0.026568759 -0.996454060 369.148406982
-0.995858908 -0.032631863 0.084853150 140.034698486 -0.034882773 0.999074161 -0.025180889 -26.481927872 -0.083952881 -0.028036527 -0.996075094 368.070251465
-0.995510280 -0.033577163 0.088496871 140.139297485 -0.036218058 0.998940110 -0.028406413 -26.522819519 -0.087449253 -0.031484060 -0.995671213 367.002471924
-0.995134175 -0.035030596 0.092090912 140.244659424 -0.037938993 0.998829007 -0.030022787 -26.567852020 -0.090931363 -0.033370540 -0.995297849 365.946228027
-0.994703114 -0.035313901 0.096533135 140.352874756 -0.038358230 0.998817742 -0.029864462 -26.613376617 -0.095364384 -0.033409111 -0.994881630 364.895050049
-0.994190276 -0.034929227 0.101811893 140.465148926 -0.038081322 0.998848557 -0.029182052 -26.658752441 -0.100675337 -0.032889649 -0.994375527 363.844696045
-0.993641198 -0.032992296 0.107650228 140.581054688 -0.036131889 0.998972893 -0.027345287 -26.699819565 -0.106637433 -0.031061007 -0.993812680 362.816101074
-0.992899418 -0.029655999 0.115200788 140.698455811 -0.032627746 0.999179482 -0.023996387 -26.740720749 -0.114394628 -0.027584737 -0.993052363 361.785644531
-0.991896808 -0.028518451 0.123802982 140.830490112 -0.031325433 0.999293208 -0.020785525 -26.781761169 -0.123122685 -0.024495279 -0.992089033 360.771362305
-0.990669429 -0.027355228 0.133513421 140.967178345 -0.030432833 0.999314904 -0.021064498 -26.820892334 -0.132845744 -0.024931142 -0.990823090 359.775207520
-0.989085138 -0.025645871 0.145096540 141.114227295 -0.029167514 0.999328136 -0.022195680 -26.850013733 -0.144429833 -0.026185520 -0.989168465 358.782684326
-0.987356842 -0.024845194 0.156553909 141.285461426 -0.028837288 0.999312997 -0.023279995 -26.888336182 -0.155867934 -0.027500248 -0.987395048 357.805694580
-0.985092044 -0.024667891 0.170250431 141.453079224 -0.029147355 0.999290228 -0.023861565 -26.923442841 -0.169540972 -0.028468184 -0.985111833 356.816986084
-0.982414782 -0.023876078 0.185179055 141.639724731 -0.028984243 0.999269009 -0.024926808 -26.959026337 -0.184448525 -0.029855736 -0.982388556 355.857391357
-0.979307711 -0.023272857 0.201033801 141.841125488 -0.028922386 0.999263704 -0.025210675 -26.993053436 -0.200299084 -0.030503385 -0.979259849 354.891632080
-0.975967050 -0.022510525 0.216751933 142.059967041 -0.028589807 0.999279797 -0.024952050 -27.028894424 -0.216034114 -0.030549273 -0.975907862 353.953887939
-0.972203374 -0.022873124 0.233018070 142.286621094 -0.029454526 0.999258339 -0.024803346 -27.064411163 -0.232277840 -0.030977333 -0.972155988 353.007354736
-0.968443930 -0.022448381 0.248218611 142.528320312 -0.029474480 0.999262154 -0.024625707 -27.099361420 -0.247482628 -0.031164732 -0.968390942 352.074310303
-0.964620471 -0.024689311 0.262484610 142.795227051 -0.032560203 0.999139786 -0.025678264 -27.134004593 -0.261624843 -0.033316322 -0.964594483 351.153259277
-0.960840225 -0.025458416 0.275931448 143.067260742 -0.033930566 0.999086618 -0.025972690 -27.165933609 -0.275018215 -0.034318112 -0.960826397 350.231994629
-0.957172930 -0.028383110 0.288122326 143.351745605 -0.037591673 0.998942435 -0.026477082 -27.196697235 -0.287066102 -0.036174148 -0.957227528 349.318176270
-0.953765690 -0.031025138 0.298945546 143.643066406 -0.040731907 0.998824000 -0.026292538 -27.235622406 -0.297778308 -0.037253540 -0.953907907 348.412353516
-0.950430810 -0.033838801 0.309089392 143.949035645 -0.044054262 0.998687387 -0.026128823 -27.267278671 -0.307799548 -0.038450345 -0.950673997 347.499938965
-0.947233975 -0.035715424 0.318546981 144.260772705 -0.046105620 0.998620331 -0.025134945 -27.298095703 -0.317209780 -0.038495485 -0.947573781 346.574127197
-0.944397330 -0.038525689 0.326541692 144.596496582 -0.048993099 0.998513401 -0.023888320 -27.333566666 -0.325135887 -0.038558353 -0.944880903 345.670013428
-0.941205561 -0.040076036 0.335448861 144.930557251 -0.050667014 0.998453498 -0.022876857 -27.364595413 -0.334013283 -0.038528014 -0.941780567 344.769653320
-0.937751949 -0.042095758 0.344745249 145.276992798 -0.052682173 0.998382151 -0.021393035 -27.390037537 -0.343286991 -0.038223289 -0.938452482 343.865264893
-0.933531046 -0.042555224 0.355962127 145.602203369 -0.052786067 0.998423696 -0.019073028 -27.430568695 -0.354589313 -0.036595099 -0.934305668 342.974090576
-0.929077566 -0.043119598 0.367362946 145.950698853 -0.053420320 0.998411417 -0.017912855 -27.458381653 -0.366006970 -0.036267079 -0.929905057 342.101928711
-0.924662232 -0.043675426 0.378275365 146.310699463 -0.053944595 0.998406112 -0.016587682 -27.486526489 -0.376947939 -0.035743911 -0.925544441 341.232666016
-0.920343220 -0.044936392 0.388521731 146.678771973 -0.054744259 0.998399436 -0.014205236 -27.516355515 -0.387261510 -0.034343027 -0.921330035 340.374969482
-0.916188955 -0.045376405 0.398169160 147.064117432 -0.054556113 0.998441458 -0.011748847 -27.540424347 -0.397015423 -0.032486722 -0.917236745 339.530273438
-0.911476552 -0.045640048 0.408812165 147.449554443 -0.054302018 0.998478353 -0.009599561 -27.557802200 -0.407751977 -0.030949101 -0.912568033 338.693420410
-0.905931711 -0.044751652 0.421052366 147.812393188 -0.052934241 0.998567820 -0.007759705 -27.574071884 -0.420102149 -0.029317848 -0.907003105 337.876770020
-0.900147140 -0.043699559 0.433388650 148.210372925 -0.050946601 0.998688221 -0.005115927 -27.590806961 -0.432596624 -0.026684761 -0.901192605 337.063415527
-0.893664241 -0.042718101 0.446698457 148.625045776 -0.049539581 0.998765588 -0.003596091 -27.606395721 -0.445993513 -0.025342947 -0.894677401 336.251159668
-0.886471093 -0.039691642 0.461078823 149.036178589 -0.047247946 0.998871446 -0.004851867 -27.626167297 -0.460365713 -0.026086064 -0.887345910 335.434814453
-0.879046202 -0.036140766 0.475364804 149.470428467 -0.044586122 0.998984456 -0.006498587 -27.640230179 -0.474647045 -0.026907228 -0.879764736 334.643768311
-0.870825589 -0.033066049 0.490478814 149.908752441 -0.042139117 0.999083877 -0.007462216 -27.645643234 -0.489782810 -0.027166631 -0.871421099 333.865173340
-0.862098813 -0.030260259 0.505835950 150.368286133 -0.038351256 0.999248803 -0.005584911 -27.659648895 -0.505286932 -0.024214189 -0.862611651 333.097595215
-0.852128506 -0.025819838 0.522695303 150.831756592 -0.032633033 0.999460101 -0.003829454 -27.673429489 -0.522314191 -0.020320319 -0.852510870 332.337890625
-0.840636313 -0.022347970 0.541138709 151.317138672 -0.028380817 0.999593258 -0.002807169 -27.687528610 -0.540855765 -0.017717768 -0.840928793 331.559387207
-0.828909755 -0.017737983 0.559101045 151.817138672 -0.023288626 0.999724865 -0.002809986 -27.694787979 -0.558897316 -0.015349922 -0.829094708 330.815612793
-0.816467047 -0.013524723 0.577233732 152.331207275 -0.018189793 0.999831915 -0.002302213 -27.709312439 -0.577105463 -0.012379445 -0.816575706 330.080078125
-0.803976595 -0.011170278 0.594555974 152.860870361 -0.014643022 0.999892235 -0.001015170 -27.715660095 -0.594480515 -0.009522269 -0.804053545 329.356079102
-0.790837467 -0.011782558 0.611912847 153.420593262 -0.012660328 0.999915600 0.002891431 -27.724542618 -0.611895442 -0.005460362 -0.790919900 328.638977051
-0.777226627 -0.010261768 0.629137099 153.991577148 -0.009131026 0.999945521 0.005029642 -27.735509872 -0.629154444 -0.001835494 -0.777278066 327.935211182
-0.763744831 -0.008041590 0.645468175 154.581359863 -0.005928608 0.999967575 0.005443157 -27.741157532 -0.645491004 0.000330456 -0.763767779 327.246398926
-0.749109626 -0.006228785 0.662416875 155.191345215 -0.004032504 0.999980092 0.004842682 -27.741415024 -0.662433743 0.000956501 -0.749119818 326.557250977
-0.734429479 -0.004850754 0.678667665 155.826782227 -0.001364616 0.999982953 0.005670601 -27.747669220 -0.678683519 0.003238535 -0.734423578 325.888183594
-0.718317926 -0.002568986 0.695710361 156.473968506 0.002517879 0.999977052 0.006292224 -27.745443344 -0.695710480 0.006271532 -0.718294919 325.219940186
-0.700664103 -0.001561981 0.713489652 157.141067505 0.005762225 0.999952674 0.007847759 -27.745132446 -0.713468015 0.009609931 -0.700622022 324.562255859
-0.683246136 -0.000081558 0.730188072 157.824234009 0.010640522 0.999892771 0.010068154 -27.742401123 -0.730110645 0.014648616 -0.683171928 323.921630859
-0.664711714 -0.000936676 0.747099280 158.533660889 0.012906321 0.999835491 0.012736594 -27.743080139 -0.746988595 0.018108470 -0.664590240 323.282196045
-0.647573292 -0.001687626 0.762001336 159.254302979 0.012978089 0.999828041 0.013243539 -27.742513657 -0.761892676 0.018465476 -0.647440016 322.678588867
-0.629313111 0.001926627 0.777149498 160.000640869 0.015779687 0.999822497 0.010299279 -27.737003326 -0.776991606 0.018744644 -0.629231870 322.074493408
-0.611651361 0.001478921 0.791125953 160.751296997 0.015542724 0.999827623 0.010147640 -27.734338760 -0.790974677 0.018503072 -0.611569107 321.499938965
-0.592488825 0.000011736 0.805578649 161.526565552 0.015829040 0.999807060 0.011627414 -27.733226776 -0.805423081 0.019640654 -0.592374742 320.933135986
-0.572759032 -0.003893145 0.819714546 162.326080322 0.016159091 0.999740720 0.016039003 -27.734563828 -0.819564283 0.022432331 -0.572547793 320.374908447
-0.552297175 -0.006179245 0.833624423 163.122451782 0.015664645 0.999719083 0.017788637 -27.736763000 -0.833500147 0.022883033 -0.552045107 319.857177734
-0.530287206 -0.008346350 0.847777009 163.950286865 0.014537803 0.999715030 0.018935613 -27.732864380 -0.847693443 0.022366125 -0.530014634 319.345245361
-0.507228792 -0.008879929 0.861765742 164.786468506 0.012981561 0.999754786 0.017942660 -27.728582382 -0.861713767 0.020288097 -0.506988943 318.866729736
-0.482408851 -0.010656103 0.875881255 165.645828247 0.016721150 0.999631763 0.021371173 -27.712820053 -0.875786543 0.024955388 -0.482052892 318.395904541
-0.455747128 -0.017665196 0.889934063 166.523605347 0.017355351 0.999436617 0.028726727 -27.700996399 -0.889940023 0.028537236 -0.455183744 317.956237793
-0.427757561 -0.023069074 0.903599203 167.401016235 0.020092905 0.999184549 0.035021238 -27.679607391 -0.903670132 0.033136528 -0.426945239 317.546295166
-0.399223566 -0.022277800 0.916582942 168.309799194 0.024135590 0.999103010 0.034795884 -27.655708313 -0.916535854 0.036013603 -0.398327798 317.153808594
-0.370943218 -0.021696245 0.928402126 169.216796875 0.027315278 0.999039590 0.034260821 -27.631328583 -0.928253889 0.038068369 -0.369994193 316.788848877
-0.344124556 -0.023540610 0.938628912 170.147521973 0.027586514 0.999000549 0.035168625 -27.602180481 -0.938518643 0.037995886 -0.343131214 316.454772949
-0.318723530 -0.026702287 0.947471559 171.094818115 0.028846834 0.998866796 0.037854642 -27.580081940 -0.947408617 0.039396722 -0.317592084 316.150482178
-0.293209821 -0.030860588 0.955549896 172.047576904 0.028263824 0.998762250 0.040928908 -27.555936813 -0.955630243 0.039008245 -0.291974664 315.867523193
-0.268549830 -0.033340860 0.962688565 173.029785156 0.028820459 0.998675227 0.042626895 -27.525499344 -0.962834477 0.039192569 -0.267233163 315.601684570
-0.245535344 -0.035144873 0.968750298 174.024688721 0.028145829 0.998662829 0.043363780 -27.492078781 -0.968978941 0.037913617 -0.244217813 315.358795166
-0.224942937 -0.035628255 0.973720491 175.027526855 0.028728243 0.998654306 0.043177210 -27.461334229 -0.973948240 0.037685677 -0.223616749 315.136322021
-0.206657127 -0.036200445 0.977743506 176.049682617 0.028058046 0.998685122 0.042906176 -27.423816681 -0.978010893 0.036300443 -0.205369696 314.929840088
-0.190376937 -0.036948025 0.981015563 177.067428589 0.027903844 0.998684049 0.043028530 -27.391117096 -0.981314421 0.035565734 -0.189095408 314.741180420
-0.176164553 -0.037940264 0.983629346 178.100982666 0.028372625 0.998646080 0.043600924 -27.352319717 -0.983951747 0.035589080 -0.174849570 314.563293457
-0.164054573 -0.039353747 0.985665977 179.154022217 0.028235711 0.998607218 0.044569999 -27.317893982 -0.986047029 0.035142884 -0.162714884 314.397369385
-0.153367430 -0.040110622 0.987354934 180.206298828 0.027508259 0.998615384 0.044840977 -27.280088425 -0.987786233 0.034037553 -0.152051687 314.248046875
-0.143823296 -0.041934110 0.988714576 181.288848877 0.028154660 0.998524010 0.046445679 -27.240293503 -0.989202797 0.034516890 -0.142430380 314.093841553
-0.135299727 -0.042574886 0.989889622 182.368392944 0.029021170 0.998477459 0.046910912 -27.202594757 -0.990379632 0.035074793 -0.133858144 313.951507568
-0.128266156 -0.043164793 0.990800023 183.456771851 0.029999761 0.998426378 0.047380719 -27.155223846 -0.991285980 0.035801109 -0.126769379 313.821411133
-0.122150555 -0.044265036 0.991523981 184.561798096 0.031981263 0.998310626 0.048507940 -27.114109039 -0.991996169 0.037635468 -0.120528542 313.683776855
-0.117482960 -0.045392092 0.992036939 185.665344238 0.032923505 0.998227656 0.049574353 -27.068302155 -0.992528975 0.038485486 -0.115780264 313.558654785
-0.113037571 -0.046586853 0.992497921 186.791534424 0.032591224 0.998188794 0.050565861 -27.022693634 -0.993056059 0.038062572 -0.111314520 313.430541992
-0.109367222 -0.047845256 0.992849171 187.910064697 0.033401608 0.998099804 0.051777631 -26.973526001 -0.993440092 0.038825527 -0.107561298 313.312011719
-0.106738076 -0.050572928 0.993000150 189.051879883 0.032221053 0.998005152 0.054291293 -26.920925140 -0.993764937 0.037790466 -0.104895629 313.195556641
-0.105929494 -0.054697093 0.992868185 190.189147949 0.030101113 0.997851968 0.058183156 -26.867309570 -0.993917882 0.036049750 -0.104055524 313.086761475
-0.105552882 -0.059511729 0.992631316 191.345642090 0.028477978 0.997617304 0.062838897 -26.809164047 -0.994005799 0.034900948 -0.103606611 312.968200684
-0.105441727 -0.063450769 0.992399096 192.515670776 0.027710268 0.997387350 0.066713899 -26.743537903 -0.994039297 0.034534074 -0.103408009 312.853912354
-0.105481043 -0.067465328 0.992130160 193.693084717 0.028025717 0.997097969 0.070782773 -26.673534393 -0.994026303 0.035271391 -0.103284158 312.730529785
-0.106063381 -0.068816140 0.991975188 194.878417969 0.026481187 0.997053087 0.071999796 -26.597570419 -0.994006634 0.033905216 -0.103928477 312.615020752
-0.107403778 -0.067016259 0.991954267 196.043212891 0.025925422 0.997197568 0.070177570 -26.528842926 -0.993877292 0.033254169 -0.105365366 312.499481201
-0.108863190 -0.065442033 0.991900325 197.230621338 0.025864083 0.997306287 0.068637341 -26.455532074 -0.993720233 0.033126667 -0.106877357 312.375946045
-0.111429796 -0.067332022 0.991488814 198.414474487 0.025768464 0.997170806 0.070613921 -26.382555008 -0.993438065 0.033417642 -0.109379515 312.251739502
-0.113983467 -0.072020888 0.990868747 199.608123779 0.026794981 0.996783197 0.075533114 -26.309440613 -0.993121207 0.035159830 -0.111687005 312.117462158
-0.117144704 -0.078050792 0.990043104 200.797546387 0.027804850 0.996258318 0.081830725 -26.231445312 -0.992725611 0.037114024 -0.114536181 311.977447510
-0.121339694 -0.084172279 0.989035726 201.997482300 0.029252831 0.995662153 0.088325083 -26.146989822 -0.992179871 0.039649434 -0.118351050 311.837219238
-0.126525819 -0.088970408 0.987965345 203.189453125 0.031725988 0.995097160 0.093675710 -26.056972504 -0.991455734 0.043196570 -0.123082809 311.688232422
-0.131563425 -0.091515221 0.987074494 204.374313354 0.033618484 0.994744956 0.096707284 -25.958595276 -0.990737557 0.045907073 -0.127795443 311.537475586
-0.136576772 -0.092757873 0.986277282 205.567764282 0.034304217 0.994566619 0.098287821 -25.859258652 -0.990035415 0.047257289 -0.132652700 311.383209229
-0.141960740 -0.093026116 0.985491395 206.751892090 0.036472932 0.994406641 0.099121638 -25.759788513 -0.989200115 0.050015129 -0.137773752 311.214111328
-0.147933960 -0.093989484 0.984520912 207.964370728 0.036405653 0.994281769 0.100391619 -25.652259827 -0.988326967 0.050693452 -0.143666282 311.034667969
-0.154119983 -0.097430959 0.983236611 209.151947021 0.035214841 0.993952453 0.104012646 -25.542530060 -0.987424493 0.050654940 -0.149756908 310.859405518
-0.161106229 -0.102360211 0.981614530 210.354064941 0.033889677 0.993446708 0.109156162 -25.434831619 -0.986355126 0.050852336 -0.156581491 310.671783447
-0.168837011 -0.106378525 0.979886413 211.535934448 0.033071239 0.992987514 0.113499053 -25.320753098 -0.985089004 0.051568899 -0.164134964 310.482208252
-0.176607862 -0.107171781 0.978429317 212.725250244 0.033023581 0.992849708 0.114712134 -25.202709198 -0.983727038 0.052570302 -0.171805888 310.275939941
-0.184572637 -0.109889098 0.976656199 213.912109375 0.032536760 0.992501676 0.117820911 -25.076248169 -0.982280076 0.053523742 -0.179613218 310.058624268
-0.193440154 -0.111785039 0.974723101 215.115997314 0.032066707 0.992236853 0.120157428 -24.950389862 -0.980587900 0.054499440 -0.188353866 309.827911377
-0.202241957 -0.114155084 0.972659767 216.306518555 0.031828117 0.991892457 0.123030216 -24.819843292 -0.978818178 0.055839807 -0.196968943 309.586975098
-0.211747780 -0.114472665 0.970597148 217.492279053 0.031857133 0.991780639 0.123921096 -24.694383621 -0.976804972 0.057160456 -0.206360549 309.342987061
-0.221207380 -0.114677340 0.968460798 218.670623779 0.031884734 0.991680861 0.124709710 -24.563127518 -0.974705398 0.058465812 -0.215710625 309.084014893
-0.230589360 -0.111184932 0.966677964 219.841888428 0.030109629 0.992159367 0.121298045 -24.438938141 -0.972585142 0.057076342 -0.225433648 308.818603516
-0.240651771 -0.104920156 0.964923978 220.987426758 0.032301802 0.992724001 0.115999006 -24.313549042 -0.970073879 0.059084151 -0.235511646 308.532989502
-0.250753671 -0.101049162 0.962762475 222.143157959 0.032488674 0.993098259 0.112694882 -24.197078705 -0.967505574 0.059537522 -0.245740101 308.238952637
-0.262901634 -0.099712074 0.959656298 223.280197144 0.034343727 0.993047774 0.112590179 -24.064054489 -0.964211106 0.062558323 -0.257649422 307.953033447
-0.273487717 -0.102752864 0.956371427 224.393280029 0.033192445 0.992677450 0.116145432 -23.954153061 -0.961302578 0.063508652 -0.268074512 307.635650635
-0.286399126 -0.102241747 0.952639520 225.504669189 0.032266457 0.992696762 0.116241373 -23.833923340 -0.957566917 0.064029723 -0.281008512 307.308227539
-0.301037759 -0.099796474 0.948375821 226.626785278 0.032287467 0.992872119 0.114727587 -23.709215164 -0.953065336 0.065158002 -0.295669824 306.959625244
-0.316273063 -0.099480219 0.943437815 227.727691650 0.029635295 0.992965221 0.114637375 -23.595775604 -0.948205054 0.064215787 -0.311100096 306.597259521
-0.331291556 -0.098633669 0.938358903 228.799575806 0.028778924 0.993001878 0.114537872 -23.483306885 -0.943089366 0.064950384 -0.326134652 306.229553223
-0.346433163 -0.097221278 0.933023036 229.860076904 0.028013619 0.993099034 0.113882713 -23.372642517 -0.937656224 0.065590113 -0.341319025 305.844909668
-0.361127138 -0.096074410 0.927554190 230.899932861 0.027520262 0.993147433 0.113582924 -23.263553619 -0.932110310 0.066544428 -0.356008470 305.439086914
-0.376435876 -0.096650012 0.921387374 231.964782715 0.024207087 0.993177772 0.114070423 -23.153503418 -0.926126242 0.065244302 -0.371528119 305.028839111
-0.391653925 -0.096998341 0.914985597 232.983963013 0.020453375 0.993264377 0.114051655 -23.042613983 -0.919885159 0.063383326 -0.387031883 304.604278564
-0.406636715 -0.096954174 0.908430755 234.003204346 0.017635401 0.993334591 0.113909774 -22.932863235 -0.913419664 0.062340446 -0.402216554 304.159149170
-0.421384066 -0.096372090 0.901747108 234.991912842 0.015341135 0.993437767 0.113340199 -22.830459595 -0.906752527 0.061593566 -0.417140335 303.702819824
-0.436313927 -0.094695270 0.894797683 235.979354858 0.014161399 0.993600905 0.112056755 -22.724946976 -0.899682999 0.061563518 -0.432180941 303.232971191
-0.450577736 -0.092590705 0.887922704 236.985778809 0.015622784 0.993636906 0.111542150 -22.615562439 -0.892600417 0.064130254 -0.446264148 302.723907471
-0.465095311 -0.089874998 0.880686581 237.946960449 0.016548745 0.993776619 0.110155441 -22.512371063 -0.885105848 0.065807037 -0.460713506 302.223266602
-0.478955686 -0.086448297 0.873572111 238.900878906 0.018665545 0.993911266 0.108590804 -22.406250000 -0.877640545 0.068315886 -0.474425822 301.694671631
-0.492962062 -0.083280981 0.866055846 239.836288452 0.020548090 0.994016349 0.107281841 -22.320877075 -0.869808078 0.070681654 -0.488300979 301.177246094
-0.505877078 -0.080861010 0.858807266 240.749237061 0.021884657 0.994073153 0.106488042 -22.224399567 -0.862327874 0.072664551 -0.501109183 300.636871338
-0.518900752 -0.079344004 0.851144254 241.655487061 0.021568595 0.994150996 0.105824441 -22.125768661 -0.854562402 0.073270351 -0.514154255 300.092742920
-0.531198144 -0.076797493 0.843759775 242.542480469 0.021237936 0.994363546 0.103875734 -22.046476364 -0.846981347 0.073098309 -0.526573062 299.543365479
-0.543601990 -0.073462576 0.836121976 243.414306641 0.020518573 0.994701684 0.100735620 -21.956882477 -0.839092314 0.071916126 -0.539214373 298.983306885
-0.555715084 -0.070635147 0.828366578 244.271087646 0.018089116 0.995121062 0.096989572 -21.872312546 -0.831175923 0.068883002 -0.551726103 298.426757812
-0.567504048 -0.065921314 0.820727468 245.111709595 0.018799370 0.995492518 0.092957661 -21.793050766 -0.823155999 0.068183012 -0.563706696 297.844818115
-0.579290032 -0.060526650 0.812871218 245.928375244 0.020828007 0.995814681 0.088991657 -21.709079742 -0.814855456 0.068482459 -0.575604677 297.259613037
-0.591302872 -0.062106628 0.804054558 246.730865479 0.020002242 0.995593965 0.091611147 -21.638969421 -0.806201458 0.070252836 -0.587455273 296.674652100
-0.603085935 -0.064878762 0.795033514 247.508193970 0.018215099 0.995306790 0.095039457 -21.569925308 -0.797468245 0.071798556 -0.599073589 296.091888428
-0.614206016 -0.066010028 0.786380172 248.263473511 0.015666325 0.995279133 0.095781587 -21.495916367 -0.788990259 0.071149297 -0.610272110 295.500213623
-0.626770020 -0.060692649 0.776837051 248.993545532 0.013904886 0.995931983 0.089028858 -21.428878784 -0.779080153 0.066602424 -0.623376369 294.928527832
-0.638536036 -0.059371736 0.767298341 249.715789795 0.010595159 0.996247053 0.085904419 -21.362407684 -0.769518971 0.062982701 -0.635510564 294.331634521
-0.649669111 -0.060656384 0.757793427 250.407958984 0.006508405 0.996331573 0.085329570 -21.297674179 -0.760189235 0.060367998 -0.646891057 293.746582031
-0.661013067 -0.063086547 0.747717798 251.084243774 0.005132035 0.996056199 0.088576324 -21.237567902 -0.750356913 0.062387403 -0.658082306 293.169219971
-0.671332419 -0.061648164 0.738587976 251.720764160 0.005402992 0.996101141 0.088053167 -21.180988312 -0.741136670 0.063103527 -0.668381870 292.581481934
-0.682164788 -0.060573056 0.728685141 252.334991455 0.004612137 0.996186554 0.087127201 -21.123411179 -0.731183887 0.062795892 -0.679284036 292.004180908
-0.693505287 -0.060016785 0.717947304 252.936416626 0.002611523 0.996308208 0.085808970 -21.068336487 -0.720446765 0.061383918 -0.690788329 291.439483643
-0.704333901 -0.059477489 0.707372844 253.501968384 0.001579549 0.996349931 0.085348114 -21.015689850 -0.709867120 0.061230887 -0.701668978 290.865203857
-0.716494977 -0.058501787 0.695134997 254.041625977 0.003228371 0.996188700 0.087165706 -20.961744308 -0.697584867 0.064697944 -0.713575184 290.300994873
-0.729192674 -0.056173608 0.681998968 254.557327271 0.006814024 0.995979786 0.089320526 -20.912979126 -0.684274554 0.069779031 -0.725878239 289.743438721
-0.742303491 -0.052720770 0.667986631 255.041961670 0.012239080 0.995666921 0.092183635 -20.862899780 -0.669952035 0.076603785 -0.738441586 289.182281494
-0.755269647 -0.049389552 0.653550565 255.485900879 0.016202666 0.995444894 0.093951344 -20.820886612 -0.655213892 0.081547856 -0.751028955 288.648345947
-0.768138349 -0.044150446 0.638759971 255.910430908 0.018974435 0.995612025 0.091633312 -20.772085190 -0.640002787 0.082507171 -0.763929844 288.114135742
-0.782173872 -0.036493838 0.621990621 256.315979004 0.022362439 0.995995641 0.086559214 -20.729177475 -0.622658849 0.081613585 -0.778225601 287.589111328
-0.796696007 -0.027356347 0.603760719 256.694091797 0.027173426 0.996343553 0.081001088 -20.690784454 -0.603769124 0.080939494 -0.793039441 287.055053711
-0.812134922 -0.018965071 0.583161354 257.042480469 0.031362310 0.996607840 0.076087281 -20.643461227 -0.582626283 0.080082431 -0.808785141 286.523712158
-0.828818619 -0.015147408 0.559312344 257.367614746 0.032507326 0.996641278 0.075162351 -20.612289429 -0.558572233 0.080477700 -0.825542510 286.031372070
-0.845605016 -0.009842823 0.533718407 257.673980713 0.036706477 0.996391237 0.076531902 -20.577194214 -0.532545567 0.084306665 -0.842192113 285.511474609
-0.862124205 -0.003063306 0.506687701 257.941070557 0.041490421 0.996196866 0.076618321 -20.540121078 -0.504995346 0.087077193 -0.858718395 284.998229980
-0.879124463 0.003755596 0.476577669 258.182098389 0.045043498 0.996147633 0.075240031 -20.510265350 -0.474458992 0.087612055 -0.875906825 284.484191895
-0.897036374 0.008883243 0.441867530 258.437774658 0.045366116 0.996367574 0.072067000 -20.473972321 -0.439622194 0.084692515 -0.894180894 283.946136475
-0.914120317 0.015439988 0.405149072 258.626251221 0.046766043 0.996620178 0.067535579 -20.446859360 -0.402737021 0.080682836 -0.911752880 283.444824219
-0.930185437 0.021979397 0.366431504 258.781250000 0.048628721 0.996786535 0.063654356 -20.424991608 -0.363854885 0.077029459 -0.928265035 282.935974121
-0.945533335 0.029732337 0.324164808 258.927429199 0.052155115 0.996792436 0.060701910 -20.389232635 -0.321320236 0.074302532 -0.944051027 282.400054932
-0.959246695 0.035221044 0.280366242 259.053283691 0.053538471 0.996883273 0.057943221 -20.364356995 -0.277451634 0.070592239 -0.958142519 281.862365723
-0.971474588 0.035522226 0.234468341 259.162567139 0.049695585 0.997258902 0.054818247 -20.338914871 -0.231878340 0.064906567 -0.970576823 281.313598633
-0.982324898 0.034945667 0.183892816 259.250427246 0.045430578 0.997554481 0.053114481 -20.317890167 -0.181587011 0.060530040 -0.981510162 280.776733398
-0.990795970 0.033159453 0.131239280 259.290313721 0.040054947 0.997932911 0.050254591 -20.283966064 -0.129301608 0.055048827 -0.990076065 280.258605957
-0.996538222 0.035131216 0.075347826 259.306060791 0.038912475 0.998024881 0.049317107 -20.257467270 -0.073466472 0.052078351 -0.995936990 279.701690674
-0.999297738 0.033040930 0.017671868 259.292327881 0.033915229 0.998086393 0.051703542 -20.236560822 -0.015929736 0.052266583 -0.998506069 279.133422852
-0.998584926 0.032136265 -0.042370334 259.258514404 0.029771160 0.998024940 0.055316042 -20.208591461 0.044064254 0.053976346 -0.997569382 278.568664551
-0.994158924 0.032315981 -0.102974162 259.185668945 0.026483292 0.997993231 0.057514679 -20.169033051 0.104626119 0.054451637 -0.993019760 277.988220215
-0.986054301 0.033017445 -0.163115963 259.050292969 0.023111390 0.997792423 0.062259231 -20.142189026 0.164811537 0.057621133 -0.984640419 277.418701172
-0.973553181 0.032126013 -0.226190716 258.898681641 0.017032154 0.997514606 0.068369180 -20.119794846 0.227825016 0.062708512 -0.971680701 276.839324951
-0.957106590 0.032302484 -0.287929893 258.683654785 0.011098588 0.997123718 0.074973285 -20.075439453 0.289523542 0.068561800 -0.954712093 276.264373779
-0.936161339 0.025893733 -0.350615680 258.458374023 -0.002857258 0.996690691 0.081236795 -20.039791107 0.351558864 0.077052549 -0.932989359 275.677307129
-0.911321878 0.023446690 -0.411026388 258.177276611 -0.012747588 0.996291101 0.085096464 -19.993059158 0.411497146 0.082789846 -0.907643020 275.105773926
-0.883559823 0.022712875 -0.467767239 257.851806641 -0.021048859 0.995887876 0.088115193 -19.946411133 0.467845082 0.087701000 -0.879448354 274.546966553
-0.852969289 0.023804605 -0.521418035 257.497680664 -0.027629884 0.995499790 0.090646908 -19.901966095 0.521229267 0.091725744 -0.848472953 273.996765137
-0.820704222 0.023530446 -0.570868671 257.088439941 -0.033528708 0.995446265 0.089233220 -19.850454330 0.570368767 0.092374541 -0.816177905 273.450469971
-0.788717031 0.018584400 -0.614475310 256.642944336 -0.042416297 0.995515883 0.084552646 -19.795688629 0.613291323 0.092751898 -0.784392059 272.911376953
-0.757874191 0.016529195 -0.652191103 256.181762695 -0.048224837 0.995524764 0.081270039 -19.744935989 0.650615692 0.093044288 -0.753685594 272.390655518
-0.729342997 0.019692408 -0.683864772 255.661972046 -0.048273481 0.995612979 0.080153182 -19.688230515 0.682443023 0.091471702 -0.725192845 271.871643066
-0.702769697 0.023933917 -0.711014748 255.107360840 -0.047412641 0.995636225 0.080377579 -19.630720139 0.709835827 0.090197995 -0.698568225 271.355316162
-0.679096758 0.026459944 -0.733571827 254.544036865 -0.047668431 0.995651245 0.080041707 -19.582166672 0.732499421 0.089324281 -0.674882054 270.840301514
-0.659879506 0.028882446 -0.750816226 253.937225342 -0.046752043 0.995746374 0.079393998 -19.522659302 0.749915719 0.087492645 -0.655722201 270.326477051
-0.645613253 0.033534475 -0.762928009 253.306289673 -0.039502181 0.996231496 0.077217281 -19.466005325 0.762642205 0.079989813 -0.641855478 269.813476562
-0.636430681 0.039693475 -0.770312071 252.654586792 -0.030761853 0.996574402 0.076767951 -19.416656494 0.770720243 0.072553702 -0.633029401 269.299621582
-0.631438613 0.042484540 -0.774261117 251.989547729 -0.025938675 0.996781886 0.075848445 -19.351190567 0.774991810 0.067976937 -0.628304720 268.760070801
-0.629829824 0.045150317 -0.775419712 251.309570312 -0.023332531 0.996758819 0.076989911 -19.288215637 0.776382446 0.066583037 -0.626735151 268.218780518
