1.000000000 0.000000000 0.000000000 0.000000000 0.000000000 1.000000000 0.000000001 0.000000954 0.000000000 0.000000001 1.000000000 0.000000000
0.999997556 -0.001677615 -0.001434221 -0.002483064 0.001676347 0.999998212 -0.000885231 -0.008485206 0.001435704 0.000882827 0.999998569 0.564135015
0.999995410 -0.001839187 -0.002411100 -0.007778897 0.001833014 0.999995053 -0.002560032 -0.017856289 0.002415796 0.002555602 0.999993801 1.119465828
0.999986529 -0.002494921 -0.004545128 -0.009064624 0.002478818 0.999990642 -0.003544924 -0.035088547 0.004553930 0.003533612 0.999983370 1.684573293
0.999970376 -0.004329117 -0.006367375 -0.020558156 0.004293892 0.999975443 -0.005535452 -0.041269936 0.006391182 0.005507949 0.999964416 2.251060009
0.999944150 -0.006901115 -0.007999963 -0.021058325 0.006839931 0.999947309 -0.007650713 -0.054091681 0.008052341 0.007595567 0.999938667 2.812578201
0.999921858 -0.008128233 -0.009501210 -0.027375553 0.008050106 0.999933660 -0.008232842 -0.067616910 0.009567499 0.008155714 0.999920964 3.385269403
0.999908030 -0.008084811 -0.010884350 -0.038621441 0.008002677 0.999939322 -0.007569081 -0.080632374 0.010944884 0.007481282 0.999912143 3.968607187
0.999893010 -0.008625772 -0.011821331 -0.050636582 0.008532467 0.999932170 -0.007921256 -0.095301516 0.011888856 0.007819543 0.999898791 4.560667515
0.999882638 -0.007950123 -0.013095848 -0.059235748 0.007807661 0.999910235 -0.010894220 -0.108872920 0.013181277 0.010790689 0.999854922 5.154059887
0.999879241 -0.006306402 -0.014199042 -0.077302366 0.006098099 0.999873936 -0.014666338 -0.124479547 0.014289737 0.014577975 0.999791563 5.756386757
0.999865115 -0.005143720 -0.015598471 -0.091578029 0.004856930 0.999819458 -0.018368470 -0.137060151 0.015690133 0.018290222 0.999709666 6.370998383
0.999853551 -0.003094452 -0.016828995 -0.107407041 0.002786052 0.999828339 -0.018318400 -0.152499914 0.016882785 0.018268827 0.999690592 6.998178005
0.999834418 -0.001249131 -0.018152704 -0.118162468 0.001042243 0.999934494 -0.011402018 -0.162383780 0.018165758 0.011381211 0.999770224 7.641008854
0.999827921 -0.000142004 -0.018547837 -0.139354855 0.000127100 0.999999702 -0.000804660 -0.175885171 0.018547947 0.000802162 0.999827743 8.300117493
0.999807060 0.000639636 -0.019639386 -0.154571056 -0.000527065 0.999983430 0.005736606 -0.185929060 0.019642731 -0.005725150 0.999790788 8.986956596
0.999778092 0.003044414 -0.020847671 -0.176175803 -0.002944091 0.999984026 0.004841251 -0.202715278 0.020862076 -0.004778801 0.999771059 9.676667213
0.999756753 0.004978098 -0.021485522 -0.199816227 -0.005027257 0.999984860 -0.002234372 -0.212332308 0.021474056 0.002341838 0.999766707 10.360092163
0.999734342 0.004551808 -0.022592856 -0.220241353 -0.004735524 0.999956131 -0.008084545 -0.214533359 0.022555044 0.008189383 0.999712110 11.071434021
0.999720156 0.002234722 -0.023547770 -0.242512450 -0.002394302 0.999974370 -0.006750632 -0.215204716 0.023532065 0.006805120 0.999699950 11.810688019
0.999709666 0.001777684 -0.024030419 -0.263536692 -0.001721028 0.999995708 0.002378328 -0.223509118 0.024034526 -0.002336284 0.999708474 12.578004837
0.999701142 0.001605325 -0.024395434 -0.285487175 -0.001359086 0.999948025 0.010106787 -0.234362423 0.024410399 -0.010070611 0.999651313 13.357772827
0.999689221 0.000724040 -0.024920506 -0.306735277 -0.000409687 0.999920309 0.012616953 -0.236629203 0.024927663 -0.012602821 0.999609768 14.144856453
0.999688685 -0.000851308 -0.024935361 -0.328730553 0.001136391 0.999934196 0.011420904 -0.237336144 0.024924003 -0.011445686 0.999623835 14.943555832
0.999701440 -0.001388320 -0.024397518 -0.353366643 0.001611677 0.999957025 0.009137560 -0.238129869 0.024383789 -0.009174153 0.999660671 15.774947166
0.999703407 0.001146627 -0.024325669 -0.378075093 -0.001008363 0.999983311 0.005695319 -0.238548666 0.024331795 -0.005669101 0.999687910 16.614818573
0.999724567 -0.002300266 -0.023358017 -0.396594048 0.002296202 0.999997377 -0.000200690 -0.239564985 0.023358412 0.000146999 0.999727190 17.502468109
0.999732196 -0.005205049 -0.022551451 -0.414814949 0.005062510 0.999966919 -0.006372944 -0.249536961 0.022583874 0.006257068 0.999725401 18.372035980
0.999756634 -0.003893065 -0.021715712 -0.434226006 0.003640773 0.999925613 -0.011645294 -0.264739603 0.021759428 0.011563394 0.999696374 19.264528275
0.999760628 -0.002620986 -0.021719091 -0.457560033 0.002349707 0.999919176 -0.012506309 -0.278807670 0.021750107 0.012452280 0.999685824 20.179765701
0.999755979 -0.002503475 -0.021946665 -0.488955885 0.002244152 0.999927521 -0.011832613 -0.303057760 0.021974694 0.011780472 0.999689043 21.122043610
0.999760449 -0.000903297 -0.021870123 -0.504663467 0.000610679 0.999910235 -0.013382624 -0.327396959 0.021880247 0.013366058 0.999671459 22.098358154
0.999764383 0.001725812 -0.021638861 -0.533041835 -0.002061747 0.999877453 -0.015511784 -0.347800374 0.021609439 0.015552741 0.999645591 23.051717758
0.999744892 0.005328299 -0.021946026 -0.562801957 -0.005688748 0.999849439 -0.016394593 -0.369082242 0.021855365 0.016515255 0.999624789 24.015241623
0.999736011 0.007516534 -0.021710059 -0.600468874 -0.007870591 0.999836683 -0.016269447 -0.399635702 0.021584228 0.016436022 0.999631941 25.019245148
0.999723673 0.008007105 -0.022103723 -0.623192608 -0.008371681 0.999829650 -0.016450953 -0.426721781 0.021968236 0.016631447 0.999620318 25.998651505
0.999719918 0.008048008 -0.022256780 -0.644029796 -0.008409765 0.999833226 -0.016208267 -0.457132280 0.022122631 0.016390899 0.999620855 26.986745834
0.999694645 0.009789791 -0.022691946 -0.677429795 -0.010131924 0.999836028 -0.015011678 -0.489169627 0.022541266 0.015237004 0.999629855 27.987562180
0.999685049 0.010072194 -0.022986488 -0.698879302 -0.010372586 0.999861836 -0.012986491 -0.519315660 0.022852508 0.013220825 0.999651492 29.022771835
0.999673545 0.010782896 -0.023164479 -0.731136024 -0.011057262 0.999869823 -0.011748896 -0.547891319 0.023034779 0.012001193 0.999662638 30.043251038
0.999670267 0.010612230 -0.023382992 -0.759405017 -0.010910664 0.999860168 -0.012672353 -0.577237189 0.023245241 0.012923295 0.999646306 31.065374374
0.999652565 0.011809973 -0.023566246 -0.790385365 -0.012137569 0.999831021 -0.013806599 -0.601194739 0.023399211 0.014087835 0.999626935 32.107353210
0.999648333 0.011734124 -0.023788346 -0.820990741 -0.012045212 0.999843240 -0.012976106 -0.628181458 0.023632351 0.013258076 0.999632716 33.176410675
0.999620140 0.011394986 -0.025099516 -0.840939045 -0.011668013 0.999874055 -0.010758076 -0.648648858 0.024973761 0.011046851 0.999627054 34.227901459
0.999615967 0.012101678 -0.024930960 -0.878408611 -0.012286939 0.999897897 -0.007290878 -0.669450283 0.024840172 0.007594401 0.999662638 35.283676147
0.999608099 0.011741344 -0.025414215 -0.910786927 -0.011857892 0.999919832 -0.004440154 -0.701303840 0.025360031 0.004739771 0.999667168 36.370090485
0.999590695 0.011912888 -0.026014278 -0.941267312 -0.012022729 0.999919534 -0.004070020 -0.719346344 0.025963683 0.004381115 0.999653339 37.441898346
0.999578476 0.011258295 -0.026762540 -0.967907250 -0.011407189 0.999920249 -0.005417425 -0.743238270 0.026699407 0.005720424 0.999627173 38.528842926
0.999563932 0.011776604 -0.027081532 -1.014116764 -0.011950070 0.999909103 -0.006252448 -0.759295046 0.027005428 0.006573346 0.999613762 39.609832764
0.999552310 0.011211575 -0.027738580 -1.048595667 -0.011346378 0.999924600 -0.004707270 -0.787578344 0.027683711 0.005019896 0.999604166 40.710575104
0.999522984 0.011934321 -0.028485404 -1.087616324 -0.012020950 0.999923646 -0.002871857 -0.803669333 0.028448964 0.003212909 0.999590158 41.796905518
0.999520600 0.011402241 -0.028784020 -1.129103184 -0.011404534 0.999934971 0.000084548 -0.832829833 0.028783113 0.000243761 0.999585688 42.892971039
0.999493420 0.012879889 -0.029103799 -1.172927856 -0.012879112 0.999917030 0.000214141 -0.858752549 0.029104145 0.000160798 0.999576390 43.968860626
0.999447107 0.014226085 -0.030050742 -1.194368243 -0.014354345 0.999888718 -0.004056593 -0.877851427 0.029989688 0.004485703 0.999540150 45.058425903
0.999438047 0.015414602 -0.029763335 -1.237195134 -0.015665693 0.999843478 -0.008221527 -0.898646355 0.029631946 0.008683166 0.999523163 46.138710022
0.999425590 0.015618572 -0.030073699 -1.275076747 -0.015876625 0.999839008 -0.008361105 -0.925791502 0.029938269 0.008833766 0.999512732 47.220802307
0.999427497 0.016198032 -0.029700408 -1.316870093 -0.016366314 0.999851346 -0.005431671 -0.952676892 0.029608008 0.005914643 0.999544084 48.323677063
0.999425650 0.016739370 -0.029469443 -1.352448940 -0.016854269 0.999851227 -0.003654559 -0.976486921 0.029403871 0.004149149 0.999558985 49.420833588
0.999449372 0.015247908 -0.029468087 -1.388253450 -0.015326146 0.999879539 -0.002430779 -0.998176515 0.029427458 0.002881076 0.999562740 50.508808136
0.999462187 0.015430037 -0.028937273 -1.426993370 -0.015525482 0.999874711 -0.003076331 -1.023681760 0.028886160 0.003523945 0.999576509 51.593639374
0.999473929 0.014502522 -0.029010365 -1.462043405 -0.014649701 0.999880791 -0.004867174 -1.048483729 0.028936310 0.005289604 0.999567270 52.701412201
0.999485731 0.014316942 -0.028694233 -1.492792606 -0.014527258 0.999868929 -0.007134409 -1.069720149 0.028588325 0.007547586 0.999562800 53.788002014
0.999497294 0.013767585 -0.028560106 -1.529548287 -0.014043828 0.999856293 -0.009494282 -1.102743149 0.028425284 0.009890599 0.999546945 54.889690399
0.999528527 0.011959348 -0.028279526 -1.566472888 -0.012323536 0.999842942 -0.012739438 -1.134944320 0.028122732 0.013081933 0.999518871 55.978557587
0.999546230 0.010290450 -0.028310329 -1.596398473 -0.010700631 0.999839425 -0.014375845 -1.167522311 0.028157851 0.014672257 0.999495745 57.065990448
0.999587536 0.008218938 -0.027520638 -1.631139159 -0.008548778 0.999892771 -0.011889412 -1.200735569 0.027419968 0.012119774 0.999550521 58.145622253
0.999596000 0.007344231 -0.027454389 -1.665486455 -0.007523488 0.999951065 -0.006431680 -1.224167943 0.027405804 0.006635637 0.999602318 59.257610321
0.999614477 0.005662606 -0.027178619 -1.695503235 -0.005678467 0.999983907 -0.000506451 -1.244692445 0.027175305 0.000660593 0.999630392 60.349525452
0.999621511 0.004358608 -0.027163623 -1.726920128 -0.004355848 0.999990523 0.000160584 -1.268168807 0.027164059 -0.000042209 0.999631047 61.456638336
0.999625087 0.001088146 -0.027359178 -1.752412796 -0.001168860 0.999995053 -0.002934569 -1.283892274 0.027355839 0.002965441 0.999621451 62.552314758
0.999634802 -0.000325576 -0.027022570 -1.788033605 0.000161701 0.999981582 -0.006066537 -1.305047154 0.027024042 0.006059946 0.999616444 63.639213562
0.999632895 0.001810178 -0.027034529 -1.827077627 -0.002076343 0.999949694 -0.009820612 -1.339598656 0.027015403 0.009873141 0.999586284 64.744636536
0.999635458 0.002003529 -0.026923789 -1.859040380 -0.002388103 0.999895573 -0.014259329 -1.363748312 0.026892420 0.014318427 0.999535799 65.837249756
0.999641716 0.005158829 -0.026261589 -1.898918867 -0.005547273 0.999876022 -0.014740128 -1.396831870 0.026182301 0.014880529 0.999546468 66.926651001
0.999643028 0.008764106 -0.025239572 -1.947721720 -0.009050858 0.999895513 -0.011269554 -1.426978827 0.025138155 0.011493971 0.999617934 68.046096802
0.999640226 0.010049798 -0.024868794 -1.985328913 -0.010277383 0.999906301 -0.009040785 -1.455266953 0.024775591 0.009293121 0.999649882 69.138221741
0.999639869 0.009266571 -0.025184982 -2.013499260 -0.009476410 0.999921203 -0.008225508 -1.483366251 0.025106765 0.008461212 0.999648988 70.227416992
0.999645770 0.008287292 -0.025294477 -2.039367199 -0.008482716 0.999934852 -0.007628629 -1.511028528 0.025229601 0.007840490 0.999650955 71.347030640
0.999646306 0.007244680 -0.025592316 -2.069140673 -0.007400946 0.999954462 -0.006016687 -1.539858222 0.025547557 0.006203964 0.999654353 72.440559387
0.999653518 0.005653668 -0.025713159 -2.105700731 -0.005760290 0.999975026 -0.004074184 -1.566883802 0.025689486 0.004220887 0.999661028 73.551239014
0.999632955 0.004752900 -0.026671944 -2.133601427 -0.004825999 0.999984741 -0.002676744 -1.587125540 0.026658816 0.002804480 0.999640644 74.642051697
0.999621093 0.003989410 -0.027237035 -2.163367510 -0.004084670 0.999985754 -0.003442511 -1.621286392 0.027222907 0.003552462 0.999623120 75.723587036
0.999609113 0.004029311 -0.027664654 -2.202880144 -0.004235253 0.999963760 -0.007389729 -1.645317912 0.027633883 0.007504007 0.999589980 76.820419312
0.999573529 0.004683100 -0.028824320 -2.229321718 -0.004956431 0.999943435 -0.009418592 -1.671267033 0.028778587 0.009557441 0.999540150 77.900489807
0.999557137 0.006821282 -0.028964384 -2.277832508 -0.007048949 0.999944985 -0.007765393 -1.698327303 0.028909840 0.007966120 0.999550283 78.987991333
0.999539256 0.007757927 -0.029347463 -2.317983866 -0.007864725 0.999962866 -0.003525352 -1.720403075 0.029319044 0.003754533 0.999563098 80.065940857
0.999510646 0.008789792 -0.030017553 -2.355472803 -0.008774175 0.999961317 0.000651857 -1.749849200 0.030022100 -0.000388158 0.999549150 81.148735046
0.999478102 0.010138724 -0.030667812 -2.396018267 -0.010108067 0.999948382 0.001154448 -1.766639113 0.030677911 -0.000843853 0.999528944 82.219078064
0.999470115 0.010041619 -0.030962937 -2.440282345 -0.010080593 0.999948680 -0.001102972 -1.784904957 0.030950246 0.001414513 0.999519944 83.287857056
0.999455988 0.009710117 -0.031518865 -2.477771521 -0.009765917 0.999951005 -0.001616792 -1.811198473 0.031501617 0.001923722 0.999501884 84.364982605
0.999449253 0.008920323 -0.031964038 -2.516113281 -0.008975256 0.999958515 -0.001575469 -1.836190701 0.031948660 0.001861485 0.999487877 85.419609070
0.999425888 0.007723597 -0.032988254 -2.552663326 -0.007774555 0.999968827 -0.001416711 -1.851884723 0.032976281 0.001672365 0.999454796 86.457542419
0.999417603 0.006698154 -0.033459973 -2.586878300 -0.006704069 0.999977529 -0.000064630 -1.877760530 0.033458777 0.000288916 0.999440014 87.490821838
0.999407291 0.007040636 -0.033698775 -2.628580093 -0.006957952 0.999972522 0.002570262 -1.897819519 0.033715937 -0.002334258 0.999428689 88.495735168
0.999374866 0.005913361 -0.034855146 -2.668937206 -0.005782634 0.999975860 0.003850156 -1.922429800 0.034877054 -0.003646189 0.999384940 89.469596863
0.999290407 0.005011581 -0.037328284 -2.703434944 -0.004868481 0.999980450 0.003923284 -1.943401098 0.037347235 -0.003738766 0.999295354 90.454612732
0.999162972 0.004094092 -0.040700246 -2.744080067 -0.003986276 0.999988317 0.002729684 -1.959123731 0.040710960 -0.002565155 0.999167681 91.386444092
0.999029338 0.003917225 -0.043872621 -2.794639587 -0.003835295 0.999990702 0.001951313 -1.980121374 0.043879874 -0.001781152 0.999035239 92.308547974
0.998890042 0.004025299 -0.046930760 -2.845984936 -0.003914289 0.999989390 0.002456960 -1.997917533 0.046940155 -0.002270532 0.998895168 93.205406189
0.998722494 0.005195288 -0.050262447 -2.893698931 -0.005013170 0.999980450 0.003748642 -2.017263412 0.050280944 -0.003491879 0.998728991 94.071151733
0.998577058 0.005845972 -0.053009156 -2.949313879 -0.005601608 0.999973118 0.004757227 -2.034457445 0.053035531 -0.004453522 0.998582721 94.914932251
0.998399198 0.007327946 -0.056085460 -3.000800133 -0.006985137 0.999955773 0.006305846 -2.048511267 0.056129180 -0.005903987 0.998406112 95.732574463
0.998244941 0.008449631 -0.058614582 -3.058730364 -0.008055137 0.999943376 0.006963282 -2.062699318 0.058670089 -0.006478914 0.998256445 96.519775391
0.998066604 0.010493966 -0.061261661 -3.107528210 -0.010043837 0.999920309 0.007650975 -2.082129955 0.061337069 -0.007020878 0.998092532 97.282470703
0.997856081 0.012207209 -0.064298421 -3.158075333 -0.011815556 0.999909282 0.006467920 -2.096199274 0.064371556 -0.005694331 0.997909784 98.011886597
0.997688711 0.013679927 -0.066560090 -3.218847275 -0.013508807 0.999904156 0.003020323 -2.116089106 0.066595040 -0.002114193 0.997777879 98.706291199
0.997475028 0.016358180 -0.069109775 -3.278223753 -0.016456556 0.999864280 -0.000854365 -2.125186682 0.069086432 0.001989516 0.997608721 99.384025574
0.997294605 0.017651850 -0.071357787 -3.320901394 -0.017954426 0.999832332 -0.003600936 -2.142410755 0.071282245 0.004872383 0.997444451 100.032028198
0.997180343 0.019762821 -0.072393231 -3.369719982 -0.020132255 0.999787688 -0.004376933 -2.158972740 0.072291352 0.005822031 0.997366607 100.648544312
0.997198880 0.022160519 -0.071438245 -3.422482967 -0.022507038 0.999738455 -0.004049121 -2.172559977 0.071329832 0.005645644 0.997436821 101.233360291
0.997367322 0.025811018 -0.067765847 -3.486144543 -0.026053464 0.999656916 -0.002696151 -2.186916113 0.067673013 0.004454590 0.997697651 101.804046631
0.997589231 0.028361024 -0.063336119 -3.504385233 -0.028496003 0.999593139 -0.001228566 -2.202746868 0.063275509 0.003030432 0.997991562 102.347465515
0.998047233 0.029205749 -0.055217110 -3.549198866 -0.029207516 0.999573112 0.000775165 -2.216351271 0.055216163 0.000839105 0.998474121 102.872894287
0.998528957 0.029575093 -0.045444824 -3.558836460 -0.029445138 0.999560177 0.003526631 -2.232642651 0.045529131 -0.002183311 0.998960614 103.366088867
0.999004304 0.029151592 -0.033774115 -3.565079451 -0.029013351 0.999568522 0.004576102 -2.242413282 0.033892948 -0.003591643 0.999418974 103.845611572
0.999396980 0.028254095 -0.020190025 -3.568776608 -0.028163761 0.999592006 0.004744878 -2.254332066 0.020315848 -0.004173386 0.999784946 104.300392151
0.999591053 0.028178299 -0.004873078 -3.562862396 -0.028159391 0.999595761 0.003907321 -2.266128778 0.004981212 -0.003768498 0.999980390 104.746109009
0.999561489 0.026789632 0.012630571 -3.539205074 -0.026802609 0.999640405 0.000858982 -2.278855324 -0.012603007 -0.001197134 0.999919832 105.158767700
0.999053419 0.026800716 0.034266531 -3.516001701 -0.026679184 0.999635994 -0.003999115 -2.283044815 -0.034361236 0.003081129 0.999404728 105.572967529
0.998027503 0.024250291 0.057907656 -3.458468437 -0.023777151 0.999678195 -0.008845765 -2.296760559 -0.058103524 0.007451438 0.998282731 105.992652893
0.996144533 0.022260627 0.084856801 -3.395763397 -0.021341905 0.999703586 -0.011718689 -2.310161591 -0.085092515 0.009862504 0.996324241 106.399955750
0.993170321 0.019401133 0.115049817 -3.327408791 -0.018067934 0.999757230 -0.012619633 -2.326915979 -0.115266688 0.010454730 0.993279576 106.771438599
0.988873839 0.017071107 0.147774979 -3.243810654 -0.015089525 0.999780715 -0.014520263 -2.340698242 -0.147990465 0.012128849 0.988914430 107.150901794
0.982853651 0.014794540 0.183793306 -3.148584366 -0.012022098 0.999796629 -0.016189774 -2.352488041 -0.183995441 0.013702595 0.982831597 107.526145935
0.974991500 0.011296501 0.221954986 -3.034509659 -0.007787697 0.999830604 -0.016677484 -2.368206501 -0.222105742 0.014531883 0.974914312 107.878273010
0.965062857 0.009671998 0.261840165 -2.910429001 -0.005300156 0.999834597 -0.017397698 -2.384130716 -0.261965096 0.015402076 0.964954376 108.219131470
0.952836990 0.010174297 0.303312361 -2.776576996 -0.004788772 0.999817431 -0.018494215 -2.402276993 -0.303445160 0.016169474 0.952711701 108.546813965
0.937507212 0.012047886 0.347757399 -2.635658264 -0.005763621 0.999800980 -0.019099686 -2.416549206 -0.347918242 0.015901746 0.937390029 108.869132996
0.919601202 0.011946036 0.392671525 -2.472019196 -0.005511446 0.999831378 -0.017510038 -2.433588982 -0.392814577 0.013938058 0.919512093 109.185043335
0.899252176 0.011229425 0.437286615 -2.291091919 -0.004259100 0.999847710 -0.016917314 -2.439053059 -0.437409997 0.013350480 0.899163127 109.491584778
0.876000345 0.010000326 0.482207090 -2.099559784 -0.002015685 0.999852121 -0.017073806 -2.458624125 -0.482306510 0.013984675 0.875890970 109.770187378
0.851211131 0.009770090 0.524732471 -1.884506226 0.000213228 0.999820232 -0.018961746 -2.477421761 -0.524823308 0.016252335 0.851056039 110.034553528
0.823359370 0.011990230 0.567393720 -1.664283752 0.000978456 0.999745369 -0.022546608 -2.491896152 -0.567519546 0.019119132 0.823137939 110.302604675
0.792221367 0.016565662 0.610008895 -1.429023743 -0.000355934 0.999643862 -0.026684504 -2.508864164 -0.610233665 0.020922914 0.791945159 110.572677612
0.758459210 0.022670101 0.651326180 -1.178821564 -0.003834178 0.999532700 -0.030324975 -2.522729397 -0.651709259 0.020502955 0.758191705 110.816101074
0.720927119 0.027826052 0.692452073 -0.902675629 -0.005074682 0.999378741 -0.034876488 -2.517283440 -0.692992449 0.021629427 0.720620394 111.069686890
0.682003558 0.027989937 0.730812967 -0.606254578 -0.003317756 0.999375641 -0.035179645 -2.540982723 -0.731341243 0.021567985 0.681670547 111.294158936
0.640956700 0.025421971 0.767155886 -0.291408539 0.001162122 0.999418139 -0.034089621 -2.550781727 -0.767576039 0.022741502 0.640554309 111.501434326
0.597100079 0.024008041 0.801807404 0.032543182 0.002380983 0.999494612 -0.031700380 -2.560940266 -0.802163124 0.020837389 0.596741140 111.691322327
0.553908229 0.021949042 0.832288384 0.363792419 0.003451389 0.999583304 -0.028657915 -2.576413155 -0.832570553 0.018746402 0.553601682 111.797378540
0.506032825 0.019428307 0.862295449 0.722377777 0.005411200 0.999655068 -0.025698675 -2.586770535 -0.862497330 0.017670419 0.505753160 111.962150574
0.455243051 0.015728982 0.890228271 1.092952728 0.008752808 0.999716520 -0.022139469 -2.595627785 -0.890324116 0.017870832 0.454976290 112.113243103
0.402472794 0.015930828 0.915293336 1.455482483 0.004872105 0.999797046 -0.019543989 -2.621468782 -0.915418983 0.012325324 0.402313530 112.251388550
0.350652099 0.020920012 0.936272144 1.843185425 0.001491745 0.999736667 -0.022896750 -2.632735729 -0.936504602 0.009425468 0.350528628 112.380920410
0.300057232 0.026993915 0.953539252 2.238632202 0.001155322 0.999588549 -0.028661085 -2.631322384 -0.953920424 0.009701607 0.299902558 112.478431702
0.254624784 0.028125750 0.966630816 2.640151978 0.002773503 0.999551594 -0.029814221 -2.663752317 -0.967035949 0.010272391 0.254432589 112.533706665
0.213526979 0.027822496 0.976540804 3.065181732 0.010017332 0.999479473 -0.030666394 -2.678471088 -0.976885855 0.016330436 0.213137180 112.585052490
0.178677648 0.027522318 0.983522654 3.497028351 0.018409643 0.999340177 -0.031309452 -2.692432642 -0.983735383 0.023700599 0.178053141 112.622200012
0.148024499 0.028668318 0.988568068 3.951400757 0.022913817 0.999212027 -0.032408025 -2.710268021 -0.988718152 0.027449051 0.147251040 112.664710999
0.120081231 0.026762959 0.992403269 4.429162979 0.020887386 0.999347210 -0.029477606 -2.729175568 -0.992544293 0.024268415 0.119443879 112.706649780
0.094655588 0.023790767 0.995225728 4.922832489 0.014614924 0.999573410 -0.025284724 -2.739677191 -0.995402813 0.016938487 0.094267562 112.743415833
0.070767239 0.019555800 0.997301161 5.423930168 0.010227288 0.999741018 -0.020329364 -2.758890152 -0.997440338 0.011638339 0.070548981 112.772552490
0.048202768 0.017402925 0.998686016 5.931028366 0.013388357 0.999747157 -0.018067624 -2.781329393 -0.998747826 0.014241675 0.047957607 112.790481567
0.027932465 0.018271640 0.999442935 6.466869354 0.021247705 0.999596179 -0.018868279 -2.797455311 -0.999383986 0.021762902 0.027532978 112.781005859
0.010528278 0.020635316 0.999731719 7.017060280 0.026067812 0.999441624 -0.020903859 -2.816651583 -0.999604762 0.026280899 0.009984501 112.767829895
-0.003917914 0.025976248 0.999655008 7.610751152 0.026553197 0.999312758 -0.025863294 -2.827789783 -0.999639690 0.026442705 -0.004604943 112.764106750
-0.014507364 0.030837819 0.999419212 8.227214813 0.024125922 0.999244094 -0.030482214 -2.839846611 -0.999603629 0.023669694 -0.015240349 112.756355286
-0.020763656 0.030589072 0.999316335 8.844064713 0.026576767 0.999195397 -0.030033164 -2.854499340 -0.999431133 0.025934998 -0.021559911 112.736961365
-0.023326013 0.027504437 0.999349415 9.489431381 0.033306714 0.999087930 -0.026719816 -2.871879578 -0.999172926 0.032661781 -0.024220819 112.715744019
-0.022999132 0.025462596 0.999411106 10.134023666 0.034072526 0.999114811 -0.024670940 -2.900329828 -0.999154747 0.033485048 -0.023846339 112.695281982
-0.020821460 0.025431462 0.999459684 10.805702209 0.032954667 0.999150574 -0.024737068 -2.920130730 -0.999240041 0.032421790 -0.021641865 112.686737061
-0.019271795 0.025821360 0.999480844 11.491981506 0.029886959 0.999234617 -0.025238724 -2.941227436 -0.999367416 0.029385049 -0.020028776 112.678176880
-0.018514181 0.026937274 0.999465764 12.204332352 0.028224507 0.999252677 -0.026408708 -2.966539145 -0.999430060 0.027720490 -0.019260643 112.682052612
-0.017367698 0.027798500 0.999462664 12.923870087 0.027984018 0.999235392 -0.027305897 -2.991824865 -0.999457479 0.027494742 -0.018132344 112.666221619
-0.017027091 0.027495705 0.999476969 13.673259735 0.027246678 0.999263346 -0.027025655 -3.014640331 -0.999483764 0.026772259 -0.017763726 112.667304993
-0.016381236 0.026013996 0.999527395 14.428354263 0.026372032 0.999324977 -0.025576517 -3.042453289 -0.999517977 0.025940593 -0.017056232 112.658920288
-0.015398093 0.024614122 0.999578357 15.186156273 0.027300730 0.999334574 -0.024187563 -3.073335886 -0.999508679 0.026916774 -0.016059829 112.638061523
-0.015849330 0.022373691 0.999624014 15.974787712 0.027824486 0.999372363 -0.021926897 -3.098304272 -0.999487162 0.027466491 -0.016461916 112.628936768
-0.017592089 0.020606514 0.999632895 16.752014160 0.024381334 0.999499142 -0.020174682 -3.130816698 -0.999547958 0.024017463 -0.018085694 112.628585815
-0.018262245 0.019755417 0.999638021 17.546741486 0.024807338 0.999505997 -0.019299602 -3.150070906 -0.999525428 0.024445899 -0.018743314 112.604484558
-0.019465752 0.017366622 0.999659717 18.346343994 0.027039148 0.999492586 -0.016837202 -3.169563532 -0.999444902 0.026702199 -0.019925468 112.589248657
-0.020970164 0.015782233 0.999655545 19.162563324 0.028393719 0.999481559 -0.015183860 -3.194023609 -0.999376774 0.028065534 -0.021407420 112.578292847
-0.022563968 0.014574756 0.999639213 19.984567642 0.026113208 0.999561191 -0.013984187 -3.226119995 -0.999404252 0.025788251 -0.022934671 112.560325623
-0.023021169 0.019495545 0.999544919 20.805227280 0.022816144 0.999559700 -0.018970344 -3.252549887 -0.999474645 0.022369042 -0.023455851 112.539787292
-0.024035655 0.023992764 0.999423146 21.640108109 0.024137029 0.999434471 -0.023412554 -3.278156757 -0.999419689 0.023560373 -0.024601178 112.525817871
-0.025100261 0.025651315 0.999355793 22.478807449 0.024501875 0.999386311 -0.025036700 -3.305353403 -0.999384642 0.023857666 -0.025713367 112.505531311
-0.026853230 0.023566308 0.999361634 23.324092865 0.020788400 0.999519050 -0.023011431 -3.336932182 -0.999423206 0.020157197 -0.027330227 112.497390747
-0.027762158 0.019173760 0.999430597 24.175622940 0.018011430 0.999663353 -0.018677901 -3.371428967 -0.999452233 0.017482636 -0.028098157 112.484550476
-0.028262625 0.014079805 0.999501348 25.028955460 0.016664403 0.999768555 -0.013612354 -3.397238016 -0.999461591 0.016271370 -0.028490711 112.467864990
-0.028672682 0.008662128 0.999551356 25.879190445 0.013102126 0.999879897 -0.008289132 -3.419802666 -0.999503016 0.012858574 -0.028782731 112.454666138
-0.028235467 0.006898938 0.999577582 26.729679108 0.010248091 0.999925673 -0.006611861 -3.450572968 -0.999548793 0.010057071 -0.028304065 112.439773560
-0.027236952 0.013996811 0.999530971 27.558088303 0.012385608 0.999829948 -0.013663493 -3.479465961 -0.999552250 0.012007647 -0.027405677 112.408874512
-0.025805881 0.025170483 0.999350011 28.387195587 0.015053226 0.999579370 -0.024787545 -3.503560066 -0.999553680 0.014403774 -0.026173923 112.382278442
-0.025431337 0.030530784 0.999210298 29.220479965 0.016897764 0.999403775 -0.030106628 -3.527510166 -0.999533713 0.016118765 -0.025932075 112.366653442
-0.024639172 0.024925470 0.999385595 30.066438675 0.018554127 0.999528289 -0.024471592 -3.564687729 -0.999524236 0.017939765 -0.025090020 112.353027344
-0.023256520 0.017308388 0.999579728 30.895671844 0.021614181 0.999625146 -0.016806295 -3.596287966 -0.999495864 0.021214234 -0.023621907 112.324378967
-0.022394665 0.014405107 0.999645472 31.725044250 0.022931548 0.999640524 -0.013891314 -3.623904943 -0.999486208 0.022612322 -0.022716947 112.303779602
-0.022818033 0.015247827 0.999623418 32.545341492 0.021998426 0.999649227 -0.014746075 -3.648842573 -0.999497592 0.021653662 -0.023145460 112.292892456
-0.024028080 0.015919974 0.999584675 33.367103577 0.018117744 0.999715984 -0.015486555 -3.681879997 -0.999547124 0.017738100 -0.024309689 112.283996582
-0.026028356 0.015955480 0.999533772 34.174762726 0.016629783 0.999741316 -0.015525742 -3.709309816 -0.999522805 0.016217928 -0.026286950 112.269210815
-0.028122030 0.015844958 0.999478877 34.983360291 0.016376834 0.999747574 -0.015388425 -3.736420393 -0.999470294 0.015935553 -0.028374419 112.247070312
-0.029936407 0.015698101 0.999428451 35.790637970 0.015208239 0.999768078 -0.015247894 -3.768193245 -0.999436080 0.014743084 -0.030168198 112.226043701
-0.032299437 0.016202375 0.999346852 36.619079590 0.013347264 0.999786496 -0.015778113 -3.792414427 -0.999389112 0.012828927 -0.032508790 112.218955994
-0.034486651 0.015797643 0.999280334 37.396667480 0.011393277 0.999816298 -0.015412914 -3.817688942 -0.999340296 0.010853537 -0.034660310 112.192535400
-0.036358055 0.014701748 0.999230742 38.186206818 0.011994361 0.999826193 -0.014274081 -3.844463825 -0.999267042 0.011466157 -0.036528081 112.162109375
-0.038530815 0.014044774 0.999158740 38.965087891 0.010640934 0.999850333 -0.013644144 -3.880926371 -0.999200761 0.010106263 -0.038674504 112.135475159
-0.039983068 0.015317537 0.999082923 39.752185822 0.011350879 0.999825001 -0.014874651 -3.903177500 -0.999135911 0.010745738 -0.040149942 112.104240417
-0.041434456 0.015759915 0.999016941 40.535663605 0.012217621 0.999808848 -0.015265686 -3.925630331 -0.999066532 0.011573087 -0.041619089 112.084320068
-0.042443678 0.014799725 0.998989224 41.310989380 0.014289694 0.999796987 -0.014204578 -3.950342655 -0.998996675 0.013672358 -0.042646546 112.049476624
-0.044017099 0.013783924 0.998935759 42.086627960 0.014431622 0.999809325 -0.013160069 -3.980143547 -0.998926580 0.013836994 -0.044207625 112.020401001
-0.045708429 0.012975497 0.998870552 42.844856262 0.012333257 0.999846756 -0.012423815 -4.012882233 -0.998878717 0.011751456 -0.045861453 111.992897034
-0.046747506 0.012059683 0.998833954 43.604484558 0.010537679 0.999877453 -0.011579104 -4.033511639 -0.998851120 0.009984097 -0.046868857 111.962982178
-0.047397826 0.011035348 0.998815179 44.336135864 0.010106090 0.999893069 -0.010567691 -4.055994034 -0.998824954 0.009593226 -0.047504302 111.931953430
-0.048159674 0.010920762 0.998780012 45.053054810 0.010257597 0.999893010 -0.010438334 -4.079238415 -0.998786986 0.009742372 -0.048266545 111.902137756
-0.048100758 0.013334689 0.998753548 45.760738373 0.010471067 0.999862731 -0.012845209 -4.103626251 -0.998787522 0.009840148 -0.048233796 111.872291565
-0.048330192 0.016349694 0.998697639 46.469486237 0.010359203 0.999820471 -0.015866768 -4.127896309 -0.998777688 0.009578863 -0.048490901 111.844085693
-0.048524525 0.017857293 0.998662353 47.159671783 0.008487688 0.999811411 -0.017465429 -4.152109623 -0.998785913 0.007628836 -0.048666947 111.813514709
-0.048791099 0.018696357 0.998633981 47.858200073 0.008992665 0.999792457 -0.018278688 -4.175538540 -0.998768568 0.008088545 -0.048949104 111.784896851
-0.048443351 0.018448334 0.998655558 48.540138245 0.010999625 0.999778569 -0.017935509 -4.200420380 -0.998765409 0.010115982 -0.048635550 111.746681213
-0.048796412 0.017978322 0.998646855 49.229370117 0.010868815 0.999788284 -0.017467795 -4.225750923 -0.998749614 0.010001743 -0.048981491 111.716186523
-0.049284551 0.018035119 0.998622000 49.910717010 0.007111820 0.999817908 -0.017705733 -4.250035286 -0.998759568 0.006229399 -0.049403843 111.692848206
-0.049325861 0.018076666 0.998619139 50.600128174 0.004442858 0.999830186 -0.017879140 -4.278026581 -0.998772919 0.003554818 -0.049397808 111.672332764
-0.048871640 0.016565181 0.998667717 51.274291992 0.006139994 0.999848366 -0.016284298 -4.305133820 -0.998786211 0.005335971 -0.048965950 111.635139465
-0.050147861 0.016538624 0.998604834 51.949165344 0.007467841 0.999841154 -0.016184080 -4.323148251 -0.998713911 0.006645826 -0.050263394 111.606010437
-0.053705711 0.015963070 0.998429298 52.620410919 0.004196151 0.999867022 -0.015760351 -4.347308636 -0.998547971 0.003343140 -0.053765554 111.577056885
-0.058996625 0.015393472 0.998139560 53.292598724 0.000081034 0.999881208 -0.015415545 -4.373815536 -0.998258173 -0.000828581 -0.058990851 111.546943665
-0.064881288 0.019619660 0.997700214 53.953189850 0.004658865 0.999801755 -0.019358020 -4.391018867 -0.997882068 0.003392177 -0.064959839 111.502738953
-0.071515262 0.022729915 0.997180641 54.630863190 0.007018569 0.999727011 -0.022284610 -4.410873890 -0.997414887 0.005405091 -0.071655266 111.448181152
-0.078793868 0.023922583 0.996603906 55.296035767 0.005293166 0.999708116 -0.023578599 -4.441718102 -0.996876836 0.003417338 -0.078897484 111.398124695
-0.084817246 0.022950165 0.996132255 55.970764160 0.001811083 0.999736547 -0.022878999 -4.468228340 -0.996394873 -0.000136459 -0.084836446 111.343955994
-0.090493873 0.022245437 0.995648563 56.647365570 0.001986237 0.999752581 -0.022156602 -4.486394882 -0.995894969 -0.000027446 -0.090515666 111.288116455
-0.095177084 0.022529719 0.995205462 57.349346161 -0.000570867 0.999742508 -0.022687027 -4.516125679 -0.995460212 -0.002727418 -0.095139712 111.229515076
-0.099126495 0.022238612 0.994826436 58.045841217 -0.002538320 0.999741375 -0.022601407 -4.534188271 -0.995071530 -0.004765587 -0.099044397 111.166236877
-0.101644970 0.018688189 0.994645238 58.744560242 -0.002415245 0.999815941 -0.019032164 -4.562696934 -0.994817734 -0.004336840 -0.101581126 111.093017578
-0.103383653 0.015632909 0.994518816 59.456649780 -0.000438283 0.999875665 -0.015762679 -4.585349560 -0.994641304 -0.002065488 -0.103363939 111.020111084
-0.104875661 0.012720301 0.994404018 60.175067902 -0.000873417 0.999916673 -0.012882938 -4.610164165 -0.994484961 -0.002219640 -0.104855798 110.949867249
-0.106385425 0.011914473 0.994253635 60.903404236 -0.002509556 0.999921739 -0.012250926 -4.637679577 -0.994321764 -0.003798459 -0.106347203 110.881317139
-0.106560498 0.015238190 0.994189560 61.612339020 -0.000895263 0.999880672 -0.015421382 -4.661314487 -0.994305789 -0.002533376 -0.106534146 110.800140381
-0.106563210 0.020081561 0.994103014 62.359611511 0.006152079 0.999790192 -0.019536966 -4.674936295 -0.994286835 0.004033878 -0.106664389 110.714881897
-0.107312217 0.025320167 0.993902862 63.102218628 0.013773303 0.999617577 -0.023978634 -4.698732853 -0.994129956 0.011116127 -0.107619911 110.629852295
-0.107708298 0.025635593 0.993851900 63.843338013 0.013468948 0.999613345 -0.024324512 -4.729096413 -0.994091272 0.010766188 -0.108011954 110.546485901
-0.108604975 0.023418967 0.993809044 64.608848572 0.011688716 0.999683380 -0.022280034 -4.757877350 -0.994016290 0.009196629 -0.108844325 110.477127075
-0.108171202 0.019116320 0.993948519 65.345207214 0.012348357 0.999763727 -0.017884297 -4.778498650 -0.994055569 0.010339065 -0.108381696 110.390045166
-0.107788526 0.017256649 0.994024098 66.089424133 0.014555795 0.999769509 -0.015778016 -4.803695679 -0.994067311 0.012768121 -0.108014859 110.305358887
-0.108827032 0.016554283 0.993922889 66.830062866 0.013980307 0.999787867 -0.015121239 -4.832216263 -0.993962407 0.012249748 -0.109035373 110.228103638
-0.110883139 0.017489882 0.993679583 67.577377319 0.013532490 0.999778986 -0.016087174 -4.856643677 -0.993741274 0.011663160 -0.111095317 110.154457092
-0.112960652 0.018305702 0.993430912 68.315742493 0.013056925 0.999771357 -0.016937863 -4.879508018 -0.993513644 0.011057838 -0.113173857 110.074279785
-0.115153641 0.018588139 0.993173957 69.056900024 0.014089798 0.999754786 -0.017077673 -4.905433178 -0.993247747 0.012027058 -0.115387350 109.989151001
-0.116989508 0.018838933 0.992954552 69.799964905 0.014364318 0.999747634 -0.017275421 -4.928887844 -0.993029177 0.012242069 -0.117230594 109.903427124
-0.118972436 0.018480070 0.992725611 70.547683716 0.014396141 0.999753833 -0.016885612 -4.953172684 -0.992793262 0.012282494 -0.119209170 109.814239502
-0.120678842 0.018763594 0.992514253 71.294555664 0.012003609 0.999775767 -0.017441370 -4.976475239 -0.992619038 0.009808944 -0.120877020 109.728782654
-0.121749386 0.020197272 0.992355347 72.044403076 0.011837373 0.999751329 -0.018895505 -5.003493309 -0.992490292 0.009446365 -0.121958204 109.640830994
-0.122677289 0.020589069 0.992233038 72.810043335 0.011059612 0.999751031 -0.019377684 -5.026011467 -0.992385030 0.008596512 -0.122874446 109.554046631
-0.123796478 0.020811336 0.992089450 73.569030762 0.010513041 0.999751449 -0.019660208 -5.051365376 -0.992251873 0.007996014 -0.123984516 109.457878113
-0.125015527 0.019228764 0.991968453 74.352043152 0.011027663 0.999777317 -0.017990345 -5.072648048 -0.992093503 0.008690017 -0.125199780 109.368057251
-0.126013145 0.016979085 0.991883159 75.135009766 0.009133974 0.999830961 -0.015954714 -5.095437050 -0.991986513 0.007049329 -0.126146957 109.275596619
-0.127789289 0.015116801 0.991686106 75.918968201 0.005676071 0.999878526 -0.014510265 -5.116433144 -0.991785109 0.003774619 -0.127859592 109.182373047
-0.129981607 0.014134342 0.991415679 76.690345764 0.006406509 0.999889493 -0.013415214 -5.143549442 -0.991495669 0.004607780 -0.130057812 109.078407288
-0.131638929 0.014795329 0.991187274 77.487823486 0.007907478 0.999872506 -0.013874785 -5.165079117 -0.991266191 0.006011328 -0.131739110 108.977737427
-0.133642748 0.016508128 0.990892053 78.279785156 0.007386761 0.999850094 -0.015661106 -5.183567047 -0.991002083 0.005226488 -0.133744627 108.868286133
-0.135521576 0.019305976 0.990586400 79.072219849 0.008245440 0.999797463 -0.018357445 -5.218195438 -0.990740061 0.005679988 -0.135653317 108.765045166
-0.135884404 0.023281815 0.990451157 79.877258301 0.010671533 0.999700189 -0.022035154 -5.245343685 -0.990667224 0.007575395 -0.136092111 108.654212952
-0.136882558 0.027154870 0.990215063 80.702400208 0.011467964 0.999600708 -0.025826978 -5.280027390 -0.990520895 0.007820485 -0.137139335 108.540107727
-0.136937648 0.028763494 0.990162015 81.528831482 0.013817887 0.999536633 -0.027124826 -5.306174278 -0.990483224 0.009967534 -0.137271628 108.430305481
-0.136183336 0.027724773 0.990295708 82.357482910 0.017126914 0.999524832 -0.025627900 -5.342222214 -0.990535617 0.013470612 -0.136593461 108.314018250
-0.135744736 0.025836423 0.990406871 83.183563232 0.018115237 0.999557495 -0.023592267 -5.374986172 -0.990578175 0.014738927 -0.136152714 108.193412781
-0.134668455 0.024371522 0.990590990 84.024772644 0.017148137 0.999605179 -0.022262048 -5.404278278 -0.990742326 0.013988793 -0.135033190 108.081993103
-0.133771181 0.021743389 0.990773678 84.888053894 0.016170669 0.999674022 -0.019755406 -5.436194420 -0.990880311 0.013378766 -0.134079173 107.990539551
-0.132552221 0.018759899 0.990998507 85.745452881 0.016639089 0.999722123 -0.016699461 -5.462074280 -0.991036296 0.014275761 -0.132827535 107.887367249
-0.130616933 0.015153015 0.991317153 86.594024658 0.016830513 0.999773085 -0.013064668 -5.492058277 -0.991290092 0.014977906 -0.130842328 107.773719788
-0.128675044 0.015181834 0.991570652 87.439811707 0.015223030 0.999795198 -0.013332286 -5.518082619 -0.991569996 0.013379176 -0.128879771 107.668792725
-0.127518117 0.019157369 0.991651177 88.293663025 0.015995855 0.999723196 -0.017256379 -5.549495220 -0.991707206 0.013661809 -0.127789259 107.565093994
-0.125231981 0.025573418 0.991797745 89.139671326 0.017133815 0.999574423 -0.023610484 -5.576606750 -0.991979539 0.014036491 -0.125616848 107.456390381
-0.123621956 0.029219456 0.991899014 89.996414185 0.015373018 0.999502838 -0.027527478 -5.604540825 -0.992210388 0.011845480 -0.124009676 107.353027344
-0.122436054 0.026394688 0.992125392 90.836326599 0.013125598 0.999601960 -0.024973793 -5.638880730 -0.992389619 0.009964548 -0.122733735 107.255401611
