0.143092409 0.054909118 -0.988184988 145.288269043 -0.042416494 0.997882605 0.049305931 -8.857091904 0.988800049 0.034860037 0.145118490 162.022216797
0.141826048 0.050407942 -0.988607347 144.338333130 -0.041573055 0.998124659 0.044929143 -8.818305969 0.989018261 0.034727301 0.143655717 162.155426025
0.140940532 0.049199507 -0.988794804 143.384567261 -0.042129666 0.998157680 0.043660313 -8.791498184 0.989121199 0.035504092 0.142753661 162.288452148
0.138511986 0.049581844 -0.989118755 142.417831421 -0.043992147 0.998068154 0.043869976 -8.763272285 0.989383161 0.037436947 0.140425622 162.413848877
0.135471463 0.050193917 -0.989508986 141.443893433 -0.043373890 0.998058856 0.044689398 -8.732328415 0.989831388 0.036864713 0.137385622 162.545074463
0.130853608 0.050563511 -0.990111470 140.466918945 -0.041687969 0.998095810 0.045461763 -8.702081680 0.990524828 0.035326898 0.132712334 162.674331665
0.125958979 0.050119933 -0.990768611 139.482437134 -0.039573751 0.998181760 0.045463830 -8.669714928 0.991245687 0.033481855 0.127713412 162.796432495
0.120513059 0.050405394 -0.991431236 138.482574463 -0.040146694 0.998140454 0.045866482 -8.640275002 0.991899610 0.034275174 0.122312553 162.907943726
0.115295120 0.050723143 -0.992035449 137.489593506 -0.040882926 0.998091459 0.046281349 -8.611379623 0.992489696 0.035221294 0.117148779 163.024276733
0.110337131 0.052339491 -0.992515266 136.486663818 -0.042164065 0.997959912 0.047939271 -8.574405670 0.992999434 0.036558989 0.112318903 163.125076294
0.105700046 0.053503145 -0.992957771 135.476547241 -0.043722376 0.997835755 0.049111761 -8.543094635 0.993436337 0.038223356 0.107810587 163.227340698
0.101873174 0.052768651 -0.993396878 134.463409424 -0.044920083 0.997817576 0.048396911 -8.509021759 0.993782640 0.039693121 0.104021229 163.321456909
0.099275738 0.049286142 -0.993838668 133.444808960 -0.044449300 0.997995257 0.045052186 -8.474594116 0.994066715 0.039702833 0.101267457 163.415618896
0.097345553 0.045600597 -0.994205534 132.418640137 -0.045411732 0.998112857 0.041333433 -8.442022324 0.994213998 0.041124962 0.099232674 163.506973267
0.095718473 0.044179704 -0.994427562 131.383850098 -0.043965787 0.998227239 0.040116601 -8.417310715 0.994437099 0.039880887 0.097491190 163.606826782
0.094245091 0.043990698 -0.994576693 130.341491699 -0.041251734 0.998337805 0.040248092 -8.388650894 0.994694054 0.037234820 0.095903143 163.705780029
0.094256304 0.045332484 -0.994515240 129.291824341 -0.038896523 0.998367667 0.041821621 -8.359503746 0.994787812 0.034741234 0.095865712 163.799255371
0.094100900 0.048438102 -0.994383574 128.234832764 -0.038069919 0.998260140 0.045024294 -8.325867653 0.994834483 0.033619270 0.095781222 163.893051147
0.093326375 0.051544756 -0.994300425 127.175247192 -0.036953982 0.998150110 0.048275787 -8.294468880 0.994949520 0.032237951 0.095058523 163.994247437
0.092813730 0.053155355 -0.994263649 126.118728638 -0.036962669 0.998069584 0.049908400 -8.257265091 0.994997084 0.032118455 0.094599336 164.087142944
0.092175215 0.054182854 -0.994267523 125.040023804 -0.038982190 0.997949362 0.050769579 -8.223076820 0.994979501 0.034079026 0.094098352 164.178543091
0.091603428 0.054953456 -0.994278193 123.971046448 -0.039320823 0.997897029 0.051530823 -8.183412552 0.995019019 0.034375429 0.093571588 164.275558472
0.090861112 0.055396073 -0.994321644 122.902648926 -0.041106652 0.997809410 0.051834051 -8.145887375 0.995014846 0.036163531 0.092939213 164.370956421
0.091495156 0.054874517 -0.994292557 121.834999084 -0.041585214 0.997820139 0.051242523 -8.114181519 0.994936943 0.036659420 0.093577676 164.457138062
0.091614075 0.053429488 -0.994360149 120.766494751 -0.043114834 0.997836053 0.049643915 -8.071676254 0.994860768 0.038323589 0.093719430 164.549560547
0.092289157 0.052915480 -0.994325161 119.688591003 -0.044747237 0.997798562 0.048947055 -8.036190033 0.994726300 0.039976023 0.094453797 164.640335083
0.092909098 0.052779593 -0.994274735 118.609855652 -0.044222366 0.997827411 0.048835862 -8.012380600 0.994692087 0.039431885 0.095041275 164.736129761
0.093293428 0.052872572 -0.994233847 117.536102295 -0.044443853 0.997814834 0.048892640 -7.974874973 0.994646311 0.039626218 0.095439412 164.832992554
0.094073236 0.052551366 -0.994177282 116.474731445 -0.043615103 0.997864664 0.048619237 -7.943528175 0.994609416 0.038787380 0.096164383 164.923522949
0.093846232 0.052444447 -0.994204402 115.392951965 -0.043662544 0.997867584 0.048516225 -7.909123898 0.994628787 0.038856428 0.095935963 165.027236938
0.094676360 0.052011605 -0.994148433 114.321784973 -0.043501057 0.997896552 0.048064929 -7.873666286 0.994557202 0.038695894 0.096739769 165.121810913
0.095086910 0.052095242 -0.994104922 113.248626709 -0.044076897 0.997870684 0.048076596 -7.837221146 0.994492590 0.039245602 0.097180635 165.214721680
0.094956324 0.053635530 -0.994035482 112.180892944 -0.044394862 0.997782111 0.049596827 -7.807532310 0.994490981 0.039420530 0.097126871 165.320709229
0.094882637 0.053853579 -0.994030774 111.112915039 -0.044724923 0.997757912 0.049786408 -7.774539471 0.994483232 0.039734080 0.097078517 165.414718628
0.094488911 0.052707985 -0.994129598 110.045928955 -0.045116406 0.997798026 0.048614312 -7.742115498 0.994503081 0.040258039 0.096658863 165.510894775
0.094332039 0.052533787 -0.994153917 108.974746704 -0.045530163 0.997789443 0.048405703 -7.706684113 0.994499207 0.040697768 0.096515402 165.607635498
0.093484186 0.054497492 -0.994128108 107.903518677 -0.045738995 0.997681797 0.050391153 -7.676136971 0.994569540 0.040759649 0.095760114 165.704833984
0.093261451 0.056699213 -0.994025946 106.833557129 -0.045607127 0.997572482 0.052622560 -7.638348103 0.994596481 0.040427014 0.095620960 165.795379639
0.092450775 0.057055019 -0.994081318 105.761917114 -0.047006477 0.997493982 0.052879229 -7.599892139 0.994607031 0.041839536 0.094901048 165.892227173
0.092359483 0.056221753 -0.994137228 104.686820984 -0.047195360 0.997529626 0.052028973 -7.562456131 0.994606614 0.042113293 0.094784737 165.990539551
0.092133150 0.056079473 -0.994166315 103.631820679 -0.048045490 0.997500241 0.051814988 -7.527022839 0.994586885 0.042991329 0.094597206 166.081787109
0.093549453 0.058120400 -0.993916690 102.574127197 -0.051821452 0.997225642 0.053436350 -7.487434864 0.994265139 0.046507273 0.096301787 166.170166016
0.095315658 0.057229456 -0.993800640 101.478836060 -0.055573136 0.997094989 0.052089132 -7.450899124 0.993894577 0.050263707 0.098219186 166.265380859
0.097755224 0.053520009 -0.993770301 100.422943115 -0.057929877 0.997165859 0.048004426 -7.415181637 0.993522942 0.052876305 0.100578569 166.360870361
0.101303861 0.049316593 -0.993632376 99.361137390 -0.062011424 0.997141421 0.043168504 -7.382796764 0.992920995 0.057243414 0.104072459 166.460571289
0.104834259 0.048356071 -0.993313372 98.286880493 -0.063526355 0.997102857 0.041835979 -7.353515625 0.992458642 0.058715746 0.107602425 166.558410645
0.108948335 0.050587460 -0.992759407 97.216941833 -0.062867962 0.997055531 0.043907069 -7.320810318 0.992057443 0.057629157 0.111807868 166.668716431
0.111830853 0.053910926 -0.992263913 96.144851685 -0.061526358 0.996987104 0.047233377 -7.292378426 0.991820812 0.055768225 0.114810869 166.793060303
0.114903577 0.055634469 -0.991817474 95.077194214 -0.059810661 0.997006536 0.048996374 -7.264934540 0.991574407 0.053691402 0.117887139 166.914901733
0.118156843 0.057466045 -0.991330683 94.009895325 -0.058351930 0.997000694 0.050839741 -7.226952553 0.991278946 0.051838998 0.121155694 167.042602539
0.121451713 0.058112647 -0.990894735 92.925445557 -0.057146501 0.997038186 0.051468622 -7.191487312 0.990951002 0.050375208 0.124412932 167.176818848
0.124546200 0.058856275 -0.990466595 91.857482910 -0.058411773 0.996942759 0.051896121 -7.160005569 0.990492940 0.051391445 0.127603322 167.303695679
0.127110586 0.057444062 -0.990223765 90.782142639 -0.057041202 0.997092843 0.050520420 -7.120474339 0.990247071 0.050061870 0.130017728 167.440383911
0.128895208 0.054677345 -0.990149677 89.702919006 -0.057049531 0.997233927 0.047641981 -7.087450027 0.990016043 0.050346747 0.131657973 167.582229614
0.130547851 0.051030673 -0.990127861 88.619796753 -0.055171806 0.997500777 0.044136308 -7.053771496 0.989905775 0.048865236 0.133037060 167.727859497
0.132087857 0.049530894 -0.989999771 87.536148071 -0.054422878 0.997606635 0.042650264 -7.024191856 0.989742875 0.048245057 0.134467334 167.864059448
0.131768376 0.050377101 -0.989999652 86.454170227 -0.052626897 0.997654796 0.043762039 -6.992999077 0.989882588 0.046334151 0.134110555 168.012069702
0.131806150 0.051506769 -0.989936471 85.357917786 -0.047912542 0.997812927 0.045537222 -6.961963177 0.990116954 0.041428287 0.133985698 168.162750244
0.131686732 0.051752213 -0.989939570 84.269729614 -0.045281146 0.997907937 0.046145264 -6.927415848 0.990256667 0.038748875 0.133754641 168.294738770
0.130635247 0.050750729 -0.990130723 83.181388855 -0.042680278 0.998050988 0.045525573 -6.895233154 0.990511417 0.036311809 0.132546693 168.443557739
0.129791617 0.051731631 -0.990190864 82.080490112 -0.040735543 0.998073161 0.046803929 -6.856423378 0.990704179 0.034261208 0.131648839 168.583206177
0.128086135 0.056198776 -0.990169525 80.965278625 -0.039364520 0.997894526 0.051545113 -6.814255238 0.990981519 0.032375336 0.130028710 168.722152710
0.124807388 0.060211513 -0.990352273 79.843795776 -0.038088713 0.997711897 0.055858895 -6.770843029 0.991449654 0.030749645 0.126815200 168.878646851
0.122100316 0.058478847 -0.990793526 78.741043091 -0.036177680 0.997861564 0.054437667 -6.730817318 0.991858304 0.029197754 0.123954840 169.010726929
0.119192138 0.050777402 -0.991571903 77.641990662 -0.035002731 0.998285413 0.046913683 -6.701861382 0.992254019 0.029115982 0.120765127 169.126220703
0.116153583 0.044955712 -0.992213309 76.530639648 -0.033856869 0.998573661 0.041280434 -6.664416313 0.992654026 0.028798366 0.117509976 169.250335693
0.112585053 0.046076860 -0.992573202 75.397949219 -0.033342168 0.998536766 0.042571787 -6.624869347 0.993082523 0.028301591 0.113956630 169.377441406
0.109499708 0.050525233 -0.992701828 74.266708374 -0.032857712 0.998345494 0.047188103 -6.597986221 0.993443608 0.027450833 0.110978685 169.496353149
0.106591411 0.052168846 -0.992933333 73.123939514 -0.033519052 0.998243570 0.048849564 -6.557010651 0.993737757 0.028075244 0.108152837 169.609466553
0.104244493 0.052286759 -0.993176281 71.984054565 -0.035130776 0.998187542 0.048863217 -6.512020111 0.993931055 0.029797340 0.105892427 169.717529297
0.101514474 0.053807899 -0.993377864 70.853302002 -0.036115661 0.998077452 0.050371744 -6.480768204 0.994178295 0.030763045 0.103262611 169.833023071
0.099746503 0.055341911 -0.993472695 69.701812744 -0.035411160 0.998016953 0.052039713 -6.438258171 0.994382620 0.029989244 0.101508446 169.939743042
0.097464353 0.055122439 -0.993711352 68.568305969 -0.034383405 0.998055458 0.051991049 -6.397027016 0.994645000 0.029099906 0.099170119 170.052154541
0.095578320 0.053578757 -0.993978977 67.400444031 -0.032246273 0.998192906 0.050705194 -6.355381012 0.994899571 0.027205797 0.097133324 170.164245605
0.093146876 0.052248940 -0.994280577 66.245918274 -0.031095380 0.998287618 0.049546417 -6.311018944 0.995166779 0.026302431 0.094612077 170.272994995
0.090983905 0.051419329 -0.994524062 65.085632324 -0.031363960 0.998318553 0.048746195 -6.271372795 0.995358467 0.026757084 0.092443638 170.371246338
0.089112587 0.051322859 -0.994698405 63.928169250 -0.031580094 0.998315036 0.048680283 -6.236451626 0.995520771 0.027074646 0.090583228 170.465728760
0.086838350 0.053469926 -0.994786441 62.754676819 -0.032037549 0.998191953 0.050856311 -6.194052696 0.995707214 0.027454238 0.088394389 170.560684204
0.083841115 0.056986816 -0.994848371 61.583473206 -0.031835306 0.998006940 0.054484826 -6.157053947 0.995970547 0.027103232 0.085488223 170.664993286
0.081060648 0.057097506 -0.995072365 60.427734375 -0.032670945 0.997973561 0.054602530 -6.110785484 0.996173561 0.028083848 0.082761817 170.744003296
0.077867001 0.055969890 -0.995391369 59.248283386 -0.033655841 0.998001456 0.053483825 -6.059991837 0.996395528 0.029336119 0.079595074 170.839279175
0.076433837 0.055985071 -0.995501697 58.092864990 -0.033667900 0.997997940 0.053540461 -6.023941994 0.996506095 0.029424146 0.078165710 170.915786743
0.074973591 0.055833355 -0.995621204 56.927303314 -0.034094758 0.997991085 0.053398799 -5.981741905 0.996602476 0.029941963 0.076726601 171.000778198
0.073261201 0.056017160 -0.995738328 55.756179810 -0.034542732 0.997964799 0.053600937 -5.950654030 0.996714354 0.030468659 0.075047076 171.080078125
0.071445040 0.057223439 -0.995801628 54.595687866 -0.034688521 0.997891605 0.054854762 -5.913609505 0.996841133 0.030623790 0.073279403 171.162124634
0.070475474 0.057262711 -0.995868564 53.441955566 -0.034410127 0.997896314 0.054944176 -5.871023655 0.996919811 0.030395748 0.072297625 171.234237671
0.069308624 0.056497019 -0.995994151 52.283153534 -0.033058826 0.997976840 0.054309003 -5.828668594 0.997047305 0.029162318 0.071036145 171.313308716
0.068434797 0.055577382 -0.996106267 51.127555847 -0.034035996 0.997995913 0.053344458 -5.787724018 0.997074902 0.030252848 0.070189260 171.382705688
0.066828720 0.054658473 -0.996266127 49.977890015 -0.032831732 0.998078167 0.052555550 -5.746896267 0.997224212 0.029196927 0.068494819 171.466964722
0.066066220 0.052831367 -0.996415794 48.842170715 -0.034363076 0.998125494 0.050643623 -5.714028358 0.997223377 0.030894071 0.067757830 171.523513794
0.065468863 0.048251342 -0.996687412 47.695804596 -0.032185990 0.998412549 0.046220683 -5.679543495 0.997335434 0.029053351 0.066917963 171.597137451
0.064449996 0.045198940 -0.996896863 46.567283630 -0.032386951 0.998542249 0.043179709 -5.652198315 0.997395277 0.029503519 0.065819897 171.654617310
0.063118458 0.045020524 -0.996990085 45.421775818 -0.030424783 0.998604417 0.043167267 -5.617688656 0.997542202 0.027608553 0.064400107 171.733612061
0.061437566 0.049031731 -0.996905923 44.281482697 -0.027942454 0.998485625 0.047387391 -5.588247776 0.997719765 0.024944633 0.062714584 171.800033569
0.060403962 0.052068204 -0.996815085 43.169853210 -0.027377414 0.998349249 0.050489359 -5.558141708 0.997798502 0.024240460 0.061729748 171.861938477
0.058982223 0.053030659 -0.996849477 42.046607971 -0.027811438 0.998287559 0.051461607 -5.522131920 0.997871518 0.024688495 0.060356088 171.926849365
0.057294603 0.053326618 -0.996932089 40.932312012 -0.028559068 0.998251259 0.051755872 -5.489413261 0.997948766 0.025506118 0.058717363 171.992294312
0.056550138 0.054919444 -0.996888161 39.826744080 -0.030296229 0.998120546 0.053268738 -5.452980518 0.997940004 0.027189597 0.058107685 172.037078857
0.055120282 0.058135629 -0.996785879 38.730072021 -0.032645710 0.997874677 0.056393899 -5.420645237 0.997945964 0.029432330 0.056901019 172.092163086
0.054193866 0.059162565 -0.996776223 37.640960693 -0.034945056 0.997744083 0.057320081 -5.378489494 0.997918785 0.031725999 0.056139041 172.135986328
0.052997664 0.058725551 -0.996866405 36.566947937 -0.036221266 0.997725427 0.056850486 -5.341331959 0.997937500 0.033094823 0.055004232 172.182281494
0.051636707 0.058448885 -0.996954083 35.500968933 -0.037193630 0.997705817 0.056566533 -5.301150799 0.997973084 0.034159437 0.053692177 172.236541748
0.050165135 0.059354197 -0.996975720 34.471858978 -0.038516734 0.997604966 0.057453603 -5.266804218 0.997997880 0.035518084 0.052331120 172.266983032
0.048541300 0.059691604 -0.997035861 33.423923492 -0.039641894 0.997541249 0.057791870 -5.226868629 0.998034298 0.036719099 0.050788224 172.324325562
0.045939401 0.061094180 -0.997074246 32.406314850 -0.040266611 0.997430086 0.059260726 -5.188311577 0.998132467 0.037426401 0.048281386 172.375564575
0.044390351 0.061257225 -0.997134387 31.407878876 -0.041672297 0.997363091 0.059416112 -5.153249741 0.998144805 0.038915381 0.046826016 172.406921387
0.043034401 0.061348587 -0.997188270 30.423826218 -0.041200757 0.997372746 0.059581898 -5.122747421 0.998223782 0.038520843 0.045448937 172.434982300
0.040976766 0.060502946 -0.997326553 29.451539993 -0.042185158 0.997379661 0.058772918 -5.080965042 0.998269141 0.039664056 0.043421704 172.477294922
0.039479751 0.059106804 -0.997470737 28.505321503 -0.042238627 0.997455359 0.057434101 -5.038626194 0.998327255 0.039864302 0.041875884 172.506256104
0.037963625 0.059449773 -0.997509122 27.565727234 -0.042606179 0.997417271 0.057822775 -5.009269714 0.998370409 0.040304892 0.040398516 172.531921387
0.036449984 0.058780827 -0.997605324 26.650966644 -0.042698242 0.997448623 0.057211511 -4.977765083 0.998422861 0.040510628 0.038866833 172.560119629
0.035017744 0.060010426 -0.997583330 25.728576660 -0.044487052 0.997299731 0.058431752 -4.948672295 0.998396039 0.042333398 0.037592866 172.595199585
0.034858927 0.059839603 -0.997599185 24.841537476 -0.045983661 0.997244775 0.058211539 -4.911565781 0.998333752 0.043844074 0.037514523 172.620529175
0.036359400 0.059737604 -0.997551680 23.981136322 -0.047916107 0.997167945 0.057968136 -4.885277748 0.998189390 0.045691118 0.039118823 172.642349243
0.038511071 0.059299447 -0.997497082 23.118265152 -0.050082825 0.997097552 0.057342108 -4.857943058 0.998002231 0.047749162 0.041369174 172.672332764
0.042533372 0.058229052 -0.997396767 22.284051895 -0.051954690 0.997078359 0.055994887 -4.829419136 0.997743189 0.049437780 0.045434356 172.705001831
0.048183687 0.057640851 -0.997173965 21.457820892 -0.052241225 0.997112572 0.055112988 -4.801519871 0.997471452 0.049438041 0.051055767 172.744033813
0.054751698 0.057123393 -0.996864736 20.651519775 -0.054588221 0.997040391 0.054135267 -4.773875237 0.997006834 0.051453069 0.057707895 172.789123535
0.064154953 0.057147395 -0.996302307 19.840995789 -0.055849120 0.996999919 0.053591114 -4.752805710 0.996375859 0.052204475 0.067154139 172.829666138
0.074530356 0.056688949 -0.995606124 19.050327301 -0.056049421 0.997042716 0.052574936 -4.726286411 0.995642245 0.051884722 0.077487364 172.891311646
0.085742243 0.056345455 -0.994722843 18.258193970 -0.054944538 0.997147679 0.051746748 -4.700787067 0.994801104 0.050217703 0.088593572 172.964935303
0.097596705 0.055255219 -0.993690968 17.505737305 -0.053094473 0.997324765 0.050242536 -4.686147690 0.993808746 0.047855992 0.100269370 173.039993286
0.109005094 0.055990871 -0.992463112 16.746393204 -0.051842608 0.997373879 0.050573900 -4.661728859 0.992688358 0.045939058 0.111621544 173.128677368
0.120139077 0.056553729 -0.991144896 15.995075226 -0.050172176 0.997446179 0.050831784 -4.631690979 0.991488457 0.043621011 0.122669697 173.226531982
0.131133229 0.057858758 -0.989674985 15.277959824 -0.046460241 0.997557223 0.052163538 -4.624352455 0.990275443 0.039140161 0.133501053 173.321655273
0.141252950 0.058368728 -0.988251448 14.558611870 -0.044462260 0.997627079 0.052567404 -4.600533962 0.988974631 0.036514580 0.143512979 173.428894043
0.150815383 0.057578325 -0.986883759 13.852061272 -0.040502060 0.997823954 0.052027114 -4.576288223 0.987731874 0.032124337 0.152819246 173.549301147
0.159595534 0.056755073 -0.985549688 13.155099869 -0.037627574 0.997970283 0.051377095 -4.558927536 0.986465096 0.028884288 0.161407143 173.666183472
0.166335046 0.056563716 -0.984445691 12.465541840 -0.035085324 0.998060763 0.051417880 -4.529522419 0.985444963 0.025986996 0.167997018 173.792572021
0.170819178 0.056706179 -0.983669281 11.780317307 -0.030253783 0.998173654 0.052288603 -4.510827065 0.984837890 0.020827813 0.172222763 173.923538208
0.173467726 0.057025816 -0.983187199 11.126428604 -0.025190923 0.998252392 0.053455085 -4.494545937 0.984517336 0.015494658 0.174601123 174.039581299
0.173813581 0.057367440 -0.983106256 10.477397919 -0.021982240 0.998279035 0.054366361 -4.466992855 0.984533191 0.012161261 0.174775526 174.155746460
0.172458917 0.057065707 -0.983362377 9.834114075 -0.016960535 0.998344362 0.054960661 -4.452119827 0.984870791 0.007199890 0.173141256 174.276397705
0.169802204 0.057489302 -0.983799934 9.210149765 -0.014795772 0.998333216 0.055784844 -4.437513351 0.985367239 0.005083685 0.170369744 174.380432129
0.166067213 0.057922341 -0.984411895 8.605598450 -0.012470022 0.998316944 0.056636859 -4.412931919 0.986035645 0.002870111 0.166509986 174.482894897
0.162024140 0.058441639 -0.985054731 8.013769150 -0.010193919 0.998290539 0.057550184 -4.391009331 0.986734211 0.000717053 0.162342921 174.578094482
0.157694265 0.059568934 -0.985689640 7.448759079 -0.007952717 0.998223066 0.059054073 -4.370277882 0.987456024 -0.001473575 0.157887787 174.661285400
0.153518051 0.060371578 -0.986299872 6.887489319 -0.005926454 0.998170197 0.060175706 -4.350337982 0.988128126 -0.003392804 0.153594926 174.743591309
0.148797661 0.060698360 -0.987003088 6.367254257 -0.003850925 0.998142421 0.060802855 -4.327978611 0.988860190 -0.005246453 0.148755014 174.826721191
0.143985212 0.060469121 -0.987730682 5.861434937 -0.002832153 0.998152435 0.060694303 -4.308213234 0.989575863 -0.005941683 0.143890455 174.895736694
0.139614999 0.060627509 -0.988348186 5.376331329 -0.002084195 0.998139739 0.060933728 -4.294218063 0.990203679 -0.006447353 0.139481619 174.956863403
0.135701939 0.059157051 -0.988982081 4.925008774 -0.001706170 0.998228312 0.059476018 -4.279978752 0.990748346 -0.006383641 0.135562450 175.008987427
0.131562263 0.056578234 -0.989692032 4.479646683 -0.002139044 0.998383939 0.056790769 -4.263140678 0.991305709 -0.005354531 0.131470665 175.065063477
0.127448812 0.054096498 -0.990368903 4.061985016 -0.002718268 0.998526931 0.054192301 -4.240230560 0.991841435 -0.004214661 0.127408132 175.112899780
0.122967452 0.053781997 -0.990952313 3.677734375 -0.002726378 0.998545170 0.053855747 -4.242242336 0.992406964 -0.003920779 0.122935161 175.162689209
0.119359165 0.052688736 -0.991452157 3.320823669 -0.002297101 0.998602927 0.052792206 -4.229095936 0.992848516 -0.004023761 0.119313434 175.202484131
0.116523743 0.051743146 -0.991839290 2.981451035 -0.002885354 0.998655438 0.051759772 -4.215958595 0.993183732 -0.003169430 0.116516359 175.231307983
0.113154583 0.050702423 -0.992282987 2.668598175 -0.003667352 0.998711705 0.050612707 -4.204223156 0.993570745 -0.002088007 0.113194749 175.267562866
0.110314108 0.051088620 -0.992583036 2.379405975 -0.005342577 0.998694181 0.050809398 -4.204003334 0.993882477 -0.000302035 0.110442996 175.294494629
0.108028285 0.050973188 -0.992840290 2.113182068 -0.006805183 0.998699188 0.050533544 -4.194027901 0.994124532 0.001297410 0.108234659 175.314437866
0.105632588 0.050848395 -0.993104398 1.861804962 -0.007073596 0.998704910 0.050382771 -4.189787865 0.994380116 0.001702761 0.105855480 175.335250854
0.103463426 0.049896412 -0.993381023 1.635572433 -0.007143426 0.998752534 0.049422212 -4.181801796 0.994607687 0.001982752 0.103690796 175.354492188
0.101567335 0.048592102 -0.993641317 1.409132004 -0.006933764 0.998816729 0.048136450 -4.181844711 0.994804561 0.002000583 0.101784088 175.375122070
0.099731982 0.045919698 -0.993954241 1.178918839 -0.007324548 0.998941362 0.045415163 -4.169445515 0.994987369 0.002750927 0.099962749 175.394149780
0.097771928 0.044685975 -0.994205117 0.995469093 -0.006866768 0.998998106 0.044226099 -4.171902180 0.995185137 0.002502907 0.097980797 175.413330078
0.095463790 0.044339016 -0.994444966 0.789942741 -0.005753384 0.999015391 0.043990489 -4.166994095 0.995416224 0.001521926 0.095624894 175.439865112
0.093478933 0.043115616 -0.994687319 0.589122772 -0.004960454 0.999069631 0.042839404 -4.160037041 0.995608926 0.000929513 0.093605831 175.455383301
0.091567099 0.041213527 -0.994945645 0.387725830 -0.005644993 0.999148607 0.040868100 -4.155773640 0.995782971 0.001874281 0.091721781 175.467559814
0.089229383 0.040166404 -0.995200813 0.187608719 -0.006570423 0.999188542 0.039738238 -4.149815083 0.995989382 0.002993062 0.089420862 175.484039307
0.087261133 0.040514324 -0.995361209 -0.016762733 -0.006142574 0.999175549 0.040131070 -4.147927761 0.996166646 0.002612194 0.087438039 175.497970581
0.085487999 0.041061342 -0.995492697 -0.216198921 -0.004478024 0.999156177 0.040827896 -4.140524864 0.996329129 0.000967542 0.085599728 175.512283325
0.083579995 0.041561123 -0.995633900 -0.417523384 -0.003111680 0.999135852 0.041446086 -4.136159420 0.996496260 -0.000365978 0.083637074 175.527221680
0.081712566 0.041710243 -0.995782733 -0.610448837 -0.002134012 0.999128938 0.041675288 -4.127347469 0.996653616 -0.001280386 0.081730388 175.538177490
0.079539835 0.042373292 -0.995930672 -0.810868263 -0.001721774 0.999100506 0.042370647 -4.123612404 0.996830165 -0.001655389 0.079541244 175.546188354
0.076972321 0.042558938 -0.996124506 -1.004874229 -0.001686546 0.999092758 0.042555422 -4.115928173 0.997031808 -0.001595587 0.076974250 175.560882568
0.074878298 0.043717343 -0.996233881 -1.211671829 -0.003297665 0.999043941 0.043592796 -4.115225792 0.997187197 0.000021083 0.074950866 175.564910889
0.071735054 0.043676533 -0.996466935 -1.414640427 -0.006901967 0.999038637 0.043292381 -4.107257366 0.997399867 0.003771995 0.071967535 175.571640015
0.068008296 0.039973926 -0.996883631 -1.635977745 -0.010877322 0.999167323 0.039323442 -4.104065895 0.997625411 0.008169094 0.068386473 175.584945679
0.065030269 0.035654023 -0.997246087 -1.861902237 -0.013102453 0.999305904 0.034873251 -4.101240158 0.997797310 0.010798550 0.065452270 175.583618164
0.061350331 0.033577181 -0.997551382 -2.093816757 -0.013637476 0.999368966 0.032799639 -4.099596024 0.998023093 0.011591811 0.061769508 175.601791382
0.058394656 0.033635702 -0.997726798 -2.353713989 -0.014133004 0.999360025 0.032863583 -4.094467640 0.998193562 0.012181817 0.058832638 175.614746094
0.054587450 0.033036929 -0.997962296 -2.644042969 -0.013853239 0.999381363 0.032326147 -4.085943222 0.998412967 0.012060404 0.055011336 175.627960205
0.051258247 0.031333797 -0.998193800 -2.946801186 -0.013591064 0.999436975 0.030674910 -4.077046871 0.998592973 0.011994171 0.051655259 175.634735107
0.047646087 0.029502776 -0.998428524 -3.272549629 -0.013326606 0.999493599 0.028898288 -4.070878983 0.998775363 0.011928772 0.048015140 175.652359009
0.045324400 0.027091540 -0.998604953 -3.622152328 -0.015448917 0.999531627 0.026415495 -4.061190605 0.998852909 0.014230098 0.045721717 175.655227661
0.043765463 0.025250338 -0.998722672 -3.994055271 -0.018845636 0.999523520 0.024444740 -4.048959732 0.998864233 0.017751725 0.044220470 175.658248901
0.043649659 0.023308568 -0.998775005 -4.386752129 -0.022708913 0.999492645 0.022332864 -4.037217140 0.998788714 0.021706274 0.044156834 175.672256470
0.044873744 0.023137778 -0.998724699 -4.798744678 -0.025809562 0.999424815 0.021994350 -4.029330730 0.998659253 0.024789678 0.045445118 175.679550171
0.046295881 0.025559952 -0.998600781 -5.244593620 -0.027427804 0.999328196 0.024307001 -4.022947311 0.998551190 0.026264107 0.046965837 175.686752319
0.046996579 0.029626707 -0.998455703 -5.710963249 -0.026430901 0.999246955 0.028406108 -4.016639709 0.998545289 0.025055090 0.047744259 175.713012695
0.047974914 0.034410611 -0.998255670 -6.193935394 -0.028124187 0.999056697 0.033086617 -3.997189045 0.998452544 0.026487799 0.048897445 175.739562988
0.049200401 0.039029695 -0.998026013 -6.704086304 -0.030285617 0.998835027 0.037568323 -3.981006861 0.998329699 0.028377457 0.050325122 175.761581421
0.050078504 0.044778802 -0.997740984 -7.234463692 -0.029736638 0.998618424 0.043325648 -3.964678764 0.998302519 0.027499780 0.051340889 175.784042358
0.050690331 0.049213611 -0.997501135 -7.782662392 -0.021614168 0.998605430 0.048169713 -3.949645042 0.998480558 0.019118423 0.051683333 175.822525024
0.051914524 0.048929986 -0.997452140 -8.343134880 -0.012221188 0.998755455 0.048357829 -3.930134773 0.998576641 0.009679585 0.052447889 175.865875244
0.052229349 0.047729772 -0.997494042 -8.902585983 -0.005384423 0.998856246 0.047513023 -3.909365654 0.998620629 0.002889355 0.052426614 175.903274536
0.050368901 0.045484420 -0.997694492 -9.500854492 -0.007819555 0.998949766 0.045146879 -3.880058765 0.998700082 0.005527528 0.050671685 175.929885864
0.049299419 0.044211473 -0.997805059 -10.126562119 -0.010057282 0.998991132 0.043767117 -3.859080076 0.998733461 0.007877511 0.049694322 175.949890137
0.047784358 0.044601701 -0.997861505 -10.757976532 -0.005252372 0.999000013 0.044401076 -3.831012964 0.998843968 0.003119460 0.047970843 175.975830078
0.044975448 0.048288740 -0.997820377 -11.427845001 0.003492118 0.998817384 0.048494395 -3.804563522 0.998982131 -0.005665562 0.044753626 176.019500732
0.042162783 0.049513873 -0.997883081 -12.112658501 0.004890549 0.998749018 0.049763478 -3.776438713 0.999098837 -0.006978358 0.041867878 176.054962158
0.039913863 0.046285018 -0.998130560 -12.802895546 0.004502659 0.998908103 0.046501130 -3.756667852 0.999193013 -0.006350284 0.039661881 176.072387695
0.036081169 0.038136024 -0.998620987 -13.510000229 0.000806650 0.999270260 0.038189959 -3.738009930 0.999348521 -0.002183475 0.036024071 176.087249756
0.034364764 0.026740916 -0.999051511 -14.228754997 -0.000815840 0.999642432 0.026728662 -3.712803602 0.999409199 -0.000103457 0.034374300 176.103790283
0.034037706 0.022104772 -0.999176145 -14.964536667 -0.003979266 0.999750435 0.021981925 -3.690966845 0.999412715 0.003227770 0.034117170 176.114196777
0.032288149 0.026263347 -0.999133468 -15.738911629 -0.001049456 0.999655008 0.026243145 -3.669600487 0.999478042 0.000201192 0.032304585 176.147766113
0.031533211 0.032943700 -0.998959661 -16.531566620 0.000649074 0.999455750 0.032980554 -3.653479815 0.999502480 -0.001688381 0.031494670 176.169967651
0.030244492 0.037687510 -0.998831809 -17.332403183 0.001987425 0.999284685 0.037764784 -3.634632587 0.999540567 -0.003127281 0.030147988 176.194778442
0.028466498 0.035482045 -0.998964787 -18.151014328 -0.002366336 0.999369383 0.035428986 -3.618607283 0.999591887 0.001355341 0.028532520 176.210205078
0.027049685 0.030861989 -0.999157548 -18.976543427 -0.004778143 0.999515891 0.030743700 -3.595009804 0.999622643 0.003942508 0.027184051 176.227050781
0.026695428 0.028583264 -0.999234796 -19.838588715 -0.004560437 0.999584258 0.028471414 -3.576680660 0.999633253 0.003796898 0.026814669 176.237518311
0.025540549 0.030000938 -0.999223471 -20.709989548 -0.005207210 0.999540031 0.029877344 -3.553013802 0.999660313 0.004440078 0.025685010 176.262588501
0.025107499 0.033350486 -0.999128282 -21.591480255 -0.006590438 0.999427199 0.033194851 -3.531945229 0.999662995 0.005751248 0.025312917 176.274932861
0.023871485 0.036934800 -0.999032557 -22.487981796 -0.005967057 0.999304712 0.036802288 -3.520308733 0.999697208 0.005082756 0.024075292 176.298049927
0.023456611 0.039181396 -0.998956740 -23.397626877 -0.006523509 0.999216437 0.039038397 -3.492674828 0.999703526 0.005600988 0.023693820 176.310821533
0.023607571 0.041487556 -0.998860121 -24.315425873 -0.007224861 0.999119520 0.041327581 -3.470187426 0.999695122 0.006240979 0.023886522 176.326187134
0.023637787 0.042266458 -0.998826742 -25.246208191 -0.006453653 0.999091566 0.042124942 -3.441967487 0.999699771 0.005450337 0.023889072 176.346923828
0.024655113 0.039429240 -0.998918176 -26.179616928 -0.009036447 0.999189973 0.039216936 -3.408789396 0.999655128 0.008059774 0.024991449 176.363021851
0.026433421 0.037318099 -0.998953760 -27.124675751 -0.009400957 0.999268055 0.037081085 -3.388560772 0.999606371 0.008410936 0.026764885 176.382705688
0.028117906 0.036859594 -0.998924732 -28.083095551 -0.010909460 0.999271691 0.036565319 -3.358058929 0.999545097 0.009869582 0.028499544 176.400039673
0.029835090 0.039165396 -0.998787224 -29.066715240 -0.010044228 0.999193311 0.038881291 -3.333639383 0.999504387 0.008872021 0.030204399 176.425064087
0.031254493 0.040680829 -0.998683274 -30.055545807 -0.010411795 0.999130368 0.040373202 -3.304624557 0.999457300 0.009136241 0.031650864 176.459182739
0.032967247 0.041280895 -0.998603463 -31.050531387 -0.010103593 0.999109328 0.040968247 -3.280234337 0.999405324 0.008738876 0.033354964 176.486892700
0.034541879 0.041377146 -0.998546302 -32.048706055 -0.010140496 0.999105632 0.041049533 -3.249298573 0.999351740 0.008707833 0.034930579 176.519149780
0.035278574 0.040905468 -0.998539984 -33.068309784 -0.007999713 0.999141455 0.040647477 -3.225893974 0.999345541 0.006554049 0.035575513 176.555541992
0.036004715 0.040582076 -0.998527288 -34.076732635 -0.007273695 0.999159276 0.040345490 -3.197430611 0.999325156 0.005810362 0.036269616 176.588104248
0.035683524 0.039407674 -0.998585880 -35.103717804 -0.007032897 0.999207318 0.039180890 -3.169501781 0.999338388 0.005624843 0.035932396 176.627304077
0.035335321 0.040213648 -0.998566270 -36.129043579 -0.006385641 0.999178708 0.040012363 -3.147225618 0.999355078 0.004962632 0.035563115 176.652572632
0.035025202 0.041119836 -0.998540163 -37.158088684 -0.005777867 0.999144793 0.040942069 -3.119457483 0.999369740 0.004335430 0.035232849 176.683273315
0.033474926 0.041741744 -0.998567522 -38.203178406 -0.008774371 0.999101222 0.041469906 -3.089228868 0.999401033 0.007373597 0.033811100 176.714828491
0.032571979 0.039861642 -0.998674214 -39.241962433 -0.010494157 0.999162853 0.039538886 -3.065648079 0.999414265 0.009192383 0.032963037 176.738189697
0.031773545 0.037915710 -0.998775721 -40.293296814 -0.010540545 0.999237359 0.037597921 -3.036995411 0.999439478 0.009333016 0.032148983 176.770797729
0.031352665 0.039348628 -0.998733521 -41.331607819 -0.011908936 0.999168575 0.038991917 -3.009307384 0.999437451 0.010671352 0.031795196 176.788040161
0.030735724 0.042004049 -0.998644650 -42.386791229 -0.013711023 0.999040246 0.041598711 -2.984333515 0.999433458 0.012413870 0.031282164 176.818847656
0.030245103 0.043428987 -0.998598695 -43.443355560 -0.013262521 0.998985171 0.043044109 -2.957156658 0.999454439 0.011942063 0.030790379 176.848785400
0.030728256 0.043575380 -0.998577535 -44.498378754 -0.012155560 0.998991609 0.043219406 -2.924781799 0.999453843 0.010810210 0.031226959 176.877044678
0.031006243 0.044931028 -0.998508811 -45.568672180 -0.011112651 0.998942733 0.044605486 -2.894716501 0.999457538 0.009713028 0.031472757 176.907791138
0.031301301 0.046465918 -0.998429298 -46.628257751 -0.009803324 0.998884976 0.046179779 -2.866800547 0.999461889 0.008342439 0.031721931 176.934234619
0.031403940 0.046608511 -0.998419464 -47.686943054 -0.010923122 0.998868465 0.046285897 -2.832154274 0.999447107 0.009452302 0.031877525 176.957870483
0.031058855 0.045897946 -0.998463154 -48.747123718 -0.011508255 0.998895347 0.045559827 -2.807830572 0.999451399 0.010075534 0.031552743 176.988708496
0.030890685 0.044793118 -0.998518646 -49.807228088 -0.014289889 0.998913050 0.044368744 -2.775860786 0.999420643 0.012898139 0.031497203 177.016387939
0.031244859 0.041873299 -0.998634338 -50.867477417 -0.016164698 0.999012589 0.041383412 -2.751862049 0.999381125 0.014849601 0.031890873 177.037246704
0.030817285 0.040422834 -0.998707354 -51.928123474 -0.019742168 0.999011695 0.039825961 -2.720149994 0.999330044 0.018489320 0.031584881 177.064392090
0.030708900 0.044922732 -0.998518407 -53.002925873 -0.023277754 0.998750687 0.044217292 -2.692962408 0.999257326 0.021885399 0.031716257 177.084365845
0.030117210 0.052466989 -0.998168468 -54.072364807 -0.022703582 0.998399675 0.051794123 -2.657218933 0.999288440 0.021102102 0.031260196 177.112396240
0.029819429 0.059266407 -0.997796714 -55.146797180 -0.022637710 0.998024642 0.058603410 -2.621508837 0.999298930 0.020840317 0.031102180 177.139022827
0.029332828 0.058256824 -0.997870564 -56.215492249 -0.025253167 0.998024762 0.057523489 -2.574838400 0.999250710 0.023512073 0.030746043 177.164871216
0.028934438 0.052469511 -0.998203218 -57.271572113 -0.026289582 0.998315871 0.051713381 -2.539484501 0.999235570 0.024746053 0.030265091 177.190246582
0.029545441 0.044965338 -0.998551548 -58.334098816 -0.026817065 0.998663783 0.044176918 -2.507946491 0.999203563 0.025472997 0.030711800 177.213104248
0.030133352 0.039763924 -0.998754680 -59.395301819 -0.025973765 0.998902142 0.038986146 -2.476894617 0.999208212 0.024766641 0.031133095 177.243698120
0.030770408 0.041162632 -0.998678505 -60.460895538 -0.025205789 0.998865902 0.040393732 -2.452349663 0.999208450 0.023929551 0.031773038 177.274429321
0.030625349 0.041852802 -0.998654366 -61.533260345 -0.024352351 0.998857617 0.041114517 -2.425310135 0.999234200 0.023060435 0.031609610 177.307128906
0.031183740 0.043472126 -0.998567879 -62.610790253 -0.021120701 0.998859286 0.042825244 -2.393467188 0.999290526 0.019755006 0.032066353 177.342636108
0.030960327 0.043086983 -0.998591483 -63.678821564 -0.020282514 0.998891771 0.042471107 -2.363881588 0.999314785 0.018939028 0.031799927 177.371658325
0.030836884 0.042265736 -0.998630404 -64.747337341 -0.018556610 0.998957694 0.041706566 -2.336072206 0.999352217 0.017245093 0.031589054 177.402175903
0.029823653 0.039703336 -0.998766303 -65.810050964 -0.017586347 0.999076962 0.039190553 -2.310621977 0.999400496 0.016395845 0.030494370 177.430313110
0.028809324 0.039512645 -0.998803675 -66.884498596 -0.016898634 0.999094903 0.039036747 -2.288015842 0.999442101 0.015753793 0.029450964 177.459991455
0.028266288 0.041401986 -0.998742580 -67.960617065 -0.015490099 0.999040127 0.040975913 -2.259961843 0.999480367 0.014312387 0.028880475 177.484130859
0.027039627 0.045595020 -0.998593986 -69.030891418 -0.013591175 0.998883784 0.045240238 -2.232808590 0.999541938 0.012348789 0.027629135 177.512634277
0.026366642 0.049140915 -0.998443842 -70.107589722 -0.013683091 0.998715341 0.048792936 -2.200985909 0.999558628 0.012375295 0.027005177 177.535278320
0.025714293 0.045748726 -0.998622060 -71.178771973 -0.014203742 0.998868167 0.045394264 -2.168322563 0.999568462 0.013016899 0.026335020 177.557037354
0.024869658 0.041209687 -0.998840988 -72.244705200 -0.016665243 0.999028265 0.040802475 -2.139698267 0.999551892 0.015631186 0.025532274 177.574417114
0.024486898 0.038078215 -0.998974741 -73.321533203 -0.018383723 0.999122500 0.037633229 -2.112095833 0.999531031 0.017443357 0.025165454 177.591888428
0.023728982 0.039591819 -0.998934209 -74.400657654 -0.018795012 0.999056578 0.039150208 -2.083716869 0.999541700 0.017845985 0.024450740 177.616409302
0.023186430 0.044415537 -0.998744071 -75.480323792 -0.019681994 0.998839259 0.043962844 -2.052668333 0.999537408 0.018637933 0.024033703 177.636596680
0.022674153 0.047553260 -0.998611391 -76.575889587 -0.019371115 0.998701513 0.047117721 -2.020610094 0.999555171 0.018275863 0.023565883 177.657882690
0.021621225 0.046933874 -0.998663962 -77.676368713 -0.019747293 0.998722553 0.046509098 -1.991240263 0.999571145 0.018715333 0.022520432 177.681259155
0.021137191 0.044225328 -0.998798013 -78.721725464 -0.021285834 0.998814523 0.043775603 -1.964410782 0.999549925 0.020334953 0.022053532 177.688903809
0.019466268 0.043249637 -0.998874724 -79.793678284 -0.024708653 0.998779655 0.042763993 -1.932069302 0.999505222 0.023848388 0.020511160 177.699157715
0.017618734 0.042759743 -0.998930097 -80.878288269 -0.028721018 0.998694420 0.042243093 -1.904252052 0.999432147 0.027946020 0.018823842 177.704910278
0.016201396 0.042779397 -0.998953223 -81.967910767 -0.028458329 0.998699367 0.042306975 -1.870140791 0.999463677 0.027743105 0.017397758 177.718688965
0.012811027 0.039989598 -0.999117970 -83.030776978 -0.028948937 0.998795986 0.039605517 -1.853048086 0.999498785 0.028416011 0.013953298 177.725296021
0.008700305 0.040635400 -0.999136209 -84.116516113 -0.027034750 0.998818398 0.040387064 -1.823036671 0.999596715 0.026660012 0.009788617 177.742477417
0.006488183 0.038935967 -0.999220610 -85.200668335 -0.022209851 0.999000847 0.038783181 -1.797120571 0.999732256 0.021940907 0.007346473 177.745300293
0.005179495 0.035678197 -0.999349952 -86.281738281 -0.022024011 0.999125063 0.035556018 -1.772635698 0.999743938 0.021825528 0.005960725 177.740356445
