1.000000000 0.000000000 0.000000000 0.000000000 0.000000000 1.000000000 0.000000000 0.000000000 0.000000000 0.000000000 1.000000000 0.000000000
0.999997318 0.001039006 0.002066517 -0.009280416 -0.001036778 0.999998868 -0.001078757 -0.016977478 -0.002067636 0.001076611 0.999997258 1.205656886
0.999994278 0.000875020 0.003255708 -0.009327913 -0.000872624 0.999999464 -0.000737372 -0.036960050 -0.003256351 0.000734527 0.999994457 2.403964520
0.999989629 0.000308985 0.004548317 -0.012166465 -0.000307096 0.999999881 -0.000415925 -0.056680635 -0.004548445 0.000414524 0.999989569 3.599225521
0.999984682 0.000039218 0.005531286 -0.010646340 -0.000036326 0.999999821 -0.000522925 -0.076332010 -0.005531306 0.000522716 0.999984503 4.796668053
0.999980509 0.000005375 0.006245153 -0.006438006 -0.000003626 0.999999940 -0.000280140 -0.100079320 -0.006245153 0.000280112 0.999980450 5.995851517
0.999975562 0.000429881 0.006965474 -0.001632117 -0.000421687 0.999999225 -0.001177724 -0.122284696 -0.006965976 0.001174758 0.999974966 7.196242332
0.999968350 0.000447615 0.007958867 0.001206689 -0.000435888 0.999998808 -0.001475144 -0.145329297 -0.007959519 0.001471628 0.999967158 8.380463600
0.999966860 0.000071098 0.008141681 0.007281646 -0.000071338 1.000000000 0.000029121 -0.168245420 -0.008141681 -0.000029701 0.999966860 9.578446388
0.999976337 -0.000535817 0.006859851 0.008911848 0.000527373 0.999999166 0.001232600 -0.193104208 -0.006860506 -0.001228953 0.999975741 10.772891045
0.999987781 -0.001861774 0.004582725 0.008066729 0.001859210 0.999998093 0.000563741 -0.210873708 -0.004583767 -0.000555214 0.999989331 11.973900795
0.999995112 -0.001463885 0.002766405 0.000706840 0.001463955 0.999998868 -0.000023205 -0.227825508 -0.002766368 0.000027255 0.999996126 13.170109749
0.999998033 -0.001498989 0.001294971 0.000385381 0.001499248 0.999998868 -0.000199298 -0.248719856 -0.001294670 0.000201239 0.999999106 14.365518570
0.999999940 -0.000087580 0.000400763 0.003608728 0.000087722 0.999999940 -0.000354817 -0.269603640 -0.000400732 0.000354852 0.999999881 15.566123009
0.999999940 -0.000332753 -0.000079930 -0.003135781 0.000332727 0.999999940 -0.000335680 -0.289281815 0.000080042 0.000335653 0.999999940 16.767408371
0.999998927 -0.001106905 -0.000970144 -0.006103189 0.001106928 0.999999464 0.000022820 -0.307447016 0.000970118 -0.000023894 0.999999523 17.958265305
0.999998868 -0.001071822 -0.001070654 -0.009032079 0.001072403 0.999999285 0.000542713 -0.333917201 0.001070071 -0.000543861 0.999999225 19.154203415
0.999997318 -0.000848454 -0.002149492 -0.014264945 0.000847904 0.999999523 -0.000256838 -0.357182384 0.002149710 0.000255015 0.999997675 20.350208282
0.999996841 -0.001231044 -0.002154736 -0.023250613 0.001228277 0.999998391 -0.001285392 -0.377380639 0.002156315 0.001282742 0.999996841 21.554735184
0.999995410 -0.000380902 -0.003014845 -0.031580400 0.000378787 0.999999642 -0.000702169 -0.397423387 0.003015112 0.000701024 0.999995172 22.750171661
0.999994338 -0.000344288 -0.003388039 -0.048573732 0.000341081 0.999999404 -0.000947169 -0.421592861 0.003388364 0.000946008 0.999993801 23.943593979
0.999991298 -0.000307884 -0.004150689 -0.061800651 0.000301232 0.999998629 -0.001603173 -0.442895442 0.004151177 0.001601909 0.999990046 25.138803482
0.999985397 0.000018997 -0.005388875 -0.069174126 -0.000022459 0.999999762 -0.000642454 -0.470750958 0.005388861 0.000642566 0.999985278 26.332027435
0.999980509 -0.001530922 -0.006047981 -0.082161024 0.001536756 0.999998391 0.000960163 -0.489332974 0.006046501 -0.000969438 0.999981284 27.532972336
0.999973953 -0.001700168 -0.007015774 -0.089632869 0.001707354 0.999997973 0.001018451 -0.511100650 0.007014029 -0.001030403 0.999974847 28.721435547
0.999965429 -0.002439075 -0.007944387 -0.103218526 0.002441517 0.999996960 0.000297641 -0.532065868 0.007943637 -0.000317028 0.999968350 29.920988083
0.999958754 -0.002446039 -0.008737646 -0.112367153 0.002440311 0.999996781 -0.000666124 -0.553085744 0.008739247 0.000644774 0.999961555 31.104434967
0.999952912 -0.001940806 -0.009507210 -0.129922792 0.001934677 0.999997914 -0.000653804 -0.572991133 0.009508459 0.000635380 0.999954581 32.296115875
0.999946773 -0.002300803 -0.010052999 -0.144310758 0.002300146 0.999997318 -0.000076880 -0.595459938 0.010053148 0.000053753 0.999949455 33.491958618
0.999937654 -0.002611598 -0.010852598 -0.155173406 0.002610317 0.999996603 -0.000132182 -0.615035713 0.010852905 0.000103845 0.999941051 34.684604645
0.999933243 -0.003316855 -0.011061586 -0.178531557 0.003316543 0.999994516 -0.000046563 -0.636865914 0.011061679 0.000009873 0.999938846 35.900093079
0.999929845 -0.003311402 -0.011371237 -0.200426504 0.003309841 0.999994516 -0.000156094 -0.656136930 0.011371694 0.000118446 0.999935329 37.106151581
0.999918818 -0.004613593 -0.011877628 -0.204804555 0.004623152 0.999989033 0.000777527 -0.688619494 0.011873911 -0.000832376 0.999929070 38.285209656
0.999921918 -0.004162894 -0.011785160 -0.219445914 0.004184672 0.999989569 0.001824022 -0.701907992 0.011777444 -0.001873197 0.999928832 39.487640381
0.999924064 -0.003496546 -0.011815309 -0.236608475 0.003529477 0.999989927 0.002767447 -0.726749063 0.011805513 -0.002808939 0.999926388 40.691665649
0.999922693 -0.002765534 -0.012117898 -0.254569054 0.002792749 0.999993563 0.002229496 -0.744246304 0.012111654 -0.002263166 0.999924183 41.899616241
0.999934196 -0.001451675 -0.011380981 -0.276897222 0.001476484 0.999996543 0.002171740 -0.760206461 0.011377789 -0.002188401 0.999932885 43.075813293
0.999937177 0.001043530 -0.011163967 -0.291610420 -0.000996555 0.999990642 0.004212408 -0.779187739 0.011168258 -0.004201018 0.999928832 44.279834747
0.999957681 0.001248973 -0.009117997 -0.317467093 -0.001181023 0.999971509 0.007453898 -0.796368539 0.009127047 -0.007442814 0.999930680 45.479240417
0.999966979 0.001599737 -0.007970067 -0.305536628 -0.001521283 0.999950409 0.009839895 -0.801821351 0.007985414 -0.009827444 0.999919772 46.676311493
0.999972820 0.002190263 -0.007043342 -0.313486457 -0.002097946 0.999912083 0.013087640 -0.807163477 0.007071388 -0.013072506 0.999889553 47.881782532
0.999986172 0.001083194 -0.005158082 -0.332142651 -0.001008190 0.999894023 0.014521521 -0.816730678 0.005173264 -0.014516119 0.999881208 49.090744019
0.999994218 -0.000166150 -0.003394913 -0.326043546 0.000210482 0.999914587 0.013061968 -0.822984159 0.003392453 -0.013062606 0.999908864 50.318325043
0.999996722 0.000897905 -0.002376668 -0.334009290 -0.000870912 0.999935269 0.011334221 -0.828532398 0.002386691 -0.011332115 0.999932885 51.532855988
0.999998629 0.000838836 -0.001374630 -0.342191160 -0.000823718 0.999939561 0.010961972 -0.835544765 0.001383742 -0.010960826 0.999938965 52.716709137
0.999998927 0.000560672 -0.001327802 -0.348197818 -0.000546864 0.999946058 0.010376479 -0.840829372 0.001333548 -0.010375741 0.999945283 53.924324036
0.999998271 0.000208602 -0.001862978 -0.356170893 -0.000191611 0.999958456 0.009115838 -0.847220242 0.001864802 -0.009115463 0.999956667 55.124942780
0.999993742 0.000657131 -0.003484302 -0.366747737 -0.000624247 0.999955356 0.009430555 -0.851119101 0.003490343 -0.009428319 0.999949455 56.339542389
0.999988317 0.000312989 -0.004828011 -0.375363559 -0.000260368 0.999940574 0.010895921 -0.867852271 0.004831135 -0.010894534 0.999929011 57.524967194
0.999980867 -0.000513756 -0.006161964 -0.383020997 0.000584566 0.999933779 0.011495174 -0.879534841 0.006155650 -0.011498557 0.999914944 58.731990814
0.999973774 0.001106255 -0.007177439 -0.392447621 -0.001024981 0.999935448 0.011317374 -0.890008867 0.007189496 -0.011309720 0.999910116 59.927757263
0.999968410 0.001284273 -0.007843040 -0.406552553 -0.001199888 0.999941468 0.010754450 -0.892363012 0.007856393 -0.010744697 0.999911427 61.129474640
0.999969661 0.000474361 -0.007778137 -0.420038104 -0.000392204 0.999944150 0.010560633 -0.904884160 0.007782712 -0.010557261 0.999913990 62.326202393
0.999968052 -0.000508573 -0.007986863 -0.434370726 0.000585769 0.999953091 0.009666002 -0.914560080 0.007981574 -0.009670372 0.999921381 63.534423828
0.999964654 -0.001154647 -0.008326177 -0.444075227 0.001249338 0.999934435 0.011376386 -0.935278475 0.008312497 -0.011386384 0.999900639 64.717948914
0.999962449 -0.001163894 -0.008595338 -0.461485237 0.001272457 0.999919355 0.012635774 -0.937493086 0.008579940 -0.012646236 0.999883235 65.913459778
0.999959469 -0.000585582 -0.008977417 -0.471228629 0.000685886 0.999937296 0.011173947 -0.952102900 0.008970309 -0.011179650 0.999897182 67.106994629
0.999962151 0.001165247 -0.008614581 -0.493447721 -0.001079450 0.999949813 0.009957570 -0.959630013 0.008625751 -0.009947893 0.999913275 68.303619385
0.999952793 0.003207888 -0.009166486 -0.501380622 -0.003112949 0.999941587 0.010352653 -0.969675779 0.009199160 -0.010323629 0.999904335 69.492500305
0.999947667 0.005390523 -0.008694758 -0.523007512 -0.005299139 0.999930859 0.010499227 -0.976073623 0.008750753 -0.010452604 0.999907017 70.678230286
0.999941230 0.006461618 -0.008707128 -0.540974796 -0.006366946 0.999920726 0.010857279 -0.985672176 0.008776593 -0.010801204 0.999903142 71.885559082
0.999942958 0.007230884 -0.007862068 -0.551957250 -0.007136101 0.999902308 0.012017691 -0.997004271 0.007948198 -0.011960900 0.999896884 73.058029175
0.999941170 0.009331387 -0.005546794 -0.572899699 -0.009261127 0.999878168 0.012560295 -0.999932468 0.005663324 -0.012508184 0.999905705 74.237686157
0.999961853 0.008138089 -0.003171514 -0.580986798 -0.008104248 0.999911606 0.010540785 -1.009947062 0.003257015 -0.010514681 0.999939442 75.422462463
0.999985993 0.005198922 -0.000986887 -0.574584305 -0.005193565 0.999972165 0.005355142 -1.023816347 0.001014701 -0.005349942 0.999985158 76.603576660
0.999980330 0.006073248 0.001594092 -0.579718351 -0.006081108 0.999969125 0.004972964 -1.034375191 -0.001563841 -0.004982559 0.999986351 77.783508301
0.999980271 0.004819181 0.004025727 -0.572491288 -0.004853558 0.999951422 0.008573833 -1.051322222 -0.003984213 -0.008593205 0.999955118 78.961502075
0.999951899 0.005715892 0.007977234 -0.577072978 -0.005793784 0.999935448 0.009775772 -1.062265873 -0.007920841 -0.009821519 0.999920368 80.119926453
0.999915183 0.005607293 0.011755317 -0.565376043 -0.005702321 0.999951184 0.008065864 -1.071768999 -0.011709515 -0.008132213 0.999898374 81.304504395
0.999873400 0.004642352 0.015218792 -0.550136805 -0.004720732 0.999975741 0.005118252 -1.087261438 -0.015194662 -0.005189448 0.999871075 82.468795776
0.999822497 0.003366031 0.018538881 -0.531128407 -0.003398897 0.999992728 0.001741573 -1.105049610 -0.018532880 -0.001804276 0.999826610 83.633110046
0.999757290 0.002593284 0.021879308 -0.508032680 -0.002614689 0.999996185 0.000949773 -1.123248577 -0.021876762 -0.001006750 0.999760151 84.791397095
0.999668717 0.002862999 0.025578942 -0.480832100 -0.002931580 0.999992132 0.002644057 -1.144913077 -0.025571173 -0.002718167 0.999669313 85.948211670
0.999553204 0.004055367 0.029616106 -0.460247993 -0.004153823 0.999986053 0.003263612 -1.166728616 -0.029602464 -0.003385174 0.999556005 87.115684509
0.999443889 0.003442894 0.033165533 -0.417705297 -0.003469972 0.999993682 0.000758903 -1.181719661 -0.033162702 -0.000873564 0.999449611 88.253280640
0.999332845 0.003340914 0.036367547 -0.379051924 -0.003292583 0.999993563 -0.001388769 -1.202605367 -0.036371954 0.001268099 0.999337554 89.399147034
0.999218762 0.003396013 0.039374925 -0.331427097 -0.003327736 0.999992847 -0.001799442 -1.223894000 -0.039380755 0.001667006 0.999222875 90.570899963
0.999095201 0.002711372 0.042443760 -0.288357019 -0.002689402 0.999996245 -0.000574729 -1.243672132 -0.042445157 0.000460061 0.999098718 91.726119995
0.998985291 0.001350718 0.045015484 -0.231525421 -0.001394037 0.999998569 0.000930941 -1.263687134 -0.045014165 -0.000992750 0.998985827 92.887870789
0.998869359 0.000641752 0.047537971 -0.173818588 -0.000770171 0.999996126 0.002683124 -1.281502962 -0.047536071 -0.002716702 0.998865843 94.047569275
0.998758078 -0.000826641 0.049815495 -0.113152504 0.000652361 0.999993622 0.003514663 -1.294751644 -0.049818084 -0.003477800 0.998752296 95.210937500
0.998628676 -0.001874638 0.052318212 -0.059021950 0.001801122 0.999997318 0.001452273 -1.318203092 -0.052320797 -0.001356050 0.998629332 96.372024536
0.998501480 -0.003446680 0.054615870 0.005227089 0.003572036 0.999991179 -0.002197787 -1.337086201 -0.054607812 0.002389584 0.998504937 97.530456543
0.998391867 -0.002467194 0.056635424 0.064260483 0.002749067 0.999984205 -0.004899601 -1.355856538 -0.056622449 0.005047416 0.998382866 98.694564819
0.998294711 -0.002581229 0.058318455 0.128933430 0.002925369 0.999978721 -0.005816461 -1.382382154 -0.058302205 0.005977144 0.998281181 99.867309570
0.998275101 -0.002303109 0.058664266 0.195721626 0.002619720 0.999982297 -0.005320653 -1.402473450 -0.058650985 0.005465160 0.998263597 101.050918579
0.998323202 -0.002352573 0.057838041 0.259869099 0.002553423 0.999990880 -0.003398977 -1.428495169 -0.057829522 0.003540962 0.998320222 102.238800049
0.998394966 -0.002494204 0.056580063 0.325019836 0.002632074 0.999993742 -0.002362337 -1.441826820 -0.056573823 0.002507468 0.998395264 103.448974609
0.998504043 -0.002480407 0.054622047 0.382018566 0.002546542 0.999996126 -0.001141183 -1.467328072 -0.054619007 0.001278573 0.998506427 104.622985840
0.998635173 -0.002242280 0.052180607 0.438960075 0.002287276 0.999997079 -0.000802620 -1.482900500 -0.052178655 0.000920876 0.998637259 105.832588196
0.998795390 -0.001720970 0.049039342 0.496531487 0.001757376 0.999998212 -0.000699267 -1.509272099 -0.049038067 0.000784605 0.998796582 107.031822205
0.998970330 -0.000083859 0.045368634 0.535215378 0.000146774 0.999998987 -0.001383423 -1.523412466 -0.045368489 0.001388657 0.998969316 108.223052979
0.999149561 -0.000250077 0.041232016 0.591395617 0.000277395 0.999999762 -0.000656836 -1.549097538 -0.041231833 0.000667715 0.999149382 109.438591003
0.999314547 0.000337457 0.037019677 0.639051676 -0.000358418 0.999999762 0.000559565 -1.569316745 -0.037019480 -0.000572450 0.999314427 110.669937134
0.999459684 0.000673598 0.032859616 0.670267105 -0.000707752 0.999999225 0.001027770 -1.582717776 -0.032858893 -0.001050471 0.999459445 111.875968933
0.999596655 0.000904416 0.028385717 0.700139761 -0.000950967 0.999998212 0.001626507 -1.601041913 -0.028384192 -0.001652845 0.999595821 113.093872070
0.999726832 0.001223661 0.023342326 0.724539876 -0.001263467 0.999997735 0.001690643 -1.617790341 -0.023340205 -0.001719673 0.999726117 114.308570862
0.999823749 0.002061434 0.018657537 0.742991686 -0.002093511 0.999996364 0.001699863 -1.639719129 -0.018653961 -0.001738624 0.999824464 115.552330017
0.999902070 0.002145323 0.013825990 0.751703799 -0.002164803 0.999996662 0.001394206 -1.653306007 -0.013822958 -0.001424000 0.999903381 116.771644592
0.999954104 0.003526250 0.008907384 0.759883404 -0.003534304 0.999993384 0.000888587 -1.679172993 -0.008904193 -0.000920028 0.999959886 118.006523132
0.999971509 0.005280327 0.005387555 0.760881066 -0.005284748 0.999985695 0.000806613 -1.696493983 -0.005383220 -0.000835062 0.999985158 119.242561340
0.999968886 0.007246330 0.003104856 0.763428688 -0.007248736 0.999973416 0.000764457 -1.711399436 -0.003099235 -0.000786940 0.999994814 120.488021851
0.999960065 0.008619945 0.002371836 0.753477216 -0.008620754 0.999962747 0.000330963 -1.731327534 -0.002368895 -0.000351396 0.999997079 121.724472046
0.999941587 0.010765299 0.000950139 0.755897701 -0.010766097 0.999941707 0.000839581 -1.755208015 -0.000941045 -0.000849761 0.999999225 122.977531433
0.999929905 0.011833034 0.000081485 0.743685484 -0.011833140 0.999928892 0.001429231 -1.767616034 -0.000064567 -0.001430095 0.999998987 124.232887268
0.999932110 0.011644093 -0.000506501 0.732493997 -0.011643138 0.999930501 0.001850403 -1.784136653 0.000528012 -0.001844380 0.999998152 125.478660583
0.999877274 0.015582048 -0.001580305 0.729108155 -0.015575660 0.999870718 0.003976865 -1.802379727 0.001642068 -0.003951762 0.999990821 126.733322144
0.999861598 0.016493434 -0.002152118 0.716617048 -0.016478004 0.999839723 0.006999725 -1.812526107 0.002267223 -0.006963294 0.999973178 127.985885620
0.999875844 0.015462698 -0.003028829 0.721160293 -0.015442366 0.999858797 0.006625594 -1.827016473 0.003130851 -0.006577999 0.999973416 129.243621826
0.999877512 0.015253128 -0.003501193 0.710379124 -0.015234592 0.999870062 0.005260957 -1.837513685 0.003580984 -0.005206974 0.999980092 130.494995117
0.999905348 0.012923525 -0.004724959 0.710229695 -0.012893550 0.999896944 0.006319628 -1.852170348 0.004806144 -0.006258109 0.999968827 131.760742188
0.999930739 0.010473635 -0.005367574 0.707570612 -0.010428916 0.999911249 0.008293023 -1.867978930 0.005453954 -0.008236472 0.999951184 133.026916504
0.999960899 0.006938207 -0.005493967 0.693897367 -0.006883029 0.999926388 0.009999144 -1.875981331 0.005562939 -0.009960939 0.999934912 134.299743652
0.999971390 0.005012792 -0.005648911 0.680543482 -0.004949872 0.999926209 0.011097735 -1.886088490 0.005704124 -0.011069458 0.999922395 135.577423096
0.999984205 0.001026629 -0.005521176 0.684063971 -0.000974601 0.999955177 0.009417758 -1.895315886 0.005530597 -0.009412228 0.999940395 136.837509155
0.999984920 -0.001402796 -0.005315493 0.670537174 0.001448191 0.999962509 0.008545966 -1.903720140 0.005303304 -0.008553534 0.999949396 138.111557007
0.999982774 -0.002538952 -0.005275224 0.673708856 0.002582145 0.999963045 0.008197467 -1.910526395 0.005254216 -0.008210950 0.999952495 139.398010254
0.999985754 -0.002533228 -0.004700327 0.660122454 0.002572400 0.999961793 0.008346528 -1.917144060 0.004679005 -0.008358499 0.999954104 140.678024292
0.999986410 -0.002405617 -0.004630032 0.665313959 0.002453913 0.999942362 0.010453628 -1.928283930 0.004604619 -0.010464848 0.999934554 141.946685791
0.999992192 -0.000161525 -0.003953618 0.649496436 0.000208332 0.999929905 0.011841598 -1.934333920 0.003951428 -0.011842329 0.999921978 143.225051880
0.999994934 -0.000508969 -0.003138127 0.642300963 0.000540880 0.999948204 0.010176522 -1.946864009 0.003132785 -0.010178166 0.999943316 144.503250122
0.999997020 0.000024609 -0.002459397 0.626400113 -0.000003721 0.999963999 0.008492533 -1.956269979 0.002459517 -0.008492496 0.999960959 145.780410767
0.999997497 0.000198462 -0.002229179 0.625120163 -0.000184602 0.999980688 0.006215835 -1.975897312 0.002230369 -0.006215408 0.999978185 147.055831909
0.999996603 -0.001368599 -0.002183751 0.623541713 0.001373182 0.999996841 0.002098667 -1.989622951 0.002180872 -0.002101658 0.999995410 148.333923340
0.999998569 -0.000822800 -0.001452920 0.614588499 0.000820810 0.999998748 -0.001370343 -2.013177156 0.001454046 0.001369148 0.999997973 149.603134155
0.999997854 -0.001478438 -0.001433253 0.607632875 0.001475236 0.999996483 -0.002233109 -2.035598278 0.001436549 0.002230990 0.999996543 150.875732422
0.999998808 -0.000833913 -0.001307909 0.609462023 0.000831186 0.999997497 -0.002083696 -2.061020374 0.001309643 0.002082607 0.999996960 152.131256104
0.999998927 -0.000273275 -0.001460111 0.600542367 0.000271670 0.999999404 -0.001099331 -2.089639425 0.001460410 0.001098934 0.999998331 153.394165039
0.999998033 0.000367899 -0.001950711 0.607464671 -0.000368727 0.999999821 -0.000424401 -2.109926462 0.001950555 0.000425120 0.999998033 154.661010742
0.999996185 0.000660472 -0.002684975 0.600638449 -0.000659883 0.999999762 0.000220168 -2.131758928 0.002685120 -0.000218395 0.999996424 155.932403564
0.999995708 0.000588213 -0.002867517 0.594980896 -0.000589236 0.999999702 -0.000355666 -2.152539015 0.002867308 0.000357355 0.999995828 157.189743042
0.999993920 0.000795988 -0.003395568 0.578200638 -0.000796865 0.999999702 -0.000256799 -2.171545744 0.003395363 0.000259504 0.999994218 158.453231812
0.999991059 0.000344165 -0.004215463 0.580592752 -0.000339087 0.999999225 0.001205232 -2.196431637 0.004215874 -0.001203792 0.999990404 159.726303101
0.999989331 0.001390116 -0.004408565 0.556819618 -0.001382607 0.999997675 0.001705925 -2.218010426 0.004410926 -0.001699812 0.999988854 160.980819702
0.999982536 0.001637090 -0.005680459 0.562968254 -0.001635016 0.999998510 0.000369699 -2.237437963 0.005681056 -0.000360405 0.999983788 162.269378662
0.999978662 0.001889914 -0.006262768 0.547866940 -0.001894123 0.999997914 -0.000666210 -2.261918306 0.006261497 0.000678059 0.999980211 163.533233643
0.999971449 0.002965527 -0.006946368 0.539098263 -0.002969696 0.999995410 -0.000589851 -2.286812305 0.006944587 0.000610462 0.999975681 164.782241821
0.999966323 0.002745089 -0.007729627 0.520963788 -0.002755692 0.999995291 -0.001361387 -2.309718847 0.007725853 0.001382642 0.999969184 166.055938721
0.999958575 0.002999705 -0.008594078 0.511521935 -0.003022227 0.999991953 -0.002608720 -2.331423283 0.008586184 0.002634585 0.999959648 167.324096680
0.999951124 0.003458983 -0.009261749 0.492580533 -0.003480857 0.999991059 -0.002346784 -2.352621078 0.009253550 0.002378908 0.999954343 168.600631714
0.999941766 0.003882912 -0.010066971 0.479853392 -0.003889163 0.999992192 -0.000601420 -2.384818077 0.010064559 0.000640537 0.999949098 169.880615234
0.999933362 0.003204281 -0.011085316 0.464015126 -0.003207189 0.999994874 -0.000244608 -2.406945705 0.011084476 0.000280145 0.999938488 171.148178101
0.999922752 0.004435169 -0.011611424 0.445340157 -0.004436987 0.999990106 -0.000130765 -2.426430225 0.011610730 0.000182275 0.999932587 172.414337158
0.999909341 0.004748900 -0.012602724 0.423443079 -0.004745984 0.999988675 0.000261413 -2.449830532 0.012603823 -0.000201577 0.999920547 173.684677124
0.999905527 0.004992546 -0.012807823 0.396052122 -0.004999390 0.999987423 -0.000502388 -2.475606441 0.012805153 0.000566372 0.999917805 174.947097778
0.999888897 0.005923344 -0.013679211 0.384722710 -0.005940130 0.999981582 -0.001186728 -2.493434429 0.013671930 0.001267853 0.999905646 176.225524902
0.999883473 0.005406098 -0.014277929 0.363724709 -0.005417575 0.999984980 -0.000765218 -2.517824173 0.014273577 0.000842481 0.999897718 177.493331909
0.999883771 0.005941567 -0.014042128 0.334171772 -0.005970008 0.999980211 -0.001984332 -2.539106607 0.014030063 0.002067934 0.999899387 178.742797852
0.999880850 0.004433068 -0.014786015 0.321613789 -0.004487600 0.999983251 -0.003657002 -2.560178757 0.014769553 0.003722921 0.999883950 180.025543213
0.999888122 0.001679405 -0.014861051 0.295440912 -0.001728647 0.999993145 -0.003301312 -2.585601807 0.014855403 0.003326633 0.999884129 181.293792725
0.999876261 0.001235431 -0.015677987 0.282047033 -0.001229558 0.999999106 0.000384265 -2.612576485 0.015678447 -0.000364941 0.999877036 182.551071167
0.999875128 0.000752612 -0.015776398 0.255650520 -0.000674715 0.999987543 0.004942318 -2.634356499 0.015779922 -0.004931058 0.999863386 183.816116333
0.999874353 0.001632468 -0.015765699 0.234244585 -0.001568354 0.999990463 0.004078199 -2.649236441 0.015772207 -0.004052960 0.999867380 185.077713013
0.999881804 0.003352775 -0.015002925 0.198623419 -0.003344874 0.999994218 0.000551741 -2.663419724 0.015004690 -0.000501493 0.999887288 186.325103760
0.999867797 0.002886239 -0.016000018 0.179524422 -0.002901005 0.999995410 -0.000899718 -2.690461636 0.015997348 0.000946015 0.999871552 187.568786621
0.999863744 0.002931173 -0.016241439 0.153030396 -0.002942076 0.999995470 -0.000647463 -2.712798834 0.016239466 0.000695158 0.999867916 188.819030762
0.999867499 0.002600567 -0.016069509 0.131080627 -0.002592436 0.999996483 0.000526796 -2.735047340 0.016070822 -0.000485067 0.999870718 190.064895630
0.999864995 0.002639689 -0.016219629 0.106513977 -0.002594045 0.999992609 0.002834529 -2.758516073 0.016226992 -0.002792072 0.999864399 191.310562134
0.999880850 0.002224952 -0.015269811 0.084673405 -0.002170909 0.999991417 0.003554875 -2.779048443 0.015277589 -0.003521302 0.999877095 192.554107666
0.999901474 0.002274375 -0.013852065 0.059404373 -0.002237293 0.999993861 0.002691981 -2.796402454 0.013858100 -0.002660724 0.999900460 193.795593262
0.999925196 0.001177303 -0.012169547 0.032236099 -0.001162541 0.999998569 0.001220066 -2.818795919 0.012170965 -0.001205827 0.999925256 195.027587891
0.999933839 0.000648303 -0.011485108 0.026189804 -0.000649439 0.999999762 -0.000095128 -2.840240479 0.011485044 0.000102581 0.999934018 196.254638672
0.999948978 0.000077244 -0.010113715 0.011097193 -0.000083726 0.999999762 -0.000640551 -2.863253355 0.010113664 0.000641365 0.999948621 197.478317261
0.999958992 0.000149858 -0.009058389 0.000179768 -0.000150523 0.999999940 -0.000072707 -2.884236574 0.009058378 0.000074068 0.999958992 198.682464600
0.999971688 -0.000083893 -0.007519838 -0.017790318 0.000099871 0.999997675 0.002124513 -2.910553932 0.007519642 -0.002125204 0.999969482 199.917907715
0.999974370 0.001226400 -0.007060436 -0.026886225 -0.001204862 0.999994576 0.003053932 -2.936615705 0.007064144 -0.003045346 0.999970436 201.127960205
0.999985456 0.000464121 -0.005365301 -0.046214700 -0.000449935 0.999996424 0.002645007 -2.953398943 0.005366509 -0.002642555 0.999982119 202.334426880
0.999990284 0.000225968 -0.004398771 -0.058386207 -0.000214936 0.999996841 0.002508355 -2.967963219 0.004399324 -0.002507385 0.999987185 203.547042847
0.999994755 0.000414859 -0.003245918 -0.070748866 -0.000405523 0.999995828 0.002876366 -2.992670536 0.003247097 -0.002875034 0.999990642 204.732971191
0.999996722 0.001149300 -0.002282454 -0.080009937 -0.001143375 0.999995947 0.002595180 -3.010356903 0.002285427 -0.002592562 0.999994040 205.918853760
0.999998987 0.000742211 -0.001218176 -0.095939636 -0.000739352 0.999997020 0.002345079 -3.024374962 0.001219913 -0.002344176 0.999996603 207.096374512
0.999999464 -0.000272569 -0.000991357 -0.097645693 0.000275206 0.999996424 0.002660061 -3.049919128 0.000990629 -0.002660333 0.999996066 208.259414673
0.999999881 -0.000205110 -0.000499285 -0.109710142 0.000206861 0.999993742 0.003509667 -3.072376251 0.000498561 -0.003509770 0.999993742 209.392715454
0.999998808 -0.000972646 -0.001174485 -0.112297282 0.000977645 0.999990404 0.004263432 -3.088523149 0.001170327 -0.004264575 0.999990225 210.534805298
0.999998927 -0.000691462 -0.001228995 -0.123975173 0.000697088 0.999989212 0.004583064 -3.113142490 0.001225812 -0.004583916 0.999988735 211.637603760
0.999997914 -0.000152143 -0.002028339 -0.128969878 0.000159487 0.999993384 0.003621064 -3.131922722 0.002027775 -0.003621380 0.999991357 212.737411499
0.999997973 0.000208914 -0.002007254 -0.143140137 -0.000203232 0.999995887 0.002830333 -3.151296377 0.002007837 -0.002829919 0.999993980 213.817672729
0.999996066 -0.000107375 -0.002806716 -0.149146140 0.000114112 0.999997020 0.002400083 -3.167411804 0.002806450 -0.002400394 0.999993205 214.885330200
0.999991894 -0.000183119 -0.004016607 -0.158277810 0.000194046 0.999996305 0.002720094 -3.193537235 0.004016093 -0.002720851 0.999988258 215.946350098
0.999983013 -0.000846302 -0.005773561 -0.165145397 0.000865899 0.999993920 0.003392512 -3.211013079 0.005770654 -0.003397454 0.999977589 217.002929688
0.999968469 -0.001724253 -0.007748173 -0.180823088 0.001763308 0.999985754 0.005036414 -3.228123665 0.007739379 -0.005049917 0.999957263 218.035690308
0.999948204 -0.001427921 -0.010074738 -0.194269419 0.001496052 0.999975979 0.006758260 -3.244561195 0.010064847 -0.006772982 0.999926388 219.061859131
0.999921501 -0.001296861 -0.012462851 -0.210202456 0.001383592 0.999974906 0.006953066 -3.262782097 0.012453521 -0.006969763 0.999898195 220.068939209
0.999888241 -0.000636653 -0.014937816 -0.231421232 0.000730625 0.999979973 0.006286256 -3.278278589 0.014933516 -0.006296469 0.999868691 221.059646606
0.999841571 -0.000604144 -0.017787570 -0.253352642 0.000720636 0.999978304 0.006543378 -3.293625832 0.017783232 -0.006555161 0.999820471 222.027862549
0.999788523 -0.000053916 -0.020567022 -0.283274651 0.000194354 0.999976695 0.006826388 -3.307951689 0.020566175 -0.006828941 0.999765158 222.974639893
0.999723434 0.000209052 -0.023517137 -0.305416107 -0.000056266 0.999978900 0.006497274 -3.322561741 0.023518004 -0.006494154 0.999702334 223.898864746
0.999647439 0.000183137 -0.026551560 -0.335708618 -0.000024437 0.999982119 0.005977286 -3.335452795 0.026552182 -0.005974529 0.999629557 224.802978516
0.999567747 -0.000065821 -0.029399324 -0.372536659 0.000216818 0.999986827 0.005132929 -3.350159883 0.029398600 -0.005137085 0.999554574 225.679901123
0.999471605 0.000239112 -0.032502629 -0.412645817 -0.000059719 0.999984860 0.005520197 -3.374738216 0.032503452 -0.005515339 0.999456406 226.535964966
0.999351442 0.001427183 -0.035980765 -0.436898708 -0.001256064 0.999987781 0.004778000 -3.388184547 0.035987142 -0.004729707 0.999341071 227.365768433
0.999253631 0.003279293 -0.038486294 -0.475068092 -0.003112007 0.999985397 0.004405755 -3.399023771 0.038500186 -0.004282697 0.999249399 228.180297852
0.999252021 0.004065879 -0.038457271 -0.520778656 -0.003879047 0.999980211 0.004931551 -3.411864281 0.038476560 -0.004778685 0.999248087 228.982192993
0.999257982 0.004040579 -0.038302880 -0.554995537 -0.003810239 0.999974251 0.006084743 -3.428619862 0.038326476 -0.005934285 0.999247611 229.760406494
0.999275804 0.003789301 -0.037860781 -0.587800980 -0.003543592 0.999972284 0.006554798 -3.440555096 0.037884571 -0.006415888 0.999261498 230.519638062
0.999282837 0.003649514 -0.037689287 -0.617340088 -0.003409531 0.999973595 0.006429717 -3.457323790 0.037711762 -0.006296603 0.999268889 231.265136719
0.999299526 0.004663758 -0.037131365 -0.651004791 -0.004498048 0.999979556 0.004545083 -3.466551304 0.037151806 -0.004374881 0.999300003 231.996490479
0.999331355 0.004578269 -0.036274429 -0.677707195 -0.004491167 0.999986827 0.002482327 -3.478743076 0.036285307 -0.002317752 0.999338806 232.726852417
0.999379575 0.004574079 -0.034922022 -0.709144115 -0.004528578 0.999988735 0.001381900 -3.495822668 0.034927946 -0.001222895 0.999389112 233.448837280
0.999421179 0.005193380 -0.033620033 -0.735705853 -0.005177883 0.999986470 0.000547977 -3.503964424 0.033622425 -0.000373579 0.999434531 234.182617188
0.999484837 0.004710237 -0.031747643 -0.760822296 -0.004698994 0.999988973 0.000428712 -3.517184973 0.031749308 -0.000279309 0.999495864 234.902084351
0.999543905 0.004575960 -0.029849777 -0.785987377 -0.004559624 0.999989390 0.000615287 -3.534442902 0.029852277 -0.000478903 0.999554217 235.610153198
0.999590635 0.004666793 -0.028227100 -0.806779861 -0.004657709 0.999989033 0.000387616 -3.547758579 0.028228596 -0.000255984 0.999601603 236.334655762
0.999634445 0.004215100 -0.026705066 -0.819050789 -0.004213810 0.999991119 0.000104568 -3.561029196 0.026705265 0.000008001 0.999643385 237.040267944
0.999716699 0.004317749 -0.023404591 -0.848540783 -0.004303257 0.999990523 0.000669531 -3.574888706 0.023407258 -0.000568626 0.999725878 237.749023438
0.999784410 0.003087935 -0.020530751 -0.854720592 -0.003056267 0.999994099 0.001573707 -3.590862989 0.020535488 -0.001510620 0.999788046 238.457901001
0.999848247 0.002479458 -0.017241228 -0.873591185 -0.002459951 0.999996305 0.001152574 -3.595776081 0.017244020 -0.001109986 0.999850690 239.154205322
0.999892652 0.002101206 -0.014504179 -0.881008625 -0.002081098 0.999996841 0.001401333 -3.610050917 0.014507078 -0.001370998 0.999893844 239.852111816
0.999933958 0.001703834 -0.011372102 -0.892084956 -0.001693446 0.999998093 0.000922957 -3.621699095 0.011373653 -0.000903638 0.999934912 240.537200928
0.999967813 0.001890494 -0.007786374 -0.905224204 -0.001884078 0.999997854 0.000831244 -3.636931896 0.007787929 -0.000816547 0.999969363 241.231170654
0.999983907 0.002842786 -0.004911846 -0.909614027 -0.002844327 0.999995887 -0.000306797 -3.644951344 0.004910954 0.000320763 0.999987900 241.920272827
0.999993563 0.003057474 -0.001846086 -0.914601803 -0.003058756 0.999995053 -0.000691883 -3.658566713 0.001843960 0.000697526 0.999998093 242.612274170
0.999994576 0.003213741 0.000761132 -0.913264453 -0.003214048 0.999994755 0.000402296 -3.674013138 -0.000759835 -0.000404740 0.999999642 243.320068359
0.999990404 0.003353819 0.002822528 -0.910565913 -0.003356434 0.999993920 0.000922399 -3.684308529 -0.002819418 -0.000931863 0.999995649 244.024276733
0.999981165 0.003316623 0.005170794 -0.909594417 -0.003318676 0.999994397 0.000388591 -3.694292545 -0.005169476 -0.000405744 0.999986589 244.729339600
0.999964058 0.003009356 0.007941468 -0.909031272 -0.003001647 0.999994934 -0.000982556 -3.706843138 -0.007944386 0.000958683 0.999967992 245.434066772
0.999946117 0.003224972 0.009860449 -0.906824827 -0.003192538 0.999989450 -0.003303296 -3.718118668 -0.009870999 0.003271638 0.999945939 246.142288208
0.999938667 0.001854342 0.010919627 -0.896534204 -0.001796465 0.999984324 -0.005307707 -3.728201866 -0.010929297 0.005287765 0.999926329 246.864700317
0.999947071 0.001676042 0.010150358 -0.883533001 -0.001622388 0.999984682 -0.005291765 -3.745083570 -0.010159071 0.005275018 0.999934435 247.592407227
0.999951422 0.000197880 0.009854754 -0.874366760 -0.000142732 0.999984384 -0.005596511 -3.761552572 -0.009855706 0.005594832 0.999935746 248.321334839
0.999944150 0.002107414 0.010355306 -0.873205900 -0.002043681 0.999978900 -0.006161347 -3.774670124 -0.010368071 0.006139840 0.999927402 249.051849365
0.999941051 0.002200442 0.010634830 -0.871191502 -0.002130978 0.999976337 -0.006538644 -3.790150166 -0.010648968 0.006515596 0.999922037 249.782714844
0.999938726 0.001162757 0.011010640 -0.866239786 -0.001070010 0.999963939 -0.008425578 -3.805571556 -0.011020041 0.008413279 0.999903798 250.529220581
0.999931753 -0.002300366 0.011453677 -0.856477976 0.002422140 0.999940574 -0.010629368 -3.822906017 -0.011428543 0.010656388 0.999878049 251.284988403
0.999912500 -0.005771933 0.011900885 -0.844005108 0.005907887 0.999917448 -0.011420563 -3.839168310 -0.011833978 0.011489874 0.999863982 252.051742554
0.999917030 -0.003375867 0.012428887 -0.838780880 0.003470463 0.999965131 -0.007597318 -3.852125168 -0.012402804 0.007639823 0.999893963 252.827743530
0.999911666 0.000820671 0.013262754 -0.842252731 -0.000800449 0.999998510 -0.001529978 -3.862510443 -0.013263994 0.001519226 0.999910831 253.608276367
0.999902844 0.000060748 0.013943502 -0.831138134 -0.000088716 0.999998033 0.002005221 -3.878340483 -0.013943353 -0.002006263 0.999900699 254.394943237
0.999861419 -0.001044361 0.016614825 -0.820888996 0.001050392 0.999999344 -0.000354300 -3.888577461 -0.016614445 0.000371703 0.999861896 255.194931030
0.999795675 -0.000296951 0.020208951 -0.802375317 0.000428192 0.999978840 -0.006490218 -3.901659489 -0.020206599 0.006497546 0.999774694 255.996292114
0.999701560 0.001962848 0.024346884 -0.796305656 -0.001718495 0.999948025 -0.010053206 -3.914906979 -0.024365351 0.010008367 0.999652982 256.802062988
0.999619365 0.003794490 0.027326418 -0.776167870 -0.003532414 0.999947369 -0.009632444 -3.932409763 -0.027361531 0.009532250 0.999580145 257.614868164
0.999538124 0.002059154 0.030323001 -0.746871471 -0.001826667 0.999968767 -0.007692746 -3.945182800 -0.030337898 0.007633801 0.999510527 258.455017090
0.999453962 -0.001054359 0.033024184 -0.711885452 0.001200027 0.999989629 -0.004391423 -3.963201046 -0.033019207 0.004428655 0.999444902 259.292053223
0.999342799 -0.003699658 0.036058161 -0.686078072 0.003810205 0.999988258 -0.002997556 -3.979137421 -0.036046647 0.003132975 0.999345243 260.129455566
0.999222815 -0.002753513 0.039322108 -0.656748772 0.002849263 0.999993086 -0.002379178 -3.995153189 -0.039315287 0.002489368 0.999223709 260.973083496
0.999132812 -0.000473030 0.041635960 -0.624269485 0.000655669 0.999990165 -0.004373012 -4.011548042 -0.041633487 0.004396519 0.999123335 261.814910889
0.999024630 0.000073442 0.044156585 -0.594514847 0.000213731 0.999978840 -0.006498764 -4.032853603 -0.044156130 0.006501862 0.999003410 262.647277832
0.998905241 0.000319409 0.046778921 -0.557232857 0.000002294 0.999976337 -0.006876865 -4.045786858 -0.046780013 0.006869444 0.998881578 263.508026123
0.998767078 0.001223292 0.049629368 -0.521976471 -0.000994946 0.999988794 -0.004625467 -4.065923691 -0.049634475 0.004570385 0.998756945 264.350006104
0.998598695 0.002629990 0.052855175 -0.483615875 -0.002470000 0.999992192 -0.003092057 -4.083878994 -0.052862898 0.002957172 0.998597383 265.195648193
0.998456478 0.002646708 0.055476751 -0.432771683 -0.002482876 0.999992371 -0.003021876 -4.106270790 -0.055484336 0.002879470 0.998455405 266.060821533
0.998321056 0.002834171 0.057854231 -0.384562492 -0.002640199 0.999990642 -0.003428938 -4.122655392 -0.057863414 0.003270434 0.998319149 266.905975342
0.998168886 0.001018779 0.060480606 -0.334686279 -0.000777006 0.999991596 -0.004020920 -4.136598587 -0.060484197 0.003966562 0.998161256 267.744171143
0.998043358 -0.001552180 0.062505528 -0.279371262 0.001795295 0.999991059 -0.003833511 -4.146397591 -0.062499031 0.003938225 0.998037279 268.631408691
0.998013318 -0.002043597 0.062968835 -0.220064163 0.002287023 0.999990165 -0.003793984 -4.164217949 -0.062960468 0.003930459 0.998008311 269.479553223
0.997987986 -0.002835316 0.063339494 -0.169296265 0.003057539 0.999989569 -0.003411786 -4.187048435 -0.063329160 0.003598584 0.997986257 270.325408936
0.997950852 -0.003246855 0.063901581 -0.115695953 0.003485291 0.999987364 -0.003620195 -4.201213837 -0.063889027 0.003835493 0.997949660 271.231079102
0.997964621 -0.002854143 0.063704289 -0.067186356 0.003060646 0.999990404 -0.003144239 -4.216650009 -0.063694693 0.003332817 0.997963905 272.093963623
0.998006403 -0.002438134 0.063064560 -0.015748978 0.002622255 0.999992490 -0.002836952 -4.231228352 -0.063057169 0.002996667 0.998005509 272.947479248
0.998094738 -0.003172931 0.061620124 0.052934647 0.003411370 0.999987006 -0.003764657 -4.250636101 -0.061607376 0.003967693 0.998092592 273.860076904
0.998206973 -0.003110907 0.059775289 0.103487015 0.003397912 0.999983132 -0.004700343 -4.268986702 -0.059759654 0.004895027 0.998200834 274.711761475
0.998267591 -0.001934730 0.058805294 0.138284683 0.002240177 0.999984324 -0.005128727 -4.286561489 -0.058794443 0.005251575 0.998256326 275.581329346
0.998358011 -0.000998200 0.057274036 0.181851387 0.001308019 0.999984741 -0.005372175 -4.305568695 -0.057267796 0.005438268 0.998344064 276.435699463
0.998446643 0.000686504 0.055711061 0.221206665 -0.000357221 0.999982357 -0.005920292 -4.321301460 -0.055714142 0.005891195 0.998429358 277.301361084
0.998553276 0.001482010 0.053751588 0.258911133 -0.001191262 0.999984503 -0.005440729 -4.337745667 -0.053758819 0.005368826 0.998539507 278.149169922
0.998731434 0.000831717 0.050347153 0.306449890 -0.000643894 0.999992788 -0.003746649 -4.362268448 -0.050349906 0.003709478 0.998724759 279.022735596
0.998931646 -0.000312704 0.046209849 0.340324402 0.000370677 0.999999166 -0.001245995 -4.380752563 -0.046209428 0.001261793 0.998930931 279.862823486
0.999161422 -0.002275282 0.040880568 0.378371239 0.002246291 0.999997199 0.000755076 -4.402622700 -0.040882178 -0.000662614 0.999163806 280.710876465
0.999324441 -0.002500679 0.036665946 0.399378777 0.002440253 0.999995589 0.001692677 -4.415463448 -0.036670018 -0.001602060 0.999326169 281.568298340
0.999492526 -0.002481911 0.031758931 0.419728279 0.002419549 0.999995053 0.002001901 -4.425703526 -0.031763747 -0.001924043 0.999493659 282.386871338
0.999625683 -0.002946396 0.027198683 0.445549011 0.002869955 0.999991834 0.002849085 -4.442864418 -0.027206855 -0.002769960 0.999625981 283.222778320
0.999737203 -0.003749768 0.022614807 0.456881046 0.003689452 0.999989569 0.002708249 -4.453285217 -0.022624724 -0.002624101 0.999740601 284.023498535
0.999819160 -0.004201116 0.018548481 0.468131542 0.004149797 0.999987483 0.002804430 -4.471335888 -0.018560031 -0.002726950 0.999824166 284.822692871
0.999886572 -0.004063714 0.014504482 0.477120399 0.004028380 0.999988854 0.002464459 -4.483349800 -0.014514336 -0.002405750 0.999891698 285.601104736
0.999935746 -0.003666068 0.010728644 0.479580402 0.003640482 0.999990463 0.002403432 -4.496149063 -0.010737353 -0.002364220 0.999939561 286.356079102
