-0.998376846 0.055658437 -0.012073293 -13.277091026 0.055230375 0.997918665 0.033285502 1.274115443 0.013900784 0.032564662 -0.999372959 16.689130783
-0.998431504 0.054561563 -0.012552561 -13.283537865 0.054159846 0.998070002 0.030381415 1.296373725 0.014185992 0.029653920 -0.999459565 15.298223495
-0.998550951 0.052209407 -0.013044020 -13.297845840 0.051852636 0.998307407 0.026336642 1.308012486 0.014396963 0.025622113 -0.999567986 13.928687096
-0.998741686 0.048400883 -0.013129258 -13.302727699 0.048067965 0.998541415 0.024586769 1.321442366 0.014300129 0.023924736 -0.999611497 12.548927307
-0.998872459 0.045658655 -0.013001249 -13.308425903 0.045298401 0.998614669 0.026772415 1.332727432 0.014205632 0.026153294 -0.999556959 11.184171677
-0.998922408 0.044707909 -0.012455615 -13.319304466 0.044328500 0.998589158 0.029232085 1.340995431 0.013744949 0.028648447 -0.999494970 9.795603752
-0.998870730 0.045840599 -0.012486141 -13.329031944 0.045436129 0.998487711 0.030950207 1.361299753 0.013886034 0.030347936 -0.999442935 8.428673744
-0.998661220 0.050306987 -0.012042907 -13.347120285 0.049877461 0.998188496 0.033644103 1.372890592 0.013713625 0.032998390 -0.999361336 7.054478168
-0.998399854 0.055310138 -0.011768345 -13.361248016 0.054867718 0.997877300 0.035077825 1.393583775 0.013683523 0.034375995 -0.999315321 5.670223713
-0.998283088 0.057405062 -0.011643375 -13.375215530 0.056979306 0.997793257 0.034088988 1.415756583 0.013574562 0.033367030 -0.999350965 4.305567265
-0.998238087 0.058231503 -0.011386070 -13.395499229 0.057847615 0.997826695 0.031551503 1.440953970 0.013198617 0.030837258 -0.999437213 2.939154863
-0.998311281 0.056907348 -0.011662860 -13.403831482 0.056544002 0.997966528 0.029419176 1.460609794 0.013313312 0.028710032 -0.999499083 1.569346786
-0.998426199 0.054746196 -0.012162657 -13.410600662 0.054383229 0.998116195 0.028400145 1.482517362 0.013694546 0.027694007 -0.999522567 0.193331972
-0.998501241 0.053231340 -0.012714355 -13.415163040 0.052849371 0.998190105 0.028694911 1.507143974 0.014218812 0.027979957 -0.999507368 -1.181359410
-0.998515666 0.052940089 -0.012798280 -13.430061340 0.052560519 0.998214662 0.028369013 1.515071630 0.014277289 0.027654218 -0.999515593 -2.552158594
-0.998499811 0.053194847 -0.012978604 -13.439941406 0.052834567 0.998246789 0.026680619 1.532470584 0.014375120 0.025954872 -0.999559760 -3.937086344
-0.998560131 0.052040510 -0.013015667 -13.455349922 0.051687211 0.998320937 0.026148709 1.547834039 0.014354604 0.025438316 -0.999573350 -5.312786579
-0.998565435 0.051833253 -0.013430616 -13.461589813 0.051459573 0.998314977 0.026816556 1.562400103 0.014797973 0.026086953 -0.999550164 -6.699097633
-0.998638690 0.050366528 -0.013559702 -13.473533630 0.049999334 0.998406231 0.026178082 1.574866533 0.014856587 0.025464475 -0.999565303 -8.083387375
-0.998732626 0.048360988 -0.013942850 -13.482337952 0.047977060 0.998492360 0.026668048 1.592230797 0.015211524 0.025965312 -0.999547064 -9.480390549
-0.998831153 0.046252236 -0.014037014 -13.494152069 0.045822367 0.998512745 0.029539034 1.602382779 0.015382385 0.028861299 -0.999464989 -10.894814491
-0.998919666 0.044178423 -0.014414990 -13.502107620 0.043742582 0.998614013 0.029266158 1.623055339 0.015687946 0.028603991 -0.999467671 -12.289915085
-0.998919666 0.044120058 -0.014593225 -13.521078110 0.043727987 0.998700500 0.026175253 1.638640046 0.015729114 0.025508841 -0.999550819 -13.700452805
-0.998972058 0.042888194 -0.014672977 -13.533341408 0.042501383 0.998765051 0.025729725 1.655626535 0.015758356 0.025079658 -0.999561191 -15.103177071
-0.998988569 0.042629428 -0.014304426 -13.548708916 0.042239353 0.998754799 0.026545390 1.663204908 0.015418230 0.025914332 -0.999545276 -16.497997284
-0.999037683 0.041397393 -0.014490155 -13.556824684 0.041037802 0.998862207 0.024291158 1.676533461 0.015479258 0.023673138 -0.999599934 -17.908090591
-0.999103248 0.039982654 -0.013929137 -13.571598053 0.039691139 0.998999417 0.020611230 1.688855171 0.014739291 0.020039886 -0.999690473 -19.323690414
-0.999111593 0.039810404 -0.013828043 -13.586771011 0.039531894 0.999020815 0.019862117 1.698113680 0.014605224 0.019297821 -0.999707043 -20.732650757
-0.999070883 0.040940780 -0.013461756 -13.600525856 0.040644459 0.998940289 0.021594469 1.705677271 0.014331585 0.021027260 -0.999676168 -22.151939392
-0.998943508 0.044161219 -0.012711124 -13.618378639 0.043873418 0.998792768 0.022094076 1.717336416 0.013671481 0.021513058 -0.999675095 -23.572353363
-0.998901606 0.045250617 -0.012163106 -13.632805824 0.044981763 0.998755634 0.021536781 1.727229953 0.013122523 0.020966008 -0.999694049 -25.008342743
-0.998912394 0.045098897 -0.011841965 -13.645751953 0.044832777 0.998755455 0.021851519 1.731343746 0.012812709 0.021296844 -0.999691069 -26.438039780
-0.998950064 0.044203483 -0.012032317 -13.655523300 0.043964248 0.998843372 0.019469609 1.744994879 0.012879025 0.018920178 -0.999737978 -27.865114212
-0.999006331 0.043008011 -0.011689802 -13.660298347 0.042752873 0.998859406 0.021263029 1.752210379 0.012590949 0.020742128 -0.999705493 -29.290241241
-0.999008358 0.043192901 -0.010801431 -13.673451424 0.042918738 0.998779535 0.024442030 1.763915062 0.011843970 0.023954211 -0.999642909 -30.729064941
-0.998925686 0.045218207 -0.010138618 -13.684117317 0.044954810 0.998679698 0.024855323 1.778054118 0.011249145 0.024372842 -0.999639690 -32.172859192
-0.998822927 0.047606260 -0.009293821 -13.699544907 0.047374528 0.998595059 0.023737598 1.786249876 0.010410823 0.023269366 -0.999674976 -33.589672089
-0.998724699 0.049735777 -0.008671723 -13.711594582 0.049511671 0.998475790 0.024382966 1.795220852 0.009871211 0.023922516 -0.999665082 -35.018295288
-0.998673320 0.050821979 -0.008293393 -13.717889786 0.050597105 0.998396456 0.025383348 1.805541754 0.009570127 0.024930049 -0.999643385 -36.453666687
-0.998585820 0.052522011 -0.008232710 -13.723633766 0.052298062 0.998308480 0.025395645 1.817046165 0.009552615 0.024929175 -0.999643564 -37.875064850
-0.998433888 0.055414896 -0.007675795 -13.738221169 0.055196986 0.998132408 0.026169166 1.827804327 0.009111622 0.025704499 -0.999628067 -39.299468994
-0.998314381 0.057592366 -0.007176249 -13.748268127 0.057374462 0.997972071 0.027565967 1.837330818 0.008749286 0.027107770 -0.999594212 -40.712833405
-0.998197436 0.059648588 -0.006623185 -13.758477211 0.059437923 0.997827411 0.028417399 1.848643899 0.008303854 0.027972506 -0.999574184 -42.149818420
-0.998063624 0.061882246 -0.006291986 -13.768814087 0.061709728 0.997789204 0.024667475 1.858448267 0.007804555 0.024231432 -0.999675870 -43.558654785
-0.997967601 0.063403875 -0.006368440 -13.777148247 0.063263685 0.997792006 0.020220198 1.868988633 0.007636419 0.019776214 -0.999775231 -44.954883575
-0.997921050 0.064180240 -0.005853031 -13.787467003 0.064057752 0.997762561 0.019144172 1.877509832 0.007068613 0.018729443 -0.999799609 -46.357685089
-0.997911513 0.064292990 -0.006245960 -13.781986237 0.064142413 0.997700691 0.021887282 1.872044325 0.007638797 0.021440940 -0.999740958 -47.768962860
-0.997956514 0.063608497 -0.006059232 -13.785865784 0.063455969 0.997726381 0.022705063 1.881851435 0.007489690 0.022274172 -0.999723852 -49.169128418
-0.998008907 0.062743507 -0.006435082 -13.784476280 0.062590316 0.997802317 0.021744665 1.889185548 0.007785277 0.021298595 -0.999742866 -50.574001312
-0.997991621 0.063017190 -0.006440975 -13.788902283 0.062864706 0.997787595 0.021629825 1.900933266 0.007789775 0.021181475 -0.999745309 -51.983078003
-0.998022914 0.062530220 -0.006343793 -13.792486191 0.062373575 0.997800291 0.022450818 1.904568791 0.007733695 0.022010745 -0.999727786 -53.380096436
-0.998012722 0.062609047 -0.007116267 -13.797733307 0.062456194 0.997847617 0.019983623 1.914398432 0.008352106 0.019499455 -0.999774992 -54.782814026
-0.998043001 0.062010154 -0.008045779 -13.800709724 0.061838537 0.997884393 0.020065565 1.915573597 0.009273025 0.019528758 -0.999766290 -56.183898926
-0.998036325 0.061985482 -0.009012498 -13.806850433 0.061790023 0.997877479 0.020552265 1.929452419 0.010267311 0.019955019 -0.999748170 -57.588607788
-0.997979760 0.062757462 -0.009895210 -13.817812920 0.062544338 0.997830689 0.020548020 1.931231380 0.011163286 0.019887617 -0.999739885 -58.983409882
-0.997913718 0.063685909 -0.010598406 -13.829890251 0.063469693 0.997790813 0.019621022 1.929528952 0.011824576 0.018907409 -0.999751270 -60.393043518
-0.997921407 0.063419066 -0.011443008 -13.840325356 0.063186213 0.997807741 0.019677438 1.929902315 0.012665846 0.018913494 -0.999740899 -61.784442902
-0.997955859 0.062654577 -0.012587626 -13.843766212 0.062389601 0.997842491 0.020443231 1.936012149 0.013841329 0.019616107 -0.999711752 -63.188327789
-0.997969449 0.062313791 -0.013185244 -13.860857010 0.062030006 0.997854710 0.020936482 1.940688610 0.014461588 0.020076092 -0.999693871 -64.585136414
-0.998020113 0.061379962 -0.013724190 -13.877290726 0.061081365 0.997907400 0.021209776 1.944754124 0.014997327 0.020329494 -0.999680817 -65.989334106
-0.998043895 0.060897715 -0.014135333 -13.891827583 0.060591698 0.997938454 0.021152629 1.951146960 0.015394340 0.020254770 -0.999676347 -67.392959595
-0.998043776 0.060759738 -0.014734792 -13.908892632 0.060428455 0.997930586 0.021973897 1.941642642 0.016039429 0.021040505 -0.999649942 -68.780441284
-0.997985125 0.061789650 -0.014414192 -13.924432755 0.061493155 0.997903585 0.020178253 1.949288487 0.015630778 0.019251222 -0.999692500 -70.173347473
-0.997963190 0.062119000 -0.014515546 -13.934355736 0.061855797 0.997924089 0.017928163 1.955767274 0.015599093 0.016993778 -0.999733865 -71.558540344
-0.998009026 0.061528560 -0.013862505 -13.953267097 0.061281864 0.997965872 0.017568821 1.954195261 0.014915290 0.016684325 -0.999749541 -72.944862366
-0.997861445 0.063925400 -0.013639186 -13.960203171 0.063657723 0.997786462 0.019231807 1.943808079 0.014838396 0.018322440 -0.999722004 -74.341049194
-0.997779787 0.065371409 -0.012722760 -13.973360062 0.065095298 0.997657478 0.021024946 1.946668744 0.014067386 0.020150073 -0.999698043 -75.732994080
-0.997737348 0.066254005 -0.011428961 -13.998503685 0.065974206 0.997548521 0.023331700 1.935270190 0.012946761 0.022524891 -0.999662459 -77.107627869
-0.997712612 0.066798180 -0.010372069 -14.009531021 0.066548698 0.997523010 0.022778837 1.939455271 0.011867964 0.022036484 -0.999686718 -78.482154846
-0.997759044 0.066190623 -0.009777785 -14.011822701 0.065999664 0.997644246 0.018707965 1.950767994 0.010993043 0.018020712 -0.999777138 -79.843231201
-0.997876823 0.064406611 -0.009673893 -14.017698288 0.064244092 0.997801661 0.016263705 1.945707321 0.010700116 0.015607684 -0.999820948 -81.181343079
-0.997949660 0.063267417 -0.009674578 -14.022021294 0.063087538 0.997847617 0.017887818 1.946361780 0.010785471 0.017240794 -0.999793172 -82.541236877
-0.997915685 0.063760780 -0.009944011 -14.021242142 0.063523181 0.997723997 0.022616366 1.944270134 0.011363417 0.021937545 -0.999694765 -83.885025024
-0.997866571 0.064582676 -0.009557853 -14.028070450 0.064329408 0.997621000 0.024781393 1.956017733 0.011135562 0.024113672 -0.999647260 -85.247879028
-0.997845650 0.064878881 -0.009726823 -14.033485413 0.064614348 0.997586668 0.025410632 1.960107088 0.011351963 0.024727397 -0.999629796 -86.580841064
-0.997859359 0.064608969 -0.010112852 -14.041028976 0.064356558 0.997648776 0.023561111 1.964915514 0.011611333 0.022859847 -0.999671340 -87.915878296
-0.997899354 0.063820690 -0.011118562 -14.043361664 0.063572876 0.997748315 0.021373378 1.981072903 0.012457590 0.020621644 -0.999709725 -89.260665894
-0.997947931 0.062856682 -0.012194418 -14.051181793 0.062604532 0.997836828 0.020060996 1.986307144 0.013429007 0.019256407 -0.999724388 -90.593063354
-0.998008370 0.061664253 -0.013291534 -14.053742409 0.061376352 0.997892141 0.021077583 1.989416361 0.014563249 0.020219820 -0.999689460 -91.938934326
-0.998006165 0.061610825 -0.013701214 -14.070219994 0.061294727 0.997868299 0.022404278 1.996025562 0.015052350 0.021519795 -0.999655068 -93.270195007
-0.998009861 0.061353061 -0.014565364 -14.083676338 0.061025932 0.997895122 0.021932054 1.984987259 0.015880305 0.020999542 -0.999653280 -94.579071045
-0.997990131 0.061528966 -0.015160363 -14.098934174 0.061204750 0.997904360 0.020995032 1.989625216 0.016420394 0.020024948 -0.999664545 -95.913757324
-0.997988522 0.061393011 -0.015812254 -14.112280846 0.061034787 0.997888267 0.022220891 2.002394676 0.017143073 0.021211095 -0.999627948 -97.240272522
-0.997970998 0.061472975 -0.016576787 -14.128729820 0.061080564 0.997862637 0.023222029 2.004567623 0.017968884 0.022162393 -0.999592900 -98.549995422
-0.997988105 0.061017949 -0.017215593 -14.149132729 0.060621552 0.997903109 0.022677774 2.018268347 0.018563244 0.021588510 -0.999594569 -99.869361877
-0.997926891 0.061694872 -0.018322317 -14.167612076 0.061260287 0.997847378 0.023402594 2.014485836 0.019726699 0.022231648 -0.999558151 -101.191230774
-0.997935057 0.061265126 -0.019292139 -14.187191963 0.060822695 0.997889519 0.022740971 2.029053688 0.020644654 0.021520615 -0.999555171 -102.507049561
-0.997932613 0.061106563 -0.019914271 -14.205156326 0.060654610 0.997903943 0.022559434 2.035236359 0.021251060 0.021304904 -0.999547124 -103.800697327
-0.997894406 0.061519839 -0.020543283 -14.226623535 0.061048459 0.997873545 0.022834785 2.031226397 0.021904390 0.021532569 -0.999528170 -105.090415955
-0.997909546 0.061047744 -0.021205701 -14.245781898 0.060571890 0.997912467 0.022401152 2.037812710 0.022528969 0.021069856 -0.999524176 -106.390754700
-0.997899950 0.060958810 -0.021899743 -14.275252342 0.060487434 0.997935653 0.021578390 2.039849281 0.023169927 0.020208413 -0.999527276 -107.702331543
-0.997847140 0.061707865 -0.022206476 -14.299919128 0.061269689 0.997922838 0.019899530 2.046132088 0.023388308 0.018496105 -0.999555290 -109.000648499
-0.997850180 0.061511435 -0.022609549 -14.328304291 0.061039038 0.997913957 0.021021953 2.050514698 0.023855474 0.019596696 -0.999523342 -110.282623291
-0.997823119 0.061917871 -0.022696486 -14.348719597 0.061380401 0.997834086 0.023658641 2.053280354 0.024112217 0.022214020 -0.999462485 -111.566932678
-0.997823596 0.062052399 -0.022307567 -14.377295494 0.061552893 0.997851968 0.022421902 2.060574293 0.023650983 0.021000009 -0.999499619 -112.847251892
-0.997847795 0.061676688 -0.022269217 -14.397185326 0.061198678 0.997893155 0.021544395 2.065283298 0.023551084 0.020135181 -0.999519825 -114.115875244
-0.997820556 0.062119193 -0.022252949 -14.423923492 0.061631251 0.997856855 0.021980476 2.068507433 0.023570666 0.020561093 -0.999510705 -115.389015198
-0.997775137 0.063119620 -0.021462601 -14.452903748 0.062640391 0.997786641 0.022312898 2.073252439 0.022823475 0.020918828 -0.999520659 -116.644844055
-0.997781456 0.063165903 -0.021025850 -14.484157562 0.062675647 0.997763991 0.023211915 2.080576420 0.022445034 0.021842610 -0.999509454 -117.903923035
-0.997786999 0.063194580 -0.020675842 -14.507224083 0.062695235 0.997744858 0.023968473 2.088725567 0.022143891 0.022619156 -0.999498904 -119.170005798
-0.997785568 0.063256189 -0.020557540 -14.528762817 0.062771380 0.997752786 0.023430340 2.097752094 0.021993458 0.022088030 -0.999514043 -120.439628601
-0.997800112 0.063010782 -0.020603295 -14.550283432 0.062518224 0.997761488 0.023735948 2.099320412 0.022052797 0.022395650 -0.999505877 -121.681411743
-0.997784078 0.063158676 -0.020924667 -14.573276520 0.062672891 0.997766435 0.023111742 2.106822252 0.022337640 0.021749116 -0.999513924 -122.908340454
-0.997813702 0.062503166 -0.021473596 -14.594984055 0.062013011 0.997815311 0.022780705 2.108372688 0.022850553 0.021399260 -0.999509811 -124.153778076
-0.997862399 0.061060634 -0.023284925 -14.610366821 0.060522903 0.997898519 0.023139054 2.112887621 0.024648882 0.021680323 -0.999460995 -125.365997314
-0.997892082 0.060288999 -0.024013087 -14.640361786 0.059705399 0.997919679 0.024321640 2.119729280 0.025429461 0.022836661 -0.999415755 -126.595230103
-0.997921586 0.059337359 -0.025132695 -14.665851593 0.058705367 0.997957706 0.025179595 2.120007515 0.026575461 0.023651835 -0.999366939 -127.791198730
-0.997873604 0.059559502 -0.026474372 -14.695116043 0.058931511 0.997975826 0.023900339 2.126068830 0.027844276 0.022289339 -0.999363720 -128.985671997
-0.997805297 0.060041409 -0.027918283 -14.718576431 0.059430484 0.997985125 0.022220982 2.129235983 0.029196206 0.020513015 -0.999363184 -130.168380737
-0.997792065 0.060150299 -0.028158292 -14.752836227 0.059529997 0.997975767 0.022372844 2.128374577 0.029447027 0.020647183 -0.999353051 -131.335815430
-0.997750700 0.060897734 -0.028018240 -14.783875465 0.060214847 0.997882187 0.024603957 2.129630566 0.029457225 0.022861503 -0.999304533 -132.493041992
-0.997735560 0.061397102 -0.027462231 -14.816890717 0.060681533 0.997814000 0.026172817 2.134268999 0.029009132 0.024447098 -0.999280155 -133.633789062
-0.997553349 0.064414680 -0.027166145 -14.849951744 0.063688278 0.997609794 0.026807306 2.142197609 0.028827993 0.025011552 -0.999271393 -134.751144409
-0.997482955 0.065510549 -0.027131215 -14.878798485 0.064797856 0.997550011 0.026364481 2.141481638 0.028791897 0.024540074 -0.999284148 -135.869400024
-0.997564733 0.064296477 -0.027028443 -14.905148506 0.063540861 0.997587919 0.027943132 2.149044752 0.028759893 0.026157673 -0.999244034 -136.954666138
-0.997533977 0.064751349 -0.027075235 -14.942338943 0.063928559 0.997496665 0.030224279 2.156203032 0.028964521 0.028418867 -0.999176323 -138.038528442
-0.997497141 0.064482123 -0.029007923 -14.957958221 0.063612960 0.997525156 0.029950151 2.163990974 0.030867385 0.028029911 -0.999130368 -139.064971924
-0.997564018 0.062147774 -0.031684577 -14.966226578 0.061251089 0.997714639 0.028527262 2.175179958 0.033385076 0.026517052 -0.999090731 -140.070114136
-0.997545660 0.061809655 -0.032899227 -14.996385574 0.060877871 0.997735143 0.028608888 2.179281473 0.034593027 0.026535835 -0.999049187 -141.049606323
-0.997461081 0.062762216 -0.033652682 -15.042955399 0.061788402 0.997660935 0.029236993 2.188853264 0.035408948 0.027083416 -0.999005854 -142.061492920
-0.997338355 0.064487353 -0.034024462 -15.076297760 0.063486360 0.997539937 0.029723912 2.190835953 0.035857577 0.027484709 -0.998978913 -142.996261597
-0.997291207 0.065347470 -0.033762705 -15.103489876 0.064351819 0.997482836 0.029780585 2.194126129 0.035623804 0.027527226 -0.998986065 -143.915191650
-0.997187197 0.067905322 -0.031725533 -15.130839348 0.066990614 0.997330368 0.029057540 2.194245577 0.033614002 0.026850495 -0.999074161 -144.785140991
-0.997155428 0.071022891 -0.025235791 -15.163144112 0.070325740 0.997144520 0.027516117 2.202462196 0.027118003 0.025663119 -0.999302745 -145.644287109
-0.997075379 0.075279266 -0.013180964 -15.177811623 0.074912488 0.996840477 0.026403399 2.204052210 0.015126946 0.025338762 -0.999564469 -146.456695557
-0.996894062 0.078606904 0.004820017 -15.171185493 0.078703538 0.996583104 0.025058400 2.207273722 -0.002833784 0.025359921 -0.999674380 -147.241424561
-0.996477425 0.079249360 0.027427765 -15.143205643 0.079936408 0.996488094 0.024929814 2.206970215 -0.025355773 0.027034475 -0.999312818 -147.992446899
-0.995476186 0.078613423 0.053358629 -15.092455864 0.080133915 0.996418893 0.026977548 2.203804255 -0.051046751 0.031131340 -0.998210907 -148.703430176
-0.993686080 0.076543935 0.082030080 -15.020098686 0.079150856 0.996440470 0.029009307 2.205092907 -0.079517603 0.035318900 -0.996207535 -149.397521973
-0.990695059 0.075721465 0.113090754 -14.927230835 0.079346620 0.996456623 0.027899306 2.199600458 -0.110577449 0.036613081 -0.993192852 -150.047683716
-0.985867083 0.076664925 0.148958251 -14.817354202 0.081064373 0.996427476 0.023682181 2.195614100 -0.146610498 0.035422690 -0.988559842 -150.674316406
-0.978793144 0.078034408 0.189405844 -14.681346893 0.082954824 0.996387422 0.018178398 2.191325903 -0.187303051 0.033505011 -0.981730700 -151.266021729
-0.969213963 0.078676790 0.233311459 -14.522247314 0.084024481 0.996378124 0.013054932 2.186416626 -0.231439292 0.032256890 -0.972314537 -151.826675415
-0.956714213 0.077794954 0.280438781 -14.341030121 0.083830357 0.996434093 0.009571256 2.179589510 -0.278694123 0.032666236 -0.959824324 -152.358627319
-0.940501451 0.078401446 0.330621034 -14.131992340 0.085356943 0.996328950 0.006547369 2.165405512 -0.328894019 0.034378611 -0.943740904 -152.859970093
-0.920018733 0.079266429 0.383773863 -13.898754120 0.086995140 0.996204853 0.002792155 2.148708344 -0.382096052 0.035955295 -0.923422873 -153.340881348
-0.895541430 0.077587001 0.438161910 -13.636676788 0.085653536 0.996324062 -0.001359112 2.133292913 -0.436656654 0.036312975 -0.898895025 -153.786315918
-0.866715312 0.076171853 0.492952734 -13.347045898 0.084804192 0.996385932 -0.004859388 2.115391016 -0.491541237 0.037592757 -0.870042503 -154.211975098
-0.833160758 0.074237809 0.548025429 -13.049789429 0.083544604 0.996472120 -0.007973761 2.096873760 -0.546684027 0.039141145 -0.836423635 -154.600326538
-0.795140326 0.072913416 0.602026165 -12.715476990 0.082743868 0.996505618 -0.011404219 2.077962399 -0.600753963 0.040746026 -0.798394918 -154.978408813
-0.752260864 0.070821248 0.655048072 -12.358459473 0.081251174 0.996589065 -0.014438039 2.055146694 -0.653836250 0.042362254 -0.755449235 -155.327041626
-0.703652918 0.068067513 0.707276046 -11.986503601 0.079621106 0.996685147 -0.016706720 2.037721157 -0.706068754 0.044558365 -0.706740081 -155.646820068
-0.650589705 0.063988902 0.756728709 -11.604782104 0.076756589 0.996881723 -0.018305529 2.015437126 -0.755540371 0.046174522 -0.653472662 -155.924438477
-0.594720006 0.057894494 0.801845610 -11.219024658 0.070782043 0.997301042 -0.019508421 1.992967010 -0.800810874 0.045154218 -0.597212791 -156.169540405
-0.536731243 0.053694203 0.842043102 -10.798110962 0.065618128 0.997606874 -0.021787968 1.972645164 -0.841197908 0.043559007 -0.538970113 -156.379943848
-0.475698054 0.050103813 0.878180504 -10.380290985 0.060923293 0.997855604 -0.023930475 1.936501622 -0.877496243 0.042117964 -0.477730453 -156.573516846
-0.413367420 0.049265932 0.909230590 -9.897644043 0.058891844 0.997891128 -0.027295681 1.920184612 -0.908657849 0.042263120 -0.415397048 -156.716125488
-0.350606859 0.049333233 0.935222507 -9.505405426 0.057743132 0.997850358 -0.030989476 1.895408630 -0.934740841 0.043137550 -0.352701843 -156.806610107
-0.285548627 0.050050940 0.957056403 -9.065116882 0.054694749 0.997858822 -0.035865974 1.866228700 -0.956802130 0.042104483 -0.287674725 -156.877578735
-0.215964526 0.050169218 0.975111485 -8.547538757 0.050857306 0.997901499 -0.040078044 1.846912026 -0.975075841 0.040936109 -0.218062803 -156.961608887
-0.148258656 0.046226855 0.987867653 -8.078727722 0.044478573 0.998207808 -0.040035401 1.819842100 -0.987947881 0.038003352 -0.150049016 -156.966354370
-0.077573247 0.038377479 0.996247768 -7.618231773 0.041987751 0.998498142 -0.035194777 1.796491504 -0.996102095 0.039100032 -0.079068109 -156.969131470
-0.006324291 0.027784878 0.999594033 -7.170022964 0.040732659 0.998791397 -0.027504865 1.772922039 -0.999150038 0.040542174 -0.007448390 -156.946701050
0.065261424 0.015251717 0.997751653 -6.690923691 0.038459823 0.999101818 -0.017787954 1.744952083 -0.997126758 0.039534219 0.064616248 -156.889816284
0.137391016 0.003858837 0.990509391 -6.202594757 0.035466496 0.999332011 -0.008812669 1.725376606 -0.989881754 0.036340676 0.137162417 -156.795028687
0.208494365 -0.004876615 0.978011429 -5.739269257 0.031304155 0.999508381 -0.001689679 1.705884814 -0.977522492 0.030968104 0.208544582 -156.649032593
0.279815316 -0.009289870 0.960008919 -5.267868042 0.030902207 0.999522150 0.000665126 1.696058035 -0.959556460 0.029480278 0.279968679 -156.477279663
0.350303501 -0.012364199 0.936554611 -4.788459778 0.030930582 0.999520302 0.001626371 1.689854741 -0.936125517 0.028398458 0.350517809 -156.272949219
0.417157233 -0.018150112 0.908653021 -4.332752228 0.032345910 0.999463677 0.005114221 1.681674957 -0.908258557 0.027257770 0.417520523 -156.025451660
0.482163072 -0.023767643 0.875759065 -3.868804932 0.033395689 0.999404013 0.008736783 1.688099265 -0.875444770 0.025034023 0.482669473 -155.729614258
0.544652879 -0.028206885 0.838187099 -3.413146973 0.033811141 0.999360204 0.011660295 1.691753745 -0.837979734 0.021989243 0.545258105 -155.398666382
0.602677345 -0.030598365 0.797398150 -3.029960632 0.033060182 0.999364018 0.013361314 1.672358990 -0.797299862 0.018309569 0.603305697 -155.050689697
0.656681120 -0.030498292 0.753551304 -2.636520386 0.032558750 0.999396861 0.012075066 1.659978390 -0.753465235 0.016605224 0.657277942 -154.659912109
0.706041396 -0.029244568 0.707566440 -2.221702576 0.034045160 0.999393344 0.007334353 1.665645480 -0.707351804 0.018910859 0.706608653 -154.213302612
0.750647187 -0.028723633 0.660078704 -1.839065552 0.035917941 0.999351263 0.002641056 1.671628833 -0.659726322 0.021726163 0.751191735 -153.734008789
0.791574836 -0.030010886 0.610334933 -1.457572937 0.036802527 0.999321520 0.001406718 1.661939383 -0.609963059 0.021348344 0.792142212 -153.212142944
0.828817725 -0.031424895 0.558635592 -1.164344788 0.036286879 0.999338508 0.002378853 1.657811642 -0.558340847 0.018299501 0.829409838 -152.685531616
0.863606274 -0.031991690 0.503150761 -0.867492676 0.034730095 0.999388933 0.003933219 1.645374775 -0.502969205 0.014077728 0.864189684 -152.103042603
0.894631267 -0.033789814 0.445525646 -0.599899292 0.035568368 0.999357641 0.004371313 1.642846823 -0.445387214 0.011935914 0.895258486 -151.494812012
0.921418011 -0.034187749 0.387065947 -0.376480103 0.035056040 0.999373734 0.004818426 1.632484913 -0.386988312 0.009129224 0.922039449 -150.891967773
0.942665040 -0.033145171 0.332090646 -0.179649353 0.033446830 0.999428928 0.004809202 1.627602935 -0.332060456 0.006573918 0.943235278 -150.223251343
0.959230185 -0.027332781 0.281301320 -0.012725830 0.027635965 0.999613881 0.002890086 1.623178959 -0.281271726 0.005001780 0.959615111 -149.533874512
0.971493065 -0.022274967 0.236018792 0.140384674 0.022798846 0.999740064 0.000509520 1.616247535 -0.235968783 0.004885959 0.971748352 -148.821258545
0.980441689 -0.017342292 0.196044266 0.258211136 0.017779611 0.999841809 -0.000470930 1.610415101 -0.196005106 0.003947309 0.980594933 -148.072570801
0.986978948 -0.017319512 0.159914419 0.363903046 0.017489083 0.999847054 0.000347053 1.606129289 -0.159895971 0.002454223 0.987130821 -147.303695679
0.991870642 -0.017776184 0.126002550 0.453779221 0.017705694 0.999841809 0.001679461 1.597586513 -0.126012489 0.000565157 0.992028475 -146.511093140
0.995206118 -0.016502587 0.096397549 0.523297310 0.016342597 0.999863386 0.002448964 1.586056709 -0.096424825 -0.000861837 0.995339811 -145.662124634
0.997468710 -0.013204888 0.069870815 0.565658569 0.013086738 0.999912083 0.002148363 1.582304597 -0.069893055 -0.001228550 0.997553706 -144.806137085
0.998768091 -0.008195030 0.048941325 0.579913616 0.008148379 0.999966085 0.001152417 1.578520298 -0.048949115 -0.000752206 0.998800933 -143.928558350
0.999436140 -0.002973843 0.033443071 0.590000153 0.002990014 0.999995410 -0.000433536 1.573830605 -0.033441629 0.000533287 0.999440491 -143.049255371
0.999705970 0.001745407 0.024187945 0.594425678 -0.001709505 0.999997377 -0.001504853 1.565852880 -0.024190512 0.001463058 0.999706328 -142.137832642
0.999787092 0.005234761 0.019958900 0.608006001 -0.005200167 0.999984980 -0.001784371 1.561668158 -0.019967938 0.001680208 0.999799192 -141.192901611
0.999814510 0.005221725 0.018539144 0.622944593 -0.005200076 0.999985695 -0.001215602 1.555631280 -0.018545229 0.001118967 0.999827385 -140.230346680
0.999836743 0.004247111 0.017561933 0.637252808 -0.004252827 0.999990940 0.000288149 1.546985745 -0.017560553 -0.000362790 0.999845684 -139.253738403
0.999866605 0.003773523 0.015893266 0.650610209 -0.003794684 0.999991953 0.001301393 1.538633704 -0.015888227 -0.001361529 0.999872923 -138.262435913
0.999893725 0.002149437 0.014418451 0.655451655 -0.002160036 0.999997377 0.000719161 1.532325387 -0.014416868 -0.000750229 0.999895811 -137.235427856
0.999921262 0.002821590 0.012223003 0.663160443 -0.002824903 0.999996006 0.000253472 1.527046204 -0.012222237 -0.000287985 0.999925315 -136.201995850
0.999946475 0.002533587 0.010026698 0.672899961 -0.002547260 0.999995887 0.001351228 1.523706794 -0.010023233 -0.001376697 0.999948800 -135.140792847
0.999961197 0.002542872 0.008428426 0.673506021 -0.002576258 0.999988854 0.003952809 1.511907816 -0.008418280 -0.003974362 0.999956667 -134.082412720
0.999979854 0.001189713 0.006234924 0.677856743 -0.001218585 0.999988437 0.004629025 1.507863879 -0.006229345 -0.004636528 0.999969840 -132.993316650
0.999988794 0.000416509 0.004713191 0.680530071 -0.000433090 0.999993742 0.003517983 1.497647524 -0.004711695 -0.003519992 0.999982715 -131.881912231
0.999993205 -0.001099350 0.003543230 0.673263371 0.001091293 0.999996841 0.002274230 1.487421989 -0.003545718 -0.002270345 0.999991179 -130.769302368
0.999997377 -0.000087677 0.002342464 0.678895473 0.000083161 0.999998152 0.001928487 1.490690589 -0.002342631 -0.001928287 0.999995351 -129.598175049
0.999998689 0.000893733 0.001294439 0.681455970 -0.000895467 0.999998689 0.001337911 1.485974908 -0.001293240 -0.001339071 0.999998271 -128.428466797
0.999998808 0.000900960 0.001349555 0.674156010 -0.000901249 0.999999583 0.000213344 1.475350499 -0.001349362 -0.000214567 0.999999046 -127.246978760
0.999998391 0.000895276 0.001572114 0.669484496 -0.000894514 0.999999464 -0.000486657 1.467311144 -0.001572550 0.000485252 0.999998569 -126.046714783
0.999995947 0.001639963 0.002308439 0.668507934 -0.001641179 0.999998510 0.000525651 1.448193669 -0.002307569 -0.000529438 0.999997199 -124.834632874
0.999993443 0.001763663 0.003169693 0.666182637 -0.001767533 0.999997675 0.001219817 1.433434248 -0.003167534 -0.001225412 0.999994218 -123.605125427
0.999985635 0.002086085 0.004938223 0.666062474 -0.002081183 0.999997318 -0.000996317 1.422669649 -0.004940289 0.000986026 0.999987304 -122.363021851
0.999974310 0.002538824 0.006705854 0.665314734 -0.002508694 0.999986768 -0.004496926 1.406877756 -0.006717182 0.004479986 0.999967456 -121.111282349
0.999961376 0.001653933 0.008631931 0.671049356 -0.001593011 0.999973774 -0.007059823 1.394420624 -0.008643382 0.007045804 0.999937773 -119.855773926
0.999955237 -0.000338124 0.009461485 0.683357239 0.000411340 0.999969959 -0.007737735 1.373527169 -0.009458587 0.007741281 0.999925315 -118.581756592
0.999955654 -0.000939009 0.009381840 0.690528393 0.001001192 0.999977469 -0.006625814 1.353426218 -0.009375409 0.006634912 0.999933958 -117.268867493
0.999964595 -0.002028407 0.008166838 0.700332820 0.002083982 0.999974668 -0.006802592 1.327884436 -0.008152832 0.006819373 0.999943435 -115.936630249
0.999974191 -0.001434689 0.007042256 0.694937587 0.001502440 0.999952555 -0.009625858 1.309157491 -0.007028112 0.009636190 0.999928832 -114.589881897
0.999984980 -0.002166537 0.005033451 0.693534493 0.002219057 0.999942899 -0.010451454 1.267843723 -0.005010520 0.010462466 0.999932706 -113.267066956
0.999997497 -0.001963049 0.001064174 0.702573895 0.001973622 0.999947786 -0.010023477 1.248618960 -0.001044442 0.010025552 0.999949217 -111.896934509
0.999995947 -0.002658835 -0.000930063 0.693230271 0.002651660 0.999967396 -0.007641938 1.220870018 0.000950353 0.007639441 0.999970496 -110.551803589
0.999996901 -0.001383064 -0.002095798 0.675748169 0.001366451 0.999967813 -0.007908159 1.188948035 0.002106670 0.007905272 0.999966621 -109.168716431
0.999991357 -0.002658896 -0.003203939 0.666919529 0.002630352 0.999957085 -0.008877868 1.171219707 0.003227407 0.008869362 0.999955475 -107.766387939
0.999983668 -0.003704079 -0.004354551 0.653465986 0.003658955 0.999940038 -0.010326168 1.146629453 0.004392538 0.010310061 0.999937236 -106.360778809
0.999980152 -0.003232325 -0.005408291 0.645415545 0.003169952 0.999928951 -0.011502021 1.121747017 0.005445085 0.011484646 0.999919236 -104.928092957
0.999974668 -0.001961250 -0.006842005 0.633238077 0.001883250 0.999933422 -0.011388293 1.092164874 0.006863882 0.011375120 0.999911785 -103.482780457
0.999977946 -0.002058625 -0.006330909 0.607967257 0.001994327 0.999946535 -0.010145197 1.058060646 0.006351457 0.010132346 0.999928474 -102.017196655
0.999984503 -0.000515189 -0.005555095 0.584097683 0.000475257 0.999974072 -0.007186329 1.034720063 0.005558653 0.007183579 0.999958694 -100.532234192
0.999984980 -0.000909168 -0.005399560 0.568197966 0.000881012 0.999985933 -0.005213948 1.005507350 0.005404221 0.005209108 0.999971807 -99.040267944
0.999983430 -0.001601878 -0.005521534 0.556907177 0.001588879 0.999995947 -0.002357955 0.985765457 0.005525287 0.002349141 0.999981940 -97.539039612
0.999989748 -0.001243911 -0.004360086 0.536026955 0.001259423 0.999992788 0.003559514 0.968499541 0.004355623 -0.003564969 0.999984145 -96.031738281
0.999992192 -0.000719224 -0.003895184 0.523301899 0.000752974 0.999962032 0.008671900 0.959182978 0.003888800 -0.008674764 0.999954820 -94.519119263
0.999990463 0.001391452 -0.004124916 0.507715464 -0.001342265 0.999928176 0.011904342 0.947927356 0.004141188 -0.011898692 0.999920607 -92.983596802
0.999986768 0.002715931 -0.004364606 0.493064165 -0.002656644 0.999904871 0.013532847 0.941715002 0.004400945 -0.013521076 0.999898911 -91.479972839
0.999987781 0.002611107 -0.004184631 0.481831789 -0.002552504 0.999899447 0.013948589 0.939991951 0.004220635 -0.013937738 0.999893963 -89.942367554
0.999987781 0.002189739 -0.004427366 0.469865948 -0.002135897 0.999924064 0.012130284 0.930752397 0.004453589 -0.012120672 0.999916553 -88.442024231
0.999990702 0.001594871 -0.004010443 0.458828658 -0.001555501 0.999950767 0.009799575 0.921295166 0.004025875 -0.009793247 0.999943852 -86.941215515
0.999995947 0.000432815 -0.002861228 0.442038834 -0.000404267 0.999950171 0.009972021 0.907592952 0.002865402 -0.009970822 0.999946177 -85.435134888
0.999997795 0.000744541 -0.001948210 0.436742485 -0.000720830 0.999926031 0.012141649 0.899477959 0.001957107 -0.012140218 0.999924362 -83.917953491
0.999999285 -0.000712575 -0.000999405 0.420696408 0.000724338 0.999929965 0.011819236 0.890350580 0.000990914 -0.011819948 0.999929607 -82.404434204
0.999999762 -0.000288034 -0.000580444 0.419314086 0.000294129 0.999944746 0.010509208 0.876335382 0.000577385 -0.010509375 0.999944627 -80.900711060
0.999998868 -0.001507576 0.000073660 0.413402468 0.001506714 0.999943256 0.010541239 0.870523453 -0.000089547 -0.010541116 0.999944389 -79.385749817
0.999996603 -0.002610536 0.000195202 0.409890026 0.002607991 0.999923944 0.012054888 0.860522151 -0.000226657 -0.012054337 0.999927282 -77.881271362
0.999996126 -0.002561267 0.001109432 0.406848162 0.002544554 0.999887049 0.014807198 0.839630842 -0.001147230 -0.014804324 0.999889731 -76.373298645
0.999994338 -0.003165229 0.001165748 0.401998669 0.003145866 0.999862969 0.016253671 0.834366798 -0.001217035 -0.016249919 0.999867201 -74.871528625
0.999994218 -0.003374283 0.000486642 0.403437257 0.003366635 0.999882758 0.014932154 0.829223514 -0.000536972 -0.014930443 0.999888420 -73.368812561
0.999995530 -0.002994412 0.000030870 0.399134964 0.002993919 0.999940157 0.010523623 0.825607061 -0.000062382 -0.010523484 0.999944568 -71.872482300
0.999999702 0.000297338 -0.000714826 0.385817766 -0.000291254 0.999963939 0.008493343 0.813642442 0.000717324 -0.008493131 0.999963641 -70.377548218
0.999999046 0.001135718 -0.000815463 0.371015280 -0.001127643 0.999951065 0.009827468 0.799799025 0.000826584 -0.009826539 0.999951303 -68.882339478
0.999996364 0.002467335 -0.001095400 0.357837439 -0.002455315 0.999938250 0.010842369 0.791099012 0.001122086 -0.010839639 0.999940574 -67.386123657
0.999998689 -0.000366982 -0.001588520 0.356337845 0.000381119 0.999960244 0.008907694 0.771904767 0.001585188 -0.008908289 0.999958992 -65.896430969
0.999996543 -0.001230167 -0.002351826 0.349076897 0.001254034 0.999947429 0.010174006 0.760492146 0.002339186 -0.010176924 0.999945402 -64.417030334
0.999989331 -0.003089597 -0.003439942 0.345929444 0.003132390 0.999916792 0.012507293 0.745805681 0.003401016 -0.012517934 0.999915838 -62.891746521
0.999984860 -0.003260721 -0.004428749 0.332946539 0.003309577 0.999933124 0.011069103 0.737194657 0.004392361 -0.011083599 0.999928951 -61.404621124
0.999974847 -0.003966274 -0.005879597 0.319012195 0.004011710 0.999962032 0.007735077 0.720407248 0.005848695 -0.007758462 0.999952793 -59.935050964
0.999963522 -0.004289986 -0.007386282 0.308810771 0.004353430 0.999953628 0.008593701 0.704878986 0.007349072 -0.008625544 0.999935806 -58.452915192
0.999956250 -0.004338054 -0.008289582 0.280262411 0.004448269 0.999901354 0.013324226 0.693835139 0.008230963 -0.013360511 0.999876857 -56.995540619
0.999937892 -0.005090777 -0.009922885 0.268791169 0.005220287 0.999901056 0.013069778 0.687214971 0.009855366 -0.013120767 0.999865353 -55.518779755
0.999937177 -0.003945863 -0.010500601 0.248178393 0.004075380 0.999915540 0.012341948 0.674314737 0.010451015 -0.012383959 0.999868631 -54.041603088
0.999939501 -0.002842493 -0.010629649 0.219363630 0.002970295 0.999923229 0.012026443 0.667366087 0.010594647 -0.012057290 0.999871135 -52.571269989
0.999941587 -0.002197569 -0.010580903 0.191816658 0.002326990 0.999922454 0.012234792 0.655503392 0.010553200 -0.012258707 0.999869168 -51.111389160
0.999940813 -0.002199839 -0.010650285 0.164501637 0.002324162 0.999929070 0.011674695 0.646041036 0.010623847 -0.011698757 0.999875128 -49.649932861
0.999936402 -0.002870809 -0.010908339 0.155983806 0.002993781 0.999932110 0.011273863 0.626940668 0.010875232 -0.011305811 0.999876976 -48.193931580
0.999939084 -0.003376660 -0.010523252 0.136433899 0.003496849 0.999928772 0.011423715 0.617151141 0.010483929 -0.011459822 0.999879360 -46.741302490
0.999940395 -0.004527358 -0.009932953 0.115555078 0.004642185 0.999922335 0.011568027 0.603052139 0.009879810 -0.011613448 0.999883711 -45.285427094
0.999935985 -0.005979387 -0.009596693 0.099363118 0.006093769 0.999910235 0.011934504 0.590503693 0.009524468 -0.011992217 0.999882758 -43.837478638
0.999939680 -0.006728144 -0.008682718 0.078449488 0.006841814 0.999890387 0.013129091 0.581101418 0.008593434 -0.013187703 0.999876201 -42.384849548
0.999944091 -0.006643340 -0.008225841 0.063930571 0.006750440 0.999891937 0.013060864 0.573010921 0.008138186 -0.013115660 0.999880910 -40.952419281
0.999959826 -0.005678838 -0.006933015 0.040189937 0.005760573 0.999913454 0.011825629 0.558797061 0.006865263 -0.011865100 0.999906063 -39.469978333
0.999965072 -0.005691530 -0.006121409 0.026856437 0.005750866 0.999936223 0.009718910 0.547159553 0.006065699 -0.009753766 0.999934018 -38.032855988
0.999975979 -0.004067806 -0.005599830 0.012536749 0.004120387 0.999947250 0.009409824 0.540155292 0.005561259 -0.009432669 0.999940097 -36.593582153
0.999987781 -0.002491674 -0.004276259 -0.007730931 0.002542061 0.999926925 0.011817584 0.519272447 0.004246501 -0.011828309 0.999921024 -35.158943176
0.999992609 -0.001705996 -0.003421326 -0.019060068 0.001751784 0.999908328 0.013425527 0.506173193 0.003398106 -0.013431428 0.999904156 -33.719886780
0.999997139 -0.000717762 -0.002245107 -0.027653940 0.000748004 0.999908686 0.013492495 0.495990872 0.002235218 -0.013494145 0.999906421 -32.285587311
0.999999344 -0.000392305 -0.001059976 -0.038201705 0.000404585 0.999932587 0.011603952 0.491305858 0.001055351 -0.011604372 0.999932110 -30.857679367
0.999998391 -0.001775709 0.000328275 -0.043744329 0.001772556 0.999954462 0.009367740 0.476364583 -0.000344894 -0.009367149 0.999956071 -29.417533875
0.999997079 -0.001444768 0.001940597 -0.052697495 0.001423805 0.999941111 0.010760143 0.465955943 -0.001956028 -0.010757346 0.999940217 -27.986833572
0.999994516 -0.001180960 0.003134986 -0.054526303 0.001143349 0.999927700 0.011971778 0.452803224 -0.003148898 -0.011968127 0.999923408 -26.558326721
