1.000000000 0.000000000 0.000000000 0.000000000 0.000000000 1.000000000 0.000000000 0.000000000 0.000000000 0.000000000 1.000000000 0.000000000
0.999978900 0.000356236 -0.006483169 -0.008000228 -0.000353460 0.999999821 0.000429214 -0.002480439 0.006483321 -0.000426913 0.999978900 0.092252955
0.999907315 0.000959274 -0.013580665 -0.016436968 -0.000957059 0.999999523 0.000169652 -0.001949566 0.013580821 -0.000156639 0.999907792 0.188550964
0.999772429 0.001379239 -0.021288348 -0.026044009 -0.001391536 0.999998868 -0.000562843 -0.002123954 0.021287547 0.000592338 0.999773204 0.285366833
0.999541700 0.001719031 -0.030222462 -0.042968955 -0.001779097 0.999996483 -0.001960677 -0.002125166 0.030218987 0.002013547 0.999541283 0.390567124
0.999125719 0.001923462 -0.041762393 -0.059104089 -0.002068051 0.999992013 -0.003419273 -0.005000325 0.041755483 0.003502650 0.999121726 0.501133680
0.998479128 0.001735139 -0.055103350 -0.084257886 -0.001960593 0.999989927 -0.004037676 -0.007953008 0.055095788 0.004139570 0.998472512 0.626088142
0.997427583 0.001819834 -0.071657933 -0.108534902 -0.002141767 0.999987960 -0.004416051 -0.004341593 0.071649037 0.004558166 0.997419477 0.761426210
0.995903671 0.000217557 -0.090419985 -0.134523928 -0.000598576 0.999991059 -0.004186794 -0.009205500 0.090418272 0.004223766 0.995894909 0.917033136
0.993913472 -0.000750675 -0.110161223 -0.176213712 0.000271276 0.999990404 -0.004366715 -0.012632293 0.110163450 0.004310253 0.993904114 1.075296879
0.991226315 -0.000805733 -0.132173240 -0.216173038 0.000184245 0.999988854 -0.004714234 -0.013454186 0.132175609 0.004648520 0.991215408 1.224833250
0.987703443 0.002723081 -0.156316176 -0.271131039 -0.003723742 0.999974430 -0.006109028 -0.017072439 0.156295583 0.006615988 0.987688184 1.394216537
0.983325660 0.007114802 -0.181714252 -0.338106036 -0.008624456 0.999934494 -0.007519009 -0.023785550 0.181648895 0.008960821 0.983322680 1.568695664
0.977928102 0.010035268 -0.208700180 -0.410607666 -0.012103583 0.999889433 -0.008635715 -0.026675865 0.208590448 0.010971127 0.977941573 1.749418855
0.971241415 0.010738907 -0.237854391 -0.489827394 -0.013239566 0.999872625 -0.008918386 -0.027997572 0.237728328 0.011810996 0.971259832 1.935344577
0.963174105 0.012468648 -0.268589109 -0.578082919 -0.015303143 0.999847114 -0.008462182 -0.031365976 0.268442571 0.012260813 0.963217735 2.130096436
0.953706086 0.014486249 -0.300391197 -0.669753134 -0.017497679 0.999819994 -0.007337113 -0.034281813 0.300230891 0.012253600 0.953787863 2.311555862
0.942415595 0.016294787 -0.334046900 -0.769836783 -0.019521855 0.999789536 -0.006305543 -0.034179442 0.333873838 0.012463656 0.942535460 2.502706766
0.929848373 0.018458622 -0.367479712 -0.871473730 -0.022058917 0.999740958 -0.005599243 -0.039635208 0.367281169 0.013312652 0.930014729 2.680601358
0.915992081 0.021229543 -0.400634170 -0.992619634 -0.025341947 0.999666512 -0.004968522 -0.039795302 0.400395036 0.014703977 0.916224718 2.860031128
0.899949193 0.022043457 -0.435437143 -1.110649467 -0.026571438 0.999637604 -0.004311703 -0.040840186 0.435184300 0.015450503 0.900208831 3.036051750
0.881532848 0.017903939 -0.471783161 -1.232983351 -0.022809567 0.999728858 -0.004680747 -0.044920970 0.471571475 0.014887402 0.881702244 3.210465431
0.860296130 0.013053628 -0.509627461 -1.366618395 -0.018080452 0.999824405 -0.004911834 -0.049901724 0.509473920 0.013439926 0.860381126 3.382856369
0.835240901 0.014599817 -0.549690306 -1.528063059 -0.018639460 0.999824703 -0.001766779 -0.053358272 0.549568176 0.011721615 0.835366607 3.563544512
0.806030393 0.020365508 -0.591523588 -1.703501701 -0.023449646 0.999721944 0.002466033 -0.061476473 0.591409326 0.011883320 0.806283951 3.726453543
0.773539484 0.023508770 -0.633311927 -1.907889366 -0.026916001 0.999628663 0.004230859 -0.063525751 0.633176267 0.013773488 0.773885131 3.900710583
0.737700522 0.022812005 -0.674742579 -2.118082523 -0.026177503 0.999643922 0.005176380 -0.066883117 0.674620390 0.013844457 0.738034964 4.064412594
0.697634935 0.018548051 -0.716213346 -2.335978508 -0.020191090 0.999776781 0.006224268 -0.065179050 0.716168761 0.010118864 0.697853684 4.233252525
0.654680371 0.014741585 -0.755762100 -2.573925972 -0.014777385 0.999868333 0.006702086 -0.062257413 0.755761385 0.006780465 0.654811919 4.396446705
0.610679924 0.014012220 -0.791753471 -2.836428642 -0.011858140 0.999893129 0.008549623 -0.060729958 0.791788757 0.004167639 0.610780954 4.533973217
0.562234640 0.014652019 -0.826848090 -3.114788055 -0.009401316 0.999891579 0.011325766 -0.058337227 0.826924324 0.001405721 0.562311530 4.675581932
0.511097789 0.015261925 -0.859387100 -3.410914421 -0.007673702 0.999883473 0.013193281 -0.053934969 0.859488308 -0.000148376 0.511155367 4.800802231
0.458932251 0.016626902 -0.888315678 -3.713870525 -0.007104801 0.999861598 0.015044172 -0.047377110 0.888442755 -0.000592951 0.458986908 4.896512508
0.404217511 0.018823450 -0.914469182 -4.047390461 -0.005718042 0.999820650 0.018052816 -0.045475148 0.914645016 -0.002068291 0.404252648 4.994482994
0.348510265 0.020775324 -0.937074721 -4.400353909 -0.005420898 0.999782264 0.020149471 -0.038169786 0.937289238 -0.001942512 0.348546952 5.082190514
0.293353617 0.023940803 -0.955704153 -4.779868603 -0.002845916 0.999703884 0.024169456 -0.032869264 0.955999672 -0.004370346 0.293334961 5.152715206
0.239536226 0.025644988 -0.970548689 -5.129067898 0.001629994 0.999639034 0.026815940 -0.034535989 0.970886052 -0.008005376 0.239407957 5.212781906
0.188596934 0.026058726 -0.981708825 -5.519419193 0.003815352 0.999620795 0.027267164 -0.028477505 0.982047141 -0.008888067 0.188425988 5.247565746
0.140974760 0.027084680 -0.989642620 -5.933340549 0.001238800 0.999620020 0.027534213 -0.020748422 0.990012407 -0.005107598 0.140887618 5.268028259
0.098565474 0.027565951 -0.994748712 -6.355749607 -0.000491361 0.999617338 0.027652187 -0.012166619 0.995130420 -0.002236769 0.098541290 5.267778397
0.060796455 0.025897484 -0.997814178 -6.796569347 -0.000813342 0.999664307 0.025895942 -0.004346594 0.998149872 -0.000762818 0.060797110 5.264972687
0.026407022 0.023086922 -0.999384582 -7.256412506 -0.000174979 0.999733388 0.023090351 0.004677281 0.999651194 -0.000434876 0.026404027 5.249247074
-0.004714772 0.020391023 -0.999780893 -7.730596066 -0.000055483 0.999792039 0.020391509 0.009988844 0.999988914 0.000151613 -0.004712667 5.217691422
-0.031751737 0.018707123 -0.999320686 -8.222786903 0.000352054 0.999825001 0.018705374 0.014430940 0.999495745 0.000242113 -0.031752765 5.189212799
-0.052384578 0.016213704 -0.998495400 -8.732174873 -0.000407362 0.999867797 0.016257361 0.025374159 0.998626888 0.001258384 -0.052371047 5.141473293
-0.068712562 0.015229753 -0.997520268 -9.250905991 -0.000333544 0.999883115 0.015288805 0.037009552 0.997636497 0.001383249 -0.068699449 5.091383934
-0.081769273 0.015740979 -0.996526897 -9.787837029 0.000620844 0.999875903 0.015742933 0.042242624 0.996651113 0.000668600 -0.081768885 5.039240837
-0.091275245 0.016976146 -0.995681047 -10.338883400 0.000478276 0.999855280 0.017003475 0.047531299 0.995825708 0.001075786 -0.091270149 4.978494644
-0.098150335 0.018420231 -0.995001137 -10.911648750 -0.001976017 0.999823093 0.018704422 0.044525832 0.995169699 0.003801984 -0.098096557 4.912433624
-0.102616414 0.019329023 -0.994533181 -11.507308960 -0.001825599 0.999805868 0.019619862 0.050556436 0.994719267 0.003828939 -0.102561213 4.845664024
-0.103961550 0.019901264 -0.994382262 -12.114176750 0.000031234 0.999799967 0.020006424 0.062540516 0.994581282 0.002048841 -0.103941374 4.778926373
-0.102765903 0.022112476 -0.994459748 -12.728956223 0.001978905 0.999755442 0.022025730 0.069600910 0.994703591 0.000295553 -0.102784522 4.713759899
-0.101157404 0.024748093 -0.994562566 -13.370219231 0.001565990 0.999693394 0.024716487 0.072167352 0.994869232 0.000942781 -0.101165146 4.643545151
-0.099568985 0.024549568 -0.994727790 -14.027491570 -0.000203471 0.999695003 0.024692534 0.081123888 0.995030582 0.002661008 -0.099533640 4.574545383
-0.097919062 0.022035571 -0.994950414 -14.693621635 -0.001978702 0.999748528 0.022336578 0.090354010 0.995192468 0.004155886 -0.097850837 4.506501675
-0.096740410 0.021835724 -0.995070159 -15.375813484 -0.001937537 0.999753296 0.022126861 0.104769424 0.995307803 0.004068547 -0.096674234 4.439064026
-0.095060632 0.024563890 -0.995168388 -16.082141876 -0.002253277 0.999687672 0.024890674 0.114799172 0.995468915 0.004608513 -0.094975621 4.366800785
-0.093218639 0.028190823 -0.995246410 -16.790124893 -0.003424230 0.999584079 0.028634412 0.120797932 0.995639801 0.006077214 -0.093083344 4.302315712
-0.091581821 0.030198192 -0.995339572 -17.520820618 -0.003577996 0.999523580 0.030654350 0.131634295 0.995791137 0.006368702 -0.091430143 4.232291222
-0.089632407 0.029559074 -0.995536208 -18.263273239 -0.005650846 0.999528170 0.030186376 0.144095778 0.995958984 0.008331299 -0.089423105 4.155262470
-0.087940082 0.026022865 -0.995785832 -19.017126083 -0.008356262 0.999604225 0.026860617 0.163385510 0.996090770 0.010683172 -0.087687828 4.078080654
-0.086437367 0.025776936 -0.995923758 -19.795501709 -0.008679090 0.999607801 0.026625557 0.175413668 0.996219456 0.010945157 -0.086179748 4.015296936
-0.085001454 0.027938927 -0.995989084 -20.576589584 -0.006112664 0.999573410 0.028561154 0.192846030 0.996362031 0.008515887 -0.084794402 3.950214863
-0.083793312 0.030346392 -0.996020973 -21.368816376 -0.003935625 0.999518216 0.030784048 0.201744646 0.996475399 0.006499461 -0.083633505 3.880365133
-0.082440034 0.032018941 -0.996081531 -22.171081543 -0.003404923 0.999468803 0.032409631 0.214815378 0.996590137 0.006063431 -0.082287230 3.809633732
-0.081990860 0.027658109 -0.996249259 -22.955528259 -0.002711489 0.999604881 0.027974429 0.219879895 0.996629417 0.004994966 -0.081883475 3.748536348
-0.081578031 0.020840580 -0.996449053 -23.760690689 -0.001455287 0.999777794 0.021029342 0.228937924 0.996665955 0.003165652 -0.081529565 3.678851843
-0.081945173 0.016176574 -0.996505618 -24.580972672 0.001793006 0.999869049 0.016083730 0.241116822 0.996635258 -0.000468756 -0.081963450 3.614216328
-0.082566611 0.016617622 -0.996447086 -25.414545059 0.002970049 0.999860644 0.016428450 0.252979636 0.996581137 -0.001603054 -0.082604460 3.546123981
-0.082255952 0.024361083 -0.996313453 -26.254030228 0.002087244 0.999703228 0.024271643 0.252672583 0.996609032 -0.000083062 -0.082282387 3.466151953
-0.082856350 0.031619970 -0.996059716 -27.098665237 0.000991799 0.999498665 0.031646632 0.263625801 0.996560991 0.001634233 -0.082846172 3.395711660
-0.083157003 0.036907926 -0.995852768 -27.942304611 -0.001200385 0.999309421 0.037136272 0.274622440 0.996535778 0.004283547 -0.083055288 3.315456152
-0.083848022 0.037213676 -0.995783448 -28.788391113 -0.002481855 0.999291480 0.037553754 0.288265467 0.996475458 0.005620198 -0.083696254 3.242504597
-0.083812796 0.033841487 -0.995906711 -29.603736877 -0.002408305 0.999413311 0.034163326 0.300242841 0.996478558 0.005261770 -0.083682135 3.166666269
-0.084138170 0.030944923 -0.995973408 -30.438121796 -0.002636097 0.999507248 0.031277411 0.319610119 0.996450663 0.005257106 -0.084015131 3.093927145
-0.084212713 0.032403123 -0.995920777 -31.280305862 -0.003941232 0.999452531 0.032851286 0.331111252 0.996440053 0.006691651 -0.084038898 3.011822224
-0.083949871 0.034780551 -0.995862782 -32.111179352 -0.005840305 0.999356329 0.035394900 0.335878670 0.996452868 0.008787538 -0.083692722 2.936225891
-0.083903059 0.033107769 -0.995923817 -32.944995880 -0.005985717 0.999413133 0.033728044 0.352783799 0.996455967 0.008791204 -0.083655648 2.862924337
-0.083613984 0.028000643 -0.996104717 -33.777816772 -0.007058237 0.999563456 0.028690338 0.361614168 0.996473193 0.009429657 -0.083379842 2.786320210
-0.083316535 0.023902211 -0.996236444 -34.604515076 -0.008409525 0.999659777 0.024687646 0.370164156 0.996487677 0.010434764 -0.083087169 2.710895061
-0.083129108 0.024492096 -0.996237755 -35.440101624 -0.007921874 0.999650061 0.025237016 0.382673144 0.996507347 0.009990000 -0.082905993 2.642740488
-0.082096122 0.027174767 -0.996253788 -36.281578064 -0.006700617 0.999590516 0.027817946 0.385975003 0.996601880 0.008959261 -0.081880420 2.558219194
-0.081597507 0.032338928 -0.996140599 -37.109722137 -0.006849976 0.999431670 0.033006869 0.390296876 0.996641755 0.009516820 -0.081329621 2.487649918
-0.081057012 0.037753943 -0.995994329 -37.952728271 -0.005611870 0.999249279 0.038334034 0.408972979 0.996693671 0.008696632 -0.080784291 2.417940617
-0.081296384 0.041036595 -0.995844781 -38.794521332 -0.006653761 0.999107420 0.041714229 0.418789387 0.996667683 0.010017330 -0.080950789 2.342021942
-0.080798060 0.040731650 -0.995897949 -39.618278503 -0.005664907 0.999129772 0.041323431 0.445372581 0.996714294 0.008980522 -0.080497019 2.272661924
-0.080680527 0.036359284 -0.996076643 -40.430706024 -0.005583425 0.999302268 0.036929276 0.462435722 0.996724367 0.008540994 -0.080421239 2.202399254
-0.080312662 0.032176934 -0.996250212 -41.259735107 -0.006505525 0.999440610 0.032804418 0.477593362 0.996748507 0.009115742 -0.080058418 2.128170252
-0.080131471 0.029601030 -0.996344626 -42.072544098 -0.010704246 0.999475718 0.030554947 0.485459566 0.996726871 0.013113530 -0.079772592 2.052883863
-0.080756970 0.028030030 -0.996339619 -42.895534515 -0.014106762 0.999472320 0.029261559 0.496933043 0.996634007 0.016418198 -0.080318935 1.981148720
-0.081256650 0.025795687 -0.996359289 -43.709575653 -0.012290346 0.999563098 0.026880950 0.509856820 0.996617377 0.014429854 -0.080904089 1.907865047
-0.082661778 0.021986941 -0.996335030 -44.533607483 -0.007867857 0.999710977 0.022714199 0.514579415 0.996546745 0.009716618 -0.082464889 1.845064640
-0.083158635 0.020679310 -0.996321678 -45.360645294 -0.003425573 0.999772847 0.021036852 0.522102952 0.996530533 0.005162368 -0.083068900 1.771898508
-0.085246652 0.024064140 -0.996069193 -46.182769775 -0.003482526 0.999694943 0.024449777 0.528756499 0.996353805 0.005553099 -0.085136853 1.697784424
-0.086720213 0.030656856 -0.995760918 -46.996334076 -0.001080924 0.999522865 0.030866815 0.529204965 0.996232212 0.003753118 -0.086645715 1.620614052
-0.088369198 0.034195095 -0.995500743 -47.800998688 0.000863077 0.999412775 0.034252863 0.536627650 0.996087492 0.002167703 -0.088346824 1.540236950
-0.090003334 0.033517059 -0.995377243 -48.611030579 0.000708165 0.999435425 0.033589669 0.543855309 0.995941162 0.002318291 -0.089976259 1.474507332
-0.090606548 0.029377338 -0.995453298 -49.412136078 -0.002663038 0.999554098 0.029740745 0.555137098 0.995883167 0.005345636 -0.090487920 1.384886265
-0.091973625 0.025819240 -0.995426714 -50.200965881 -0.007297459 0.999619544 0.026602250 0.562406063 0.995734632 0.009710791 -0.091750205 1.300534725
-0.093567364 0.024418710 -0.995313466 -50.991535187 -0.011502905 0.999605954 0.025605388 0.571084678 0.995546579 0.013844823 -0.093249604 1.214600086
-0.094415814 0.025703076 -0.995200992 -51.786304474 -0.012963288 0.999550223 0.027045246 0.576015949 0.995448470 0.015454576 -0.094040155 1.129082680
-0.095591374 0.027247652 -0.995047688 -52.590095520 -0.013209349 0.999502540 0.028638624 0.580658495 0.995332956 0.015881538 -0.095183916 1.053986073
-0.096843243 0.026685331 -0.994941831 -53.371723175 -0.014992123 0.999487996 0.028266527 0.588643432 0.995186746 0.017653709 -0.096393570 0.972664833
-0.097072892 0.026562124 -0.994922876 -54.156284332 -0.015697479 0.999478519 0.028215332 0.595670640 0.995153487 0.018356720 -0.096605331 0.885365963
-0.097711824 0.028300172 -0.994812250 -54.930244446 -0.013868733 0.999459803 0.029794587 0.604773164 0.995118141 0.016708065 -0.097266555 0.807987213
-0.097802825 0.031346638 -0.994711995 -55.710968018 -0.013431619 0.999371231 0.032814100 0.612655163 0.995115161 0.016569905 -0.097320296 0.725712776
-0.097926788 0.035528831 -0.994559288 -56.481426239 -0.013698150 0.999219835 0.037044078 0.625406981 0.995099306 0.017251229 -0.097363710 0.645752430
-0.098523453 0.037955076 -0.994410634 -57.247802734 -0.013524729 0.999128938 0.039475158 0.629154325 0.995042801 0.017338362 -0.097924300 0.564939022
-0.099202283 0.037785489 -0.994349599 -57.995716095 -0.013318254 0.999138832 0.039296184 0.643620014 0.994978130 0.017141271 -0.098613620 0.489516258
-0.099608235 0.035874918 -0.994379818 -58.743736267 -0.012002473 0.999233782 0.037252344 0.654972434 0.994954288 0.015645657 -0.099101320 0.412635326
-0.099987045 0.032497432 -0.994457960 -59.477100372 -0.011816706 0.999357224 0.033845637 0.663121700 0.994918525 0.015135342 -0.099538773 0.338079453
-0.099390022 0.029315686 -0.994616628 -60.196456909 -0.012150032 0.999455631 0.030672444 0.676605105 0.994974315 0.015133159 -0.098979741 0.256379128
-0.098285332 0.027089410 -0.994789541 -60.899291992 -0.012677595 0.999514222 0.028470624 0.684108496 0.995077431 0.015409781 -0.097894169 0.183120728
-0.096020348 0.026436938 -0.995028257 -61.606533051 -0.015170653 0.999492228 0.028019516 0.686249495 0.995263755 0.017785668 -0.095570520 0.113539696
-0.091611058 0.027547557 -0.995413780 -62.288516998 -0.015899250 0.999449372 0.029122498 0.689115882 0.995667934 0.018494274 -0.091122635 0.042285442
-0.085852362 0.029163089 -0.995881021 -62.953781128 -0.015147846 0.999417663 0.030572519 0.694843292 0.996192753 0.017710175 -0.085360616 -0.014038563
-0.078831434 0.030625854 -0.996417344 -63.603767395 -0.014838914 0.999381185 0.031890925 0.700221300 0.996777534 0.017299758 -0.078328192 -0.061524868
-0.070043176 0.031991497 -0.997030914 -64.243392944 -0.015367852 0.999332249 0.033144966 0.704453945 0.997425616 0.017643798 -0.069504783 -0.107902050
-0.058113147 0.033266842 -0.997755527 -64.858329773 -0.017696565 0.999253213 0.034347497 0.720521450 0.998153150 0.019652886 -0.057481039 -0.148416996
-0.043232534 0.034690265 -0.998462498 -65.469657898 -0.020944251 0.999145806 0.035620876 0.728632212 0.998845518 0.022452030 -0.042469043 -0.174635649
-0.024556953 0.035798203 -0.999057353 -66.052902222 -0.022552231 0.999084413 0.036353525 0.739287019 0.999443948 0.023423705 -0.023727145 -0.189553261
-0.002245232 0.037142307 -0.999307394 -66.621215820 -0.023552701 0.999030769 0.037184939 0.740815163 0.999720097 0.023619877 -0.001368254 -0.181526437
0.023124091 0.037598342 -0.999025404 -67.156257629 -0.022691581 0.999054909 0.037074216 0.745466471 0.999475062 0.021812158 0.023955397 -0.152167559
0.052424576 0.036765248 -0.997947991 -67.671730042 -0.021178691 0.999138176 0.035696536 0.756721735 0.998400211 0.019263856 0.053158034 -0.102693796
0.086489096 0.036599804 -0.995580316 -68.179550171 -0.020545013 0.999177933 0.034947257 0.766127110 0.996040940 0.017431658 0.087169930 -0.041691303
0.123641983 0.037232023 -0.991628170 -68.603218079 -0.019855730 0.999188662 0.035040159 0.765681267 0.992128134 0.015357069 0.124280959 0.039675713
0.164942741 0.037129391 -0.985603988 -69.071060181 -0.019702565 0.999215841 0.034344900 0.769679308 0.986106277 0.013753987 0.165544942 0.138381958
0.210008770 0.037936408 -0.976963282 -69.511474609 -0.018699259 0.999220073 0.034781050 0.776005268 0.977520645 0.010964163 0.210554391 0.259088516
0.259101540 0.036463890 -0.965161562 -69.943595886 -0.015793826 0.999313474 0.033514235 0.781470895 0.965720892 0.006560006 0.259499550 0.396141052
0.308950573 0.031663775 -0.950550854 -70.340766907 -0.008052060 0.999496996 0.030677114 0.776460290 0.951044023 -0.001823816 0.309050083 0.570344925
0.359994769 0.026541140 -0.932576776 -70.733032227 -0.002851407 0.999621928 0.027348533 0.776907921 0.932949901 -0.007186170 0.359934300 0.770147324
0.411630958 0.021742949 -0.911091208 -71.103317261 0.002317310 0.999687195 0.024904227 0.781808257 0.911347747 -0.012362627 0.411451727 0.991262436
0.463324964 0.021316953 -0.885932028 -71.495422363 0.000964791 0.999697983 0.024558909 0.793187141 0.886187911 -0.012233489 0.463164389 1.223194122
0.511542141 0.020502590 -0.859013438 -71.847122192 0.002234515 0.999680161 0.025190610 0.795183599 0.859255314 -0.014805538 0.511332631 1.468235016
0.556901157 0.015320363 -0.830437481 -72.200187683 0.010353991 0.999624074 0.025385117 0.809835553 0.830514193 -0.022735344 0.556533217 1.752956390
0.600514352 0.008807260 -0.799565554 -72.515640259 0.020533007 0.999439776 0.026430219 0.813437343 0.799350321 -0.032289203 0.599997103 2.058639526
0.643090010 0.003317470 -0.765783429 -72.828292847 0.022250190 0.999487519 0.023015181 0.820328116 0.765467346 -0.031839661 0.642686546 2.371223450
0.684435248 -0.000670820 -0.729073405 -73.126541138 0.019275395 0.999666691 0.017175451 0.813895583 0.728818774 -0.025808662 0.684219956 2.688983917
0.724905074 -0.006918103 -0.688814044 -73.397911072 0.015178765 0.999867260 0.005931901 0.814750195 0.688681602 -0.014755415 0.724913716 3.022323608
0.763558030 -0.007712795 -0.645693064 -73.620361328 0.008783123 0.999960184 -0.001558114 0.806446970 0.645679474 -0.004481492 0.763595343 3.349288940
0.800670683 -0.008722983 -0.599041164 -73.875785828 0.007398606 0.999961674 -0.004672138 0.806426406 0.599058986 -0.000691226 0.800704598 3.746101379
0.834694386 -0.009694834 -0.550628185 -74.124969482 0.007471544 0.999952376 -0.006279950 0.800108850 0.550662756 0.001127796 0.834726989 4.178974152
0.865284383 -0.009052489 -0.501199603 -74.351959229 0.005384343 0.999947071 -0.008765016 0.799642801 0.501252532 0.004885599 0.865287304 4.627355576
0.891141355 -0.007776182 -0.453659117 -74.557403564 0.005066486 0.999961257 -0.007188055 0.783632815 0.453697443 0.004107116 0.891146302 5.101051331
0.912633300 -0.000788916 -0.408778459 -74.772850037 -0.002042353 0.999976873 -0.006489621 0.775634944 0.408774167 0.006757515 0.912610590 5.599506378
0.930042088 0.003502033 -0.367436290 -74.954330444 -0.007015013 0.999941587 -0.008225724 0.769833326 0.367385983 0.010227839 0.930012286 6.113561630
0.943686903 0.008632308 -0.330727309 -75.135932922 -0.011554606 0.999909699 -0.006870921 0.763935328 0.330638170 0.010305421 0.943701327 6.652441025
0.953736305 0.009117198 -0.300506324 -75.291748047 -0.011089328 0.999926686 -0.004857684 0.750216782 0.300439954 0.007965363 0.953767478 7.204448700
0.961035430 0.008654048 -0.276289731 -75.447845459 -0.010017262 0.999943733 -0.003523056 0.742116690 0.276243716 0.006153449 0.961067915 7.778787613
0.966922045 0.008827830 -0.254919201 -75.595115662 -0.009567950 0.999952793 -0.001663462 0.738412201 0.254892439 0.004047493 0.966960907 8.375062943
0.971505702 0.011082898 -0.236757100 -75.735946655 -0.011203951 0.999936879 0.000834174 0.732186556 0.236751363 0.001842211 0.971568525 8.992868423
0.975007534 0.016496975 -0.221558705 -75.877731323 -0.016366577 0.999863088 0.002424567 0.723490953 0.221568376 0.001262187 0.975144029 9.623857498
0.977811515 0.019648643 -0.208563060 -76.005378723 -0.019251658 0.999806881 0.003933367 0.716466427 0.208600029 0.000169093 0.978000998 10.261108398
0.980582118 0.018362466 -0.195247248 -76.153259277 -0.017990183 0.999831378 0.003680035 0.707197607 0.195281923 -0.000096043 0.980747163 10.947478294
0.983199894 0.018383469 -0.181603417 -76.271606445 -0.018048376 0.999831021 0.003497723 0.700304389 0.181637004 -0.000161315 0.983365595 11.627482414
0.985826731 0.018613489 -0.166731104 -76.388076782 -0.018246485 0.999826550 0.003732884 0.701685309 0.166771635 -0.000637721 0.985995352 12.322744370
0.988037705 0.020084383 -0.152898341 -76.493309021 -0.019691797 0.999797821 0.004081662 0.698287904 0.152949393 -0.001021993 0.988233566 13.030408859
0.989938855 0.020370254 -0.140021995 -76.600860596 -0.020350672 0.999791741 0.001571796 0.684401393 0.140024811 0.001293560 0.990147233 13.763697624
0.991430163 0.020462474 -0.129025102 -76.701141357 -0.021114172 0.999770284 -0.003685012 0.670889795 0.128920034 0.006377691 0.991634429 14.501237869
0.992666543 0.018697215 -0.119429722 -76.787910461 -0.019998793 0.999752879 -0.009708935 0.661533356 0.119218670 0.012026185 0.992795169 15.242202759
0.993619442 0.018556837 -0.111247577 -76.873359680 -0.019796981 0.999753535 -0.010053288 0.653260171 0.111033574 0.012191508 0.993741810 15.997526169
0.994349480 0.020171201 -0.104221061 -76.959915161 -0.020697230 0.999777973 -0.003968126 0.641698599 0.104117841 0.006102792 0.994546235 16.768260956
0.994753659 0.025141235 -0.099161953 -77.041374207 -0.024863245 0.999682665 0.004038407 0.624249816 0.099232003 -0.001551733 0.995063066 17.537258148
0.995149672 0.024934152 -0.095160291 -77.107971191 -0.024282793 0.999673128 0.007996952 0.613774538 0.095328555 -0.005647408 0.995429814 18.302822113
0.995467722 0.025488907 -0.091620587 -77.207824707 -0.024950335 0.999664068 0.007019086 0.596901536 0.091768712 -0.004701309 0.995769262 19.114883423
0.995763838 0.025208706 -0.088423915 -77.279533386 -0.024773337 0.999675035 0.006017832 0.589759231 0.088546865 -0.003801784 0.996064723 19.879878998
0.996061742 0.024006443 -0.085349970 -77.347808838 -0.023373377 0.999691486 0.008408989 0.581366122 0.085525498 -0.006380957 0.996315539 20.650161743
0.996319950 0.021855144 -0.082878657 -77.419281006 -0.021010172 0.999718010 0.011053912 0.571361065 0.083096877 -0.009271938 0.996498406 21.435546875
0.996608078 0.018971108 -0.080077618 -77.479431152 -0.017987106 0.999753714 0.012991663 0.565762758 0.080304369 -0.011507232 0.996704042 22.194038391
0.996791840 0.018666703 -0.077829830 -77.526985168 -0.018030984 0.999798119 0.008862846 0.558814049 0.077979550 -0.007431064 0.996927261 22.942840576
0.996872604 0.021339210 -0.076090276 -77.592765808 -0.021286426 0.999772251 0.001504698 0.551692367 0.076105058 0.000119699 0.997099817 23.695112228
0.996989727 0.022542337 -0.074184179 -77.654464722 -0.023045290 0.999716818 -0.005930710 0.535925627 0.074029490 0.007622454 0.997226954 24.442907333
0.997059345 0.023084203 -0.073074147 -77.713401794 -0.023902055 0.999660850 -0.010337381 0.525881290 0.072810724 0.012053603 0.997272968 25.196937561
0.997153938 0.024749249 -0.071213067 -77.770408630 -0.025419159 0.999640524 -0.008516190 0.504736483 0.070976697 0.010302130 0.997424781 25.957382202
0.997248054 0.028073434 -0.068615921 -77.834297180 -0.028441457 0.999585748 -0.004392319 0.484742761 0.068464190 0.006331768 0.997633576 26.718927383
0.997319102 0.031171290 -0.066204421 -77.895637512 -0.031204503 0.999512851 0.000532657 0.471457690 0.066188782 0.001534646 0.997805953 27.476299286
0.997548759 0.029119784 -0.063630044 -77.947578430 -0.029005222 0.999575496 0.002723652 0.454340190 0.063682362 -0.000871372 0.997969866 28.233455658
0.997722924 0.026329044 -0.062095582 -77.997077942 -0.026213288 0.999652803 0.002678226 0.441899598 0.062144540 -0.001044398 0.998066604 28.985668182
0.997831643 0.025029413 -0.060874302 -78.045120239 -0.024905091 0.999685884 0.002800284 0.426198155 0.060925268 -0.001278131 0.998141587 29.735343933
0.997890413 0.024580376 -0.060087495 -78.091415405 -0.024576064 0.999697626 0.000810919 0.417163432 0.060089264 0.000667506 0.998192847 30.482799530
0.997995973 0.022036688 -0.059316419 -78.140922546 -0.022113420 0.999755263 -0.000637470 0.408637166 0.059287861 0.001947881 0.998238981 31.238176346
0.998046041 0.020841917 -0.058904845 -78.185661316 -0.020911759 0.999781191 -0.000569431 0.397340715 0.058880091 0.001800123 0.998263478 31.999635696
0.998035192 0.024171609 -0.057804931 -78.243408203 -0.024185391 0.999707341 0.000461287 0.386749268 0.057799175 0.000937654 0.998327851 32.772239685
0.998044610 0.024420602 -0.057536993 -78.296890259 -0.024492012 0.999699891 -0.000536101 0.376142114 0.057506636 0.001944249 0.998343289 33.545452118
0.997956514 0.024300124 -0.059095055 -78.345550537 -0.024370449 0.999702871 -0.000469459 0.364781380 0.059066091 0.001908672 0.998252213 34.304054260
0.997883558 0.022176597 -0.061127581 -78.395057678 -0.022214884 0.999753296 0.000053224 0.354179680 0.061113678 0.001304831 0.998130023 35.086322784
0.997649491 0.023848608 -0.064240359 -78.455009460 -0.023909571 0.999714077 -0.000180191 0.343902081 0.064217694 0.001715727 0.997934461 35.879024506
0.997389257 0.027735284 -0.066674232 -78.522460938 -0.027806535 0.999613285 -0.000140772 0.327577531 0.066644549 0.001994384 0.997774780 36.668846130
0.997176111 0.028278757 -0.069570862 -78.584251404 -0.028713627 0.999573827 -0.005258525 0.318669558 0.069392495 0.007241307 0.997563124 37.467216492
0.996992588 0.028982613 -0.071872905 -78.652420044 -0.029702855 0.999518454 -0.008972350 0.309901386 0.071578264 0.011080196 0.997373343 38.271373749
0.996876657 0.028338056 -0.073714785 -78.718246460 -0.029214311 0.999514461 -0.010835973 0.297454983 0.073371924 0.012955654 0.997220457 39.080665588
0.996700108 0.028502773 -0.076002240 -78.785926819 -0.029244836 0.999534726 -0.008668470 0.273151040 0.075719789 0.010862539 0.997069955 39.908576965
0.996584415 0.026673833 -0.078153700 -78.857711792 -0.027381422 0.999593019 -0.007996041 0.256742537 0.077908605 0.010108690 0.996909201 40.731731415
0.996428847 0.026438721 -0.080190539 -78.919593811 -0.027056012 0.999611974 -0.006620792 0.245813161 0.079984382 0.008766783 0.996757567 41.538291931
0.996380806 0.025965931 -0.080938354 -78.995788574 -0.026272304 0.999651134 -0.002722389 0.229853317 0.080839440 0.004838972 0.996715307 42.374729156
0.996291459 0.025549393 -0.082161017 -79.064384460 -0.025439780 0.999673486 0.002380854 0.215591565 0.082195021 -0.000281868 0.996616244 43.218849182
0.996373832 0.026007997 -0.081010714 -79.144279480 -0.025752582 0.999659538 0.004196256 0.203390703 0.081092268 -0.002094804 0.996704340 44.064514160
0.996428847 0.028805586 -0.079371274 -79.218597412 -0.028538451 0.999582589 0.004498194 0.191641763 0.079467714 -0.002216997 0.996834993 44.942188263
0.996599913 0.028813636 -0.077189781 -79.290351868 -0.028661292 0.999584436 0.003081008 0.185014144 0.077246480 -0.000858173 0.997011602 45.799991608
0.996776998 0.026631009 -0.075672723 -79.361015320 -0.026655037 0.999644458 0.000692608 0.176512346 0.075664259 0.001326684 0.997132480 46.668022156
0.996987581 0.023198921 -0.074010208 -79.420639038 -0.023318812 0.999727845 -0.000756163 0.161428675 0.073972523 0.002479715 0.997257173 47.543148041
0.997185826 0.021340020 -0.071867421 -79.489646912 -0.021458142 0.999769330 -0.000871874 0.148683250 0.071832232 0.002411562 0.997413754 48.414936066
0.997283101 0.019623766 -0.071001969 -79.553932190 -0.019575959 0.999807358 0.001369182 0.138130665 0.071015164 0.000024470 0.997475207 49.294841766
0.997401536 0.016879763 -0.070037551 -79.615280151 -0.016640924 0.999853492 0.003992295 0.125608727 0.070094690 -0.002816432 0.997536302 50.170558929
0.997452736 0.016506271 -0.069393486 -79.673393250 -0.016237535 0.999858260 0.004434943 0.108801216 0.069456853 -0.003296867 0.997579455 51.049282074
0.997516513 0.018197609 -0.068041004 -79.740036011 -0.018162988 0.999834299 0.001127450 0.094504856 0.068050265 0.000111177 0.997681797 51.918800354
0.997492015 0.020766499 -0.067663997 -79.806716919 -0.021130901 0.999765813 -0.004674077 0.077555448 0.067551091 0.006092156 0.997697234 52.775505066
0.997505248 0.022350496 -0.066960752 -79.862312317 -0.023091443 0.999680221 -0.010311884 0.061562419 0.066708863 0.011832379 0.997702360 53.636154175
0.997439981 0.027332585 -0.066078179 -79.934646606 -0.028446551 0.999467671 -0.015976444 0.037345588 0.065606341 0.017815240 0.997686565 54.489753723
0.997512519 0.027509626 -0.064899825 -79.997718811 -0.028651131 0.999449611 -0.016723892 0.009754419 0.064404048 0.018541742 0.997751653 55.342975616
0.997616291 0.024493923 -0.064510427 -80.059677124 -0.025243059 0.999622762 -0.010823192 -0.012462378 0.064220987 0.012425835 0.997858346 56.198055267
0.997584999 0.023696981 -0.065290451 -80.117088318 -0.023883978 0.999712527 -0.002084889 -0.029377431 0.065222278 0.003639250 0.997864068 57.063804626
0.997542500 0.022325644 -0.066412263 -80.176490784 -0.021983167 0.999741077 0.005883250 -0.050523907 0.066526413 -0.004408839 0.997774959 57.917129517
0.997438490 0.020658633 -0.068480492 -80.240882874 -0.020458700 0.999784172 0.003619660 -0.063243538 0.068540476 -0.002209366 0.997645855 58.755863190
0.997412920 0.015509952 -0.070192523 -80.307785034 -0.015561143 0.999878883 -0.000182472 -0.072526060 0.070181198 0.001274276 0.997533321 59.599433899
0.997201800 0.014089405 -0.073415793 -80.363296509 -0.014224410 0.999897957 -0.001316344 -0.093622118 0.073389761 0.002356958 0.997300565 60.423690796
0.996961534 0.016035853 -0.076226160 -80.431877136 -0.016362043 0.999859393 -0.003656607 -0.110688031 0.076156817 0.004892712 0.997083843 61.245952606
0.996695638 0.017640280 -0.079286568 -80.509773254 -0.018232401 0.999810994 -0.006750337 -0.134179771 0.079152487 0.008173617 0.996829033 62.058609009
0.996378124 0.018522838 -0.082991354 -80.589950562 -0.019426974 0.999760211 -0.010100001 -0.151126862 0.082784384 0.011675690 0.996499121 62.877067566
0.996079385 0.020600004 -0.086031027 -80.668174744 -0.021861881 0.999666393 -0.013751294 -0.178717434 0.085719049 0.015578181 0.996197581 63.681304932
0.995662630 0.025843529 -0.089375980 -80.761856079 -0.027249273 0.999522865 -0.014544013 -0.197597623 0.088957481 0.016916361 0.995891750 64.485801697
0.995245755 0.029509624 -0.092817284 -80.848098755 -0.030804517 0.999446630 -0.012549100 -0.219593227 0.092395604 0.015348631 0.995604098 65.290084839
0.994813025 0.032320939 -0.096448533 -80.940711975 -0.033102758 0.999430716 -0.006516671 -0.241756558 0.096182995 0.009675583 0.995316684 66.090957642
0.994359076 0.032745093 -0.100884855 -81.027183533 -0.033011276 0.999454498 -0.000969763 -0.260604024 0.100798070 0.004294631 0.994897604 66.904510498
0.993874133 0.032043964 -0.105769910 -81.112960815 -0.031945143 0.999486148 0.002628739 -0.277204692 0.105799794 0.000766199 0.994387150 67.702445984
0.993170142 0.031622417 -0.112308219 -81.207328796 -0.031401746 0.999499857 0.003733657 -0.288213879 0.112370126 -0.000181482 0.993666410 68.491966248
0.992622912 0.029119868 -0.117693603 -81.308296204 -0.028425498 0.999567151 0.007574461 -0.300120831 0.117863230 -0.004173085 0.993021011 69.271423340
0.991751492 0.030503308 -0.124493100 -81.406311035 -0.029862661 0.999529362 0.007009348 -0.307926238 0.124648325 -0.003233836 0.992195725 70.056022644
0.990841568 0.035196364 -0.130361617 -81.522094727 -0.034669496 0.999378860 0.006309542 -0.318087578 0.130502760 -0.001732184 0.991446435 70.827201843
0.990039885 0.037346594 -0.135743469 -81.647224426 -0.037299857 0.999299943 0.002888546 -0.329656065 0.135756329 0.002203437 0.990739763 71.587318420
0.989156127 0.036242589 -0.142325744 -81.757431030 -0.036649492 0.999328136 -0.000237748 -0.337163925 0.142221481 0.005451339 0.989819825 72.346496582
0.988339186 0.037475910 -0.147584409 -81.880943298 -0.038051937 0.999275208 -0.001080625 -0.352621377 0.147436947 0.006683898 0.989048779 73.109207153
0.987570524 0.039574321 -0.152113199 -82.007957458 -0.039431244 0.999214470 0.003958185 -0.359244049 0.152150348 0.002089027 0.988355160 73.876960754
0.986625969 0.039977420 -0.158022135 -82.141296387 -0.039219115 0.999199271 0.007915477 -0.366853654 0.158212051 -0.001612127 0.987403810 74.644447327
0.985636473 0.039652348 -0.164159551 -82.273971558 -0.038455132 0.999205470 0.010465808 -0.384514630 0.164444119 -0.004002708 0.986378253 75.401092529
0.984518290 0.037388351 -0.171247914 -82.412414551 -0.036783446 0.999300718 0.006705055 -0.391404510 0.171378851 -0.000302159 0.985205173 76.148986816
0.983040094 0.034832712 -0.180052415 -82.552474976 -0.035520773 0.999368787 -0.000597706 -0.394900322 0.179917961 0.006983171 0.983656764 76.892700195
0.981380761 0.032166637 -0.189359963 -82.700874329 -0.033209462 0.999445617 -0.002335819 -0.404535711 0.189179897 0.008580869 0.981904984 77.635894775
0.979233384 0.031957142 -0.200201452 -82.853881836 -0.032450229 0.999473035 0.000818944 -0.419960767 0.200122148 0.005694645 0.979754388 78.370773315
0.976871967 0.032043982 -0.211410433 -83.021286011 -0.031274382 0.999486446 0.006983849 -0.424809575 0.211525649 -0.000210594 0.977372468 79.108322144
0.974339485 0.033303689 -0.222606421 -83.195701599 -0.030793963 0.999417126 0.014736814 -0.432245493 0.222967505 -0.007503726 0.974796951 79.831710815
0.971719980 0.034074262 -0.233664915 -83.382987976 -0.030655859 0.999363482 0.018246898 -0.438324690 0.234137908 -0.010567675 0.972145975 80.557441711
0.968762040 0.037324566 -0.245167181 -83.581222534 -0.034866650 0.999288857 0.014359698 -0.450139761 0.245528772 -0.005362972 0.969374537 81.273963928
0.965713382 0.036824256 -0.256985664 -83.787643433 -0.036784723 0.999310911 0.004962855 -0.451885313 0.256991267 0.004660451 0.966402531 81.970756531
0.962443233 0.034465365 -0.269286126 -83.996063232 -0.035703652 0.999362409 0.000299471 -0.454261452 0.269124746 0.009326275 0.963060141 82.675460815
0.958965182 0.033447776 -0.281544060 -84.202514648 -0.033373136 0.999430060 0.005061529 -0.453912437 0.281552911 0.004542179 0.959534943 83.404670715
0.955547869 0.034721497 -0.292784631 -84.432662964 -0.032439720 0.999393642 0.012646629 -0.461037755 0.293046206 -0.002586608 0.956094801 84.126510620
0.951873541 0.034597199 -0.304532200 -84.672279358 -0.030579621 0.999371052 0.017953798 -0.463360786 0.304961860 -0.007777266 0.952332735 84.835075378
0.947762251 0.032294895 -0.317338854 -84.917091370 -0.028630314 0.999458671 0.016205668 -0.465164304 0.317690432 -0.006273611 0.948173761 85.545013428
0.944057107 0.030794585 -0.328341067 -85.175811768 -0.028438531 0.999523759 0.011976332 -0.469352245 0.328553498 -0.001968804 0.944483280 86.242744446
0.940827131 0.026053548 -0.337883860 -85.421226501 -0.025826059 0.999653101 0.005169383 -0.473294795 0.337901384 0.003862712 0.941173613 86.936058044
0.938034356 0.022149477 -0.345833838 -85.682937622 -0.023843842 0.999715567 -0.000645305 -0.479336232 0.345721155 0.008851327 0.938295603 87.637863159
0.935403824 0.021477083 -0.352928430 -85.957015991 -0.024096966 0.999705076 -0.003030785 -0.482612342 0.352759182 0.011339513 0.935645461 88.340461731
0.932343006 0.027220314 -0.360548884 -86.252227783 -0.030149013 0.999542356 -0.002499993 -0.500883877 0.360315800 0.013201045 0.932737052 89.049926758
0.929184079 0.027440201 -0.368597627 -86.523918152 -0.029572489 0.999562621 -0.000135870 -0.512213290 0.368432701 0.011026597 0.929589033 89.739616394
0.926069677 0.027677402 -0.376336008 -86.814346313 -0.027241413 0.999607921 0.006481184 -0.513867915 0.376367807 0.004249895 0.926460564 90.444213867
0.923246861 0.029758755 -0.383053064 -87.108200073 -0.026079755 0.999550283 0.014795146 -0.520106673 0.383321106 -0.003669642 0.923607826 91.152847290
0.920730829 0.040203203 -0.388121694 -87.439033508 -0.034466900 0.999169469 0.021733074 -0.527915478 0.388673067 -0.006632959 0.921351910 91.851020813
0.917939663 0.046594262 -0.393974185 -87.757171631 -0.042721365 0.998913825 0.018600255 -0.523597717 0.394412935 -0.000242795 0.918933272 92.545013428
0.915593743 0.043210253 -0.399776340 -88.065032959 -0.042210143 0.999044776 0.011310432 -0.524183750 0.399883240 0.006518852 0.916542947 93.231216431
0.913688302 0.035372324 -0.404873371 -88.369735718 -0.036981419 0.999308527 0.003849046 -0.526517034 0.404729575 0.011455960 0.914364696 93.919281006
0.911746621 0.035868250 -0.409184188 -88.680389404 -0.037897233 0.999276638 0.003151726 -0.528312087 0.409001261 0.012633374 0.912446320 94.615020752
0.909807742 0.042244427 -0.412874401 -89.027191162 -0.042612422 0.999056995 0.008320880 -0.535726428 0.412836581 0.010023177 0.910749972 95.302452087
0.907235682 0.044964828 -0.418212324 -89.360496521 -0.043702524 0.998965085 0.012600803 -0.538974047 0.418346107 0.006845035 0.908261895 96.023300171
0.905064642 0.041216012 -0.423272073 -89.689369202 -0.040501885 0.999122322 0.010685835 -0.547183037 0.423340917 0.007471947 0.905939639 96.719772339
0.902785182 0.039615531 -0.428263277 -90.027381897 -0.041702662 0.999119937 0.004511531 -0.555953503 0.428065091 0.013786778 0.903642714 97.404884338
0.900597870 0.036837645 -0.433089465 -90.369499207 -0.041869823 0.999120951 -0.002084123 -0.559411645 0.432631940 0.020010334 0.901348531 98.096847534
