-0.974793792 0.049391396 0.217572033 -152.083312988 0.053605765 0.998470843 0.013506786 1.737901688 -0.216572210 0.024829447 -0.975950778 1.627510071
-0.978900254 0.048245545 0.198561907 -151.913604736 0.052322835 0.998512447 0.015335537 1.744415760 -0.197526678 0.025401285 -0.979968369 0.766199112
-0.982583404 0.045275364 0.180222124 -151.763580322 0.049943063 0.998521864 0.021444561 1.749369979 -0.178984806 0.030071914 -0.983392119 -0.115217209
-0.985797346 0.045162484 0.161752462 -151.618896484 0.049667608 0.998479426 0.023915490 1.758898616 -0.160426423 0.031609688 -0.986541510 -0.983758926
-0.988507092 0.045361608 0.144208416 -151.495239258 0.049289893 0.998501301 0.023783509 1.773365974 -0.142913446 0.030618183 -0.989261508 -1.868904114
-0.990774035 0.045070399 0.127810046 -151.379974365 0.047989987 0.998650432 0.019854885 1.782723904 -0.126742706 0.025805306 -0.991599917 -2.757642746
-0.992339492 0.048705552 0.113534532 -151.276336670 0.050971400 0.998553038 0.017138880 1.784714937 -0.112535506 0.022794602 -0.993386209 -3.652070999
-0.993141711 0.054502662 0.103435382 -151.188720703 0.056921273 0.998166621 0.020574706 1.802336454 -0.102124371 0.026321275 -0.994423330 -4.572138786
-0.993489921 0.059773117 0.096978918 -151.115814209 0.062948935 0.997565091 0.030022511 1.813787222 -0.094948232 0.035931781 -0.994833469 -5.499167442
-0.993587434 0.062393129 0.094292566 -151.038986206 0.066304155 0.997039795 0.038927086 1.832306266 -0.091584675 0.044929452 -0.994783163 -6.444519520
-0.993840337 0.060619488 0.092771299 -150.944747925 0.064464912 0.997156501 0.039028469 1.860820889 -0.090141617 0.044768564 -0.994922221 -7.378437042
-0.994088888 0.057636667 0.092007242 -150.857482910 0.061220255 0.997452676 0.036611632 1.877739549 -0.089662686 0.042027924 -0.995084941 -8.318216324
-0.994460940 0.052713804 0.090931877 -150.759765625 0.055817243 0.997930348 0.031928960 1.902286768 -0.089060597 0.036827680 -0.995345056 -9.270572662
-0.994942069 0.044186972 0.090209745 -150.655654907 0.047082230 0.998433709 0.030222114 1.915609479 -0.088733032 0.034316532 -0.995464087 -10.256730080
-0.995175064 0.039087426 0.089993298 -150.551864624 0.041957613 0.998662114 0.030224826 1.935891151 -0.088691488 0.033854898 -0.995483637 -11.240564346
-0.995163798 0.037151080 0.090932988 -150.459259033 0.040258303 0.998658061 0.032577556 1.953319430 -0.089600690 0.036080811 -0.995324016 -12.237710953
-0.995232999 0.034309763 0.091291651 -150.345764160 0.037531182 0.998723447 0.033807110 1.975965261 -0.090015210 0.037072238 -0.995250165 -13.242529869
-0.995102942 0.034361109 0.092680655 -150.258651733 0.037720088 0.998684406 0.034737129 1.994636536 -0.091365121 0.038062934 -0.995089889 -14.242760658
-0.995065868 0.032147262 0.093865581 -150.154006958 0.035424706 0.998812020 0.033461001 2.019072771 -0.092678405 0.036621056 -0.995022416 -15.264715195
-0.995042503 0.030377420 0.094697975 -150.051696777 0.033529501 0.998929381 0.031873837 2.033566475 -0.093628347 0.034891002 -0.994995713 -16.281036377
-0.995061815 0.027953649 0.095239379 -149.939651489 0.030933626 0.999072373 0.029957762 2.051757097 -0.094313577 0.032755934 -0.995003462 -17.324735641
-0.995139897 0.026128640 0.094941616 -149.837936401 0.028980248 0.999165535 0.028781518 2.069480896 -0.094110377 0.031393070 -0.995066702 -18.363145828
-0.995345414 0.023360506 0.093497470 -149.731277466 0.026184713 0.999233663 0.029094206 2.084707737 -0.092746153 0.031406991 -0.995194376 -19.413364410
-0.995529711 0.021498598 0.091969676 -149.628707886 0.024351077 0.999253094 0.030006450 2.098749876 -0.091255859 0.032111876 -0.995309591 -20.462192535
-0.995670736 0.021833556 0.090350986 -149.527557373 0.024650101 0.999240637 0.030175705 2.116429329 -0.089623541 0.032272223 -0.995452702 -21.522352219
-0.995808423 0.020964988 0.089028433 -149.428253174 0.023744641 0.999259472 0.030278597 2.132796049 -0.088327728 0.032265630 -0.995568752 -22.572944641
-0.995917261 0.020701500 0.087864242 -149.334091187 0.023622004 0.999198079 0.032330222 2.142253876 -0.087124489 0.034273759 -0.995607674 -23.626325607
-0.995957851 0.020379214 0.087479390 -149.241165161 0.023470752 0.999130487 0.034458261 2.159581184 -0.086701095 0.036372177 -0.995570183 -24.677597046
-0.996098697 0.019341936 0.086100549 -149.140838623 0.022514045 0.999097288 0.036024559 2.178755522 -0.085326038 0.037822485 -0.995634913 -25.729351044
-0.996181130 0.018392656 0.085350730 -149.049591064 0.021442566 0.999158800 0.034955747 2.193327665 -0.084635988 0.036652394 -0.995737612 -26.775596619
-0.996285856 0.018156774 0.084171906 -148.948898315 0.020915389 0.999268770 0.032008395 2.212216377 -0.083529182 0.033649988 -0.995937049 -27.816085815
-0.996349156 0.017394889 0.083579987 -148.859924316 0.020059763 0.999313414 0.031150823 2.223592043 -0.082980737 0.032713693 -0.996013999 -28.847545624
-0.996451557 0.017759092 0.082273334 -148.774093628 0.020415848 0.999293208 0.031563882 2.230577707 -0.081654675 0.033131562 -0.996109784 -29.909742355
-0.996606529 0.016787546 0.080583028 -148.685958862 0.019440493 0.999290645 0.032251019 2.248501778 -0.079984464 0.033708148 -0.996225953 -30.947097778
-0.996859133 0.015372841 0.077690385 -148.595397949 0.018060435 0.999258280 0.034010153 2.262303829 -0.077109933 0.035306450 -0.996397197 -31.977081299
-0.997078538 0.014587927 0.074977569 -148.516296387 0.017167261 0.999278724 0.033872824 2.277285099 -0.074429348 0.035061024 -0.996609747 -33.021671295
-0.997335672 0.013091011 0.071764655 -148.435760498 0.015486965 0.999337614 0.032932118 2.294427395 -0.071286008 0.033955790 -0.996877730 -34.049228668
-0.997572720 0.012148087 0.068564773 -148.358825684 0.014373799 0.999382496 0.032061979 2.307206631 -0.068132952 0.032969687 -0.997131288 -35.069309235
-0.997765124 0.011902860 0.065748811 -148.282165527 0.014136850 0.999334931 0.033617582 2.316504002 -0.065304920 0.034471940 -0.997269750 -36.087657928
-0.997937918 0.012079095 0.063040562 -148.213592529 0.014311452 0.999282002 0.035080895 2.331672668 -0.062571570 0.035910755 -0.997394204 -37.107025146
-0.998120129 0.012471757 0.060004350 -148.142913818 0.014667090 0.999233723 0.036285974 2.347368479 -0.059505820 0.037097849 -0.997538388 -38.128726959
-0.998222888 0.013607677 0.058015130 -148.083129883 0.015741382 0.999210358 0.036481559 2.364478111 -0.057472900 0.037329968 -0.997648895 -39.150962830
-0.998355150 0.013580284 0.055700179 -148.025360107 0.015591948 0.999235809 0.035841849 2.379778385 -0.055170905 0.036651369 -0.997803986 -40.155117035
-0.998433888 0.014291268 0.054087032 -147.969482422 0.016187890 0.999263346 0.034791928 2.399068832 -0.053549968 0.035612997 -0.997929871 -41.168518066
-0.998518407 0.013855929 0.052621335 -147.913909912 0.015705485 0.999267399 0.034899037 2.414255619 -0.052099232 0.035673767 -0.998004556 -42.180076599
-0.998626173 0.012190767 0.050961301 -147.851837158 0.014025369 0.999260545 0.035798743 2.430123329 -0.050487231 0.036464311 -0.998058796 -43.177570343
-0.998667121 0.011620509 0.050290391 -147.798309326 0.013371647 0.999310970 0.034625221 2.442198277 -0.049853396 0.035251532 -0.998134196 -44.180953979
-0.998698175 0.011149928 0.049775876 -147.748016357 0.012659241 0.999466419 0.030110495 2.456054688 -0.049413588 0.030701423 -0.998306394 -45.172206879
-0.998709679 0.010082128 0.049772676 -147.695129395 0.011458039 0.999557853 0.027436426 2.466945648 -0.049474068 0.027971322 -0.998383701 -46.157329559
-0.998684704 0.011106523 0.050053291 -147.641464233 0.012421530 0.999583721 0.026038183 2.478758335 -0.049743261 0.026625674 -0.998407066 -47.150688171
-0.998644412 0.011779220 0.050699443 -147.587844849 0.013156034 0.999551296 0.026908763 2.489532948 -0.050359745 0.027539290 -0.998351336 -48.142524719
-0.998591781 0.013431184 0.051322702 -147.532958984 0.014885851 0.999495089 0.028067155 2.496685028 -0.050919835 0.028791610 -0.998287618 -49.127014160
-0.998513401 0.015484880 0.052261095 -147.483612061 0.017023612 0.999430656 0.029127473 2.504019022 -0.051780310 0.029973844 -0.998208582 -50.114833832
-0.998444080 0.016480934 0.053270776 -147.426162720 0.018099133 0.999384940 0.030038681 2.512554646 -0.052742928 0.030956104 -0.998128176 -51.096382141
-0.998396754 0.016996318 0.053991817 -147.369323730 0.018658955 0.999362409 0.030440839 2.524947643 -0.053440012 0.031399466 -0.998077273 -52.074699402
-0.998353779 0.016093664 0.055053804 -147.314361572 0.017824568 0.999357462 0.031094979 2.532311916 -0.054518010 0.032025099 -0.997999012 -53.046455383
-0.998298287 0.016152173 0.056032076 -147.256408691 0.017858166 0.999387920 0.030080874 2.542623043 -0.055511922 0.031030316 -0.997975707 -54.013694763
-0.998163640 0.018388916 0.057716083 -147.194091797 0.020084783 0.999379337 0.028941620 2.550769806 -0.057148054 0.030047687 -0.997913420 -54.968658447
-0.997964919 0.019732051 0.060635388 -147.136093140 0.021441158 0.999387264 0.027666362 2.558350086 -0.060052287 0.028910151 -0.997776508 -55.912635803
-0.997808516 0.018524371 0.063521653 -147.068939209 0.020281151 0.999426365 0.027124031 2.566632748 -0.062982760 0.028352881 -0.997611761 -56.860630035
-0.997677088 0.018030979 0.065690488 -146.998245239 0.019763920 0.999471068 0.025826747 2.568866253 -0.065190054 0.027065059 -0.997505724 -57.803569794
-0.997544765 0.017973075 0.067686044 -146.932769775 0.019716995 0.999488294 0.025185529 2.574841261 -0.067198746 0.026458252 -0.997388840 -58.745292664
-0.997483671 0.016838690 0.068867326 -146.865539551 0.018624486 0.999504626 0.025371579 2.584465027 -0.068405971 0.026590358 -0.997303128 -59.683731079
-0.997506857 0.015338630 0.068883419 -146.784957886 0.017293653 0.999461770 0.027875517 2.585862160 -0.068418801 0.028997263 -0.997235179 -60.607097626
-0.997550905 0.014950268 0.068327703 -146.719116211 0.017029192 0.999406457 0.029945279 2.589236259 -0.067839488 0.031035505 -0.997213423 -61.515968323
-0.997617841 0.014326528 0.067478687 -146.654266357 0.016442981 0.999386728 0.030914430 2.596940994 -0.066994391 0.031950336 -0.997241676 -62.423248291
-0.997733116 0.013377231 0.065953933 -146.587692261 0.015460644 0.999394119 0.031180182 2.606485605 -0.065496922 0.032129183 -0.997335315 -63.317283630
-0.997892320 0.011794246 0.063810773 -146.525329590 0.013798915 0.999422014 0.031066889 2.615638256 -0.063407481 0.031881925 -0.997478366 -64.197113037
-0.998134613 0.011047718 0.060043596 -146.471603394 0.012950496 0.999423206 0.031393733 2.624151707 -0.059662137 0.032112770 -0.997701883 -65.067192078
-0.998443544 0.011642892 0.054542966 -146.423599243 0.013368378 0.999418199 0.031378001 2.632976294 -0.054145899 0.032058313 -0.998018265 -65.915794373
-0.998793006 0.012702477 0.047446564 -146.381668091 0.014210166 0.999400318 0.031575434 2.638002872 -0.047016993 0.032211542 -0.998374581 -66.745025635
-0.999106228 0.014545877 0.039687131 -146.351974487 0.015824413 0.999359488 0.032094013 2.646245480 -0.039194845 0.032693349 -0.998696625 -67.561538696
-0.999342382 0.017224319 0.031908676 -146.331695557 0.018290300 0.999273896 0.033422161 2.657281399 -0.031309836 0.033983797 -0.998931825 -68.349937439
-0.999497950 0.020525359 0.024136243 -146.318496704 0.021339549 0.999194860 0.033973865 2.662469864 -0.023419484 0.034471866 -0.999131203 -69.121902466
-0.999615967 0.022276081 0.016479781 -146.306884766 0.022829847 0.999153733 0.034214914 2.674627304 -0.015703660 0.034578010 -0.999278545 -69.861854553
-0.999672413 0.023770191 0.009485653 -146.312240601 0.024088986 0.999095440 0.035042901 2.682965994 -0.008644095 0.035259921 -0.999340773 -70.588500977
-0.999694645 0.024609478 0.002221121 -146.305404663 0.024672329 0.999078691 0.035115473 2.688227415 -0.001354932 0.035159551 -0.999380767 -71.275772095
-0.999649823 0.026177116 -0.003855291 -146.313995361 0.026028678 0.999065280 0.034516063 2.696691036 0.004755247 0.034403633 -0.999396682 -71.943725586
-0.999568522 0.027716106 -0.009716183 -146.320053101 0.027367825 0.999036491 0.034311369 2.700217724 0.010657819 0.034030657 -0.999363959 -72.572776794
-0.999477863 0.028560758 -0.015107649 -146.332199097 0.028036682 0.999034107 0.033832446 2.709530830 0.016059369 0.033391211 -0.999313354 -73.183868408
-0.999321342 0.031113259 -0.019717466 -146.352996826 0.030445913 0.998981893 0.033287201 2.714118958 0.020733070 0.032664295 -0.999251366 -73.767959595
-0.999173284 0.032451790 -0.024485117 -146.363983154 0.031595405 0.998902142 0.034587160 2.720540047 0.025580648 0.033784952 -0.999101698 -74.319046021
-0.999049783 0.033231419 -0.028200075 -146.381057739 0.032189369 0.998810172 0.036634490 2.722339869 0.029383931 0.035691939 -0.998930752 -74.838890076
-0.998892307 0.034035426 -0.032492884 -146.391769409 0.032808829 0.998755336 0.037564654 2.728648663 0.033730980 0.036456987 -0.998765707 -75.348442078
-0.998773336 0.034432326 -0.035582822 -146.410919189 0.033072084 0.998725116 0.038133934 2.735840797 0.036850471 0.036910355 -0.998638928 -75.823951721
-0.998621345 0.036196601 -0.038016096 -146.428024292 0.034720600 0.998643816 0.038793735 2.741363525 0.039368689 0.037420310 -0.998523831 -76.253410339
-0.998478234 0.038106706 -0.039863359 -146.447082520 0.036535580 0.998554289 0.039425597 2.744843006 0.041308109 0.037909165 -0.998427033 -76.665626526
-0.998398125 0.039060604 -0.040931839 -146.476516724 0.037410017 0.998485208 0.040343817 2.752683163 0.042445701 0.038747925 -0.998347163 -77.051177979
-0.998400390 0.038790103 -0.041133150 -146.485626221 0.037098866 0.998465538 0.041111913 2.763607025 0.042664740 0.039520159 -0.998307526 -77.389030457
-0.998448014 0.036816977 -0.041784361 -146.483322144 0.035130106 0.998565257 0.040411592 2.781501532 0.043212224 0.038880989 -0.998309135 -77.687522888
-0.998452902 0.037286855 -0.041250423 -146.489639282 0.035591841 0.998521388 0.041089192 2.783617735 0.042721491 0.039557446 -0.998303652 -77.945098877
-0.998588562 0.035064828 -0.039891731 -146.488891602 0.033437621 0.998609662 0.040751461 2.778150797 0.041265242 0.039360061 -0.998372674 -78.194412231
-0.998773277 0.031966783 -0.037813596 -146.487915039 0.030428441 0.998712778 0.040581305 2.758246899 0.039062172 0.039380923 -0.998460412 -78.411651611
-0.998905599 0.031015301 -0.035006203 -146.490173340 0.029643171 0.998797178 0.039057638 2.764700890 0.036175486 0.037977207 -0.998623550 -78.637016296
-0.999033630 0.030689118 -0.031463746 -146.508224487 0.029540397 0.998902559 0.036346238 2.767129660 0.032544620 0.035381664 -0.998843849 -78.817596436
-0.999093175 0.031063728 -0.029115900 -146.511093140 0.030058395 0.998957634 0.034352548 2.770091534 0.030152664 0.033446219 -0.998985589 -79.010749817
-0.999132931 0.031964187 -0.026675105 -146.515548706 0.031041985 0.998929560 0.034297790 2.770320654 0.027742835 0.033440009 -0.999055624 -79.197326660
-0.999228179 0.030777236 -0.024408618 -146.510330200 0.029905779 0.998929203 0.035298564 2.772816181 0.025468880 0.034541357 -0.999078691 -79.376800537
-0.999354661 0.029085614 -0.021076802 -146.520431519 0.028330289 0.998975515 0.035290256 2.781538248 0.022081628 0.034670372 -0.999154806 -79.553833008
-0.999460638 0.027327258 -0.018215744 -146.514129639 0.026680637 0.999036551 0.034842763 2.779347658 0.019150365 0.034337960 -0.999226809 -79.716865540
-0.999483585 0.028374612 -0.015077962 -146.491424561 0.027847430 0.999030590 0.034093313 2.782124996 0.016030712 0.033655826 -0.999304950 -79.877388000
-0.999516189 0.029275833 -0.010503108 -146.490493774 0.028915469 0.999038279 0.032961540 2.787746191 0.011457978 0.032641895 -0.999401450 -80.002563477
-0.999549747 0.029547209 -0.005219268 -146.487701416 0.029362019 0.999038100 0.032569010 2.788712025 0.006176580 0.032401100 -0.999455929 -80.127265930
-0.999591410 0.028483259 0.002352629 -146.495590210 0.028544491 0.999069273 0.032336153 2.793712616 -0.001429409 0.032390103 -0.999474227 -80.262351990
-0.999611318 0.025966840 0.010138039 -146.485260010 0.026287574 0.999112725 0.032901503 2.779784679 -0.009274684 0.033155218 -0.999407232 -80.374526978
-0.999559462 0.023757299 0.017787430 -146.475387573 0.024319042 0.999190092 0.032060202 2.797008514 -0.017011363 0.032478653 -0.999327719 -80.472511292
-0.999447107 0.022546278 0.024435245 -146.456298828 0.023352845 0.999174476 0.033241600 2.795193434 -0.023665614 0.033793859 -0.999148548 -80.575119019
-0.999306619 0.020967098 0.030770425 -146.444335938 0.022018945 0.999170601 0.034252413 2.788480759 -0.030026719 0.034906194 -0.998939395 -80.658996582
-0.999150634 0.020546108 0.035718121 -146.441146851 0.021773774 0.999173403 0.034328755 2.789672613 -0.034983266 0.035077315 -0.998772204 -80.707328796
-0.999007940 0.020730359 0.039412320 -146.422332764 0.022043077 0.999206662 0.033169761 2.793323040 -0.038693435 0.034005627 -0.998672307 -80.761657715
-0.998883486 0.020444615 0.042587422 -146.417861938 0.021854831 0.999219179 0.032915313 2.795623302 -0.041881211 0.033809304 -0.998550415 -80.797340393
-0.998811305 0.020623963 0.044165175 -146.405258179 0.022082606 0.999218047 0.032797810 2.796215057 -0.043454226 0.033734106 -0.998485744 -80.819839478
-0.998698115 0.019918786 0.046961363 -146.418655396 0.021448113 0.999248385 0.032289810 2.794652939 -0.046282880 0.033255007 -0.998374701 -80.833625793
-0.998668492 0.019689072 0.047681820 -146.416854858 0.021259453 0.999240577 0.032654483 2.793619871 -0.047002677 0.033624694 -0.998328686 -80.854064941
-0.998688757 0.019693375 0.047253713 -146.414596558 0.021246007 0.999243259 0.032583248 2.793343782 -0.046576250 0.033544481 -0.998351336 -80.845870972
-0.998684466 0.020464469 0.047018200 -146.410140991 0.021983644 0.999245286 0.032023642 2.791142464 -0.046327375 0.033015139 -0.998380661 -80.825790405
-0.998678148 0.020822609 0.046992492 -146.409271240 0.022290876 0.999272645 0.030940011 2.784422636 -0.046314057 0.031946618 -0.998415947 -80.811653137
-0.998677254 0.020637816 0.047093648 -146.416336060 0.022074047 0.999300599 0.030183790 2.790327311 -0.046437785 0.031183412 -0.998434365 -80.820930481
-0.998670161 0.020592725 0.047263153 -146.401107788 0.022054410 0.999287903 0.030616235 2.794224501 -0.046599034 0.031617887 -0.998413146 -80.842521667
-0.998692572 0.020912375 0.046645682 -146.381866455 0.022314539 0.999308467 0.029744511 2.801803112 -0.045991383 0.030746505 -0.998468578 -80.848281860
-0.998697162 0.020802643 0.046595342 -146.381072998 0.022231750 0.999291599 0.030365232 2.789516687 -0.045930661 0.031361572 -0.998452187 -80.849464417
-0.998682261 0.020455757 0.047066506 -146.393814087 0.021935869 0.999274015 0.031148612 2.782326698 -0.046395168 0.032140013 -0.998405993 -80.849868774
-0.998624265 0.020809721 0.048128176 -146.419372559 0.022272028 0.999300182 0.030049458 2.795692682 -0.047469195 0.031080032 -0.998389125 -80.844177246
-0.998642564 0.020536060 0.047865052 -146.415786743 0.022005124 0.999296546 0.030369727 2.791940212 -0.047207713 0.031381782 -0.998391986 -80.847396851
-0.998631418 0.020783732 0.047993436 -146.422271729 0.022259044 0.999289572 0.030412715 2.792594194 -0.047327239 0.031439379 -0.998384595 -80.852958679
-0.998642623 0.020397294 0.047924045 -146.420913696 0.021871209 0.999297440 0.030434709 2.793352365 -0.047269572 0.031441562 -0.998387158 -80.853309631
-0.998632610 0.020674847 0.048014745 -146.412292480 0.022155302 0.999288917 0.030508583 2.791302443 -0.047349807 0.031530652 -0.998380661 -80.839530945
-0.998597920 0.020888405 0.048640765 -146.423263550 0.022377921 0.999290884 0.030282237 2.792166233 -0.047973711 0.031328257 -0.998357177 -80.844200134
-0.998595357 0.020984035 0.048651692 -146.424148560 0.022479281 0.999285221 0.030392919 2.790924311 -0.047979146 0.031443886 -0.998353302 -80.838249207
-0.998597801 0.021104302 0.048548605 -146.420272827 0.022604879 0.999276996 0.030570270 2.789494038 -0.047868330 0.031624842 -0.998352885 -80.828628540
-0.998596668 0.021029361 0.048605654 -146.418380737 0.022516474 0.999288619 0.030253138 2.794016838 -0.047934864 0.031305112 -0.998359799 -80.846336365
-0.998595834 0.021264853 0.048520360 -146.413146973 0.022764893 0.999273181 0.030575342 2.788501740 -0.047834892 0.031636968 -0.998354137 -80.838851929
-0.998580992 0.021207832 0.048848793 -146.416839600 0.022722045 0.999271810 0.030654097 2.786698341 -0.048163105 0.031720541 -0.998335660 -80.833564758
-0.998558402 0.021175466 0.049322654 -146.422119141 0.022684218 0.999285460 0.030233230 2.791479826 -0.048647199 0.031308495 -0.998325229 -80.833076477
-0.998551428 0.021262534 0.049426489 -146.416671753 0.022778094 0.999281168 0.030304499 2.791465998 -0.048746612 0.031386442 -0.998317957 -80.832412720
-0.998511970 0.021568999 0.050087251 -146.417892456 0.023092560 0.999281883 0.030041311 2.795953512 -0.049403332 0.031153250 -0.998292923 -80.845237732
-0.998480737 0.021805212 0.050602693 -146.420593262 0.023340242 0.999279082 0.029944934 2.795761585 -0.049913242 0.031080518 -0.998269856 -80.836135864
-0.998484552 0.021896979 0.050488096 -146.414947510 0.023452554 0.999261796 0.030426852 2.790044785 -0.049784567 0.031564821 -0.998261034 -80.839370728
-0.998464048 0.021797733 0.050934628 -146.417526245 0.023344727 0.999277949 0.029977204 2.796651363 -0.050244410 0.031120220 -0.998251975 -80.846015930
-0.998457372 0.022030598 0.050966598 -146.417739868 0.023588195 0.999266565 0.030164219 2.793869972 -0.050264657 0.031319898 -0.998244762 -80.849205017
-0.998424530 0.022075135 0.051586531 -146.425888062 0.023653634 0.999264300 0.030191574 2.793243647 -0.050882094 0.031364217 -0.998212099 -80.838294983
-0.998444438 0.022117704 0.051181067 -146.419815063 0.023683168 0.999263763 0.030185137 2.793241739 -0.050475746 0.031350315 -0.998233199 -80.826904297
-0.998471677 0.022247937 0.050587948 -146.401947021 0.023808056 0.999252796 0.030449178 2.788592815 -0.049872681 0.031607050 -0.998255372 -80.827308655
-0.998470247 0.021923855 0.050758936 -146.395858765 0.023490401 0.999259472 0.030474383 2.786652327 -0.050053217 0.031620115 -0.998245835 -80.830810547
-0.998501599 0.022184450 0.050024614 -146.375396729 0.023724360 0.999256194 0.030402251 2.791097641 -0.049312931 0.031543497 -0.998285174 -80.840805054
-0.998463750 0.022396613 0.050679054 -146.385452271 0.023938969 0.999262214 0.030034292 2.797741175 -0.049968984 0.031201361 -0.998263359 -80.838294983
-0.998438120 0.022243896 0.051249959 -146.411987305 0.023828885 0.999249876 0.030525925 2.788227320 -0.050532494 0.031699479 -0.998219252 -80.815971375
-0.998417318 0.022116577 0.051708430 -146.416671753 0.023706544 0.999258459 0.030340150 2.792919159 -0.050999071 0.031517960 -0.998201191 -80.822029114
-0.998391449 0.022297326 0.052128736 -146.418655396 0.023910223 0.999248087 0.030524494 2.786898613 -0.051408920 0.031721808 -0.998173714 -80.827537537
-0.998399019 0.022189328 0.052029401 -146.412429810 0.023781886 0.999261200 0.030192066 2.793886185 -0.051321007 0.031381093 -0.998189092 -80.831733704
-0.998381197 0.022447217 0.052260052 -146.409851074 0.024043228 0.999257267 0.030114083 2.796556711 -0.051545255 0.031321838 -0.998179376 -80.837463379
-0.998369813 0.022399101 0.052496370 -146.414978027 0.024003316 0.999257743 0.030129965 2.793551445 -0.051782504 0.031340942 -0.998166502 -80.832366943
-0.998358130 0.022631755 0.052619316 -146.415802002 0.024240158 0.999252021 0.030132148 2.795420170 -0.051897973 0.031358175 -0.998159945 -80.835708618
-0.998356223 0.022635087 0.052653536 -146.411453247 0.024239505 0.999254882 0.030034836 2.797096968 -0.051934440 0.031261764 -0.998161077 -80.833068848
-0.998380065 0.022567546 0.052229702 -146.398757935 0.024147898 0.999263287 0.029826980 2.800486803 -0.051518112 0.031039894 -0.998189628 -80.852790833
-0.998392165 0.022457983 0.052045029 -146.394653320 0.024039734 0.999261796 0.029967878 2.798973560 -0.051333576 0.031170845 -0.998194993 -80.846603394
-0.998391390 0.022529300 0.052027911 -146.393234253 0.024116788 0.999256313 0.030088667 2.794819355 -0.051311325 0.031295016 -0.998192251 -80.851531982
-0.998442590 0.022374801 0.051104635 -146.372268677 0.023943104 0.999254584 0.030284904 2.792350531 -0.050388902 0.031461347 -0.998234034 -80.842895508
-0.998388588 0.022621036 0.052041754 -146.393569946 0.024202473 0.999258041 0.029960988 2.799695492 -0.051325396 0.031172249 -0.998195410 -80.846466064
-0.998427510 0.022453358 0.051364332 -146.381332397 0.024037406 0.999247730 0.030432299 2.790287256 -0.050642390 0.031619113 -0.998216212 -80.837379456
-0.998385131 0.022342978 0.052230310 -146.400283813 0.023942884 0.999256790 0.030209400 2.793805361 -0.051516511 0.031411160 -0.998178065 -80.835632324
-0.998371124 0.022537919 0.052414339 -146.404266357 0.024143295 0.999252319 0.030199744 2.794929981 -0.051694501 0.031416006 -0.998168707 -80.836898804
-0.998343170 0.022606431 0.052912984 -146.415405273 0.024230476 0.999248505 0.030255171 2.792803288 -0.052189231 0.031487152 -0.998140693 -80.837615967
-0.998362362 0.022446668 0.052618779 -146.409240723 0.024055270 0.999256253 0.030139558 2.795091867 -0.051903103 0.031355962 -0.998159766 -80.834869385
-0.998328865 0.022500502 0.053226799 -146.419631958 0.024135742 0.999249995 0.030281402 2.792834520 -0.052505530 0.031515468 -0.998123169 -80.836006165
-0.998338640 0.022446660 0.053067546 -146.421066284 0.024080776 0.999249041 0.030356798 2.791215658 -0.052346278 0.031584270 -0.998129427 -80.829887390
-0.998267233 0.022702424 0.054286189 -146.426422119 0.024372773 0.999243379 0.030307736 2.790881395 -0.053557079 0.031578332 -0.998065352 -80.842330933
-0.998174727 0.022330470 0.056111436 -146.416900635 0.024038455 0.999262333 0.029950773 2.785440683 -0.055401236 0.031244941 -0.997975230 -80.835662842
-0.998108804 0.021662302 0.057527542 -146.405334473 0.023397014 0.999286354 0.029653952 2.787695646 -0.056844093 0.030943848 -0.997903407 -80.832824707
-0.997932315 0.021218730 0.060670048 -146.399429321 0.023040302 0.999299645 0.029483963 2.786088705 -0.060001936 0.030820858 -0.997722387 -80.845497131
-0.997567594 0.021622084 0.066266775 -146.409545898 0.023603706 0.999292910 0.029268060 2.790225029 -0.065587088 0.030761007 -0.997372568 -80.859680176
-0.997232735 0.021238120 0.071245402 -146.379119873 0.023334732 0.999314964 0.028725892 2.796964884 -0.070586517 0.030308895 -0.997045100 -80.914634705
-0.996850491 0.021117745 0.076440021 -146.349121094 0.023415625 0.999296606 0.029290764 2.795609236 -0.075767718 0.030988403 -0.996643841 -80.916000366
-0.996254146 0.020533139 0.084000632 -146.325103760 0.023087751 0.999296486 0.029554194 2.786698103 -0.083334707 0.031382874 -0.996027350 -80.952774048
-0.995457053 0.020113736 0.093063399 -146.312500000 0.022885323 0.999322951 0.028810877 2.795364380 -0.092420861 0.030809775 -0.995243311 -80.981544495
-0.994530201 0.019751998 0.102564767 -146.298019409 0.022857122 0.999312580 0.029188164 2.786814213 -0.101917729 0.031372849 -0.994298041 -81.021179199
-0.993252695 0.018955123 0.114411019 -146.315338135 0.022359964 0.999342144 0.028549980 2.797039509 -0.113794617 0.030915570 -0.993023157 -81.048835754
-0.991834283 0.018882891 0.126127511 -146.299621582 0.022708200 0.999322653 0.028960126 2.788822651 -0.125495240 0.031587776 -0.991591215 -81.090255737
-0.990171671 0.018522549 0.138624787 -146.275711060 0.022662403 0.999341190 0.028345050 2.795617104 -0.138008431 0.031208038 -0.989939272 -81.109802246
-0.988008261 0.018083619 0.153337851 -146.260955811 0.022489792 0.999381065 0.027049270 2.801393509 -0.152753770 0.030173440 -0.987803578 -81.161148071
-0.985400796 0.017305460 0.169368476 -146.230361938 0.021884806 0.999442577 0.025208306 2.798311710 -0.168837816 0.028546883 -0.985230386 -81.226364136
-0.982370257 0.016186906 0.186243638 -146.190063477 0.020835551 0.999517620 0.023029640 2.799317360 -0.185781002 0.026504124 -0.982233644 -81.306922913
-0.978821218 0.014829410 0.204179183 -146.152267456 0.019801652 0.999554455 0.022330696 2.796489239 -0.203757063 0.025900839 -0.978678823 -81.394767761
-0.974927783 0.013991478 0.222081542 -146.104125977 0.019500462 0.999553561 0.022632690 2.805480003 -0.221665740 0.026395928 -0.974765420 -81.506225586
-0.970446229 0.014857233 0.240859836 -146.047836304 0.021215502 0.999490917 0.023826431 2.805409431 -0.240383238 0.028232235 -0.970267415 -81.641464233
-0.964914918 0.015579529 0.262100160 -145.997726440 0.022865418 0.999431610 0.024771074 2.811964035 -0.261565268 0.029895009 -0.964722693 -81.779708862
-0.958709121 0.014541532 0.284016490 -145.915725708 0.022931408 0.999392629 0.026237369 2.808645248 -0.283462524 0.031666905 -0.958460331 -81.927536011
-0.951413810 0.011592587 0.307697088 -145.846237183 0.021626553 0.999338984 0.029219886 2.809122086 -0.307154983 0.034454629 -0.951035559 -82.090721130
-0.943581402 0.011019977 0.330957234 -145.747024536 0.022518069 0.999267817 0.030927613 2.811026573 -0.330374092 0.036635242 -0.943138778 -82.255683899
-0.934680581 0.011828097 0.355291992 -145.648330688 0.024597218 0.999202788 0.031444211 2.817235947 -0.354636788 0.038129486 -0.934226453 -82.427284241
-0.924433053 0.011868541 0.381159484 -145.548507690 0.026664002 0.999080896 0.033559322 2.819418430 -0.380410910 0.041186590 -0.923900068 -82.585960388
-0.911729276 0.011409359 0.410633087 -145.475891113 0.028805085 0.998929322 0.036200926 2.823806763 -0.409780413 0.044833764 -0.911081731 -82.741905212
-0.897141278 0.010946699 0.441608071 -145.348861694 0.030385613 0.998854399 0.036969505 2.830574512 -0.440697461 0.046585400 -0.896446109 -82.934509277
-0.879668415 0.011123106 0.475457340 -145.209976196 0.032016013 0.998843610 0.035867013 2.831421375 -0.474508524 0.046773329 -0.879007339 -83.129722595
-0.858866394 0.010065170 0.512100756 -145.059921265 0.031525034 0.998950183 0.033237975 2.840457678 -0.511228621 0.044690974 -0.858282030 -83.331512451
-0.835131466 0.006783215 0.550008476 -144.894790649 0.028730003 0.999096990 0.031301782 2.833878756 -0.549299479 0.041942842 -0.834572315 -83.514999390
-0.806918859 0.005534832 0.590636432 -144.708618164 0.028725158 0.999140680 0.029880987 2.826639414 -0.589963436 0.041077659 -0.806384385 -83.727951050
-0.774880171 0.009393937 0.632038236 -144.466812134 0.033523090 0.999093175 0.026249941 2.835723162 -0.631218493 0.041528434 -0.774492383 -83.969184875
-0.739035726 0.013682181 0.673527241 -144.217254639 0.037773192 0.999062479 0.021151908 2.852709770 -0.672606468 0.041073292 -0.738859594 -84.228393555
-0.702275157 0.015289851 0.711741388 -143.916839600 0.038816117 0.999104619 0.016836789 2.867272377 -0.710846663 0.039451092 -0.702239811 -84.476852417
-0.663549840 0.014891569 0.747983813 -143.565124512 0.038565323 0.999153495 0.014319906 2.885750771 -0.747137427 0.038348209 -0.663562477 -84.752410889
-0.623389781 0.015041596 0.781766534 -143.174728394 0.040947348 0.999071062 0.013429244 2.886715412 -0.780838311 0.040382922 -0.623426616 -85.008300781
-0.580017686 0.013640879 0.814489663 -142.757843018 0.042818982 0.998988032 0.013761617 2.897096634 -0.813477695 0.042857602 -0.580014825 -85.278007507
-0.535440028 0.010131985 0.844512463 -142.297073364 0.043132108 0.998951256 0.015361879 2.906019211 -0.843471169 0.044650968 -0.535315454 -85.529075623
-0.487804651 0.005891278 0.872932851 -141.818847656 0.045808811 0.998772264 0.018857926 2.909017563 -0.871750116 0.049187001 -0.487475693 -85.774246216
-0.438252658 0.002571955 0.898848116 -141.300567627 0.051094890 0.998450220 0.022055451 2.916957140 -0.897398412 0.055592407 -0.437704891 -86.010581970
-0.390154749 -0.001106976 0.920748651 -140.726943970 0.054346666 0.998228133 0.024228793 2.927700996 -0.919143975 0.059492599 -0.389403343 -86.204376221
-0.339355171 -0.005344882 0.940643191 -140.143951416 0.056612093 0.998055160 0.026095016 2.936683655 -0.938953161 0.062107258 -0.338392615 -86.389617920
-0.289808333 -0.009583246 0.957036912 -139.522888184 0.059092380 0.997862935 0.027886307 2.943793774 -0.955258727 0.064635262 -0.288622648 -86.548088074
-0.240612030 -0.011892182 0.970548451 -138.923568726 0.062307470 0.997673333 0.027671399 2.947136164 -0.968619466 0.067130499 -0.239311278 -86.676879883
-0.194446728 -0.011351848 0.980847418 -138.250701904 0.066143766 0.997505367 0.024657214 2.962378502 -0.978680491 0.069671467 -0.193210796 -86.802490234
-0.154640019 -0.010877779 0.987911046 -137.574752808 0.066000618 0.997591853 0.021315597 2.968809128 -0.985763907 0.068498984 -0.153549671 -86.879829407
-0.120913848 -0.011084137 0.992601156 -136.842330933 0.064340867 0.997747481 0.018979287 2.976700783 -0.990575731 0.066159666 -0.119928293 -86.948806763
-0.093904749 -0.009081521 0.995539725 -136.107879639 0.063090108 0.997894287 0.015054004 2.986362696 -0.993580163 0.064222351 -0.093134053 -87.000373840
-0.071910158 -0.007279991 0.997384548 -135.336380005 0.063577957 0.997906327 0.011867689 2.991652250 -0.995382726 0.064265072 -0.071296766 -87.049263000
-0.054792721 -0.006703888 0.998475313 -134.535125732 0.063965917 0.997899830 0.010210251 2.998407841 -0.996446729 0.064427823 -0.054248888 -87.085990906
-0.039858826 -0.006129430 0.999186516 -133.716308594 0.065439291 0.997818351 0.008731492 2.991880417 -0.997060120 0.065734088 -0.039370753 -87.108703613
-0.026033962 -0.003330316 0.999655485 -132.872802734 0.066505134 0.997773409 0.005056038 3.004615545 -0.997446418 0.066613860 -0.025754539 -87.130859375
-0.011196441 0.000177597 0.999937296 -132.015121460 0.067960300 0.997687817 0.000583763 3.000425577 -0.997625291 0.067962572 -0.011182622 -87.139114380
0.003167151 0.003175042 0.999989927 -131.145401001 0.067824453 0.997691512 -0.003382564 2.995448112 -0.997692287 0.067834489 0.002944497 -87.128784180
0.015684336 0.003534756 0.999870718 -130.216720581 0.064621381 0.997899652 -0.004541457 2.983941555 -0.997786582 0.064684264 0.015422972 -87.110893250
0.025315102 0.003415499 0.999673665 -129.286407471 0.060432464 0.998160064 -0.004940683 2.975449085 -0.997851253 0.060537819 0.025062133 -87.081565857
0.030305183 0.003528465 0.999534488 -128.334808350 0.056198705 0.998405874 -0.005228397 2.958060980 -0.997959554 0.056330979 0.030058578 -87.035018921
0.031750374 0.003676767 0.999489129 -127.367912292 0.053393669 0.998559117 -0.005369481 2.942169189 -0.998068631 0.053536870 0.031508345 -86.981597900
0.032899141 0.002874765 0.999454558 -126.370223999 0.052703243 0.998599648 -0.004607148 2.936476946 -0.998068094 0.052826062 0.032701571 -86.951736450
0.034477301 0.001326075 0.999404609 -125.367797852 0.053875130 0.998542607 -0.003183515 2.920852661 -0.997952282 0.053952821 0.034355614 -86.913833618
0.037850142 0.001070040 0.999282897 -124.322013855 0.054410912 0.998513758 -0.003130155 2.914040327 -0.997800946 0.054490361 0.037735675 -86.879653931
0.041710272 0.000615061 0.999129534 -123.271430969 0.055073466 0.998478055 -0.002913788 2.901178360 -0.997610748 0.055147063 0.041612912 -86.826126099
0.046502762 0.001184578 0.998917580 -122.207054138 0.054934122 0.998482883 -0.003741426 2.889504671 -0.997406483 0.055048637 0.046367176 -86.774665833
0.051080503 0.001517626 0.998693347 -121.114753723 0.054627929 0.998497486 -0.004311402 2.879957438 -0.997199237 0.054776780 0.050920859 -86.717491150
0.055847257 0.001078071 0.998438835 -120.018409729 0.053399350 0.998564899 -0.004065078 2.864337444 -0.997010291 0.053543005 0.055709545 -86.645721436
0.060995881 -0.001656619 0.998136580 -118.886444092 0.054624341 0.998505533 -0.001680844 2.846040964 -0.996642232 0.054625079 0.060995214 -86.581588745
0.066249326 -0.005291331 0.997789025 -117.740211487 0.056052364 0.998426557 0.001573052 2.839892626 -0.996227562 0.055824216 0.066441655 -86.509399414
0.070110716 -0.007435915 0.997511566 -116.601264954 0.056037426 0.998422503 0.003504079 2.826726913 -0.995964050 0.055652305 0.070416808 -86.424324036
0.071481258 -0.007177810 0.997416139 -115.428337097 0.056693293 0.998386681 0.003121794 2.820049047 -0.995829403 0.056323655 0.071772851 -86.326560974
0.072109424 -0.004818703 0.997385204 -114.254714966 0.054591045 0.998508394 0.000877279 2.816619158 -0.995901585 0.054385040 0.072264925 -86.245002747
0.070245117 -0.004242607 0.997520745 -113.056175232 0.054807726 0.998496890 0.000387221 2.811219215 -0.996022880 0.054644648 0.070372052 -86.149932861
0.069264658 -0.007118603 0.997572899 -111.856048584 0.055953175 0.998428166 0.003239706 2.787734270 -0.996027946 0.055592980 0.069554098 -86.061759949
0.069037788 -0.008922905 0.997574091 -110.641174316 0.056921445 0.998366237 0.004990707 2.781004190 -0.995988786 0.056438819 0.069432899 -85.983619690
0.068721153 -0.010672297 0.997578800 -109.442535400 0.058610544 0.998258829 0.006642018 2.764588356 -0.995912731 0.058012187 0.069227010 -85.909278870
0.067304648 -0.011275713 0.997668743 -108.260841370 0.058506902 0.998260081 0.007335402 2.752667189 -0.996015549 0.057876796 0.067847282 -85.808975220
0.067243338 -0.011093707 0.997674942 -107.069656372 0.058575213 0.998257339 0.007152214 2.744315863 -0.996015668 0.057958078 0.067775957 -85.734054565
0.065890290 -0.010214575 0.997774601 -105.894157410 0.058125481 0.998288870 0.006381390 2.719205618 -0.996132493 0.057575665 0.066371270 -85.638893127
0.065357059 -0.007649777 0.997832596 -104.707489014 0.058073062 0.998304844 0.003849672 2.710134983 -0.996170640 0.057695579 0.065690525 -85.558502197
0.065016448 -0.007406515 0.997856736 -103.507934570 0.057387751 0.998345196 0.003670982 2.697741032 -0.996232629 0.057026085 0.065333873 -85.478294373
0.064794421 -0.009234727 0.997856021 -102.312599182 0.056486718 0.998387814 0.005571762 2.692021370 -0.996298611 0.056004580 0.065211616 -85.404953003
0.063792273 -0.011583460 0.997896016 -101.120094299 0.057521574 0.998312891 0.007911126 2.668018579 -0.996304035 0.056895886 0.064350970 -85.320175171
0.063390426 -0.009787059 0.997940838 -99.934852600 0.056373611 0.998390377 0.006210549 2.661924839 -0.996395350 0.055863842 0.063840121 -85.238555908
0.063290335 -0.007804595 0.997964740 -98.751068115 0.056693498 0.998382807 0.004212396 2.646795034 -0.996383548 0.056311511 0.063630469 -85.163047791
0.063048355 -0.005856415 0.997993290 -97.575508118 0.057250351 0.998357356 0.002241751 2.632059336 -0.996367037 0.056994133 0.063280076 -85.089164734
0.062461346 -0.008435668 0.998011768 -96.391311646 0.055701677 0.998435199 0.004953112 2.613162518 -0.996491730 0.055281557 0.062833503 -85.009506226
0.061684176 -0.011869151 0.998025119 -95.197158813 0.054918636 0.998454809 0.008479950 2.599562168 -0.996583760 0.054287098 0.062240660 -84.919441223
0.061377026 -0.014183522 0.998013854 -94.009765625 0.053235419 0.998522282 0.010916819 2.587257624 -0.996693969 0.052459639 0.062041383 -84.848793030
0.060830593 -0.012541444 0.998069227 -92.844497681 0.050400320 0.998684108 0.009477356 2.577047586 -0.996874809 0.049726501 0.061382603 -84.763809204
0.060644329 -0.011027017 0.998098552 -91.685485840 0.049737412 0.998730123 0.008011959 2.565115690 -0.996919394 0.049156960 0.061115813 -84.690277100
0.061200183 -0.010344477 0.998071969 -90.531982422 0.049560957 0.998744249 0.007312448 2.554960966 -0.996894240 0.049017873 0.061636005 -84.621765137
0.060313482 -0.011420690 0.998114169 -89.365264893 0.048675511 0.998778582 0.008486954 2.540653229 -0.996991992 0.048071831 0.060795695 -84.537651062
0.060244147 -0.012739860 0.998102367 -88.199432373 0.050188791 0.998692453 0.009718067 2.528958082 -0.996921122 0.049508099 0.060804792 -84.465232849
0.059674345 -0.012659450 0.998137593 -87.060775757 0.050503053 0.998677313 0.009646935 2.511657238 -0.996939540 0.049833324 0.060234759 -84.385421753
0.059750713 -0.010410273 0.998158991 -85.905624390 0.052630223 0.998587668 0.007264248 2.503314495 -0.996824861 0.052099302 0.060214229 -84.322433472
0.060386851 -0.009363880 0.998131096 -84.765007019 0.055430129 0.998444438 0.006013306 2.487780094 -0.996634841 0.054963414 0.060811963 -84.257041931
0.061757904 -0.009607228 0.998044908 -83.620628357 0.057749573 0.998312771 0.006036331 2.478319883 -0.996419072 0.057263874 0.062208552 -84.182640076
0.065107092 -0.010594564 0.997822046 -82.490722656 0.058257155 0.998278439 0.006798172 2.467808008 -0.996176243 0.057687666 0.065612242 -84.111145020
