5.868903e-01 4.366091e-02 -8.084884e-01 1.967611e+02 -2.548603e-02 9.990464e-01 3.545107e-02 -1.368933e+01 8.092652e-01 -2.007230e-04 5.874433e-01 2.015088e+02
5.774318e-01 3.850325e-02 -8.155305e-01 1.962530e+02 -1.971235e-02 9.992536e-01 3.322007e-02 -1.367872e+01 8.162009e-01 -3.106295e-03 5.777598e-01 2.018720e+02
5.677095e-01 3.186389e-02 -8.226121e-01 1.957323e+02 -1.557899e-02 9.994875e-01 2.796363e-02 -1.366522e+01 8.230816e-01 -3.059751e-03 5.679149e-01 2.022339e+02
5.571491e-01 2.847505e-02 -8.299241e-01 1.951849e+02 -1.378596e-02 9.995913e-01 2.504155e-02 -1.365300e+01 8.302980e-01 -2.510572e-03 5.573140e-01 2.025990e+02
5.464707e-01 2.428149e-02 -8.371262e-01 1.946237e+02 -9.969527e-03 9.996974e-01 2.248896e-02 -1.364311e+01 8.374189e-01 -3.943797e-03 5.465473e-01 2.029671e+02
5.424802e-01 2.376208e-02 -8.397325e-01 1.939554e+02 -8.732601e-03 9.997054e-01 2.264747e-02 -1.363086e+01 8.400232e-01 -4.952749e-03 5.425278e-01 2.033509e+02
5.384823e-01 2.325272e-02 -8.423160e-01 1.932881e+02 -7.496301e-03 9.997118e-01 2.280546e-02 -1.361862e+01 8.426034e-01 -5.966077e-03 5.385014e-01 2.037342e+02
5.344663e-01 2.275211e-02 -8.448835e-01 1.926198e+02 -6.257289e-03 9.997167e-01 2.296335e-02 -1.360636e+01 8.451666e-01 -6.986455e-03 5.344573e-01 2.041179e+02
5.304375e-01 2.226094e-02 -8.474317e-01 1.919516e+02 -5.017165e-03 9.997201e-01 2.312095e-02 -1.359410e+01 8.477092e-01 -8.012507e-03 5.304007e-01 2.045017e+02
5.263973e-01 2.177941e-02 -8.499598e-01 1.912835e+02 -3.776330e-03 9.997219e-01 2.327817e-02 -1.358184e+01 8.502303e-01 -9.043832e-03 5.263331e-01 2.048853e+02
5.223440e-01 2.130736e-02 -8.524687e-01 1.906153e+02 -2.534266e-03 9.997221e-01 2.343510e-02 -1.356958e+01 8.527311e-01 -1.008080e-02 5.222528e-01 2.052690e+02
5.182782e-01 2.084488e-02 -8.549581e-01 1.899472e+02 -1.291088e-03 9.997208e-01 2.359171e-02 -1.355732e+01 8.552111e-01 -1.112324e-02 5.181603e-01 2.056527e+02
5.142000e-01 2.039202e-02 -8.574279e-01 1.892790e+02 -4.684839e-05 9.997180e-01 2.374799e-02 -1.354506e+01 8.576703e-01 -1.217104e-02 5.140559e-01 2.060363e+02
5.101148e-01 1.994937e-02 -8.598750e-01 1.886116e+02 1.196902e-03 9.997135e-01 2.390373e-02 -1.353281e+01 8.601054e-01 -1.322283e-02 5.099448e-01 2.064195e+02
5.060127e-01 1.951589e-02 -8.623053e-01 1.879435e+02 2.443210e-03 9.997075e-01 2.405932e-02 -1.352055e+01 8.625226e-01 -1.428111e-02 5.058169e-01 2.068031e+02
5.018984e-01 1.909215e-02 -8.647159e-01 1.872753e+02 3.690598e-03 9.996999e-01 2.421458e-02 -1.350828e+01 8.649187e-01 -1.534457e-02 5.016773e-01 2.071867e+02
4.977778e-01 1.867872e-02 -8.671035e-01 1.866080e+02 4.937409e-03 9.996908e-01 2.436927e-02 -1.349603e+01 8.672905e-01 -1.641172e-02 4.975316e-01 2.075698e+02
4.936400e-01 1.827458e-02 -8.694744e-01 1.859399e+02 6.186880e-03 9.996801e-01 2.452381e-02 -1.348376e+01 8.696443e-01 -1.748526e-02 4.933690e-01 2.079534e+02
4.894959e-01 1.788079e-02 -8.718223e-01 1.852726e+02 7.435807e-03 9.996678e-01 2.467780e-02 -1.347150e+01 8.719739e-01 -1.856238e-02 4.892003e-01 2.083365e+02
4.853355e-01 1.749644e-02 -8.741530e-01 1.846045e+02 8.687236e-03 9.996539e-01 2.483160e-02 -1.345923e+01 8.742848e-01 -1.964562e-02 4.850155e-01 2.087201e+02
4.806292e-01 1.721423e-02 -8.767550e-01 1.839471e+02 1.022455e-02 9.996293e-01 2.523176e-02 -1.344679e+01 8.768643e-01 -2.109154e-02 4.802750e-01 2.091004e+02
4.806903e-01 1.613907e-02 -8.767419e-01 1.832041e+02 9.232008e-03 9.996820e-01 2.346378e-02 -1.343628e+01 8.768418e-01 -1.937289e-02 4.803885e-01 2.095084e+02
4.808418e-01 1.803466e-02 -8.766219e-01 1.824520e+02 9.369177e-03 9.996257e-01 2.570436e-02 -1.342599e+01 8.767573e-01 -2.057295e-02 4.804928e-01 2.099238e+02
4.811037e-01 2.114766e-02 -8.764086e-01 1.816952e+02 1.179488e-02 9.994623e-01 3.059172e-02 -1.341608e+01 8.765843e-01 -2.505492e-02 4.805955e-01 2.103474e+02
4.812579e-01 2.621332e-02 -8.761871e-01 1.809299e+02 1.304140e-02 9.992280e-01 3.705757e-02 -1.340242e+01 8.764820e-01 -2.926094e-02 4.805444e-01 2.107743e+02
4.816574e-01 2.942202e-02 -8.758656e-01 1.801626e+02 1.402504e-02 9.990495e-01 4.127269e-02 -1.338372e+01 8.762473e-01 -3.216334e-02 4.807869e-01 2.112023e+02
4.822548e-01 3.144000e-02 -8.754667e-01 1.793913e+02 1.015670e-02 9.990879e-01 4.147440e-02 -1.336666e+01 8.759721e-01 -2.889307e-02 4.814956e-01 2.116252e+02
4.833627e-01 3.187627e-02 -8.748397e-01 1.786193e+02 5.062070e-03 9.992183e-01 3.920509e-02 -1.334759e+01 8.754055e-01 -2.337877e-02 4.828234e-01 2.120481e+02
4.837351e-01 2.753810e-02 -8.747812e-01 1.778550e+02 5.532440e-03 9.993887e-01 3.452007e-02 -1.332749e+01 8.751970e-01 -2.153823e-02 4.832870e-01 2.124736e+02
4.838463e-01 2.740406e-02 -8.747239e-01 1.770882e+02 5.515287e-03 9.993943e-01 3.436058e-02 -1.331082e+01 8.751356e-01 -2.144958e-02 4.834021e-01 2.129016e+02
4.835302e-01 2.769406e-02 -8.748895e-01 1.763215e+02 5.234356e-03 9.993900e-01 3.452794e-02 -1.329865e+01 8.753120e-01 -2.127478e-02 4.830902e-01 2.133302e+02
4.834054e-01 3.025502e-02 -8.748737e-01 1.755541e+02 6.716409e-03 9.992449e-01 3.826717e-02 -1.328287e+01 8.753708e-01 -2.437455e-02 4.828372e-01 2.137612e+02
4.828400e-01 2.843214e-02 -8.752469e-01 1.747915e+02 7.572747e-03 9.992998e-01 3.663956e-02 -1.326848e+01 8.756758e-01 -2.431906e-02 4.822866e-01 2.141877e+02
4.827552e-01 3.095142e-02 -8.752083e-01 1.740245e+02 4.922988e-03 9.992635e-01 3.805406e-02 -1.325105e+01 8.757415e-01 -2.267943e-02 4.822473e-01 2.146087e+02
4.825788e-01 3.241064e-02 -8.752527e-01 1.732609e+02 5.750594e-03 9.991763e-01 4.017019e-02 -1.323227e+01 8.758337e-01 -2.441849e-02 4.819948e-01 2.150319e+02
4.827705e-01 3.128451e-02 -8.751880e-01 1.725056e+02 9.977850e-03 9.991003e-01 4.121787e-02 -1.321744e+01 8.756900e-01 -2.863126e-02 4.820240e-01 2.154573e+02
4.824646e-01 2.676319e-02 -8.755065e-01 1.717547e+02 1.122813e-02 9.992620e-01 3.673373e-02 -1.320315e+01 8.758435e-01 -2.755301e-02 4.818080e-01 2.158789e+02
4.816990e-01 1.890539e-02 -8.761328e-01 1.710068e+02 1.172856e-02 9.995386e-01 2.801665e-02 -1.318941e+01 8.762582e-01 -2.377135e-02 4.812550e-01 2.162961e+02
4.799277e-01 1.319982e-02 -8.772088e-01 1.702629e+02 1.425661e-02 9.996374e-01 2.284198e-02 -1.317494e+01 8.771922e-01 -2.346852e-02 4.795655e-01 2.167166e+02
4.787752e-01 1.428541e-02 -8.778213e-01 1.695153e+02 1.878649e-02 9.994719e-01 2.651152e-02 -1.316501e+01 8.777365e-01 -2.918423e-02 4.782540e-01 2.171385e+02
4.785343e-01 2.162892e-02 -8.778025e-01 1.687701e+02 1.653830e-02 9.992972e-01 3.363840e-02 -1.316245e+01 8.779131e-01 -3.061448e-02 4.778402e-01 2.175493e+02
4.782023e-01 2.460729e-02 -8.779050e-01 1.680394e+02 1.224111e-02 9.993235e-01 3.467844e-02 -1.315694e+01 8.781644e-01 -2.732984e-02 4.775776e-01 2.179446e+02
4.774434e-01 2.113787e-02 -8.784082e-01 1.673275e+02 1.284774e-02 9.994357e-01 3.103342e-02 -1.314619e+01 8.785685e-01 -2.610226e-02 4.769024e-01 2.183360e+02
4.764047e-01 1.744598e-02 -8.790531e-01 1.666357e+02 1.827781e-02 9.993905e-01 2.973994e-02 -1.313813e+01 8.790361e-01 -3.023540e-02 4.757954e-01 2.187259e+02
4.751464e-01 1.941584e-02 -8.796926e-01 1.659531e+02 1.820225e-02 9.993257e-01 3.188782e-02 -1.313633e+01 8.797185e-01 -3.116376e-02 4.744725e-01 2.191019e+02
4.739792e-01 2.258406e-02 -8.802464e-01 1.652855e+02 1.795794e-02 9.992152e-01 3.530606e-02 -1.313005e+01 8.803529e-01 -3.254173e-02 4.732016e-01 2.194665e+02
4.714124e-01 2.039358e-02 -8.816771e-01 1.646404e+02 2.144318e-02 9.991720e-01 3.457647e-02 -1.312098e+01 8.816521e-01 -3.520572e-02 4.705847e-01 2.198238e+02
4.679308e-01 2.019021e-02 -8.835345e-01 1.640103e+02 2.243096e-02 9.991456e-01 3.471183e-02 -1.311339e+01 8.834804e-01 -3.606125e-02 4.670781e-01 2.201651e+02
4.638685e-01 2.300696e-02 -8.856053e-01 1.633948e+02 1.929897e-02 9.991630e-01 3.606561e-02 -1.310511e+01 8.856938e-01 -3.382095e-02 4.630362e-01 2.204854e+02
4.581512e-01 2.338595e-02 -8.885666e-01 1.628000e+02 1.781532e-02 9.992114e-01 3.548369e-02 -1.309912e+01 8.886957e-01 -3.208698e-02 4.573733e-01 2.207923e+02
4.510456e-01 2.793047e-02 -8.920638e-01 1.622184e+02 1.493453e-02 9.991340e-01 3.883404e-02 -1.309520e+01 8.923759e-01 -3.083846e-02 4.502378e-01 2.210836e+02
4.430413e-01 3.016908e-02 -8.959935e-01 1.616533e+02 1.310484e-02 9.991089e-01 4.012103e-02 -1.308579e+01 8.964054e-01 -2.951711e-02 4.422511e-01 2.213597e+02
4.336028e-01 2.863614e-02 -9.006490e-01 1.611099e+02 1.093821e-02 9.992540e-01 3.703732e-02 -1.307790e+01 9.010377e-01 -2.591097e-02 4.329661e-01 2.216184e+02
4.224025e-01 2.276732e-02 -9.061224e-01 1.605745e+02 1.262654e-02 9.994397e-01 3.099807e-02 -1.307197e+01 9.063204e-01 -2.453484e-02 4.218783e-01 2.218666e+02
4.072767e-01 1.488145e-02 -9.131836e-01 1.600450e+02 1.779051e-02 9.995482e-01 2.422338e-02 -1.306665e+01 9.131315e-01 -2.611161e-02 4.068279e-01 2.221078e+02
3.877417e-01 1.048569e-02 -9.217084e-01 1.595105e+02 2.082597e-02 9.995804e-01 2.013260e-02 -1.305916e+01 9.215327e-01 -2.700172e-02 3.873606e-01 2.223344e+02
3.628980e-01 1.152449e-02 -9.317576e-01 1.589597e+02 2.048369e-02 9.995832e-01 2.034132e-02 -1.304750e+01 9.316037e-01 -2.646765e-02 3.625106e-01 2.225303e+02
3.341617e-01 1.780759e-02 -9.423475e-01 1.584078e+02 1.731034e-02 9.995369e-01 2.502665e-02 -1.304181e+01 9.423567e-01 -2.467529e-02 3.336987e-01 2.227128e+02
3.033347e-01 2.437600e-02 -9.525723e-01 1.578455e+02 1.333916e-02 9.994661e-01 2.982369e-02 -1.303627e+01 9.527907e-01 -2.175307e-02 3.028476e-01 2.228609e+02
2.701181e-01 2.950691e-02 -9.623750e-01 1.572935e+02 1.067282e-02 9.993771e-01 3.363705e-02 -1.303293e+01 9.627680e-01 -1.935722e-02 2.696349e-01 2.230029e+02
2.350725e-01 3.438459e-02 -9.713695e-01 1.567418e+02 6.247567e-03 9.993000e-01 3.688520e-02 -1.302324e+01 9.719577e-01 -1.473939e-02 2.346931e-01 2.231194e+02
1.995452e-01 3.764310e-02 -9.791653e-01 1.561813e+02 3.874573e-03 9.992237e-01 3.920384e-02 -1.301146e+01 9.798809e-01 -1.161678e-02 1.992444e-01 2.232029e+02
1.643203e-01 3.965515e-02 -9.856096e-01 1.556330e+02 1.418464e-03 9.991810e-01 4.043768e-02 -1.299975e+01 9.864060e-01 -8.042776e-03 1.641294e-01 2.232797e+02
1.295844e-01 4.156620e-02 -9.906968e-01 1.550797e+02 -6.588615e-05 9.991213e-01 4.191105e-02 -1.298801e+01 9.915683e-01 -5.365741e-03 1.294733e-01 2.233373e+02
9.428605e-02 4.334018e-02 -9.946013e-01 1.545111e+02 -2.901006e-03 9.990596e-01 4.325945e-02 -1.297570e+01 9.955409e-01 -1.193413e-03 9.432311e-02 2.233640e+02
5.949781e-02 4.230450e-02 -9.973316e-01 1.539455e+02 -7.614139e-03 9.990917e-01 4.192493e-02 -1.296146e+01 9.981994e-01 5.099384e-03 5.976588e-02 2.233808e+02
2.711923e-02 4.203405e-02 -9.987481e-01 1.533752e+02 -1.414789e-02 9.990316e-01 4.166182e-02 -1.294579e+01 9.995320e-01 1.300035e-02 2.768766e-02 2.233752e+02
-8.222368e-04 4.416913e-02 -9.990238e-01 1.527869e+02 -1.960906e-02 9.988312e-01 4.417676e-02 -1.292888e+01 9.998073e-01 1.962624e-02 4.483795e-05 2.233501e+02
-2.354346e-02 4.834786e-02 -9.985531e-01 1.521943e+02 -1.988611e-02 9.986096e-01 4.881948e-02 -1.290903e+01 9.995250e-01 2.100672e-02 -2.254927e-02 2.233270e+02
-4.207706e-02 5.533234e-02 -9.975810e-01 1.515876e+02 -2.064122e-02 9.982040e-01 5.623753e-02 -1.288729e+01 9.989011e-01 2.295760e-02 -4.085936e-02 2.232912e+02
-5.590427e-02 6.205942e-02 -9.965056e-01 1.509690e+02 -2.323179e-02 9.977153e-01 6.343808e-02 -1.286332e+01 9.981658e-01 2.669706e-02 -5.433480e-02 2.232450e+02
-6.760167e-02 6.335309e-02 -9.956990e-01 1.503433e+02 -2.894645e-02 9.974373e-01 6.542899e-02 -1.283453e+01 9.972924e-01 3.324506e-02 -6.559458e-02 2.231852e+02
-7.737906e-02 6.446982e-02 -9.949152e-01 1.497033e+02 -3.350369e-02 9.971753e-01 6.722203e-02 -1.280137e+01 9.964386e-01 3.853491e-02 -7.500051e-02 2.231223e+02
-8.222978e-02 6.470021e-02 -9.945110e-01 1.490484e+02 -3.312732e-02 9.971616e-01 6.761175e-02 -1.276027e+01 9.960626e-01 3.850518e-02 -7.985303e-02 2.230606e+02
-8.474431e-02 6.409654e-02 -9.943390e-01 1.483828e+02 -2.982754e-02 9.973184e-01 6.683071e-02 -1.271981e+01 9.959561e-01 3.532221e-02 -8.260521e-02 2.230039e+02
-8.683990e-02 6.418345e-02 -9.941526e-01 1.476974e+02 -2.443302e-02 9.974850e-01 6.653285e-02 -1.268253e+01 9.959226e-01 3.006785e-02 -8.505330e-02 2.229478e+02
-8.789487e-02 6.205017e-02 -9.941953e-01 1.469992e+02 -2.222927e-02 9.976873e-01 6.423337e-02 -1.264604e+01 9.958817e-01 2.774602e-02 -8.631226e-02 2.228867e+02
-8.824412e-02 5.733500e-02 -9.944474e-01 1.462857e+02 -1.887895e-02 9.980665e-01 5.921892e-02 -1.260905e+01 9.959199e-01 2.399985e-02 -8.699107e-02 2.228246e+02
-8.816590e-02 5.293815e-02 -9.946981e-01 1.455594e+02 -1.384197e-02 9.984252e-01 5.436342e-02 -1.257239e+01 9.960096e-01 1.856159e-02 -8.729429e-02 2.227680e+02
-8.796910e-02 5.058553e-02 -9.948380e-01 1.448114e+02 -1.098608e-02 9.985997e-01 5.174827e-02 -1.253739e+01 9.960626e-01 1.548162e-02 -8.729018e-02 2.227091e+02
-8.706422e-02 5.263787e-02 -9.948111e-01 1.440411e+02 -1.053615e-02 9.984985e-01 5.375510e-02 -1.250132e+01 9.961469e-01 1.516162e-02 -8.637889e-02 2.226439e+02
-8.567685e-02 5.812097e-02 -9.946263e-01 1.432551e+02 -1.049497e-02 9.981890e-01 5.923320e-02 -1.246716e+01 9.962677e-01 1.551349e-02 -8.491170e-02 2.225763e+02
-8.373952e-02 6.198262e-02 -9.945581e-01 1.424524e+02 -9.759367e-03 9.979647e-01 6.301665e-02 -1.242912e+01 9.964398e-01 1.498324e-02 -8.296417e-02 2.225073e+02
-8.115212e-02 5.786517e-02 -9.950206e-01 1.416445e+02 -1.214950e-02 9.981817e-01 5.903990e-02 -1.239462e+01 9.966276e-01 1.688022e-02 -8.030152e-02 2.224364e+02
-7.746158e-02 4.914391e-02 -9.957834e-01 1.408253e+02 -1.369209e-02 9.986378e-01 5.034989e-02 -1.236158e+01 9.969013e-01 1.753454e-02 -7.668317e-02 2.223675e+02
-7.342452e-02 4.264017e-02 -9.963888e-01 1.399857e+02 -1.080014e-02 9.989930e-01 4.354749e-02 -1.232580e+01 9.972423e-01 1.395859e-02 -7.289005e-02 2.223071e+02
-6.883671e-02 4.252423e-02 -9.967213e-01 1.391198e+02 -4.787056e-03 9.990655e-01 4.295487e-02 -1.229070e+01 9.976164e-01 7.728236e-03 -6.856882e-02 2.222589e+02
-6.404852e-02 4.637848e-02 -9.968685e-01 1.382383e+02 1.526372e-05 9.989195e-01 4.647293e-02 -1.226035e+01 9.979467e-01 2.961311e-03 -6.398002e-02 2.222126e+02
-5.971975e-02 4.959708e-02 -9.969823e-01 1.373423e+02 7.468267e-04 9.987668e-01 4.964113e-02 -1.222648e+01 9.982149e-01 2.219988e-03 -5.968314e-02 2.221626e+02
-5.528257e-02 5.117367e-02 -9.971585e-01 1.364334e+02 2.871919e-03 9.986897e-01 5.109304e-02 -1.218824e+01 9.984666e-01 -3.919844e-05 -5.535710e-02 2.221176e+02
-5.123481e-02 5.504755e-02 -9.971684e-01 1.355059e+02 4.787304e-03 9.984818e-01 5.487409e-02 -1.214967e+01 9.986751e-01 -1.962279e-03 -5.142055e-02 2.220757e+02
-4.778735e-02 5.725098e-02 -9.972155e-01 1.345688e+02 3.078980e-03 9.983597e-01 5.716914e-02 -1.210689e+01 9.988527e-01 -3.384395e-04 -4.788524e-02 2.220299e+02
-4.498307e-02 5.438516e-02 -9.975063e-01 1.336194e+02 8.721299e-03 9.985003e-01 5.404608e-02 -1.206380e+01 9.989496e-01 -6.268385e-03 -4.538992e-02 2.219953e+02
-4.329342e-02 4.907870e-02 -9.978562e-01 1.326636e+02 1.847181e-02 9.986612e-01 4.831688e-02 -1.202327e+01 9.988916e-01 -1.634040e-02 -4.414203e-02 2.219695e+02
-4.287589e-02 4.056530e-02 -9.982566e-01 1.316955e+02 1.911436e-02 9.990258e-01 3.977559e-02 -1.198937e+01 9.988975e-01 -1.737561e-02 -4.360949e-02 2.219321e+02
-4.281996e-02 3.536587e-02 -9.984567e-01 1.307148e+02 2.188384e-02 9.991667e-01 3.445251e-02 -1.195903e+01 9.988431e-01 -2.037480e-02 -4.355822e-02 2.218936e+02
-4.313959e-02 3.283780e-02 -9.985293e-01 1.297209e+02 2.569699e-02 9.991655e-01 3.174854e-02 -1.193204e+01 9.987385e-01 -2.428956e-02 -4.394742e-02 2.218580e+02
-4.221006e-02 3.988414e-02 -9.983124e-01 1.287110e+02 1.902553e-02 9.990538e-01 3.910934e-02 -1.190519e+01 9.989276e-01 -1.734261e-02 -4.292894e-02 2.218030e+02
-4.245654e-02 5.257085e-02 -9.977143e-01 1.276893e+02 1.468555e-02 9.985396e-01 5.198943e-02 -1.187237e+01 9.989903e-01 -1.244468e-02 -4.316657e-02 2.217498e+02
-4.420843e-02 6.335304e-02 -9.970116e-01 1.266632e+02 1.248776e-02 9.979443e-01 6.285860e-02 -1.183110e+01 9.989442e-01 -9.671552e-03 -4.490869e-02 2.216993e+02
-4.653768e-02 6.326343e-02 -9.969112e-01 1.256473e+02 1.289920e-02 9.979473e-01 6.272703e-02 -1.178857e+01 9.988332e-01 -9.940182e-03 -4.725820e-02 2.216501e+02
-4.920968e-02 5.379329e-02 -9.973388e-01 1.246384e+02 1.758151e-02 9.984405e-01 5.298524e-02 -1.174693e+01 9.986337e-01 -1.492732e-02 -5.007870e-02 2.216057e+02
-5.209370e-02 4.310859e-02 -9.977114e-01 1.236299e+02 1.937767e-02 9.989234e-01 4.214920e-02 -1.171079e+01 9.984541e-01 -1.713760e-02 -5.287295e-02 2.215549e+02
-5.475037e-02 4.017399e-02 -9.976916e-01 1.226154e+02 2.046168e-02 9.990256e-01 3.910484e-02 -1.168307e+01 9.982904e-01 -1.827343e-02 -5.551905e-02 2.215000e+02
-5.755884e-02 4.181232e-02 -9.974662e-01 1.215907e+02 2.072184e-02 9.989573e-01 4.067908e-02 -1.165845e+01 9.981270e-01 -1.832789e-02 -5.836525e-02 2.214404e+02
-6.016527e-02 4.621742e-02 -9.971179e-01 1.205664e+02 1.831304e-02 9.988105e-01 4.519089e-02 -1.163185e+01 9.980204e-01 -1.554133e-02 -6.094008e-02 2.213745e+02
-6.172986e-02 5.304327e-02 -9.966824e-01 1.195438e+02 1.870497e-02 9.984729e-01 5.198007e-02 -1.159800e+01 9.979176e-01 -1.543418e-02 -6.262776e-02 2.213095e+02
-6.299868e-02 6.183956e-02 -9.960959e-01 1.185197e+02 1.829928e-02 9.979822e-01 6.079933e-02 -1.156188e+01 9.978458e-01 -1.439755e-02 -6.400317e-02 2.212430e+02
-6.395264e-02 6.360303e-02 -9.959241e-01 1.175108e+02 1.491932e-02 9.979163e-01 6.277224e-02 -1.152450e+01 9.978414e-01 -1.084405e-02 -6.476830e-02 2.211714e+02
-6.511373e-02 5.612872e-02 -9.962981e-01 1.165115e+02 1.335764e-02 9.983764e-01 5.537282e-02 -1.148765e+01 9.977884e-01 -9.702649e-03 -6.575776e-02 2.211021e+02
-6.600840e-02 4.829726e-02 -9.966495e-01 1.155151e+02 1.510763e-02 9.987618e-01 4.739904e-02 -1.145162e+01 9.977046e-01 -1.192827e-02 -6.665632e-02 2.210361e+02
-6.649185e-02 4.678938e-02 -9.966893e-01 1.145179e+02 1.451720e-02 9.988395e-01 4.592185e-02 -1.142118e+01 9.976813e-01 -1.141570e-02 -6.709393e-02 2.209683e+02
-6.611564e-02 5.211902e-02 -9.964499e-01 1.135168e+02 1.660082e-02 9.985541e-01 5.112761e-02 -1.139041e+01 9.976738e-01 -1.316154e-02 -6.688526e-02 2.209036e+02
-6.598619e-02 5.817925e-02 -9.961230e-01 1.125172e+02 1.694346e-02 9.982201e-01 5.717936e-02 -1.135672e+01 9.976766e-01 -1.310471e-02 -6.685450e-02 2.208376e+02
-6.538092e-02 6.172327e-02 -9.959496e-01 1.115259e+02 1.706100e-02 9.980083e-01 6.073087e-02 -1.132203e+01 9.977145e-01 -1.302125e-02 -6.630376e-02 2.207722e+02
-6.438417e-02 5.847910e-02 -9.962103e-01 1.105452e+02 1.706225e-02 9.982001e-01 5.749319e-02 -1.128441e+01 9.977793e-01 -1.329593e-02 -6.526606e-02 2.207080e+02
-6.288162e-02 5.270532e-02 -9.966284e-01 1.095712e+02 1.755352e-02 9.985085e-01 5.169724e-02 -1.124841e+01 9.978666e-01 -1.424352e-02 -6.371299e-02 2.206447e+02
-6.185701e-02 4.867887e-02 -9.968973e-01 1.086011e+02 1.910165e-02 9.986847e-01 4.758091e-02 -1.122102e+01 9.979022e-01 -1.609916e-02 -6.270549e-02 2.205858e+02
-6.101832e-02 4.141712e-02 -9.972770e-01 1.076362e+02 2.275870e-02 9.989367e-01 4.009357e-02 -1.119656e+01 9.978771e-01 -2.025028e-02 -6.189603e-02 2.205323e+02
-6.016690e-02 3.843186e-02 -9.974482e-01 1.066654e+02 2.383373e-02 9.990289e-01 3.705510e-02 -1.117178e+01 9.979037e-01 -2.154341e-02 -6.102445e-02 2.204773e+02
-5.900779e-02 4.480234e-02 -9.972517e-01 1.056915e+02 2.679659e-02 9.987034e-01 4.328200e-02 -1.114687e+01 9.978978e-01 -2.416896e-02 -6.013183e-02 2.204242e+02
-5.762142e-02 5.284110e-02 -9.969391e-01 1.047172e+02 3.046797e-02 9.982262e-01 5.114833e-02 -1.112293e+01 9.978734e-01 -2.742746e-02 -5.912917e-02 2.203737e+02
-5.614698e-02 5.313310e-02 -9.970077e-01 1.037569e+02 3.048556e-02 9.982086e-01 5.148030e-02 -1.109404e+01 9.979569e-01 -2.750386e-02 -5.766618e-02 2.203198e+02
-5.524411e-02 5.181467e-02 -9.971276e-01 1.027971e+02 2.953877e-02 9.983003e-01 5.023907e-02 -1.106032e+01 9.980358e-01 -2.667850e-02 -5.668075e-02 2.202638e+02
-5.532778e-02 5.055064e-02 -9.971878e-01 1.018406e+02 3.512902e-02 9.981978e-01 4.865276e-02 -1.103196e+01 9.978500e-01 -3.233837e-02 -5.700386e-02 2.202186e+02
-5.566757e-02 4.917557e-02 -9.972377e-01 1.008893e+02 3.771766e-02 9.981770e-01 4.711643e-02 -1.100563e+01 9.977366e-01 -3.499060e-02 -5.742088e-02 2.201704e+02
-5.618866e-02 4.662701e-02 -9.973308e-01 9.994290e+01 3.818941e-02 9.982783e-01 4.451976e-02 -1.097856e+01 9.976895e-01 -3.558596e-02 -5.787257e-02 2.201170e+02
-5.738883e-02 5.079896e-02 -9.970587e-01 9.899470e+01 4.214831e-02 9.979375e-01 4.841776e-02 -1.095124e+01 9.974618e-01 -3.924569e-02 -5.941155e-02 2.200673e+02
-5.917256e-02 5.669648e-02 -9.966364e-01 9.804753e+01 4.544570e-02 9.975036e-01 5.404761e-02 -1.092193e+01 9.972127e-01 -4.209469e-02 -6.160145e-02 2.200164e+02
-6.122286e-02 5.897351e-02 -9.963804e-01 9.710870e+01 4.446148e-02 9.974232e-01 5.630329e-02 -1.089294e+01 9.971333e-01 -4.085348e-02 -6.368715e-02 2.199567e+02
-6.392814e-02 5.713134e-02 -9.963179e-01 9.618155e+01 4.447136e-02 9.975313e-01 5.434745e-02 -1.086098e+01 9.969631e-01 -4.083327e-02 -6.631102e-02 2.198951e+02
-6.716587e-02 5.803618e-02 -9.960525e-01 9.525961e+01 4.472701e-02 9.974784e-01 5.510324e-02 -1.082502e+01 9.967388e-01 -4.084938e-02 -6.959229e-02 2.198316e+02
-7.007779e-02 6.227517e-02 -9.955958e-01 9.434372e+01 4.210452e-02 9.973446e-01 5.942093e-02 -1.079240e+01 9.966525e-01 -3.775498e-02 -7.251377e-02 2.197619e+02
-7.311413e-02 6.435516e-02 -9.952451e-01 9.343862e+01 3.880986e-02 9.973436e-01 6.163977e-02 -1.076804e+01 9.965681e-01 -3.411857e-02 -7.541753e-02 2.196865e+02
-7.611799e-02 6.110345e-02 -9.952248e-01 9.256677e+01 3.729284e-02 9.975966e-01 5.839681e-02 -1.074452e+01 9.964011e-01 -3.266970e-02 -7.821377e-02 2.196263e+02
-7.886360e-02 5.909924e-02 -9.951321e-01 9.170406e+01 3.778002e-02 9.977012e-01 5.625779e-02 -1.071985e+01 9.961692e-01 -3.315940e-02 -8.091508e-02 2.195641e+02
-8.095666e-02 5.858101e-02 -9.949946e-01 9.085546e+01 3.758085e-02 9.977409e-01 5.568498e-02 -1.069919e+01 9.960088e-01 -3.288466e-02 -8.297529e-02 2.195006e+02
-8.221203e-02 5.828648e-02 -9.949090e-01 9.001191e+01 3.510154e-02 9.978383e-01 5.555757e-02 -1.067400e+01 9.959965e-01 -3.035533e-02 -8.408025e-02 2.194376e+02
-8.265354e-02 5.687800e-02 -9.949539e-01 8.918744e+01 3.360684e-02 9.979612e-01 5.425812e-02 -1.065382e+01 9.960115e-01 -2.895262e-02 -8.439651e-02 2.193826e+02
-8.290909e-02 5.828925e-02 -9.948510e-01 8.838861e+01 3.293543e-02 9.979029e-01 5.572330e-02 -1.063021e+01 9.960127e-01 -2.814586e-02 -8.465500e-02 2.193263e+02
-8.260331e-02 6.002373e-02 -9.947733e-01 8.760818e+01 3.067178e-02 9.978648e-01 5.766337e-02 -1.060537e+01 9.961104e-01 -2.574827e-02 -8.426797e-02 2.192647e+02
-8.075290e-02 6.138104e-02 -9.948424e-01 8.685337e+01 2.736189e-02 9.978624e-01 5.934637e-02 -1.058478e+01 9.963585e-01 -2.242836e-02 -8.225978e-02 2.192079e+02
-7.789468e-02 6.278269e-02 -9.949828e-01 8.612368e+01 2.616745e-02 9.978001e-01 6.091188e-02 -1.056501e+01 9.966181e-01 -2.129145e-02 -7.936617e-02 2.191578e+02
-7.335971e-02 6.360745e-02 -9.952751e-01 8.541269e+01 2.694566e-02 9.977261e-01 6.177799e-02 -1.054111e+01 9.969414e-01 -2.228632e-02 -7.490684e-02 2.191163e+02
-6.694243e-02 6.464425e-02 -9.956605e-01 8.472207e+01 2.633264e-02 9.976658e-01 6.300400e-02 -1.051592e+01 9.974093e-01 -2.200072e-02 -6.848842e-02 2.190786e+02
-5.900766e-02 6.581064e-02 -9.960859e-01 8.404997e+01 2.404269e-02 9.976288e-01 6.448831e-02 -1.049659e+01 9.979679e-01 -2.014327e-02 -6.045000e-02 2.190453e+02
-4.825011e-02 6.534961e-02 -9.966952e-01 8.340009e+01 2.226408e-02 9.976799e-01 6.433637e-02 -1.047658e+01 9.985871e-01 -1.908626e-02 -4.959311e-02 2.190227e+02
-3.465075e-02 6.271342e-02 -9.974299e-01 8.276889e+01 2.162952e-02 9.978425e-01 6.198796e-02 -1.045391e+01 9.991654e-01 -1.942599e-02 -3.593245e-02 2.190137e+02
-1.800414e-02 5.973792e-02 -9.980517e-01 8.215288e+01 2.218497e-02 9.979916e-01 5.933413e-02 -1.043065e+01 9.995917e-01 -2.107348e-02 -1.929327e-02 2.190163e+02
2.347454e-03 5.836181e-02 -9.982928e-01 8.155702e+01 2.469122e-02 9.979877e-01 5.840204e-02 -1.041040e+01 9.996923e-01 -2.478615e-02 9.017052e-04 2.190383e+02
2.461488e-02 5.794631e-02 -9.980162e-01 8.097264e+01 2.475644e-02 9.979772e-01 5.855464e-02 -1.039008e+01 9.993904e-01 -2.614864e-02 2.313054e-02 2.190755e+02
4.988773e-02 5.871985e-02 -9.970272e-01 8.038801e+01 2.281815e-02 9.979426e-01 5.991552e-02 -1.036871e+01 9.984941e-01 -2.573935e-02 4.844520e-02 2.191151e+02
7.814719e-02 5.980696e-02 -9.951463e-01 7.980795e+01 1.925929e-02 9.979221e-01 6.148619e-02 -1.034835e+01 9.967557e-01 -2.397078e-02 7.683296e-02 2.191809e+02
1.088557e-01 6.069805e-02 -9.922027e-01 7.922930e+01 1.613180e-02 9.978947e-01 6.281611e-02 -1.033041e+01 9.939266e-01 -2.284390e-02 1.076474e-01 2.192545e+02
1.428723e-01 5.949249e-02 -9.879515e-01 7.866476e+01 1.501882e-02 9.979465e-01 6.226632e-02 -1.031093e+01 9.896271e-01 -2.373399e-02 1.416854e-01 2.193662e+02
1.799362e-01 5.567118e-02 -9.821017e-01 7.811041e+01 1.108945e-02 9.982190e-01 5.861657e-02 -1.028769e+01 9.836157e-01 -2.143821e-02 1.789984e-01 2.194970e+02
2.187947e-01 5.142446e-02 -9.744149e-01 7.755609e+01 3.083292e-03 9.985689e-01 5.339151e-02 -1.026351e+01 9.757660e-01 -1.468618e-02 2.183230e-01 2.196228e+02
2.600820e-01 4.854472e-02 -9.643655e-01 7.701629e+01 -3.204376e-03 9.987733e-01 4.941257e-02 -1.024585e+01 9.655812e-01 -9.761125e-03 2.599185e-01 2.197960e+02
3.040580e-01 4.761603e-02 -9.514628e-01 7.647664e+01 -1.056109e-02 9.988572e-01 4.661289e-02 -1.023081e+01 9.525950e-01 -4.124528e-03 3.042133e-01 2.199684e+02
3.515675e-01 4.739889e-02 -9.349619e-01 7.596056e+01 -2.008972e-02 9.988694e-01 4.308455e-02 -1.021989e+01 9.359469e-01 3.636004e-03 3.521222e-01 2.201937e+02
4.015910e-01 4.747507e-02 -9.145878e-01 7.546148e+01 -3.139309e-02 9.987822e-01 3.806095e-02 -1.020937e+01 9.152809e-01 1.342680e-02 4.025923e-01 2.204461e+02
4.529098e-01 4.937159e-02 -8.901883e-01 7.496605e+01 -3.240722e-02 9.987173e-01 3.890269e-02 -1.019899e+01 8.909671e-01 1.122912e-02 4.539289e-01 2.207050e+02
5.044661e-01 5.053854e-02 -8.619512e-01 7.450344e+01 -3.434884e-02 9.986699e-01 3.845172e-02 -1.018687e+01 8.627480e-01 1.020944e-02 5.055310e-01 2.210328e+02
5.567192e-01 5.307627e-02 -8.290034e-01 7.406909e+01 -3.582561e-02 9.985623e-01 3.987337e-02 -1.018099e+01 8.299278e-01 7.501287e-03 5.578203e-01 2.214112e+02
6.071100e-01 5.575844e-02 -7.926592e-01 7.363537e+01 -3.721733e-02 9.984356e-01 4.172815e-02 -1.017688e+01 7.937458e-01 4.167086e-03 6.082353e-01 2.217675e+02
6.542676e-01 5.301950e-02 -7.544024e-01 7.324704e+01 -3.489686e-02 9.985934e-01 3.991643e-02 -1.017531e+01 7.554576e-01 2.102548e-04 6.551975e-01 2.221970e+02
6.975065e-01 4.789029e-02 -7.149764e-01 7.286285e+01 -3.329548e-02 9.988526e-01 3.442285e-02 -1.017148e+01 7.158045e-01 -2.046786e-04 6.983006e-01 2.226040e+02
7.374695e-01 4.549857e-02 -6.738461e-01 7.250725e+01 -3.816655e-02 9.989414e-01 2.567906e-02 -1.017451e+01 6.743011e-01 6.780861e-03 7.384253e-01 2.230666e+02
7.744188e-01 4.443070e-02 -6.311113e-01 7.216890e+01 -4.684947e-02 9.988195e-01 1.282998e-02 -1.017618e+01 6.309363e-01 1.963145e-02 7.755862e-01 2.235403e+02
8.082989e-01 3.717410e-02 -5.875977e-01 7.184185e+01 -4.554020e-02 9.989623e-01 5.538454e-04 -1.017024e+01 5.870086e-01 2.631164e-02 8.091530e-01 2.240153e+02
8.396443e-01 2.758955e-02 -5.424355e-01 7.155033e+01 -3.608562e-02 9.993360e-01 -5.028881e-03 -1.017198e+01 5.419366e-01 2.379659e-02 8.400823e-01 2.245696e+02
8.685969e-01 2.232557e-02 -4.950162e-01 7.128157e+01 -2.902154e-02 9.995617e-01 -5.842703e-03 -1.017650e+01 4.946688e-01 1.944109e-02 8.688640e-01 2.251433e+02
8.942540e-01 2.215078e-02 -4.470115e-01 7.102342e+01 -2.724884e-02 9.996163e-01 -4.977720e-03 -1.018054e+01 4.467296e-01 1.663189e-02 8.945143e-01 2.256999e+02
9.164636e-01 2.299835e-02 -3.994566e-01 7.079740e+01 -2.779695e-02 9.995942e-01 -6.223134e-03 -1.018818e+01 3.991513e-01 1.680695e-02 9.167309e-01 2.263027e+02
9.354029e-01 1.930074e-02 -3.530566e-01 7.060149e+01 -2.337059e-02 9.997004e-01 -7.267829e-03 -1.019211e+01 3.528105e-01 1.504949e-02 9.355737e-01 2.269267e+02
9.513064e-01 1.744320e-02 -3.077531e-01 7.042167e+01 -2.084440e-02 9.997525e-01 -7.767681e-03 -1.020149e+01 3.075414e-01 1.380437e-02 9.514345e-01 2.275400e+02
9.646614e-01 2.045116e-02 -2.626979e-01 7.026524e+01 -2.391619e-02 9.996639e-01 -9.999105e-03 -1.021211e+01 2.624051e-01 1.592848e-02 9.648263e-01 2.281954e+02
9.753250e-01 2.066793e-02 -2.198048e-01 7.012770e+01 -2.435327e-02 9.996044e-01 -1.406976e-02 -1.022504e+01 2.194271e-01 1.907556e-02 9.754424e-01 2.288409e+02
9.831866e-01 9.612003e-03 -1.823510e-01 7.003455e+01 -1.409269e-02 9.996294e-01 -2.329187e-02 -1.024406e+01 1.820595e-01 2.547007e-02 9.829575e-01 2.295184e+02
9.884949e-01 2.776275e-03 -1.512287e-01 6.995561e+01 -7.821380e-03 9.994321e-01 -3.277615e-02 -1.026536e+01 1.510518e-01 3.358187e-02 9.879552e-01 2.302032e+02
9.923675e-01 6.593881e-04 -1.233145e-01 6.987830e+01 -5.183574e-03 9.993249e-01 -3.637096e-02 -1.028480e+01 1.232073e-01 3.673256e-02 9.917008e-01 2.308964e+02
9.949636e-01 1.120980e-03 -1.002306e-01 6.981376e+01 -4.372740e-03 9.994709e-01 -3.222898e-02 -1.030134e+01 1.001415e-01 3.250494e-02 9.944421e-01 2.316107e+02
9.966757e-01 1.090469e-03 -8.146390e-02 6.976113e+01 -2.871854e-03 9.997592e-01 -2.175320e-02 -1.031780e+01 8.142056e-02 2.191483e-02 9.964388e-01 2.323354e+02
9.978820e-01 3.943078e-03 -6.493113e-02 6.971324e+01 -4.686066e-03 9.999252e-01 -1.129438e-02 -1.033202e+01 6.488174e-02 1.157473e-02 9.978258e-01 2.330647e+02
9.986297e-01 9.290676e-04 -5.232624e-02 6.967008e+01 -1.331731e-03 9.999697e-01 -7.660902e-03 -1.034910e+01 5.231754e-02 7.720087e-03 9.986006e-01 2.338003e+02
9.989955e-01 -7.581621e-03 -4.416583e-02 6.963999e+01 7.267931e-03 9.999472e-01 -7.258830e-03 -1.036057e+01 4.421853e-02 6.930543e-03 9.989978e-01 2.345350e+02
9.991442e-01 -1.472181e-02 -3.865457e-02 6.962499e+01 1.426981e-02 9.998268e-01 -1.194338e-02 -1.037864e+01 3.882370e-02 1.138156e-02 9.991812e-01 2.352773e+02
9.992350e-01 -1.811761e-02 -3.465922e-02 6.960369e+01 1.754870e-02 9.997074e-01 -1.664893e-02 -1.040114e+01 3.495071e-02 1.602797e-02 9.992604e-01 2.360228e+02
9.992565e-01 -1.966312e-02 -3.316507e-02 6.958210e+01 1.904407e-02 9.996404e-01 -1.887979e-02 -1.042199e+01 3.352438e-02 1.823415e-02 9.992715e-01 2.367854e+02
9.992235e-01 -2.170496e-02 -3.288369e-02 6.956092e+01 2.109931e-02 9.996033e-01 -1.865437e-02 -1.044222e+01 3.327554e-02 1.794606e-02 9.992850e-01 2.375595e+02
9.992660e-01 -2.181829e-02 -3.148786e-02 6.954591e+01 2.136719e-02 9.996652e-01 -1.459219e-02 -1.047452e+01 3.179569e-02 1.390867e-02 9.993976e-01 2.383426e+02
9.991444e-01 -2.696035e-02 -3.136284e-02 6.953554e+01 2.653211e-02 9.995500e-01 -1.399132e-02 -1.050860e+01 3.172594e-02 1.314723e-02 9.994101e-01 2.391330e+02
9.990830e-01 -2.883186e-02 -3.165456e-02 6.952027e+01 2.828358e-02 9.994444e-01 -1.763417e-02 -1.054974e+01 3.214540e-02 1.672269e-02 9.993432e-01 2.399198e+02
9.989859e-01 -3.182985e-02 -3.184474e-02 6.949940e+01 3.099191e-02 9.991691e-01 -2.646982e-02 -1.059153e+01 3.266081e-02 2.545604e-02 9.991422e-01 2.407197e+02
9.986173e-01 -4.103620e-02 -3.285827e-02 6.948807e+01 3.995360e-02 9.986580e-01 -3.295314e-02 -1.063608e+01 3.416644e-02 3.159477e-02 9.989166e-01 2.415298e+02
9.980863e-01 -5.133182e-02 -3.448041e-02 6.948017e+01 5.006289e-02 9.980712e-01 -3.670878e-02 -1.068200e+01 3.629823e-02 3.491234e-02 9.987309e-01 2.423555e+02
9.975505e-01 -5.984302e-02 -3.621931e-02 6.946940e+01 5.853580e-02 9.976310e-01 -3.613659e-02 -1.073043e+01 3.829603e-02 3.392794e-02 9.986902e-01 2.431928e+02
9.971341e-01 -6.525994e-02 -3.827178e-02 6.944972e+01 6.404611e-02 9.974296e-01 -3.212918e-02 -1.077141e+01 4.027015e-02 2.958594e-02 9.987507e-01 2.440434e+02
9.969578e-01 -6.618579e-02 -4.116713e-02 6.942243e+01 6.520826e-02 9.975671e-01 -2.465281e-02 -1.081483e+01 4.269864e-02 2.189337e-02 9.988480e-01 2.449043e+02
9.971171e-01 -6.204160e-02 -4.368616e-02 6.938453e+01 6.141720e-02 9.979919e-01 -1.549436e-02 -1.085518e+01 4.455973e-02 1.276661e-02 9.989251e-01 2.457764e+02
9.973962e-01 -5.583721e-02 -4.564079e-02 6.933841e+01 5.536521e-02 9.983994e-01 -1.154223e-02 -1.088638e+01 4.621222e-02 8.985264e-03 9.988912e-01 2.466525e+02
9.976785e-01 -4.975729e-02 -4.649607e-02 6.928696e+01 4.942183e-02 9.987432e-01 -8.337367e-03 -1.091134e+01 4.685248e-02 6.020090e-03 9.988836e-01 2.475373e+02
9.980139e-01 -4.151412e-02 -4.737970e-02 6.923258e+01 4.127318e-02 9.991295e-01 -6.052836e-03 -1.093709e+01 4.758973e-02 4.085304e-03 9.988586e-01 2.484328e+02
9.980674e-01 -3.988496e-02 -4.765209e-02 6.918578e+01 3.938421e-02 9.991591e-01 -1.140197e-02 -1.096374e+01 4.806679e-02 9.503193e-03 9.987989e-01 2.493312e+02
9.980885e-01 -3.886791e-02 -4.804959e-02 6.914107e+01 3.788594e-02 9.990575e-01 -2.118163e-02 -1.099093e+01 4.882758e-02 1.932074e-02 9.986203e-01 2.502287e+02
9.981421e-01 -3.774956e-02 -4.782585e-02 6.909464e+01 3.644718e-02 9.989483e-01 -2.781761e-02 -1.102141e+01 4.882565e-02 2.602280e-02 9.984682e-01 2.511460e+02
9.981996e-01 -3.659371e-02 -4.752496e-02 6.904817e+01 3.529995e-02 9.989905e-01 -2.778274e-02 -1.105722e+01 4.849366e-02 2.605508e-02 9.984835e-01 2.520780e+02
9.983881e-01 -3.239677e-02 -4.660225e-02 6.899988e+01 3.137572e-02 9.992549e-01 -2.247727e-02 -1.109595e+01 4.729572e-02 2.097885e-02 9.986605e-01 2.530256e+02
9.985908e-01 -2.825775e-02 -4.492132e-02 6.895099e+01 2.752156e-02 9.994779e-01 -1.692345e-02 -1.112932e+01 4.537609e-02 1.566329e-02 9.988471e-01 2.539827e+02
9.987636e-01 -2.409933e-02 -4.348121e-02 6.890225e+01 2.361257e-02 9.996530e-01 -1.167392e-02 -1.115833e+01 4.374745e-02 1.063278e-02 9.989860e-01 2.549496e+02
9.988820e-01 -2.175531e-02 -4.197082e-02 6.885691e+01 2.148102e-02 9.997449e-01 -6.975412e-03 -1.118181e+01 4.211186e-02 6.066037e-03 9.990944e-01 2.559309e+02
9.989956e-01 -1.902185e-02 -4.057092e-02 6.881186e+01 1.877924e-02 9.998034e-01 -6.352704e-03 -1.120662e+01 4.068378e-02 5.584432e-03 9.991564e-01 2.569171e+02
9.990138e-01 -1.948392e-02 -3.989736e-02 6.875672e+01 1.901111e-02 9.997449e-01 -1.219610e-02 -1.124290e+01 4.012481e-02 1.142557e-02 9.991293e-01 2.579108e+02
9.989758e-01 -2.059777e-02 -4.028771e-02 6.870360e+01 1.964366e-02 9.995204e-01 -2.393674e-02 -1.128031e+01 4.076144e-02 2.312082e-02 9.989013e-01 2.589078e+02
9.988700e-01 -2.360822e-02 -4.124983e-02 6.865058e+01 2.247757e-02 9.993646e-01 -2.766209e-02 -1.131950e+01 4.187667e-02 2.670363e-02 9.987658e-01 2.599201e+02
9.988001e-01 -2.224466e-02 -4.363108e-02 6.858719e+01 2.149665e-02 9.996150e-01 -1.753887e-02 -1.136666e+01 4.400443e-02 1.657990e-02 9.988937e-01 2.609702e+02
9.987453e-01 -2.181438e-02 -4.507869e-02 6.851787e+01 2.156364e-02 9.997492e-01 -6.041118e-03 -1.141027e+01 4.519916e-02 5.061477e-03 9.989651e-01 2.620295e+02
9.987029e-01 -2.133334e-02 -4.623277e-02 6.846220e+01 2.114072e-02 9.997657e-01 -4.651451e-03 -1.144220e+01 4.632117e-02 3.668024e-03 9.989198e-01 2.630821e+02
9.986435e-01 -2.185571e-02 -4.725989e-02 6.840379e+01 2.141395e-02 9.997223e-01 -9.833753e-03 -1.146949e+01 4.746168e-02 8.808392e-03 9.988342e-01 2.641348e+02
9.985251e-01 -2.479338e-02 -4.830024e-02 6.835062e+01 2.404452e-02 9.995824e-01 -1.602410e-02 -1.149978e+01 4.867736e-02 1.483911e-02 9.987043e-01 2.651864e+02
9.985002e-01 -2.354771e-02 -4.942683e-02 6.828856e+01 2.272417e-02 9.995945e-01 -1.715826e-02 -1.153683e+01 4.981082e-02 1.600934e-02 9.986303e-01 2.662528e+02
9.984717e-01 -2.300823e-02 -5.024907e-02 6.822673e+01 2.225496e-02 9.996322e-01 -1.549925e-02 -1.158104e+01 5.058719e-02 1.435726e-02 9.986164e-01 2.673248e+02
9.984219e-01 -2.326774e-02 -5.111194e-02 6.816394e+01 2.264712e-02 9.996630e-01 -1.268812e-02 -1.161771e+01 5.138993e-02 1.151055e-02 9.986123e-01 2.683960e+02
9.984721e-01 -1.969636e-02 -5.162865e-02 6.809665e+01 1.915398e-02 9.997562e-01 -1.097931e-02 -1.165107e+01 5.183231e-02 9.973643e-03 9.986059e-01 2.694641e+02
9.984899e-01 -1.798414e-02 -5.191008e-02 6.803033e+01 1.764011e-02 9.998193e-01 -7.078199e-03 -1.168154e+01 5.202799e-02 6.151810e-03 9.986266e-01 2.705387e+02
9.984746e-01 -1.764710e-02 -5.231817e-02 6.796554e+01 1.742231e-02 9.998369e-01 -4.749557e-03 -1.170880e+01 5.239345e-02 3.830809e-03 9.986191e-01 2.716135e+02
9.984527e-01 -1.851719e-02 -5.243392e-02 6.790383e+01 1.826667e-02 9.998193e-01 -5.253170e-03 -1.173743e+01 5.252172e-02 4.287249e-03 9.986105e-01 2.726830e+02
9.984002e-01 -2.122321e-02 -5.240813e-02 6.784423e+01 2.077418e-02 9.997428e-01 -9.098062e-03 -1.176733e+01 5.258773e-02 7.994771e-03 9.985842e-01 2.737493e+02
9.983175e-01 -2.270571e-02 -5.335480e-02 6.778534e+01 2.193455e-02 9.996469e-01 -1.499507e-02 -1.179767e+01 5.367644e-02 1.379952e-02 9.984630e-01 2.748066e+02
9.982677e-01 -2.249830e-02 -5.436489e-02 6.772147e+01 2.171010e-02 9.996511e-01 -1.504573e-02 -1.183323e+01 5.468442e-02 1.383939e-02 9.984077e-01 2.758724e+02
9.981288e-01 -2.490332e-02 -5.584548e-02 6.765981e+01 2.408004e-02 9.995919e-01 -1.536704e-02 -1.187068e+01 5.620538e-02 1.399353e-02 9.983211e-01 2.769334e+02
9.980663e-01 -2.474973e-02 -5.702002e-02 6.759292e+01 2.360278e-02 9.995070e-01 -2.070134e-02 -1.191077e+01 5.750426e-02 1.931548e-02 9.981583e-01 2.779886e+02
9.980204e-01 -2.436777e-02 -5.797948e-02 6.752546e+01 2.311648e-02 9.994872e-01 -2.215554e-02 -1.195025e+01 5.848962e-02 2.077140e-02 9.980718e-01 2.790433e+02
9.979945e-01 -2.284510e-02 -5.903584e-02 6.745634e+01 2.200462e-02 9.996476e-01 -1.484803e-02 -1.198777e+01 5.935424e-02 1.351919e-02 9.981454e-01 2.801032e+02
9.980009e-01 -2.060482e-02 -5.974734e-02 6.738662e+01 2.029993e-02 9.997776e-01 -5.705626e-03 -1.202617e+01 5.985162e-02 4.481353e-03 9.981972e-01 2.811665e+02
9.980446e-01 -1.973479e-02 -5.930918e-02 6.731745e+01 1.948727e-02 9.997988e-01 -4.748994e-03 -1.205628e+01 5.939097e-02 3.583934e-03 9.982283e-01 2.822191e+02
9.981253e-01 -1.853929e-02 -5.832924e-02 6.724878e+01 1.794236e-02 9.997813e-01 -1.074103e-02 -1.208302e+01 5.851562e-02 9.674331e-03 9.982396e-01 2.832603e+02
9.982273e-01 -1.630187e-02 -5.724079e-02 6.717999e+01 1.546716e-02 9.997679e-01 -1.499546e-02 -1.211419e+01 5.747196e-02 1.408352e-02 9.982477e-01 2.843009e+02
9.983448e-01 -1.353025e-02 -5.589911e-02 6.711165e+01 1.263846e-02 9.997876e-01 -1.627634e-02 -1.214831e+01 5.610746e-02 1.554291e-02 9.983037e-01 2.853435e+02
9.984509e-01 -1.058534e-02 -5.462534e-02 6.704325e+01 9.853090e-03 9.998582e-01 -1.365697e-02 -1.218235e+01 5.476216e-02 1.309758e-02 9.984135e-01 2.863985e+02
9.985405e-01 -8.388309e-03 -5.335305e-02 6.697369e+01 7.803442e-03 9.999072e-01 -1.116110e-02 -1.220862e+01 5.344172e-02 1.072847e-02 9.985133e-01 2.874563e+02
9.986095e-01 -4.680366e-03 -5.250875e-02 6.690135e+01 4.203729e-03 9.999490e-01 -9.184071e-03 -1.222821e+01 5.254905e-02 8.950567e-03 9.985782e-01 2.885084e+02
9.986289e-01 -4.086813e-03 -5.218850e-02 6.682893e+01 3.523414e-03 9.999345e-01 -1.088291e-02 -1.224028e+01 5.222956e-02 1.068411e-02 9.985779e-01 2.895582e+02
9.986271e-01 -4.266920e-03 -5.220891e-02 6.675997e+01 3.505086e-03 9.998862e-01 -1.467492e-02 -1.225277e+01 5.226558e-02 1.447177e-02 9.985283e-01 2.906051e+02
9.986449e-01 -2.474452e-03 -5.198401e-02 6.668814e+01 1.581929e-03 9.998507e-01 -1.720332e-02 -1.225402e+01 5.201882e-02 1.709777e-02 9.984997e-01 2.916524e+02
9.986721e-01 -1.182120e-03 -5.150540e-02 6.661920e+01 3.892283e-04 9.998813e-01 -1.540165e-02 -1.227164e+01 5.151749e-02 1.536115e-02 9.985539e-01 2.926968e+02
9.987046e-01 7.320975e-04 -5.087911e-02 6.654974e+01 -1.246394e-03 9.999484e-01 -1.007720e-02 -1.228572e+01 5.086910e-02 1.012756e-02 9.986539e-01 2.937418e+02
9.987328e-01 1.815456e-03 -5.029582e-02 6.647880e+01 -2.168904e-03 9.999733e-01 -6.973696e-03 -1.229898e+01 5.028182e-02 7.073945e-03 9.987100e-01 2.947822e+02
9.987191e-01 5.373140e-03 -5.031370e-02 6.640794e+01 -5.693581e-03 9.999644e-01 -6.227691e-03 -1.231508e+01 5.027844e-02 6.506178e-03 9.987140e-01 2.958182e+02
