1.000000000 -0.000000002 0.000000000 0.000015259 -0.000000002 1.000000119 0.000000000 -0.000000000 0.000000000 0.000000000 1.000000000 0.000030518
0.999991357 -0.002494998 -0.003332555 -0.003983658 0.002487699 0.999994636 -0.002191790 -0.004838755 0.003338005 0.002183480 0.999992073 0.666428387
0.999971211 -0.001318991 -0.007476688 -0.010444143 0.001292119 0.999992669 -0.003597535 -0.009011301 0.007481426 0.003587769 0.999965549 1.373059869
0.999933541 -0.001238909 -0.011458457 -0.022209970 0.001181809 0.999986768 -0.004988477 -0.012458326 0.011464505 0.004974601 0.999921918 2.075529099
0.999865174 0.000008724 -0.016420024 -0.041455172 -0.000102744 0.999983549 -0.005725019 -0.014561562 0.016419724 0.005725931 0.999848783 2.806209087
0.999785066 -0.000930231 -0.020714045 -0.057227030 0.000811934 0.999983370 -0.005718879 -0.029286068 0.020719081 0.005700829 0.999769092 3.546203613
0.999682128 0.000802564 -0.025201946 -0.082926303 -0.000983877 0.999973714 -0.007183053 -0.031255160 0.025195586 0.007205562 0.999656558 4.300229549
0.999544740 0.003345787 -0.029984742 -0.114837021 -0.003577976 0.999963999 -0.007693147 -0.041828025 0.029957920 0.007796928 0.999520779 5.069328308
0.999405861 0.003713581 -0.034265507 -0.148071051 -0.003918074 0.999974966 -0.005902594 -0.050756600 0.034242723 0.006033340 0.999395430 5.853420734
0.999239445 0.003005369 -0.038878314 -0.180659413 -0.003135560 0.999989688 -0.003288062 -0.059697028 0.038868029 0.003407465 0.999238551 6.656540871
0.999108315 0.002847612 -0.042123888 -0.218238190 -0.002875279 0.999995708 -0.000596303 -0.068850763 0.042122029 0.000716889 0.999112248 7.463747025
0.998994708 0.004174195 -0.044633575 -0.262538910 -0.004232865 0.999990404 -0.001220093 -0.076508425 0.044628080 0.001407793 0.999002695 8.278514862
0.998899460 0.003465608 -0.046773616 -0.309537381 -0.003540071 0.999992669 -0.001509296 -0.081023067 0.046768069 0.001673216 0.998904407 9.104001045
0.998813272 0.001001451 -0.048692893 -0.342685580 -0.001113869 0.999996781 -0.002281522 -0.086709924 0.048690435 0.002333053 0.998811364 9.935283661
0.998700559 0.000771916 -0.050956830 -0.385130763 -0.000854667 0.999998391 -0.001602068 -0.092282295 0.050955512 0.001643538 0.998699605 10.775622368
0.998644769 -0.000802734 -0.052038562 -0.439089328 0.000698425 0.999997735 -0.002022506 -0.098225161 0.052040055 0.001983419 0.998643041 11.616753578
0.998536825 0.001371617 -0.054058608 -0.490571380 -0.001595564 0.999990284 -0.004099619 -0.112420514 0.054052461 0.004179874 0.998529375 12.475861549
0.998459816 0.001559079 -0.055458721 -0.538392484 -0.001929180 0.999976158 -0.006620535 -0.119945735 0.055447012 0.006717328 0.998439014 13.351271629
0.998364210 0.005415961 -0.056919392 -0.599843740 -0.005888105 0.999949515 -0.008130498 -0.132950068 0.056872420 0.008452345 0.998345792 14.225207329
0.998282552 0.006377310 -0.058235262 -0.652838528 -0.006841449 0.999946356 -0.007774152 -0.144619167 0.058182493 0.008159214 0.998272657 15.118354797
0.998186886 0.005703930 -0.059919652 -0.705743730 -0.006097964 0.999960959 -0.006395258 -0.156914264 0.059880760 0.006749047 0.998182714 16.014894485
0.998120427 0.006478148 -0.060939968 -0.770359516 -0.006814702 0.999962687 -0.005316480 -0.165370837 0.060903184 0.005721772 0.998127341 16.910877228
0.998069882 0.006208031 -0.061791003 -0.831943512 -0.006539199 0.999965310 -0.005158687 -0.182973608 0.061756760 0.005552790 0.998075843 17.817926407
0.997937620 0.006008387 -0.063909851 -0.886003017 -0.006384285 0.999963462 -0.005679028 -0.198123604 0.063873447 0.006075336 0.997939527 18.722009659
0.997882187 0.004554643 -0.064888187 -0.949382424 -0.004965195 0.999968708 -0.006167126 -0.212361038 0.064858109 0.006476249 0.997873425 19.635400772
0.997842312 0.004201743 -0.065521106 -1.007384300 -0.004511270 0.999979258 -0.004576771 -0.221580967 0.065500543 0.004862480 0.997840703 20.557157516
0.997837305 0.006118953 -0.065446965 -1.074776411 -0.006235909 0.999979317 -0.001582876 -0.229754999 0.065435946 0.001987571 0.997854769 21.480300903
0.997893631 0.007144923 -0.064475909 -1.138131618 -0.007022840 0.999973118 0.002119931 -0.239298627 0.064489342 -0.001662665 0.997917116 22.408662796
0.998013914 0.006441155 -0.062663816 -1.206210375 -0.006154466 0.999969661 0.004766993 -0.243474439 0.062692635 -0.004371867 0.998023391 23.344991684
0.998097479 0.006025448 -0.061360989 -1.260569692 -0.005671015 0.999966204 0.005948734 -0.253264964 0.061394807 -0.005589437 0.998097897 24.289737701
0.998170793 0.006450390 -0.060112204 -1.316782117 -0.006278061 0.999975622 0.003055213 -0.260178775 0.060130496 -0.002672237 0.998186946 25.235479355
0.998210371 0.006985784 -0.059390731 -1.374453545 -0.007100235 0.999973357 -0.001716265 -0.265554845 0.059377205 0.002134882 0.998233438 26.174053192
0.998300791 0.006740842 -0.057881754 -1.431417584 -0.007006798 0.999965847 -0.004393155 -0.280345201 0.057850096 0.004791254 0.998313904 27.118431091
0.998340070 0.003984486 -0.057455365 -1.482043624 -0.004192843 0.999985099 -0.003506402 -0.289445132 0.057440478 0.003741482 0.998341918 28.075696945
0.998350382 0.002295693 -0.057367440 -1.548450947 -0.002220584 0.999996662 0.001372902 -0.297794282 0.057370339 -0.001243248 0.998352170 29.059921265
0.998320103 -0.001180371 -0.057927694 -1.601454616 0.001476973 0.999985993 0.005077695 -0.314763546 0.057920996 -0.005154726 0.998307884 30.020282745
0.998204172 -0.008601622 -0.059283271 -1.648239255 0.008885337 0.999950290 0.004523864 -0.321612656 0.059241500 -0.005042495 0.998230994 30.997125626
0.998101711 -0.010972578 -0.060601261 -1.703855157 0.011033488 0.999938905 0.000670644 -0.328284174 0.060590148 -0.001338013 0.998161912 31.960567474
0.998006284 -0.010838293 -0.062176630 -1.765128851 0.010653167 0.999937773 -0.003308058 -0.335405290 0.062208563 0.002639086 0.998059809 32.940422058
0.997900963 -0.009490842 -0.064058423 -1.840569377 0.009247478 0.999948800 -0.004094437 -0.342922807 0.064093933 0.003493465 0.997937858 33.926456451
0.997851491 -0.009537471 -0.064817935 -1.893716335 0.009393079 0.999952734 -0.002531989 -0.359840930 0.064839065 0.001917712 0.997893929 34.892532349
0.997770071 -0.006724257 -0.066404313 -1.962072015 0.006757017 0.999977112 0.000268809 -0.372338206 0.066401027 -0.000716902 0.997792780 35.893505096
0.997695446 -0.006531856 -0.067535937 -2.032252312 0.006657886 0.999976575 0.001641221 -0.386249334 0.067523688 -0.002087088 0.997715533 36.885623932
0.997634351 -0.005294104 -0.068537876 -2.102151632 0.005591667 0.999975860 0.004150515 -0.393295944 0.068514295 -0.004523941 0.997639894 37.861278534
0.997652411 -0.005504701 -0.068259507 -2.172565937 0.006019276 0.999954939 0.007335150 -0.403109252 0.068216115 -0.007728806 0.997640610 38.857151031
0.997624516 0.000200155 -0.068886779 -2.250833750 0.000455098 0.999954760 0.009496227 -0.404084146 0.068885617 -0.009505020 0.997579277 39.843688965
0.997607708 0.000457695 -0.069128238 -2.330044746 0.000136689 0.999963045 0.008593338 -0.406640589 0.069129676 -0.008582231 0.997570753 40.839763641
0.997615457 0.000376297 -0.069015287 -2.392041206 0.000116017 0.999974608 0.007129227 -0.414232224 0.069016211 -0.007120237 0.997590125 41.824501038
0.997617841 0.002655894 -0.068933025 -2.474019527 -0.002328596 0.999985695 0.004827939 -0.418385983 0.068944864 -0.004655921 0.997609615 42.816875458
0.997558594 0.002260642 -0.069797039 -2.541948795 -0.001922932 0.999986172 0.004905211 -0.426298738 0.069807224 -0.004759023 0.997549176 43.791675568
0.997470081 0.000491193 -0.071086012 -2.613524914 -0.000053572 0.999981046 0.006157937 -0.435359657 0.071087763 -0.006138552 0.997451186 44.776634216
0.997417986 0.001146333 -0.071806923 -2.685124397 -0.000630645 0.999973834 0.007203789 -0.443703383 0.071813382 -0.007139906 0.997392535 45.753025055
0.997393847 0.003103193 -0.072082616 -2.758816481 -0.002845270 0.999989212 0.003680541 -0.451539695 0.072093278 -0.003465855 0.997392058 46.729373932
0.997320533 0.003393018 -0.073076889 -2.836344957 -0.003416856 0.999994278 -0.000201205 -0.462205142 0.073075809 0.000450358 0.997326374 47.695236206
0.997276366 0.004698978 -0.073606275 -2.915516138 -0.004840527 0.999986827 -0.001744800 -0.466450870 0.073597118 0.002096338 0.997285962 48.652317047
0.997264504 0.002712194 -0.073866099 -2.980471134 -0.002567299 0.999994576 0.002056476 -0.485173076 0.073871225 -0.001861216 0.997266054 49.635383606
0.997279406 0.001014875 -0.073707566 -3.057371616 -0.000649596 0.999987364 0.004979610 -0.493930757 0.073711641 -0.004918184 0.997267425 50.604381561
0.997247636 -0.000512644 -0.074141368 -3.129961491 0.000946810 0.999982595 0.005820903 -0.509010434 0.074137047 -0.005875083 0.997230709 51.566173553
0.997208476 -0.004077520 -0.074555896 -3.193140984 0.004432121 0.999979675 0.004591357 -0.514608741 0.074535698 -0.004908984 0.997206330 52.515281677
0.997174144 -0.006971516 -0.074801661 -3.265192509 0.007256817 0.999967456 0.003542989 -0.526359022 0.074774563 -0.004075801 0.997192204 53.470119476
0.997077286 -0.008374121 -0.075939320 -3.339897871 0.008746626 0.999951363 0.004574052 -0.533020556 0.075897351 -0.005224899 0.997102022 54.424160004
0.996938288 -0.012144952 -0.077244043 -3.401314259 0.012860919 0.999878764 0.008778146 -0.540589988 0.077128053 -0.009744700 0.996973634 55.368602753
0.996918559 -0.012788248 -0.077395231 -3.481929541 0.013858791 0.999815404 0.013310856 -0.539788783 0.077210695 -0.014342446 0.996911764 56.310352325
0.996892393 -0.010863996 -0.078023173 -3.564610243 0.012110190 0.999806225 0.015516701 -0.540975749 0.077839464 -0.016413357 0.996830821 57.247863770
0.996734858 -0.010248864 -0.080090456 -3.630455256 0.011195961 0.999872446 0.011385213 -0.540217698 0.079963535 -0.012244731 0.996722579 58.205139160
0.996675372 -0.008298575 -0.081051670 -3.711094379 0.008661655 0.999954045 0.004129024 -0.553180337 0.081013709 -0.004817339 0.996701300 59.111370087
0.996635497 -0.006343322 -0.081714921 -3.794977427 0.006305940 0.999979973 -0.000715531 -0.560609400 0.081717856 0.000197833 0.996655524 60.023941040
0.996572495 -0.001462203 -0.082712650 -3.878631115 0.001487495 0.999998987 0.000244179 -0.572507322 0.082712233 -0.000366377 0.996573389 60.925327301
0.996481419 0.001132956 -0.083806418 -3.962292671 -0.000923036 0.999996364 0.002543615 -0.588980436 0.083809026 -0.002457308 0.996478856 61.817413330
0.996405959 0.003857231 -0.084618650 -4.044442177 -0.003528471 0.999985695 0.004034502 -0.601480842 0.084633030 -0.003721427 0.996405244 62.701396942
0.996301889 0.004676996 -0.085794270 -4.122425556 -0.004356630 0.999982774 0.003920983 -0.615647316 0.085811138 -0.003532710 0.996305227 63.565315247
0.996161103 0.006186655 -0.087319568 -4.204828739 -0.005794271 0.999971867 0.004746422 -0.623749435 0.087346487 -0.004222248 0.996169090 64.420539856
0.996020734 0.007371517 -0.088816613 -4.280861378 -0.006938415 0.999962687 0.005184123 -0.632795334 0.088851511 -0.004547250 0.996034503 65.259017944
0.995888114 0.007032740 -0.090319216 -4.357822418 -0.006553204 0.999962866 0.005604823 -0.640814543 0.090355292 -0.004989898 0.995897055 66.086929321
0.995797873 0.006853992 -0.091321252 -4.437367916 -0.006254466 0.999956965 0.006849624 -0.652032733 0.091364332 -0.006249676 0.995797932 66.890884399
0.995638847 0.009309014 -0.092825077 -4.517674923 -0.008458931 0.999918640 0.009547191 -0.657436907 0.092906438 -0.008720351 0.995636642 67.692817688
0.995499611 0.011377838 -0.094080061 -4.596049786 -0.010136161 0.999855220 0.013665460 -0.664421737 0.094221920 -0.012650351 0.995470881 68.475914001
0.995308995 0.014671504 -0.095628537 -4.679617405 -0.013273434 0.999795735 0.015239595 -0.666361451 0.095832586 -0.013898786 0.995300472 69.251510620
0.995141566 0.017316436 -0.096919626 -4.760869980 -0.016294254 0.999803126 0.011328347 -0.675968468 0.097096682 -0.009694079 0.995227754 69.994911194
0.994984031 0.017491177 -0.098492593 -4.834069729 -0.017176561 0.999844253 0.004041435 -0.683856845 0.098547935 -0.002329401 0.995129585 70.717735291
0.994867027 0.016364031 -0.099858455 -4.908332825 -0.016636860 0.999859691 -0.001899984 -0.689286172 0.099813342 0.003551561 0.994999886 71.428146362
0.994819045 0.016750537 -0.100272149 -4.984071732 -0.017154973 0.999847770 -0.003172449 -0.693774343 0.100203700 0.004876178 0.994955063 72.120025635
0.994713187 0.019854821 -0.100754462 -5.065728188 -0.019916475 0.999801576 0.000394071 -0.703904331 0.100742370 0.001614687 0.994911194 72.796371460
0.994573832 0.020322774 -0.102028497 -5.139335632 -0.020150322 0.999793351 0.002720717 -0.720375896 0.102062754 -0.000650046 0.994777679 73.449470520
0.994546533 0.016953075 -0.102907181 -5.203531265 -0.017093789 0.999853790 -0.000485577 -0.732971907 0.102883965 0.002242003 0.994690835 74.080764771
0.994616866 0.008738747 -0.103252269 -5.250221252 -0.009357862 0.999941051 -0.005513232 -0.750266135 0.103198044 0.006449773 0.994639993 74.690284729
0.994749367 0.004749441 -0.102232680 -5.305816174 -0.005860137 0.999926984 -0.010566777 -0.755744457 0.102175102 0.011110388 0.994704366 75.288261414
0.995038450 0.007015616 -0.099244379 -5.363517761 -0.008108605 0.999910772 -0.010614004 -0.770556450 0.099161126 0.011366073 0.995006502 75.869224548
0.995388389 0.012150888 -0.095154464 -5.425456047 -0.012925727 0.999888062 -0.007530815 -0.785930216 0.095052302 0.008726025 0.995434046 76.439971924
0.995840907 0.010725083 -0.090476252 -5.476037979 -0.011167110 0.999928057 -0.004380752 -0.797556639 0.090422757 0.005372888 0.995888948 76.996765137
0.996368945 0.007171499 -0.084837601 -5.512354851 -0.007235050 0.999973714 -0.000441694 -0.802608252 0.084832199 0.001053892 0.996394634 77.542823792
0.997046828 0.002385345 -0.076758683 -5.539155483 -0.002121639 0.999991536 0.003516858 -0.824468195 0.076766402 -0.003343622 0.997043490 78.076171875
0.997794509 0.006268993 -0.066082515 -5.571952820 -0.006073823 0.999976516 0.003153888 -0.830212295 0.066100799 -0.002745561 0.997809172 78.587341309
0.998634696 0.011500965 -0.050957959 -5.600410938 -0.011379533 0.999931633 0.002672440 -0.837077856 0.050985284 -0.002088915 0.998697221 79.091178894
0.999331653 0.016412981 -0.032666173 -5.618219376 -0.016322618 0.999862254 0.003030938 -0.841900885 0.032711480 -0.002495716 0.999461770 79.587310791
0.999831498 0.015081885 -0.010473691 -5.609497070 -0.015043132 0.999879658 0.003768731 -0.849742711 0.010529350 -0.003610540 0.999938011 80.066528320
0.999809980 0.011621633 0.015654562 -5.578643799 -0.011700585 0.999919176 0.004961021 -0.858983040 -0.015595675 -0.005143246 0.999865115 80.518646240
0.998929918 0.010425759 0.045058992 -5.533534050 -0.010729321 0.999921322 0.006500324 -0.866550446 -0.044987705 -0.006976822 0.998963177 80.975189209
0.996863842 0.010055643 0.078494810 -5.481976509 -0.010729758 0.999909103 0.008170970 -0.875362515 -0.078405529 -0.008987575 0.996881008 81.428482056
0.993238568 0.010076378 0.115653649 -5.401299477 -0.011082270 0.999906123 0.008057687 -0.873028100 -0.115561634 -0.009284912 0.993256927 81.868713379
0.987481117 0.009831012 0.157430589 -5.319033623 -0.011291948 0.999901116 0.008388102 -0.884379029 -0.157332480 -0.010060791 0.987494469 82.265792847
0.979212821 0.009470840 0.202614382 -5.204652786 -0.011408630 0.999899626 0.008398127 -0.890390396 -0.202514440 -0.010535105 0.979222596 82.682838440
0.967796922 0.011643568 0.251462638 -5.072025299 -0.013672800 0.999886572 0.006323972 -0.899963140 -0.251360416 -0.009558519 0.967846453 83.080177307
0.952261925 0.012569369 0.305023134 -4.924440384 -0.014336079 0.999890924 0.003552851 -0.907997549 -0.304945141 -0.007756082 0.952338338 83.465393066
0.932552993 0.013375415 0.360785365 -4.742958069 -0.014600758 0.999893308 0.000670738 -0.905274689 -0.360737801 -0.005893239 0.932648659 83.836540222
0.908477783 0.013207199 0.417724401 -4.555458069 -0.014275642 0.999897957 -0.000566770 -0.920298278 -0.417689294 -0.005448382 0.908573627 84.156463623
0.879413903 0.013602161 0.475863487 -4.336830139 -0.013951994 0.999898791 -0.002797464 -0.923577130 -0.475853384 -0.004179113 0.879514754 84.484947205
0.846070409 0.012311556 0.532928824 -4.093166351 -0.011379271 0.999922574 -0.005034341 -0.929738760 -0.532949567 -0.001804932 0.846145093 84.789466858
0.809108615 0.011935648 0.587537944 -3.833076477 -0.009959084 0.999928653 -0.006598421 -0.935980320 -0.587574720 -0.000512497 0.809169769 85.080963135
0.769175887 0.010782954 0.638946235 -3.557880402 -0.008867890 0.999941409 -0.006199842 -0.942052841 -0.638975739 -0.000897333 0.769226432 85.350006104
0.727332413 0.009490624 0.686219752 -3.264099121 -0.010289885 0.999942780 -0.002923148 -0.960880101 -0.686208248 -0.004935019 0.727388382 85.584472656
0.682931960 0.009030985 0.730426192 -2.962734222 -0.009404139 0.999949336 -0.003570713 -0.958374619 -0.730421543 -0.004430477 0.682982326 85.791992188
0.636360705 0.007830364 0.771351814 -2.643074036 -0.006291969 0.999967873 -0.004960319 -0.964633226 -0.771366000 -0.001696770 0.636389613 85.998382568
0.589398980 0.005177596 0.807825446 -2.310554504 -0.000658988 0.999982178 -0.005928383 -0.971795499 -0.807841897 0.002961836 0.589391947 86.183128357
0.543144107 0.007475461 0.839606285 -1.973121643 -0.003143261 0.999971449 -0.006869895 -0.982817173 -0.839633703 0.001092241 0.543152094 86.348739624
0.495395392 0.010368429 0.868605614 -1.641498566 -0.006531158 0.999944985 -0.008211268 -0.990873456 -0.868643045 -0.001605176 0.495435894 86.512924194
0.450185120 0.012477633 0.892848134 -1.296527863 -0.007054712 0.999920905 -0.010416914 -0.997782469 -0.892907500 -0.001609248 0.450237513 86.646949768
0.406412005 0.009673446 0.913638711 -0.955228806 0.000052452 0.999943674 -0.010610566 -1.009495735 -0.913689971 0.004360185 0.406388581 86.771896362
0.367000550 0.001999889 0.930218577 -0.586345673 0.015019391 0.999854565 -0.008075225 -1.013586521 -0.930099547 0.016934929 0.366917074 86.857818604
0.331870198 -0.001615445 0.943323731 -0.215398788 0.019439390 0.999797940 -0.005126806 -1.016147614 -0.943124771 0.020039074 0.331834495 86.947906494
0.298630536 0.002560225 0.954365373 0.150882721 0.016562801 0.999831915 -0.007864865 -1.024123788 -0.954225123 0.018155651 0.298537910 87.044921875
0.267545968 0.009502844 0.963498294 0.511785507 0.006066143 0.999914944 -0.011546477 -1.041623354 -0.963526011 0.008933933 0.267465562 87.145294189
0.238676190 0.014773903 0.970986724 0.897642136 0.000828047 0.999880850 -0.015417073 -1.052176714 -0.971098900 0.004483709 0.238635525 87.238937378
0.212950811 0.016258687 0.976927698 1.287427902 0.002235908 0.999850810 -0.017127572 -1.067193985 -0.977060497 0.005831649 0.212882727 87.303504944
0.189203262 0.017853435 0.981775582 1.696823120 0.009312058 0.999757051 -0.019975003 -1.075993061 -0.981893778 0.012921687 0.188991085 87.361106873
0.169527680 0.023763506 0.985238910 2.106308937 0.016156441 0.999507904 -0.026887666 -1.080317259 -0.985393047 0.020476157 0.169060379 87.396514893
0.149707705 0.030881753 0.988247871 2.534192085 0.018140906 0.999258101 -0.033973936 -1.077266693 -0.988563836 0.023013880 0.149036422 87.452995300
0.132013679 0.031395979 0.990750611 2.972975731 0.015894400 0.999302804 -0.033784863 -1.091212749 -0.991120458 0.020207452 0.131422669 87.507644653
0.116607167 0.027134303 0.992807329 3.432264328 0.013963531 0.999483228 -0.028956801 -1.113850355 -0.993080080 0.017239671 0.116168037 87.556671143
0.102116406 0.024043223 0.994481921 3.898626328 0.014182024 0.999571085 -0.025622522 -1.131056547 -0.994671345 0.016720245 0.101731628 87.596366882
0.089039192 0.021688597 0.995792031 4.382704258 0.016752558 0.999588907 -0.023269236 -1.145284772 -0.995887160 0.018753937 0.088639259 87.627098083
0.077299237 0.020673316 0.996793628 4.874473572 0.020302607 0.999545097 -0.022304801 -1.162418604 -0.996801078 0.021961652 0.076844342 87.651893616
0.066913664 0.021314280 0.997531176 5.393567562 0.023226492 0.999467552 -0.022913678 -1.179411411 -0.997488320 0.024702389 0.066382989 87.684318542
0.059378203 0.022040298 0.997992277 5.922305107 0.025623204 0.999393165 -0.023595765 -1.188711762 -0.997906685 0.026972828 0.058777455 87.701904297
0.053724527 0.022323366 0.998306274 6.472227573 0.027276801 0.999344230 -0.023814501 -1.204349399 -0.998183250 0.028510019 0.053080406 87.727798462
0.048030652 0.023245472 0.998575449 7.036018372 0.028975438 0.999275982 -0.024655487 -1.222146034 -0.998425424 0.030118374 0.047322355 87.753150940
0.042401284 0.024075035 0.998810589 7.621416569 0.029404562 0.999246538 -0.025333822 -1.236104012 -0.998667955 0.030443771 0.041661441 87.769371033
0.037933521 0.023950988 0.998993218 8.224987030 0.031920481 0.999173462 -0.025167391 -1.254129529 -0.998770297 0.032843038 0.037137661 87.787353516
0.035062343 0.024069684 0.999095201 8.843995094 0.033270463 0.999127686 -0.025238061 -1.270828485 -0.998831153 0.034125268 0.034230918 87.805992126
0.031943426 0.023584478 0.999211431 9.483812332 0.034347665 0.999105215 -0.024680026 -1.289232254 -0.998899341 0.035108943 0.031104736 87.822990417
0.029526919 0.022929212 0.999300957 10.140722275 0.036093906 0.999060512 -0.023990178 -1.309305191 -0.998912156 0.036777027 0.028671622 87.841835022
0.028945839 0.022573158 0.999326110 10.816841125 0.040865526 0.998882532 -0.023746826 -1.327726007 -0.998745322 0.041525353 0.027991077 87.853126526
0.030025959 0.022212051 0.999302208 11.511432648 0.043896027 0.998759270 -0.023518918 -1.346914291 -0.998584747 0.044571579 0.029013719 87.868675232
0.032472063 0.022253582 0.999224842 12.215985298 0.045721665 0.998672426 -0.023727104 -1.364558339 -0.998426378 0.046456691 0.031411521 87.890007019
0.036110185 0.022160130 0.999101996 12.940834045 0.048062947 0.998558640 -0.023885200 -1.385421515 -0.998191476 0.048882283 0.034993097 87.918235779
0.040827010 0.021591874 0.998932958 13.680198669 0.048548017 0.998542666 -0.023567632 -1.408576012 -0.997986138 0.049458411 0.039719280 87.941246033
0.044501334 0.020036668 0.998808444 14.433774948 0.049960349 0.998503089 -0.022256501 -1.427895665 -0.997759342 0.050891269 0.043433696 87.981765747
0.048426688 0.018111611 0.998662710 15.207309723 0.049881205 0.998544097 -0.020528283 -1.452007055 -0.997580469 0.050808612 0.047452778 88.025161743
0.052760098 0.016284365 0.998474538 15.991874695 0.046922375 0.998722076 -0.018767823 -1.469290733 -0.997504175 0.047840990 0.051928595 88.073280334
0.056429382 0.015119648 0.998292148 16.779560089 0.045656733 0.998800218 -0.017708138 -1.494193077 -0.997362077 0.046578020 0.055671334 88.121879578
0.060489818 0.015924839 0.998041809 17.581495285 0.043092132 0.998898864 -0.018550266 -1.515898705 -0.997238278 0.044129848 0.059736945 88.180625916
0.063397706 0.019799793 0.997791946 18.376560211 0.040803451 0.998915732 -0.022414664 -1.546923637 -0.997153997 0.042134400 0.062521018 88.237983704
0.064844236 0.025297225 0.997574747 19.178197861 0.034591995 0.999020815 -0.027582441 -1.572137356 -0.997295678 0.036296658 0.063905619 88.303497314
0.064724475 0.028695269 0.997490406 20.000255585 0.031868465 0.999017179 -0.030807044 -1.596460104 -0.997394264 0.033782467 0.063746437 88.361000061
0.064840898 0.028395835 0.997491479 20.807723999 0.029748766 0.999095798 -0.030375293 -1.624051809 -0.997452140 0.031643704 0.063937590 88.422866821
0.064459555 0.026682440 0.997563481 21.622596741 0.027036905 0.999228776 -0.028474025 -1.656171799 -0.997554123 0.028806455 0.063688509 88.488143921
0.064785272 0.025085524 0.997583926 22.454553604 0.027766334 0.999251604 -0.026930671 -1.695787907 -0.997512937 0.029443955 0.064040206 88.536369324
0.064983457 0.024268337 0.997591317 23.267639160 0.025547003 0.999336123 -0.025974931 -1.730421305 -0.997559309 0.027173407 0.064320296 88.598480225
0.065057330 0.024503339 0.997580767 24.084684372 0.023486951 0.999383926 -0.026079342 -1.765181541 -0.997605085 0.025126785 0.064441688 88.659873962
0.065625012 0.024857992 0.997534871 24.905639648 0.020331273 0.999448776 -0.026243236 -1.802276492 -0.997637153 0.022003364 0.065083407 88.712875366
0.064167321 0.026610032 0.997584343 25.709541321 0.017717378 0.999456584 -0.027799597 -1.830230713 -0.997781873 0.019458396 0.063660920 88.774414062
0.061297674 0.026351832 0.997771680 26.522771835 0.014441572 0.999523520 -0.027285300 -1.860371590 -0.998014987 0.016081914 0.060887825 88.833473206
0.057056110 0.025027525 0.998057187 27.333112717 0.012160239 0.999594271 -0.025761228 -1.893947244 -0.998296976 0.013606444 0.056728542 88.890892029
0.051790297 0.022319529 0.998408556 28.154262543 0.010000700 0.999688566 -0.022866903 -1.928105235 -0.998607934 0.011169064 0.051550899 88.946075439
0.046342611 0.020670841 0.998711705 28.970632553 0.008375078 0.999742687 -0.021080809 -1.953327179 -0.998890638 0.009341227 0.046157572 88.976669312
0.038400199 0.020932309 0.999043167 29.772354126 0.008208436 0.999740243 -0.021262426 -1.980784655 -0.999228835 0.009017062 0.038218405 89.012878418
0.030141588 0.021784492 0.999308288 30.579845428 0.007624637 0.999728441 -0.022023635 -2.011584997 -0.999516547 0.008283189 0.029967308 89.032821655
0.020295886 0.022162367 0.999548316 31.382997513 0.008394264 0.999715328 -0.022336513 -2.038512468 -0.999758780 0.008843811 0.020104112 89.048164368
0.010187373 0.021229450 0.999722660 32.182910919 0.009979388 0.999722719 -0.021331139 -2.063649654 -0.999898255 0.010193928 0.009972728 89.053131104
-0.000766961 0.020368319 0.999792218 32.974109650 0.008615373 0.999755681 -0.020360960 -2.093498945 -0.999962628 0.008597967 -0.000942219 89.054283142
-0.011918962 0.019596355 0.999736965 33.767654419 0.010266618 0.999757826 -0.019474361 -2.121302366 -0.999876201 0.010031805 -0.012117206 89.043190002
-0.022828888 0.019812645 0.999543071 34.549266815 0.010288512 0.999755442 -0.019581871 -2.148517370 -0.999686420 0.009836780 -0.023027088 89.021972656
-0.034047604 0.020638939 0.999207139 35.320533752 0.010610226 0.999738038 -0.020288363 -2.173662186 -0.999363840 0.009911044 -0.034257598 88.994400024
-0.044384100 0.021670880 0.998779476 36.091793060 0.010636750 0.999718249 -0.021218572 -2.204056025 -0.998958111 0.009681996 -0.044602092 88.956130981
-0.054921955 0.022767371 0.998230994 36.856796265 0.011134221 0.999691784 -0.022188092 -2.227989435 -0.998428643 0.009895910 -0.055158526 88.915428162
-0.064349353 0.023226803 0.997657120 37.615295410 0.012454197 0.999669850 -0.022470362 -2.261245966 -0.997849762 0.010979060 -0.064617380 88.859283447
-0.073974721 0.023921382 0.996973157 38.379932404 0.012903175 0.999651492 -0.023028238 -2.284114361 -0.997176647 0.011160615 -0.074257672 88.807182312
-0.083313420 0.024254588 0.996228278 39.120471954 0.013643273 0.999637902 -0.023196634 -2.313349485 -0.996429980 0.011659225 -0.083614230 88.745750427
-0.091902800 0.023722226 0.995485485 39.850708008 0.014955332 0.999636412 -0.022440474 -2.338583946 -0.995655775 0.012825473 -0.092224211 88.672241211
-0.099149458 0.022689058 0.994813859 40.592826843 0.016861148 0.999634743 -0.021118520 -2.364582777 -0.994929731 0.014679813 -0.099495806 88.594902039
-0.104465254 0.021161450 0.994303346 41.313644409 0.019608984 0.999623001 -0.019214474 -2.390221596 -0.994335294 0.017490029 -0.104840815 88.518486023
-0.108401343 0.019682085 0.993912280 42.023860931 0.022811947 0.999589920 -0.017306525 -2.412917137 -0.993845522 0.020797025 -0.108805865 88.438323975
-0.110889070 0.018699229 0.993656874 42.737430573 0.024427937 0.999572217 -0.016084466 -2.431759596 -0.993532538 0.022489401 -0.111298360 88.352157593
-0.112643033 0.017769245 0.993476570 43.422855377 0.024399519 0.999588192 -0.015112072 -2.455092907 -0.993335903 0.022538083 -0.113030113 88.275856018
-0.113312647 0.018233960 0.993392050 44.090415955 0.025576601 0.999553680 -0.015429636 -2.476429939 -0.993230224 0.023659211 -0.113728464 88.194503784
-0.112211011 0.019136906 0.993500113 44.743396759 0.026142443 0.999525249 -0.016300304 -2.496926785 -0.993340492 0.024143443 -0.112658061 88.120735168
-0.109238915 0.020710938 0.993799746 45.367595673 0.027034419 0.999474943 -0.017857578 -2.521019936 -0.993647754 0.024916053 -0.109741516 88.052497864
-0.104316570 0.021354182 0.994314909 45.989677429 0.027324563 0.999453723 -0.018597845 -2.540124178 -0.994168699 0.025229162 -0.104843043 87.992736816
-0.096289538 0.022101250 0.995108008 46.588123322 0.027184280 0.999438882 -0.019567018 -2.559097290 -0.994982004 0.025167197 -0.096836314 87.939338684
-0.085128620 0.022158502 0.996123612 47.169700623 0.025603427 0.999471188 -0.020044910 -2.582884789 -0.996041000 0.023797777 -0.085650928 87.902511597
-0.071483947 0.022045160 0.997198224 47.722011566 0.025195273 0.999476612 -0.020289423 -2.609657764 -0.997123480 0.023674311 -0.072001964 87.871093750
-0.054646704 0.023128930 0.998237848 48.277820587 0.024045778 0.999472201 -0.021841198 -2.639549971 -0.998216152 0.022809858 -0.055174001 87.860671997
-0.033132132 0.025754543 0.999119103 48.792808533 0.022138406 0.999441743 -0.025028717 -2.662150383 -0.999205828 0.021289647 -0.033683747 87.851737976
-0.008438036 0.028968856 0.999544799 49.320007324 0.019953584 0.999386191 -0.028795814 -2.683411121 -0.999765277 0.019701524 -0.009010842 87.865226746
0.019578081 0.030558905 0.999341369 49.833522797 0.018137613 0.999357402 -0.030914739 -2.706138611 -0.999643862 0.018730918 0.019011281 87.902511597
0.052521452 0.029991392 0.998169422 50.339424133 0.015383265 0.999406040 -0.030837987 -2.730546236 -0.998501301 0.016974760 0.052028943 87.951728821
0.091801718 0.027151603 0.995407224 50.806831360 0.014416819 0.999487162 -0.028592495 -2.756175041 -0.995672882 0.016975444 0.091363236 87.989631653
0.133205399 0.024118893 0.990794957 51.316173553 0.012794955 0.999578774 -0.026052907 -2.765785933 -0.991005898 0.016147567 0.132840723 88.093551636
0.179211110 0.019521888 0.983616889 51.839439392 0.009689975 0.999719560 -0.021606954 -2.795593500 -0.983762920 0.013403429 0.178971648 88.200660706
0.227573678 0.016048808 0.973628640 52.316413879 0.005059721 0.999831200 -0.017663367 -2.816295624 -0.973747730 0.008946005 0.227454036 88.348785400
0.279818326 0.014562530 0.959942460 52.790092468 0.001198277 0.999878824 -0.015517665 -2.834081173 -0.960052252 0.005492402 0.279766887 88.510383606
0.334523350 0.014681389 0.942273259 53.241611481 -0.000082319 0.999879003 -0.015549716 -2.842838764 -0.942387521 0.005124173 0.334484071 88.706970215
0.390644103 0.015735805 0.920407295 53.665355682 0.002539806 0.999831617 -0.018171646 -2.851797104 -0.920538306 0.009436299 0.390538424 88.931579590
0.451389641 0.018025672 0.892144918 54.085002899 0.003689913 0.999749720 -0.022066765 -2.877349377 -0.892319202 0.013252643 0.451210290 89.168670654
0.511145353 0.021881286 0.859215677 54.481197357 0.004281597 0.999598682 -0.028003473 -2.890796185 -0.859483600 0.017992660 0.510846674 89.441139221
0.570490360 0.026595674 0.820873499 54.838127136 0.000868035 0.999455452 -0.032984860 -2.892541409 -0.821303725 0.019530091 0.570156753 89.716979980
0.623646557 0.030108610 0.781126380 55.163635254 -0.003280936 0.999350190 -0.035900585 -2.898518801 -0.781699479 0.019826453 0.623340011 90.066337585
0.676979780 0.030284936 0.735378265 55.489612579 -0.004881208 0.999315917 -0.036661044 -2.923312902 -0.735985339 0.021229248 0.676664472 90.409233093
0.726210833 0.027514961 0.686921239 55.785236359 -0.004924196 0.999381423 -0.034824856 -2.949113846 -0.687454462 0.021907650 0.725897014 90.766151428
0.770212054 0.025526045 0.637277007 56.025291443 -0.008267632 0.999514520 -0.030043172 -2.959264278 -0.637734354 0.017870832 0.770049095 91.148956299
0.811932206 0.021747584 0.583346426 56.271816254 -0.009278524 0.999660254 -0.024353741 -2.958484888 -0.583677948 0.014360993 0.811858296 91.545631409
0.848682106 0.019832883 0.528531432 56.491554260 -0.012054500 0.999762356 -0.018159255 -2.967037439 -0.528765917 0.009040253 0.848719597 91.969299316
0.879610300 0.016381308 0.475412726 56.672676086 -0.012811808 0.999860108 -0.010747753 -2.977602482 -0.475522339 0.003362940 0.879697263 92.400169373
0.905282557 0.017167743 0.424462736 56.829235077 -0.016788639 0.999848366 -0.004633337 -2.996561527 -0.424477875 -0.002931670 0.905433595 92.821624756
0.924967766 0.018932525 0.379573464 56.937595367 -0.020241091 0.999794960 -0.000543471 -3.016138077 -0.379505932 -0.007180287 0.925161481 93.220573425
0.940134168 0.024458073 0.339925885 57.065742493 -0.026678879 0.999642372 0.001860401 -3.018359423 -0.339758813 -0.010817871 0.940450430 93.683860779
0.952017605 0.028832396 0.304682106 57.177673340 -0.030589387 0.999531627 0.000993638 -3.020257950 -0.304510713 -0.010266002 0.952453613 94.144981384
0.961168587 0.031260267 0.274185658 57.281341553 -0.032812521 0.999460936 0.001075704 -3.020058870 -0.274004251 -0.010030657 0.961676121 94.608215332
0.967241883 0.026139153 0.252507269 57.390682220 -0.027420437 0.999622881 0.001556001 -3.029268265 -0.252371311 -0.008428890 0.967593729 95.074111938
0.971212804 0.023592081 0.237042710 57.499145508 -0.024871718 0.999687910 0.002408915 -3.040005445 -0.236911863 -0.008235230 0.971496224 95.561347961
0.974128485 0.027416132 0.224325806 57.592498779 -0.028627675 0.999587893 0.002149553 -3.043927670 -0.224174365 -0.008515867 0.974511862 96.053337097
0.976082504 0.032773167 0.214916229 57.678905487 -0.034262329 0.999407887 0.003206365 -3.046767712 -0.214683801 -0.010493209 0.976627290 96.565429688
0.977281928 0.038987003 0.208326563 57.784339905 -0.040042367 0.999197662 0.000849460 -3.032214880 -0.208126321 -0.009172050 0.978059053 97.053894043
0.977626026 0.044785235 0.205527470 57.877700806 -0.045221563 0.998973668 -0.002576226 -3.038559437 -0.205431938 -0.006775689 0.978647947 97.572235107
0.977706373 0.046354335 0.204796001 57.983154297 -0.046244115 0.998916090 -0.005326859 -3.045078754 -0.204820931 -0.004262507 0.978790164 98.112823486
0.977157414 0.045475062 0.207593992 58.095188141 -0.044629890 0.998965263 -0.008755434 -3.058559656 -0.207777396 -0.000709460 0.978175819 98.645034790
0.976395130 0.044545475 0.211348742 58.218257904 -0.042233303 0.998988450 -0.015443780 -3.064994812 -0.211822927 0.006153274 0.977288723 99.203468323
0.975726068 0.043164883 0.214698330 58.359012604 -0.039730381 0.999004424 -0.020288670 -3.064449787 -0.215360388 0.011266138 0.976469636 99.748176575
0.974451840 0.048017062 0.219403669 58.476306915 -0.044689402 0.998798549 -0.020107670 -3.074447393 -0.220105633 0.009788932 0.975427091 100.333114624
0.973022938 0.051085465 0.224981397 58.606918335 -0.048709434 0.998683155 -0.016102642 -3.087271690 -0.225507796 0.004709521 0.974229991 100.921401978
0.972086549 0.047715850 0.229719445 58.753173828 -0.046294529 0.998860776 -0.011575875 -3.098658562 -0.230010137 0.000617995 0.973188102 101.517288208
0.971352339 0.043632738 0.233604252 58.902885437 -0.043459762 0.999037743 -0.005890395 -3.111427784 -0.233636543 -0.004430741 0.972314000 102.139488220
0.970592916 0.041162089 0.237181231 59.059181213 -0.042144567 0.999111116 -0.000928716 -3.126521826 -0.237008542 -0.009094497 0.971464992 102.757286072
0.969976842 0.036468968 0.240447462 59.215019226 -0.037489180 0.999297023 -0.000331434 -3.133512259 -0.240290418 -0.008692696 0.970662117 103.395523071
0.970006287 0.032942768 0.240837052 59.376144409 -0.033029627 0.999447763 -0.003677273 -3.139228344 -0.240825072 -0.004387782 0.970558584 104.036903381
0.970186710 0.032273274 0.240200296 59.541027069 -0.030659568 0.999475300 -0.010453092 -3.151219606 -0.240411520 0.002777013 0.970667005 104.681091309
0.970402718 0.034650415 0.238993347 59.701774597 -0.031500954 0.999359548 -0.016986258 -3.164555073 -0.239428788 0.008954995 0.970872581 105.322509766
0.970998347 0.037392739 0.236143664 59.860179901 -0.033402339 0.999223948 -0.020877535 -3.172456741 -0.236740991 0.012384303 0.971493840 105.999694824
0.971554458 0.036138635 0.234042853 60.018554688 -0.033146746 0.999310970 -0.016705763 -3.183280945 -0.234485224 0.008472798 0.972082794 106.695236206
0.971943498 0.032342732 0.232980356 60.185157776 -0.031084584 0.999475539 -0.009070783 -3.199550152 -0.233151495 0.001574191 0.972439229 107.402656555
0.972548783 0.032556996 0.230410218 60.356925964 -0.032747470 0.999459207 -0.002998462 -3.216790199 -0.230383188 -0.004629201 0.973088980 108.128265381
0.972783566 0.036043052 0.228895411 60.515441895 -0.036140494 0.999339700 -0.003767538 -3.227090597 -0.228880048 -0.004607393 0.973443687 108.859291077
0.973141372 0.041375227 0.226459444 60.674026489 -0.040504519 0.999143362 -0.008492252 -3.237073183 -0.226616755 -0.000908469 0.973983586 109.584892273
0.974009991 0.042368144 0.222507283 60.840209961 -0.040354252 0.999092877 -0.013591781 -3.249006748 -0.222881302 0.004259414 0.974836349 110.323074341
0.974958241 0.040916253 0.218591273 61.007476807 -0.038213547 0.999131978 -0.016579458 -3.260840893 -0.219079942 0.007811131 0.975675642 111.078720093
0.975930393 0.038804404 0.214602396 61.178131104 -0.036407575 0.999222755 -0.015111608 -3.273990154 -0.215022027 0.006934724 0.976584673 111.852798462
0.976737976 0.035353165 0.211502105 61.343788147 -0.033394963 0.999359906 -0.012824471 -3.293319702 -0.211820126 0.005463039 0.977293491 112.630126953
0.977184415 0.034055408 0.209644660 61.511711121 -0.032683909 0.999415636 -0.010004077 -3.308716297 -0.209862858 0.002923819 0.977726579 113.423858643
0.977497160 0.031213367 0.208626986 61.677459717 -0.030258786 0.999511957 -0.007766278 -3.322189331 -0.208767578 0.001278713 0.977964580 114.221023560
0.977737904 0.025861306 0.208230659 61.850742340 -0.025045609 0.999664843 -0.006553334 -3.334842682 -0.208330438 0.001192178 0.978057861 115.011024475
0.977850616 0.026671762 0.207597926 62.017108917 -0.026221646 0.999644101 -0.004920179 -3.347261906 -0.207655311 -0.000632361 0.978201985 115.813705444
0.977638781 0.031799555 0.207873031 62.181411743 -0.031016231 0.999494255 -0.007027347 -3.358252287 -0.207991391 0.000422767 0.978130639 116.635787964
0.977350831 0.037455861 0.208284527 62.347770691 -0.036122650 0.999295294 -0.010202235 -3.375106335 -0.208519846 0.002447374 0.978015125 117.445854187
0.976763129 0.046252988 0.209271610 62.509605408 -0.044771221 0.998927355 -0.011814813 -3.386350632 -0.209593594 0.002170928 0.977786243 118.279670715
0.975838423 0.052104212 0.212190285 62.675254822 -0.050837964 0.998641610 -0.011422778 -3.401567936 -0.212497205 0.000359465 0.977161705 119.103927612
0.975033164 0.054572280 0.215249240 62.847560883 -0.053814199 0.998506844 -0.009385276 -3.421129227 -0.215440035 -0.002432509 0.976514041 119.951232910
0.974467754 0.055198137 0.217636958 63.030315399 -0.054333284 0.998473108 -0.009960759 -3.445881367 -0.217854440 -0.002118490 0.975978911 120.773452759
0.974086106 0.053532250 0.219751358 63.211235046 -0.051948305 0.998565316 -0.012984356 -3.457479477 -0.220131159 0.001232170 0.975469410 121.608688354
0.974084079 0.047415409 0.221160859 63.404624939 -0.045998968 0.998874664 -0.011553569 -3.475793600 -0.221459717 0.001080980 0.975168884 122.453720093
0.974388063 0.041107848 0.221084177 63.609237671 -0.039193541 0.999146521 -0.013040530 -3.502374172 -0.221431509 0.004041468 0.975167572 123.266181946
0.974169731 0.039919868 0.222260699 63.793014526 -0.038002394 0.999194384 -0.012898958 -3.524731159 -0.222596511 0.004119337 0.974901974 124.099884033
0.973623574 0.042480964 0.224170804 63.981590271 -0.041233115 0.999096930 -0.010247040 -3.540009499 -0.224403635 0.000733501 0.974496007 124.948204041
0.973177612 0.044654869 0.225679860 64.162216187 -0.044808596 0.998985708 -0.004443726 -3.557251692 -0.225649402 -0.005787862 0.974191427 125.787322998
0.972773314 0.048500627 0.226627365 64.348213196 -0.049703687 0.998763978 -0.000398302 -3.575706482 -0.226366550 -0.010876758 0.973981559 126.629348755
0.972574294 0.047718484 0.227645025 64.534851074 -0.047431264 0.998851776 -0.006735366 -3.594971657 -0.227705002 -0.004246844 0.973720849 127.437812805
0.972858489 0.043593351 0.227257580 64.726089478 -0.039829742 0.998983264 -0.021122806 -3.615687132 -0.227947280 0.011497887 0.973605573 128.242660522
