1.000000000 0.000000000 -0.000000002 -0.000000954 0.000000000 1.000000000 0.000000000 0.000000477 -0.000000002 0.000000000 1.000000000 -0.000000477
0.999995887 -0.002514277 -0.001397265 -0.004848030 0.002518476 0.999992251 0.003011516 -0.017604487 0.001389681 -0.003015022 0.999994457 1.522793651
0.999991357 -0.002989462 -0.002941381 -0.007551132 0.003000913 0.999987960 0.003896268 -0.036808707 0.002929697 -0.003905061 0.999988019 3.044485092
0.999988914 -0.001967266 -0.004313476 -0.023527600 0.001982799 0.999991417 0.003599557 -0.050414272 0.004306358 -0.003608068 0.999984145 4.559807777
0.999981523 -0.001236334 -0.005953569 -0.036181726 0.001257561 0.999992847 0.003563030 -0.067999095 0.005949121 -0.003570450 0.999975920 6.068870544
0.999971628 -0.001480690 -0.007385608 -0.050320860 0.001509121 0.999991417 0.003845424 -0.082762472 0.007379847 -0.003856460 0.999965370 7.566320419
0.999954998 -0.001899250 -0.009289343 -0.073979601 0.001939849 0.999988496 0.004363338 -0.099576421 0.009280947 -0.004381161 0.999947369 9.054946899
0.999936461 -0.003612830 -0.010678994 -0.090066992 0.003650328 0.999987245 0.003494016 -0.114589810 0.010666233 -0.003532774 0.999936819 10.565620422
0.999918222 -0.004673454 -0.011906408 -0.118719779 0.004716398 0.999982476 0.003581318 -0.128398538 0.011889462 -0.003637180 0.999922633 12.053678513
0.999902070 -0.004298838 -0.013313268 -0.136063606 0.004346380 0.999984205 0.003544081 -0.143089443 0.013297820 -0.003601598 0.999905109 13.538813591
0.999889612 -0.004160330 -0.014263603 -0.168765455 0.004212277 0.999984562 0.003613737 -0.157351539 0.014248351 -0.003673420 0.999891758 15.024506569
0.999880195 -0.002759298 -0.015230422 -0.186120614 0.002823965 0.999987066 0.004226041 -0.174931362 0.015218561 -0.004268546 0.999875009 16.483591080
0.999873102 -0.001704712 -0.015842045 -0.218225002 0.001783616 0.999985993 0.004967886 -0.188407183 0.015833350 -0.004995510 0.999862134 17.956930161
0.999862731 -0.000521826 -0.016560687 -0.244285479 0.000620297 0.999982119 0.005941480 -0.205284521 0.016557295 -0.005950938 0.999845266 19.437244415
0.999853492 -0.000387428 -0.017108891 -0.274045229 0.000487219 0.999982893 0.005828941 -0.213852078 0.017106341 -0.005836425 0.999836564 20.894754410
0.999843895 0.000559742 -0.017653815 -0.306383342 -0.000457799 0.999983132 0.005778096 -0.221325129 0.017656751 -0.005769111 0.999827504 22.350376129
0.999842823 0.001306630 -0.017676003 -0.341528267 -0.001194057 0.999978900 0.006377732 -0.234744236 0.017683964 -0.006355624 0.999823451 23.797092438
0.999842584 0.001856047 -0.017643642 -0.369764358 -0.001723382 0.999970078 0.007531361 -0.244118795 0.017657096 -0.007499768 0.999815941 25.243143082
0.999840081 0.002229980 -0.017743299 -0.397125214 -0.002119104 0.999978244 0.006265232 -0.257527024 0.017756874 -0.006226631 0.999822915 26.679164886
0.999840021 0.002598960 -0.017693006 -0.429569364 -0.002528142 0.999988616 0.004023787 -0.264108270 0.017703261 -0.003978413 0.999835372 28.112689972
0.999849737 0.000862949 -0.017307771 -0.462679416 -0.000795835 0.999992132 0.003884170 -0.279539585 0.017310983 -0.003869812 0.999842584 29.531061172
0.999850929 0.000049470 -0.017261487 -0.493907511 0.000063229 0.999978721 0.006528319 -0.295193791 0.017261440 -0.006528439 0.999829650 30.951070786
0.999854505 -0.001570216 -0.016987097 -0.519972563 0.001704954 0.999967158 0.007920190 -0.309453934 0.016974101 -0.007947999 0.999824345 32.364200592
0.999856174 -0.002323157 -0.016802983 -0.551481843 0.002444540 0.999971032 0.007206967 -0.318975627 0.016785752 -0.007247005 0.999832869 33.761192322
0.999866128 -0.002575306 -0.016157156 -0.579483211 0.002663591 0.999981642 0.005445021 -0.333387315 0.016142832 -0.005487328 0.999854565 35.152847290
0.999878883 -0.000967609 -0.015531533 -0.612267494 0.001038118 0.999989212 0.004532359 -0.344469905 0.015526982 -0.004547934 0.999869049 36.505222321
0.999888539 -0.000822832 -0.014909741 -0.630498409 0.000881898 0.999991715 0.003955391 -0.366935849 0.014906367 -0.003968101 0.999880970 37.877727509
0.999908924 -0.000342696 -0.013496465 -0.657007694 0.000410530 0.999987185 0.005023592 -0.383100003 0.013494574 -0.005028675 0.999896288 39.208282471
0.999925494 -0.000073836 -0.012200903 -0.681390226 0.000159512 0.999975264 0.007021313 -0.398529708 0.012200076 -0.007022736 0.999900877 40.540023804
0.999943912 -0.000592802 -0.010569163 -0.700692534 0.000677162 0.999967873 0.007979838 -0.410987467 0.010564085 -0.007986548 0.999912262 41.833053589
0.999965549 -0.000180593 -0.008306314 -0.713672280 0.000254235 0.999960601 0.008865596 -0.429375976 0.008304383 -0.008867401 0.999926209 43.120765686
0.999986053 -0.000483195 -0.005269684 -0.724586010 0.000526814 0.999965549 0.008278992 -0.439438254 0.005265502 -0.008281655 0.999951839 44.395748138
0.999998152 -0.001237821 -0.001506908 -0.736013651 0.001247546 0.999978304 0.006469751 -0.454933524 0.001498865 -0.006471618 0.999977946 45.635463715
0.999996305 -0.001609193 0.002199480 -0.740551651 0.001598569 0.999987066 0.004823491 -0.468201280 -0.002207218 -0.004819957 0.999985874 46.868713379
0.999982238 -0.001141085 0.005859831 -0.734004915 0.001108738 0.999984145 0.005520461 -0.482940733 -0.005866041 -0.005513865 0.999967575 48.078842163
0.999930680 -0.001127661 0.011715836 -0.730064332 0.001064552 0.999984860 0.005391438 -0.494211942 -0.011721740 -0.005378592 0.999916732 49.309394836
0.999836504 0.000538882 0.018072683 -0.716877818 -0.000615259 0.999990940 0.004220831 -0.502148330 -0.018070245 -0.004231260 0.999827683 50.509014130
0.999679625 0.001834978 0.025243400 -0.687361002 -0.001944478 0.999988794 0.004313881 -0.518133461 -0.025235197 -0.004361584 0.999672055 51.709262848
0.999431193 0.002780793 0.033606630 -0.656273127 -0.002952069 0.999982893 0.005047937 -0.527608395 -0.033592016 -0.005144275 0.999422371 52.889476776
0.999017954 0.004844121 0.044041254 -0.612209320 -0.005117078 0.999968350 0.006087154 -0.546971262 -0.044010382 -0.006306540 0.999011159 54.050720215
0.998344660 0.007195611 0.057063006 -0.561197281 -0.007549053 0.999953628 0.005980745 -0.557533860 -0.057017323 -0.006401617 0.998352706 55.201320648
0.997362554 0.009380272 0.071972236 -0.492827415 -0.009871316 0.999930263 0.006470014 -0.569654107 -0.071906507 -0.007163409 0.997385740 56.330394745
0.996042788 0.011678284 0.088105202 -0.405988216 -0.012426615 0.999891162 0.007949854 -0.580327511 -0.088002756 -0.009013244 0.996079445 57.453441620
0.994323909 0.011661578 0.105753995 -0.291211128 -0.012642556 0.999882996 0.008610391 -0.589316487 -0.105641223 -0.009898521 0.994355023 58.573478699
0.992150247 0.011489564 0.124522708 -0.158503532 -0.012560082 0.999890506 0.007815304 -0.600582838 -0.124419287 -0.009317970 0.992186010 59.656517029
0.989398360 0.010672323 0.144834429 -0.008101463 -0.011786227 0.999907136 0.006835001 -0.606719851 -0.144748047 -0.008469589 0.989432275 60.744586945
0.986077666 0.008115008 0.166087225 0.166189194 -0.009315105 0.999935865 0.006448001 -0.613575220 -0.166024238 -0.007905348 0.986090004 61.816802979
0.982279897 0.002524065 0.187403157 0.368390083 -0.004224977 0.999953389 0.008677348 -0.623967469 -0.187372521 -0.009315358 0.982244670 62.848083496
0.977548063 -0.002839732 0.210693926 0.586114883 0.000660985 0.999945581 0.010410521 -0.634266913 -0.210712031 -0.010037519 0.977496624 63.877037048
0.972060323 -0.007929771 0.234597266 0.842914581 0.005796950 0.999935329 0.009779630 -0.642522752 -0.234659597 -0.008146440 0.972043514 64.909019470
0.965518296 -0.013976201 0.259959817 1.115940094 0.012309873 0.999891818 0.008036948 -0.650013983 -0.260044068 -0.004559746 0.965585887 65.912643433
0.958061874 -0.017436959 0.286030561 1.415365219 0.015540924 0.999839604 0.008897635 -0.658239067 -0.286139816 -0.004079305 0.958179116 66.895843506
0.949514508 -0.020322543 0.313064635 1.723937988 0.017618928 0.999779046 0.011462904 -0.671015203 -0.313228339 -0.005368330 0.949662626 67.831451416
0.939851880 -0.024591707 0.340695828 2.069814682 0.020975307 0.999677718 0.014294569 -0.671447754 -0.340937614 -0.006288580 0.940064847 68.773414612
0.928940833 -0.027247675 0.369224191 2.436756134 0.023814596 0.999620378 0.013853322 -0.673641860 -0.369461507 -0.004075991 0.929237068 69.687454224
0.916848361 -0.026174782 0.398376584 2.823574066 0.024188567 0.999657273 0.010012042 -0.675170958 -0.398502052 0.000456636 0.917167366 70.585670471
0.903846860 -0.028031558 0.426936835 3.244026184 0.028719734 0.999575794 0.004828397 -0.682929516 -0.426891148 0.007897383 0.904268503 71.448181152
0.889695704 -0.029879892 0.455575138 3.688074112 0.032271694 0.999475837 0.002529200 -0.690408826 -0.455411971 0.012451966 0.890193701 72.297134399
0.874091625 -0.030766977 0.484785646 4.159082413 0.031860173 0.999474287 0.005986342 -0.699651957 -0.484714985 0.010212739 0.874612451 73.141128540
0.856447577 -0.029428266 0.515394330 4.652799606 0.027345132 0.999558330 0.011633025 -0.705979645 -0.515509009 0.004130446 0.856874108 73.964294434
0.836770952 -0.029854689 0.546738684 5.171974182 0.025628351 0.999553502 0.015357075 -0.711987853 -0.546953022 0.001161654 0.837162614 74.771331787
0.815748334 -0.023782566 0.577917874 5.709039688 0.021597188 0.999709904 0.010655142 -0.715925217 -0.578003645 0.003789486 0.816025376 75.539077759
0.793824494 -0.016901311 0.607912064 6.277099609 0.018631859 0.999820352 0.003467357 -0.717763305 -0.607861459 0.008574061 0.793996751 76.287437439
0.771399677 -0.014425693 0.636187255 6.866832733 0.017608516 0.999844074 0.001320732 -0.719587922 -0.636107206 0.010183505 0.771533549 77.003723145
0.747907579 -0.016853556 0.663588941 7.488765717 0.018627556 0.999816775 0.004398476 -0.723990798 -0.663541555 0.009071386 0.748084545 77.703300476
0.723476708 -0.017467462 0.690127790 8.114692688 0.018915346 0.999806046 0.005476178 -0.745619774 -0.690089583 0.009092117 0.723666787 78.364418030
0.698108971 -0.015221564 0.715829730 8.766265869 0.019384764 0.999809265 0.002355287 -0.748594761 -0.715728998 0.012231942 0.698270917 78.998428345
0.671912909 -0.013214163 0.740512252 9.440734863 0.019229000 0.999815047 0.000393653 -0.762599349 -0.740380466 0.013974812 0.672042727 79.610671997
0.644893527 -0.010740186 0.764196992 10.130023956 0.017352104 0.999849200 -0.000591071 -0.769957542 -0.764075339 0.013641602 0.644982815 80.195762634
0.616850913 -0.009219669 0.787025988 10.858917236 0.017100895 0.999852240 -0.001690405 -0.784952521 -0.786894262 0.014501579 0.616917610 80.767547607
0.588294744 -0.002949933 0.808641315 11.593578339 0.015640382 0.999847710 -0.007731075 -0.800809264 -0.808495402 0.017195612 0.588251233 81.299491882
0.558083951 0.006655407 0.829757810 12.361446381 0.014346554 0.999740899 -0.017668122 -0.813006103 -0.829660475 0.021764459 0.557843864 81.826248169
0.527635217 0.015069916 0.849337459 13.139030457 0.013303705 0.999573410 -0.026000252 -0.832497776 -0.849366903 0.025017982 0.527209640 82.302444458
0.495431721 0.019939071 0.868417978 13.947242737 0.010375747 0.999529362 -0.028868770 -0.863967657 -0.868584931 0.023312986 0.494991601 82.780975342
0.462740958 0.019465785 0.886279821 14.776607513 0.008484749 0.999615848 -0.026385065 -0.894475579 -0.886452973 0.019729309 0.462398022 83.221076965
0.429557979 0.018384043 0.902852118 15.628250122 0.003912789 0.999745488 -0.022218626 -0.919286013 -0.903030813 0.013076856 0.429376721 83.636917114
0.395290375 0.019330023 0.918352783 16.481775284 -0.000325238 0.999781430 -0.020903988 -0.952610195 -0.918556154 0.007964460 0.395210266 84.008544922
0.359950364 0.022488441 0.932700396 17.367210388 -0.007423383 0.999746740 -0.021240154 -0.978834271 -0.932941973 0.000721610 0.360026121 84.373176575
0.324879646 0.024487160 0.945438266 18.267494202 -0.012414794 0.999688864 -0.021626195 -1.004082918 -0.945673943 -0.004711512 0.325082600 84.671813965
0.287831277 0.023810219 0.957385182 19.181951523 -0.015165976 0.999678791 -0.020302517 -1.032945871 -0.957561016 -0.008675979 0.288099915 84.986221313
0.251639873 0.023493199 0.967535853 20.114480972 -0.015900761 0.999670684 -0.020137960 -1.058116555 -0.967690289 -0.010317040 0.251930565 85.229705811
0.216086239 0.022881348 0.976106167 21.063510895 -0.015163774 0.999683380 -0.020077139 -1.085893154 -0.976256430 -0.010463055 0.216364801 85.433479309
0.180461705 0.021669911 0.983343244 22.022624969 -0.013299527 0.999719560 -0.019590082 -1.111986637 -0.983492076 -0.009542740 0.180699348 85.613800049
0.145974308 0.020701993 0.989071667 22.987617493 -0.005071799 0.999783456 -0.020177661 -1.138861656 -0.989275336 -0.002070951 0.146047711 85.743659973
0.112127393 0.024100449 0.993401527 23.940181732 -0.002714071 0.999709427 -0.023947142 -1.170789838 -0.993690133 -0.000011031 0.112160243 85.845306396
0.079413444 0.029165104 0.996415019 24.939273834 -0.002131731 0.999574482 -0.029087691 -1.201688051 -0.996839523 0.000185867 0.079441823 85.931655884
0.050378285 0.033019636 0.998184204 25.913385391 0.004665178 0.999434531 -0.033296455 -1.235856652 -0.998719335 0.006334127 0.050195742 85.970214844
0.024944462 0.031431299 0.999194622 26.898044586 0.006390540 0.999480128 -0.031599823 -1.270415068 -0.999668479 0.007173636 0.024730619 85.991165161
0.002646819 0.028191054 0.999599040 27.930215836 0.008067129 0.999569297 -0.028211581 -1.310904741 -0.999963939 0.008138565 0.002418255 85.994522095
-0.016047057 0.025861105 0.999536693 28.922691345 0.008185701 0.999635279 -0.025732240 -1.343690157 -0.999837697 0.007768983 -0.016252900 85.974601746
-0.032983288 0.028738718 0.999042571 29.915855408 0.010184845 0.999544144 -0.028416900 -1.385251284 -0.999403894 0.009237813 -0.033260964 85.947280884
-0.047582809 0.033177145 0.998316169 30.936477661 0.012413612 0.999390662 -0.032621186 -1.418435216 -0.998790145 0.010840503 -0.047965672 85.899337769
-0.059688747 0.038542733 0.997472703 31.930492401 0.016325464 0.999158263 -0.037630957 -1.457031965 -0.998083532 0.014038062 -0.060267735 85.838462830
-0.068371266 0.041781835 0.996784687 32.934577942 0.022103541 0.998940885 -0.040356085 -1.505065322 -0.997415066 0.019273272 -0.069222376 85.758682251
-0.074520953 0.047063865 0.996108353 33.937232971 0.025561426 0.998647571 -0.045271538 -1.552730322 -0.996891797 0.022088265 -0.075623192 85.680702209
-0.077821724 0.051815193 0.995619953 34.937000275 0.027670039 0.998376071 -0.049795832 -1.609243035 -0.996583164 0.023673648 -0.079129070 85.593864441
-0.080574669 0.055780202 0.995186627 35.946674347 0.029920185 0.998118341 -0.053522054 -1.667839170 -0.996299386 0.025463650 -0.082091995 85.508354187
-0.083051369 0.058690701 0.994815528 36.959323883 0.030677510 0.997941792 -0.056314051 -1.729987621 -0.996072948 0.025841502 -0.084680907 85.415084839
-0.085677646 0.062253747 0.994376123 37.968658447 0.031593747 0.997713804 -0.059740514 -1.793308020 -0.995821953 0.026297638 -0.087448590 85.330055237
-0.087226711 0.066058815 0.993995845 38.972816467 0.033035193 0.997442007 -0.063388877 -1.859551430 -0.995640576 0.027307646 -0.089185849 85.228256226
-0.089753017 0.067774601 0.993655384 39.987232208 0.035606451 0.997262537 -0.064804450 -1.926271915 -0.995327353 0.029564150 -0.091920532 85.135604858
-0.091698244 0.066177547 0.993585408 41.009872437 0.035691626 0.997366488 -0.063135393 -2.002820492 -0.995146930 0.029673273 -0.093818776 85.044609070
-0.093778007 0.065760866 0.993418932 42.025810242 0.035248838 0.997409821 -0.062697589 -2.075459719 -0.994968891 0.029137213 -0.095853120 84.946372986
-0.096094444 0.067106038 0.993107617 43.060287476 0.034635015 0.997345984 -0.064041130 -2.144125223 -0.994769454 0.028242299 -0.098163627 84.844139099
-0.098118767 0.069535159 0.992742479 44.077217102 0.033498906 0.997221351 -0.066537999 -2.212243080 -0.994610667 0.026727159 -0.100175470 84.737602234
-0.101264887 0.071527556 0.992284834 45.114109039 0.031648304 0.997138917 -0.068647653 -2.288491964 -0.994355977 0.024452532 -0.103238873 84.644325256
-0.103795610 0.075260855 0.991747081 46.147987366 0.029102845 0.996935904 -0.072608724 -2.364679575 -0.994172812 0.021326197 -0.105667859 84.541152954
-0.105878666 0.079378314 0.991205812 47.182209015 0.026046550 0.996687949 -0.077035099 -2.446570396 -0.994037867 0.017661117 -0.107595533 84.428092957
-0.108345196 0.082287416 0.990701914 48.222023010 0.023899373 0.996495783 -0.080154963 -2.523915529 -0.993826032 0.014992747 -0.109932162 84.314842224
-0.111266263 0.080396235 0.990533292 49.279232025 0.021572605 0.996682823 -0.078472108 -2.613635540 -0.993556440 0.012637082 -0.112631544 84.200508118
-0.114170596 0.076028563 0.990547657 50.341308594 0.018467972 0.997057498 -0.074399583 -2.700636864 -0.993289471 0.009799163 -0.115238741 84.081031799
-0.116424799 0.074506618 0.990400970 51.385574341 0.019106409 0.997165740 -0.072769493 -2.785589933 -0.993015707 0.010450827 -0.117518380 83.960075378
-0.118714370 0.074677549 0.990116179 52.433040619 0.018523693 0.997160733 -0.072987892 -2.873475552 -0.992755711 0.009675893 -0.119760625 83.846481323
-0.119882554 0.077832237 0.989732444 53.496948242 0.019240465 0.996917069 -0.076066710 -2.952071190 -0.992601633 0.009923839 -0.121010490 83.716194153
-0.120415747 0.080802970 0.989429712 54.561973572 0.019663015 0.996680558 -0.079002082 -3.033989668 -0.992528796 0.009942072 -0.121604882 83.584671021
-0.120717175 0.081307091 0.989351571 55.634063721 0.018927002 0.996647358 -0.079597272 -3.127576590 -0.992506444 0.009116701 -0.121851370 83.451866150
-0.120916031 0.079842314 0.989446580 56.690345764 0.016280841 0.996785462 -0.078444913 -3.219458103 -0.992529154 0.006623774 -0.121827252 83.334114075
-0.120711982 0.079293989 0.989515662 57.761890411 0.012815015 0.996845961 -0.078318089 -3.309704304 -0.992604792 0.003226727 -0.121347412 83.203544617
-0.120902501 0.080502078 0.989394724 58.834346771 0.008433066 0.996753514 -0.080070324 -3.398847580 -0.992628574 -0.001337072 -0.121188894 83.084381104
-0.121097133 0.080593258 0.989363551 59.907390594 0.004452109 0.996732593 -0.080648609 -3.491650581 -0.992630720 -0.005361563 -0.121060289 82.962669373
-0.121321104 0.079792723 0.989400983 60.994247437 0.000785243 0.996771097 -0.080290824 -3.587296486 -0.992613077 -0.008964054 -0.120992050 82.832168579
-0.121574126 0.074828565 0.989757895 62.083057404 0.001388247 0.997166097 -0.075218156 -3.675381422 -0.992581367 -0.007770550 -0.121333472 82.707687378
-0.122164078 0.066563450 0.990275383 63.178276062 0.004233203 0.997774422 -0.066545278 -3.756411076 -0.992500961 -0.003937406 -0.122173958 82.580711365
-0.121733554 0.060723074 0.990703642 64.275947571 0.010760314 0.998148918 -0.059857242 -3.845447302 -0.992504478 0.003373648 -0.122161612 82.438446045
-0.120712392 0.063164800 0.990675867 65.388290405 0.019053888 0.997937083 -0.061306097 -3.917062283 -0.992504597 0.011475819 -0.121666908 82.286811829
-0.119553909 0.068573788 0.990456700 66.474220276 0.024761660 0.997507453 -0.066073075 -3.991876125 -0.992518842 0.016626054 -0.120953910 82.152351379
-0.118577272 0.074411742 0.990152657 67.578025818 0.028073562 0.997040570 -0.071567371 -4.069604874 -0.992547929 0.019310849 -0.120315336 82.014152527
-0.118490808 0.078588441 0.989840329 68.669036865 0.028525209 0.996721029 -0.075720064 -4.157297134 -0.992545307 0.019263271 -0.120344035 81.891456604
-0.118218996 0.075819351 0.990088820 69.786415100 0.025306569 0.996986926 -0.073325925 -4.241227627 -0.992665112 0.016387230 -0.119781494 81.766136169
-0.118066907 0.071766332 0.990409017 70.887176514 0.024790360 0.997287214 -0.069309466 -4.326296806 -0.992696226 0.016369440 -0.119525731 81.646263123
-0.117606364 0.069516242 0.990624189 72.048698425 0.022297924 0.997480154 -0.067350179 -4.410764694 -0.992810011 0.014168051 -0.118860103 81.495590210
-0.117829382 0.070233911 0.990547061 73.175933838 0.020375459 0.997456729 -0.068300098 -4.491220474 -0.992824793 0.012135089 -0.118960768 81.371681213
-0.117421478 0.075301036 0.990223169 74.306457520 0.021510214 0.997079968 -0.073271737 -4.578922749 -0.992849171 0.012696235 -0.118698344 81.234725952
-0.116601489 0.078056440 0.990106761 75.453445435 0.021050196 0.996877074 -0.076111183 -4.664450645 -0.992955685 0.011967261 -0.117880479 81.092498779
-0.115998991 0.076862402 0.990271032 76.594276428 0.020659413 0.996972263 -0.074962534 -4.752285480 -0.993034422 0.011762838 -0.117235713 80.958518982
-0.115358271 0.070198312 0.990840554 77.748222351 0.022236679 0.997432172 -0.068076432 -4.841495037 -0.993074954 0.014179827 -0.116623037 80.823211670
-0.116319798 0.068671450 0.990835011 78.903404236 0.021264143 0.997550428 -0.066640571 -4.926095963 -0.992984116 0.013317640 -0.117495112 80.693382263
-0.115623750 0.071767345 0.990697086 80.044883728 0.019126602 0.997362375 -0.070017941 -5.010384560 -0.993108869 0.010852933 -0.116691425 80.563796997
-0.115662053 0.074793316 0.990468681 81.201911926 0.017912809 0.997155786 -0.073206499 -5.094839096 -0.993127048 0.009274857 -0.116672873 80.437011719
-0.115806237 0.073879510 0.990520418 82.367782593 0.016702129 0.997233689 -0.072427489 -5.186866760 -0.993131399 0.008156242 -0.116719849 80.309883118
-0.115239725 0.070809089 0.990810692 83.542335510 0.016712565 0.997452915 -0.069339976 -5.272762299 -0.993197024 0.008568265 -0.116129629 80.170867920
-0.114657030 0.069406860 0.990977466 84.721359253 0.016198315 0.997554362 -0.067993306 -5.364856243 -0.993273020 0.008256257 -0.115500875 80.036354065
-0.113374159 0.069801107 0.991097391 85.908523560 0.017832208 0.997511446 -0.068212949 -5.452928543 -0.993392289 0.009939872 -0.114336729 79.901870728
-0.112277918 0.070177831 0.991195619 87.103759766 0.020231647 0.997457504 -0.068329439 -5.540872574 -0.993470788 0.012381633 -0.113412276 79.762817383
-0.110940374 0.069585405 0.991387963 88.300933838 0.020112149 0.997498631 -0.067763671 -5.625205517 -0.993623495 0.012421213 -0.112062395 79.616645813
-0.109930709 0.070494428 0.991436124 89.500190735 0.021108635 0.997422278 -0.068579510 -5.710371494 -0.993714988 0.013388869 -0.111135386 79.489151001
-0.108587645 0.068630569 0.991714954 90.694107056 0.020461591 0.997556806 -0.066794410 -5.800757885 -0.993876219 0.013039015 -0.109726667 79.362022400
-0.107291169 0.067376658 0.991942048 91.904518127 0.019708969 0.997649133 -0.065632552 -5.891206264 -0.994032264 0.012508364 -0.108366869 79.221176147
-0.105604343 0.067194983 0.992135346 93.117736816 0.020887379 0.997644067 -0.065344788 -5.972106934 -0.994188786 0.013822415 -0.106759094 79.092910767
-0.103996649 0.067651272 0.992274106 94.340530396 0.018763429 0.997639775 -0.066050559 -6.062016010 -0.994400620 0.011749430 -0.105020590 78.964332581
-0.103155591 0.070392631 0.992171288 95.558853149 0.018683899 0.997453809 -0.068824857 -6.145827293 -0.994489729 0.011437960 -0.104208142 78.850662231
-0.101715706 0.069102630 0.992410600 96.788360596 0.016587824 0.997563601 -0.067761317 -6.235887527 -0.994675159 0.009569546 -0.102614157 78.724334717
-0.101649433 0.068351984 0.992469311 98.015953064 0.013033232 0.997642756 -0.067373395 -6.321559906 -0.994734883 0.006086619 -0.102300644 78.614219666
-0.101098135 0.068838768 0.992491961 99.259201050 0.010451475 0.997621715 -0.068129934 -6.415628433 -0.994821548 0.003485197 -0.101577178 78.484443665
-0.101398095 0.068348274 0.992495358 100.502647400 0.007625498 0.997661293 -0.067924969 -6.502145290 -0.994816601 0.000680805 -0.101682141 78.364692688
-0.102416418 0.065611295 0.992575526 101.745727539 0.004823077 0.997843385 -0.065461859 -6.595021725 -0.994729936 -0.001917105 -0.102511995 78.242599487
-0.103609614 0.064317323 0.992536247 103.009819031 0.002887433 0.997922242 -0.064364925 -6.684290886 -0.994613826 -0.003802943 -0.103580058 78.114990234
-0.105566569 0.063747622 0.992366791 104.267837524 0.000482592 0.997946262 -0.064054713 -6.769198418 -0.994412124 -0.006283126 -0.105380513 77.998413086
-0.106588289 0.063404426 0.992279589 105.515846252 0.001069556 0.997971475 -0.063653231 -6.867861271 -0.994302690 -0.005723389 -0.106439888 77.859535217
-0.108994380 0.062114146 0.992099822 106.775764465 0.000649712 0.998049974 -0.062415298 -6.953476429 -0.994042218 -0.006158338 -0.108822197 77.728118896
-0.112377487 0.057184573 0.992018819 108.042465210 -0.003076006 0.998317778 -0.057896126 -7.041806221 -0.993660808 -0.009557677 -0.112012535 77.599357605
-0.116841041 0.057067219 0.991509795 109.297462463 -0.003827837 0.998314381 -0.057909939 -7.124640942 -0.993143201 -0.010561596 -0.116425648 77.458328247
-0.122115634 0.063190900 0.990502179 110.533287048 -0.008362571 0.997870386 -0.064691946 -7.206956387 -0.992480695 -0.016183045 -0.121327117 77.312255859
-0.129454702 0.066037849 0.989383876 111.753936768 -0.007654585 0.997683644 -0.067593373 -7.295459270 -0.991555810 -0.016323604 -0.128649324 77.164436340
-0.137975320 0.062315971 0.988473237 113.010131836 -0.005588194 0.997953832 -0.063693687 -7.385523796 -0.990419805 -0.014311939 -0.137344778 76.983573914
-0.149082929 0.060327329 0.986982763 114.241668701 -0.003337653 0.998100758 -0.061511062 -7.475242615 -0.988819063 -0.012464453 -0.148598462 76.804763794
-0.161809251 0.061021365 0.984933615 115.459823608 -0.003171238 0.998049021 -0.062354907 -7.563930511 -0.986816883 -0.013213062 -0.161300108 76.609954834
-0.175743178 0.061159078 0.982534409 116.679054260 -0.000997829 0.998056769 -0.062303755 -7.651067257 -0.984435499 -0.011929863 -0.175340652 76.393798828
-0.190476954 0.059254922 0.979901612 117.913070679 -0.000830973 0.998166502 -0.060520921 -7.736885071 -0.981691241 -0.012342112 -0.190078452 76.170852661
-0.205574974 0.061764140 0.976690292 119.111618042 0.003456992 0.998045981 -0.062387001 -7.825430393 -0.978635192 -0.009448794 -0.205386788 75.916801453
-0.221124873 0.065114908 0.973069310 120.288108826 0.002983529 0.997809052 -0.066092409 -7.911985874 -0.975240886 -0.011711498 -0.220834643 75.660667419
-0.236397758 0.068896174 0.969210744 121.454315186 0.002678609 0.997525334 -0.070255592 -8.001028061 -0.971652687 -0.014012125 -0.235997275 75.382804871
-0.252095759 0.066876084 0.965388596 122.622543335 -0.000797512 0.997594416 -0.069315359 -8.098227501 -0.967701912 -0.018244017 -0.251435965 75.085868835
-0.268529594 0.061020564 0.961336732 123.786338806 -0.006623213 0.997850955 -0.065188363 -8.190871239 -0.963248551 -0.023872139 -0.267548382 74.785247803
-0.284128606 0.056887548 0.957097054 124.974533081 -0.010779059 0.997985601 -0.062517792 -8.278028488 -0.958725512 -0.028079702 -0.282943070 74.452209473
-0.299578875 0.058304343 0.952288389 126.122901917 -0.012798835 0.997795463 -0.065116912 -8.363347054 -0.953985691 -0.031695832 -0.298172206 74.110008240
-0.313507259 0.060305223 0.947668970 127.278411865 -0.012679925 0.997626543 -0.067679055 -8.450970650 -0.949501157 -0.033234246 -0.311998457 73.733619690
-0.327598572 0.062652193 0.942737401 128.411666870 -0.011122277 0.997474134 -0.070154823 -8.541102409 -0.944751620 -0.033468012 -0.326074243 73.351852417
-0.341894120 0.062135313 0.937682033 129.546142578 -0.009165586 0.997543752 -0.069443956 -8.641603470 -0.939693689 -0.032336891 -0.340484858 72.952072144
-0.356058061 0.060091052 0.932529807 130.669921875 -0.009606126 0.997642159 -0.067954607 -8.734186172 -0.934414387 -0.033153798 -0.354641289 72.538009644
-0.370301753 0.058964774 0.927038193 131.791809082 -0.009227399 0.997700512 -0.067145154 -8.829011917 -0.928865671 -0.033418112 -0.368906111 72.092575073
-0.385140836 0.060368549 0.920881212 132.890747070 -0.010673225 0.997500002 -0.069855183 -8.921222687 -0.922796071 -0.036732860 -0.383533627 71.647048950
-0.400332898 0.062282126 0.914250731 133.981079102 -0.009960586 0.997332871 -0.072303534 -9.012781143 -0.916315675 -0.038051955 -0.398644745 71.190628052
-0.415052265 0.064087115 0.907537520 135.073989868 -0.008784635 0.997187138 -0.074435420 -9.105803490 -0.909755170 -0.038866971 -0.413321763 70.702819824
-0.429592907 0.066427134 0.900576115 136.160324097 -0.006025435 0.997057617 -0.076417945 -9.205717087 -0.903002560 -0.038254961 -0.427928627 70.186935425
-0.444540977 0.069676273 0.893044472 137.234130859 -0.006399002 0.996697664 -0.080948688 -9.305508614 -0.895735681 -0.041699603 -0.442627102 69.669326782
-0.459361672 0.071989857 0.885327220 138.309127808 -0.005806868 0.996445596 -0.084038332 -9.406861305 -0.888230443 -0.043744966 -0.457310885 69.114059448
-0.474794239 0.069326721 0.877362013 139.381469727 -0.007175498 0.996554673 -0.082628071 -9.509949684 -0.880067587 -0.045526844 -0.472660959 68.550590515
-0.490750760 0.064948760 0.868875921 140.445068359 -0.009876772 0.996739030 -0.080085091 -9.612243652 -0.871244013 -0.047883499 -0.488508970 67.972244263
-0.506964743 0.065160215 0.859500289 141.507415771 -0.010272765 0.996611059 -0.081614062 -9.715421677 -0.861905515 -0.050204903 -0.504577279 67.364852905
-0.522655487 0.064091742 0.850131452 142.552246094 -0.011637666 0.996540844 -0.082284391 -9.815578461 -0.852464497 -0.052899934 -0.520101726 66.732208252
-0.538619995 0.063193373 0.840175569 143.590850830 -0.012193856 0.996494174 -0.082768045 -9.917791367 -0.842460513 -0.054825511 -0.535961211 66.078033447
-0.554049194 0.062548071 0.830130816 144.626617432 -0.013251541 0.996384442 -0.083919227 -10.031437874 -0.832378328 -0.057495892 -0.551217198 65.404144287
-0.569370568 0.061889898 0.819747984 145.647888184 -0.013660486 0.996312141 -0.084708400 -10.140707016 -0.821967423 -0.059428629 -0.566425323 64.702224731
-0.584396541 0.059659455 0.809272230 146.659088135 -0.013536758 0.996438026 -0.083232544 -10.242629051 -0.811355352 -0.059595726 -0.581507385 63.982124329
-0.599401891 0.056172982 0.798474848 147.661987305 -0.013413453 0.996689439 -0.080186725 -10.351823807 -0.800335884 -0.058774371 -0.596664071 63.245529175
-0.614259779 0.054351948 0.787229836 148.660888672 -0.012927405 0.996798158 -0.078907937 -10.455632210 -0.788997948 -0.058646820 -0.611590326 62.475200653
-0.628674924 0.053134061 0.775850892 149.636856079 -0.013246816 0.996786594 -0.078998774 -10.557800293 -0.777555406 -0.059942100 -0.625950933 61.691761017
-0.643766642 0.054052752 0.763310313 150.612304688 -0.014436437 0.996466696 -0.082738884 -10.671525002 -0.765085757 -0.064284019 -0.640711546 60.898368835
-0.659072280 0.053342655 0.750185490 151.568649292 -0.016544648 0.996211827 -0.085371815 -10.780754089 -0.751897633 -0.068677746 -0.655692935 60.082252502
-0.674950063 0.050165568 0.736156166 152.516723633 -0.018315597 0.996239662 -0.084681854 -10.892585754 -0.737636030 -0.070639163 -0.671493292 59.243606567
-0.691192865 0.042469181 0.721421301 153.448089600 -0.021925345 0.996579766 -0.079674035 -11.005388260 -0.722337663 -0.070887558 -0.687897623 58.383495331
-0.708022594 0.040106598 0.705049992 154.371490479 -0.022741692 0.996573150 -0.079527393 -11.113372803 -0.705823481 -0.072341226 -0.704684198 57.485824585
-0.725454330 0.037338123 0.687256873 155.262695312 -0.024401916 0.996504307 -0.079897471 -11.220692635 -0.687837601 -0.074732348 -0.722007275 56.569431305
-0.743001580 0.033570614 0.668447375 156.147232056 -0.027550735 0.996360481 -0.080662563 -11.327363968 -0.668722451 -0.078348622 -0.739372611 55.626224518
-0.759480298 0.031515054 0.649766445 156.991119385 -0.027103474 0.996425569 -0.080008678 -11.443945885 -0.649965346 -0.078375958 -0.755911469 54.662559509
-0.775299430 0.033811957 0.630688131 157.812286377 -0.024770392 0.996169865 -0.083855882 -11.551330566 -0.631107986 -0.080635823 -0.771492481 53.666954041
-0.790330112 0.034086768 0.611732364 158.611373901 -0.020342251 0.996440709 -0.081804641 -11.667920113 -0.612343490 -0.077096678 -0.786823630 52.647224426
-0.805298388 0.034583468 0.591860235 159.401443481 -0.016992161 0.996540725 -0.081349604 -11.787708282 -0.592626214 -0.075567693 -0.801925004 51.631015778
-0.819642484 0.035897374 0.571749628 160.147323608 -0.015027011 0.996344149 -0.084097862 -11.902267456 -0.572678268 -0.077521868 -0.816106677 50.584484100
-0.833520949 0.036953107 0.551250637 160.881011963 -0.014477913 0.995957136 -0.088655427 -12.023508072 -0.552298069 -0.081877105 -0.829616189 49.520618439
-0.846595049 0.037049320 0.530946493 161.584289551 -0.011761027 0.996028543 -0.088255607 -12.148714066 -0.532107592 -0.080961220 -0.842797101 48.432781219
-0.858203888 0.035467591 0.512082398 162.262023926 -0.010287221 0.996221185 -0.086240202 -12.267628670 -0.513206184 -0.079279579 -0.854595840 47.316913605
-0.868677735 0.037334997 0.493968725 162.905120850 -0.007202842 0.996098578 -0.087953500 -12.387561798 -0.495325208 -0.079961225 -0.865019679 46.201541901
-0.878129125 0.040131804 0.476737410 163.520187378 -0.004438265 0.995749295 -0.091997355 -12.504198074 -0.478403091 -0.082901441 -0.874218404 45.082038879
-0.887123823 0.037746750 0.459985256 164.124588013 -0.006163166 0.995592177 -0.093585312 -12.630181313 -0.461490303 -0.085856713 -0.882980943 43.947120667
-0.895461977 0.035063028 0.443754941 164.714904785 -0.007003189 0.995659947 -0.092803344 -12.760372162 -0.445082903 -0.086209565 -0.891329944 42.807003021
-0.902612269 0.033079579 0.429181725 165.279678345 -0.007828811 0.995616317 -0.093202837 -12.888360023 -0.430383444 -0.087486014 -0.898396492 41.651706696
-0.909178317 0.031212687 0.415235400 165.824310303 -0.008103879 0.995671570 -0.092587151 -13.020401955 -0.416327953 -0.087543249 -0.904990137 40.480167389
-0.915433586 0.028734786 0.401441902 166.351562500 -0.009051951 0.995725751 -0.091914728 -13.147048950 -0.402367234 -0.087775663 -0.911260724 39.309139252
-0.921079516 0.023632282 0.388656646 166.862152100 -0.011711406 0.996023536 -0.088318177 -13.269937515 -0.389198273 -0.085899785 -0.917140067 38.123619080
-0.926221013 0.020266380 0.376435727 167.378356934 -0.012863101 0.996273339 -0.085286580 -13.393504143 -0.376761436 -0.083836377 -0.922508717 36.910377502
-0.930529714 0.020954413 0.365616292 167.863250732 -0.009983193 0.996539176 -0.082522430 -13.505052567 -0.366080254 -0.080439612 -0.927100182 35.692703247
-0.933833063 0.024934445 0.356838852 168.312850952 -0.005245566 0.996505737 -0.083359189 -13.634401321 -0.357670516 -0.079715408 -0.930439293 34.540039062
-0.936090410 0.030033398 0.350474894 168.786834717 -0.000036118 0.996340156 -0.085476264 -13.746068954 -0.351759374 -0.080026194 -0.932663500 33.294830322
-0.937995374 0.033225823 0.345051885 169.229446411 0.003184643 0.996179819 -0.087267183 -13.871419907 -0.346633285 -0.080757357 -0.934517920 32.099815369
-0.940128207 0.029890945 0.339508086 169.691696167 0.000590609 0.996288061 -0.086079657 -13.994801521 -0.340820879 -0.080725402 -0.936656058 30.903137207
-0.941685498 0.023947235 0.335641235 170.140457153 -0.004180280 0.996554971 -0.082830213 -14.109699249 -0.336468488 -0.079403102 -0.938341141 29.642766953
-0.943466425 0.017840488 0.330987811 170.582595825 -0.009599753 0.996660948 -0.081084445 -14.223448753 -0.331329197 -0.079677872 -0.940144897 28.427288055
-0.945194602 0.010915157 0.326325089 171.018829346 -0.016798604 0.996491611 -0.081988215 -14.343561172 -0.326075196 -0.082976639 -0.941695154 27.233976364
-0.946532428 0.008582467 0.322494656 171.455535889 -0.020053789 0.996147454 -0.085368752 -14.449864388 -0.321984947 -0.087271519 -0.942713797 26.003950119
-0.947222710 0.008526229 0.320462942 171.873413086 -0.020809544 0.995902538 -0.088005692 -14.564117432 -0.319900244 -0.090029679 -0.943163991 24.795600891
-0.947443426 0.009948099 0.319768637 172.292938232 -0.019673511 0.995813012 -0.089270778 -14.696861267 -0.319317818 -0.090869978 -0.943280816 23.574485779
-0.947114229 0.012913610 0.320636630 172.693328857 -0.017553804 0.995608926 -0.091949463 -14.806078911 -0.320416063 -0.092715047 -0.942728758 22.352401733
-0.946857274 0.013652581 0.321364015 173.114135742 -0.017299246 0.995491326 -0.093261681 -14.933090210 -0.321188360 -0.093864858 -0.942352057 21.148826599
-0.946230471 0.015189323 0.323136598 173.528396606 -0.016597904 0.995301723 -0.095388174 -15.060152054 -0.323067248 -0.095622577 -0.941532671 19.925773621
-0.945577383 0.016198097 0.324993968 173.950576782 -0.015845150 0.995283306 -0.095707946 -15.186924934 -0.325011373 -0.095648840 -0.940860629 18.722003937
-0.944780171 0.015957786 0.327315867 174.368759155 -0.016155696 0.995330989 -0.095158428 -15.319761276 -0.327306181 -0.095191814 -0.940111279 17.539024353
-0.943472028 0.014400980 0.331138998 174.792495728 -0.018329209 0.995260000 -0.095506147 -15.446889877 -0.330944896 -0.096176900 -0.938736081 16.353954315
-0.941852391 0.013306933 0.335763454 175.226531982 -0.019148413 0.995466530 -0.093165517 -15.571296692 -0.335481107 -0.094177499 -0.937327623 15.162124634
-0.939939022 0.011101412 0.341162145 175.669738770 -0.020827563 0.995743394 -0.089783676 -15.702488899 -0.340706676 -0.091496758 -0.935706913 13.981670380
-0.937518120 0.008568199 0.347831219 176.120956421 -0.023355333 0.995892286 -0.087482184 -15.817485809 -0.347152144 -0.090139829 -0.933466673 12.810890198
-0.935116291 0.010739014 0.354178220 176.577117920 -0.021659801 0.995939136 -0.087384917 -15.936738014 -0.353678405 -0.089386478 -0.931086183 11.647697449
-0.931622624 0.011237131 0.363253325 177.026245117 -0.021831693 0.995986342 -0.086801499 -16.065765381 -0.362770796 -0.088796660 -0.927638113 10.474418640
-0.927794576 0.013887997 0.372832894 177.492233276 -0.020959936 0.995788455 -0.089251831 -16.183937073 -0.372502327 -0.090621911 -0.923596084 9.320545197
-0.923398614 0.015827801 0.383516073 177.976196289 -0.019520512 0.995920300 -0.088101737 -16.303548813 -0.383345813 -0.088839456 -0.919322252 8.143497467
-0.918819427 0.017208628 0.394302905 178.475982666 -0.019639689 0.995817780 -0.089225799 -16.425422668 -0.394189268 -0.089726374 -0.914638758 7.023555756
-0.912693202 0.019905401 0.408160448 178.978225708 -0.018656610 0.995741665 -0.090279199 -16.547792435 -0.408219457 -0.090012103 -0.908435166 5.869029999
-0.906715572 0.022052299 0.421165884 179.513931274 -0.017677281 0.995767176 -0.090195388 -16.668708801 -0.421372145 -0.089226626 -0.902487636 4.726730347
-0.900008798 0.022189770 0.435306698 180.059112549 -0.017627995 0.996033251 -0.087219171 -16.792236328 -0.435515285 -0.086171612 -0.896047235 3.568138123
-0.893529415 0.024823410 0.448318064 180.632049561 -0.016360538 0.996007562 -0.087756746 -16.911151886 -0.448706537 -0.085747950 -0.889555871 2.441452026
-0.886542737 0.027093591 0.461852759 181.205688477 -0.014880796 0.996097267 -0.086998105 -17.027233124 -0.462407351 -0.084000267 -0.882679641 1.323112488
-0.879135549 0.028766517 0.475702733 181.808639526 -0.013186294 0.996326149 -0.084618770 -17.144174576 -0.476389229 -0.080664121 -0.875526428 0.214607239
-0.871565819 0.030451605 0.489331752 182.422821045 -0.010986568 0.996605575 -0.081588313 -17.261343002 -0.490155220 -0.076485679 -0.868272841 -0.872322083
-0.862830043 0.033588335 0.504377067 183.050582886 -0.008338471 0.996708512 -0.080638990 -17.362270355 -0.505425394 -0.073783480 -0.859709918 -1.975105286
-0.854164898 0.036317408 0.518732548 183.694381714 -0.005872297 0.996820807 -0.079458795 -17.472572327 -0.519969046 -0.070917077 -0.851236165 -3.014587402
-0.843019009 0.040543132 0.536353827 184.333923340 -0.001701211 0.996949255 -0.078033589 -17.570892334 -0.537881315 -0.066696234 -0.840378106 -4.063560486
-0.832484663 0.043152951 0.552365065 184.998580933 0.000487196 0.997018754 -0.077156819 -17.675434113 -0.554047883 -0.063962750 -0.830023944 -5.059829712
-0.820240617 0.045719214 0.570188642 185.685379028 0.002902980 0.997120738 -0.075775646 -17.782430649 -0.572011292 -0.060499031 -0.818011522 -6.086334229
-0.808739960 0.047721528 0.586227238 186.400863647 0.003709983 0.997097075 -0.076050013 -17.881877899 -0.588154674 -0.059329793 -0.806569338 -7.060997009
-0.795957625 0.050266486 0.603261948 187.132751465 0.005742967 0.997128606 -0.075507864 -17.986129761 -0.605325162 -0.056636531 -0.793960869 -8.028160095
-0.782272935 0.051193748 0.620828629 187.882095337 0.006486476 0.997232795 -0.074058905 -18.078956604 -0.622902036 -0.053907286 -0.780440271 -8.978515625
-0.766795516 0.053257860 0.639678359 188.654067993 0.008560309 0.997311890 -0.072772034 -18.178968430 -0.641834438 -0.050325423 -0.765190184 -9.919334412
