-0.993670762 -0.028912550 -0.108547091 139.264495850 -0.025011407 0.998997331 -0.037130952 -23.462162018 0.109511808 -0.034181029 -0.993397593 454.998474121
-0.993696570 -0.028318252 -0.108467005 139.135482788 -0.024368890 0.998996973 -0.037565041 -23.528081894 0.109421991 -0.034685038 -0.993390024 453.709075928
-0.993782043 -0.028404813 -0.107658692 139.003723145 -0.024482032 0.998993397 -0.037585620 -23.586483002 0.108617947 -0.034716208 -0.993477166 452.415527344
-0.993867576 -0.027753957 -0.107038081 138.870025635 -0.023983181 0.999050975 -0.036356390 -23.649084091 0.107945539 -0.033566318 -0.993589938 451.125946045
-0.994030237 -0.026280897 -0.105893187 138.734161377 -0.022494944 0.999069750 -0.036789890 -23.711627960 0.106761545 -0.034188200 -0.993696690 449.844329834
-0.994109750 -0.026042856 -0.105201796 138.608169556 -0.021945097 0.998961747 -0.039923046 -23.778638840 0.106132276 -0.037379228 -0.993649185 448.565795898
-0.994279027 -0.026200708 -0.103550412 138.481567383 -0.021872928 0.998848021 -0.042710852 -23.839683533 0.104550190 -0.040201552 -0.993706763 447.295562744
-0.994471014 -0.024247551 -0.102173418 138.348724365 -0.020086454 0.998934150 -0.041559808 -23.903722763 0.103072226 -0.039277721 -0.993898094 446.020721436
-0.994658232 -0.022532515 -0.100733347 138.223693848 -0.018689349 0.999067068 -0.038934201 -23.971569061 0.101516634 -0.036843583 -0.994151413 444.751098633
-0.994860888 -0.021736693 -0.098890491 138.105270386 -0.017875768 0.999049187 -0.039762396 -24.033231735 0.099660777 -0.037790313 -0.994303584 443.486267090
-0.995061100 -0.021230500 -0.096966952 137.990631104 -0.017249022 0.998980522 -0.041715551 -24.094810486 0.097753733 -0.039836939 -0.994412959 442.225372314
-0.995244741 -0.021485174 -0.095006883 137.876693726 -0.017578682 0.998972714 -0.041765530 -24.163677216 0.095806636 -0.039896831 -0.994600058 440.952239990
-0.995424509 -0.022286525 -0.092915691 137.758132935 -0.018500077 0.998970628 -0.041415598 -24.231647491 0.093743071 -0.039507158 -0.994812191 439.681610107
-0.995561719 -0.023106787 -0.091230296 137.648620605 -0.019494131 0.998997629 -0.040293820 -24.296569824 0.092069924 -0.038336530 -0.995014191 438.411712646
-0.995702684 -0.025255432 -0.089097790 137.546859741 -0.021953685 0.999042392 -0.037845027 -24.356538773 0.089968264 -0.035726365 -0.995303571 437.136047363
-0.995797694 -0.027612684 -0.087318011 137.437164307 -0.024687501 0.999103010 -0.034404781 -24.420524597 0.088189706 -0.032104541 -0.995586157 435.842407227
-0.995875657 -0.030681968 -0.085381940 137.344329834 -0.027834311 0.999022305 -0.034345146 -24.479480743 0.086352251 -0.031826954 -0.995756090 434.578247070
-0.996060491 -0.031769130 -0.082790323 137.245391846 -0.028772159 0.998895586 -0.037144825 -24.535926819 0.083878964 -0.034616437 -0.995874465 433.289031982
-0.996264517 -0.031932671 -0.080232359 137.152801514 -0.028813723 0.998794675 -0.039735649 -24.592231750 0.081404515 -0.037275430 -0.995983720 432.000793457
-0.996502519 -0.031267624 -0.077491716 137.064407349 -0.028278597 0.998824239 -0.039374109 -24.653818130 0.078631744 -0.037045043 -0.996215045 430.723571777
-0.996788621 -0.029343929 -0.074506477 136.969833374 -0.026477871 0.998881817 -0.039168011 -24.721448898 0.075572483 -0.037069462 -0.996450961 429.453125000
-0.996987760 -0.028679859 -0.072063290 136.880172729 -0.025773020 0.998828828 -0.040948573 -24.780550003 0.073153295 -0.038967937 -0.996559143 428.162750244
-0.997174919 -0.029515227 -0.069072068 136.801376343 -0.026571671 0.998715043 -0.043153424 -24.845932007 0.070257001 -0.041196160 -0.996677876 426.880615234
-0.997380674 -0.031249041 -0.065231159 136.725280762 -0.028389772 0.998614430 -0.044308968 -24.913007736 0.066525377 -0.042341016 -0.996885955 425.599273682
-0.997546315 -0.035102844 -0.060574729 136.656127930 -0.032232694 0.998340368 -0.047725841 -24.980669022 0.062149502 -0.045656253 -0.997022033 424.318206787
-0.997730672 -0.037258361 -0.056085173 136.589111328 -0.034738570 0.998371482 -0.045251764 -25.050016403 0.057679851 -0.043200757 -0.997399867 423.035186768
-0.997813821 -0.040843699 -0.051956709 136.533203125 -0.038941681 0.998552144 -0.037108257 -25.114227295 0.053397126 -0.035003848 -0.997959614 421.747924805
-0.997933924 -0.042969275 -0.047763746 136.474441528 -0.041240308 0.998478115 -0.036613051 -25.174617767 0.049264282 -0.034567613 -0.998187423 420.455505371
-0.998165309 -0.041954085 -0.043654185 136.421722412 -0.040247727 0.998418093 -0.039259356 -25.231245041 0.045232207 -0.037430353 -0.998274982 419.172302246
-0.998372912 -0.041480508 -0.039127152 136.377212524 -0.039685741 0.998171926 -0.045582395 -25.295421600 0.040946413 -0.043955438 -0.998193920 417.886718750
-0.998552680 -0.041086897 -0.034704566 136.334014893 -0.039355762 0.998014569 -0.049172737 -25.369031906 0.036656015 -0.047735747 -0.998187184 416.615905762
-0.998711586 -0.040294368 -0.030849829 136.302581787 -0.038776964 0.998079836 -0.048298661 -25.440736771 0.032736756 -0.047040161 -0.998356402 415.332427979
-0.998808384 -0.040396109 -0.027384941 136.269073486 -0.039192889 0.998300135 -0.043135136 -25.515295029 0.029080868 -0.042010438 -0.998693824 414.030639648
-0.998851478 -0.041135706 -0.024570905 136.254653931 -0.040137257 0.998399854 -0.039832838 -25.578372955 0.026170131 -0.038800877 -0.998904169 412.746124268
-0.998984635 -0.039922275 -0.020880137 136.231948853 -0.039069679 0.998445153 -0.039760113 -25.640861511 0.022434985 -0.038903959 -0.998991072 411.453857422
-0.999047041 -0.040147040 -0.017121930 136.218887329 -0.039409101 0.998362899 -0.041453857 -25.704072952 0.018758150 -0.040739588 -0.998993754 410.171447754
-0.999138892 -0.039263465 -0.013407914 136.204437256 -0.038667057 0.998361945 -0.042168330 -25.774759293 0.015041627 -0.041613586 -0.999020457 408.879760742
-0.999158680 -0.039801393 -0.009882809 136.197113037 -0.039349325 0.998327374 -0.042356241 -25.841699600 0.011552113 -0.041931737 -0.999053597 407.590637207
-0.999142289 -0.040952876 -0.006130578 136.198043823 -0.040649101 0.998229921 -0.043413248 -25.912202835 0.007897640 -0.043126807 -0.999038398 406.314758301
-0.999083281 -0.042739306 -0.002431151 136.204650879 -0.042590916 0.998120785 -0.044056714 -25.982231140 0.004309552 -0.043912787 -0.999026060 405.043762207
-0.998942792 -0.045960419 0.000983399 136.215881348 -0.045958288 0.997937739 -0.044811558 -26.050508499 0.001078186 -0.044809371 -0.998995006 403.775634766
-0.998762667 -0.049576212 0.003927227 136.233795166 -0.049699973 0.997824192 -0.043319117 -26.126890182 -0.001771083 -0.043460701 -0.999053478 402.543090820
-0.998485804 -0.054555606 0.007054664 136.258163452 -0.054807264 0.997590005 -0.042545009 -26.199218750 -0.004716592 -0.042867240 -0.999069571 401.288482666
-0.998222291 -0.058794867 0.009772144 136.287918091 -0.059165984 0.997302294 -0.043445140 -26.265697479 -0.007191429 -0.043946087 -0.999007940 400.030883789
-0.998186290 -0.058917150 0.012360726 136.310623169 -0.059430599 0.997154236 -0.046382733 -26.343309402 -0.009592825 -0.047033217 -0.998847246 398.791687012
-0.998185158 -0.058340993 0.014923537 136.342315674 -0.059018791 0.997006714 -0.049941875 -26.412351608 -0.011965230 -0.050732002 -0.998640597 397.554931641
-0.998332024 -0.054627821 0.018679818 136.362945557 -0.055505317 0.997194350 -0.050224543 -26.484954834 -0.015883779 -0.051177610 -0.998563290 396.329956055
-0.998466969 -0.050813951 0.021950129 136.394714355 -0.051845729 0.997436464 -0.049318615 -26.559310913 -0.019387800 -0.050381023 -0.998541951 395.102111816
-0.998476446 -0.048717059 0.025912600 136.419052124 -0.049937371 0.997562289 -0.048740219 -26.639465332 -0.023474950 -0.049959965 -0.998475254 393.876190186
-0.998385549 -0.049069397 0.028606672 136.463806152 -0.050436512 0.997514248 -0.049207993 -26.713932037 -0.026120950 -0.050571375 -0.998378754 392.659820557
-0.998183608 -0.051421259 0.031391211 136.514816284 -0.052924134 0.997391343 -0.049086355 -26.780971527 -0.028785268 -0.050658546 -0.998301089 391.466918945
-0.998030841 -0.052567411 0.034223408 136.562484741 -0.054151461 0.997419715 -0.047133014 -26.853286743 -0.031657446 -0.048893452 -0.998302102 390.261169434
-0.997968137 -0.052261882 0.036446676 136.619033813 -0.053894471 0.997516155 -0.045350790 -26.924381256 -0.033986036 -0.047222912 -0.998306036 389.065673828
-0.997931004 -0.051211059 0.038874678 136.671676636 -0.052946381 0.997582614 -0.045005437 -26.991256714 -0.036475938 -0.046970591 -0.998230040 387.883605957
-0.997896731 -0.050074644 0.041166559 136.726669312 -0.051941779 0.997607946 -0.045611437 -27.062913895 -0.038784117 -0.047653768 -0.998110592 386.702667236
-0.997841120 -0.049119230 0.043593477 136.781005859 -0.051192045 0.997545242 -0.047779504 -27.127685547 -0.041139573 -0.049907990 -0.997906089 385.531372070
-0.997739434 -0.049043044 0.045944244 136.841079712 -0.051241379 0.997534037 -0.047958907 -27.202692032 -0.043478861 -0.050204750 -0.997792125 384.378784180
-0.997612298 -0.049966402 0.047678337 136.911682129 -0.052233856 0.997501671 -0.047559567 -27.272989273 -0.045182861 -0.049936444 -0.997729838 383.221832275
-0.997417808 -0.050978266 0.050585810 136.974792480 -0.053416017 0.997414827 -0.048069291 -27.339279175 -0.048004568 -0.050647266 -0.997562230 382.063964844
-0.997309327 -0.050939389 0.052719172 137.046188354 -0.053459097 0.997437716 -0.047542378 -27.402647018 -0.050162293 -0.050232779 -0.997477055 380.919464111
-0.997246385 -0.049572974 0.055156045 137.116744995 -0.052059568 0.997647583 -0.044598106 -27.474348068 -0.052815460 -0.047346696 -0.997481227 379.774108887
-0.997217536 -0.047246117 0.057662044 137.188720703 -0.049862508 0.997750103 -0.044811916 -27.532886505 -0.055415120 -0.047562394 -0.997329950 378.636230469
-0.997135997 -0.045054231 0.060743891 137.254180908 -0.047984194 0.997709811 -0.047670849 -27.600210190 -0.058457002 -0.050449062 -0.997014344 377.525939941
-0.997113526 -0.041370235 0.063663870 137.318756104 -0.044598561 0.997745275 -0.050152007 -27.668003082 -0.061445531 -0.052846562 -0.996710420 376.405456543
-0.997012377 -0.040081684 0.066029072 137.401870728 -0.043346632 0.997868598 -0.048779625 -27.731880188 -0.063933171 -0.051496029 -0.996624708 375.297180176
-0.996848643 -0.039054491 0.069047421 137.479980469 -0.042188726 0.998116732 -0.044532146 -27.803371429 -0.067178205 -0.047304828 -0.996618927 374.201721191
-0.996622086 -0.038432248 0.072577976 137.565521240 -0.041631036 0.998203576 -0.043087345 -27.859638214 -0.070791639 -0.045963284 -0.996431589 373.106323242
-0.996290743 -0.039129026 0.076640040 137.651672363 -0.042599462 0.998114765 -0.044183038 -27.927078247 -0.074766710 -0.047283970 -0.996079385 372.025848389
-0.995965123 -0.040037148 0.080315672 137.747009277 -0.043939728 0.997907817 -0.047426030 -27.987453461 -0.078248821 -0.050763711 -0.995640635 370.957580566
-0.995614052 -0.041624181 0.083785027 137.846557617 -0.045836281 0.997746885 -0.048992775 -28.051971436 -0.081556953 -0.052618302 -0.995278776 369.902557373
-0.995215476 -0.041941706 0.088243932 137.945663452 -0.046372008 0.997733057 -0.048768371 -28.117340088 -0.085998483 -0.052627090 -0.994904339 368.851135254
-0.994757235 -0.041501883 0.093464330 138.050292969 -0.046144363 0.997777462 -0.048069648 -28.182525635 -0.091261640 -0.052130483 -0.994461536 367.801452637
-0.994274914 -0.039521817 0.099274553 138.157348633 -0.044280037 0.997950673 -0.046192136 -28.243247986 -0.097245544 -0.050323565 -0.993987322 366.770050049
-0.993623197 -0.036184829 0.106787324 138.266769409 -0.040953413 0.998243690 -0.042804562 -28.303256989 -0.105050907 -0.046904910 -0.993360043 365.741485596
-0.992729902 -0.034986313 0.115166686 138.392608643 -0.039768212 0.998428285 -0.039488494 -28.363021851 -0.113604128 -0.043781377 -0.992560983 364.718231201
-0.991604686 -0.033641931 0.124854222 138.524322510 -0.038886912 0.998450220 -0.039811626 -28.418699265 -0.123321399 -0.044332586 -0.991376042 363.724945068
-0.990165055 -0.031916253 0.136214346 138.665481567 -0.037815217 0.998445749 -0.040940378 -28.466133118 -0.134695962 -0.045688711 -0.989833117 362.734771729
-0.988526046 -0.030998949 0.147835240 138.826248169 -0.037567388 0.998417497 -0.041846920 -28.523113251 -0.146304101 -0.046920557 -0.988126278 361.757476807
-0.986343205 -0.031261656 0.161708996 138.984741211 -0.038561437 0.998364687 -0.042200960 -28.577001572 -0.160125345 -0.047860362 -0.985935748 360.768157959
-0.983803332 -0.030620884 0.176616058 139.163421631 -0.038835138 0.998309672 -0.043240774 -28.628448486 -0.174993485 -0.049399331 -0.983329594 359.805389404
-0.980892241 -0.030006032 0.192223951 139.361007690 -0.039027706 0.998298705 -0.043319236 -28.681732178 -0.190597057 -0.049993567 -0.980394542 358.855712891
-0.977635741 -0.029478977 0.208228812 139.568984985 -0.039237853 0.998308957 -0.042891305 -28.731964111 -0.206612289 -0.050102528 -0.977139235 357.897491455
-0.974120438 -0.030290058 0.223990604 139.793182373 -0.040854592 0.998253107 -0.042681031 -28.782882690 -0.222306550 -0.050727513 -0.973656237 356.956909180
-0.970529497 -0.029793102 0.239133388 140.025939941 -0.041095078 0.998254478 -0.042415150 -28.834484100 -0.237452373 -0.050992358 -0.970059931 356.023651123
-0.966684282 -0.031303849 0.254050136 140.274169922 -0.043733913 0.998098850 -0.043426637 -28.881521225 -0.252207756 -0.053090449 -0.966215789 355.105529785
-0.963004351 -0.032482345 0.267521024 140.540527344 -0.045720700 0.998010814 -0.043404046 -28.932739258 -0.265579015 -0.054029536 -0.962574065 354.183471680
-0.959705532 -0.035531215 0.278752238 140.825515747 -0.049645629 0.997808635 -0.043737147 -28.981731415 -0.276587367 -0.055813611 -0.959366560 353.271301270
-0.956377447 -0.038073171 0.289642334 141.111526489 -0.052979127 0.997634709 -0.043795098 -29.031536102 -0.287289888 -0.057229646 -0.956132352 352.360900879
-0.953161597 -0.041152447 0.299649060 141.418731689 -0.056729551 0.997442782 -0.043468215 -29.078025818 -0.297093958 -0.058431193 -0.953058660 351.435119629
-0.950089455 -0.042776700 0.309031129 141.714904785 -0.058636140 0.997386575 -0.042211495 -29.128467560 -0.306417823 -0.058225088 -0.950114608 350.521362305
-0.947046697 -0.045718558 0.317824721 142.038391113 -0.061853275 0.997248709 -0.040856380 -29.178760529 -0.315082371 -0.058351394 -0.947268784 349.612121582
-0.943905115 -0.047078431 0.326843679 142.358062744 -0.063525222 0.997185469 -0.039822884 -29.226125717 -0.324048966 -0.058351845 -0.944239020 348.713073730
-0.940412045 -0.048980545 0.336490959 142.687026978 -0.065482758 0.997135043 -0.037862990 -29.276218414 -0.333672374 -0.057641167 -0.940925181 347.801544189
-0.936712265 -0.049842753 0.346534073 143.028686523 -0.066437818 0.997134745 -0.036167182 -29.322841644 -0.343738586 -0.056901205 -0.937339962 346.916259766
-0.932287812 -0.050321385 0.358200014 143.364959717 -0.067108214 0.997146249 -0.034579538 -29.369342804 -0.355437785 -0.056276243 -0.933004260 346.039459229
-0.928208828 -0.050738845 0.368584007 143.723022461 -0.067851156 0.997129321 -0.033606548 -29.408336639 -0.365820706 -0.056202739 -0.928986788 345.161743164
-0.923571885 -0.052029978 0.379878789 144.081878662 -0.068855546 0.997150242 -0.030829147 -29.450410843 -0.377192140 -0.054629691 -0.924522460 344.292724609
-0.919660628 -0.053023253 0.389118016 144.462005615 -0.069209650 0.997217774 -0.027687352 -29.494369507 -0.386567354 -0.052393682 -0.920771778 343.449768066
-0.915142953 -0.052160833 0.399740815 144.828720093 -0.067990139 0.997359812 -0.025510482 -29.530162811 -0.397354752 -0.050524175 -0.916273117 342.597106934
-0.909875512 -0.051243622 0.411704659 145.203430176 -0.066808760 0.997489214 -0.023494270 -29.562110901 -0.409467012 -0.048882343 -0.911014378 341.766021729
-0.904100060 -0.050770242 0.424294174 145.600875854 -0.065457471 0.997652948 -0.020101704 -29.598247528 -0.422277689 -0.045947179 -0.905301213 340.934509277
-0.897619545 -0.048604120 0.438083112 145.992446899 -0.063078217 0.997836232 -0.018538216 -29.627391815 -0.436234206 -0.044273760 -0.898743272 340.109100342
-0.890995324 -0.046058003 0.451670259 146.410705566 -0.061641019 0.997901142 -0.019838629 -29.655334473 -0.449808568 -0.045517538 -0.891964316 339.311096191
-0.883432925 -0.042396180 0.466635317 146.825897217 -0.059259791 0.998010576 -0.021516215 -29.681932449 -0.464794785 -0.046660852 -0.884188056 338.516174316
-0.875305295 -0.038547952 0.482031792 147.254898071 -0.055849068 0.998205781 -0.021588216 -29.707725525 -0.480334640 -0.045817308 -0.875887752 337.731933594
-0.866731226 -0.035782021 0.497490317 147.703186035 -0.052382559 0.998437583 -0.019448597 -29.734802246 -0.496017039 -0.042916521 -0.867251515 336.959228516
-0.856782675 -0.031532668 0.514712751 148.158157349 -0.047153533 0.998737633 -0.017305689 -29.763587952 -0.513517320 -0.039097738 -0.857188046 336.176635742
-0.845573783 -0.028063582 0.533120632 148.631698608 -0.043207102 0.998938859 -0.015945707 -29.786937714 -0.532107353 -0.036517870 -0.845888972 335.416503906
-0.834051073 -0.023635330 0.551180720 149.124450684 -0.038565040 0.999135673 -0.015512720 -29.808504105 -0.550337672 -0.034194712 -0.834241688 334.661926270
-0.822102070 -0.019229140 0.569015384 149.628662109 -0.033973671 0.999305367 -0.015314243 -29.830186844 -0.568325639 -0.031921409 -0.822184265 333.929412842
-0.809675753 -0.016272066 0.586651862 150.159469604 -0.029857611 0.999463201 -0.013486100 -29.847757339 -0.586117625 -0.028435392 -0.809726894 333.197967529
-0.796620846 -0.016886298 0.604243517 150.710388184 -0.028617766 0.999542356 -0.009795604 -29.862625122 -0.603801608 -0.025095478 -0.796739399 332.470062256
-0.783509552 -0.015539001 0.621185303 151.268218994 -0.025576426 0.999646544 -0.007253655 -29.881229401 -0.620853066 -0.021571008 -0.783630133 331.771942139
-0.769578099 -0.013425235 0.638411522 151.849594116 -0.023040485 0.999711692 -0.006751270 -29.894325256 -0.638136864 -0.019904943 -0.769665539 331.067504883
-0.755287051 -0.011004852 0.655301571 152.455688477 -0.020793986 0.999758005 -0.007177212 -29.902565002 -0.655064106 -0.019047188 -0.755333126 330.374237061
-0.740102112 -0.009820566 0.672422945 153.077209473 -0.018884873 0.999802530 -0.006183764 -29.916248322 -0.672229350 -0.017275242 -0.740141273 329.687133789
-0.724046409 -0.007856851 0.689706504 153.721984863 -0.015358170 0.999870777 -0.004732723 -29.926895142 -0.689580262 -0.014019343 -0.724073529 329.015289307
-0.706689000 -0.006999770 0.707489848 154.390075684 -0.012450058 0.999919295 -0.002542955 -29.938737869 -0.707414865 -0.010605371 -0.706718981 328.350799561
-0.689266205 -0.005375708 0.724488199 155.063858032 -0.007949064 0.999968350 -0.000142840 -29.941549301 -0.724464536 -0.005857454 -0.689287186 327.697174072
-0.671450377 -0.006437986 0.741021574 155.768981934 -0.006428874 0.999975204 0.002862472 -29.949308395 -0.741021633 -0.002841928 -0.671475172 327.060485840
-0.654106438 -0.006893254 0.756371140 156.489074707 -0.006047758 0.999974132 0.003883275 -29.960056305 -0.756378353 -0.002034276 -0.654131174 326.447418213
-0.636830628 -0.003816947 0.770994067 157.215423584 -0.004061471 0.999990404 0.001595912 -29.971027374 -0.770993054 -0.002115048 -0.636840105 325.859008789
-0.619193017 -0.003979831 0.785228729 157.979675293 -0.004498269 0.999988735 0.001521200 -29.972522736 -0.785225987 -0.002590254 -0.619203925 325.270080566
-0.599994957 -0.005624294 0.799984038 158.761810303 -0.004215363 0.999983609 0.003868835 -29.981292725 -0.799992800 -0.001050939 -0.600008786 324.683471680
-0.580690265 -0.010148048 0.814061284 159.533081055 -0.004948610 0.999947727 0.008935336 -29.994127274 -0.814109504 0.001160191 -0.580710113 324.130920410
-0.560274124 -0.012342173 0.828215301 160.331253052 -0.005994460 0.999923170 0.010845826 -30.000535965 -0.828285575 0.001111926 -0.560305059 323.592926025
-0.538628280 -0.014341528 0.842421532 161.154052734 -0.007413594 0.999897063 0.012282306 -30.000951767 -0.842510998 0.000370232 -0.538679123 323.077758789
-0.515070975 -0.014979208 0.857016623 161.992950439 -0.009080009 0.999886513 0.012019202 -30.001676559 -0.857099414 -0.001590977 -0.515148580 322.573181152
-0.491178125 -0.017226560 0.870888948 162.832336426 -0.006428455 0.999848843 0.016151818 -29.991020203 -0.871035397 0.002334943 -0.491214693 322.120056152
-0.464641452 -0.024089510 0.885171115 163.705963135 -0.006180808 0.999693751 0.023961771 -29.982603073 -0.885477304 0.005662560 -0.464648038 321.671539307
-0.436719298 -0.029669706 0.899108410 164.584991455 -0.002972470 0.999497950 0.031538665 -29.969049454 -0.899592876 0.011100963 -0.436588377 321.244506836
-0.408258557 -0.029000299 0.912405610 165.488891602 0.001080588 0.999479055 0.032251395 -29.949472427 -0.912865639 0.014152840 -0.408014596 320.842010498
-0.380179971 -0.028172920 0.924483359 166.398727417 0.003818728 0.999479592 0.032028768 -29.924652100 -0.924904585 0.015707042 -0.379874617 320.467620850
-0.353420198 -0.030005513 0.934983373 167.332122803 0.003997112 0.999427855 0.033584565 -29.897157669 -0.935456038 0.015606700 -0.353098184 320.122375488
-0.328229398 -0.033301909 0.944010794 168.268020630 0.004733426 0.999307811 0.036898412 -29.877775192 -0.944586217 0.016579552 -0.327844471 319.811798096
-0.302780807 -0.037441339 0.952324450 169.227600098 0.004538533 0.999160171 0.040725682 -29.851732254 -0.953049421 0.016653115 -0.302356571 319.518890381
-0.278204948 -0.039956219 0.959690392 170.203002930 0.005249521 0.999056160 0.043116987 -29.822050095 -0.960507333 0.017033281 -0.277732611 319.242126465
-0.255280942 -0.041861400 0.965960324 171.191589355 0.004704793 0.998996675 0.044536453 -29.789743423 -0.966855407 0.015913958 -0.254827917 318.991607666
-0.234637454 -0.042314235 0.971161604 172.194335938 0.005223959 0.998982787 0.044788562 -29.756404877 -0.972068906 0.015582389 -0.234177724 318.756469727
-0.216451868 -0.042891521 0.975350797 173.209808350 0.004629767 0.998978138 0.044957999 -29.716600418 -0.976282299 0.014246888 -0.216032133 318.540954590
-0.200147554 -0.043547116 0.978797555 174.226242065 0.004394411 0.998961747 0.045342810 -29.681026459 -0.979755938 0.013376500 -0.199748397 318.338470459
-0.186008811 -0.044606339 0.981534958 175.255889893 0.005069561 0.998912096 0.046356771 -29.638587952 -0.982534945 0.013598721 -0.185580328 318.151336670
-0.173876211 -0.045893312 0.983697712 176.300262451 0.004659336 0.998863816 0.047424462 -29.599590302 -0.984756470 0.012829368 -0.173464864 317.975280762
-0.163315803 -0.046784308 0.985463977 177.347854614 0.003894563 0.998836517 0.048064586 -29.559017181 -0.986566126 0.011687652 -0.162943602 317.817443848
-0.153703004 -0.048518073 0.986925185 178.421630859 0.004671268 0.998746872 0.049826737 -29.514896393 -0.988106012 0.012268718 -0.153283760 317.649810791
-0.145404235 -0.049222436 0.988147080 179.502777100 0.005168273 0.998710096 0.050509118 -29.472023010 -0.989358783 0.012451258 -0.144962296 317.501953125
-0.138279945 -0.049942035 0.989133179 180.574203491 0.006403727 0.998661757 0.051318385 -29.425552368 -0.990372419 0.013430443 -0.137775108 317.355560303
-0.132315442 -0.050829109 0.989903510 181.667587280 0.008040990 0.998596370 0.052350271 -29.375125885 -0.991174996 0.014886552 -0.131721005 317.210968018
-0.127328321 -0.052099321 0.990491390 182.773849487 0.008865635 0.998519838 0.053661302 -29.326553345 -0.991820931 0.015613939 -0.126677945 317.068145752
-0.123030119 -0.053268969 0.990972221 183.882537842 0.008901213 0.998458922 0.054776508 -29.276882172 -0.992362976 0.015560016 -0.122366361 316.932586670
-0.119351402 -0.054356825 0.991362989 185.002548218 0.009601265 0.998390317 0.055898044 -29.220600128 -0.992805600 0.016189864 -0.118637383 316.799774170
-0.116767615 -0.057094611 0.991516829 186.141479492 0.008566566 0.998251140 0.058491252 -29.163505554 -0.993122339 0.015323786 -0.116074301 316.673065186
-0.115913875 -0.061223201 0.991370559 187.278091431 0.006525462 0.998030007 0.062397435 -29.104034424 -0.993237793 0.013701873 -0.115286015 316.550323486
-0.115487747 -0.065963969 0.991116285 188.431320190 0.004642136 0.997745812 0.066946127 -29.039821625 -0.993297994 0.012332347 -0.114921212 316.419799805
-0.115432926 -0.069944911 0.990849555 189.595458984 0.003817005 0.997479260 0.070857555 -28.969635010 -0.993308008 0.011961367 -0.114874944 316.292785645
-0.115524963 -0.073971249 0.990546346 190.769409180 0.004104767 0.997179091 0.074945308 -28.896450043 -0.993296027 0.012724016 -0.114895448 316.158660889
-0.116110757 -0.075342245 0.990374565 191.952270508 0.002687925 0.997091353 0.076168336 -28.815082550 -0.993232608 0.011506008 -0.115570508 316.030059814
-0.117549554 -0.073510155 0.990342557 193.121551514 0.002143602 0.997235417 0.074276216 -28.740894318 -0.993064642 0.010854031 -0.117067009 315.901214600
-0.119024195 -0.071702890 0.990298867 194.291625977 0.001929385 0.997370481 0.072446793 -28.659992218 -0.992889345 0.010533591 -0.118572891 315.768981934
-0.121332578 -0.073822394 0.989862978 195.478637695 0.001639487 0.997214258 0.074571617 -28.582450867 -0.992610455 0.010670830 -0.120873570 315.627410889
-0.124341533 -0.078521028 0.989127755 196.658508301 0.002461934 0.996836364 0.079442464 -28.509052277 -0.992236376 0.012313174 -0.123754852 315.489776611
-0.127376422 -0.084696189 0.988231659 197.849578857 0.003868960 0.996297419 0.085886143 -28.428489685 -0.991846919 0.014763304 -0.126577094 315.330902100
-0.131631702 -0.090631463 0.987146914 199.036285400 0.005029899 0.995737910 0.092090920 -28.339296341 -0.991285920 0.017087340 -0.130614817 315.181213379
-0.136421785 -0.095376417 0.986048818 200.227249146 0.007695872 0.995222509 0.097328477 -28.243953705 -0.990620971 0.020866232 -0.135036021 315.012634277
-0.141711950 -0.097703755 0.985074401 201.404510498 0.008859682 0.994952261 0.099958003 -28.138996124 -0.989868283 0.022892701 -0.140130982 314.850830078
-0.146958724 -0.099089332 0.984166861 202.594879150 0.009520540 0.994781911 0.101579696 -28.037864685 -0.989096820 0.024297826 -0.145248473 314.684967041
-0.152215078 -0.099070005 0.983369529 203.776885986 0.011860426 0.994708836 0.102048233 -27.931547165 -0.988276124 0.027196465 -0.150234669 314.499389648
-0.158338398 -0.100260623 0.982281327 204.963317871 0.011812649 0.994567752 0.103418805 -27.827529907 -0.987314224 0.027978521 -0.156293914 314.313659668
-0.164514899 -0.103512660 0.980928123 206.149902344 0.010627536 0.994234502 0.106699198 -27.713138580 -0.986317337 0.027978459 -0.162466303 314.123077393
-0.171352416 -0.108724438 0.979192197 207.345611572 0.009302114 0.993669093 0.111959696 -27.605672836 -0.985165834 0.028293123 -0.169256225 313.918518066
-0.178822622 -0.113072775 0.977362335 208.525894165 0.008492927 0.993159652 0.116454296 -27.491033554 -0.983844519 0.029125329 -0.176639110 313.711547852
-0.186628342 -0.113573365 0.975843728 209.711776733 0.007941066 0.993088484 0.117099114 -27.366828918 -0.982398450 0.029603247 -0.184436560 313.492828369
-0.194564819 -0.116639003 0.973930061 210.896133423 0.007423804 0.992701352 0.120370135 -27.241170883 -0.980861604 0.030650062 -0.192278847 313.260559082
-0.203647763 -0.118230239 0.971879303 212.090484619 0.006926217 0.992482722 0.122188002 -27.112535477 -0.979019701 0.031614754 -0.201298013 313.018493652
-0.212434158 -0.120716266 0.969690442 213.276214600 0.006688186 0.992137253 0.124975868 -26.981157303 -0.977152467 0.033034608 -0.209956467 312.762176514
-0.221877158 -0.120824151 0.967559874 214.459075928 0.006285416 0.992095292 0.125329345 -26.850925446 -0.975054324 0.033889230 -0.219363838 312.502441406
-0.231120348 -0.120854214 0.965389967 215.631500244 0.006414080 0.992044270 0.125726536 -26.717376709 -0.972904027 0.035250053 -0.228506416 312.227691650
-0.240469947 -0.117606565 0.963505685 216.800537109 0.004073025 0.992501736 0.122162417 -26.592882156 -0.970648050 0.033300769 -0.238187805 311.945770264
-0.250857174 -0.111296788 0.961604774 217.942779541 0.005985853 0.993171215 0.116511859 -26.466766357 -0.968005657 0.034983851 -0.248477891 311.651550293
-0.260315567 -0.107409932 0.959530592 219.093276978 0.006578896 0.993572593 0.113005400 -26.350040436 -0.965501189 0.035729721 -0.257935733 311.334381104
-0.272370428 -0.106183648 0.956315517 220.229934692 0.008012861 0.993607283 0.112606473 -26.216545105 -0.962159038 0.038333487 -0.269778460 311.028991699
-0.283152699 -0.109098308 0.952849448 221.339050293 0.006818475 0.993254840 0.115750819 -26.105957031 -0.959050596 0.039272126 -0.280498952 310.700866699
-0.295918941 -0.108753763 0.949001849 222.446319580 0.006007052 0.993266046 0.115699492 -25.989501953 -0.955194235 0.039938379 -0.293272972 310.358978271
-0.310733020 -0.106629215 0.944497287 223.559661865 0.005907959 0.993451655 0.114099614 -25.872821808 -0.950478911 0.041034561 -0.308068246 310.001922607
-0.325994402 -0.106055312 0.939404011 224.655792236 0.003244353 0.993556142 0.113294743 -25.757703781 -0.945366144 0.039981220 -0.323549658 309.627227783
-0.340845793 -0.105395637 0.934192538 225.721313477 0.002058753 0.993609905 0.112850219 -25.647914886 -0.940117002 0.040387817 -0.338450730 309.246978760
-0.355875731 -0.104120724 0.928714871 226.778671265 0.001178748 0.993723273 0.111860640 -25.539859772 -0.934532583 0.040903218 -0.353519231 308.848632812
-0.370464683 -0.102745913 0.923146248 227.811492920 0.000621735 0.993835390 0.110863090 -25.432115555 -0.928846359 0.041644819 -0.368117094 308.429565430
-0.385768205 -0.103745893 0.916744053 228.868423462 -0.003059997 0.993795753 0.111178003 -25.328998566 -0.922590613 0.040083721 -0.383692294 308.008331299
-0.400935560 -0.104038477 0.910179436 229.882385254 -0.006733926 0.993838310 0.110634819 -25.221181870 -0.916081548 0.038228355 -0.399165720 307.571228027
-0.415932953 -0.104155131 0.903410971 230.898986816 -0.009671761 0.993869901 0.110131308 -25.116218567 -0.909343839 0.037069667 -0.414390564 307.114990234
-0.430511117 -0.103551351 0.896625459 231.882308960 -0.011793900 0.993957520 0.109129429 -25.018676758 -0.902508259 0.036406711 -0.429131061 306.644439697
-0.445600301 -0.101754807 0.889430225 232.864547729 -0.012978213 0.994149148 0.107233092 -24.916088104 -0.895137846 0.036239877 -0.444313765 306.164764404
-0.459622949 -0.099814169 0.882487297 233.870498657 -0.011720592 0.994259357 0.106351823 -24.812137604 -0.888037026 0.038538460 -0.458154261 305.640747070
-0.474085569 -0.096979819 0.875121534 234.825637817 -0.010730272 0.994478226 0.104393765 -24.713783264 -0.880413413 0.040101293 -0.472508371 305.127807617
-0.487901092 -0.093405634 0.867887080 235.773284912 -0.008374803 0.994713485 0.102347158 -24.614063263 -0.872858822 0.042666908 -0.486104101 304.586761475
-0.501868248 -0.090204820 0.860227525 236.702316284 -0.006428604 0.994908452 0.100577146 -24.533626556 -0.864920199 0.044946417 -0.499892890 304.059387207
-0.514984667 -0.087894477 0.852681339 237.609481812 -0.005034238 0.995022118 0.099526517 -24.446653366 -0.857184649 0.046962030 -0.512863696 303.511749268
-0.527621984 -0.086202152 0.845094144 238.508117676 -0.005198292 0.995146930 0.098262519 -24.353704453 -0.849463344 0.047452427 -0.525509596 302.951110840
-0.539985716 -0.083598115 0.837512255 239.386672974 -0.005359569 0.995376527 0.095900103 -24.281780243 -0.841657102 0.047295984 -0.537937164 302.394256592
-0.552291989 -0.080317266 0.829772651 240.251922607 -0.005920775 0.995700896 0.092437327 -24.201341629 -0.833629787 0.046139494 -0.550393224 301.822662354
-0.564353228 -0.077427603 0.821894348 241.101974487 -0.008230112 0.996070027 0.088184856 -24.124208450 -0.825492382 0.043003131 -0.562772632 301.255645752
-0.575915873 -0.072729938 0.814267337 241.928176880 -0.007453489 0.996460438 0.083731622 -24.053951263 -0.817474961 0.042153213 -0.574419439 300.668121338
-0.587654233 -0.067300521 0.806308389 242.738021851 -0.005268770 0.996831834 0.079363041 -23.979625702 -0.809095025 0.042389769 -0.586146951 300.072692871
-0.599609196 -0.068949774 0.797317266 243.530776978 -0.006063079 0.996644378 0.081627399 -23.919574738 -0.800269961 0.044110339 -0.598015130 299.481475830
-0.611316085 -0.071571283 0.788143456 244.300582886 -0.007650266 0.996389985 0.084548280 -23.857843399 -0.791349590 0.045656212 -0.609656751 298.890106201
-0.622393668 -0.072720617 0.779318869 245.050003052 -0.010042191 0.996334493 0.084950939 -23.794612885 -0.782639980 0.045046870 -0.620842576 298.289581299
-0.634831190 -0.067417346 0.769703984 245.773345947 -0.011632970 0.996907055 0.077723205 -23.737617493 -0.772563279 0.040387169 -0.633652031 297.708038330
-0.646286905 -0.066063017 0.760229468 246.484390259 -0.014762752 0.997141480 0.074100256 -23.679843903 -0.762951612 0.036666952 -0.645414770 297.102935791
-0.657207370 -0.067379601 0.750691891 247.168136597 -0.018737024 0.997148693 0.073097087 -23.625711441 -0.753476679 0.033974215 -0.656596065 296.509216309
-0.668356240 -0.069624886 0.740575612 247.839096069 -0.019749261 0.996919692 0.075901620 -23.575138092 -0.743579030 0.036103509 -0.667672575 295.921142578
-0.678731680 -0.068439990 0.731190264 248.463806152 -0.019630840 0.996983051 0.075095959 -23.532630920 -0.734123826 0.036616132 -0.678027511 295.331115723
-0.689812720 -0.067392513 0.720844328 249.087829590 -0.020085042 0.997056246 0.073995471 -23.488899231 -0.723709166 0.036564827 -0.689135671 294.751220703
-0.700779140 -0.066876411 0.710236728 249.676162720 -0.021721624 0.997134745 0.072458595 -23.444385529 -0.713047445 0.035349980 -0.700224102 294.171417236
-0.711736500 -0.065924659 0.699346185 250.233749390 -0.022576474 0.997218728 0.071027525 -23.396413803 -0.702083707 0.034764111 -0.711245358 293.600708008
-0.723959565 -0.065498576 0.686725914 250.778549194 -0.021095136 0.997118711 0.072864354 -23.359924316 -0.689519644 0.038264267 -0.723255455 293.033020020
-0.736314535 -0.062965751 0.673703372 251.276412964 -0.017056186 0.997071445 0.074547149 -23.321159363 -0.676424444 0.043399330 -0.735232294 292.469482422
-0.749404252 -0.059493147 0.659434497 251.753631592 -0.011762321 0.996994019 0.076580130 -23.280780792 -0.662008345 0.049632989 -0.747851372 291.908874512
-0.762238801 -0.055582572 0.644905210 252.202285767 -0.007083139 0.996962905 0.077553637 -23.239456177 -0.647257328 0.054546423 -0.760317624 291.350738525
-0.774966359 -0.050409243 0.629988909 252.626968384 -0.004173649 0.997200370 0.074657962 -23.202030182 -0.631988645 0.055228062 -0.773007274 290.805175781
-0.788735032 -0.042801242 0.613241434 253.031219482 -0.000165730 0.997587800 0.069413595 -23.172693253 -0.614733398 0.054647297 -0.786839724 290.261596680
-0.803383708 -0.033988703 0.594490767 253.393661499 0.004684034 0.997978032 0.063387088 -23.152883530 -0.595443308 0.053708788 -0.801600158 289.754241943
-0.818849802 -0.026237017 0.573408008 253.739135742 0.008795749 0.998263955 0.058237527 -23.123588562 -0.573940635 0.052731339 -0.817197442 289.229309082
-0.834995091 -0.021515056 0.549836695 254.063659668 0.011249902 0.998358905 0.056150056 -23.091026306 -0.550142288 0.053070631 -0.833382785 288.705352783
-0.851559699 -0.016299849 0.524004281 254.369308472 0.015824314 0.998261869 0.056768350 -23.065504074 -0.524018943 0.056633655 -0.849821687 288.171600342
-0.867521644 -0.009492585 0.497308910 254.618225098 0.021891104 0.998120427 0.057239566 -23.052934647 -0.496917546 0.060543206 -0.865683198 287.658142090
-0.884470880 -0.002698765 0.466587752 254.855239868 0.025986983 0.998146176 0.055034637 -23.034683228 -0.465871364 0.060801718 -0.882761061 287.154052734
-0.901525915 0.002763456 0.432716578 255.074645996 0.027628157 0.998306930 0.051185265 -23.015933990 -0.431842506 0.058100000 -0.900075912 286.636535645
-0.918461740 0.008962008 0.395408541 255.271820068 0.029542692 0.998504877 0.045990974 -22.999401093 -0.394405156 0.053922385 -0.917353272 286.121826172
-0.934316814 0.016394712 0.356066644 255.434722900 0.032913323 0.998642027 0.040382951 -22.973175049 -0.354921073 0.049449801 -0.933587551 285.584899902
-0.949163437 0.024092373 0.313860536 255.581848145 0.037586771 0.998607635 0.037013762 -22.953952789 -0.312531769 0.046929114 -0.948747396 285.033843994
-0.962212980 0.029301509 0.270716995 255.687423706 0.039741155 0.998659551 0.033160880 -22.941921234 -0.269382507 0.042666435 -0.962087631 284.509765625
-0.974228978 0.029423099 0.223634511 255.803634644 0.036886767 0.998890698 0.029269610 -22.927354813 -0.222525209 0.036764450 -0.974233508 283.968872070
-0.984334052 0.028400637 0.174011722 255.871566772 0.033585291 0.999073088 0.026922511 -22.918388367 -0.173085779 0.032344978 -0.984375477 283.416137695
-0.992325306 0.027339034 0.120594412 255.919586182 0.030474566 0.999241769 0.024233123 -22.908470154 -0.119840384 0.027722204 -0.992406011 282.868225098
-0.997455597 0.029620532 0.064845026 255.926498413 0.031133825 0.999263048 0.022452043 -22.892910004 -0.064132214 0.024413792 -0.997642696 282.310028076
-0.999567330 0.028405383 0.007637674 255.893035889 0.028586084 0.999286294 0.024692655 -22.888950348 -0.006930813 0.024900317 -0.999665916 281.783721924
-0.998309076 0.027024582 -0.051465757 255.839080811 0.025600266 0.999276280 0.028136138 -22.879974365 0.052188870 0.026771033 -0.998278320 281.223480225
-0.993309498 0.027437482 -0.112176031 255.761856079 0.024099862 0.999228716 0.031002222 -22.865436554 0.112940148 0.028091369 -0.993204534 280.640930176
-0.984524786 0.027642142 -0.173051640 255.632293701 0.021872416 0.999142289 0.035160031 -22.851612091 0.173875123 0.030830877 -0.984284878 280.058807373
-0.971708596 0.027422458 -0.234585270 255.462280273 0.018509474 0.999023676 0.040112793 -22.831897736 0.235456243 0.034635901 -0.971267581 279.492492676
-0.954528868 0.027349696 -0.296861321 255.251174927 0.013645898 0.998747468 0.048137072 -22.816276550 0.297806084 0.041897293 -0.953706563 278.916687012
-0.933464706 0.022252148 -0.357978314 255.002105713 0.003328108 0.998567998 0.053393215 -22.784603119 0.358653843 0.048649296 -0.932201982 278.347137451
-0.907641113 0.019959858 -0.419272155 254.739044189 -0.004886154 0.998298585 0.058102503 -22.760377884 0.419718593 0.054784860 -0.905999303 277.772888184
-0.879315972 0.019332986 -0.475846261 254.406646729 -0.011402795 0.998034418 0.061619990 -22.729158401 0.476102352 0.059609432 -0.877367258 277.211975098
-0.848587275 0.020164402 -0.528671026 254.026092529 -0.016815063 0.997740567 0.065045908 -22.701303482 0.528788090 0.064086780 -0.846330881 276.656066895
-0.815806091 0.020318054 -0.577968478 253.610076904 -0.020688567 0.997717619 0.064276062 -22.666572571 0.577955365 0.064394161 -0.813523769 276.100524902
-0.782888353 0.015587622 -0.621966958 253.187225342 -0.028011134 0.997789323 0.060264874 -22.629539490 0.621531367 0.064602673 -0.780720949 275.570404053
-0.751876950 0.013281014 -0.659169614 252.703796387 -0.032664094 0.997818947 0.057362210 -22.587301254 0.658493876 0.064660512 -0.749803245 275.044158936
-0.722966313 0.016760854 -0.690680027 252.171081543 -0.031230366 0.997890890 0.056906264 -22.548545837 0.690177083 0.062711500 -0.720918000 274.521820068
-0.696023583 0.020838965 -0.717716575 251.624496460 -0.030044820 0.997857988 0.058109615 -22.515132904 0.717390060 0.062009323 -0.693906486 274.012023926
-0.672452927 0.023567900 -0.739764571 251.042236328 -0.029089278 0.997879148 0.058233500 -22.478168488 0.739568055 0.060678497 -0.670341194 273.505493164
-0.652856171 0.026000950 -0.757035494 250.435394287 -0.027727634 0.997920632 0.058186229 -22.437858582 0.756974101 0.058978043 -0.650777757 272.989685059
-0.638388157 0.031191785 -0.769082308 249.806854248 -0.018943939 0.998239160 0.056210417 -22.403644562 0.769481421 0.050453514 -0.636673152 272.485198975
-0.629014552 0.036890939 -0.776517689 249.146240234 -0.010395242 0.998384893 0.055852041 -22.364208221 0.777324021 0.043203838 -0.627615154 271.973937988
-0.624419034 0.040218629 -0.780053496 248.479797363 -0.005196721 0.998437464 0.055638105 -22.325370789 0.781072319 0.038795225 -0.623234272 271.454925537
-0.622708321 0.043156195 -0.781263113 247.785034180 -0.002362239 0.998369634 0.057031758 -22.282859802 0.782450557 0.037359685 -0.621590912 270.909484863
