1.000000119 -0.000000004 -0.000000007 -0.000000000 -0.000000004 1.000000000 -0.000000000 0.000000954 -0.000000007 -0.000000000 1.000000119 -0.000000000
0.999997675 -0.001677619 -0.001434229 -0.002483068 0.001676343 0.999998212 -0.000885233 -0.008485207 0.001435696 0.000882825 0.999998689 0.564135134
0.999995470 -0.001851437 -0.002413604 -0.007726112 0.001845281 0.999995053 -0.002547271 -0.017999481 0.002418293 0.002542805 0.999993980 1.119489908
0.999986649 -0.002510317 -0.004545633 -0.009093937 0.002494171 0.999990582 -0.003552416 -0.035161212 0.004554493 0.003541030 0.999983490 1.684622645
0.999970436 -0.004333828 -0.006371406 -0.020179415 0.004298558 0.999975443 -0.005537656 -0.041304544 0.006395234 0.005510103 0.999964476 2.251738787
0.999945164 -0.006851311 -0.007918275 -0.022729548 0.006790963 0.999947906 -0.007623850 -0.055432465 0.007970095 0.007569657 0.999939501 2.810861588
0.999922395 -0.008063148 -0.009486899 -0.027352206 0.007984399 0.999933541 -0.008310516 -0.067563422 0.009553275 0.008234126 0.999920487 3.382565737
0.999908924 -0.008067964 -0.010816419 -0.039310090 0.007986026 0.999939263 -0.007598168 -0.080865242 0.010877063 0.007511096 0.999912679 3.965104103
0.999894083 -0.008585833 -0.011750291 -0.052272748 0.008492262 0.999932051 -0.007991047 -0.095591858 0.011818100 0.007890414 0.999899030 4.556835651
0.999881685 -0.008039116 -0.013106829 -0.058156878 0.007899385 0.999911785 -0.010678581 -0.112167627 0.013191528 0.010573784 0.999857008 5.148509979
0.999877632 -0.006379969 -0.014276715 -0.075350381 0.006172928 0.999875844 -0.014499763 -0.127030820 0.014367460 0.014409862 0.999792874 5.751137257
0.999864280 -0.005208505 -0.015629185 -0.090758219 0.004923641 0.999822021 -0.018210227 -0.139254600 0.015721262 0.018130802 0.999711990 6.368415833
0.999846101 -0.003271393 -0.017233901 -0.098237768 0.002956036 0.999828279 -0.018292231 -0.152961239 0.017290769 0.018238463 0.999684155 6.997856140
0.999833107 -0.000852210 -0.018249618 -0.120529652 0.000641094 0.999932826 -0.011570740 -0.161925822 0.018258240 0.011557109 0.999766469 7.643135548
0.999829233 0.000486384 -0.018472632 -0.142553478 -0.000504799 0.999999404 -0.000992015 -0.177673668 0.018472124 0.001001170 0.999828935 8.302871704
0.999804795 0.000828382 -0.019740723 -0.153454468 -0.000716902 0.999983788 0.005653743 -0.189222246 0.019745074 -0.005638488 0.999789178 8.988264084
0.999773741 0.003164340 -0.021035817 -0.171173349 -0.003064585 0.999984026 0.004772866 -0.204263553 0.021050571 -0.004707319 0.999767363 9.674434662
0.999754190 0.005137745 -0.021571588 -0.197855234 -0.005191776 0.999983549 -0.002449288 -0.211825624 0.021558639 0.002560682 0.999764323 10.359790802
0.999726176 0.005089838 -0.022840489 -0.219180971 -0.005279395 0.999952078 -0.008246385 -0.216845274 0.022797409 0.008364711 0.999705076 11.072654724
0.999706566 0.002610914 -0.024083048 -0.235431254 -0.002777070 0.999972582 -0.006868662 -0.215627968 0.024064437 0.006933528 0.999686360 11.820805550
0.999702990 0.001621424 -0.024317821 -0.256374508 -0.001566265 0.999996126 0.002286891 -0.221747443 0.024321418 -0.002248123 0.999701679 12.582029343
0.999698937 0.001366719 -0.024502985 -0.283551961 -0.001130778 0.999952853 0.009640116 -0.226591289 0.024514992 -0.009609502 0.999653280 13.356751442
0.999679923 0.000489519 -0.025295613 -0.302651048 -0.000177809 0.999924004 0.012323234 -0.232703656 0.025299711 -0.012314791 0.999603987 14.155865669
0.999674439 -0.001304895 -0.025477951 -0.320571154 0.001595836 0.999933720 0.011402076 -0.235429168 0.025461376 -0.011439023 0.999610364 14.955759048
0.999695182 -0.001635907 -0.024634292 -0.347891450 0.001852718 0.999959767 0.008780651 -0.231333822 0.024618931 -0.008823615 0.999657929 15.776035309
0.999699235 0.000740017 -0.024514437 -0.368050009 -0.000608710 0.999985456 0.005363042 -0.232185990 0.024518039 -0.005346505 0.999685109 16.617012024
0.999723971 -0.002351654 -0.023376290 -0.392404288 0.002345139 0.999997258 -0.000306384 -0.238324046 0.023376936 0.000251479 0.999726653 17.471792221
0.999723613 -0.005419621 -0.022877112 -0.405685693 0.005271052 0.999964654 -0.006549904 -0.245543242 0.022911793 0.006427508 0.999716818 18.347364426
0.999747634 -0.004198913 -0.022070512 -0.431120396 0.003935777 0.999920845 -0.011952478 -0.261024028 0.022118956 0.011862598 0.999685049 19.271759033
0.999762774 -0.002837398 -0.021595256 -0.460016221 0.002560641 0.999914408 -0.012832521 -0.275536090 0.021629818 0.012774180 0.999684513 20.178724289
0.999745607 -0.002963541 -0.022357192 -0.478299230 0.002687550 0.999920011 -0.012364597 -0.292907298 0.022392046 0.012301368 0.999673665 21.112709045
0.999748290 -0.001468569 -0.022389455 -0.506998181 0.001163717 0.999906600 -0.013622858 -0.321566552 0.022407372 0.013593372 0.999656618 22.050457001
0.999747634 0.001455791 -0.022414897 -0.526061356 -0.001805071 0.999877095 -0.015570005 -0.346156716 0.022389457 0.015606538 0.999627471 23.020458221
0.999732137 0.004674906 -0.022669217 -0.555159986 -0.005044842 0.999854565 -0.016289130 -0.370832741 0.022589747 0.016399132 0.999610245 23.985763550
0.999728203 0.006567629 -0.022372318 -0.593325257 -0.006934224 0.999842286 -0.016348025 -0.396576524 0.022261400 0.016498713 0.999616086 24.967668533
0.999719381 0.007478137 -0.022472706 -0.624420643 -0.007851634 0.999831736 -0.016577896 -0.421596259 0.022344928 0.016749693 0.999610007 25.938732147
0.999713063 0.006861415 -0.022950284 -0.641403019 -0.007240058 0.999838352 -0.016456092 -0.450136155 0.022833640 0.016617533 0.999601185 26.912620544
0.999695301 0.008846595 -0.023042103 -0.674916923 -0.009202256 0.999839306 -0.015375307 -0.485342383 0.022902383 0.015582661 0.999616206 27.987419128
0.999684453 0.009474266 -0.023269733 -0.702992380 -0.009786387 0.999863088 -0.013336179 -0.512925506 0.023140203 0.013559698 0.999640226 29.005212784
0.999671757 0.010148443 -0.023523664 -0.732185781 -0.010434265 0.999872804 -0.012059738 -0.542715073 0.023398286 0.012301233 0.999650478 30.023090363
0.999663830 0.010479647 -0.023716353 -0.756310165 -0.010792178 0.999855995 -0.013088549 -0.567908227 0.023575773 0.013340102 0.999633014 31.058547974
0.999649942 0.011644627 -0.023756392 -0.794832826 -0.011983134 0.999827921 -0.014156761 -0.597353339 0.023587450 0.014436482 0.999617577 32.095314026
0.999646783 0.011222364 -0.024087721 -0.826676548 -0.011541010 0.999847174 -0.013130551 -0.626074731 0.023936680 0.013403910 0.999623716 33.132377625
0.999629378 0.011018884 -0.024890317 -0.852636695 -0.011289568 0.999878347 -0.010760886 -0.647788107 0.024768710 0.011037901 0.999632299 34.185470581
0.999620974 0.011571570 -0.024979018 -0.889873445 -0.011747315 0.999907136 -0.006900425 -0.675944924 0.024896845 0.007191249 0.999664187 35.238468170
0.999601781 0.010954819 -0.026002206 -0.916072428 -0.011081938 0.999927342 -0.004749760 -0.698892832 0.025948284 0.005036022 0.999650598 36.341392517
0.999584854 0.011247241 -0.026523754 -0.949258506 -0.011367925 0.999925733 -0.004403664 -0.716440141 0.026472254 0.004703353 0.999638498 37.413452148
0.999582112 0.010651302 -0.026875831 -0.983182728 -0.010805329 0.999925971 -0.005592437 -0.742124677 0.026814280 0.005880499 0.999623179 38.505207062
0.999558330 0.011103824 -0.027566904 -1.022330165 -0.011280664 0.999916732 -0.006267850 -0.760670483 0.027495017 0.006576051 0.999600291 39.581508636
0.999542713 0.010620300 -0.028311465 -1.052768230 -0.010764666 0.999929726 -0.004951781 -0.786961675 0.028256886 0.005254280 0.999586999 40.678657532
0.999510646 0.011249220 -0.029185565 -1.090622306 -0.011352669 0.999929786 -0.003381337 -0.800439298 0.029145485 0.003711018 0.999568343 41.764877319
0.999503911 0.010519902 -0.029684495 -1.132218122 -0.010534486 0.999944389 -0.000335060 -0.831371486 0.029679323 0.000647604 0.999559283 42.857128143
0.999478877 0.012341532 -0.029828474 -1.178776979 -0.012361254 0.999923468 -0.000476924 -0.854493499 0.029820306 0.000845394 0.999554992 43.933631897
0.999439061 0.013582024 -0.030610912 -1.202505589 -0.013722244 0.999896288 -0.004375266 -0.876486897 0.030548312 0.004792862 0.999521852 45.031642914
0.999426723 0.014695926 -0.030498421 -1.243898749 -0.014961071 0.999852121 -0.008483868 -0.898011982 0.030369230 0.008935293 0.999498904 46.112548828
0.999413490 0.015204363 -0.030682741 -1.283437133 -0.015480955 0.999841452 -0.008797266 -0.922763228 0.030544121 0.009267101 0.999490559 47.193443298
0.999413788 0.015541706 -0.030505478 -1.322789669 -0.015724534 0.999859750 -0.005762592 -0.952298522 0.030411646 0.006238897 0.999517977 48.296810150
0.999411047 0.016101554 -0.030303955 -1.359051824 -0.016229581 0.999860287 -0.003983656 -0.974040568 0.030235574 0.004473129 0.999532819 49.396625519
0.999437273 0.014540439 -0.030226326 -1.396843910 -0.014625382 0.999889672 -0.002591048 -0.997460485 0.030185310 0.003031661 0.999539733 50.484340668
0.999437630 0.014709972 -0.030132910 -1.430105209 -0.014823562 0.999883890 -0.003549715 -1.020045519 0.030077187 0.003994396 0.999539614 51.577136993
0.999458909 0.013812806 -0.029852830 -1.470102191 -0.013982201 0.999887288 -0.005472916 -1.042874455 0.029773876 0.005887359 0.999539375 52.677169800
0.999468148 0.013708830 -0.029589565 -1.501500845 -0.013942420 0.999873221 -0.007702433 -1.065192223 0.029480226 0.008110883 0.999532521 53.763813019
0.999482870 0.013371497 -0.029247619 -1.541420817 -0.013672411 0.999855459 -0.010112680 -1.098989844 0.029108180 0.010507332 0.999521077 54.858619690
0.999518394 0.011307817 -0.028898349 -1.581710219 -0.011692796 0.999844670 -0.013187551 -1.133368731 0.028744735 0.013519106 0.999495327 55.955879211
0.999531746 0.009716241 -0.029013418 -1.611404181 -0.010152884 0.999836802 -0.014940315 -1.165368080 0.028863519 0.015227892 0.999467313 57.042530060
0.999570012 0.007693021 -0.028293906 -1.647028446 -0.008045414 0.999891162 -0.012361893 -1.200296998 0.028195722 0.012584219 0.999523222 58.122070312
0.999572694 0.006755207 -0.028440272 -1.675114155 -0.006957572 0.999951124 -0.007022541 -1.220810771 0.028391443 0.007217416 0.999570847 59.235221863
0.999588847 0.005105378 -0.028217513 -1.706080914 -0.005138866 0.999986112 -0.001114427 -1.241685271 0.028211426 0.001258974 0.999601245 60.326976776
0.999599695 0.003704071 -0.028049916 -1.737792134 -0.003714435 0.999993086 -0.000317260 -1.265575290 0.028048523 0.000421325 0.999606490 61.427986145
0.999599814 0.000426866 -0.028287448 -1.764128566 -0.000520670 0.999994397 -0.003308690 -1.282758474 0.028285852 0.003322096 0.999594390 62.522880554
0.999610960 -0.001126472 -0.027871005 -1.804154277 0.000942344 0.999977648 -0.006618537 -1.302971840 0.027877815 0.006589699 0.999589622 63.610137939
0.999608696 0.001448624 -0.027933722 -1.841001749 -0.001737639 0.999945104 -0.010324961 -1.340582371 0.027917244 0.010369457 0.999556482 64.715278625
0.999611318 0.001593896 -0.027837407 -1.875067711 -0.002003478 0.999890029 -0.014691638 -1.366254091 0.027810937 0.014741700 0.999504507 65.807380676
0.999612749 0.004686111 -0.027428037 -1.909597278 -0.005108679 0.999868989 -0.015356684 -1.397181153 0.027352490 0.015490861 0.999505818 66.906127930
0.999618948 0.008397728 -0.026294814 -1.961093187 -0.008710663 0.999892354 -0.011809258 -1.428109288 0.026192805 0.012033801 0.999584556 68.030326843
0.999611497 0.009862603 -0.026068028 -1.999216437 -0.010118605 0.999901772 -0.009706956 -1.455388069 0.025969727 0.009966956 0.999613106 69.124610901
0.999616325 0.009155997 -0.026141232 -2.031009436 -0.009391528 0.999916315 -0.008901461 -1.484878540 0.026057541 0.009143550 0.999618649 70.223991394
0.999622822 0.007840686 -0.026321191 -2.057132244 -0.008061230 0.999933183 -0.008283305 -1.510802627 0.026254477 0.008492362 0.999619186 71.338623047
0.999630570 0.006799079 -0.026317848 -2.092200994 -0.006978480 0.999952972 -0.006730798 -1.540028572 0.026270835 0.006911969 0.999630988 72.430137634
0.999633849 0.005199498 -0.026556009 -2.129971504 -0.005323352 0.999975204 -0.004595251 -1.568724394 0.026531445 0.004734934 0.999636769 73.529251099
0.999613941 0.004206862 -0.027463464 -2.157950401 -0.004292573 0.999986053 -0.003062555 -1.594209075 0.027450196 0.003179261 0.999618232 74.639884949
0.999606788 0.003646916 -0.027802881 -2.194726467 -0.003761468 0.999984562 -0.004068818 -1.620912671 0.027787611 0.004171796 0.999605298 75.723571777
0.999585629 0.003792148 -0.028533384 -2.227901220 -0.004021018 0.999960124 -0.007968133 -1.648766994 0.028502036 0.008079563 0.999561071 76.817832947
0.999555409 0.004681614 -0.029446617 -2.261297464 -0.004976748 0.999937952 -0.009957466 -1.675432324 0.029398182 0.010099586 0.999516785 77.898918152
0.999533057 0.006435129 -0.029869927 -2.301086903 -0.006688203 0.999942482 -0.008380460 -1.703569412 0.029814266 0.008576321 0.999518692 78.988304138
0.999507666 0.007622928 -0.030437199 -2.341161251 -0.007760447 0.999960184 -0.004402633 -1.724620819 0.030402411 0.004636672 0.999526978 80.066772461
0.999485373 0.008492738 -0.030932415 -2.382054567 -0.008493329 0.999963939 0.000112277 -1.759137511 0.030932248 0.000150498 0.999521434 81.148254395
0.999453664 0.009753641 -0.031580754 -2.422834396 -0.009737857 0.999952435 0.000653577 -1.777230501 0.031585619 -0.000345693 0.999500990 82.219787598
0.999445319 0.009718402 -0.031854425 -2.468087673 -0.009775216 0.999950945 -0.001628250 -1.795126915 0.031837024 0.001938728 0.999491274 83.288124084
0.999421120 0.009431533 -0.032687657 -2.501442194 -0.009508278 0.999952435 -0.002193171 -1.821451306 0.032665413 0.002502701 0.999463260 84.369834900
0.999412477 0.008731463 -0.033145178 -2.541414499 -0.008807606 0.999958932 -0.002151919 -1.847136855 0.033125032 0.002442582 0.999448240 85.424491882
0.999387562 0.007529585 -0.034174733 -2.576051235 -0.007596282 0.999969482 -0.001822227 -1.865447998 0.034159966 0.002080708 0.999414325 86.465492249
0.999379635 0.006559643 -0.034601744 -2.611759663 -0.006587546 0.999978006 -0.000692493 -1.889991045 0.034596462 0.000920003 0.999400973 87.503669739
0.999370575 0.006883806 -0.034799654 -2.655600548 -0.006815424 0.999974608 0.002083234 -1.912287474 0.034813121 -0.001844750 0.999392152 88.507369995
0.999338329 0.005844975 -0.035897005 -2.697689772 -0.005731247 0.999978244 0.003270180 -1.936347723 0.035915352 -0.003062283 0.999350250 89.482620239
0.999256134 0.004766960 -0.038268860 -2.733933449 -0.004646800 0.999983966 0.003228111 -1.954105854 0.038283627 -0.003047882 0.999262273 90.463783264
0.999128759 0.003891196 -0.041554254 -2.776797771 -0.003797832 0.999990165 0.002325394 -1.973451853 0.041562892 -0.002165553 0.999133527 91.395568848
0.998976290 0.003630448 -0.045091327 -2.823228598 -0.003575395 0.999992728 0.001301454 -1.992266655 0.045095731 -0.001138904 0.998981953 92.317367554
0.998833597 0.003671803 -0.048145607 -2.871076822 -0.003589213 0.999991894 0.001801738 -2.010291338 0.048151828 -0.001626830 0.998838782 93.222274780
0.998670340 0.004828295 -0.051326193 -2.921016455 -0.004691927 0.999985099 0.002777035 -2.027596474 0.051338833 -0.002532522 0.998678207 94.088478088
0.998518407 0.005393646 -0.054147448 -2.978253126 -0.005179633 0.999978244 0.004092102 -2.047516346 0.054168325 -0.003805575 0.998524606 94.932357788
0.998339653 0.006904482 -0.057186402 -3.031495333 -0.006601684 0.999963164 0.005482271 -2.060572863 0.057222135 -0.005095640 0.998348475 95.748313904
0.998193920 0.007892888 -0.059553806 -3.090272665 -0.007529680 0.999951661 0.006320859 -2.077100277 0.059600815 -0.005861020 0.998205066 96.534759521
0.998011887 0.010157282 -0.062203158 -3.142785072 -0.009733171 0.999927282 0.007117512 -2.098404408 0.062270928 -0.006497926 0.998038173 97.305030823
0.997796118 0.011788311 -0.065298520 -3.193324089 -0.011422487 0.999916971 0.005972950 -2.113223553 0.065363497 -0.005213914 0.997847915 98.034339905
0.997630000 0.013272384 -0.067515992 -3.255253553 -0.013144296 0.999910891 0.002341154 -2.131798744 0.067541048 -0.001448154 0.997715473 98.726364136
0.997424126 0.015903391 -0.069945611 -3.316223383 -0.016038256 0.999870360 -0.001366895 -2.142723799 0.069914803 0.002485181 0.997549891 99.401412964
0.997237802 0.017502809 -0.072183989 -3.361183882 -0.017857052 0.999831498 -0.004265033 -2.159324646 0.072097182 0.005542246 0.997382224 100.052291870
0.997131944 0.019608518 -0.073099747 -3.411972761 -0.020033216 0.999786437 -0.005081147 -2.176226377 0.072984509 0.006530998 0.997311711 100.668685913
0.997144997 0.021998841 -0.072236471 -3.464298248 -0.022398906 0.999737918 -0.004732709 -2.190805197 0.072113447 0.006337217 0.997376263 101.253189087
0.997320473 0.025719985 -0.068487145 -3.529614687 -0.026007595 0.999656320 -0.003310997 -2.204796791 0.068378463 0.005083312 0.997646511 101.822830200
0.997546554 0.028148828 -0.064098775 -3.546423435 -0.028322978 0.999597251 -0.001809656 -2.223078012 0.064022027 0.003620686 0.997941911 102.369819641
0.998018026 0.028939439 -0.055881992 -3.593441248 -0.028965509 0.999580324 0.000343577 -2.238420963 0.055868506 0.001275755 0.998437285 102.893287659
0.998505414 0.029078292 -0.046276286 -3.610896111 -0.028972887 0.999575913 0.002947001 -2.252866983 0.046342373 -0.001601835 0.998924255 103.386917114
0.998987198 0.028630020 -0.034711912 -3.603641748 -0.028498789 0.999584734 0.004269668 -2.268218756 0.034819715 -0.003276098 0.999388218 103.868675232
0.999385774 0.027738268 -0.021420212 -3.603539467 -0.027651513 0.999608219 0.004335901 -2.278499126 0.021532070 -0.003740938 0.999761164 104.326461792
0.999597311 0.027712623 -0.006113738 -3.599817038 -0.027692162 0.999610782 0.003406791 -2.289109945 0.006205749 -0.003236119 0.999975443 104.764968872
0.999587297 0.026228828 0.011714026 -3.575093269 -0.026233893 0.999655843 0.000278435 -2.300308466 -0.011702709 -0.000585627 0.999931276 105.187622070
0.999118567 0.025848927 0.033076622 -3.551166058 -0.025722593 0.999660194 -0.004239534 -2.312654972 -0.033174984 0.003384979 0.999443829 105.605857849
0.998103201 0.023540739 0.056885362 -3.500619888 -0.023045523 0.999690771 -0.009346016 -2.320033550 -0.057087805 0.008017332 0.998336971 106.010208130
0.996222913 0.021587607 0.084105924 -3.439320564 -0.020599302 0.999708474 -0.012601005 -2.327670574 -0.084353447 0.010820885 0.996377051 106.425117493
0.993340313 0.018687669 0.113691725 -3.365996361 -0.017303618 0.999763846 -0.013148529 -2.347303629 -0.113910601 0.011093684 0.993429005 106.811195374
0.989122689 0.016139792 0.146204591 -3.284867287 -0.014091897 0.999787629 -0.015032035 -2.363793373 -0.146416143 0.012808226 0.989140213 107.158943176
0.983133733 0.013812465 0.182365388 -3.189691544 -0.011024948 0.999806464 -0.016290335 -2.380725861 -0.182555109 0.014005011 0.983095944 107.530982971
0.975326896 0.010432791 0.220518738 -3.072126389 -0.006798283 0.999828339 -0.017234165 -2.391788483 -0.220660672 0.015309795 0.975230575 107.894020081
0.965366483 0.008555918 0.260757506 -2.950160980 -0.004038033 0.999832392 -0.017856864 -2.409133911 -0.260866582 0.016185470 0.965239167 108.241912842
0.953097999 0.008796950 0.302533954 -2.822383881 -0.003324739 0.999821484 -0.018598191 -2.429249287 -0.302643567 0.016720049 0.952957213 108.562683105
0.937927723 0.011186969 0.346650243 -2.675861359 -0.004723704 0.999798954 -0.019484282 -2.439149857 -0.346798539 0.016637376 0.937792122 108.889480591
0.920333087 0.011588832 0.390963882 -2.499145508 -0.004706401 0.999816716 -0.018557359 -2.449100971 -0.391107321 0.015238915 0.920218945 109.210029602
0.900172114 0.010245162 0.435413897 -2.320442200 -0.003039450 0.999846697 -0.017242378 -2.461172104 -0.435523808 0.014197685 0.900065303 109.511558533
0.876946151 0.009066027 0.480503052 -2.131179810 -0.000743693 0.999846399 -0.017507613 -2.477530241 -0.480588078 0.014995886 0.876818240 109.789215088
0.851558506 0.010471471 0.524154902 -1.916873932 -0.000047979 0.999802053 -0.019895921 -2.491477966 -0.524259448 0.016917393 0.851390541 110.081710815
0.824220538 0.011723872 0.566147625 -1.700569153 0.001467947 0.999738038 -0.022839831 -2.514283180 -0.566267133 0.019656133 0.823987424 110.328651428
0.793147206 0.016324259 0.608811259 -1.468250275 -0.000182001 0.999647021 -0.026566766 -2.535590649 -0.609030068 0.020960549 0.792870164 110.594879150
0.759308219 0.022525782 0.650341272 -1.214527130 -0.003401717 0.999524415 -0.030648716 -2.545550346 -0.650722384 0.021059539 0.759023726 110.847640991
0.721903741 0.027452342 0.691448808 -0.943927765 -0.005173265 0.999399006 -0.034277655 -2.548224211 -0.691974282 0.021168118 0.721611798 111.093566895
0.682826996 0.027445249 0.730064452 -0.649456024 -0.003081423 0.999393463 -0.034688074 -2.568046093 -0.730573773 0.021436311 0.682497442 111.317443848
0.642120779 0.024921592 0.766198456 -0.335655212 0.001077453 0.999441147 -0.033411086 -2.581899881 -0.766602814 0.022279494 0.641734958 111.518722534
0.597550035 0.023039378 0.801500559 -0.010681152 0.002893649 0.999518633 -0.030888800 -2.588999748 -0.801826477 0.020776864 0.597195745 111.730743408
0.553762615 0.021768490 0.832390010 0.318752289 0.004386425 0.999568105 -0.029058645 -2.595700026 -0.832663000 0.019742809 0.553427935 111.847640991
0.505837560 0.019301182 0.862412810 0.677497864 0.006297310 0.999640405 -0.026066003 -2.606192112 -0.862605929 0.018616047 0.505533993 112.013725281
0.454975724 0.015529131 0.890368521 1.048290253 0.009577697 0.999704838 -0.022330265 -2.616520882 -0.890452385 0.018687408 0.454692543 112.164672852
0.402546167 0.015877824 0.915261984 1.404788971 0.006027796 0.999781907 -0.019995177 -2.639390945 -0.915379882 0.013565995 0.402362645 112.296318054
0.351090282 0.020754745 0.936111569 1.796504974 0.002571856 0.999729216 -0.023129802 -2.651948452 -0.936338127 0.010528197 0.350941777 112.419021606
0.301024735 0.026201513 0.953256249 2.201702118 0.001420422 0.999609053 -0.027924128 -2.664463043 -0.953615308 0.009759881 0.300869793 112.510704041
0.254415184 0.028276753 0.966681540 2.607751846 0.003313723 0.999541104 -0.030110056 -2.677020311 -0.967089415 0.010863773 0.254204720 112.582901001
0.213434324 0.028003244 0.976555943 3.029970169 0.010287464 0.999469161 -0.030908702 -2.694596767 -0.976903319 0.016643265 0.213032976 112.631240845
0.178152353 0.027904417 0.983607233 3.459178925 0.018696249 0.999321401 -0.031736512 -2.704587936 -0.983825386 0.024043702 0.177509755 112.673568726
0.147783414 0.029218005 0.988588035 3.912956238 0.022821339 0.999196589 -0.032943092 -2.720034361 -0.988756478 0.027429348 0.146997929 112.711105347
0.119574025 0.027309934 0.992449522 4.385458946 0.021171816 0.999324143 -0.030049965 -2.743040562 -0.992599547 0.024605161 0.118914992 112.758750916
0.094076395 0.024038149 0.995274723 4.901064873 0.015076876 0.999559402 -0.025566747 -2.756116629 -0.995450795 0.017410863 0.093672529 112.807830811
0.070469409 0.020090945 0.997311652 5.379271507 0.009755822 0.999735475 -0.020829113 -2.775442123 -0.997466266 0.011197411 0.070254743 112.834892273
0.047854319 0.017585494 0.998699546 5.904555321 0.013961045 0.999735594 -0.018272700 -2.794997692 -0.998756707 0.014817316 0.047596134 112.842170715
0.027875453 0.018326018 0.999443412 6.442240715 0.021735229 0.999584496 -0.018934820 -2.813063622 -0.999375105 0.022250950 0.027465533 112.827255249
0.010465242 0.020881696 0.999727249 6.995328903 0.026932033 0.999413490 -0.021157065 -2.828925371 -0.999582529 0.027146101 0.009896711 112.811279297
-0.004600570 0.026182115 0.999646604 7.604788780 0.026221905 0.999316633 -0.026052792 -2.846735001 -0.999645531 0.026092781 -0.005283974 112.826446533
-0.014699340 0.030942608 0.999413073 8.200404167 0.024829371 0.999224186 -0.030571567 -2.854321957 -0.999583662 0.024365425 -0.015456229 112.803451538
-0.021339290 0.030555420 0.999305308 8.820768356 0.026786096 0.999191582 -0.029979950 -2.873886824 -0.999413431 0.026127739 -0.022140509 112.789482117
-0.023994878 0.027956381 0.999321103 9.473649025 0.033257019 0.999077976 -0.027151044 -2.887266159 -0.999158800 0.032582954 -0.024902508 112.772399902
-0.023481723 0.025963273 0.999387145 10.119061470 0.034072068 0.999102831 -0.025155328 -2.916748524 -0.999143541 0.033460502 -0.024345286 112.748626709
-0.021020316 0.025417766 0.999455929 10.806338310 0.033124812 0.999145627 -0.024713207 -2.944658518 -0.999230206 0.032587308 -0.021844320 112.729927063
-0.019488778 0.025949091 0.999473274 11.490276337 0.030009974 0.999227941 -0.025357552 -2.964068174 -0.999359667 0.029499980 -0.020252464 112.722061157
-0.018482335 0.027152937 0.999460518 12.204688072 0.028805727 0.999230623 -0.026614010 -2.985354185 -0.999414146 0.028298298 -0.019250283 112.720138550
-0.017556012 0.027826430 0.999458730 12.935113907 0.028462244 0.999221444 -0.027319875 -3.014137745 -0.999440730 0.027967207 -0.018334344 112.709510803
-0.017092224 0.027594900 0.999473035 13.683486938 0.027645137 0.999249995 -0.027115965 -3.035414696 -0.999471784 0.027167097 -0.017842265 112.708831787
-0.016485026 0.026211204 0.999520481 14.439556122 0.026792411 0.999308944 -0.025763767 -3.062866688 -0.999505222 0.026354847 -0.017175894 112.701309204
-0.015633913 0.024666768 0.999573469 15.197100639 0.027694393 0.999322712 -0.024227427 -3.097615957 -0.999494135 0.027303804 -0.016306458 112.682037354
-0.016393421 0.022407008 0.999614537 15.984480858 0.028073622 0.999364972 -0.021941019 -3.123807430 -0.999471426 0.027703108 -0.017012067 112.676620483
-0.017811853 0.020748135 0.999626040 16.764890671 0.024857147 0.999484777 -0.020302288 -3.154352427 -0.999532282 0.024486229 -0.018318424 112.670303345
-0.018450161 0.019768069 0.999634385 17.559135437 0.025349654 0.999492288 -0.019297384 -3.175722122 -0.999508381 0.024984343 -0.018941903 112.648643494
-0.019592043 0.017464766 0.999655545 18.358417511 0.027440324 0.999480128 -0.016923906 -3.193955660 -0.999431491 0.027099296 -0.020061085 112.632591248
-0.021292973 0.015738567 0.999649405 19.171894073 0.028925344 0.999467194 -0.015119576 -3.220163107 -0.999354780 0.028593263 -0.021736860 112.622985840
-0.022920519 0.014635200 0.999630213 19.994567871 0.026817305 0.999541938 -0.014019018 -3.250753164 -0.999377608 0.026486060 -0.023302492 112.605651855
-0.023381673 0.019517846 0.999536097 20.810180664 0.023384692 0.999546528 -0.018971032 -3.276343822 -0.999453127 0.022930274 -0.023827493 112.585144043
-0.024505192 0.024260899 0.999405265 21.645256042 0.024624825 0.999416888 -0.023657391 -3.299916029 -0.999396443 0.024030454 -0.025088325 112.572875977
-0.025646826 0.026073974 0.999330938 22.483631134 0.024799809 0.999368727 -0.025438502 -3.325289011 -0.999363422 0.024130799 -0.026277268 112.552757263
-0.027310340 0.023754848 0.999344707 23.329076767 0.021272091 0.999505043 -0.023177335 -3.359158039 -0.999400675 0.020625172 -0.027802143 112.542747498
-0.027956165 0.019352019 0.999421835 24.169414520 0.018581957 0.999649823 -0.018836651 -3.393248558 -0.999436498 0.018044611 -0.028305978 112.521492004
-0.028597403 0.014205784 0.999490142 25.025369644 0.017106958 0.999759495 -0.013720147 -3.419653893 -0.999444664 0.016705871 -0.028833546 112.507270813
-0.028679406 0.008420762 0.999553263 25.871261597 0.013627997 0.999874771 -0.008032450 -3.445783615 -0.999495745 0.013391540 -0.028790582 112.487625122
-0.028621934 0.006641575 0.999568343 26.722715378 0.010780928 0.999921799 -0.006335221 -3.477848530 -0.999532223 0.010594947 -0.028691305 112.477218628
-0.027689045 0.014070177 0.999517679 27.569965363 0.012753098 0.999824464 -0.013721204 -3.501360893 -0.999535263 0.012367017 -0.027863631 112.448928833
-0.025909714 0.025052441 0.999350369 28.373109818 0.016044535 0.999567568 -0.024641907 -3.530273438 -0.999535561 0.015395649 -0.026300468 112.415992737
-0.025635712 0.030329827 0.999211252 29.208459854 0.017940309 0.999392629 -0.029875057 -3.556030750 -0.999510407 0.017160289 -0.026164271 112.399635315
-0.024722831 0.024624305 0.999391079 30.051057816 0.019572323 0.999516904 -0.024143228 -3.592388391 -0.999502778 0.018963516 -0.025192844 112.387634277
-0.023707606 0.017152058 0.999571800 30.875638962 0.023040934 0.999596477 -0.016606005 -3.620039463 -0.999453366 0.022637380 -0.024093239 112.361671448
-0.023486974 0.014038609 0.999625683 31.710449219 0.024337510 0.999613166 -0.013466606 -3.652298450 -0.999427855 0.024012109 -0.023819555 112.348762512
-0.023212321 0.014990105 0.999618113 32.527847290 0.023254385 0.999625146 -0.014450219 -3.673508644 -0.999460101 0.022910077 -0.023552200 112.329475403
-0.023867948 0.015874462 0.999589086 33.344692230 0.020136395 0.999678791 -0.015395074 -3.700376987 -0.999512255 0.019760672 -0.024179930 112.314567566
-0.026094707 0.016168639 0.999528766 34.163227081 0.018367557 0.999708116 -0.015692022 -3.726875782 -0.999490798 0.017949421 -0.026384061 112.305198669
-0.028444236 0.016034922 0.999466836 34.965656281 0.017867377 0.999719739 -0.015530488 -3.755857944 -0.999435723 0.017416095 -0.028722761 112.287788391
-0.030541509 0.016115705 0.999403596 35.777034760 0.016199671 0.999746680 -0.015626172 -3.788147449 -0.999402225 0.015712760 -0.030794851 112.268798828
-0.032835092 0.016460709 0.999325275 36.582427979 0.014283424 0.999769986 -0.015998721 -3.815137386 -0.999358773 0.013748466 -0.033062667 112.250129700
-0.035313845 0.015691390 0.999253094 37.391704559 0.012328062 0.999807537 -0.015264414 -3.839732170 -0.999300122 0.011779808 -0.035500500 112.234603882
-0.037109356 0.014731934 0.999202609 38.178848267 0.012783024 0.999816537 -0.014266234 -3.865722656 -0.999229431 0.012243418 -0.037290879 112.203178406
-0.038760677 0.014263584 0.999146760 38.965873718 0.012262360 0.999829590 -0.013797631 -3.899582386 -0.999173284 0.011717089 -0.038928997 112.173362732
-0.040445164 0.015273045 0.999065101 39.747802734 0.012406479 0.999813735 -0.014782240 -3.923591614 -0.999104798 0.011797004 -0.040627129 112.143356323
-0.041743927 0.015480056 0.999008477 40.539264679 0.012810097 0.999806166 -0.014957143 -3.950109243 -0.999046206 0.012173023 -0.041934140 112.120429993
-0.042421505 0.014783448 0.998990476 41.314601898 0.015147591 0.999785066 -0.014151976 -3.968694687 -0.998984993 0.014531947 -0.042636335 112.084030151
-0.044239450 0.014127248 0.998921096 42.106941223 0.016587468 0.999772608 -0.013404679 -3.990474701 -0.998883247 0.015976552 -0.044463724 112.060028076
-0.045671444 0.013214028 0.998869121 42.837532043 0.013870521 0.999824524 -0.012592466 -4.029169083 -0.998860180 0.013279720 -0.045846712 112.027587891
-0.047049772 0.012464959 0.998814762 43.593730927 0.012208073 0.999854624 -0.011902870 -4.050006390 -0.998817980 0.011633578 -0.047195110 112.001815796
-0.048377611 0.010949245 0.998769104 44.332813263 0.011029850 0.999884784 -0.010427220 -4.076467991 -0.998768151 0.010511830 -0.048492808 111.980842590
-0.048792914 0.010629069 0.998752296 45.045661926 0.011384668 0.999884307 -0.010084931 -4.100980282 -0.998744011 0.010878393 -0.048908282 111.943763733
-0.048959270 0.013283880 0.998712420 45.747783661 0.011302571 0.999854863 -0.012744997 -4.124631882 -0.998736680 0.010664034 -0.049102306 111.916404724
-0.049093585 0.016325710 0.998660803 46.460075378 0.011699721 0.999807239 -0.015769305 -4.144073963 -0.998725772 0.010909880 -0.049275134 111.885169983
-0.049121559 0.018140549 0.998628080 47.156711578 0.010052638 0.999793291 -0.017667240 -4.166519642 -0.998742223 0.009171004 -0.049293775 111.856239319
-0.049357537 0.018774251 0.998604774 47.851493835 0.010043061 0.999782085 -0.018299997 -4.193591595 -0.998730719 0.009125805 -0.049535334 111.824493408
-0.049395103 0.018656220 0.998605072 48.556198120 0.011598356 0.999768794 -0.018104265 -4.218076706 -0.998712063 0.010687916 -0.049600054 111.792564392
-0.049669243 0.018038606 0.998602748 49.244297028 0.011522910 0.999780715 -0.017486747 -4.244464874 -0.998699307 0.010638257 -0.049866203 111.760574341
-0.050599393 0.018342189 0.998550534 49.945140839 0.007594184 0.999809444 -0.017980492 -4.267532349 -0.998690307 0.006673375 -0.050729033 111.745002747
-0.050207194 0.018540090 0.998566747 50.621425629 0.005441451 0.999817967 -0.018289728 -4.294047832 -0.998724043 0.004515378 -0.050298944 111.716560364
-0.049874518 0.016932692 0.998611927 51.287666321 0.007615229 0.999833643 -0.016573073 -4.320170879 -0.998726428 0.006778084 -0.049995169 111.680534363
-0.051164292 0.016520543 0.998553634 51.972496033 0.008012546 0.999837816 -0.016131241 -4.341029644 -0.998658121 0.007175612 -0.051288374 111.652397156
-0.054458231 0.015919505 0.998389125 52.635536194 0.004771308 0.999865711 -0.015682790 -4.365230560 -0.998504579 0.003909565 -0.054526892 111.620117188
-0.059760261 0.015458767 0.998093009 53.312877655 0.001165999 0.999880493 -0.015416636 -4.390638351 -0.998212039 0.000242473 -0.059771154 111.588165283
-0.065183081 0.019441050 0.997683942 53.967613220 0.005269641 0.999803007 -0.019138051 -4.409738064 -0.997859478 0.004009958 -0.065272704 111.533470154
-0.071639776 0.022403404 0.997178912 54.634468079 0.007485610 0.999731600 -0.021922968 -4.429731369 -0.997402489 0.005893936 -0.071788281 111.479331970
-0.078848168 0.023623463 0.996606648 55.302291870 0.006498393 0.999710083 -0.023182891 -4.458037853 -0.996865392 0.004648414 -0.078978822 111.425422668
-0.084941104 0.022716224 0.996126890 55.979217529 0.002841115 0.999741554 -0.022556385 -4.483633041 -0.996381879 0.000914147 -0.084983677 111.371452332
-0.091167971 0.022129880 0.995589554 56.678501129 0.002633005 0.999754846 -0.021981351 -4.504732132 -0.995832026 0.000617398 -0.091203898 111.324020386
-0.094993830 0.022426905 0.995225072 57.353851318 -0.000076782 0.999746025 -0.022536105 -4.533842087 -0.995477855 -0.002217206 -0.094967969 111.252746582
-0.099503286 0.022242891 0.994788527 58.061054230 -0.001631228 0.999745131 -0.022516875 -4.545733452 -0.995035946 -0.003863229 -0.099441655 111.193695068
-0.102018520 0.018484248 0.994610727 58.754570007 -0.001974321 0.999821663 -0.018783599 -4.578853607 -0.994780600 -0.003879956 -0.101963833 111.121154785
-0.103699572 0.015576507 0.994486749 59.466560364 0.000188233 0.999877691 -0.015641320 -4.599932671 -0.994608760 -0.001434802 -0.103689827 111.047668457
-0.105023742 0.012756120 0.994387865 60.180404663 -0.000169692 0.999917507 -0.012844980 -4.623581886 -0.994469881 -0.001517767 -0.105012923 110.973693848
-0.106845923 0.012401227 0.994198263 60.913494110 -0.001356921 0.999919474 -0.012618422 -4.646696091 -0.994274676 -0.002697274 -0.106820509 110.909553528
-0.106648862 0.015654223 0.994173527 61.626155853 0.000461665 0.999876738 -0.015694506 -4.671194077 -0.994296730 -0.001214826 -0.106642969 110.824592590
-0.106881723 0.019894816 0.994072795 62.372638702 0.006548234 0.999792218 -0.019305220 -4.692300320 -0.994250178 0.004446044 -0.106989808 110.741203308
-0.107422993 0.025074011 0.993897200 63.113925934 0.014242861 0.999618173 -0.023678929 -4.716150284 -0.994111419 0.011612277 -0.107739106 110.653961182
-0.108108252 0.025740230 0.993805826 63.855327606 0.014176800 0.999602973 -0.024348194 -4.743216515 -0.994037986 0.011456744 -0.108430251 110.572494507
-0.109130092 0.023309398 0.993754148 64.624298096 0.012370310 0.999679446 -0.022089919 -4.774369717 -0.993950546 0.009882369 -0.109383456 110.504463196
-0.108846843 0.018877411 0.993879259 65.374885559 0.012621591 0.999765396 -0.017606921 -4.795546055 -0.993978441 0.010627878 -0.109059572 110.422134399
-0.108763069 0.017090609 0.993920803 66.113571167 0.015461978 0.999760449 -0.015499038 -4.820914745 -0.993947506 0.013682262 -0.109001271 110.334693909
-0.109470434 0.016467026 0.993853629 66.860946655 0.015381594 0.999771118 -0.014870825 -4.847421646 -0.993871093 0.013659139 -0.109698638 110.254249573
-0.111436993 0.017657220 0.993614614 67.608909607 0.013832626 0.999772847 -0.016215280 -4.871000290 -0.993675351 0.011937321 -0.111655921 110.180137634
-0.113462262 0.018194616 0.993375719 68.352027893 0.013771219 0.999765038 -0.016738715 -4.899656773 -0.993446887 0.011780784 -0.113686159 110.094345093
-0.115633644 0.018464070 0.993120372 69.092788696 0.014889377 0.999747097 -0.016853642 -4.925335884 -0.993180335 0.012838094 -0.115879327 110.010223389
-0.117647722 0.018529730 0.992882431 69.837692261 0.014870113 0.999746621 -0.016895853 -4.949404240 -0.992944121 0.012776515 -0.117893465 109.923385620
-0.119674139 0.018297523 0.992644608 70.589721680 0.014504854 0.999755681 -0.016679883 -4.972638607 -0.992707253 0.012402016 -0.119910322 109.836082458
-0.121105678 0.018522106 0.992466807 71.337882996 0.012386587 0.999776304 -0.017147046 -4.997216702 -0.992562354 0.010216672 -0.121308014 109.747924805
-0.122292332 0.020035841 0.992291868 72.090301514 0.012268009 0.999750495 -0.018674502 -5.022689819 -0.992418468 0.009889697 -0.122507595 109.660942078
-0.123194605 0.020303950 0.992174804 72.851905823 0.011359511 0.999754131 -0.019048586 -5.046860218 -0.992317617 0.008923938 -0.123394966 109.573410034
-0.124514900 0.020811226 0.991999507 73.616783142 0.010927787 0.999748170 -0.019602142 -5.070323467 -0.992157578 0.008399600 -0.124710940 109.479766846
-0.125646219 0.019337758 0.991886675 74.402992249 0.011647081 0.999769866 -0.018016070 -5.091684341 -0.992006719 0.009288931 -0.125842556 109.388587952
-0.126819029 0.016653689 0.991786063 75.179992676 0.008563447 0.999840200 -0.015693933 -5.121052265 -0.991888940 0.006502816 -0.126941383 109.296363831
-0.128560752 0.014458923 0.991596341 75.957832336 0.005645854 0.999888122 -0.013847847 -5.144207001 -0.991685569 0.003818119 -0.128628016 109.200904846
-0.130731896 0.013806739 0.991321623 76.745132446 0.006982199 0.999890983 -0.013005304 -5.166607857 -0.991393149 0.005221398 -0.130814046 109.099250793
-0.132563695 0.014304027 0.991071343 77.546218872 0.008163723 0.999877691 -0.013339169 -5.193197250 -0.991140842 0.006322543 -0.132664263 108.996688843
-0.134711713 0.015705615 0.990760386 78.337097168 0.007734698 0.999860585 -0.014798203 -5.213712692 -0.990854681 0.005669744 -0.134814411 108.890304565
-0.136142448 0.019146392 0.990504265 79.155578613 0.008991817 0.999795973 -0.018090095 -5.245905876 -0.990648508 0.006443602 -0.136286810 108.780326843
-0.136638135 0.023375548 0.990345240 79.963050842 0.011087133 0.999695122 -0.022066545 -5.267232895 -0.990558982 0.007964957 -0.136855617 108.668319702
-0.137925237 0.027100816 0.990071893 80.777282715 0.011876127 0.999599040 -0.025707152 -5.299026012 -0.990371525 0.008212551 -0.138191834 108.561477661
-0.137470573 0.028407568 0.990098476 81.599433899 0.014595116 0.999538183 -0.026651951 -5.329017162 -0.990398347 0.010786741 -0.137821749 108.447174072
-0.136814356 0.027460326 0.990216017 82.434890747 0.017300788 0.999529421 -0.025328223 -5.363085747 -0.990445673 0.013666254 -0.137225032 108.323005676
-0.136849537 0.025698284 0.990258396 83.274139404 0.017806225 0.999565721 -0.023479074 -5.393582821 -0.990431845 0.014419663 -0.137247697 108.211822510
-0.136106327 0.024138438 0.990400136 84.111984253 0.017170485 0.999610305 -0.022003256 -5.423331738 -0.990545452 0.014010868 -0.136467755 108.101409912
-0.134333953 0.021182602 0.990709662 84.956100464 0.016132863 0.999685705 -0.019187011 -5.460464954 -0.990804851 0.013405518 -0.134633452 107.991653442
-0.132805452 0.018259160 0.990973949 85.812942505 0.017030144 0.999724805 -0.016138105 -5.484471798 -0.990996003 0.014733200 -0.133079842 107.886131287
-0.130843759 0.014766928 0.991293073 86.667221069 0.017440157 0.999768734 -0.012591211 -5.511807919 -0.991249681 0.015640827 -0.131071001 107.772171021
-0.129342228 0.014610139 0.991492391 87.519096375 0.016098032 0.999790668 -0.012632401 -5.540714264 -0.991469383 0.014327173 -0.129550338 107.667755127
-0.127866328 0.018780168 0.991613567 88.376136780 0.016965812 0.999715865 -0.016745910 -5.572103500 -0.991646349 0.014682293 -0.128148600 107.557975769
-0.126235336 0.025230849 0.991679430 89.226272583 0.018206729 0.999567151 -0.023113912 -5.597837448 -0.991833270 0.015137446 -0.126640037 107.455535889
-0.124600813 0.028509531 0.991797209 90.080039978 0.015316204 0.999523342 -0.026807418 -5.626583099 -0.992088795 0.011850342 -0.124978073 107.352470398
-0.123200618 0.026127778 0.992037773 90.940093994 0.014225583 0.999597132 -0.024560196 -5.656684399 -0.992279828 0.011086482 -0.123522691 107.251434326
