0.141682252 0.054249823 -0.988424540 145.096984863 -0.040974356 0.997962952 0.048900008 -8.851859093 0.989063799 0.033571798 0.143616498 162.187667847
0.140415072 0.049748704 -0.988842070 144.146835327 -0.040131394 0.998202085 0.044520963 -8.813470840 0.989279032 0.033432197 0.142159119 162.319442749
0.139740929 0.048419125 -0.989003599 143.183364868 -0.040882781 0.998234272 0.043094516 -8.782036781 0.989343703 0.034411147 0.141473681 162.446975708
0.137030587 0.048816320 -0.989363253 142.232528687 -0.042317096 0.998161614 0.043389361 -8.761232376 0.989662528 0.035921309 0.138844445 162.575012207
0.134079248 0.049473491 -0.989734888 141.260955811 -0.041794062 0.998146713 0.044232123 -8.732175827 0.990088940 0.035434432 0.135898441 162.704238892
0.129530489 0.049799055 -0.990324199 140.286346436 -0.040362164 0.998175085 0.044914629 -8.700950623 0.990753710 0.034153812 0.131304100 162.827316284
0.124579348 0.049528323 -0.990972757 139.308227539 -0.038167316 0.998253405 0.045094032 -8.671916962 0.991475284 0.032204986 0.126252115 162.946563721
0.119286895 0.049660861 -0.991617084 138.313827515 -0.038789462 0.998218954 0.045325294 -8.639472961 0.992101789 0.033057582 0.121000752 163.055892944
0.114242479 0.049811732 -0.992203355 137.315338135 -0.039056562 0.998195350 0.045615565 -8.608454704 0.992684841 0.033540819 0.115981765 163.165237427
0.109316908 0.051595386 -0.992666960 136.312469482 -0.040777992 0.998044014 0.047384202 -8.577779770 0.993170202 0.035299078 0.111207038 163.265640259
0.104613721 0.052336134 -0.993134856 135.301879883 -0.041832183 0.997962058 0.048184041 -8.541350365 0.993632793 0.036504291 0.106589854 163.368606567
0.100504883 0.051435590 -0.993606210 134.293426514 -0.043111544 0.997949958 0.047299650 -8.503681183 0.994002223 0.038082056 0.102516316 163.459960938
0.097776376 0.048371416 -0.994032145 133.258453369 -0.042857278 0.998096228 0.044353586 -8.478939056 0.994285226 0.038264781 0.099663302 163.555160522
0.095568240 0.044758487 -0.994416058 132.234069824 -0.043699201 0.998214185 0.040729731 -8.444887161 0.994463265 0.039562717 0.097353473 163.650329590
0.094166368 0.043074518 -0.994624197 131.193725586 -0.042299952 0.998334467 0.039230440 -8.415374756 0.994657636 0.038378365 0.095831580 163.746139526
0.093299426 0.043261327 -0.994697750 130.150512695 -0.040287565 0.998401344 0.039643560 -8.392213821 0.994822681 0.036375225 0.094893165 163.834304810
0.092718236 0.044551488 -0.994695246 129.103195190 -0.037616041 0.998442054 0.041213017 -8.362914085 0.994981647 0.033595290 0.094249643 163.934036255
0.092739724 0.047870174 -0.994538963 128.033706665 -0.036861133 0.998323977 0.044615094 -8.333796501 0.995007992 0.032522239 0.094348840 164.024291992
0.092023261 0.050726715 -0.994463861 126.973129272 -0.035852782 0.998222828 0.047600791 -8.297080994 0.995111227 0.031273916 0.093678422 164.122131348
0.091835134 0.052681070 -0.994379640 125.931030273 -0.036551431 0.998104990 0.049502745 -8.264198303 0.995103180 0.031799912 0.093586683 164.201461792
0.090901539 0.053410549 -0.994426608 124.816368103 -0.037931122 0.998021781 0.050136328 -8.230586052 0.995137274 0.033162251 0.092747644 164.313644409
0.090276234 0.053994220 -0.994452119 123.748275757 -0.037997920 0.997988880 0.050736818 -8.190115929 0.995191574 0.033206780 0.092146367 164.410552979
0.089701042 0.054686196 -0.994466305 122.681190491 -0.040095225 0.997880161 0.051257342 -8.153648376 0.995161295 0.035275515 0.091703571 164.502914429
0.090052277 0.054012988 -0.994471312 121.617149353 -0.040729161 0.997892678 0.050510671 -8.120676994 0.995103896 0.035955388 0.092062414 164.588684082
0.090080738 0.052642312 -0.994542301 120.549118042 -0.042425718 0.997898400 0.048977252 -8.080156326 0.995030344 0.037782274 0.092124835 164.680984497
0.091025494 0.052047379 -0.994487584 119.468688965 -0.043740686 0.997878373 0.048221268 -8.044617653 0.994887412 0.039110210 0.093108982 164.767730713
0.091759428 0.051729813 -0.994436622 118.387664795 -0.043080982 0.997920811 0.047935870 -8.018068314 0.994848847 0.038442742 0.093797222 164.856430054
0.091986045 0.052038055 -0.994399607 117.328361511 -0.043334909 0.997896612 0.048212398 -7.985486031 0.994816959 0.038657349 0.094047628 164.954910278
0.092886493 0.051759858 -0.994330406 116.258972168 -0.043142755 0.997919202 0.047916442 -7.951142788 0.994741619 0.038447365 0.094926290 165.046905518
0.092809014 0.051597748 -0.994346023 115.189651489 -0.042561322 0.997949123 0.047812179 -7.918115616 0.994773865 0.037883285 0.094814755 165.144378662
0.093167707 0.051413435 -0.994322121 114.121841431 -0.042508829 0.997960627 0.047618508 -7.890900135 0.994742572 0.037830960 0.095163256 165.243164062
0.093433619 0.051324565 -0.994301736 113.046089172 -0.043193303 0.997939169 0.047453482 -7.853477955 0.994688213 0.038513426 0.095457949 165.337631226
0.093407385 0.052701253 -0.994232237 111.989913940 -0.042939935 0.997882128 0.048860554 -7.822138309 0.994701624 0.038128331 0.095472552 165.438888550
0.093684606 0.053413942 -0.994168103 110.909980774 -0.043492541 0.997826159 0.049511991 -7.796485901 0.994651496 0.038600389 0.095804065 165.528137207
0.093243606 0.052417565 -0.994262636 109.842643738 -0.043834489 0.997861028 0.048496403 -7.765301228 0.994677961 0.039061010 0.095341869 165.624298096
0.092886925 0.052224968 -0.994306147 108.773216248 -0.044258282 0.997852981 0.048276708 -7.730226040 0.994692564 0.039522007 0.094998889 165.720886230
0.092292838 0.053910930 -0.994271457 107.700912476 -0.044527851 0.997757733 0.049966693 -7.696384907 0.994735956 0.039661195 0.094486430 165.816757202
0.092050903 0.056140486 -0.994170427 106.630119324 -0.044319812 0.997650921 0.052233431 -7.659982681 0.994767606 0.039253309 0.094322808 165.905838013
0.091046207 0.056486338 -0.994243443 105.554344177 -0.045370214 0.997588634 0.052521694 -7.623099804 0.994812667 0.040327135 0.093389459 166.006881714
0.091295026 0.055441801 -0.994279265 104.485397339 -0.045942407 0.997620344 0.051409647 -7.582729816 0.994763613 0.040986139 0.093624912 166.094985962
0.090978242 0.055195477 -0.994322062 103.429771423 -0.046795748 0.997596920 0.051095542 -7.545916557 0.994752824 0.041881464 0.093342535 166.187179565
0.092387453 0.057094939 -0.994084775 102.371185303 -0.050645087 0.997331917 0.052574612 -7.506254196 0.994434357 0.045488283 0.095032543 166.273513794
0.094091117 0.056630850 -0.993951619 101.292205811 -0.054318979 0.997185707 0.051673077 -7.478220463 0.994080663 0.049128454 0.096902452 166.371032715
0.096399397 0.052784413 -0.993942142 100.237930298 -0.056521561 0.997271717 0.047479384 -7.441856384 0.993736625 0.051602177 0.099119857 166.467086792
0.099910490 0.048531696 -0.993812203 99.175071716 -0.060484305 0.997258961 0.042619366 -7.408549309 0.993156493 0.055851910 0.102572024 166.565933228
0.103610016 0.047661338 -0.993475437 98.101081848 -0.062200606 0.997206569 0.041353412 -7.380570889 0.992671251 0.057510145 0.106285155 166.659271240
0.107797384 0.050047178 -0.992912412 97.027130127 -0.061673690 0.997145116 0.043564815 -7.349058151 0.992258251 0.056540389 0.110576235 166.766036987
0.110583045 0.052961212 -0.992454827 95.960647583 -0.060020518 0.997112513 0.046522051 -7.318181992 0.992052972 0.054423101 0.113442495 166.890777588
0.113865703 0.054762822 -0.991985738 94.879150391 -0.058690909 0.997106791 0.048308644 -7.286849499 0.991761029 0.052719854 0.116750337 167.009628296
0.117054805 0.056685094 -0.991506517 93.810920715 -0.057315879 0.997091293 0.050237816 -7.249819756 0.991470218 0.050948482 0.119963296 167.137130737
0.120633759 0.057273284 -0.991043627 92.722976685 -0.056481890 0.997113049 0.050748847 -7.212650776 0.991088986 0.049853984 0.123520412 167.267318726
0.123546973 0.058029361 -0.990640521 91.645736694 -0.057668943 0.997021377 0.051210999 -7.183077812 0.990661621 0.050802231 0.126525462 167.397186279
0.126107663 0.056495018 -0.990406573 90.568649292 -0.056243118 0.997178316 0.049719900 -7.141922474 0.990420938 0.049433500 0.128929302 167.532714844
0.128146842 0.054023914 -0.990282774 89.487442017 -0.056412276 0.997295558 0.047106516 -7.113659859 0.990149498 0.049827553 0.130847901 167.669784546
0.129871368 0.050263323 -0.990256071 88.404724121 -0.054506101 0.997565985 0.043485932 -7.079803467 0.990031540 0.048327427 0.132294923 167.814422607
0.131239861 0.048895001 -0.990144134 87.317085266 -0.053774901 0.997663498 0.042138670 -7.052652359 0.989891112 0.047714628 0.133562550 167.952667236
0.130969808 0.049712259 -0.990139186 86.237861633 -0.051924568 0.997715116 0.043224353 -7.021820068 0.990025640 0.045751467 0.133251831 168.099624634
0.131084144 0.050751634 -0.990071356 85.139961243 -0.047374263 0.997868419 0.044879038 -6.990152359 0.990238726 0.041020971 0.133209065 168.247039795
0.130795270 0.051222369 -0.990085244 84.052917480 -0.044598065 0.997957408 0.045738004 -6.960392952 0.990405738 0.038173575 0.132812545 168.380310059
0.129688859 0.050123449 -0.990287006 82.963630676 -0.041887026 0.998106956 0.045033686 -6.927501678 0.990669668 0.035639811 0.131542876 168.529510498
0.128729880 0.051248159 -0.990354657 81.867652893 -0.040332641 0.998108089 0.046406798 -6.891025543 0.990859270 0.033969678 0.130553305 168.666473389
0.126663044 0.055654883 -0.990383267 80.762458801 -0.038790759 0.997938991 0.051118415 -6.847909451 0.991187096 0.031942908 0.128560886 168.813278198
0.124396205 0.059905998 -0.990422547 79.643684387 -0.037684958 0.997740865 0.055615444 -6.810107708 0.991516650 0.030405687 0.126372725 168.951934814
0.121048644 0.057654943 -0.990970850 78.541282654 -0.035268795 0.997931302 0.053751770 -6.767033577 0.992019832 0.028443767 0.122831643 169.088562012
0.117991641 0.049865227 -0.991761744 77.445144653 -0.033826564 0.998360634 0.046172600 -6.736214638 0.992438316 0.028099911 0.119484968 169.204574585
0.114902526 0.044172928 -0.992394149 76.332839966 -0.032862633 0.998632967 0.040645692 -6.702137947 0.992833078 0.027942395 0.116197102 169.333969116
0.111348666 0.045679476 -0.992731035 75.195632935 -0.032453533 0.998577297 0.042308375 -6.668644428 0.993251383 0.027506649 0.112672724 169.463211060
0.108374134 0.049851041 -0.992859423 74.065109253 -0.031958632 0.998400271 0.046640847 -6.633107185 0.993596375 0.026675770 0.109793954 169.575454712
0.105347067 0.051445339 -0.993103862 72.934722900 -0.032552663 0.998304129 0.048261579 -6.596903801 0.993902564 0.027243961 0.106843099 169.689956665
0.102698237 0.051716499 -0.993367195 71.801536560 -0.034225158 0.998239934 0.048431847 -6.555391312 0.994123578 0.029024284 0.104287490 169.795196533
0.100306623 0.053045552 -0.993541539 70.654785156 -0.035420578 0.998135209 0.049714793 -6.517548561 0.994325876 0.030205095 0.101998493 169.909103394
0.098145112 0.054297835 -0.993689775 69.509162903 -0.034787599 0.998087347 0.051102217 -6.476233482 0.994563997 0.029552650 0.099846289 170.018676758
0.095944539 0.054113496 -0.993914783 68.356201172 -0.033305950 0.998136520 0.051128272 -6.433017731 0.994829416 0.028197799 0.097568057 170.128250122
0.094543517 0.052716136 -0.994124055 67.204109192 -0.031702545 0.998249948 0.049919937 -6.393356323 0.995015919 0.026796656 0.096049301 170.228378296
0.092041366 0.051782422 -0.994407833 66.045608521 -0.030509274 0.998324633 0.049162481 -6.354452133 0.995287776 0.025813678 0.093467005 170.341598511
0.090012424 0.051051468 -0.994631350 64.888702393 -0.030737519 0.998351991 0.048460744 -6.316595078 0.995466232 0.026210433 0.091433279 170.443374634
0.087854862 0.050765857 -0.994838834 63.723091125 -0.031422462 0.998344719 0.048169825 -6.275640011 0.995637536 0.027028335 0.089304626 170.538879395
0.085420854 0.052960690 -0.994936407 62.552398682 -0.031610318 0.998227656 0.050421957 -6.236658096 0.995843470 0.027143173 0.086943552 170.631546021
0.082874157 0.056370571 -0.994964480 61.388126373 -0.032095410 0.998031914 0.053871021 -6.202268600 0.996043026 0.027469281 0.084520303 170.724548340
0.079490244 0.056608029 -0.995227039 60.217041016 -0.032358401 0.998006642 0.054181620 -6.156727791 0.996310294 0.027897045 0.081163548 170.818603516
0.076176628 0.055630386 -0.995541275 59.043502808 -0.032887876 0.998039246 0.053253461 -6.108951569 0.996551931 0.028684568 0.077856839 170.915390015
0.075227022 0.055578575 -0.995616317 57.891921997 -0.033527631 0.998022020 0.053179570 -6.074822426 0.996602654 0.029380118 0.076941647 170.979476929
0.073568314 0.055237398 -0.995759308 56.722999573 -0.033792738 0.998029828 0.052866675 -6.031624794 0.996717513 0.029760124 0.075289980 171.065139771
0.071953408 0.055446096 -0.995865643 55.561702728 -0.033688128 0.998019099 0.053131945 -6.001176834 0.996838987 0.029725825 0.073678754 171.145629883
0.070067249 0.056387968 -0.995947242 54.403278351 -0.034033805 0.997955024 0.054107271 -5.963171005 0.996961653 0.030104727 0.071843043 171.227005005
0.069188878 0.056810226 -0.995984674 53.251708984 -0.033851780 0.997936070 0.054569904 -5.924198627 0.997029185 0.029940223 0.070969164 171.293090820
0.068441346 0.056436490 -0.996057630 52.093254089 -0.032978609 0.997981071 0.054279435 -5.885494232 0.997110009 0.029133633 0.070164353 171.365753174
0.067261897 0.055191878 -0.996207833 50.936813354 -0.033354077 0.998035192 0.053041130 -5.845011234 0.997177720 0.029659938 0.068970636 171.437652588
0.065590724 0.054450970 -0.996359885 49.783992767 -0.032130819 0.998107553 0.052431293 -5.805122375 0.997329235 0.028574849 0.067216158 171.520553589
0.064769953 0.052306008 -0.996528506 48.649330139 -0.033646278 0.998172045 0.050205413 -5.768831253 0.997332811 0.030277673 0.066411465 171.577575684
0.064217828 0.047530502 -0.996803403 47.502655029 -0.031534709 0.998462915 0.045578051 -5.732435226 0.997437537 0.028506983 0.065618001 171.650192261
0.063136920 0.044863325 -0.996996045 46.373916626 -0.031348664 0.998585284 0.042949621 -5.709907532 0.997512400 0.028542787 0.064454012 171.706268311
0.061841566 0.044820216 -0.997079194 45.227184296 -0.029334778 0.998641312 0.043071009 -5.676920891 0.997654736 0.026585521 0.063072346 171.782150269
0.060096558 0.048607778 -0.997008443 44.086299896 -0.026844688 0.998531044 0.047063902 -5.645825863 0.997831523 0.023936002 0.061313152 171.849212646
0.059044279 0.051588017 -0.996921539 42.979095459 -0.026631808 0.998389721 0.050086688 -5.614723206 0.997900009 0.023592494 0.060323097 171.909484863
0.057239965 0.052495245 -0.996979415 41.851268768 -0.027007479 0.998332620 0.051015917 -5.578111649 0.997995079 0.024005754 0.058562309 171.979858398
0.056035541 0.052776329 -0.997033000 40.741405487 -0.027851079 0.998296022 0.051277898 -5.546114922 0.998040259 0.024895057 0.057409935 172.035980225
0.055100292 0.054455686 -0.996994734 39.636226654 -0.029346265 0.998168707 0.052897938 -5.510266304 0.998049438 0.026343385 0.056597456 172.087768555
0.053714652 0.057438381 -0.996903002 38.539371490 -0.031678706 0.997939944 0.055791222 -5.476145744 0.998053730 0.028583797 0.055423554 172.140518188
0.052913353 0.058622476 -0.996876955 37.449714661 -0.034064513 0.997800410 0.056868669 -5.435654640 0.998017907 0.030949017 0.054793909 172.181106567
0.051465023 0.058322705 -0.996970296 36.369201660 -0.034997780 0.997785449 0.056563746 -5.401350498 0.998061299 0.031980705 0.053392228 172.232513428
0.050145827 0.058153518 -0.997047424 35.302871704 -0.035920184 0.997762561 0.056388639 -5.362336159 0.998095632 0.032986484 0.052122522 172.284637451
0.048630185 0.058879290 -0.997079968 34.264411926 -0.037458163 0.997666240 0.057086982 -5.324788094 0.998114169 0.034572642 0.050722234 172.318954468
0.046887383 0.059240885 -0.997141957 33.231590271 -0.037967794 0.997624159 0.057484221 -5.288617134 0.998178363 0.035163995 0.049025223 172.368316650
0.044423304 0.060365200 -0.997187376 32.213672638 -0.038573142 0.997532129 0.058667686 -5.247960091 0.998267829 0.035858441 0.046642132 172.416244507
0.042750992 0.060589660 -0.997246861 31.216775894 -0.039793488 0.997470558 0.058897350 -5.214005947 0.998292923 0.037166007 0.045053925 172.447952271
0.041478876 0.060765170 -0.997290015 30.233451843 -0.039761428 0.997458637 0.059121720 -5.182690144 0.998347878 0.037201375 0.043789562 172.479904175
0.039438792 0.060377948 -0.997396171 29.265829086 -0.040331330 0.997455597 0.058786772 -5.146330833 0.998407662 0.037907846 0.041773573 172.510559082
0.038035814 0.059764571 -0.997487545 28.316062927 -0.040287625 0.997490048 0.058228493 -5.117094040 0.998463929 0.037971646 0.040348109 172.536239624
0.036190722 0.059173603 -0.997591436 27.378110886 -0.040846348 0.997498870 0.057686284 -5.080041885 0.998509765 0.038660269 0.038517222 172.563873291
0.034602124 0.058660388 -0.997678161 26.451835632 -0.041238524 0.997509480 0.057220217 -5.045822144 0.998549938 0.039162837 0.036935009 172.595275879
0.033675488 0.059490591 -0.997660697 25.548860550 -0.042895947 0.997392952 0.058026705 -5.012802124 0.998511910 0.040841520 0.036139604 172.620697021
0.033526815 0.059965394 -0.997637272 24.656175613 -0.044097364 0.997315049 0.058464091 -4.984709740 0.998464465 0.042033061 0.036081120 172.642715454
0.034398835 0.059610676 -0.997628927 23.787887573 -0.046738651 0.997223258 0.057974882 -4.956887722 0.998314619 0.044633567 0.037089463 172.667221069
0.037128899 0.058859687 -0.997575521 22.935218811 -0.048579287 0.997189879 0.057028860 -4.925806522 0.998128951 0.046344101 0.039883941 172.694808960
0.041212272 0.057955161 -0.997468293 22.101222992 -0.049870670 0.997191310 0.055878580 -4.898243427 0.997905254 0.047441520 0.043986786 172.723526001
0.046953402 0.057220764 -0.997256815 21.279821396 -0.050820116 0.997201860 0.054824863 -4.870434284 0.997603655 0.048106499 0.049729977 172.757766724
0.053622779 0.056857161 -0.996941268 20.465869904 -0.053052198 0.997129858 0.054014381 -4.842475414 0.997151077 0.049993519 0.056485288 172.802124023
0.062484253 0.056779001 -0.996429622 19.666439056 -0.053829905 0.997119069 0.053442705 -4.819685459 0.996593237 0.050298382 0.065360665 172.851181030
0.073111072 0.056355324 -0.995730281 18.879655838 -0.054288834 0.997146785 0.052449360 -4.794641972 0.995845139 0.050222408 0.075961962 172.909164429
0.084688582 0.056029137 -0.994831026 18.094074249 -0.053897038 0.997213602 0.051575162 -4.768302917 0.994948864 0.049250610 0.087472424 172.972305298
0.096186638 0.054879162 -0.993849277 17.335016251 -0.051823057 0.997400880 0.050059736 -4.746615410 0.994013429 0.046689231 0.098780654 173.056671143
0.107481502 0.055192202 -0.992673934 16.560762405 -0.049864992 0.997500539 0.050061438 -4.721582890 0.992955923 0.044118997 0.109965011 173.141464233
0.118771829 0.056029733 -0.991339445 15.826120377 -0.048315555 0.997549951 0.050592087 -4.697648048 0.991745293 0.041888200 0.121187948 173.233947754
0.129524291 0.057330620 -0.989917517 15.096798897 -0.046689112 0.997572362 0.051664986 -4.674321175 0.990476370 0.039526496 0.131886572 173.335067749
0.139747888 0.057804577 -0.988498509 14.367491722 -0.044176310 0.997664571 0.052095205 -4.652720928 0.989201248 0.036388017 0.141975090 173.444198608
0.149888739 0.056940436 -0.987061799 13.663464546 -0.039388999 0.997891545 0.051583808 -4.636682034 0.987917900 0.031147551 0.151815549 173.553421021
0.158091366 0.056280784 -0.985819221 12.964627266 -0.036408026 0.998027682 0.051139180 -4.617525578 0.986753106 0.027807072 0.159828633 173.677185059
0.165156960 0.056086067 -0.984671235 12.277963638 -0.033704456 0.998119593 0.051198889 -4.591556072 0.985691249 0.024731958 0.166736752 173.796722412
0.169497848 0.055994995 -0.983938515 11.596094131 -0.029193789 0.998231769 0.051779352 -4.568255424 0.985098124 0.019948402 0.170832857 173.930755615
0.172138408 0.056646612 -0.983442724 10.936643600 -0.025064839 0.998273790 0.053113632 -4.551507950 0.984753847 0.015506942 0.173261121 174.042587280
0.172564030 0.056884933 -0.983354330 10.285230637 -0.021094039 0.998315454 0.054048710 -4.526685238 0.984772503 0.011416056 0.173473254 174.159515381
0.171637997 0.056749329 -0.983524263 9.656208038 -0.016595140 0.998364389 0.054709531 -4.512611389 0.985020339 0.006931490 0.172299027 174.267211914
0.168585241 0.056886509 -0.984044135 9.026220322 -0.014522186 0.998368204 0.055226643 -4.493659496 0.985580146 0.004980077 0.169136241 174.377868652
0.164935127 0.057437975 -0.984630466 8.421201706 -0.012051811 0.998345673 0.056219250 -4.470737457 0.986230791 0.002594049 0.165354505 174.478469849
0.160739720 0.057781734 -0.985304058 7.827268600 -0.009880312 0.998329043 0.056933723 -4.447375774 0.986947358 0.000583592 0.161042035 174.573669434
0.156301618 0.058863934 -0.985953808 7.260520935 -0.007529722 0.998264492 0.058405247 -4.427602291 0.987680614 -0.001704884 0.156473577 174.658554077
0.152366340 0.059919301 -0.986506045 6.705310822 -0.005604174 0.998196781 0.059763819 -4.411112309 0.988308132 -0.003577437 0.152427390 174.731063843
0.147652104 0.060022261 -0.987216413 6.178716660 -0.003638826 0.998182952 0.060144790 -4.384974480 0.989032626 -0.005288192 0.147602245 174.815307617
0.143071741 0.060006570 -0.987891614 5.673450470 -0.002481939 0.998178899 0.060272001 -4.367650509 0.989709139 -0.006171330 0.142960131 174.879684448
0.138280556 0.059988633 -0.988574684 5.186853409 -0.001833429 0.998177648 0.060314905 -4.352197170 0.990391374 -0.006527898 0.138138577 174.947250366
0.134404987 0.058626547 -0.989190757 4.731836319 -0.001371407 0.998258352 0.058977626 -4.338347435 0.990925550 -0.006570304 0.134251297 175.000885010
0.130319849 0.056142241 -0.989881217 4.292476654 -0.001660021 0.998406410 0.056407209 -4.324986458 0.991470635 -0.005707762 0.130205378 175.052444458
0.126052916 0.054002393 -0.990552604 3.868560791 -0.002292491 0.998530388 0.054145597 -4.306621075 0.992020786 -0.004554379 0.125991479 175.103378296
0.121585578 0.053272434 -0.991150379 3.484804153 -0.002414554 0.998571575 0.053375121 -4.299632549 0.992578089 -0.004096452 0.121540539 175.148910522
0.117950775 0.052222542 -0.991645396 3.127838135 -0.002035000 0.998626828 0.052348163 -4.286896706 0.993017435 -0.004156501 0.117895074 175.188858032
0.115116693 0.051237747 -0.992029667 2.789003372 -0.002555295 0.998680711 0.051284760 -4.274223804 0.993348837 -0.003368798 0.115095749 175.217041016
0.111855268 0.050463922 -0.992442369 2.476099014 -0.003298043 0.998723030 0.050411578 -4.266448975 0.993719101 -0.002365681 0.111878872 175.251953125
0.108941451 0.050712142 -0.992753804 2.189147949 -0.005141691 0.998713136 0.050452344 -4.263791561 0.994035006 -0.000391916 0.109062023 175.277328491
0.106789507 0.050547156 -0.992996037 1.920307159 -0.006392383 0.998721123 0.050151147 -4.254903793 0.994261205 0.000991998 0.106976062 175.295730591
0.104080230 0.050153751 -0.993303537 1.671283722 -0.006679037 0.998740375 0.049728435 -4.246684551 0.994546473 0.001458571 0.104284108 175.321029663
0.102243975 0.049358200 -0.993534148 1.440805435 -0.006686334 0.998779833 0.048930723 -4.242811203 0.994736969 0.001640234 0.102449253 175.336227417
0.100146957 0.047834694 -0.993822217 1.212501526 -0.006339557 0.998853981 0.047438070 -4.238984585 0.994952559 0.001549624 0.100335456 175.360458374
0.098100394 0.045352519 -0.994142652 0.994456291 -0.006667331 0.998968422 0.044914771 -4.230623245 0.995154381 0.002222119 0.098301582 175.379684448
0.096225992 0.044093937 -0.994382441 0.789035797 -0.006328782 0.999025166 0.043687385 -4.230659485 0.995339513 0.002089367 0.096411258 175.396621704
0.094570592 0.043507017 -0.994566977 0.600382805 -0.005558570 0.999052048 0.043174669 -4.220792770 0.995502651 0.001445309 0.094722785 175.410614014
0.092534564 0.042434752 -0.994804800 0.398879051 -0.004741003 0.999098957 0.042176928 -4.215788841 0.995698273 0.000813548 0.092652366 175.429718018
0.090452768 0.040801257 -0.995064557 0.194953918 -0.005464118 0.999165654 0.040472727 -4.213996410 0.995885789 0.001776279 0.090600252 175.441238403
0.088003069 0.039548978 -0.995334804 0.001330376 -0.006368754 0.999213338 0.039140008 -4.206937313 0.996099889 0.002894602 0.088185735 175.459259033
0.086061612 0.039771393 -0.995495677 -0.202993393 -0.005861615 0.999205709 0.039412882 -4.201723576 0.996272564 0.002443273 0.086226396 175.472351074
0.083902016 0.040382691 -0.995655417 -0.405359268 -0.004178057 0.999183953 0.040173735 -4.196014881 0.996465206 0.000789248 0.084002279 175.491226196
0.082300976 0.040821526 -0.995771110 -0.607852936 -0.002712331 0.999166191 0.040736537 -4.191364288 0.996603847 -0.000651796 0.082343094 175.503723145
0.080344073 0.041074637 -0.995920539 -0.801604271 -0.001793278 0.999154866 0.041063372 -4.184968948 0.996765614 -0.001513236 0.080349833 175.515945435
0.077919967 0.041459821 -0.996097207 -1.001781464 -0.001313295 0.999138236 0.041483678 -4.178586960 0.996958792 -0.001924242 0.077907287 175.527679443
0.075403303 0.042018589 -0.996267378 -1.195220947 -0.001418859 0.999115229 0.042031322 -4.175383568 0.997152150 -0.001755741 0.075396203 175.537933350
0.072767243 0.042823710 -0.996429145 -1.402274132 -0.003203559 0.999082565 0.042703811 -4.169141769 0.997343779 0.000084681 0.072837688 175.552001953
0.070081368 0.043026917 -0.996612847 -1.603750229 -0.006660765 0.999067247 0.042664498 -4.166687489 0.997519076 0.003648220 0.070302591 175.554031372
0.065807842 0.039068535 -0.997067153 -1.823679924 -0.010878471 0.999201894 0.038434196 -4.158996105 0.997773051 0.008317293 0.066180333 175.572204590
0.063332058 0.035127789 -0.997374117 -2.040146828 -0.012844594 0.999326229 0.034380935 -4.161118031 0.997909963 0.010633451 0.063740589 175.562164307
0.060262278 0.032622859 -0.997649372 -2.294914246 -0.013671676 0.999398887 0.031854253 -4.152134418 0.998088896 0.011719929 0.060672078 175.567657471
0.056640927 0.033012114 -0.997848690 -2.572780609 -0.014507582 0.999374807 0.032239120 -4.150840759 0.998289227 0.012650318 0.057084456 175.585983276
0.053591490 0.032241791 -0.998042285 -2.852177620 -0.014518966 0.999397993 0.031505983 -4.140214443 0.998457491 0.012802088 0.054027356 175.575454712
0.050340325 0.030730538 -0.998259246 -3.104763985 -0.013920689 0.999450982 0.030065231 -4.136269569 0.998635113 0.012382958 0.050740480 175.597503662
0.046654914 0.028795099 -0.998495996 -3.428938866 -0.013598554 0.999510050 0.028188949 -4.130061150 0.998818517 0.012262945 0.047023632 175.615493774
0.044150636 0.026192559 -0.998681426 -3.775295258 -0.015800074 0.999549448 0.025516823 -4.117561340 0.998899877 0.014652658 0.044544589 175.618591309
0.042306874 0.024403807 -0.998806596 -4.142652035 -0.019065948 0.999539256 0.023614127 -4.107557774 0.998922825 0.018044155 0.042752672 175.627441406
0.042607944 0.022783738 -0.998832047 -4.535235882 -0.022721885 0.999503374 0.021829791 -4.097499847 0.998833477 0.021765225 0.043104488 175.634567261
0.043723851 0.022596579 -0.998788059 -4.952725410 -0.025844289 0.999435127 0.021479836 -4.092165947 0.998709321 0.024873786 0.044283137 175.641799927
0.044701353 0.025069533 -0.998685777 -5.401546001 -0.027078019 0.999348104 0.023874145 -4.085341930 0.998633385 0.025975227 0.045351055 175.660171509
0.045816436 0.028942607 -0.998530507 -5.869208336 -0.026464602 0.999264479 0.027749585 -4.076084614 0.998599291 0.025154324 0.046548691 175.677871704
0.046823539 0.034222558 -0.998316765 -6.357386589 -0.027805949 0.999070287 0.032944229 -4.061528206 0.998516083 0.026216580 0.047731593 175.700286865
0.048495956 0.038434871 -0.998083651 -6.849936485 -0.030042896 0.998863339 0.037005149 -4.041125774 0.998371482 0.028190717 0.049595542 175.718734741
0.049139056 0.044092100 -0.997818291 -7.380862236 -0.029344911 0.998657525 0.042684063 -4.024613857 0.998360813 0.027183428 0.050366972 175.743255615
0.050048664 0.048767254 -0.997555494 -7.926019669 -0.021244612 0.998633146 0.047754072 -4.011405468 0.998520851 0.018802647 0.051016286 175.780075073
0.051121999 0.048334312 -0.997522116 -8.487629890 -0.011431338 0.998791039 0.047809955 -3.991700411 0.998627067 0.008958871 0.051612712 175.825759888
0.051479869 0.047428202 -0.997547150 -9.060258865 -0.005298105 0.998870552 0.047217704 -3.971941948 0.998659968 0.002854342 0.051672995 175.859344482
0.049430966 0.045009363 -0.997762918 -9.649833679 -0.007771372 0.998971105 0.044678863 -3.944503784 0.998747289 0.005545469 0.049729906 175.883636475
0.047777645 0.043414865 -0.997914076 -10.272928238 -0.010017964 0.999025524 0.042983584 -3.919242859 0.998807728 0.007943415 0.048166018 175.909255981
0.045798630 0.044159200 -0.997974157 -10.913766861 -0.005139662 0.999019563 0.043969598 -3.892739534 0.998937368 0.003115501 0.045980711 175.945526123
0.042956684 0.047506444 -0.997946858 -11.574609756 0.004766902 0.998847663 0.047754522 -3.868746758 0.999065459 -0.006808490 0.042680737 175.984680176
0.040600210 0.048763834 -0.997984886 -12.266742706 0.005729547 0.998780608 0.049035806 -3.839061022 0.999159098 -0.007708869 0.040271312 176.012039185
0.038288642 0.045459062 -0.998232186 -12.934063911 0.004596478 0.998946071 0.045667883 -3.817868233 0.999256313 -0.006336917 0.038039342 176.023971558
0.034679364 0.037498366 -0.998694777 -13.637537003 0.000357484 0.999295235 0.037533339 -3.800574541 0.999398530 -0.001658652 0.034641515 176.035736084
0.032348551 0.026012894 -0.999138117 -14.359092712 -0.001088339 0.999661624 0.025991289 -3.773714066 0.999476135 0.000246621 0.032365911 176.055358887
0.031779751 0.020953676 -0.999275327 -15.094142914 -0.003859753 0.999775290 0.020841412 -3.749089718 0.999487460 0.003194623 0.031853504 176.071853638
0.031213254 0.025785234 -0.999180138 -15.869102478 -0.001831864 0.999666989 0.025740575 -3.736572266 0.999511063 0.001026906 0.031250089 176.087127686
0.030348849 0.032538235 -0.999009669 -16.663063049 -0.000089383 0.999470055 0.032550521 -3.721334934 0.999539435 -0.000898587 0.030335667 176.109878540
0.029200096 0.037252054 -0.998879254 -17.460800171 0.001335760 0.999302924 0.037306909 -3.703592300 0.999572694 -0.002423631 0.029129984 176.130615234
0.027337603 0.034926262 -0.999015987 -18.278442383 -0.002569095 0.999388635 0.034868993 -3.686604738 0.999623001 0.001613337 0.027410641 176.147186279
0.025996517 0.030272545 -0.999203622 -19.103797913 -0.005023051 0.999532819 0.030151835 -3.663151979 0.999649405 0.004235206 0.026136449 176.163009644
0.025210738 0.027842056 -0.999294341 -19.963024139 -0.004784347 0.999603987 0.027729984 -3.645425558 0.999670684 0.004081883 0.025333969 176.176483154
0.024810113 0.029035984 -0.999270499 -20.833593369 -0.005350958 0.999567688 0.028911771 -3.621700525 0.999677837 0.004629753 0.024954777 176.191696167
0.023704713 0.033058919 -0.999172151 -21.724575043 -0.007009239 0.999433994 0.032901283 -3.604332685 0.999694407 0.006223524 0.023923030 176.215057373
0.022920551 0.036395244 -0.999074578 -22.622564316 -0.006981163 0.999318540 0.036243975 -3.583718538 0.999712944 0.006143970 0.023159025 176.232284546
0.022341086 0.038307656 -0.999016285 -23.528753281 -0.006722195 0.999248743 0.038166247 -3.556710243 0.999727845 0.005862913 0.022581816 176.247177124
0.021916425 0.040437080 -0.998941779 -24.449432373 -0.007417681 0.999160707 0.040283211 -3.533415318 0.999732435 0.006526969 0.022197973 176.267639160
0.022455921 0.041611172 -0.998881578 -25.381744385 -0.006589666 0.999117851 0.041472882 -3.510996342 0.999726117 0.005650986 0.022710303 176.279968262
0.023539767 0.039161101 -0.998955548 -26.310630798 -0.009254775 0.999198139 0.038952533 -3.482042313 0.999680042 0.008328171 0.023883320 176.292617798
0.025327377 0.036548134 -0.999010861 -27.261802673 -0.009830272 0.999292195 0.036309212 -3.454666138 0.999630868 0.008900930 0.025668733 176.313171387
0.026763191 0.036243230 -0.998984575 -28.225101471 -0.010465235 0.999297976 0.035974234 -3.429926872 0.999586999 0.009491828 0.027123719 176.331192017
0.028635252 0.038313948 -0.998855412 -29.202533722 -0.010137138 0.999224961 0.038037509 -3.402771711 0.999538541 0.009036329 0.029001461 176.356262207
0.030504851 0.040087435 -0.998730421 -30.196096420 -0.010839947 0.999149978 0.039773181 -3.377297401 0.999475718 0.009612912 0.030913487 176.378982544
0.032079518 0.040540747 -0.998662829 -31.188694000 -0.010042256 0.999139726 0.040237527 -3.350132465 0.999434710 0.008738029 0.032459054 176.410354614
0.033459906 0.040699136 -0.998610973 -32.196506500 -0.009142357 0.999141216 0.040414408 -3.322012424 0.999398172 0.007777395 0.033803262 176.443206787
0.034633644 0.040224329 -0.998590291 -33.214187622 -0.008258849 0.999167204 0.039961118 -3.297310114 0.999365926 0.006863212 0.034937024 176.471084595
0.035230342 0.039923143 -0.998581469 -34.224037170 -0.007443501 0.999184489 0.039684638 -3.269940853 0.999351501 0.006034839 0.035498779 176.504684448
0.035158094 0.038668483 -0.998633444 -35.253215790 -0.007425571 0.999233782 0.038430296 -3.241406918 0.999354124 0.006064288 0.035418283 176.542755127
0.034607120 0.039443620 -0.998622358 -36.269805908 -0.006930254 0.999206305 0.039226517 -3.218913078 0.999376953 0.005563193 0.034853011 176.568984985
0.033457879 0.040454391 -0.998621166 -37.305957794 -0.005962111 0.999170780 0.040276900 -3.193041563 0.999422312 0.004606310 0.033671338 176.609542847
0.032544818 0.041133847 -0.998623610 -38.349067688 -0.009156944 0.999123096 0.040856004 -3.164134026 0.999428332 0.007814686 0.032892954 176.633544922
0.031571351 0.039269354 -0.998729944 -39.390983582 -0.011038605 0.999180555 0.038938142 -3.141701460 0.999440551 0.009795249 0.031978983 176.656295776
0.030792892 0.037313618 -0.998829126 -40.442398071 -0.011152213 0.999253571 0.036985666 -3.113908768 0.999463618 0.010000256 0.031186040 176.687637329
0.030631501 0.038851898 -0.998775363 -41.479534149 -0.012566064 0.999180138 0.038482260 -3.087433338 0.999451816 0.011371901 0.031094611 176.701187134
0.030099861 0.041294042 -0.998693585 -42.534900665 -0.014867538 0.999054253 0.040860858 -3.061358213 0.999436378 0.013618208 0.030685313 176.728866577
0.029527280 0.042617567 -0.998655140 -43.592029572 -0.014447608 0.999004543 0.042205308 -3.033927917 0.999459684 0.013181970 0.030113595 176.759078979
0.030040655 0.042716809 -0.998635530 -44.648307800 -0.013015305 0.999018431 0.042341664 -3.002523899 0.999464035 0.011725578 0.030567136 176.786666870
0.030246902 0.044392444 -0.998556197 -45.727149963 -0.011797091 0.998959601 0.044053040 -2.977314711 0.999472976 0.010447589 0.030739129 176.818817139
0.030694714 0.045912720 -0.998473823 -46.786434174 -0.010589929 0.998903334 0.045606934 -2.949744225 0.999472737 0.009173873 0.031147262 176.842987061
0.030555816 0.046085328 -0.998470068 -47.846115112 -0.011551275 0.998886108 0.045751035 -2.916126490 0.999466240 0.010135644 0.031054126 176.868652344
0.030317619 0.045317926 -0.998512506 -48.908218384 -0.012451425 0.998911321 0.044957966 -2.891263485 0.999462783 0.011069882 0.030848891 176.896041870
0.030074814 0.044137403 -0.998572707 -49.970676422 -0.015042532 0.998931527 0.043700207 -2.859789133 0.999434471 0.013706788 0.030706612 176.924667358
0.030403661 0.041098319 -0.998692513 -51.030746460 -0.017047971 0.999030352 0.040593226 -2.833562136 0.999392331 0.015791500 0.031074816 176.945892334
0.030071087 0.039548229 -0.998765111 -52.098468781 -0.020633338 0.999028742 0.038937427 -2.801042318 0.999334872 0.019436970 0.030857891 176.969589233
0.029948609 0.044060122 -0.998579919 -53.173538208 -0.024309728 0.998764694 0.043339193 -2.774432898 0.999255836 0.022977263 0.030982701 176.988174438
0.029272396 0.051574953 -0.998240054 -54.243164062 -0.023738880 0.998422205 0.050888248 -2.739799738 0.999289691 0.022207482 0.030450542 177.016250610
0.028651893 0.058250804 -0.997890770 -55.327232361 -0.023182735 0.998070717 0.057595689 -2.703931808 0.999320626 0.021483604 0.029947028 177.048980713
0.028041629 0.057374582 -0.997958839 -56.395572662 -0.025685392 0.998063028 0.056658857 -2.659735441 0.999276817 0.024044154 0.029460983 177.074218750
0.027833940 0.051575527 -0.998281181 -57.450527191 -0.026819637 0.998346984 0.050831161 -2.624975204 0.999252796 0.025358701 0.029171173 177.096145630
0.028423183 0.044151783 -0.998620391 -58.519020081 -0.027230283 0.998687565 0.043379709 -2.594416618 0.999225020 0.025959728 0.029588124 177.120162964
0.029200204 0.038889237 -0.998816788 -59.579048157 -0.026431648 0.998923600 0.038120672 -2.563247919 0.999224067 0.025287244 0.030196665 177.147949219
0.029583434 0.040210892 -0.998753130 -60.643035889 -0.025558705 0.998894215 0.039459515 -2.539870739 0.999235570 0.024359489 0.030578448 177.179077148
0.029655052 0.040890690 -0.998723507 -61.714984894 -0.024900181 0.998883069 0.040157862 -2.514129639 0.999249995 0.023677511 0.030640103 177.206390381
0.030489882 0.042493075 -0.998631418 -62.791755676 -0.021813273 0.998886287 0.041837920 -2.482798815 0.999297142 0.020507783 0.031382822 177.238174438
0.030175876 0.042040564 -0.998660207 -63.861000061 -0.020892937 0.998923302 0.041420341 -2.453189850 0.999326348 0.019615041 0.031021725 177.265380859
0.030128410 0.041157581 -0.998698294 -64.929718018 -0.019080916 0.998993456 0.040594120 -2.425945759 0.999363840 0.017833045 0.030883403 177.295181274
0.029002354 0.038740262 -0.998828411 -65.984535217 -0.018084718 0.999105453 0.038225897 -2.403581858 0.999415755 0.016954893 0.029677026 177.320938110
0.027863355 0.038563918 -0.998867631 -67.064804077 -0.017371755 0.999123394 0.038089205 -2.382364035 0.999460816 0.016290788 0.028508853 177.352416992
0.027296208 0.040359117 -0.998812377 -68.143211365 -0.015784740 0.999077380 0.039938457 -2.355031967 0.999502778 0.014675830 0.027908079 177.375473022
0.026040485 0.044440363 -0.998672724 -69.213844299 -0.014000963 0.998929560 0.044086725 -2.327992201 0.999562860 0.012834337 0.026634812 177.403381348
0.025707878 0.048158232 -0.998508871 -70.283966064 -0.014465638 0.998752236 0.047797546 -2.299496412 0.999564886 0.013215289 0.026372455 177.421035767
0.025021644 0.045161184 -0.998666286 -71.350234985 -0.014358133 0.998892307 0.044811659 -2.269912958 0.999583840 0.013217730 0.025642360 177.441833496
0.023986049 0.040261146 -0.998901248 -72.419799805 -0.017069595 0.999059618 0.039857641 -2.240008831 0.999566555 0.016094813 0.024650738 177.459701538
0.023488941 0.037436854 -0.999022901 -73.487823486 -0.018442132 0.999144852 0.037007809 -2.215013504 0.999553978 0.017554842 0.024159268 177.477920532
0.023047797 0.038822748 -0.998980284 -74.581443787 -0.019116091 0.999080181 0.038385596 -2.191675901 0.999551654 0.018211903 0.023768730 177.498779297
0.022378620 0.043463789 -0.998804271 -75.674591064 -0.019318718 0.998886824 0.043034531 -2.159077168 0.999562979 0.018332571 0.023193372 177.522842407
0.022208832 0.046795398 -0.998657644 -76.769439697 -0.019369282 0.998736620 0.046368353 -2.126076698 0.999565780 0.018313495 0.023087183 177.537796021
0.021026893 0.046410494 -0.998701155 -77.835762024 -0.019155776 0.998757422 0.046009790 -2.104671717 0.999595284 0.018163458 0.021889813 177.560821533
0.020037703 0.043497406 -0.998852611 -78.923065186 -0.020930687 0.998852491 0.043077514 -2.069135904 0.999580085 0.020043500 0.020925157 177.578735352
0.018578669 0.042689413 -0.998915613 -80.000839233 -0.024278814 0.998812735 0.042233460 -2.041428328 0.999532521 0.023467848 0.019593067 177.582794189
0.016485421 0.042234261 -0.998971581 -81.084625244 -0.028068366 0.998733342 0.041760977 -2.015873671 0.999469995 0.027351061 0.017649993 177.594085693
0.015088676 0.042206429 -0.998994887 -82.170761108 -0.027748605 0.998741448 0.041776612 -1.980409145 0.999501050 0.027090359 0.016240884 177.603103638
0.011746995 0.039148856 -0.999164343 -83.261466980 -0.028895024 0.998829305 0.038796015 -1.957259655 0.999513507 0.028415140 0.012864456 177.606018066
0.007798196 0.039732277 -0.999179900 -84.346778870 -0.026983591 0.998854876 0.039508753 -1.927562475 0.999605596 0.026653364 0.008861387 177.620162964
0.005489139 0.038102228 -0.999258757 -85.433792114 -0.022161433 0.999033093 0.037971880 -1.903158426 0.999739468 0.021936573 0.006328223 177.624114990
0.003738686 0.034539048 -0.999396384 -86.525352478 -0.021800235 0.999168694 0.034449626 -1.876348257 0.999755442 0.021658277 0.004488561 177.621139526
