1.000000000 0.000000000 0.000000000 0.000000000 0.000000000 1.000000000 0.000000000 0.000000000 0.000000000 0.000000000 1.000000000 0.000000000
0.999997318 0.001039006 0.002066517 -0.009280416 -0.001036778 0.999998868 -0.001078757 -0.016977478 -0.002067636 0.001076611 0.999997258 1.205656886
0.999994576 0.000835172 0.003181220 -0.006959276 -0.000833307 0.999999464 -0.000587493 -0.039563794 -0.003181709 0.000584839 0.999994755 2.398658991
0.999990523 0.000238576 0.004350159 -0.008240189 -0.000237431 0.999999940 -0.000263826 -0.059129495 -0.004350223 0.000262791 0.999990523 3.593711376
0.999985874 -0.000064850 0.005319368 -0.006694576 0.000066852 0.999999940 -0.000376170 -0.078544132 -0.005319342 0.000376521 0.999985814 4.791103840
0.999981761 -0.000241801 0.006030335 -0.002095584 0.000242265 0.999999940 -0.000076240 -0.102984838 -0.006030316 0.000077699 0.999981821 5.990137577
0.999977469 0.000191537 0.006698544 0.002875071 -0.000184890 0.999999464 -0.000992843 -0.124783717 -0.006698730 0.000991582 0.999977052 7.190601349
0.999971747 -0.000053001 0.007515079 0.008452028 0.000061956 0.999999285 -0.001191481 -0.149115279 -0.007515011 0.001191913 0.999971032 8.377272606
0.999971390 -0.000409458 0.007556771 0.016033337 0.000407686 0.999999881 0.000236068 -0.170799032 -0.007556867 -0.000232980 0.999971390 9.576259613
0.999979556 -0.000987948 0.006321989 0.016058370 0.000978421 0.999998391 0.001509880 -0.196145922 -0.006323470 -0.001503663 0.999978840 10.770697594
0.999989331 -0.002318923 0.003988185 0.015490718 0.002315921 0.999997020 0.000757323 -0.212730870 -0.003989929 -0.000748078 0.999991775 11.973462105
0.999995828 -0.001933856 0.002119951 0.008353036 0.001933453 0.999998033 0.000192257 -0.229944095 -0.002120318 -0.000188158 0.999997735 13.169401169
0.999997795 -0.001941597 0.000667791 0.007277240 0.001941527 0.999998093 0.000105273 -0.251802474 -0.000667993 -0.000103976 0.999999762 14.365028381
0.999999762 -0.000630684 -0.000337819 0.009118628 0.000630634 0.999999762 -0.000145490 -0.271153301 0.000337911 0.000145277 0.999999940 15.563281059
0.999999285 -0.000870864 -0.000785194 0.001014353 0.000870757 0.999999523 -0.000136852 -0.290473223 0.000785312 0.000136168 0.999999702 16.764415741
0.999997199 -0.001668806 -0.001678787 -0.003147686 0.001669228 0.999998510 0.000250155 -0.308889329 0.001678367 -0.000252957 0.999998569 17.955707550
0.999996662 -0.001748070 -0.001910975 -0.008033013 0.001749785 0.999998093 0.000895657 -0.336996883 0.001909406 -0.000898998 0.999997795 19.153781891
0.999994397 -0.001559010 -0.002959299 -0.014813155 0.001559237 0.999998808 0.000074539 -0.359770507 0.002959179 -0.000079153 0.999995649 20.349981308
0.999994040 -0.001895644 -0.002854645 -0.031482726 0.001892950 0.999997735 -0.000945923 -0.381261647 0.002856432 0.000940514 0.999995470 21.554166794
0.999992788 -0.000962778 -0.003659609 -0.041095681 0.000961156 0.999999464 -0.000444981 -0.400146484 0.003660035 0.000441460 0.999993145 22.750711441
0.999990344 -0.001212871 -0.004221385 -0.056669917 0.001210382 0.999999046 -0.000592272 -0.424333870 0.004222100 0.000587157 0.999990880 23.942007065
0.999986231 -0.001225213 -0.005111379 -0.070171103 0.001219039 0.999998569 -0.001210960 -0.445743382 0.005112855 0.001204712 0.999986231 25.136121750
0.999980748 -0.000992090 -0.006125939 -0.082259454 0.000990009 0.999999464 -0.000342684 -0.472474307 0.006126277 0.000336613 0.999981165 26.336175919
0.999974608 -0.002482075 -0.006682173 -0.097319424 0.002489985 0.999996245 0.001175670 -0.489728868 0.006679229 -0.001192279 0.999976993 27.538471222
0.999966085 -0.002687225 -0.007788836 -0.106932625 0.002697719 0.999995470 0.001337135 -0.513081729 0.007785208 -0.001358101 0.999968708 28.732625961
0.999956727 -0.003381958 -0.008664680 -0.121852204 0.003387145 0.999994099 0.000584029 -0.533708096 0.008662654 -0.000613353 0.999962270 29.932926178
0.999947965 -0.003628962 -0.009527776 -0.132525608 0.003625196 0.999993265 -0.000412528 -0.553227007 0.009529207 0.000377966 0.999954522 31.124719620
0.999942958 -0.002910339 -0.010278997 -0.151395097 0.002907252 0.999995649 -0.000315169 -0.573442698 0.010279870 0.000285267 0.999947131 32.320350647
0.999933243 -0.003497269 -0.011006226 -0.165573671 0.003499183 0.999993801 0.000154616 -0.593849480 0.011005617 -0.000193118 0.999939442 33.521194458
0.999921560 -0.003763126 -0.011942581 -0.177504167 0.003764417 0.999992847 0.000085602 -0.613210499 0.011942175 -0.000130553 0.999928713 34.713024139
0.999915421 -0.004603306 -0.012163762 -0.204082564 0.004607305 0.999989450 0.000300850 -0.637296438 0.012162249 -0.000356867 0.999925911 35.918674469
0.999910951 -0.004505097 -0.012562471 -0.226702332 0.004508159 0.999989748 0.000215347 -0.656075001 0.012561372 -0.000271962 0.999921083 37.124382019
0.999905169 -0.005634898 -0.012566814 -0.245507136 0.005650450 0.999983311 0.001202372 -0.688731909 0.012559831 -0.001273267 0.999920309 38.304176331
0.999903917 -0.005352199 -0.012784204 -0.257597119 0.005382001 0.999982834 0.002297938 -0.702702403 0.012771687 -0.002366522 0.999915600 39.504547119
0.999908447 -0.004826265 -0.012642722 -0.280582368 0.004866646 0.999983072 0.003165176 -0.725328147 0.012627232 -0.003226413 0.999915063 40.713970184
0.999908209 -0.004202765 -0.012880772 -0.299187511 0.004236862 0.999987543 0.002620934 -0.742307186 0.012869596 -0.002675267 0.999913633 41.921543121
0.999920547 -0.002811635 -0.012285881 -0.326861620 0.002843606 0.999992609 0.002585623 -0.757426918 0.012278521 -0.002620354 0.999921143 43.114929199
0.999929070 -0.000659570 -0.011893669 -0.341676533 0.000714176 0.999989212 0.004587557 -0.778189540 0.011890516 -0.004595725 0.999918759 44.315799713
0.999948740 -0.000803818 -0.010091328 -0.364392877 0.000881084 0.999970317 0.007654555 -0.791738868 0.010084877 -0.007663054 0.999919832 45.523361206
0.999967277 -0.000636315 -0.008067707 -0.382414043 0.000718968 0.999947190 0.010246143 -0.800688088 0.008060763 -0.010251607 0.999915004 46.728416443
0.999975622 0.000177899 -0.006967582 -0.388224870 -0.000083235 0.999907732 0.013584159 -0.806796730 0.006969357 -0.013583249 0.999883473 47.930740356
0.999983132 -0.000795127 -0.005733130 -0.400604844 0.000879056 0.999892235 0.014651689 -0.810456455 0.005720862 -0.014656482 0.999876261 49.138172150
0.999989331 -0.001962123 -0.004182907 -0.403288662 0.002017824 0.999908745 0.013353610 -0.812974453 0.004156324 -0.013361909 0.999902070 50.347732544
0.999994338 -0.000730576 -0.003288278 -0.412943363 0.000769581 0.999929130 0.011876124 -0.820397913 0.003279368 -0.011878585 0.999924064 51.552097321
0.999997258 -0.000969559 -0.002136851 -0.424944401 0.000993577 0.999935985 0.011267452 -0.825896978 0.002125790 -0.011269542 0.999934256 52.749988556
0.999996901 -0.001215348 -0.002155426 -0.432621539 0.001238676 0.999940276 0.010854713 -0.832579851 0.002142105 -0.010857348 0.999938786 53.953685760
0.999993980 -0.002140240 -0.002737091 -0.442674756 0.002166453 0.999951482 0.009609946 -0.840569913 0.002716391 -0.009615819 0.999949992 55.157512665
0.999987066 -0.001958314 -0.004689852 -0.450860202 0.002006642 0.999944687 0.010322487 -0.848392308 0.004669378 -0.010331765 0.999935627 56.369430542
0.999980211 -0.002309072 -0.005844509 -0.463197351 0.002374555 0.999934137 0.011222122 -0.857556880 0.005818211 -0.011235778 0.999919951 57.565982819
0.999970853 -0.002904739 -0.007056326 -0.473412067 0.002988164 0.999925375 0.011841126 -0.868997037 0.007021404 -0.011861868 0.999905050 58.773727417
0.999966800 -0.001195543 -0.008060977 -0.487200022 0.001289355 0.999931395 0.011642560 -0.878488600 0.008046504 -0.011652567 0.999899745 59.967998505
0.999960780 -0.000857774 -0.008820026 -0.501882076 0.000957053 0.999936163 0.011258043 -0.882205784 0.008809806 -0.011266042 0.999897718 61.169857025
0.999959171 -0.002009276 -0.008823062 -0.517759144 0.002105988 0.999937594 0.010965709 -0.893270671 0.008800480 -0.010983842 0.999900937 62.371536255
0.999953568 -0.002947346 -0.009181782 -0.531650960 0.003041561 0.999942660 0.010264084 -0.903913200 0.009151004 -0.010291535 0.999905169 63.579692841
0.999948978 -0.003626181 -0.009426850 -0.545793176 0.003735184 0.999926090 0.011571263 -0.917872012 0.009384193 -0.011605886 0.999888599 64.768539429
0.999948680 -0.003494438 -0.009506292 -0.567058384 0.003617202 0.999909878 0.012927558 -0.920151055 0.009460261 -0.012961282 0.999871194 65.960334778
0.999946058 -0.003157234 -0.009896497 -0.583680451 0.003269811 0.999929905 0.011379925 -0.932613969 0.009859872 -0.011411670 0.999886274 67.165786743
0.999951959 -0.001492309 -0.009697979 -0.604328513 0.001592639 0.999945223 0.010345849 -0.941697955 0.009682010 -0.010360796 0.999899447 68.360801697
0.999951303 0.000626885 -0.009850278 -0.622654676 -0.000523184 0.999944448 0.010526803 -0.949987173 0.009856329 -0.010521141 0.999896049 69.558235168
0.999949753 0.002864426 -0.009599756 -0.642155230 -0.002760801 0.999937952 0.010790516 -0.958094239 0.009630069 -0.010763474 0.999895692 70.742828369
0.999946356 0.003944789 -0.009576944 -0.662244856 -0.003836677 0.999929011 0.011281001 -0.969462693 0.009620765 -0.011243653 0.999890506 71.948425293
0.999952197 0.004495674 -0.008684117 -0.678889632 -0.004389864 0.999916375 0.012165233 -0.975914419 0.008738082 -0.012126531 0.999888301 73.141220093
0.999957263 0.006251334 -0.006810479 -0.692500889 -0.006163048 0.999897718 0.012908125 -0.981480002 0.006890475 -0.012865599 0.999893486 74.337501526
0.999976039 0.005471759 -0.004233750 -0.696463764 -0.005425737 0.999926746 0.010806423 -0.994870305 0.004292571 -0.010783194 0.999932647 75.514465332
0.999993801 0.002779241 -0.002108507 -0.699977696 -0.002767296 0.999980152 0.005646994 -1.003520250 0.002124159 -0.005641124 0.999981821 76.690406799
0.999993205 0.003626645 0.000684449 -0.704225957 -0.003630299 0.999978721 0.005415225 -1.017428517 -0.000664795 -0.005417672 0.999985039 77.869132996
0.999992430 0.002327480 0.003116282 -0.701365113 -0.002356063 0.999954939 0.009200219 -1.031864643 -0.003094729 -0.009207492 0.999952734 79.050308228
0.999973118 0.002854711 0.006768233 -0.702595949 -0.002924324 0.999942720 0.010297641 -1.044133663 -0.006738449 -0.010317155 0.999924004 80.219413757
0.999933660 0.003168545 0.011071980 -0.698622346 -0.003261069 0.999959826 0.008348497 -1.052009344 -0.011045084 -0.008384053 0.999903858 81.386146545
0.999891281 0.001993965 0.014610381 -0.686896920 -0.002075819 0.999982238 0.005589461 -1.068717837 -0.014598976 -0.005619183 0.999877632 82.548660278
0.999841630 0.000524441 0.017784046 -0.667420149 -0.000560873 0.999997735 0.002043617 -1.083576202 -0.017782934 -0.002053268 0.999839723 83.712211609
0.999775469 0.000189738 0.021187961 -0.645610213 -0.000213158 0.999999344 0.001103073 -1.100661278 -0.021187739 -0.001107342 0.999774933 84.866477966
0.999692261 -0.000173129 0.024805158 -0.620005608 0.000095431 0.999995112 0.003133491 -1.125919700 -0.024805574 -0.003130159 0.999687493 86.043128967
0.999583721 0.001110172 0.028828479 -0.601839066 -0.001220605 0.999992013 0.003813370 -1.148085117 -0.028824016 -0.003846970 0.999577045 87.207267761
0.999473453 0.000669239 0.032439992 -0.564417124 -0.000715229 0.999998748 0.001406100 -1.163175225 -0.032439012 -0.001428562 0.999472678 88.355850220
0.999372125 0.000479661 0.035426039 -0.524146318 -0.000453579 0.999999642 -0.000744260 -1.183179140 -0.035426386 0.000727724 0.999372005 89.502822876
0.999249995 0.000348112 0.038724814 -0.481208324 -0.000304405 0.999999285 -0.001134530 -1.204615593 -0.038725175 0.001121891 0.999249399 90.662826538
0.999136448 -0.001041400 0.041536082 -0.435681105 0.001045328 0.999999404 -0.000072828 -1.224019766 -0.041535996 0.000116184 0.999136925 91.821617126
0.999016821 -0.001518508 0.044306666 -0.389292240 0.001453065 0.999997795 0.001509206 -1.243331313 -0.044308856 -0.001443341 0.999016821 92.979751587
0.998884916 -0.002389292 0.047150336 -0.339899540 0.002238477 0.999992192 0.003251129 -1.260925770 -0.047157731 -0.003141959 0.998882532 94.145271301
0.998769045 -0.003939817 0.049445357 -0.284370422 0.003732565 0.999983847 0.004283160 -1.278171659 -0.049461436 -0.004093330 0.998767674 95.299758911
0.998656869 -0.005096883 0.051559668 -0.226778507 0.005003513 0.999985635 0.001939829 -1.293751001 -0.051568817 -0.001679244 0.998668015 96.454162598
0.998506963 -0.006243112 0.054265890 -0.171336651 0.006336124 0.999978721 -0.001542112 -1.313253760 -0.054255113 0.001883646 0.998525321 97.623367310
0.998420596 -0.005539393 0.055906616 -0.110726833 0.005789898 0.999973953 -0.004319794 -1.331721187 -0.055881228 0.004636664 0.998426616 98.780036926
0.998313546 -0.005363803 0.057803925 -0.049325943 0.005670898 0.999970675 -0.005149960 -1.354532242 -0.057774603 0.005469076 0.998314619 99.956359863
0.998301029 -0.005184676 0.058036476 0.017799377 0.005459768 0.999974608 -0.004582408 -1.374679923 -0.058011245 0.004891489 0.998303890 101.138336182
0.998340666 -0.005073583 0.057359982 0.078338623 0.005224675 0.999983191 -0.002484437 -1.403198242 -0.057346426 0.002780002 0.998350441 102.308906555
0.998419940 -0.005383695 0.055935510 0.140824795 0.005460631 0.999984324 -0.001222687 -1.419278145 -0.055928059 0.001526198 0.998433650 103.512969971
0.998524308 -0.005552318 0.054022003 0.196432114 0.005582471 0.999984324 -0.000407272 -1.441209912 -0.054018896 0.000708247 0.998539686 104.687316895
0.998666704 -0.005315776 0.051347382 0.254221439 0.005322239 0.999985754 0.000010860 -1.457499743 -0.051346716 0.000262437 0.998680830 105.890357971
0.998799443 -0.004608161 0.048769522 0.302096367 0.004614596 0.999989331 -0.000019334 -1.474954128 -0.048768912 0.000244362 0.998810053 107.098876953
0.998986304 -0.002975183 0.044915799 0.342179298 0.003005040 0.999995232 -0.000597212 -1.488655925 -0.044913806 0.000731580 0.998990536 108.288528442
0.999166250 -0.003187297 0.040700700 0.399687767 0.003198356 0.999994874 -0.000206603 -1.511788726 -0.040699828 0.000336606 0.999171376 109.506462097
0.999331892 -0.002723623 0.036447085 0.446546555 0.002693677 0.999996006 0.000870715 -1.529757619 -0.036449313 -0.000771957 0.999335170 110.735404968
0.999472976 -0.002323560 0.032375108 0.470966339 0.002264297 0.999995708 0.001867047 -1.553693533 -0.032379311 -0.001792756 0.999474049 111.926887512
0.999610245 -0.002277251 0.027820986 0.501175404 0.002211721 0.999994695 0.002385958 -1.569923520 -0.027826268 -0.002323496 0.999610007 113.144599915
0.999740779 -0.001758386 0.022702117 0.527163744 0.001701758 0.999995410 0.002513496 -1.585421801 -0.022706430 -0.002474210 0.999739110 114.361785889
0.999839425 -0.000851778 0.017898438 0.541493177 0.000808132 0.999996662 0.002445627 -1.605505109 -0.017900465 -0.002430771 0.999836743 115.586608887
0.999912381 -0.000705969 0.013215316 0.547023594 0.000674470 0.999996901 0.002387815 -1.620052218 -0.013216961 -0.002378692 0.999909759 116.804992676
0.999966204 0.000725870 0.008187308 0.554359496 -0.000737491 0.999998689 0.001416547 -1.639505982 -0.008186270 -0.001422537 0.999965489 118.035949707
0.999986053 0.002504323 0.004643499 0.552454710 -0.002510576 0.999995887 0.001341293 -1.657359838 -0.004640121 -0.001352933 0.999988317 119.265251160
0.999986827 0.004477818 0.002491843 0.546861887 -0.004481359 0.999988973 0.001417056 -1.675494194 -0.002485470 -0.001428205 0.999995887 120.509407043
0.999982238 0.005741599 0.001613240 0.538088202 -0.005743456 0.999982834 0.001149074 -1.696349502 -0.001606615 -0.001158319 0.999998033 121.748535156
0.999968767 0.007891412 0.000392152 0.533104360 -0.007891957 0.999967873 0.001411174 -1.711379647 -0.000381004 -0.001414225 0.999998868 122.993156433
0.999958217 0.009128186 -0.000443274 0.520648658 -0.009127193 0.999955952 0.002192782 -1.728647113 0.000463271 -0.002188644 0.999997497 124.238716125
0.999958754 0.009031408 -0.001011548 0.508937001 -0.009028800 0.999956012 0.002554394 -1.744182110 0.001034573 -0.002545155 0.999996185 125.487327576
0.999915838 0.012849105 -0.001777689 0.499685198 -0.012840685 0.999906659 0.004669058 -1.763246059 0.001837517 -0.004645839 0.999987543 126.741744995
0.999901772 0.013815149 -0.002323385 0.485139370 -0.013796043 0.999872446 0.008046942 -1.776504755 0.002434259 -0.008014099 0.999964952 127.991912842
0.999915183 0.012607951 -0.003252196 0.479579628 -0.012583013 0.999892175 0.007578097 -1.789599180 0.003347390 -0.007536532 0.999965966 129.258255005
0.999917328 0.012369784 -0.003518615 0.465375900 -0.012348411 0.999905586 0.006032450 -1.799030304 0.003592902 -0.005988501 0.999975622 130.500411987
0.999944627 0.009565508 -0.004401834 0.458538353 -0.009535927 0.999932110 0.006692520 -1.803175092 0.004465552 -0.006650173 0.999967933 131.757614136
0.999958038 0.007580832 -0.005144481 0.445613801 -0.007534941 0.999932230 0.008881764 -1.819375038 0.005211462 -0.008842628 0.999947369 133.017547607
0.999975681 0.004292828 -0.005495299 0.441689134 -0.004233908 0.999933839 0.010688992 -1.826498866 0.005540822 -0.010665465 0.999927759 134.284988403
0.999978840 0.002090537 -0.006168283 0.434693038 -0.002017960 0.999928892 0.011749006 -1.833873987 0.006192406 -0.011736309 0.999911964 135.550445557
0.999982595 -0.001970534 -0.005549079 0.422683477 0.002026185 0.999947548 0.010041201 -1.843006492 0.005529000 -0.010052271 0.999934137 136.822677612
0.999974906 -0.004500879 -0.005480123 0.412036896 0.004549206 0.999950647 0.008838145 -1.848048568 0.005440073 -0.008862852 0.999945939 138.094039917
0.999965668 -0.006096483 -0.005611519 0.408161879 0.006145512 0.999942660 0.008761742 -1.859674096 0.005557783 -0.008795927 0.999945819 139.374435425
0.999967575 -0.006156520 -0.005188808 0.395391345 0.006202775 0.999940753 0.008945853 -1.866181731 0.005133425 -0.008977748 0.999946535 140.654006958
0.999975204 -0.005510904 -0.004380986 0.382308483 0.005559066 0.999923348 0.011058507 -1.878772497 0.004319706 -0.011082587 0.999929249 141.909286499
0.999988377 -0.003139418 -0.003665926 0.367929041 0.003185230 0.999916017 0.012558496 -1.884225130 0.003626192 -0.012570026 0.999914348 143.190734863
0.999988496 -0.003776032 -0.002960771 0.356974006 0.003808718 0.999930978 0.011112751 -1.902453899 0.002918605 -0.011123898 0.999933839 144.466842651
0.999991655 -0.003243524 -0.002464098 0.343417943 0.003266722 0.999949813 0.009469206 -1.911806345 0.002433261 -0.009477176 0.999952137 145.738876343
0.999992549 -0.003173958 -0.002242925 0.344404995 0.003189482 0.999970734 0.006951794 -1.924785376 0.002220795 -0.006958896 0.999973238 147.017135620
0.999986827 -0.004665292 -0.002151480 0.341646612 0.004670657 0.999985993 0.002495215 -1.934816718 0.002139809 -0.002505232 0.999994516 148.296005249
0.999990106 -0.004310686 -0.001090882 0.327111065 0.004309844 0.999990404 -0.000773451 -1.958470464 0.001094206 0.000768742 0.999999046 149.562088013
0.999987781 -0.004820246 -0.001079159 0.320693612 0.004818619 0.999987245 -0.001505382 -1.981721997 0.001086402 0.001500163 0.999998271 150.833847046
0.999987602 -0.004828868 -0.001216127 0.319700569 0.004827137 0.999987304 -0.001422937 -2.005563974 0.001222983 0.001417049 0.999998212 152.103149414
0.999989986 -0.004188980 -0.001572677 0.314053476 0.004187474 0.999990761 -0.000959848 -2.028630733 0.001576683 0.000953252 0.999998331 153.365112305
0.999993205 -0.003421237 -0.001442488 0.304147094 0.003421244 0.999994099 0.000001844 -2.052882433 0.001442473 -0.000006779 0.999998987 154.630111694
0.999993026 -0.003086942 -0.002106306 0.297002077 0.003088232 0.999994993 0.000609296 -2.074531078 0.002104414 -0.000615797 0.999997616 155.901687622
0.999993026 -0.002893321 -0.002365150 0.285585970 0.002893839 0.999995768 0.000215508 -2.095245361 0.002364517 -0.000222351 0.999997199 157.160675049
0.999992371 -0.002449202 -0.003042354 0.271050006 0.002450606 0.999996901 0.000457771 -2.115155458 0.003041223 -0.000465223 0.999995232 158.426803589
0.999988258 -0.003013736 -0.003778169 0.268124759 0.003020301 0.999993920 0.001732954 -2.143962860 0.003772923 -0.001744345 0.999991357 159.706008911
0.999991059 -0.001957407 -0.003732766 0.242890060 0.001965454 0.999995708 0.002153479 -2.164349556 0.003728535 -0.002160796 0.999990702 160.958374023
0.999986351 -0.001500826 -0.005029669 0.246230483 0.001504672 0.999998569 0.000760702 -2.180264711 0.005028521 -0.000768260 0.999987066 162.231552124
0.999982476 -0.001363672 -0.005775315 0.233748078 0.001362453 0.999999046 -0.000214930 -2.204916954 0.005775603 0.000207058 0.999983311 163.495407104
0.999980628 -0.000108837 -0.006218981 0.212231636 0.000109325 0.999999940 0.000078143 -2.233373642 0.006218972 -0.000078821 0.999980628 164.763763428
0.999976575 -0.000302073 -0.006845609 0.193498611 0.000296997 0.999999702 -0.000742474 -2.254961729 0.006845830 0.000740424 0.999976337 166.039306641
0.999971330 -0.000092903 -0.007572230 0.179122448 0.000076853 0.999997675 -0.002119896 -2.271637201 0.007572410 0.002119252 0.999969065 167.298248291
0.999966204 0.000242224 -0.008227094 0.161913514 -0.000259283 0.999997795 -0.002072624 -2.290843725 0.008226574 0.002074686 0.999963939 168.574569702
0.999959409 0.000678829 -0.008977310 0.145207167 -0.000682594 0.999999702 -0.000416348 -2.320014000 0.008977024 0.000422459 0.999959588 169.841156006
0.999948740 -0.000090145 -0.010123853 0.132657766 0.000089662 1.000000000 -0.000048204 -2.342095613 0.010123858 0.000047294 0.999948740 171.109024048
0.999943972 0.000864448 -0.010563090 0.113545299 -0.000863087 0.999999642 0.000133447 -2.364684582 0.010563201 -0.000124322 0.999944150 172.371505737
0.999932706 0.001220757 -0.011546815 0.092909813 -0.001212976 0.999999046 0.000680880 -2.389103174 0.011547635 -0.000666828 0.999933064 173.642227173
0.999926925 0.001464599 -0.012003209 0.070166349 -0.001465970 0.999998987 -0.000105353 -2.415633440 0.012003043 0.000122941 0.999927938 174.901229858
0.999920249 0.002659737 -0.012346268 0.043847799 -0.002666865 0.999996305 -0.000560856 -2.438645601 0.012344728 0.000593737 0.999923646 176.178207397
0.999917388 0.002148314 -0.012676118 0.020132780 -0.002154343 0.999997616 -0.000462017 -2.458467007 0.012675097 0.000489287 0.999919593 177.451934814
0.999916732 0.001978327 -0.012749976 -0.002264023 -0.001995841 0.999997079 -0.001361053 -2.485282183 0.012747246 0.001386387 0.999917805 178.705566406
0.999919474 0.000885388 -0.012657777 -0.029309273 -0.000925012 0.999994695 -0.003124855 -2.505072117 0.012654941 0.003136311 0.999915004 179.971542358
0.999910116 -0.002158295 -0.013234613 -0.035094261 0.002120145 0.999993563 -0.002895958 -2.533453703 0.013240778 0.002867639 0.999908149 181.241973877
0.999896228 -0.001906719 -0.014278191 -0.051570892 0.001917892 0.999997854 0.000768919 -2.556463003 0.014276692 -0.000796223 0.999897718 182.509765625
0.999903142 -0.002777064 -0.013636575 -0.079625368 0.002850062 0.999981701 0.005336588 -2.580242395 0.013621505 -0.005374936 0.999892771 183.767379761
0.999899685 -0.001740945 -0.014057997 -0.099377155 0.001806982 0.999987364 0.004686167 -2.596498489 0.014049659 -0.004711099 0.999890208 185.025634766
0.999909461 -0.000002330 -0.013450384 -0.126610041 0.000022323 0.999998868 0.001486239 -2.615264654 0.013450366 -0.001486405 0.999908388 186.255249023
0.999907970 0.000450795 -0.013553817 -0.150100708 -0.000457020 0.999999702 -0.000456177 -2.634875059 0.013553609 0.000462330 0.999908030 187.501831055
0.999899626 -0.000160495 -0.014168702 -0.171765804 0.000161305 1.000000000 0.000056040 -2.662312508 0.014168694 -0.000058319 0.999899566 188.750671387
0.999903142 0.000007647 -0.013918363 -0.197339773 0.000003735 0.999999642 0.000817695 -2.679738283 0.013918365 -0.000817668 0.999902844 189.993743896
0.999902725 -0.000291547 -0.013946442 -0.215563059 0.000337365 0.999994576 0.003283025 -2.703007460 0.013945411 -0.003287411 0.999897361 191.246490479
0.999908566 -0.001196490 -0.013471118 -0.236168146 0.001257303 0.999989152 0.004506775 -2.728315353 0.013465578 -0.004523301 0.999899149 192.495117188
0.999928117 -0.000939419 -0.011946678 -0.254532814 0.000982316 0.999993026 0.003585333 -2.743147850 0.011943229 -0.003596812 0.999922216 193.733673096
0.999945343 -0.002262865 -0.010204395 -0.278703690 0.002286240 0.999994695 0.002279608 -2.764261723 0.010199184 -0.002302813 0.999945402 194.967041016
0.999953389 -0.002099985 -0.009423546 -0.283932567 0.002106205 0.999997556 0.000650189 -2.785820246 0.009422159 -0.000670007 0.999955356 196.187652588
0.999961257 -0.002930771 -0.008310087 -0.294619679 0.002933492 0.999995649 0.000315258 -2.808769703 0.008309128 -0.000339623 0.999965429 197.405914307
0.999975622 -0.002419044 -0.006543467 -0.315282226 0.002424167 0.999996781 0.000775032 -2.829754591 0.006541571 -0.000790876 0.999978244 198.632446289
0.999980450 -0.002898565 -0.005539371 -0.321628094 0.002912344 0.999992728 0.002480924 -2.851604700 0.005532139 -0.002497008 0.999981582 199.851730347
0.999989152 -0.002124560 -0.004126714 -0.338547051 0.002137010 0.999993145 0.003014855 -2.876022816 0.004120280 -0.003023641 0.999986947 201.056884766
0.999994218 -0.001966077 -0.002767363 -0.353912532 0.001974807 0.999993086 0.003155193 -2.893460751 0.002761140 -0.003160640 0.999991179 202.267425537
0.999994695 -0.002352589 -0.002252216 -0.352845728 0.002359794 0.999992073 0.003201823 -2.914146900 0.002244665 -0.003207121 0.999992311 203.478988647
0.999997437 -0.002075498 -0.000923554 -0.360389799 0.002078591 0.999992192 0.003360470 -2.932243824 0.000916572 -0.003362381 0.999993920 204.657379150
0.999998569 -0.001706964 -0.000218467 -0.366669238 0.001707697 0.999992728 0.003401858 -2.952104807 0.000212658 -0.003402225 0.999994278 205.856033325
0.999997258 -0.002195219 0.000821707 -0.377700031 0.002192230 0.999991059 0.003620881 -2.975363970 -0.000829648 -0.003619070 0.999993086 207.027664185
0.999995470 -0.002762928 0.001186787 -0.376867533 0.002758993 0.999990761 0.003304243 -2.990081787 -0.001195905 -0.003300953 0.999993861 208.181442261
0.999995232 -0.002648250 0.001510373 -0.386180490 0.002641431 0.999986410 0.004498295 -3.015061140 -0.001522265 -0.004494284 0.999988675 209.333404541
0.999993920 -0.003277092 0.001210173 -0.387102813 0.003270713 0.999980927 0.005235648 -3.030456066 -0.001227308 -0.005231657 0.999985576 210.462509155
0.999994636 -0.003177291 0.000871505 -0.395841420 0.003172729 0.999981463 0.005187528 -3.050195456 -0.000887971 -0.005184734 0.999986172 211.575317383
0.999996662 -0.002565319 0.000337836 -0.401110172 0.002563860 0.999987602 0.004252366 -3.071482182 -0.000348740 -0.004251487 0.999990880 212.691482544
0.999997497 -0.002224721 -0.000321093 -0.404719621 0.002225744 0.999992311 0.003218998 -3.086280823 0.000313929 -0.003219706 0.999994755 213.775848389
0.999996603 -0.002480950 -0.000765414 -0.414566517 0.002483520 0.999991238 0.003376830 -3.108539820 0.000757029 -0.003378720 0.999993980 214.849212646
0.999993920 -0.002953780 -0.001840396 -0.424752414 0.002959938 0.999989986 0.003352376 -3.127084017 0.001830475 -0.003357803 0.999992728 215.912643433
0.999987066 -0.003528308 -0.003669318 -0.429135382 0.003543189 0.999985456 0.004056869 -3.144155979 0.003654951 -0.004069816 0.999985039 216.964965820
0.999973416 -0.004312022 -0.005878404 -0.441042900 0.004345587 0.999974310 0.005709145 -3.162447929 0.005853635 -0.005734538 0.999966443 218.005020142
0.999962866 -0.004162718 -0.007554304 -0.459400654 0.004216704 0.999965608 0.007144633 -3.177273273 0.007524303 -0.007176221 0.999945998 219.036468506
0.999941051 -0.003893362 -0.010146571 -0.468621135 0.003971233 0.999962747 0.007665725 -3.198238134 0.010116348 -0.007705566 0.999919057 220.033096313
0.999912202 -0.003765240 -0.012704961 -0.487281084 0.003854728 0.999967873 0.007026372 -3.208411932 0.012678096 -0.007074730 0.999894559 221.026855469
0.999872446 -0.003579554 -0.015564998 -0.509611845 0.003690557 0.999967933 0.007108731 -3.223381042 0.015539052 -0.007165268 0.999853551 222.008987427
0.999819934 -0.003083773 -0.018722497 -0.526903391 0.003228637 0.999965072 0.007712108 -3.241089821 0.018698063 -0.007771167 0.999794960 222.948211670
0.999761403 -0.002834619 -0.021656770 -0.553379059 0.003002300 0.999965787 0.007714074 -3.259188890 0.021634160 -0.007777254 0.999735713 223.873794556
0.999700129 -0.002530569 -0.024352286 -0.585942745 0.002694402 0.999973953 0.006697175 -3.266855717 0.024334703 -0.006760781 0.999680936 224.783630371
0.999622703 -0.002745696 -0.027327087 -0.618776321 0.002908528 0.999978304 0.005920650 -3.280007839 0.027310235 -0.005997898 0.999608934 225.658874512
0.999521375 -0.001911398 -0.030876905 -0.641055107 0.002102420 0.999978781 0.006155289 -3.301917076 0.030864485 -0.006217259 0.999504209 226.514297485
0.999441862 -0.001361736 -0.033376824 -0.681515217 0.001546073 0.999983668 0.005497722 -3.315461397 0.033368792 -0.005546256 0.999427736 227.345336914
0.999347091 -0.000030106 -0.036128700 -0.716208458 0.000223739 0.999985576 0.005355511 -3.329434872 0.036128022 -0.005360098 0.999332726 228.162689209
0.999324381 0.000915538 -0.036739849 -0.750380993 -0.000705260 0.999983311 0.005735973 -3.340376616 0.036744479 -0.005706186 0.999308407 228.962738037
0.999314427 0.001086918 -0.037006360 -0.778762341 -0.000831332 0.999975681 0.006921241 -3.356104612 0.037012976 -0.006885731 0.999291062 229.744537354
0.999337256 0.000932022 -0.036387682 -0.812215328 -0.000656747 0.999971151 0.007576290 -3.368432045 0.036393691 -0.007547372 0.999309003 230.506439209
0.999347150 0.000599794 -0.036123473 -0.841013432 -0.000334925 0.999972999 0.007337940 -3.383340597 0.036126908 -0.007321050 0.999320388 231.248245239
0.999364138 0.001318903 -0.035631120 -0.873692513 -0.001126903 0.999984741 0.005408081 -3.395253181 0.035637710 -0.005364489 0.999350369 231.983108521
0.999395967 0.001156797 -0.034733236 -0.899453163 -0.001043728 0.999994159 0.003273320 -3.406224251 0.034736820 -0.003235090 0.999391258 232.713531494
0.999447942 0.001169692 -0.033202115 -0.931437016 -0.001103371 0.999997437 0.002015745 -3.421069622 0.033204392 -0.001977998 0.999446571 233.438232422
0.999482036 0.002446211 -0.032088872 -0.957270622 -0.002400172 0.999996006 0.001473199 -3.429829836 0.032092348 -0.001395417 0.999483943 234.169052124
0.999542415 0.002001121 -0.030181661 -0.981675148 -0.001960604 0.999997139 0.001371966 -3.442362309 0.030184325 -0.001312164 0.999543488 234.889205933
0.999600112 0.001696421 -0.028227499 -1.007074356 -0.001654264 0.999997437 0.001516750 -3.458709240 0.028229998 -0.001469447 0.999600410 235.596054077
0.999645889 0.001966037 -0.026537703 -1.027772427 -0.001939103 0.999997556 0.001040642 -3.467942953 0.026539691 -0.000988814 0.999647200 236.321075439
0.999687254 0.001615483 -0.024953714 -1.039570332 -0.001595919 0.999998331 0.000803899 -3.480950117 0.024954975 -0.000763823 0.999688268 237.026306152
0.999767900 0.001595040 -0.021487480 -1.069396496 -0.001566753 0.999997795 0.001333238 -3.493825674 0.021489564 -0.001299263 0.999768198 237.736938477
0.999825954 0.000465255 -0.018653687 -1.075937748 -0.000426260 0.999997675 0.002094434 -3.507163525 0.018654618 -0.002086118 0.999823868 238.442474365
0.999879062 -0.000273126 -0.015544934 -1.089358807 0.000304254 0.999997914 0.002000130 -3.515693665 0.015544357 -0.002004618 0.999877095 239.137512207
0.999919891 -0.000648616 -0.012633929 -1.097716451 0.000677063 0.999997199 0.002247484 -3.529680967 0.012632438 -0.002255858 0.999917686 239.835266113
0.999955773 -0.000978764 -0.009347348 -1.108956933 0.000996552 0.999997735 0.001898537 -3.540774107 0.009345470 -0.001907768 0.999954522 240.522109985
0.999980390 -0.001039270 -0.006176998 -1.115229845 0.001051283 0.999997556 0.001941780 -3.556196928 0.006174966 -0.001948236 0.999979019 241.215652466
0.999994159 -0.000036072 -0.003428986 -1.117623568 0.000038835 0.999999702 0.000805702 -3.563965321 0.003428956 -0.000805831 0.999993801 241.907852173
0.999999940 0.000310012 -0.000338876 -1.121037126 -0.000309823 0.999999821 0.000556579 -3.577445984 0.000339049 -0.000556474 0.999999762 242.595733643
0.999996603 0.000563541 0.002552727 -1.122306824 -0.000566915 0.999998987 0.001321050 -3.588798046 -0.002551980 -0.001322492 0.999995887 243.303314209
0.999988317 0.000769412 0.004760709 -1.119754791 -0.000779108 0.999997675 0.002035189 -3.599518299 -0.004759131 -0.002038874 0.999986649 244.007186890
0.999973178 0.000707179 0.007286150 -1.118293643 -0.000719229 0.999998450 0.001651325 -3.609766245 -0.007284970 -0.001656521 0.999972165 244.713684082
0.999954045 0.000522096 0.009588192 -1.112612963 -0.000522450 0.999999881 0.000034403 -3.620883703 -0.009588173 -0.000039410 0.999953985 245.422378540
0.999932766 0.000692885 0.011580931 -1.109633207 -0.000664448 0.999996722 -0.002459190 -3.630552530 -0.011582598 0.002451329 0.999929965 246.130126953
0.999922037 -0.000456481 0.012488054 -1.099314928 0.000509825 0.999990761 -0.004268738 -3.640618801 -0.012485992 0.004274771 0.999912977 246.849578857
0.999925017 -0.001091871 0.012199432 -1.085817099 0.001141373 0.999991119 -0.004051466 -3.658949375 -0.012194901 0.004065086 0.999917328 247.576370239
0.999924302 -0.002373364 0.012080817 -1.076570988 0.002429505 0.999986231 -0.004634595 -3.672990799 -0.012069653 0.004663595 0.999916255 248.304611206
0.999924362 -0.000294959 0.012295023 -1.071321726 0.000355541 0.999987900 -0.004925502 -3.686576366 -0.012293420 0.004929501 0.999912262 249.033645630
0.999920011 0.000176994 0.012644487 -1.066993713 -0.000109413 0.999985695 -0.005345170 -3.701093435 -0.012645253 0.005343361 0.999905705 249.767791748
0.999916911 -0.001057544 0.012844017 -1.057748795 0.001150806 0.999972939 -0.007255913 -3.715307236 -0.012835999 0.007270092 0.999891162 250.519790649
0.999897778 -0.004702362 0.013499946 -1.049783230 0.004828717 0.999944687 -0.009342404 -3.733276844 -0.013455269 0.009406637 0.999865174 251.268692017
0.999873281 -0.007957509 0.013782376 -1.035115957 0.008099725 0.999914229 -0.010293898 -3.746524334 -0.013699279 0.010404228 0.999852002 252.034179688
0.999881566 -0.005502215 0.014367312 -1.029306650 0.005596901 0.999962926 -0.006558519 -3.757664680 -0.014330691 0.006638156 0.999875247 252.808959961
0.999888718 -0.001728751 0.014815819 -1.023039818 0.001733747 0.999998450 -0.000324375 -3.769813299 -0.014815235 0.000350026 0.999890208 253.600128174
0.999876022 -0.002530930 0.015539521 -1.011589766 0.002479891 0.999991417 0.003302863 -3.785685062 -0.015547747 -0.003263917 0.999873877 254.386932373
0.999832332 -0.003595811 0.017953675 -0.997846127 0.003577804 0.999993205 0.001034968 -3.796228409 -0.017957268 -0.000970560 0.999838293 255.193206787
0.999750376 -0.002727526 0.022176713 -0.986729622 0.002840719 0.999983191 -0.005074267 -3.805527925 -0.022162495 0.005135998 0.999741256 255.986099243
0.999662876 -0.000738632 0.025952805 -0.975692749 0.000967884 0.999960661 -0.008821968 -3.817085266 -0.025945267 0.008844112 0.999624193 256.801666260
0.999574542 0.001391673 0.029132131 -0.955036163 -0.001136786 0.999960959 -0.008764119 -3.829375267 -0.029143194 0.008727274 0.999537170 257.621917725
0.999482810 -0.000207071 0.032156248 -0.926068306 0.000418799 0.999978185 -0.006577762 -3.843398094 -0.032154191 0.006587827 0.999461234 258.449951172
0.999357820 -0.003318468 0.035678297 -0.902190208 0.003429733 0.999989450 -0.003057837 -3.864129782 -0.035667777 0.003178239 0.999358654 259.282867432
0.999261141 -0.006095666 0.037947860 -0.856119156 0.006167493 0.999979377 -0.001775991 -3.877727509 -0.037936259 0.002008723 0.999278128 260.145874023
0.999148011 -0.005844649 0.040856987 -0.823208809 0.005893648 0.999981999 -0.001078917 -3.894186258 -0.040849950 0.001318794 0.999164402 260.987182617
0.999061763 -0.003825498 0.043137293 -0.784850121 0.003956121 0.999987841 -0.002943121 -3.912765265 -0.043125510 0.003111016 0.999064803 261.834838867
0.998939335 -0.002131276 0.045996804 -0.759568214 0.002382653 0.999982655 -0.005410951 -3.924566269 -0.045984462 0.005514807 0.998926878 262.679992676
0.998812675 -0.001677456 0.048688199 -0.726448059 0.001939786 0.999983907 -0.005341196 -3.941306829 -0.048678447 0.005429299 0.998799741 263.519622803
0.998667240 -0.001056340 0.051601052 -0.689938545 0.001232633 0.999993503 -0.003384738 -3.958416939 -0.051597144 0.003443832 0.998661995 264.369659424
0.998518050 0.000665731 0.054417085 -0.641358376 -0.000581073 0.999998510 -0.001571537 -3.975861549 -0.054418061 0.001537588 0.998517036 265.225463867
0.998353183 0.001395560 0.057349466 -0.597906113 -0.001297254 0.999997616 -0.001751348 -3.990284204 -0.057351779 0.001674067 0.998352587 266.071594238
0.998204052 0.001917350 0.059875783 -0.545009613 -0.001780088 0.999995649 -0.002345689 -4.000977039 -0.059880026 0.002234892 0.998203039 266.920288086
0.998039782 -0.000690660 0.062577814 -0.494953156 0.000866331 0.999995708 -0.002780153 -4.021247864 -0.062575616 0.002828917 0.998036206 267.782653809
0.997930229 -0.003683586 0.064200483 -0.439096451 0.003814768 0.999990880 -0.001920847 -4.037137508 -0.064192809 0.002161782 0.997935116 268.629821777
0.997885525 -0.004171802 0.064860739 -0.380147934 0.004327629 0.999988079 -0.002262172 -4.050344467 -0.064850524 0.002538081 0.997891784 269.486358643
0.997841656 -0.005185785 0.065460652 -0.328462601 0.005353166 0.999982774 -0.002381813 -4.065716267 -0.065447189 0.002727094 0.997852266 270.349273682
0.997840881 -0.005177225 0.065471701 -0.267503738 0.005337840 0.999983132 -0.002278495 -4.080166817 -0.065458812 0.002623054 0.997851789 271.200439453
0.997839689 -0.005572318 0.065459922 -0.224819183 0.005673782 0.999983013 -0.001364230 -4.100509167 -0.065451220 0.001732689 0.997854352 272.064758301
0.997871280 -0.005196726 0.065007351 -0.170278549 0.005286695 0.999985337 -0.001212041 -4.115109444 -0.065000102 0.001553135 0.997884095 272.924255371
0.997961998 -0.004842759 0.063625932 -0.107072830 0.004965265 0.999986053 -0.001767440 -4.131638050 -0.063616477 0.002079758 0.997972250 273.808013916
0.998035729 -0.004692707 0.062471405 -0.063177109 0.004861924 0.999984860 -0.002556972 -4.148632526 -0.062458463 0.002855680 0.998043478 274.662780762
0.998166263 -0.003869705 0.060407523 -0.007637024 0.004091296 0.999985337 -0.003545012 -4.162928581 -0.060392916 0.003785657 0.998167515 275.534698486
0.998249233 -0.002765514 0.059083279 0.034500122 0.002999762 0.999988019 -0.003876392 -4.179607391 -0.059071843 0.004046841 0.998245597 276.389160156
0.998353004 -0.001495487 0.057350580 0.075915337 0.001720811 0.999990940 -0.003879697 -4.203879356 -0.057344258 0.003971996 0.998346508 277.252197266
0.998481989 -0.000944012 0.055071566 0.118588448 0.001139259 0.999993205 -0.003514042 -4.217769623 -0.055067874 0.003571448 0.998476148 278.099700928
0.998635113 -0.000842908 0.052221157 0.160659790 0.000954750 0.999997318 -0.002116787 -4.234025478 -0.052219231 0.002163757 0.998633325 278.966247559
0.998849094 -0.001776726 0.047929052 0.197088242 0.001766098 0.999998391 0.000264080 -4.249656200 -0.047929447 -0.000179128 0.998850703 279.806732178
0.999072433 -0.003736597 0.042897172 0.233000755 0.003641773 0.999990821 0.002288432 -4.270074368 -0.042905331 -0.002130087 0.999076843 280.653900146
0.999257386 -0.004263443 0.038295336 0.267266273 0.004128602 0.999984920 0.003599463 -4.286937714 -0.038310111 -0.003438684 0.999259949 281.521209717
0.999431968 -0.004188318 0.033439759 0.287926674 0.004058894 0.999983966 0.003937292 -4.295635223 -0.033455718 -0.003799327 0.999432921 282.339630127
0.999574959 -0.005065644 0.028706543 0.313406944 0.004933862 0.999976933 0.004659628 -4.309691429 -0.028729487 -0.004516013 0.999576986 283.164306641
0.999695063 -0.005888430 0.023978796 0.327013969 0.005782350 0.999973238 0.004490846 -4.318436623 -0.024004599 -0.004350823 0.999702394 283.965026855
0.999775648 -0.006235522 0.020242691 0.334709644 0.006147168 0.999971330 0.004424011 -4.334221840 -0.020269696 -0.004298583 0.999785304 284.753112793
0.999851823 -0.005832372 0.016192693 0.345447063 0.005764959 0.999974549 0.004206728 -4.346879005 -0.016216815 -0.004112754 0.999860048 285.527313232
0.999907315 -0.005625285 0.012398348 0.347222090 0.005574162 0.999975860 0.004154219 -4.360126972 -0.012421419 -0.004084723 0.999914527 286.273345947
