-0.998470068 0.054606725 -0.008697856 -13.735792160 0.054291662 0.997977257 0.033073656 1.051646233 0.010486307 0.032550834 -0.999415040 16.590909958
-0.998524666 0.053519640 -0.009174089 -13.737517357 0.053221136 0.998126924 0.030169100 1.073619127 0.010771545 0.029636336 -0.999502659 15.199987411
-0.998636603 0.051269088 -0.009816777 -13.746062279 0.050998781 0.998358965 0.026047643 1.086155415 0.011136107 0.025511488 -0.999612451 13.835325241
-0.998820186 0.047568575 -0.009769541 -13.749263763 0.047317918 0.998580396 0.024459211 1.097026348 0.010919162 0.023968080 -0.999653101 12.457642555
-0.998950660 0.044789046 -0.009574242 -13.750905037 0.044520382 0.998653233 0.026641082 1.108287930 0.010754576 0.026186874 -0.999599218 11.092101097
-0.998993993 0.043899659 -0.009156764 -13.756813049 0.043617725 0.998627305 0.029000780 1.118017673 0.010417320 0.028572209 -0.999537408 9.707787514
-0.998944581 0.045027316 -0.009073992 -13.762709618 0.044728696 0.998524487 0.030791493 1.137131691 0.010447062 0.030353127 -0.999484599 8.341123581
-0.998746812 0.049268533 -0.008799410 -13.775502205 0.048949558 0.998243093 0.033384666 1.149515152 0.010428765 0.032912098 -0.999403834 6.968451023
-0.998495698 0.054175541 -0.008450029 -13.785498619 0.053850364 0.997940242 0.034863312 1.169107437 0.010321365 0.034355834 -0.999356329 5.586874008
-0.998376369 0.056345176 -0.008362507 -13.793678284 0.056032464 0.997855842 0.033826780 1.191735864 0.010250553 0.033303291 -0.999392748 4.218649387
-0.998328745 0.057217870 -0.008108439 -13.809372902 0.056938436 0.997887194 0.031288791 1.215217113 0.009881585 0.030774817 -0.999477506 2.851008892
-0.998392344 0.056051902 -0.008420750 -13.812887192 0.055784196 0.998014927 0.029228013 1.233684778 0.010042320 0.028711284 -0.999537289 1.480971098
-0.998509884 0.053834423 -0.008937622 -13.813485146 0.053562451 0.998163462 0.028297853 1.252526402 0.010444608 0.027776966 -0.999559522 0.099815100
-0.998589456 0.052257948 -0.009391002 -13.814419746 0.051970046 0.998237431 0.028654784 1.275705457 0.010871890 0.028126312 -0.999545276 -1.274923563
-0.998601198 0.052015144 -0.009492635 -13.823777199 0.051728610 0.998260677 0.028277781 1.286626220 0.010946997 0.027747182 -0.999555051 -2.641778231
-0.998590112 0.052182276 -0.009730365 -13.828678131 0.051907778 0.998297572 0.026600763 1.304398775 0.011101888 0.026058180 -0.999598801 -4.027237415
-0.998645186 0.051137075 -0.009647094 -13.842203140 0.050870165 0.998363137 0.026136810 1.318203330 0.010967864 0.025610644 -0.999611855 -5.403040886
-0.998649240 0.050986227 -0.010001731 -13.845005989 0.050702970 0.998354614 0.026780117 1.333125114 0.011350691 0.026236827 -0.999591291 -6.788755417
-0.998728275 0.049351998 -0.010304713 -13.849211693 0.049070712 0.998457670 0.025966454 1.348028779 0.011570316 0.025427770 -0.999609709 -8.174031258
-0.998827636 0.047201987 -0.010738651 -13.852616310 0.046905130 0.998550594 0.026393315 1.365798116 0.011968902 0.025858672 -0.999593973 -9.571836472
-0.998920083 0.045195088 -0.010769077 -13.860318184 0.044862252 0.998561382 0.029367816 1.375179172 0.012080864 0.028852975 -0.999510646 -10.982938766
-0.998999536 0.043374438 -0.010890709 -13.866878510 0.043041270 0.998647690 0.029159613 1.395145893 0.012140763 0.028661689 -0.999515414 -12.381238937
-0.999005675 0.043103732 -0.011388673 -13.878003120 0.042797107 0.998747528 0.025919758 1.412111282 0.012491647 0.025406584 -0.999599159 -13.787667274
-0.999057233 0.041884784 -0.011414802 -13.885107994 0.041584440 0.998812377 0.025388349 1.429304361 0.012464630 0.024889737 -0.999612451 -15.192868233
-0.999069989 0.041676134 -0.011068268 -13.897164345 0.041373439 0.998797596 0.026297515 1.436134815 0.012150940 0.025815122 -0.999592900 -16.588596344
-0.999119997 0.040433954 -0.011153422 -13.901680946 0.040158305 0.998906910 0.023920480 1.450135708 0.012108431 0.023451526 -0.999651611 -17.998968124
-0.999176323 0.039170992 -0.010597130 -13.913211823 0.038948506 0.999032080 0.020444347 1.460119486 0.011387699 0.020014767 -0.999734759 -19.410093307
-0.999184608 0.038983356 -0.010508887 -13.923336029 0.038770564 0.999053061 0.019744284 1.468216896 0.011268634 0.019320749 -0.999749839 -20.818840027
-0.999147952 0.040004488 -0.010149277 -13.932693481 0.039779365 0.998977363 0.021490106 1.474642158 0.010998598 0.021068064 -0.999717534 -22.235818863
-0.999016583 0.043309465 -0.009498829 -13.944311142 0.043091971 0.998828471 0.022016974 1.486473918 0.010441246 0.021585999 -0.999712467 -23.656904221
-0.998973548 0.044416007 -0.008891754 -13.952683449 0.044214386 0.998786032 0.021714877 1.490232944 0.009845448 0.021299444 -0.999724686 -25.091352463
-0.998988211 0.044104375 -0.008796925 -13.958850861 0.043904271 0.998798549 0.021772141 1.496466517 0.009746601 0.021363888 -0.999724269 -26.520851135
-0.999015808 0.043472219 -0.008809017 -13.968343735 0.043291964 0.998867989 0.019712787 1.508106947 0.009656004 0.019312026 -0.999766886 -27.939092636
-0.999071479 0.042248894 -0.008439831 -13.967148781 0.042060420 0.998886168 0.021383069 1.516886711 0.009333841 0.021008229 -0.999735773 -29.366769791
-0.999076307 0.042308789 -0.007519784 -13.977817535 0.042112067 0.998809159 0.024633655 1.527669191 0.008553050 0.024294227 -0.999668241 -30.801834106
-0.998990715 0.044385787 -0.006898286 -13.983539581 0.044200163 0.998708189 0.025064716 1.541794896 0.008001893 0.024734510 -0.999661982 -32.244903564
-0.998890281 0.046706289 -0.006053286 -13.994817734 0.046549093 0.998629332 0.023926830 1.548925638 0.007162523 0.023618504 -0.999695301 -33.662796021
-0.998786151 0.048958361 -0.005407128 -14.002248764 0.048812144 0.998507917 0.024485642 1.559603691 0.006597836 0.024191994 -0.999685526 -35.096488953
-0.998738945 0.049958076 -0.004974034 -14.004533768 0.049816404 0.998435378 0.025398163 1.571340561 0.006235095 0.025118347 -0.999664962 -36.536560059
-0.998651445 0.051692240 -0.004815165 -14.005625725 0.051553886 0.998346627 0.025421364 1.582271576 0.006121292 0.025138844 -0.999665141 -37.958705902
-0.998507738 0.054438785 -0.004321325 -14.015900612 0.054307930 0.998182178 0.026134359 1.593201399 0.005736194 0.025860678 -0.999649048 -39.389034271
-0.998389781 0.056596529 -0.003835687 -14.021018028 0.056469604 0.998022437 0.027614942 1.602071285 0.005391012 0.027353879 -0.999611259 -40.805027008
-0.998278499 0.058556624 -0.003342773 -14.025732040 0.058437970 0.997883618 0.028517388 1.611110091 0.005005581 0.028272949 -0.999587715 -42.226104736
-0.998135626 0.060972534 -0.002776192 -14.034124374 0.060885727 0.997838974 0.024700094 1.621610999 0.004276220 0.024485009 -0.999691069 -43.637916565
-0.998064518 0.062111840 -0.003036474 -14.036783218 0.062037401 0.997865438 0.020393163 1.628646970 0.004296648 0.020165319 -0.999787450 -45.033676147
-0.998019576 0.062848240 -0.002634116 -14.041791916 0.062785678 0.997838736 0.019386504 1.637187719 0.003846830 0.019182729 -0.999808609 -46.434860229
-0.998009264 0.063002586 -0.002846513 -14.035196304 0.062924817 0.997774363 0.022063568 1.631625175 0.004230238 0.021840528 -0.999752522 -47.844402313
-0.998049855 0.062360208 -0.002803167 -14.033402443 0.062280245 0.997797072 0.022849696 1.641836166 0.004221903 0.022630550 -0.999735057 -49.245109558
-0.998087823 0.061740942 -0.002935385 -14.031814575 0.061660867 0.997849703 0.022220034 1.645089388 0.004300958 0.021996548 -0.999748707 -50.649188995
-0.998070002 0.062019695 -0.003137490 -14.029129028 0.061936010 0.997837126 0.022019790 1.658288836 0.004496364 0.021782968 -0.999752581 -52.058616638
-0.998108864 0.061401308 -0.002931859 -14.029630661 0.061318751 0.997856975 0.022833230 1.662239552 0.004327565 0.022610271 -0.999734938 -53.462726593
-0.998092830 0.061634365 -0.003468332 -14.033465385 0.061549470 0.997887552 0.020785617 1.667550564 0.004742113 0.020532500 -0.999777853 -54.862075806
-0.998129547 0.060960602 -0.004597817 -14.028068542 0.060855176 0.997938931 0.020358864 1.675163031 0.005829429 0.020040985 -0.999782085 -56.271900177
-0.998127639 0.060919285 -0.005486717 -14.031434059 0.060792033 0.997930348 0.020959543 1.686701179 0.006752203 0.020586751 -0.999765277 -57.677764893
-0.998071909 0.061753485 -0.006246439 -14.039262772 0.061609890 0.997878611 0.021033609 1.688209057 0.007532087 0.020608213 -0.999759257 -59.074977875
-0.998015463 0.062577151 -0.007006097 -14.048830032 0.062426433 0.997849464 0.019985896 1.691076279 0.008241690 0.019508868 -0.999775708 -60.488258362
-0.998026013 0.062318232 -0.007776523 -14.055514336 0.062153835 0.997869313 0.019842688 1.694156766 0.008996516 0.019320181 -0.999772787 -61.882347107
-0.998061717 0.061618075 -0.008730312 -14.057292938 0.061426003 0.997895122 0.020784838 1.699710608 0.009992659 0.020208281 -0.999745846 -63.287487030
-0.998080909 0.061197739 -0.009450974 -14.068155289 0.060987305 0.997914553 0.021146175 1.705907345 0.010725363 0.020529205 -0.999731719 -64.684043884
-0.998140752 0.060108218 -0.010104047 -14.077111244 0.059879128 0.997971356 0.021623926 1.711985111 0.011383326 0.020978697 -0.999715090 -66.089408875
-0.998148024 0.059974764 -0.010174476 -14.092105865 0.059742704 0.997976780 0.021755673 1.718297958 0.011458680 0.021107528 -0.999711514 -67.485748291
-0.998168945 0.059456170 -0.011123919 -14.099847794 0.059199143 0.998000324 0.022160636 1.715506792 0.012419259 0.021461533 -0.999692559 -68.890388489
-0.998095870 0.060756706 -0.010641559 -14.112643242 0.060528636 0.997954249 0.020582058 1.721373081 0.011870285 0.019898744 -0.999731541 -70.282516479
-0.998079300 0.061000783 -0.010797318 -14.119845390 0.060797356 0.997983098 0.018260555 1.726967335 0.011889448 0.017569035 -0.999774933 -71.666702271
-0.998122036 0.060417324 -0.010100174 -14.133106232 0.060229816 0.998023391 0.017938841 1.725354195 0.011164024 0.017296823 -0.999788046 -73.054061890
-0.997996271 0.062507160 -0.009804170 -14.141019821 0.062311321 0.997872949 0.019149426 1.725268841 0.010980292 0.018500146 -0.999768555 -74.437866211
-0.997910321 0.064021818 -0.008725427 -14.151273727 0.063826621 0.997738659 0.021064483 1.727344036 0.010054282 0.020463550 -0.999740064 -75.827232361
-0.997878253 0.064633019 -0.007835637 -14.159958839 0.064438000 0.997656405 0.023006206 1.731954336 0.009304234 0.022452479 -0.999704599 -77.214111328
-0.997854412 0.065119743 -0.006777789 -14.165802002 0.064952746 0.997635067 0.022479763 1.735156417 0.008225637 0.021991296 -0.999724269 -78.588691711
-0.997885704 0.064687058 -0.006289393 -14.167944908 0.064561196 0.997742355 0.018493358 1.743799210 0.007471474 0.018048208 -0.999809206 -79.951278687
-0.997991621 0.063051790 -0.006085705 -14.171704292 0.062946573 0.997886002 0.016159710 1.738762856 0.007091738 0.015744179 -0.999850929 -81.299072266
-0.998064160 0.061889943 -0.006122337 -14.171294212 0.061772875 0.997932374 0.017751496 1.739660740 0.007208316 0.017338937 -0.999823749 -82.656524658
-0.998038828 0.062309209 -0.005997572 -14.171253204 0.062162042 0.997819006 0.022205204 1.742663383 0.007368080 0.021788836 -0.999735415 -84.013824463
-0.997991323 0.063108273 -0.005542838 -14.174563408 0.062955625 0.997718513 0.024378905 1.753757954 0.007068702 0.023980981 -0.999687433 -85.375045776
-0.997977972 0.063278735 -0.005980365 -14.177155495 0.063112453 0.997698367 0.024792535 1.759451866 0.007535441 0.024364967 -0.999674737 -86.719253540
-0.997988880 0.063058183 -0.006466934 -14.178662300 0.062895067 0.997757137 0.022912094 1.763794065 0.007897224 0.022459276 -0.999716640 -88.054573059
-0.998039544 0.062160529 -0.007279224 -14.186487198 0.061994314 0.997851670 0.021184046 1.772099257 0.008580397 0.020691248 -0.999749064 -89.393852234
-0.998090148 0.061225347 -0.008213419 -14.191302299 0.061052181 0.997936189 0.019895969 1.777629137 0.009414605 0.019356525 -0.999768317 -90.723953247
-0.998151958 0.060029004 -0.009443963 -14.188761711 0.059818465 0.997984409 0.021187501 1.776138067 0.010696793 0.020583423 -0.999730885 -92.069717407
-0.998149991 0.060037445 -0.009602023 -14.203419685 0.059810750 0.997959077 0.022372136 1.784590602 0.010925592 0.021756444 -0.999703586 -93.397308350
-0.998144150 0.059984293 -0.010490032 -14.210892677 0.059745338 0.997976124 0.021775234 1.778695583 0.011774973 0.021108093 -0.999707878 -94.719848633
-0.998126268 0.060172666 -0.011102293 -14.220390320 0.059930872 0.997982442 0.020958720 1.782189131 0.012341036 0.020254076 -0.999718726 -96.055114746
-0.998144209 0.059779678 -0.011596602 -14.235980988 0.059513319 0.997982979 0.022094699 1.787971973 0.012894027 0.021363547 -0.999688566 -97.361923218
-0.998125672 0.059991203 -0.012089200 -14.252228737 0.059699841 0.997947454 0.023170883 1.787385821 0.013454436 0.022405732 -0.999658406 -98.664314270
-0.998130202 0.059562821 -0.013723041 -14.255658150 0.059236310 0.997977078 0.023083588 1.793335438 0.015070204 0.022227526 -0.999639332 -100.002517700
-0.998102367 0.059786733 -0.014735166 -14.268106461 0.059437521 0.997964859 0.023095692 1.802704096 0.016085993 0.022176048 -0.999624610 -101.317504883
-0.998091817 0.059869550 -0.015111785 -14.286130905 0.059512537 0.997961104 0.023061810 1.802867174 0.016461674 0.022118464 -0.999619842 -102.624656677
-0.998089492 0.059731007 -0.015797172 -14.300363541 0.059362061 0.997974396 0.022874746 1.809560537 0.017131504 0.021893293 -0.999613583 -103.921371460
-0.998082638 0.059730507 -0.016221572 -14.323952675 0.059354898 0.997978210 0.022725448 1.819201231 0.017546177 0.021719046 -0.999610126 -105.237434387
-0.998096347 0.059204012 -0.017274301 -14.333183289 0.058811810 0.998017848 0.022392217 1.826850772 0.018565770 0.021333657 -0.999599993 -106.537361145
-0.998084724 0.059221372 -0.017880565 -14.351425171 0.058838703 0.998041987 0.021218648 1.826234937 0.019102154 0.020125942 -0.999614894 -107.840126038
-0.998038173 0.059867918 -0.018325981 -14.369276047 0.059509829 0.998037338 0.019498715 1.832797527 0.019457361 0.018369885 -0.999641895 -109.139022827
-0.998030603 0.059878178 -0.018696971 -14.395216942 0.059487116 0.998012185 0.020814871 1.836493492 0.019906159 0.019661652 -0.999608517 -110.402427673
-0.998013020 0.060118537 -0.018862197 -14.408685684 0.059672996 0.997944713 0.023356436 1.839711428 0.020227585 0.022184461 -0.999549270 -111.688224792
-0.997984529 0.060809087 -0.018142384 -14.442337990 0.060396150 0.997920811 0.022501439 1.839609146 0.019472955 0.021360358 -0.999582171 -112.971061707
-0.998024523 0.060153481 -0.018131105 -14.457098007 0.059753869 0.997974396 0.021830428 1.841758132 0.019407555 0.020703897 -0.999597311 -114.238616943
-0.997986019 0.060739089 -0.018294506 -14.471868515 0.060333837 0.997937024 0.021944338 1.852468967 0.019589644 0.020796366 -0.999591768 -115.524040222
-0.997935891 0.061771479 -0.017555451 -14.496161461 0.061374459 0.997865260 0.022319769 1.857062459 0.018896701 0.021196242 -0.999596775 -116.778457642
-0.997941256 0.061752420 -0.017313641 -14.515476227 0.061345443 0.997848570 0.023127209 1.866924405 0.018704550 0.022017485 -0.999582589 -118.025428772
-0.997948468 0.061722547 -0.017003009 -14.534204483 0.061313037 0.997838676 0.023636369 1.875859857 0.018425157 0.022545375 -0.999575973 -119.282394409
-0.997945786 0.061794247 -0.016902452 -14.550585747 0.061395280 0.997844160 0.023184586 1.881895661 0.018298689 0.022099225 -0.999588311 -120.534126282
-0.997970581 0.061344370 -0.017075021 -14.561296463 0.060938574 0.997868359 0.023349945 1.887179017 0.018471012 0.022262031 -0.999581516 -121.789108276
-0.997959673 0.061416745 -0.017448071 -14.579072952 0.061017279 0.997881532 0.022572124 1.895341754 0.018797416 0.021461438 -0.999592900 -123.012260437
-0.998014450 0.060356125 -0.018004412 -14.595824242 0.059948735 0.997950792 0.022368532 1.901874542 0.019317593 0.021244777 -0.999587655 -124.251197815
-0.998049319 0.059300393 -0.019518089 -14.610572815 0.058850128 0.998004436 0.022887347 1.905947208 0.020836368 0.021694064 -0.999547482 -125.462310791
-0.998105228 0.058062244 -0.020364800 -14.635051727 0.057565104 0.998048306 0.024203271 1.906034708 0.021730352 0.022985108 -0.999499619 -126.669830322
-0.998136997 0.057092261 -0.021516521 -14.655319214 0.056554999 0.998091400 0.024801951 1.909380674 0.022891454 0.023538876 -0.999460816 -127.867324829
-0.998122633 0.056699820 -0.023157790 -14.676425934 0.056153085 0.998142898 0.023614248 1.913069248 0.024453707 0.022269536 -0.999452889 -129.062118530
-0.998083234 0.056906156 -0.024318572 -14.697634697 0.056373086 0.998165786 0.022071224 1.915262938 0.025529953 0.020658009 -0.999460578 -130.247863770
-0.998020291 0.057855885 -0.024658913 -14.730180740 0.057314966 0.998111308 0.022106251 1.915260792 0.025891317 0.020649163 -0.999451399 -131.408981323
-0.997979343 0.058683086 -0.024361055 -14.760735512 0.058087580 0.998011470 0.024472890 1.914447784 0.025748758 0.023008365 -0.999403596 -132.561599731
-0.997958124 0.059216730 -0.023936030 -14.786869049 0.058588903 0.997940063 0.026131352 1.916667700 0.025434136 0.024675611 -0.999371827 -133.720581055
-0.997785091 0.062085710 -0.023878401 -14.813691139 0.061447270 0.997755766 0.026601518 1.926100969 0.025476385 0.025075341 -0.999360800 -134.836242676
-0.997735441 0.062823206 -0.024025215 -14.832986832 0.062191080 0.997719944 0.026211457 1.927096128 0.025617125 0.024657944 -0.999367654 -135.943481445
-0.997792184 0.061908375 -0.024042755 -14.856105804 0.061239082 0.997740149 0.027642669 1.935889244 0.025699735 0.026109280 -0.999328673 -137.027496338
-0.997788846 0.061787330 -0.024486609 -14.879826546 0.061046470 0.997686088 0.029929223 1.940318108 0.026279194 0.028368225 -0.999252021 -138.096389771
-0.997773826 0.061423380 -0.025972785 -14.899622917 0.060650852 0.997721434 0.029553732 1.948969364 0.027728895 0.027912669 -0.999225676 -139.136962891
-0.997820199 0.059725478 -0.028067233 -14.919562340 0.058931634 0.997860491 0.028308149 1.958897829 0.029697906 0.026592392 -0.999205112 -140.151687622
-0.997812152 0.059180312 -0.029472047 -14.944429398 0.058345046 0.997891366 0.028438019 1.961290836 0.031092877 0.026656253 -0.999161005 -141.139923096
-0.997718871 0.060339957 -0.030269820 -14.976693153 0.059460860 0.997804999 0.029147666 1.969387531 0.031962145 0.027281303 -0.999116719 -142.104187012
-0.997593999 0.061948776 -0.031121491 -14.999398232 0.061032169 0.997697175 0.029587118 1.969264269 0.032882709 0.027616519 -0.999077618 -143.050064087
-0.997569025 0.062665731 -0.030478574 -15.026243210 0.061769102 0.997653782 0.029520834 1.976496220 0.032257013 0.027566437 -0.999099433 -143.962219238
-0.997462392 0.065261982 -0.028451877 -15.057115555 0.064441711 0.997504234 0.028852940 1.974630833 0.030263867 0.026946234 -0.999178648 -144.846771240
-0.997402608 0.068580478 -0.022015482 -15.077599525 0.067966171 0.997307658 0.027534619 1.979441166 0.023844544 0.025966793 -0.999378324 -145.687164307
-0.997286558 0.072919041 -0.010129903 -15.088665009 0.072629973 0.997008026 0.026455125 1.977454901 0.012028678 0.025647601 -0.999598682 -146.500564575
-0.997060835 0.076205567 0.007891531 -15.082292557 0.076382048 0.996760011 0.025202833 1.981712937 -0.005945366 0.025731530 -0.999651194 -147.279190063
-0.996574879 0.076827340 0.030592561 -15.053976059 0.077606186 0.996667087 0.025140293 1.981072903 -0.028559133 0.027428359 -0.999215722 -148.033782959
-0.995499909 0.076098874 0.056469858 -14.997076988 0.077724978 0.996604443 0.027178237 1.978333235 -0.054209862 0.031445052 -0.998034418 -148.751449585
-0.993626595 0.073908471 0.085109934 -14.923616409 0.076634057 0.996631324 0.029210955 1.981556654 -0.082664289 0.035547104 -0.995943308 -149.446502686
-0.990533948 0.073053665 0.116213895 -14.826320648 0.076806068 0.996648908 0.028139185 1.978826284 -0.113768779 0.036798749 -0.992825508 -150.104492188
-0.985574841 0.074208722 0.152102351 -14.716156006 0.078772277 0.996599078 0.024191881 1.971881866 -0.149789825 0.035824358 -0.988068640 -150.730331421
-0.978408396 0.075630516 0.192346275 -14.575887680 0.080705874 0.996562958 0.018678481 1.969571352 -0.190272495 0.033798654 -0.981149316 -151.317489624
-0.968671560 0.076237716 0.236353964 -14.414005280 0.081769884 0.996557355 0.013678222 1.965530157 -0.234497458 0.032576341 -0.971570730 -151.883331299
-0.956053555 0.075277396 0.283363581 -14.230091095 0.081501752 0.996620774 0.010223715 1.960865974 -0.281636417 0.032869048 -0.958958030 -152.411682129
-0.939663231 0.075795114 0.333598703 -14.026699066 0.083027110 0.996519387 0.007452703 1.943876266 -0.331872791 0.034700766 -0.942685723 -152.907379150
-0.918964148 0.076560341 0.386837661 -13.793117523 0.084603265 0.996407509 0.003779524 1.928289413 -0.385158539 0.036200974 -0.922140121 -153.389205933
-0.894329727 0.074972130 0.441082120 -13.527320862 0.083417229 0.996514678 -0.000245550 1.914287686 -0.439563245 0.036574252 -0.897466719 -153.837173462
-0.865259290 0.073528223 0.495903105 -13.240390778 0.082617991 0.996574759 -0.003610356 1.897270918 -0.494470030 0.037846629 -0.868370295 -154.262908936
-0.831572950 0.071586117 0.550782979 -12.941520691 0.081441239 0.996656358 -0.006576896 1.879876852 -0.549412191 0.039387275 -0.834622562 -154.649429321
-0.793279350 0.070417628 0.604772031 -12.602134705 0.080913588 0.996671796 -0.009914785 1.860570908 -0.603457451 0.041069083 -0.796336830 -155.033416748
-0.750283301 0.068134166 0.657596290 -12.238548279 0.079233192 0.996772885 -0.012875643 1.840495348 -0.656351507 0.042443067 -0.753260493 -155.383483887
-0.701608896 0.065444805 0.709550500 -11.865219116 0.077866368 0.996851742 -0.014948939 1.822360635 -0.708294988 0.044761814 -0.704495966 -155.695602417
-0.648362398 0.061417013 0.758850515 -11.478019714 0.075149499 0.997035921 -0.016486594 1.801527858 -0.757613838 0.046337947 -0.651056111 -155.973480225
-0.592273772 0.055393115 0.803830385 -11.092475891 0.069386132 0.997434437 -0.017609939 1.781715155 -0.802743495 0.045344781 -0.594597757 -156.218780518
-0.534063518 0.051213682 0.843891740 -10.668281555 0.064395994 0.997728050 -0.019796107 1.762648225 -0.842988312 0.043770872 -0.536148190 -156.430389404
-0.473238319 0.047565121 0.879649460 -10.236034393 0.059818611 0.997971594 -0.021781612 1.724715233 -0.878901124 0.042311512 -0.475123644 -156.616744995
-0.410236478 0.046947580 0.910769999 -9.809070587 0.058280088 0.997982383 -0.025192134 1.714827538 -0.910115123 0.042745024 -0.412144899 -156.763046265
-0.345777094 0.046582136 0.937159717 -9.319915771 0.056654278 0.997981191 -0.028701987 1.687772155 -0.936604798 0.043169618 -0.347718060 -156.888107300
-0.280111641 0.047687586 0.958782315 -8.865432739 0.053851515 0.997973204 -0.033903942 1.667112350 -0.958455801 0.042134989 -0.282111973 -156.958938599
-0.213130817 0.047429342 0.975871682 -8.420827866 0.049711704 0.998053730 -0.037650362 1.640904307 -0.975758135 0.040487800 -0.215073735 -157.008758545
-0.144628376 0.043679103 0.988521516 -7.963912964 0.043625221 0.998335242 -0.037730031 1.614741564 -0.988523901 0.037667636 -0.146293074 -157.022201538
-0.074637577 0.035665531 0.996572733 -7.509324551 0.041458625 0.998607159 -0.032633323 1.591563702 -0.996348500 0.038880866 -0.076012254 -157.010314941
-0.003079407 0.025418596 0.999672055 -7.031421185 0.040943235 0.998841822 -0.025271356 1.575378776 -0.999156773 0.040851984 -0.004116543 -156.981246948
0.068509743 0.012411892 0.997573256 -6.594120979 0.038670868 0.999138176 -0.015087137 1.543189287 -0.996900678 0.039610639 0.067970738 -156.929687500
0.139497116 0.001244236 0.990221679 -6.121692657 0.035481796 0.999350846 -0.006254183 1.525873661 -0.989586532 0.036007293 0.139362425 -156.819885254
0.210093930 -0.007707335 0.977650881 -5.664855957 0.031192351 0.999512732 0.001176555 1.504607558 -0.977183461 0.030248042 0.210231945 -156.668457031
0.280137479 -0.011796293 0.959887385 -5.201801300 0.030329915 0.999534070 0.003431910 1.497744799 -0.959480643 0.028151896 0.280364811 -156.479644775
0.350411355 -0.014659366 0.936481178 -4.730331421 0.030529769 0.999525011 0.004222634 1.493378878 -0.936098158 0.027110893 0.350692451 -156.272430420
0.417830467 -0.020171817 0.908301055 -4.276763916 0.032165322 0.999455214 0.007399722 1.490378857 -0.907955527 0.026123965 0.418251693 -156.026748657
0.482505411 -0.026403703 0.875494897 -3.823158264 0.033838458 0.999361277 0.011490189 1.493207455 -0.875239074 0.024081320 0.483090699 -155.730895996
0.545188367 -0.031061968 0.837737918 -3.388961792 0.034353532 0.999301851 0.014695690 1.494796515 -0.837609410 0.020767337 0.545874774 -155.419067383
0.603847623 -0.032325860 0.796444058 -2.945899963 0.033397533 0.999325931 0.015239049 1.492795944 -0.796399891 0.017397203 0.604520202 -155.048095703
0.656510890 -0.031808846 0.753645599 -2.598678589 0.032261480 0.999380350 0.014077063 1.479898691 -0.753626347 0.015071971 0.657130241 -154.659637451
0.706179678 -0.030420963 0.707378924 -2.172584534 0.033918589 0.999383032 0.009117564 1.490283489 -0.707219779 0.017554652 0.706775725 -154.212661743
0.751016498 -0.030436227 0.659581661 -1.785758972 0.036530953 0.999322295 0.004518408 1.493815422 -0.659272134 0.020701751 0.751619399 -153.738037109
0.792161167 -0.030379986 0.609555483 -1.396270752 0.036919788 0.999316573 0.001825615 1.506414533 -0.609194338 0.021058485 0.792741299 -153.217315674
0.828707278 -0.032861505 0.558716714 -1.141334534 0.036773220 0.999314666 0.004232473 1.485420465 -0.558472931 0.017038332 0.829347730 -152.704162598
0.863471985 -0.033514597 0.503282130 -0.844253540 0.035465315 0.999354601 0.005701921 1.474722147 -0.503148496 0.012925605 0.864103258 -152.119598389
0.894535005 -0.035177298 0.445611715 -0.571628571 0.036334675 0.999321997 0.005948715 1.475221038 -0.445518851 0.010869833 0.895206451 -151.504760742
0.921395361 -0.035437655 0.387007475 -0.337741852 0.035788551 0.999339521 0.006301837 1.467922568 -0.386975169 0.008043951 0.922055066 -150.899673462
0.942680717 -0.034274668 0.331931055 -0.140869141 0.034144476 0.999397516 0.006226228 1.464320421 -0.331944466 0.005464266 0.943283081 -150.235412598
0.959227860 -0.028601026 0.281182915 0.026855469 0.028571233 0.999582887 0.004206434 1.461936593 -0.281185925 0.003998808 0.959645033 -149.542953491
0.971479893 -0.023359675 0.235968620 0.178176880 0.023624696 0.999719441 0.001704504 1.457317591 -0.235942245 0.003918799 0.971759200 -148.826385498
0.980423808 -0.018395608 0.196037695 0.295141220 0.018626271 0.999826372 0.000667060 1.452463627 -0.196015924 0.002997453 0.980596185 -148.075576782
0.986975312 -0.018401198 0.159815684 0.404321671 0.018411599 0.999829590 0.001415788 1.451092720 -0.159814522 0.001545122 0.987145841 -147.308135986
0.991802931 -0.018847167 0.126379088 0.498023987 0.018669132 0.999822378 0.002593148 1.443249941 -0.126405507 -0.000212497 0.991978765 -146.510772705
0.995206118 -0.017770302 0.096170574 0.562867165 0.017521281 0.999840677 0.003433184 1.438017130 -0.096216246 -0.001731697 0.995358944 -145.684158325
0.997451425 -0.015201838 0.069711596 0.604807854 0.015028199 0.999882638 0.003014631 1.432021737 -0.069749236 -0.001959310 0.997562587 -144.831466675
0.998782516 -0.008951590 0.048511494 0.626745224 0.008868385 0.999958754 0.001930189 1.434379101 -0.048526764 -0.001497620 0.998820722 -143.950805664
0.999444306 -0.003747292 0.033123665 0.633466244 0.003737143 0.999992967 0.000368590 1.432167888 -0.033124816 -0.000244599 0.999451220 -143.051620483
0.999713004 0.001184527 0.023927450 0.638181686 -0.001165115 0.999998987 -0.000825410 1.423939705 -0.023928400 0.000797303 0.999713361 -142.140029907
0.999788463 0.004486128 0.020070799 0.642929316 -0.004472159 0.999989748 -0.000740406 1.414757490 -0.020073913 0.000650491 0.999798298 -141.200408936
0.999815822 0.004347358 0.018693648 0.655988932 -0.004347619 0.999990463 -0.000026767 1.409543395 -0.018693589 -0.000054511 0.999825239 -140.230178833
0.999838531 0.003128424 0.017693996 0.668444872 -0.003154151 0.999993980 0.001426225 1.401570439 -0.017689429 -0.001481801 0.999842465 -139.251831055
0.999865413 0.002838116 0.016157325 0.678867817 -0.002873115 0.999993563 0.002143511 1.397373676 -0.016151138 -0.002189637 0.999867141 -138.255279541
0.999891698 0.001250633 0.014663825 0.686142206 -0.001272392 0.999998093 0.001474453 1.392111421 -0.014661951 -0.001492951 0.999891400 -137.240310669
0.999922335 0.002316554 0.012245503 0.697846293 -0.002334479 0.999996245 0.001449477 1.381530523 -0.012242099 -0.001477944 0.999923944 -136.199157715
0.999946773 0.001610586 0.010190275 0.702240348 -0.001635010 0.999995768 0.002389078 1.379810810 -0.010186384 -0.002405608 0.999945164 -135.145858765
0.999963284 0.001750111 0.008386289 0.703404903 -0.001790134 0.999987006 0.004768006 1.378618240 -0.008377836 -0.004782836 0.999953449 -134.070388794
0.999980211 0.000306504 0.006273341 0.707969844 -0.000340566 0.999985158 0.005429209 1.375212431 -0.006271587 -0.005431230 0.999965489 -132.980865479
0.999989033 -0.000316630 0.004674008 0.711388052 0.000297033 0.999991179 0.004192217 1.366392493 -0.004675295 -0.004190776 0.999980211 -131.871490479
0.999992073 -0.001396793 0.003726363 0.700769126 0.001384843 0.999993920 0.003207018 1.354359627 -0.003730820 -0.003201829 0.999987900 -130.757553101
0.999996722 -0.001079765 0.002308324 0.710751832 0.001073335 0.999995470 0.002780758 1.357492328 -0.002311316 -0.002778271 0.999993443 -129.584381104
0.999999046 0.000054866 0.001391727 0.711535752 -0.000057973 0.999997437 0.002231632 1.353346348 -0.001391601 -0.002231710 0.999996483 -128.415969849
0.999999166 0.000123829 0.001264420 0.706285477 -0.000124924 0.999999583 0.000863102 1.346532583 -0.001264315 -0.000863259 0.999998808 -127.234443665
0.999999046 0.000145195 0.001361851 0.701968431 -0.000145575 0.999999940 0.000280894 1.338474154 -0.001361810 -0.000281090 0.999998987 -126.032867432
0.999997377 0.000646805 0.002184547 0.696931541 -0.000649689 0.999998868 0.001315925 1.318430305 -0.002183694 -0.001317341 0.999996662 -124.821929932
0.999995410 0.000706679 0.002925099 0.696260929 -0.000712068 0.999997973 0.001841019 1.306479335 -0.002923792 -0.001843092 0.999993920 -123.593284607
0.999986529 0.001518710 0.004950313 0.690569878 -0.001518022 0.999998808 -0.000142711 1.295496702 -0.004950524 0.000135202 0.999987662 -122.349357605
0.999974608 0.001783703 0.006912934 0.690240264 -0.001760438 0.999992728 -0.003369663 1.278592706 -0.006918895 0.003357406 0.999970376 -121.093368530
0.999961555 0.001403566 0.008648859 0.698328018 -0.001351155 0.999980807 -0.006061785 1.268732309 -0.008657200 0.006049867 0.999944210 -119.832328796
0.999954522 -0.000614452 0.009514908 0.708976626 0.000680971 0.999975324 -0.006989125 1.251363635 -0.009510378 0.006995287 0.999930322 -118.555610657
0.999954879 -0.001052235 0.009434571 0.714404941 0.001106490 0.999982893 -0.005746615 1.233305931 -0.009428362 0.005756791 0.999938965 -117.248344421
0.999962568 -0.002345930 0.008317987 0.724470913 0.002398443 0.999977231 -0.006308543 1.216164351 -0.008302998 0.006328260 0.999945521 -115.907752991
0.999970078 -0.001472291 0.007595372 0.707143843 0.001536125 0.999963462 -0.008405799 1.185403824 -0.007582720 0.008417209 0.999935865 -114.551582336
0.999982119 -0.002580109 0.005385225 0.712716460 0.002634211 0.999945879 -0.010063023 1.162481785 -0.005358970 0.010077034 0.999934793 -113.231765747
0.999996066 -0.002523254 0.001139843 0.726529360 0.002534065 0.999950826 -0.009587061 1.142305613 -0.001115597 0.009589914 0.999953389 -111.859481812
0.999994338 -0.003341692 -0.000451562 0.710365653 0.003338307 0.999967873 -0.007283115 1.117151976 0.000475885 0.007281562 0.999973357 -110.517807007
0.999996603 -0.002153633 -0.001483180 0.692841172 0.002142364 0.999969244 -0.007558304 1.086470246 0.001499410 0.007555099 0.999970376 -109.135818481
0.999990106 -0.003327838 -0.002945987 0.690682173 0.003303330 0.999960244 -0.008282207 1.069588661 0.002973431 0.008272397 0.999961376 -107.726051331
0.999983191 -0.004060958 -0.004112952 0.677399158 0.004020910 0.999944985 -0.009699488 1.045686007 0.004152115 0.009682788 0.999944448 -106.319526672
0.999979973 -0.003739760 -0.005093644 0.666309834 0.003685498 0.999936759 -0.010623551 1.018903136 0.005133052 0.010604568 0.999930561 -104.882575989
0.999977767 -0.002196677 -0.006293619 0.651657581 0.002130301 0.999942124 -0.010533842 0.990379393 0.006316393 0.010520200 0.999924660 -103.435447693
0.999976933 -0.002838161 -0.006160741 0.634629726 0.002777388 0.999947608 -0.009852277 0.967981219 0.006188380 0.009834939 0.999932587 -101.956420898
0.999984264 -0.001331905 -0.005449365 0.612023115 0.001297009 0.999978602 -0.006401722 0.938909888 0.005457778 0.006394554 0.999964654 -100.474540710
0.999986231 -0.001113307 -0.005128110 0.600798190 0.001088626 0.999987781 -0.004813621 0.910512626 0.005133405 0.004807972 0.999975204 -98.963554382
0.999983609 -0.001990009 -0.005367573 0.591414452 0.001981222 0.999996722 -0.001641694 0.888374865 0.005370822 0.001631036 0.999984205 -97.461997986
0.999989927 -0.000939234 -0.004382977 0.572700858 0.000956875 0.999991298 0.004026472 0.874929428 0.004379156 -0.004030625 0.999982297 -95.953010559
0.999991834 -0.000478212 -0.004012138 0.560217679 0.000514261 0.999959409 0.008990271 0.867171526 0.004007676 -0.008992260 0.999951541 -94.440406799
0.999991715 0.000587575 -0.004020874 0.543296874 -0.000536899 0.999920547 0.012593118 0.852984428 0.004027952 -0.012590847 0.999912620 -92.927581787
0.999988496 0.001991337 -0.004353803 0.529524624 -0.001928893 0.999895871 0.014300872 0.847115755 0.004381828 -0.014292304 0.999888301 -91.423240662
0.999990463 0.001740134 -0.004008317 0.511774778 -0.001679886 0.999886334 0.014985198 0.836531639 0.004033937 -0.014978323 0.999879599 -89.894439697
0.999990404 0.001276332 -0.004198666 0.500785351 -0.001220612 0.999911547 0.013247310 0.829266071 0.004215202 -0.013242060 0.999903321 -88.394012451
0.999992073 0.000883137 -0.003885992 0.492702544 -0.000841279 0.999941707 0.010760658 0.825149715 0.003895269 -0.010757303 0.999934554 -86.873321533
0.999995649 0.000109209 -0.002955881 0.476339519 -0.000076972 0.999940515 0.010901474 0.808903217 0.002956897 -0.010901198 0.999936223 -85.368820190
0.999998212 0.000460240 -0.001835108 0.466786683 -0.000436049 0.999913216 0.013162036 0.801988959 0.001841008 -0.013161212 0.999911666 -83.857360840
0.999998748 -0.001080164 -0.001107327 0.460070491 0.001094302 0.999917030 0.012845110 0.794568777 0.001093360 -0.012846309 0.999916911 -82.355789185
0.999999523 -0.000880458 -0.000453611 0.451253027 0.000885521 0.999936223 0.011269084 0.789533079 0.000443659 -0.011269485 0.999936461 -80.849884033
0.999998271 -0.001862997 0.000026995 0.445300698 0.001862566 0.999931455 0.011569405 0.777767539 -0.000048549 -0.011569328 0.999933064 -79.340118408
0.999996841 -0.002427276 0.000625096 0.439101905 0.002418675 0.999906957 0.013418894 0.766987324 -0.000657610 -0.013417332 0.999909759 -77.843322754
0.999995768 -0.002760616 0.000912703 0.444132060 0.002746050 0.999874651 0.015591056 0.760056019 -0.000955627 -0.015588491 0.999878049 -76.321052551
0.999993145 -0.003573932 0.000992156 0.434875071 0.003556246 0.999844253 0.017284876 0.751564145 -0.001053776 -0.017281221 0.999850035 -74.834228516
0.999993443 -0.003572308 0.000566593 0.431878924 0.003562927 0.999869108 0.015780596 0.751488805 -0.000622892 -0.015778469 0.999875247 -73.330955505
0.999993205 -0.003633509 -0.000471235 0.432918042 0.003638741 0.999925911 0.011613185 0.741666973 0.000429003 -0.011614822 0.999932408 -71.852859497
0.999999881 -0.000004372 -0.000491393 0.406201541 0.000009072 0.999953985 0.009585068 0.735671461 0.000491330 -0.009585069 0.999953926 -70.340301514
0.999999106 0.001285546 -0.000510647 0.389896333 -0.001280010 0.999941647 0.010713974 0.728651226 0.000524391 -0.010713304 0.999942482 -68.834594727
0.999997258 0.001957583 -0.001234649 0.382810116 -0.001942377 0.999923885 0.012194848 0.709669471 0.001258427 -0.012192418 0.999924898 -67.355712891
0.999998331 -0.000624690 -0.001697592 0.375741422 0.000641370 0.999951422 0.009840426 0.702949524 0.001691362 -0.009841492 0.999950111 -65.866821289
0.999994814 -0.001596027 -0.002795445 0.376069218 0.001627829 0.999933660 0.011411450 0.686881244 0.002777045 -0.011415943 0.999930978 -64.378143311
0.999988675 -0.003321792 -0.003431034 0.367775679 0.003368327 0.999901235 0.013647409 0.678535342 0.003385360 -0.013658815 0.999900997 -62.885166168
0.999982834 -0.003950347 -0.004326376 0.351570457 0.004002062 0.999919832 0.012010795 0.669157445 0.004278580 -0.012027903 0.999918520 -61.393096924
0.999972522 -0.004233988 -0.006080872 0.337891579 0.004283416 0.999957681 0.008138221 0.668319821 0.006046159 -0.008164043 0.999948442 -59.908279419
0.999962747 -0.005017437 -0.007023243 0.321970105 0.005079980 0.999947369 0.008915590 0.652135789 0.006978140 -0.008950928 0.999935567 -58.429775238
0.999947906 -0.005020418 -0.008888922 0.308119833 0.005143580 0.999890387 0.013887282 0.641681254 0.008818227 -0.013932280 0.999864042 -56.942230225
0.999937892 -0.005378030 -0.009772471 0.294058114 0.005513184 0.999888778 0.013855936 0.631115496 0.009696865 -0.013908951 0.999856234 -55.464664459
0.999934196 -0.004317290 -0.010629131 0.269376934 0.004456626 0.999903977 0.013120366 0.623717010 0.010571470 -0.013166871 0.999857485 -54.007778168
0.999936938 -0.003547414 -0.010655502 0.243842363 0.003680680 0.999914885 0.012513902 0.621942639 0.010610204 -0.012552332 0.999864936 -52.511798859
0.999937952 -0.002498822 -0.010848384 0.219991624 0.002633277 0.999919653 0.012397564 0.616069615 0.010816535 -0.012425364 0.999864340 -51.054119110
0.999939203 -0.001970557 -0.010844134 0.190462559 0.002103341 0.999922752 0.012246638 0.599952757 0.010819163 -0.012268709 0.999866188 -49.578517914
0.999939263 -0.002045876 -0.010832111 0.171170801 0.002172935 0.999928772 0.011731224 0.590731561 0.010807339 -0.011754047 0.999872565 -48.105773926
0.999939561 -0.003367930 -0.010468450 0.146829784 0.003492077 0.999923468 0.011864195 0.573358059 0.010427693 -0.011900041 0.999874771 -46.652690887
0.999938309 -0.004290081 -0.010249116 0.129565597 0.004411102 0.999920428 0.011814860 0.564080298 0.010197614 -0.011859341 0.999877691 -45.198589325
0.999936521 -0.006220072 -0.009396631 0.109285623 0.006334051 0.999906123 0.012148740 0.548829615 0.009320184 -0.012207495 0.999882042 -43.739562988
0.999941230 -0.006739951 -0.008492798 0.089049965 0.006856089 0.999882340 0.013720345 0.540644526 0.008399325 -0.013777770 0.999869764 -42.291427612
0.999946058 -0.006699782 -0.007933782 0.075434133 0.006806393 0.999885857 0.013488027 0.531340837 0.007842510 -0.013541293 0.999877572 -40.845634460
0.999957860 -0.005638551 -0.007234663 0.061459213 0.005726175 0.999909818 0.012148399 0.523623168 0.007165511 -0.012189317 0.999899983 -39.395259857
0.999966383 -0.005330606 -0.006227571 0.043979332 0.005393679 0.999933898 0.010155380 0.511416793 0.006173024 -0.010188634 0.999929011 -37.968784332
0.999980032 -0.003379914 -0.005328013 0.026127875 0.003431963 0.999946177 0.009789427 0.506121755 0.005294638 -0.009807518 0.999937892 -36.513118744
0.999986947 -0.002480687 -0.004460729 0.012360781 0.002533568 0.999926090 0.011888175 0.495882094 0.004430908 -0.011899321 0.999919355 -35.073852539
0.999992192 -0.001385287 -0.003699689 0.000904240 0.001434899 0.999908566 0.013441676 0.485564530 0.003680730 -0.013446879 0.999902785 -33.633377075
0.999996662 -0.000584653 -0.002505141 -0.010868415 0.000618214 0.999909818 0.013414489 0.477146089 0.002497072 -0.013415993 0.999906898 -32.191482544
0.999998987 -0.000234176 -0.001372221 -0.021705706 0.000250092 0.999932647 0.011607814 0.470476955 0.001369411 -0.011608152 0.999931693 -30.764928818
0.999998212 -0.001885609 -0.000000063 -0.024396749 0.001885520 0.999953210 0.009485645 0.453974843 -0.000017821 -0.009485628 0.999955118 -29.335697174
0.999997914 -0.001509686 0.001366447 -0.030875836 0.001494750 0.999939799 0.010869209 0.444016069 -0.001382774 -0.010867142 0.999939978 -27.906311035
0.999995351 -0.001022149 0.002865745 -0.035382386 0.000988035 0.999928892 0.011882225 0.434556514 -0.002877686 -0.011879331 0.999925315 -26.478511810
