1.000000000 0.000000000 0.000000000 0.000000000 0.000000000 1.000000000 0.000000000 0.000000000 0.000000000 0.000000000 1.000000000 0.000000000
0.999978900 0.000356236 -0.006483169 -0.008000228 -0.000353460 0.999999821 0.000429214 -0.002480439 0.006483321 -0.000426913 0.999978900 0.092252955
0.999907255 0.000966767 -0.013584597 -0.016384395 -0.000964582 0.999999523 0.000167389 -0.001906322 0.013584753 -0.000154270 0.999907732 0.188577235
0.999772608 0.001368377 -0.021281548 -0.026110874 -0.001380546 0.999998868 -0.000557109 -0.002157131 0.021280762 0.000586363 0.999773383 0.285315335
0.999540806 0.001680171 -0.030255072 -0.042530194 -0.001740073 0.999996603 -0.001953670 -0.002225138 0.030251686 0.002005419 0.999540329 0.390666962
0.999125421 0.001924759 -0.041769449 -0.058991816 -0.002069825 0.999991953 -0.003430052 -0.004900116 0.041762512 0.003513508 0.999121368 0.501130164
0.998479664 0.001742920 -0.055094108 -0.084370717 -0.001969060 0.999989867 -0.004050609 -0.007826652 0.055086490 0.004152935 0.998472929 0.626039386
0.997427881 0.001820352 -0.071653917 -0.108626053 -0.002142705 0.999987900 -0.004422130 -0.004348807 0.071644999 0.004564289 0.997419775 0.761443615
0.995904505 0.000221065 -0.090411343 -0.134628445 -0.000601907 0.999991059 -0.004185090 -0.009216004 0.090409607 0.004222370 0.995895743 0.916997850
0.993913412 -0.000750392 -0.110161446 -0.176209778 0.000270784 0.999990404 -0.004368579 -0.012601618 0.110163666 0.004312159 0.993904114 1.075299859
0.991199613 -0.000844721 -0.132373095 -0.216837257 0.000182871 0.999987364 -0.005011956 -0.009482686 0.132375643 0.004943642 0.991187274 1.230485082
0.987689495 0.002821662 -0.156401247 -0.273051500 -0.003887929 0.999971211 -0.006512011 -0.011911632 0.156378344 0.007039921 0.987672269 1.399188519
0.983307302 0.007212237 -0.181809366 -0.339994997 -0.008798586 0.999929905 -0.007920283 -0.018560730 0.181739479 0.009387738 0.983301878 1.573450208
0.977908313 0.010122321 -0.208789140 -0.412618011 -0.012268954 0.999884307 -0.008988794 -0.021953024 0.208673984 0.011351841 0.977919340 1.754603863
0.971216261 0.010839767 -0.237952501 -0.491586894 -0.013438303 0.999866366 -0.009300931 -0.023104202 0.237819910 0.012230895 0.971232295 1.940055966
0.963148832 0.012569786 -0.268675148 -0.580067396 -0.015513675 0.999840498 -0.008836674 -0.026588082 0.268521249 0.012679171 0.963190258 2.135056973
0.953717768 0.014501671 -0.300353378 -0.675886810 -0.017595032 0.999816358 -0.007596669 -0.030811014 0.300188065 0.012529806 0.953797698 2.318294048
0.942429364 0.016310088 -0.334007531 -0.776028395 -0.019628000 0.999785841 -0.006560946 -0.030737653 0.333828896 0.012739127 0.942547619 2.509477615
0.929867864 0.018422682 -0.367432058 -0.877693415 -0.022132218 0.999737740 -0.005884595 -0.035846345 0.367227256 0.013603984 0.930031657 2.686890364
0.916011393 0.021211652 -0.400591075 -0.998974741 -0.025448455 0.999662280 -0.005258695 -0.035879038 0.400344253 0.015011448 0.916241884 2.866765022
0.899963379 0.022016313 -0.435409307 -1.114265084 -0.026654322 0.999634326 -0.004546637 -0.038116444 0.435149938 0.015697345 0.900221109 3.039812088
0.881585658 0.017982909 -0.471681505 -1.237775087 -0.022987746 0.999724030 -0.004850134 -0.042635791 0.471464097 0.015118705 0.881755710 3.213324785
0.860316157 0.013209865 -0.509589672 -1.370512009 -0.018423364 0.999816775 -0.005185488 -0.046503000 0.509427845 0.013849514 0.860401928 3.386930704
0.835260510 0.014741858 -0.549656808 -1.531501770 -0.018971220 0.999818027 -0.002013507 -0.049926013 0.549527049 0.012109462 0.835388124 3.567114592
0.805991352 0.020453194 -0.591573894 -1.708086491 -0.023763191 0.999715269 0.002188134 -0.057253294 0.591450155 0.012294064 0.806247830 3.732492685
0.773562729 0.023610637 -0.633279800 -1.911793590 -0.027205683 0.999621749 0.004036764 -0.060344324 0.633135498 0.014106117 0.773912489 3.905214310
0.737660885 0.022836609 -0.674785137 -2.118596554 -0.026401522 0.999639094 0.004968987 -0.063957348 0.674655020 0.014149928 0.737997532 4.066535473
0.697571158 0.018485613 -0.716277063 -2.336489201 -0.020426154 0.999773860 0.005909359 -0.061062023 0.716224313 0.010508585 0.697791040 4.235350609
0.654634237 0.014780684 -0.755801201 -2.574712753 -0.015054890 0.999865413 0.006513948 -0.059265193 0.755795777 0.007114253 0.654768705 4.398644447
0.610575795 0.014253411 -0.791829586 -2.836081982 -0.012087720 0.999889314 0.008677835 -0.061381970 0.791865587 0.004272938 0.610680461 4.536520958
0.562120318 0.014815361 -0.826922715 -3.114731312 -0.009529412 0.999889255 0.011436429 -0.058713567 0.827000558 0.001451437 0.562199235 4.678057671
0.511048675 0.015503168 -0.859411955 -3.410231590 -0.007867824 0.999879837 0.013358512 -0.054647900 0.859515786 -0.000065147 0.511109233 4.802230835
0.458692342 0.016871933 -0.888434887 -3.711751938 -0.007198517 0.999857485 0.015271374 -0.048671283 0.888565958 -0.000609449 0.458748400 4.899194717
0.403982282 0.019038809 -0.914568663 -4.044673920 -0.005810658 0.999816597 0.018246761 -0.046191432 0.914748371 -0.002057122 0.404018819 4.996500015
0.348244727 0.021003468 -0.937168419 -4.397815228 -0.005546679 0.999777615 0.020345541 -0.038808078 0.937387228 -0.001887056 0.348283827 5.083960533
0.293071717 0.024226869 -0.955783486 -4.778218269 -0.002875803 0.999696732 0.024458155 -0.034226507 0.956086159 -0.004419348 0.293052495 5.154653549
0.239285886 0.025919290 -0.970603168 -5.128992081 0.001812789 0.999629915 0.027141344 -0.036614433 0.970947385 -0.008254039 0.239150345 5.215833664
0.188401222 0.026324332 -0.981739283 -5.517971516 0.003932813 0.999612510 0.027558312 -0.030709922 0.982084274 -0.009053016 0.188224673 5.249857426
0.140802652 0.027377542 -0.989659011 -5.930600166 0.001253661 0.999611855 0.027831236 -0.023374245 0.990036905 -0.005159409 0.140713662 5.269644737
0.098374590 0.027790785 -0.994761288 -6.351357937 -0.000759452 0.999611795 0.027851190 -0.014005676 0.995149136 -0.001984377 0.098357499 5.268377304
0.060510799 0.026168715 -0.997824430 -6.794853210 -0.000458329 0.999656916 0.026188983 -0.005975544 0.998167455 -0.001127384 0.060502037 5.267345905
0.026159022 0.023343792 -0.999385118 -7.255197525 0.000096861 0.999727249 0.023354318 0.003425762 0.999657750 -0.000707728 0.026149623 5.251115799
-0.004971780 0.020635329 -0.999774635 -7.728216171 0.000090365 0.999787092 0.020635132 0.008246094 0.999987543 0.000012249 -0.004972596 5.219462395
-0.031986263 0.018998006 -0.999307752 -8.219667435 0.000487413 0.999819636 0.018992133 0.013215631 0.999488175 0.000120412 -0.031989757 5.190308094
-0.052594647 0.016476355 -0.998480082 -8.728984833 -0.000330102 0.999863446 0.016516576 0.024277821 0.998615980 0.001198283 -0.052582029 5.141604424
-0.068903416 0.015548297 -0.997502148 -9.247970581 -0.000162056 0.999878287 0.015596529 0.036187217 0.997623324 0.001236305 -0.068892509 5.091314793
-0.082004286 0.016047150 -0.996502697 -9.783449173 0.000670123 0.999870956 0.016046245 0.041659385 0.996631742 0.000648081 -0.082004450 5.039649010
-0.091519713 0.017289292 -0.995653093 -10.335060120 0.000531133 0.999849916 0.017313348 0.047095455 0.995803118 0.001055688 -0.091515169 4.978437424
-0.098462075 0.018674098 -0.994965553 -10.906404495 -0.002116099 0.999817669 0.018974576 0.044040814 0.995138586 0.003973722 -0.098404624 4.913484573
-0.102809772 0.019621730 -0.994507492 -11.503126144 -0.001842927 0.999799967 0.019916669 0.051424891 0.994699299 0.003880433 -0.102753043 4.844747543
-0.104193904 0.020218328 -0.994351506 -12.107853889 -0.000046397 0.999793351 0.020333838 0.063307315 0.994556963 0.002164798 -0.104171418 4.778585911
-0.102935806 0.022417204 -0.994435370 -12.725095749 0.001820649 0.999748647 0.022348521 0.070282355 0.994686306 0.000489946 -0.102950752 4.712096691
-0.101475172 0.025009276 -0.994523704 -13.368680954 0.001551086 0.999686778 0.024980851 0.075272337 0.994836926 0.000992344 -0.101482168 4.642392635
-0.099785283 0.024674883 -0.994702995 -14.025208473 -0.000706813 0.999690592 0.024869513 0.085135967 0.995008767 0.003184681 -0.099736966 4.571962833
-0.098199032 0.022310056 -0.994916677 -14.693078995 -0.002498438 0.999739945 0.022664815 0.093145579 0.995163679 0.004711401 -0.098117769 4.504310608
-0.097077042 0.021956475 -0.995034695 -15.373700142 -0.002240477 0.999749362 0.022279091 0.110081106 0.995274305 0.004392141 -0.097003505 4.437910080
-0.095274195 0.024681680 -0.995145023 -16.082406998 -0.002861305 0.999681771 0.025068136 0.118256420 0.995446980 0.005235760 -0.095173232 4.364137650
-0.093331426 0.028239530 -0.995234549 -16.801200867 -0.004037532 0.999578655 0.028741430 0.128188968 0.995626867 0.006700770 -0.093178108 4.291791439
-0.091464452 0.030188533 -0.995350659 -17.532342911 -0.004278638 0.999519348 0.030708136 0.139969110 0.995799184 0.007067449 -0.091291338 4.218590260
-0.089897178 0.029413721 -0.995516658 -18.275510788 -0.005640214 0.999532700 0.030041706 0.157097042 0.995935082 0.008315593 -0.089689292 4.147110462
-0.088050924 0.026477542 -0.995764017 -19.028518677 -0.008782546 0.999587178 0.027355801 0.167909861 0.996077240 0.011154047 -0.087782040 4.073346615
-0.086394876 0.025932692 -0.995923460 -19.803237915 -0.009554422 0.999593675 0.026857089 0.183881849 0.996215165 0.011835788 -0.086112000 3.997371197
-0.084897034 0.028081574 -0.995993912 -20.584831238 -0.007165003 0.999559760 0.028792843 0.200224310 0.996363938 0.009580729 -0.084658451 3.929003239
-0.084038116 0.030129086 -0.996007025 -21.379055023 -0.005013627 0.999517322 0.030658301 0.213011146 0.996449888 0.007570073 -0.083846495 3.865874767
-0.082379013 0.032054231 -0.996085465 -22.171939850 -0.004486099 0.999460578 0.032533854 0.225654781 0.996591032 0.007148645 -0.082190767 3.786641359
-0.082059152 0.027373128 -0.996251464 -22.970325470 -0.004188354 0.999604583 0.027810236 0.234351039 0.996618629 0.006454739 -0.081912041 3.734677792
-0.081704229 0.020639161 -0.996442854 -23.778278351 -0.002788929 0.999776840 0.020936899 0.242109135 0.996652722 0.004489641 -0.081628442 3.665875673
-0.082093142 0.016002294 -0.996496081 -24.601484299 0.000592460 0.999871790 0.016007688 0.254617512 0.996624410 0.000723738 -0.082092099 3.603125572
-0.082767129 0.016622256 -0.996430278 -25.434823990 0.001557787 0.999861836 0.016550109 0.264579356 0.996567667 -0.000182421 -0.082781591 3.533416748
-0.082293384 0.024354640 -0.996310532 -26.272453308 0.000646749 0.999702454 0.024384135 0.263614386 0.996607959 0.001362290 -0.082284644 3.450356007
-0.082624160 0.031630196 -0.996078789 -27.116466522 -0.000437989 0.999494910 0.031775013 0.274947822 0.996580720 0.003061654 -0.082568578 3.376428127
-0.083252579 0.037026871 -0.995840311 -27.965087891 -0.002368823 0.999299288 0.037353516 0.286412716 0.996525705 0.005468746 -0.083106540 3.300728559
-0.083581679 0.037380457 -0.995799541 -28.808141708 -0.003992078 0.999275684 0.037846014 0.298156321 0.996492982 0.007138544 -0.083371922 3.222576618
-0.083852507 0.033716429 -0.995907605 -29.623498917 -0.004048882 0.999407649 0.034175832 0.312714756 0.996469975 0.006898042 -0.083666325 3.153321028
-0.084310368 0.030708283 -0.995966196 -30.457895279 -0.004229459 0.999504983 0.031175420 0.333341241 0.996430576 0.006840810 -0.084138751 3.081915617
-0.084258795 0.032243267 -0.995922148 -31.300077438 -0.005740048 0.999444008 0.032842919 0.342660904 0.996427417 0.008483946 -0.084026873 2.998624802
-0.084041290 0.034601342 -0.995861351 -32.134746552 -0.007382639 0.999347866 0.035345506 0.349614680 0.996434927 0.010322567 -0.083731025 2.922343493
-0.084034637 0.033049736 -0.995914638 -32.967178345 -0.007503002 0.999400437 0.033798520 0.365369558 0.996434569 0.010312595 -0.083736286 2.849746466
-0.083811529 0.027974401 -0.996088862 -33.805137634 -0.008528206 0.999549150 0.028789142 0.374884844 0.996445060 0.010907714 -0.083535187 2.770788431
-0.083371475 0.023736592 -0.996235728 -34.628383636 -0.009975576 0.999646306 0.024652671 0.383699268 0.996468604 0.011993357 -0.083105192 2.697676659
-0.083153836 0.024246624 -0.996241689 -35.464004517 -0.009448664 0.999639809 0.025117984 0.396845788 0.996491909 0.011501812 -0.082894787 2.629281521
-0.082106195 0.027082147 -0.996255517 -36.305187225 -0.008390361 0.999576509 0.027863912 0.398295164 0.996588349 0.010646742 -0.081844188 2.544472694
-0.081701823 0.032188810 -0.996136904 -37.131019592 -0.008539807 0.999418974 0.032995295 0.402809262 0.996620357 0.011202590 -0.081379496 2.477242947
-0.081308007 0.037595667 -0.995979726 -37.975131989 -0.007200148 0.999240100 0.038306527 0.422069550 0.996663034 0.010285828 -0.080975540 2.408257008
-0.081236184 0.040740717 -0.995861948 -38.812847137 -0.008268670 0.999102294 0.041547790 0.433824539 0.996660650 0.011609636 -0.080826379 2.330865622
-0.080824554 0.040688649 -0.995897472 -39.640571594 -0.007166458 0.999116838 0.041401789 0.457497001 0.996702492 0.010483338 -0.080461584 2.259749889
-0.080756553 0.036166299 -0.996077478 -40.446525574 -0.007278453 0.999293566 0.036873158 0.475042701 0.996707201 0.010227653 -0.080436252 2.193361998
-0.080521226 0.031920139 -0.996241689 -41.274574280 -0.008107272 0.999433100 0.032677669 0.490796924 0.996719897 0.010708045 -0.080216788 2.121578932
-0.080308713 0.029436592 -0.996335268 -42.087718964 -0.012463392 0.999456048 0.030533388 0.497607350 0.996692061 0.014869815 -0.079898149 2.044862986
-0.081064902 0.027815567 -0.996320546 -42.913475037 -0.015873807 0.999447703 0.029194428 0.509326398 0.996582448 0.018182045 -0.080578595 1.972912312
-0.081527181 0.025589108 -0.996342540 -43.723770142 -0.013997328 0.999542415 0.026816636 0.521000266 0.996572733 0.016132420 -0.081131704 1.901512146
-0.082532525 0.021920294 -0.996347249 -44.552898407 -0.009951766 0.999690115 0.022818189 0.525779486 0.996538639 0.011798659 -0.082288809 1.834369183
-0.083008565 0.020660445 -0.996334672 -45.380256653 -0.005485783 0.999760449 0.021188525 0.533267856 0.996533811 0.007224506 -0.082875341 1.760739088
-0.085182451 0.023964876 -0.996077120 -46.201072693 -0.005406276 0.999684811 0.024514005 0.541292310 0.996350765 0.007473230 -0.085026048 1.688520670
-0.086805463 0.030547768 -0.995756805 -47.011409760 -0.002934816 0.999517560 0.030918982 0.541404486 0.996220946 0.005606299 -0.086673923 1.612887859
-0.088605091 0.034393501 -0.995472789 -47.822780609 -0.000844253 0.999400735 0.034604356 0.549614072 0.996066451 0.003906555 -0.088522948 1.544771194
-0.089909464 0.033648998 -0.995381355 -48.632678986 -0.000838391 0.999426126 0.033861462 0.558326006 0.995949507 0.003878984 -0.089829676 1.464851856
-0.091157041 0.029416662 -0.995401919 -49.427616119 -0.004124701 0.999543846 0.029916797 0.571534216 0.995827913 0.006832863 -0.090994112 1.383872509
-0.092264555 0.025882371 -0.995398045 -50.217258453 -0.008999739 0.999599636 0.026825812 0.576638997 0.995693803 0.011433393 -0.091994688 1.297434330
-0.093687385 0.024463749 -0.995301068 -51.015453339 -0.013048859 0.999582052 0.025797257 0.586695969 0.995516121 0.015404421 -0.093329005 1.212713718
-0.094589524 0.025513623 -0.995189369 -51.812866211 -0.014749127 0.999525905 0.027026651 0.593309581 0.995407045 0.017234618 -0.094168380 1.128046989
-0.095296875 0.027053131 -0.995081186 -52.600406647 -0.015141197 0.999475658 0.028622638 0.598626137 0.995333791 0.017794365 -0.094837278 1.043356895
-0.096572571 0.026607363 -0.994970262 -53.386337280 -0.016560227 0.999461293 0.028334809 0.606522799 0.995188296 0.019213296 -0.096079908 0.967664719
-0.097154394 0.026421301 -0.994918585 -54.166137695 -0.017123554 0.999455214 0.028213905 0.614045560 0.995122015 0.019777644 -0.096649051 0.883973598
-0.097704977 0.028222214 -0.994815290 -54.946372986 -0.015790582 0.999428034 0.029903941 0.623854041 0.995090127 0.018630473 -0.097203463 0.807157993
-0.097887293 0.030957006 -0.994715989 -55.716754913 -0.015120811 0.999354422 0.032589365 0.636098623 0.995082557 0.018230999 -0.097356036 0.729570866
-0.098101966 0.035331815 -0.994548976 -56.500762939 -0.015223165 0.999199271 0.036998630 0.643169284 0.995059848 0.018769821 -0.097485550 0.645403385
-0.098566204 0.037394486 -0.994427621 -57.262317657 -0.015440780 0.999115884 0.039101250 0.656536937 0.995010674 0.019208802 -0.097901672 0.567165375
-0.099311866 0.037388265 -0.994353712 -58.017829895 -0.014989217 0.999124348 0.039064698 0.668073654 0.994943380 0.018784175 -0.098664470 0.488935471
-0.099637873 0.035687886 -0.994383633 -58.758144379 -0.014377876 0.999200642 0.037301440 0.675511241 0.994919837 0.018013762 -0.099045120 0.413277149
-0.099698283 0.031962626 -0.994504273 -59.484729767 -0.013794477 0.999343455 0.033501048 0.690963268 0.994922101 0.017058665 -0.099191919 0.336647511
-0.099399447 0.028875293 -0.994628549 -60.228919983 -0.014639189 0.999428213 0.030477621 0.702000618 0.994939864 0.017590014 -0.098919913 0.251370430
-0.098313861 0.026580276 -0.994800389 -60.936668396 -0.015038943 0.999489307 0.028191827 0.711669445 0.995041788 0.017732395 -0.097863935 0.179331779
-0.095930234 0.025935214 -0.995050073 -61.630176544 -0.017987560 0.999452114 0.027784081 0.713314414 0.995225489 0.020563861 -0.095411189 0.105244160
-0.091508046 0.026665095 -0.995447278 -62.321201324 -0.017757991 0.999438703 0.028404446 0.721896410 0.995646000 0.020276377 -0.090983175 0.034846783
-0.085899055 0.028463436 -0.995897174 -62.975547791 -0.017603382 0.999392450 0.030081678 0.723816156 0.996148348 0.020115145 -0.085345797 -0.019269943
-0.078832380 0.029834716 -0.996441364 -63.624832153 -0.016416837 0.999377668 0.031221436 0.731120467 0.996752799 0.018819673 -0.078293517 -0.064176083
-0.069863953 0.031123644 -0.997070909 -64.262557983 -0.017728727 0.999316514 0.032435983 0.736192822 0.997398913 0.019942902 -0.069264419 -0.111133575
-0.057992026 0.032860421 -0.997776151 -64.888595581 -0.019613009 0.999227703 0.034048162 0.744031429 0.998124301 0.021543914 -0.057302751 -0.152710676
-0.043012310 0.034352481 -0.998483777 -65.492408752 -0.022843711 0.999113560 0.035358205 0.751048803 0.998813331 0.024329912 -0.042189438 -0.181449413
-0.024775900 0.035638459 -0.999057591 -66.092964172 -0.023868723 0.999058425 0.036230415 0.760602474 0.999408066 0.024743874 -0.023901924 -0.190064073
-0.002771815 0.036688630 -0.999322832 -66.637214661 -0.025377838 0.999002278 0.036747240 0.764728665 0.999674082 0.025462516 -0.001837972 -0.178300112
0.022947140 0.037210379 -0.999043882 -67.182617188 -0.024737429 0.999022186 0.036641367 0.769911051 0.999430656 0.023872964 0.023845194 -0.153420329
0.052230805 0.036537983 -0.997966409 -67.701614380 -0.023310684 0.999102771 0.035359580 0.780506372 0.998362899 0.021416420 0.053035669 -0.105022430
0.086460359 0.036558166 -0.995584249 -68.207618713 -0.021960894 0.999153554 0.034782067 0.784338713 0.996013224 0.018856650 0.087190039 -0.040613174
0.123629995 0.036383420 -0.991661191 -68.679702759 -0.021569073 0.999190032 0.033970647 0.794712901 0.992093980 0.017189423 0.124314629 0.051742554
0.165095761 0.036523983 -0.985601008 -69.125686646 -0.021922426 0.999203086 0.033355869 0.797717333 0.986033857 0.016099853 0.165764913 0.135928154
0.210023671 0.037989479 -0.976957977 -69.526657104 -0.020405361 0.999197483 0.034467593 0.787955642 0.977483273 0.012696169 0.210630357 0.246571541
0.259073228 0.036630683 -0.965162814 -69.970046997 -0.017066263 0.999298096 0.033345222 0.791145682 0.965706885 0.007832864 0.259516597 0.389184952
0.308912337 0.031860676 -0.950556815 -70.375740051 -0.009615594 0.999492288 0.030376013 0.787876844 0.951041937 -0.000243358 0.309061915 0.571758270
0.359936953 0.026253585 -0.932607114 -70.771362305 -0.004278873 0.999639988 0.026489187 0.794468224 0.932966828 -0.005543927 0.359919667 0.769870758
0.411645532 0.021890428 -0.911081135 -71.149681091 0.000951099 0.999700665 0.024449401 0.792813957 0.911343575 -0.010931014 0.411501467 0.992103577
0.462797105 0.021100543 -0.886213064 -71.532493591 0.000735526 0.999707162 0.024186924 0.803288758 0.886463940 -0.011845474 0.462646097 1.226934433
0.510428786 0.020023549 -0.859686852 -71.883361816 0.001643353 0.999704242 0.024260513 0.810920477 0.859918416 -0.013796033 0.510244966 1.481546402
0.556186676 0.015557512 -0.830911756 -72.238632202 0.009389745 0.999643266 0.025001947 0.818589568 0.831004381 -0.021707797 0.555842161 1.761077881
0.599888206 0.008748918 -0.800035954 -72.558029175 0.019881926 0.999468446 0.025837842 0.823343933 0.799836636 -0.031406078 0.599395454 2.067592621
0.642372906 0.003404213 -0.766384661 -72.866020203 0.021601748 0.999512315 0.022546029 0.828505993 0.766087651 -0.031038208 0.641986132 2.378997803
0.683112741 -0.001433471 -0.730311513 -73.159797668 0.019242533 0.999686182 0.016036712 0.828738868 0.730059445 -0.025007924 0.682925940 2.704227448
0.723958015 -0.006932591 -0.689809263 -73.422973633 0.014501320 0.999881506 0.005170383 0.823804617 0.689691484 -0.013746286 0.723972678 3.020175934
0.763352633 -0.009509820 -0.645912051 -73.696319580 0.009738300 0.999947429 -0.003213385 0.827350914 0.645908594 -0.003837142 0.763405025 3.387962341
0.800503135 -0.010668052 -0.599233687 -73.958106995 0.008394470 0.999943078 -0.006587825 0.831933916 0.599269867 0.000243327 0.800547123 3.783546448
0.834580243 -0.012033190 -0.550755024 -74.206886292 0.008983776 0.999925733 -0.008233450 0.827332020 0.550813138 0.001923613 0.834626377 4.214218140
0.865401089 -0.009960982 -0.500980735 -74.446365356 0.005611621 0.999932349 -0.010188026 0.815606415 0.501048326 0.006005415 0.865398467 4.666103363
0.891404629 -0.008512621 -0.453128368 -74.656555176 0.005034999 0.999947906 -0.008880390 0.805080831 0.453180373 0.005634519 0.891401052 5.143394470
0.912463248 -0.002608449 -0.409150302 -74.847427368 -0.000635423 0.999969363 -0.007792171 0.793147087 0.409158111 0.007370053 0.912433743 5.639949799
0.930072069 0.001957581 -0.367371976 -75.035621643 -0.005760173 0.999940634 -0.009254679 0.785100162 0.367332011 0.010723645 0.930028081 6.153549194
0.943662822 0.007176916 -0.330830783 -75.224739075 -0.010427921 0.999913156 -0.008052901 0.779047489 0.330744267 0.011049101 0.943655729 6.694972992
0.953668177 0.007675887 -0.300762296 -75.383064270 -0.010023566 0.999930084 -0.006263442 0.768182278 0.300693214 0.008987954 0.953678548 7.260093689
0.961011767 0.006948913 -0.276420176 -75.536796570 -0.008633356 0.999950826 -0.004877309 0.760574818 0.276372731 0.007073584 0.961024523 7.843305588
0.966862202 0.007245435 -0.255195916 -75.691589355 -0.008213892 0.999962568 -0.002729429 0.748958468 0.255166531 0.004735133 0.966885507 8.455724716
0.971533716 0.010045117 -0.236688361 -75.845870972 -0.010404543 0.999945819 -0.000269508 0.744613051 0.236672863 0.002724470 0.971585572 9.075431824
0.975113869 0.014848221 -0.221207038 -75.993141174 -0.014957638 0.999887466 0.001180567 0.740239501 0.221199647 0.002157547 0.975226164 9.709890366
0.977905333 0.018532034 -0.208225578 -76.125976562 -0.018342288 0.999827683 0.002842204 0.730623186 0.208242387 0.001039928 0.978076696 10.355443954
0.980679810 0.017197896 -0.194862396 -76.256820679 -0.017002441 0.999851823 0.002675726 0.721876502 0.194879547 0.000689106 0.980826914 11.018281937
0.983277082 0.017270071 -0.181295455 -76.373809814 -0.017196475 0.999850273 0.001977897 0.717199922 0.181302458 0.001172822 0.983426690 11.695860863
0.985805154 0.017735403 -0.166954115 -76.490409851 -0.017588926 0.999842525 0.002356074 0.716171384 0.166969612 0.000613914 0.985961854 12.401993752
0.988065362 0.019079782 -0.152848929 -76.597557068 -0.018915346 0.999817908 0.002530007 0.715712547 0.152869388 0.000391378 0.988246322 13.112112045
0.989969194 0.019311139 -0.139957607 -76.702171326 -0.019534633 0.999809146 -0.000223141 0.704377532 0.139926553 0.002954924 0.990157425 13.830548286
0.991488278 0.019194031 -0.128773451 -76.798721313 -0.020009851 0.999787033 -0.005044409 0.689186931 0.128649235 0.007578210 0.991661191 14.565313339
0.992698133 0.019597912 -0.119023345 -76.890052795 -0.021090657 0.999713838 -0.011294838 0.670952082 0.118767932 0.013722644 0.992827237 15.301835060
0.993591309 0.018218549 -0.111554645 -76.974098206 -0.019611713 0.999742627 -0.011404012 0.658629239 0.111318171 0.013518707 0.993692875 16.062820435
0.994334638 0.020027254 -0.104392014 -77.063430786 -0.020684127 0.999772489 -0.005213437 0.645145953 0.104263857 0.007343158 0.994522631 16.829727173
0.994744420 0.024671312 -0.099373169 -77.147590637 -0.024508033 0.999695480 0.002863703 0.629419446 0.099413566 -0.000413214 0.995046198 17.596094131
0.995105147 0.025081938 -0.095587388 -77.214988708 -0.024567677 0.999676704 0.006553294 0.618143439 0.095720850 -0.004172856 0.995399594 18.357513428
0.995508969 0.024271501 -0.091503084 -77.301132202 -0.023849262 0.999699295 0.005705270 0.606398642 0.091614045 -0.003497365 0.995788455 19.123502731
0.995795071 0.023894729 -0.088437848 -77.369361877 -0.023623941 0.999712586 0.004107444 0.602513015 0.088510573 -0.002000919 0.996073186 19.888034821
0.996078134 0.023473715 -0.085308857 -77.460571289 -0.022957487 0.999711692 0.007027481 0.582908869 0.085449219 -0.005041441 0.996329784 20.693212509
0.996350884 0.021309564 -0.082649164 -77.524162292 -0.020582030 0.999741673 0.009644836 0.574026227 0.082833327 -0.007908553 0.996531963 21.463825226
0.996655345 0.019301118 -0.079408847 -77.585983276 -0.018449998 0.999764323 0.011438064 0.563842595 0.079610899 -0.009934713 0.996776521 22.226127625
0.996855021 0.018424176 -0.077076212 -77.640815735 -0.017888429 0.999810815 0.007635621 0.558279157 0.077202328 -0.006232835 0.996995926 22.982799530
0.996918261 0.021202020 -0.075527422 -77.706771851 -0.021228861 0.999774516 0.000447534 0.546070755 0.075519875 0.001157207 0.997143626 23.742303848
0.996999621 0.021930519 -0.074234076 -77.759384155 -0.022520771 0.999720991 -0.007123450 0.534254789 0.074057132 0.008773886 0.997215390 24.474199295
0.997078419 0.022841865 -0.072890185 -77.821617126 -0.023733228 0.999653459 -0.011386150 0.521536112 0.072604857 0.013082802 0.997274935 25.234115601
0.997204185 0.024793375 -0.070492417 -77.884971619 -0.025556672 0.999623835 -0.009946765 0.503329873 0.070219286 0.011720507 0.997462690 25.997642517
0.997280836 0.028005090 -0.068166830 -77.945617676 -0.028466197 0.999577999 -0.005802273 0.482851624 0.067975573 0.007726945 0.997657061 26.747684479
0.997343242 0.031419344 -0.065719917 -78.007644653 -0.031522650 0.999502897 -0.000535326 0.466697901 0.065670416 0.002605570 0.997837961 27.513380051
0.997598171 0.029221823 -0.062799551 -78.062477112 -0.029216839 0.999572635 0.000997914 0.455984592 0.062801868 0.000839287 0.998025656 28.273162842
0.997749805 0.026546184 -0.061568350 -78.112403870 -0.026517726 0.999647558 0.001279480 0.439279407 0.061580613 0.000356051 0.998102069 29.036956787
0.997888148 0.024392970 -0.060202930 -78.161705017 -0.024353841 0.999702454 0.001383786 0.423558593 0.060218770 0.000085309 0.998185217 29.788522720
0.997921228 0.024412079 -0.059642635 -78.203826904 -0.024492571 0.999699831 -0.000618783 0.413675934 0.059609622 0.002078298 0.998219550 30.531587601
0.998009384 0.022424435 -0.058944918 -78.248191833 -0.022571793 0.999743581 -0.001835089 0.402436137 0.058888659 0.003161929 0.998259544 31.287834167
0.998067856 0.020905990 -0.058510557 -78.290855408 -0.021053344 0.999776602 -0.001903015 0.390887380 0.058457699 0.003131181 0.998284996 32.045333862
0.998040140 0.024927026 -0.057398830 -78.348831177 -0.025020998 0.999686539 -0.000918914 0.379320085 0.057357933 0.002353289 0.998350918 32.820350647
0.998049259 0.024640962 -0.057363253 -78.395721436 -0.024773812 0.999691784 -0.001605725 0.366601676 0.057306014 0.003023698 0.998352110 33.596492767
0.997944415 0.024078602 -0.059389986 -78.439193726 -0.024218559 0.999705255 -0.001637817 0.352706164 0.059333049 0.003072791 0.998233497 34.370250702
0.997904062 0.021928728 -0.060881376 -78.496406555 -0.022036750 0.999756455 -0.001103329 0.340642452 0.060842358 0.002442644 0.998144448 35.158210754
0.997668624 0.023359733 -0.064122871 -78.552116394 -0.023493845 0.999723017 -0.001338151 0.329588383 0.064073846 0.002841524 0.997941196 35.952487946
0.997370601 0.027800120 -0.066925220 -78.615951538 -0.027939837 0.999608874 -0.001152315 0.310425818 0.066867016 0.003019165 0.997757316 36.731040955
0.997180641 0.028112723 -0.069573790 -78.681709290 -0.028600499 0.999572754 -0.006024524 0.297054201 0.069374703 0.007997383 0.997558653 37.526023865
0.997006834 0.028590893 -0.071831934 -78.751411438 -0.029341485 0.999525130 -0.009415737 0.284171879 0.071528614 0.011495210 0.997372329 38.316017151
0.996891260 0.028549703 -0.073434703 -78.825653076 -0.029430000 0.999506950 -0.010933246 0.269843906 0.073086374 0.013060442 0.997240126 39.111473083
0.996718168 0.029010886 -0.075571992 -78.894577026 -0.029825747 0.999508262 -0.009676183 0.253773808 0.075254090 0.011898419 0.997093379 39.938823700
0.996568024 0.027467867 -0.078087874 -78.957023621 -0.028267235 0.999558568 -0.009149742 0.237346649 0.077802069 0.011325670 0.996904492 40.763519287
0.996469438 0.027063740 -0.079475090 -79.028213501 -0.027727140 0.999589205 -0.007255438 0.218972981 0.079246067 0.009433440 0.996810496 41.588249207
0.996398091 0.026458386 -0.080565199 -79.103134155 -0.026790043 0.999636471 -0.003038339 0.202167898 0.080455519 0.005185741 0.996744692 42.411907196
0.996309340 0.026547002 -0.081627145 -79.175880432 -0.026542149 0.999647021 0.001144756 0.191374689 0.081628725 0.001026028 0.996662259 43.291862488
0.996380448 0.026335603 -0.080822937 -79.248794556 -0.026141118 0.999652267 0.003463653 0.176908463 0.080886051 -0.001338314 0.996722400 44.142532349
0.996430397 0.029551327 -0.079076633 -79.321235657 -0.029384850 0.999562800 0.003268318 0.167466030 0.079138659 -0.000932996 0.996863127 44.996910095
0.996595442 0.029051503 -0.077160664 -79.391845703 -0.028961670 0.999577940 0.002283308 0.156773776 0.077194437 -0.000040833 0.997016072 45.860580444
0.996774197 0.026795084 -0.075652711 -79.456245422 -0.026879558 0.999638736 -0.000098380 0.145182982 0.075622752 0.002131574 0.997134209 46.719867706
0.996986151 0.022710081 -0.074182220 -79.516258240 -0.022896348 0.999736428 -0.001661337 0.131496295 0.074124947 0.003354833 0.997243464 47.590919495
0.997170150 0.021599866 -0.072006837 -79.587348938 -0.021796010 0.999760687 -0.001939283 0.120582558 0.071947694 0.003503258 0.997402251 48.463935852
0.997280955 0.019306445 -0.071119078 -79.650779724 -0.019300647 0.999813557 0.000768763 0.104636893 0.071120650 0.000605972 0.997467518 49.339561462
0.997416615 0.016881337 -0.069822818 -79.718154907 -0.016718665 0.999855936 0.002913558 0.096520498 0.069861948 -0.001738687 0.997555137 50.215579987
0.997442007 0.016265314 -0.069605142 -79.773063660 -0.016061427 0.999864876 0.003487935 0.078240409 0.069652475 -0.002361055 0.997568488 51.092506409
0.997485697 0.018789746 -0.068333276 -79.835929871 -0.018830862 0.999822676 0.000042495 0.062915996 0.068321958 0.001244386 0.997662485 51.973644257
0.997499704 0.021159660 -0.067428917 -79.905876160 -0.021570915 0.999752820 -0.005376807 0.041566789 0.067298472 0.006817867 0.997709632 52.831722260
0.997512281 0.022994818 -0.066636801 -79.966743469 -0.023784364 0.999655724 -0.011079337 0.025600672 0.066359110 0.012636689 0.997715712 53.689353943
0.997440875 0.027888458 -0.065832347 -80.035369873 -0.029053975 0.999436438 -0.016813612 0.001833558 0.065326348 0.018683279 0.997689128 54.538864136
0.997514546 0.027932709 -0.064687580 -80.097839355 -0.029114636 0.999424577 -0.017401025 -0.028881431 0.064164303 0.019241134 0.997753859 55.384891510
0.997589529 0.024764363 -0.064822234 -80.151611328 -0.025596444 0.999599874 -0.012037331 -0.043634713 0.064498201 0.013667534 0.997824192 56.252067566
0.997563124 0.024457149 -0.065343075 -80.216987610 -0.024708379 0.999689996 -0.003039260 -0.067028359 0.065248497 0.004646375 0.997858167 57.116447449
0.997516394 0.023012619 -0.066569097 -80.275573730 -0.022729173 0.999729037 0.005012278 -0.089207798 0.066666417 -0.003486769 0.997769237 57.969318390
0.997401655 0.021233846 -0.068841763 -80.338027954 -0.021091046 0.999773622 0.002800573 -0.103024513 0.068885639 -0.001341351 0.997623682 58.809391022
0.997352004 0.016223304 -0.070892535 -80.400009155 -0.016320122 0.999866486 -0.000786644 -0.115331635 0.070870318 0.001941537 0.997483671 59.649757385
0.997206211 0.015125838 -0.073150650 -80.468963623 -0.015345667 0.999879241 -0.002444006 -0.137245253 0.073104858 0.003559723 0.997317851 60.483676910
0.996949792 0.016539875 -0.076272398 -80.531738281 -0.016942602 0.999845684 -0.004636003 -0.150451809 0.076183945 0.005914114 0.997076213 61.293220520
0.996668816 0.018045520 -0.079533689 -80.605514526 -0.018760582 0.999790013 -0.008252613 -0.167311013 0.079368062 0.009717221 0.996797979 62.113265991
0.996336043 0.018816119 -0.083428122 -80.681236267 -0.019826870 0.999739587 -0.011303226 -0.190539420 0.083193727 0.012915928 0.996449649 62.926540375
0.996026039 0.020814257 -0.086595736 -80.760231018 -0.022225304 0.999634981 -0.015362461 -0.213295817 0.086244360 0.017226029 0.996124983 63.738613129
0.995651066 0.025851911 -0.089502126 -80.853874207 -0.027307155 0.999513447 -0.015073002 -0.240885735 0.089068912 0.017451499 0.995872557 64.541801453
0.995227754 0.029590897 -0.092984505 -80.939849854 -0.030945368 0.999434531 -0.013158390 -0.262752473 0.092542551 0.015973035 0.995580673 65.346298218
0.994781315 0.032284066 -0.096787900 -81.030097961 -0.033145390 0.999423862 -0.007304133 -0.283918858 0.096496329 0.010474088 0.995278239 66.146629333
0.994333744 0.032771446 -0.101125747 -81.116760254 -0.033116005 0.999450088 -0.001729922 -0.303923905 0.101013437 0.005069005 0.994872153 66.961898804
0.993838072 0.032548774 -0.105955005 -81.205558777 -0.032527920 0.999468982 0.001925320 -0.319895118 0.105961405 0.001533040 0.994369090 67.755081177
0.993131101 0.032156717 -0.112500660 -81.300094604 -0.032026023 0.999482632 0.002969184 -0.330953717 0.112537928 0.000654159 0.993647218 68.544708252
0.992556036 0.029664224 -0.118120588 -81.399002075 -0.029080447 0.999554873 0.006663037 -0.342118561 0.118265659 -0.003178437 0.992976844 69.326698303
0.991718173 0.031009203 -0.124634378 -81.498374939 -0.030473074 0.999516249 0.006206212 -0.351047754 0.124766551 -0.002356820 0.992183268 70.105613708
0.990795493 0.035824932 -0.130540416 -81.614196777 -0.035419106 0.999357820 0.005429944 -0.361798376 0.130651101 -0.000756339 0.991428077 70.876785278
0.989980102 0.037982192 -0.136002854 -81.738609314 -0.038071077 0.999273062 0.001948281 -0.373351097 0.135977998 0.003249017 0.990706503 71.637916565
0.989107072 0.036956288 -0.142483190 -81.848281860 -0.037475757 0.999297082 -0.000963092 -0.381030530 0.142347440 0.006292267 0.989796758 72.390716553
0.988249719 0.038111836 -0.148020044 -81.969184875 -0.038832113 0.999243796 -0.001978127 -0.395586252 0.147832736 0.007702813 0.988982320 73.155105591
0.987491369 0.040176883 -0.152468249 -82.097923279 -0.040197983 0.999187350 0.002945346 -0.402030915 0.152462676 0.003220413 0.988303959 73.922744751
0.986559987 0.040622402 -0.158268929 -82.233436584 -0.039987948 0.999174297 0.007192511 -0.412111640 0.158430398 -0.000766995 0.987369835 74.689567566
0.985572517 0.040253844 -0.164397135 -82.366668701 -0.039207105 0.999184906 0.009608389 -0.429320216 0.164649904 -0.003024229 0.986347437 75.446571350
0.984479308 0.037840810 -0.171372101 -82.507095337 -0.037383020 0.999283612 0.005898780 -0.435938597 0.171472520 0.000599179 0.985188663 76.194984436
0.982982576 0.035557859 -0.180224672 -82.646423340 -0.036391519 0.999336720 -0.001320275 -0.442784369 0.180058211 0.007856456 0.983624518 76.939567566
0.981327236 0.032863218 -0.189517453 -82.795318604 -0.034046337 0.999415755 -0.002989575 -0.453347623 0.189308524 0.009386127 0.981872797 77.682693481
0.979179621 0.032665811 -0.200350478 -82.948791504 -0.033338044 0.999444127 0.000018600 -0.467625409 0.200239748 0.006661081 0.979724288 78.416900635
0.976834238 0.032665309 -0.211489677 -83.118179321 -0.032085821 0.999465942 0.006172132 -0.473605514 0.211578369 0.000756671 0.977360666 79.156196594
0.974310756 0.033819385 -0.222653911 -83.291152954 -0.031451743 0.999404788 0.014172173 -0.486341715 0.223000675 -0.006805246 0.974794447 79.866249084
0.971676171 0.034516476 -0.233781546 -83.477943420 -0.031248612 0.999355495 0.017669039 -0.492917299 0.234240741 -0.009863237 0.972128510 80.591926575
0.968717873 0.037782691 -0.245270923 -83.676315308 -0.035502948 0.999275446 0.013711266 -0.504687428 0.245611310 -0.004574509 0.969357550 81.308212280
0.965634584 0.037459288 -0.257189780 -83.882972717 -0.037553012 0.999284327 0.004549113 -0.508663654 0.257176101 0.005265470 0.966350198 82.009635925
0.962390065 0.035095308 -0.269394964 -84.091972351 -0.036523838 0.999332726 -0.000290618 -0.509752989 0.269205064 0.010119025 0.963029742 82.712226868
0.958916008 0.034002628 -0.281644732 -84.296287537 -0.034071453 0.999408484 0.004654279 -0.510796547 0.281636387 0.005132982 0.959507465 83.435562134
0.955484092 0.035236273 -0.292930961 -84.525947571 -0.033177637 0.999377549 0.011994721 -0.515983820 0.293171287 -0.001742006 0.956058383 84.157875061
0.951761186 0.035153106 -0.304819643 -84.763931274 -0.031325731 0.999357164 0.017439477 -0.519713640 0.305236727 -0.007049520 0.952250481 84.867141724
0.947648585 0.032794785 -0.317626685 -85.008758545 -0.029373597 0.999447525 0.015555414 -0.520287514 0.317961305 -0.005411228 0.948088229 85.577438354
0.943900347 0.031397462 -0.328734308 -85.267364502 -0.029218117 0.999506116 0.011568475 -0.527076602 0.328935176 -0.001314488 0.944351614 86.273826599
0.940801263 0.026704166 -0.337905049 -85.519577026 -0.026641343 0.999633372 0.004824338 -0.533759654 0.337909997 0.004463499 0.941167831 86.969673157
0.938019097 0.022841604 -0.345829874 -85.781616211 -0.024689678 0.999694705 -0.000939081 -0.540188491 0.345702827 0.009419302 0.938296735 87.671607971
0.935355663 0.022176187 -0.353012681 -86.054718018 -0.024877010 0.999685645 -0.003115002 -0.545696914 0.352832586 0.011695532 0.935613334 88.374000549
0.932293117 0.027866578 -0.360628635 -86.348991394 -0.030927258 0.999517918 -0.002717821 -0.562806606 0.360378981 0.013687059 0.932705522 89.079902649
0.929191172 0.027984841 -0.368538290 -86.624420166 -0.030274458 0.999541521 -0.000430749 -0.575247526 0.368357241 0.011557546 0.929612458 89.771408081
0.926082850 0.028246988 -0.376261145 -86.915176392 -0.027975183 0.999589443 0.006187335 -0.576919377 0.376281440 0.004795986 0.926492929 90.476226807
0.923232496 0.030286971 -0.383046120 -87.208175659 -0.026769591 0.999536335 0.014510965 -0.583485484 0.383308023 -0.003143007 0.923615217 91.185272217
0.920723140 0.040922098 -0.388064593 -87.535430908 -0.035353120 0.999143958 0.021482572 -0.594031811 0.388611495 -0.006060205 0.921381831 91.877883911
0.917753875 0.047154251 -0.394340336 -87.841857910 -0.043411542 0.998887539 0.018412255 -0.588522196 0.394769877 0.000221004 0.918780029 92.575996399
0.915397584 0.043708157 -0.400171161 -88.149734497 -0.042867012 0.999019682 0.011057621 -0.588395834 0.400262117 0.007032027 0.916373789 93.262466431
0.913535833 0.035971735 -0.405164599 -88.457244873 -0.037702851 0.999282122 0.003709599 -0.592334151 0.405007184 0.011887009 0.914236188 93.950386047
0.911570132 0.036351651 -0.409534395 -88.765747070 -0.038519200 0.999253511 0.002958384 -0.593545973 0.409336269 0.013078165 0.912289858 94.645156860
0.909640729 0.042956319 -0.413168848 -89.117095947 -0.043478739 0.999021173 0.008142518 -0.601425529 0.413114220 0.010557297 0.910618126 95.335212708
0.907062292 0.045317508 -0.418550313 -89.447364807 -0.044172954 0.998946607 0.012428971 -0.602397561 0.418672651 0.007214751 0.908108532 96.052970886
0.904890358 0.041585561 -0.423608631 -89.776290894 -0.041011594 0.999103785 0.010475008 -0.610427141 0.423664510 0.007894128 0.905784726 96.749038696
0.902585506 0.039952166 -0.428652793 -90.114006042 -0.042134855 0.999102294 0.004399790 -0.620084882 0.428443700 0.014090033 0.903458595 97.434349060
0.900449812 0.037360713 -0.433352619 -90.459075928 -0.042433023 0.999097228 -0.002034884 -0.625459433 0.432885379 0.020220768 0.901222110 98.126426697
