-0.974514842 0.054760572 0.217536315 -151.800094604 0.059863772 0.998062909 0.016933462 2.484074593 -0.216187641 0.029524455 -0.975905299 1.495235443
-0.978621602 0.053638212 0.198551133 -151.630554199 0.058540314 0.998106122 0.018897863 2.493655205 -0.197161466 0.030117106 -0.979908347 0.633758545
-0.982320726 0.050647989 0.180224016 -151.480346680 0.056065187 0.998111844 0.025089016 2.502310753 -0.178613007 0.034749754 -0.983305573 -0.247432709
-0.985538960 0.050586518 0.161721423 -151.335571289 0.055778190 0.998058200 0.027722325 2.514765501 -0.160005018 0.036341961 -0.986446917 -1.114717484
-0.988252103 0.050745644 0.144161493 -151.211898804 0.055283185 0.998087943 0.027643386 2.533535480 -0.142483011 0.035288338 -0.989168108 -1.999696732
-0.990523756 0.050448153 0.127740547 -151.096801758 0.053911429 0.998262048 0.023798794 2.546560764 -0.126317933 0.030459944 -0.991522074 -2.888406754
-0.992053807 0.054209687 0.113536350 -150.995254517 0.056969617 0.998150826 0.021204630 2.551928043 -0.112176895 0.027504260 -0.993307531 -3.784172058
-0.992817342 0.059962347 0.103528455 -150.910064697 0.062835604 0.997717798 0.024715705 2.572831154 -0.101810187 0.031043455 -0.994319320 -4.701894760
-0.993140280 0.065211795 0.097055592 -150.835586548 0.068811879 0.997042716 0.034216445 2.588817358 -0.094537258 0.040660307 -0.994690597 -5.632555008
-0.993236542 0.067785576 0.094266824 -150.755050659 0.072102964 0.996462524 0.043170132 2.610856533 -0.091007039 0.049675070 -0.994610548 -6.578474045
-0.993488193 0.066083252 0.092812434 -150.661880493 0.070333816 0.996583521 0.043295164 2.643375158 -0.089634247 0.049541082 -0.994741917 -7.513049126
-0.993761420 0.063041024 0.091999739 -150.574981689 0.067020535 0.996916115 0.040824201 2.665280104 -0.089142412 0.046735384 -0.994921863 -8.450401306
-0.994162738 0.058064990 0.090932764 -150.477340698 0.061568476 0.997445941 0.036206897 2.692919254 -0.088598162 0.041594137 -0.995198667 -9.401509285
-0.994688809 0.049574651 0.090202376 -150.373748779 0.052866034 0.998006463 0.034471776 2.711751461 -0.088313617 0.039057333 -0.995326698 -10.398195267
-0.994951069 0.044490315 0.089961529 -150.269668579 0.047750618 0.998266041 0.034418561 2.736624002 -0.088274255 0.038540505 -0.995350301 -11.381354332
-0.994966984 0.042410307 0.090786017 -150.174438477 0.045898415 0.998272359 0.036683746 2.759255648 -0.089073397 0.040666047 -0.995194495 -12.378835678
-0.995030046 0.039802153 0.091274336 -150.065719604 0.043417361 0.998335242 0.037970025 2.786720753 -0.089611106 0.041744202 -0.995101631 -13.383703232
-0.994917512 0.039462004 0.092639565 -149.976547241 0.043217029 0.998308778 0.038883016 2.808047056 -0.090948522 0.042688996 -0.994940221 -14.390817642
-0.994885862 0.037252072 0.093884163 -149.872848511 0.040933587 0.998454332 0.037596971 2.836766958 -0.092338450 0.041247714 -0.994872928 -15.413084030
-0.994863331 0.035569374 0.094771653 -149.771820068 0.039129473 0.998586357 0.035974793 2.855473995 -0.093358077 0.039498374 -0.994848847 -16.429203033
-0.994898617 0.033087414 0.095298566 -149.659530640 0.036475793 0.998754740 0.034035198 2.878410101 -0.094053768 0.037337665 -0.994866669 -17.473751068
-0.994996250 0.031370834 0.094859689 -149.554870605 0.034628697 0.998858750 0.032894801 2.902331829 -0.093719520 0.036015075 -0.994946957 -18.515882492
-0.995217443 0.028626662 0.093395680 -149.447967529 0.031846475 0.998942256 0.033168357 2.922403574 -0.092347398 0.035984054 -0.995076358 -19.565834045
-0.995404005 0.026763709 0.091948666 -149.346496582 0.030008484 0.998968184 0.034089394 2.940375805 -0.090941429 0.036691960 -0.995180011 -20.615526199
-0.995543242 0.027096583 0.090331040 -149.247100830 0.030299185 0.998953104 0.034273099 2.962476254 -0.089307800 0.036857303 -0.995321870 -21.674053192
-0.995693266 0.026226081 0.088921972 -149.146759033 0.029398605 0.998970211 0.034557529 2.981525421 -0.087924086 0.037022881 -0.995438874 -22.724531174
-0.995800197 0.025881886 0.087818228 -149.053649902 0.029173026 0.998911440 0.036402520 2.997477293 -0.086780421 0.038811564 -0.995471179 -23.777641296
-0.995847642 0.025515070 0.087386146 -148.960327148 0.028968511 0.998839319 0.038481768 3.019310713 -0.086302824 0.040853433 -0.995430946 -24.828361511
-0.995990217 0.024629494 0.086006396 -148.859664917 0.028161831 0.998798668 0.040101580 3.043033838 -0.084915370 0.042362876 -0.995487213 -25.880207062
-0.996087432 0.023457387 0.085203014 -148.768249512 0.026853301 0.998880982 0.038931672 3.061751366 -0.084194437 0.041067332 -0.995602667 -26.926067352
-0.996168792 0.023469271 0.084242202 -148.668518066 0.026601726 0.998988330 0.036255989 3.082721472 -0.083306059 0.038358077 -0.995785534 -27.966270447
-0.996260643 0.022631742 0.083380833 -148.579986572 0.025654987 0.999045014 0.035366938 3.098616600 -0.082500778 0.037373826 -0.995889962 -28.992099762
-0.996373951 0.022441667 0.082068890 -148.493942261 0.025425507 0.999046385 0.035495214 3.116009235 -0.081194051 0.037453149 -0.995994389 -30.049053192
-0.996531546 0.021480488 0.080394529 -148.406066895 0.024447449 0.999049008 0.036104470 3.138705254 -0.079542525 0.037944686 -0.996108949 -31.086467743
-0.996793270 0.020028731 0.077472053 -148.315460205 0.023028428 0.999011457 0.038022105 3.155467033 -0.076633915 0.039684232 -0.996269286 -32.116821289
-0.997009695 0.019379493 0.074808702 -148.237335205 0.022263683 0.999032795 0.037914656 3.173566341 -0.074001610 0.039466791 -0.996476829 -33.160812378
-0.997281313 0.017854474 0.071492590 -148.156616211 0.020540772 0.999103427 0.037017290 3.194710970 -0.070767559 0.038385160 -0.996753991 -34.188247681
-0.997536123 0.016803481 0.068112381 -148.078628540 0.019287743 0.999166310 0.035980880 3.212249756 -0.067451015 0.037205961 -0.997028589 -35.207450867
-0.997714400 0.016656442 0.065486960 -148.004104614 0.019156702 0.999104023 0.037738666 3.225074291 -0.064799733 0.038906924 -0.997139454 -36.225147247
-0.997897744 0.016571723 0.062653571 -147.934463501 0.019048335 0.999052107 0.039140195 3.244342566 -0.061945565 0.040251352 -0.997267544 -37.243137360
-0.998051286 0.017339526 0.059941445 -147.867645264 0.019789198 0.998982787 0.040518522 3.263641834 -0.059177902 0.041625757 -0.997379184 -38.260654449
-0.998142719 0.018401781 0.058072634 -147.809783936 0.020787774 0.998952925 0.040753219 3.285459518 -0.057261888 0.041884724 -0.997480154 -39.282886505
-0.998286009 0.018207511 0.055619825 -147.751251221 0.020448845 0.998990476 0.039997704 3.306563139 -0.054835390 0.041066509 -0.997650564 -40.284999847
-0.998373091 0.018804520 0.053829215 -147.695465088 0.020919375 0.999020278 0.038998164 3.330739975 -0.053043131 0.040060792 -0.997788310 -41.301342010
-0.998451531 0.018424161 0.052490789 -147.641052246 0.020498471 0.999018788 0.039257143 3.347953558 -0.051716007 0.040272333 -0.997849464 -42.306427002
-0.998553038 0.016976099 0.051025134 -147.581451416 0.019024296 0.999021471 0.039927304 3.369530678 -0.050297361 0.040840250 -0.997898936 -43.308315277
-0.998596191 0.016430309 0.050356787 -147.528060913 0.018389974 0.999081552 0.038702581 3.385818958 -0.049674667 0.039574314 -0.997981131 -44.312316895
-0.998633265 0.016034156 0.049744159 -147.476516724 0.017750867 0.999255180 0.034263123 3.403086185 -0.049157731 0.035099294 -0.998174131 -45.299339294
-0.998656750 0.014787637 0.049660146 -147.423400879 0.016371837 0.999365091 0.031647112 3.417662621 -0.049160630 0.032417629 -0.998264730 -46.285636902
-0.998620272 0.015950436 0.050029736 -147.369674683 0.017476963 0.999390244 0.030224895 3.434401035 -0.049517132 0.031057563 -0.998290241 -47.277008057
-0.998578906 0.016629629 0.050632823 -147.316436768 0.018215800 0.999352574 0.031028410 3.450754166 -0.050084021 0.031906635 -0.998235226 -48.268676758
-0.998512268 0.018349560 0.051346023 -147.262008667 0.020020587 0.999280155 0.032221731 3.460907936 -0.050717805 0.033201769 -0.998161018 -49.252525330
-0.998432815 0.020412764 0.052107543 -147.209213257 0.022159319 0.999204278 0.033163644 3.473515034 -0.051389147 0.034266341 -0.998090684 -50.231815338
-0.998356402 0.021418061 0.053157412 -147.152359009 0.023249013 0.999149084 0.034068067 3.485767841 -0.052382499 0.035247933 -0.998004854 -51.212272644
-0.998324037 0.021900861 0.053567201 -147.092376709 0.023761742 0.999127328 0.034352556 3.503058434 -0.052768115 0.035567835 -0.997973144 -52.188392639
-0.998275101 0.021066042 0.054800149 -147.039916992 0.023014236 0.999116480 0.035166178 3.513243675 -0.054010924 0.036366709 -0.997877836 -53.157791138
-0.998219013 0.021134015 0.055786956 -146.982498169 0.023036644 0.999167025 0.033685368 3.531911373 -0.055028562 0.034910522 -0.997874320 -54.125179291
-0.998070121 0.023415128 0.057512958 -146.921813965 0.025341567 0.999134183 0.032997873 3.539123297 -0.056690518 0.034391668 -0.997799277 -55.079032898
-0.997868955 0.024650812 0.060414284 -146.863021851 0.026595039 0.999147117 0.031591605 3.552438736 -0.059583992 0.033131007 -0.997673333 -56.021099091
-0.997724414 0.023301613 0.063269541 -146.796356201 0.025306376 0.999196768 0.031071736 3.564919710 -0.062494688 0.032602154 -0.997512639 -56.969974518
-0.997610569 0.022829402 0.065206446 -146.721389771 0.024802878 0.999253631 0.029617665 3.570892334 -0.064481579 0.031164208 -0.997432232 -57.910827637
-0.997457981 0.022856675 0.067491151 -146.660568237 0.024871368 0.999265134 0.029163301 3.578533649 -0.066775016 0.030767767 -0.997293472 -58.845886230
-0.997410595 0.021758370 0.068546712 -146.591888428 0.023819905 0.999283791 0.029402396 3.591549397 -0.067857876 0.030959036 -0.997214496 -59.783863068
-0.997424006 0.020138303 0.068846300 -146.516128540 0.022367522 0.999245107 0.031763569 3.598093987 -0.068154663 0.033221666 -0.997121453 -60.705535889
-0.997479200 0.019764362 0.068151258 -146.446914673 0.022122215 0.999176383 0.034017965 3.602286816 -0.067422777 0.035439868 -0.997094989 -61.615612030
-0.997541428 0.019234851 0.067387238 -146.383163452 0.021630149 0.999153316 0.034997772 3.613740921 -0.066656999 0.036369324 -0.997112930 -62.522735596
-0.997671962 0.018175386 0.065730795 -146.315048218 0.020529199 0.999165535 0.035313673 3.626033306 -0.065034136 0.036580864 -0.997212291 -63.414382935
-0.997842669 0.016413998 0.063565820 -146.254043579 0.018692175 0.999198020 0.035412382 3.638815880 -0.062933587 0.036524173 -0.997349083 -64.296875000
-0.998077035 0.016195418 0.059832338 -146.197586060 0.018339792 0.999202609 0.035466164 3.653110504 -0.059210204 0.036495272 -0.997578323 -65.159118652
-0.998387992 0.016675236 0.054252975 -146.146957397 0.018621601 0.999193668 0.035570286 3.663386345 -0.053616088 0.036523223 -0.997893453 -66.006523132
-0.998727858 0.017704997 0.047213260 -146.107055664 0.019403888 0.999171555 0.035771258 3.671518326 -0.046540815 0.036641870 -0.998244107 -66.836723328
-0.999031186 0.019501185 0.039451826 -146.077514648 0.020934565 0.999123394 0.036251388 3.686309814 -0.038710333 0.037042178 -0.998563588 -67.649482727
-0.999257743 0.022034233 0.031598706 -146.054458618 0.023221118 0.999019384 0.037699658 3.698518515 -0.030737037 0.038405437 -0.998789310 -68.437705994
-0.999387801 0.025502633 0.023946101 -146.045074463 0.026407115 0.998919308 0.038247850 3.706972599 -0.022944769 0.038856786 -0.998981297 -69.211959839
-0.999493957 0.027253862 0.016411738 -146.035140991 0.027870007 0.998867393 0.038563665 3.722331762 -0.015342143 0.039001539 -0.999121368 -69.952682495
-0.999539971 0.028849810 0.009356376 -146.039505005 0.029197695 0.998794317 0.039462894 3.733508587 -0.008206602 0.039717928 -0.999177217 -70.679626465
-0.999559760 0.029582493 0.002253534 -146.036010742 0.029648338 0.998783767 0.039394546 3.743815660 -0.001085404 0.039444018 -0.999221206 -71.370880127
-0.999508560 0.031105585 -0.003864830 -146.044250488 0.030932322 0.998766720 0.038836662 3.754611492 0.005068101 0.038698029 -0.999238074 -72.036949158
-0.999424040 0.032494273 -0.009780338 -146.050964355 0.032094017 0.998738408 0.038622357 3.762651682 0.011023011 0.038286224 -0.999205947 -72.671142578
-0.999324918 0.033503667 -0.015082845 -146.063369751 0.032905385 0.998724163 0.038305800 3.771906853 0.016346989 0.037783630 -0.999152243 -73.276039124
-0.999157488 0.036032226 -0.019647753 -146.086151123 0.035273537 0.998667061 0.037682708 3.780349255 0.020979356 0.036957912 -0.999096572 -73.864440918
-0.999011397 0.037213776 -0.024315599 -146.098526001 0.036247984 0.998580754 0.039020427 3.790532827 0.025733184 0.038100462 -0.998942494 -74.413574219
-0.998882592 0.038143188 -0.027901720 -146.117462158 0.036980908 0.998472571 0.041048769 3.794373274 0.029424829 0.039971076 -0.998767436 -74.933036804
-0.998723269 0.038850226 -0.032286022 -146.125076294 0.037475739 0.998408675 0.042139098 3.801483154 0.033871785 0.040875357 -0.998589933 -75.440452576
-0.998597562 0.039441831 -0.035317015 -146.144790649 0.037924934 0.998370588 0.042637158 3.810713530 0.036941100 0.041237965 -0.998466134 -75.915168762
-0.998443305 0.041080315 -0.037728246 -146.165008545 0.039440867 0.998286963 0.043216296 3.821220398 0.039438941 0.041660983 -0.998353064 -76.353164673
-0.998269796 0.043621860 -0.039425876 -146.187362671 0.041900028 0.998174787 0.043491781 3.825765848 0.041251130 0.041764587 -0.998275518 -76.764595032
-0.998195767 0.044340950 -0.040482327 -146.215332031 0.042535648 0.998107135 0.044416949 3.837949991 0.042375192 0.042614877 -0.998192489 -77.150894165
-0.998215020 0.043857634 -0.040537763 -146.224990845 0.041994505 0.998071015 0.045722667 3.843652487 0.042464882 0.043938685 -0.998131454 -77.485519409
-0.998282373 0.042105809 -0.040737830 -146.229400635 0.040257089 0.998167157 0.045184143 3.863006592 0.042565733 0.043466538 -0.998147786 -77.789375305
-0.998262048 0.042567380 -0.040755048 -146.226776123 0.040686321 0.998116016 0.045922711 3.865809917 0.042633072 0.044184722 -0.998113334 -78.039154053
-0.998399258 0.040263057 -0.039722197 -146.221740723 0.038452584 0.998231530 0.045335338 3.863802195 0.041477285 0.043735348 -0.998181760 -78.280761719
-0.998593688 0.037070643 -0.037900127 -146.213607788 0.035358131 0.998365641 0.044898301 3.849499464 0.039502572 0.043495085 -0.998272479 -78.496528625
-0.998754382 0.036119979 -0.034424476 -146.229949951 0.034606386 0.998449743 0.043594178 3.851621866 0.035945714 0.042348575 -0.998456061 -78.734176636
-0.998869538 0.035567693 -0.031534828 -146.232208252 0.034274712 0.998585999 0.040635332 3.860472679 0.032935537 0.039508551 -0.998676300 -78.914955139
-0.998919070 0.036099583 -0.029282898 -146.233886719 0.034957599 0.998642564 0.038615264 3.865775108 0.030637123 0.037549865 -0.998825073 -79.107154846
-0.998961449 0.036921613 -0.026697576 -146.240310669 0.035878636 0.998612583 0.038543064 3.866169930 0.028083608 0.037545163 -0.998900235 -79.295730591
-0.999060869 0.035685338 -0.024573019 -146.232727051 0.034694262 0.998611510 0.039641209 3.866934776 0.025953494 0.038751438 -0.998911798 -79.472457886
-0.999191761 0.033939432 -0.021537188 -146.236328125 0.033069398 0.998670518 0.039542377 3.877541542 0.022850569 0.038798198 -0.998985767 -79.647964478
-0.999310791 0.032247771 -0.018383583 -146.235366821 0.031511392 0.998741090 0.039029032 3.876720428 0.019619031 0.038422842 -0.999068975 -79.816108704
-0.999331892 0.033277698 -0.015110416 -146.219207764 0.032675110 0.998723745 0.038512867 3.875286102 0.016372720 0.037993401 -0.999143839 -79.967720032
-0.999352574 0.034348711 -0.010696512 -146.211898804 0.033928543 0.998729765 0.037254181 3.884928703 0.011962544 0.036867149 -0.999248624 -80.099273682
-0.999391675 0.034496248 -0.005128216 -146.212539673 0.034285117 0.998736620 0.036738690 3.887381792 0.006389063 0.036540519 -0.999311805 -80.227005005
-0.999440193 0.033352040 0.002597906 -146.224807739 0.033424824 0.998771131 0.036592886 3.890614271 -0.001374278 0.036659237 -0.999326944 -80.359329224
-0.999470890 0.030823726 0.010380920 -146.214141846 0.031186795 0.998834133 0.036847364 3.881645441 -0.009233035 0.037151620 -0.999266982 -80.469848633
-0.999437332 0.028682189 0.017380897 -146.194595337 0.029303599 0.998899519 0.036620408 3.887479305 -0.016311433 0.037109125 -0.999178112 -80.564590454
-0.999322891 0.027388401 0.024568144 -146.185134888 0.028295452 0.998901010 0.037365291 3.893790483 -0.023517761 0.038035154 -0.998999655 -80.670669556
-0.999198079 0.025790814 0.030629426 -146.166397095 0.026956087 0.998904109 0.038261268 3.888296127 -0.029609077 0.039056234 -0.998798192 -80.751655579
-0.999043465 0.025295258 0.035668857 -146.166076660 0.026653497 0.998917162 0.038132321 3.891613245 -0.034665674 0.039046548 -0.998635888 -80.798942566
-0.998877704 0.025707021 0.039779063 -146.155914307 0.027182892 0.998944938 0.037016757 3.896002293 -0.038785547 0.038056526 -0.998522580 -80.852745056
-0.998766184 0.025345454 0.042702712 -146.148132324 0.026925454 0.998958290 0.036840346 3.896500587 -0.041724533 0.037944682 -0.998408377 -80.885978699
-0.998681247 0.025634322 0.044480789 -146.138275146 0.027268637 0.998960376 0.036532868 3.900279284 -0.043498058 0.037697624 -0.998341978 -80.911888123
-0.998585761 0.024792546 0.047030050 -146.147933960 0.026510671 0.998990357 0.036267452 3.894651890 -0.046083417 0.037462961 -0.998234868 -80.925926208
-0.998569369 0.024638323 0.047454976 -146.139572144 0.026377613 0.998989820 0.036380731 3.897582531 -0.046510693 0.037580438 -0.998210609 -80.943374634
-0.998580098 0.024732571 0.047179695 -146.141372681 0.026465740 0.998984158 0.036471624 3.894517899 -0.046229731 0.037668489 -0.998220384 -80.935195923
-0.998572111 0.025381962 0.047005218 -146.135223389 0.027086636 0.998984993 0.035991035 3.890646458 -0.046043999 0.037212860 -0.998246074 -80.918937683
-0.998554528 0.025733082 0.047186378 -146.139251709 0.027380746 0.999025762 0.034610882 3.888769388 -0.046249781 0.035852857 -0.998286307 -80.905532837
-0.998572767 0.025536595 0.046907865 -146.140472412 0.027151395 0.999048948 0.034116589 3.890892506 -0.045992050 0.035341505 -0.998316467 -80.913673401
-0.998557448 0.025561236 0.047217771 -146.131332397 0.027201174 0.999037087 0.034421667 3.896520853 -0.046292458 0.035656393 -0.998291373 -80.928993225
-0.998593509 0.025801696 0.046316527 -146.100555420 0.027386896 0.999049067 0.033923525 3.897891045 -0.045397211 0.035144277 -0.998350620 -80.938705444
-0.998623252 0.025669739 0.045745928 -146.089385986 0.027239937 0.999049246 0.034038085 3.894162416 -0.044828709 0.035237338 -0.998373032 -80.939361572
-0.998571694 0.025593812 0.046899665 -146.111312866 0.027236605 0.999025464 0.034730129 3.888109922 -0.045965102 0.035957914 -0.998295724 -80.938110352
-0.998541474 0.025704401 0.047478039 -146.129928589 0.027337318 0.999045491 0.034070209 3.893580198 -0.046556961 0.035318442 -0.998291016 -80.936805725
-0.998531461 0.025387324 0.047858082 -146.142410278 0.027025437 0.999059856 0.033898134 3.898165703 -0.046952553 0.035141744 -0.998278737 -80.933486938
-0.998527169 0.025566874 0.047850814 -146.147094727 0.027210101 0.999051034 0.034010310 3.897055864 -0.046935856 0.035262249 -0.998275280 -80.939399719
-0.998531044 0.025248718 0.047937989 -146.147369385 0.026897373 0.999057591 0.034063641 3.897484064 -0.047032762 0.035303012 -0.998269320 -80.943504333
-0.998519838 0.025631849 0.047968525 -146.137847900 0.027291408 0.999040008 0.034267884 3.894143820 -0.047044128 0.035526291 -0.998260915 -80.928665161
-0.998482227 0.025912102 0.048598941 -146.150024414 0.027584104 0.999039233 0.034054819 3.895468950 -0.047669843 0.035343692 -0.998237669 -80.934738159
-0.998488426 0.025833953 0.048510853 -146.147048950 0.027503395 0.999041021 0.034067694 3.895051718 -0.047584217 0.035350412 -0.998241544 -80.928634644
-0.998479962 0.026057038 0.048567459 -146.145843506 0.027732827 0.999031663 0.034155920 3.895360470 -0.047630455 0.035450913 -0.998235703 -80.924774170
-0.998481333 0.025956951 0.048593439 -146.143875122 0.027621292 0.999043465 0.033897985 3.898548841 -0.047667086 0.035188716 -0.998243332 -80.941680908
-0.998494446 0.026001804 0.048299257 -146.134277344 0.027665570 0.999035239 0.034104005 3.893944740 -0.047365885 0.035388883 -0.998250544 -80.934722900
-0.998483837 0.026049225 0.048491571 -146.134902954 0.027724095 0.999030590 0.034193389 3.893238306 -0.047553841 0.035485931 -0.998238146 -80.928123474
-0.998473048 0.026050873 0.048712891 -146.136688232 0.027727658 0.999034762 0.034068778 3.893774271 -0.047778364 0.035367452 -0.998231649 -80.925727844
-0.998429298 0.026258776 0.049490683 -146.143539429 0.027971145 0.999022484 0.034230854 3.891901016 -0.048543464 0.035561405 -0.998187780 -80.926406860
-0.998425484 0.026387621 0.049499482 -146.133728027 0.028086878 0.999028742 0.033953380 3.896008015 -0.048555452 0.035290208 -0.998196781 -80.933013916
-0.998389602 0.026594799 0.050106890 -146.138656616 0.028306942 0.999028563 0.033775855 3.897277832 -0.049159944 0.035139844 -0.998172641 -80.929130554
-0.998386860 0.026515881 0.050203234 -146.134811401 0.028236944 0.999026656 0.033888903 3.896448374 -0.049255788 0.035251822 -0.998163939 -80.939140320
-0.998358607 0.026689133 0.050671879 -146.137573242 0.028421937 0.999024749 0.033789642 3.898938179 -0.049720645 0.035174377 -0.998143554 -80.938186646
-0.998366535 0.026839824 0.050436139 -146.134185791 0.028572369 0.999015093 0.033950176 3.896369219 -0.049475238 0.035335802 -0.998150051 -80.940574646
-0.998344481 0.026927322 0.050825048 -146.140350342 0.028666135 0.999017477 0.033798650 3.898633242 -0.049865000 0.035199657 -0.998135507 -80.926612854
-0.998331726 0.026864847 0.051107086 -146.144454956 0.028617404 0.999016285 0.033874951 3.897129774 -0.050146781 0.035280991 -0.998118460 -80.925193787
-0.998360395 0.027147567 0.050394226 -146.125366211 0.028887540 0.998999953 0.034126125 3.893875360 -0.049417395 0.035525940 -0.998146176 -80.922058105
-0.998384655 0.026853774 0.050068602 -146.108535767 0.028596455 0.998998284 0.034420665 3.887165070 -0.049094126 0.035796851 -0.998152435 -80.923530579
-0.998396635 0.027393047 0.049536239 -146.092056274 0.029114755 0.998984814 0.034375615 3.890394926 -0.048544325 0.035762731 -0.998180568 -80.925445557
-0.998369098 0.027205432 0.050188608 -146.100891113 0.028917911 0.999013007 0.033716414 3.901567221 -0.049221806 0.035112780 -0.998170495 -80.933990479
-0.998315513 0.027291186 0.051198322 -146.138900757 0.029071920 0.998986423 0.034365032 3.889771223 -0.050208583 0.035795584 -0.998097003 -80.901679993
-0.998326063 0.027067550 0.051111326 -146.130935669 0.028841052 0.998995781 0.034286074 3.892648458 -0.050131969 0.035702787 -0.998104215 -80.913337708
-0.998280406 0.027262086 0.051894441 -146.141128540 0.029060962 0.998991311 0.034231029 3.890914202 -0.050908916 0.035680272 -0.998065710 -80.919082642
-0.998300850 0.026998419 0.051638804 -146.134872437 0.028780043 0.999004781 0.034074880 3.893206596 -0.050667442 0.035503145 -0.998084307 -80.917434692
-0.998263538 0.027363362 0.052162971 -146.136871338 0.029147439 0.999005079 0.033753727 3.901103020 -0.051187485 0.035215538 -0.998067915 -80.930000305
-0.998260915 0.027261708 0.052268311 -146.139709473 0.029057480 0.999002457 0.033910468 3.895551920 -0.051291723 0.035370279 -0.998057127 -80.926361084
-0.998236239 0.027587408 0.052565902 -146.141006470 0.029383425 0.998999774 0.033706166 3.901416540 -0.051583458 0.035191286 -0.998048425 -80.933723450
-0.998259306 0.027423413 0.052212760 -146.131378174 0.029203910 0.999006987 0.033648867 3.901023149 -0.051238168 0.035115112 -0.998068869 -80.926681519
-0.998256981 0.027394602 0.052274399 -146.124160767 0.029169880 0.999012768 0.033505403 3.904423952 -0.051304940 0.034971837 -0.998070538 -80.949234009
-0.998303235 0.027287863 0.051439777 -146.106903076 0.029058710 0.998999417 0.033997983 3.897092819 -0.050460611 0.035435069 -0.998097241 -80.942161560
-0.998285711 0.027367128 0.051735066 -146.110824585 0.029145099 0.998999119 0.033930689 3.896096945 -0.050754678 0.035380349 -0.998084247 -80.947692871
-0.998310626 0.027212257 0.051336423 -146.102859497 0.028968330 0.999009490 0.033778973 3.898689747 -0.050366383 0.035209045 -0.998109996 -80.941658020
-0.998273790 0.027413255 0.051941063 -146.116912842 0.029191386 0.999002576 0.033790044 3.900561333 -0.050962958 0.035247948 -0.998078346 -80.945518494
-0.998283267 0.027416989 0.051757570 -146.113662720 0.029187333 0.999003589 0.033764262 3.900049686 -0.050780293 0.035216961 -0.998088777 -80.942214966
-0.998259306 0.027203912 0.052328207 -146.129776001 0.028998945 0.999005973 0.033855684 3.898033619 -0.051355209 0.035314213 -0.998055935 -80.930717468
-0.998258710 0.027356800 0.052260268 -146.128219604 0.029149985 0.999001324 0.033864338 3.898453951 -0.051281657 0.035328764 -0.998059094 -80.934211731
-0.998237610 0.027312903 0.052683473 -146.139190674 0.029132497 0.998994291 0.034085132 3.892978191 -0.051699549 0.035559870 -0.998029351 -80.930694580
-0.998251617 0.027264409 0.052443422 -146.132278442 0.029063124 0.999004364 0.033846855 3.898453951 -0.051468428 0.035311848 -0.998050094 -80.932853699
-0.998205602 0.027397685 0.053243332 -146.146881104 0.029235916 0.998992145 0.034058481 3.895023584 -0.052256588 0.035553988 -0.998000562 -80.932479858
-0.998226523 0.027355699 0.052870236 -146.143371582 0.029177753 0.998995781 0.034003794 3.895954132 -0.051886965 0.035486128 -0.998022258 -80.929313660
-0.998162568 0.027563833 0.053960294 -146.148178101 0.029415533 0.998994768 0.033827838 3.897274256 -0.052973658 0.035352949 -0.997969925 -80.937774658
-0.998041928 0.027288491 0.056281324 -146.145095825 0.029226622 0.998997629 0.033905707 3.885865211 -0.055299692 0.035484236 -0.997839093 -80.932075500
-0.997976601 0.026698099 0.057705671 -146.131622314 0.028642783 0.999040306 0.033139888 3.895192862 -0.056765512 0.034725685 -0.997783482 -80.937118530
-0.997814059 0.026125895 0.060701862 -146.125854492 0.028185770 0.999046862 0.033329405 3.888026714 -0.059773292 0.034967478 -0.997599304 -80.941879272
-0.997456372 0.026591133 0.066135071 -146.132736206 0.028815012 0.999043107 0.032902766 3.895120621 -0.065196872 0.034724757 -0.997268081 -80.962059021
-0.997143924 0.026106726 0.070868909 -146.099960327 0.028482974 0.999058306 0.032729149 3.894291878 -0.069947734 0.034654230 -0.996948540 -81.005783081
-0.996755302 0.025889661 0.076213256 -146.071929932 0.028455544 0.999057591 0.032775868 3.900276184 -0.075292885 0.034838211 -0.996552706 -81.012680054
-0.996156693 0.025262782 0.083866030 -146.046630859 0.028108908 0.999062240 0.032930963 3.892160416 -0.082955472 0.035161778 -0.995932817 -81.052955627
-0.995369673 0.024947541 0.092826799 -146.035690308 0.028068274 0.999078691 0.032466486 3.894862175 -0.091931313 0.034921646 -0.995152771 -81.077072144
-0.994468153 0.024478111 0.102145664 -146.017349243 0.027956419 0.999072194 0.032760803 3.887627602 -0.101248994 0.035435207 -0.994229794 -81.112426758
-0.993224561 0.023869447 0.113732733 -146.029129028 0.027698517 0.999097407 0.032206669 3.895601988 -0.112861335 0.035138689 -0.992989182 -81.138931274
-0.991774499 0.023754720 0.125774384 -146.022735596 0.028059296 0.999075711 0.032564096 3.889873981 -0.124884561 0.035825379 -0.991524220 -81.177558899
-0.990032375 0.023602510 0.138847649 -145.998596191 0.028322661 0.999082744 0.032117914 3.888722658 -0.137962222 0.035730317 -0.989792764 -81.230728149
-0.987894535 0.023338130 0.153361887 -145.983184814 0.028395180 0.999120116 0.030867176 3.892356873 -0.152506575 0.034848250 -0.987687886 -81.276252747
-0.985342324 0.021823537 0.169186696 -145.955230713 0.027039450 0.999225557 0.028586678 3.894793987 -0.168431818 0.032742377 -0.985169351 -81.327148438
-0.982353866 0.021452973 0.185797229 -145.907012939 0.026819635 0.999291122 0.026419174 3.897571564 -0.185098767 0.030935992 -0.982232928 -81.407684326
-0.978834450 0.018915672 0.203777283 -145.878936768 0.024613140 0.999372780 0.025461059 3.894440174 -0.203167841 0.029937763 -0.978686154 -81.480209351
-0.974841297 0.018031653 0.222169459 -145.834655762 0.024417125 0.999363005 0.026028125 3.898194313 -0.221558601 0.030798035 -0.974660575 -81.597206116
-0.970231473 0.019033315 0.241430163 -145.792297363 0.026310556 0.999290407 0.026954072 3.902763605 -0.240745813 0.032503851 -0.970043778 -81.724075317
-0.964724958 0.020017944 0.262497842 -145.737701416 0.028254602 0.999218643 0.027640693 3.909082890 -0.261739373 0.034082435 -0.964536667 -81.866470337
-0.958424747 0.018452521 0.284748167 -145.664535522 0.027779140 0.999200583 0.028749803 3.912441492 -0.283990026 0.035464585 -0.958171129 -82.018058777
-0.951130986 0.016226195 0.308360875 -145.589813232 0.027161820 0.999143839 0.031204179 3.918395519 -0.307590544 0.038054902 -0.950757563 -82.179977417
-0.942991793 0.015551406 0.332452238 -145.506072998 0.028020456 0.999070942 0.032744877 3.922738791 -0.331634164 0.040193617 -0.942551494 -82.348411560
-0.934035361 0.016387196 0.356804430 -145.407684326 0.030179599 0.998995543 0.033121981 3.928901196 -0.355903268 0.041705314 -0.933591723 -82.525634766
-0.923598528 0.016432691 0.383008629 -145.303421021 0.032474544 0.998843491 0.035455495 3.925431728 -0.381983042 0.045184672 -0.923064172 -82.704330444
-0.911268353 0.015911147 0.411505461 -145.197021484 0.034574211 0.998681426 0.037948992 3.924450636 -0.410359085 0.048809197 -0.910616875 -82.876609802
-0.896854043 0.015151670 0.442066848 -145.072769165 0.035994947 0.998598516 0.038799062 3.927843571 -0.440859437 0.050709270 -0.896142602 -83.062057495
-0.879701197 0.013511680 0.475334764 -144.967910767 0.036141582 0.998604715 0.038501229 3.911199570 -0.474151313 0.051048927 -0.878962159 -83.186172485
-0.858812153 0.013240411 0.512119532 -144.827529907 0.036400925 0.998716354 0.035222530 3.928287983 -0.510995805 0.048891164 -0.858191669 -83.376808167
-0.834891796 0.011010818 0.550304115 -144.643218994 0.034715340 0.998862743 0.032682393 3.928983212 -0.549318373 0.046390247 -0.834324479 -83.590652466
-0.806887269 0.010485739 0.590612233 -144.437606812 0.035207432 0.998918533 0.030365158 3.931553602 -0.589655161 0.045295205 -0.806383967 -83.812904358
-0.774548054 0.013760956 0.632365406 -144.209777832 0.039495829 0.998864591 0.026639801 3.935709953 -0.631280839 0.045609597 -0.774212003 -84.050773621
-0.739176750 0.017625710 0.673280835 -143.948516846 0.043334432 0.998830795 0.021427471 3.951127052 -0.672115982 0.045014929 -0.739076376 -84.299224854
-0.701533675 0.019120134 0.712379694 -143.667449951 0.044276778 0.998878181 0.016792972 3.964103937 -0.711259484 0.043322716 -0.701593280 -84.557891846
-0.663468421 0.018456683 0.747976661 -143.309066772 0.044704266 0.998887599 0.015005438 3.968434811 -0.746867597 0.043393385 -0.663555443 -84.814544678
-0.622785687 0.019039959 0.782160640 -142.926513672 0.047180362 0.998798490 0.013253253 3.976424694 -0.780968666 0.045156565 -0.622935712 -85.073310852
-0.580426514 0.017348321 0.814127803 -142.500427246 0.047690317 0.998781204 0.012717351 3.995980024 -0.812914848 0.046207506 -0.580546498 -85.328384399
-0.535626769 0.013866333 0.844340980 -142.037841797 0.048674800 0.998709738 0.014476477 3.996636391 -0.843050838 0.048852116 -0.535610676 -85.596611023
-0.489186078 0.009360498 0.872129142 -141.546569824 0.050891988 0.998545051 0.017828526 3.999285460 -0.870693326 0.053105865 -0.488950789 -85.832290649
-0.439502180 0.006759912 0.898216069 -141.030029297 0.055870846 0.998241186 0.019825239 4.018712997 -0.896502256 0.058897331 -0.439106971 -86.070869446
-0.389953494 0.003887737 0.920826316 -140.468307495 0.059143350 0.998032093 0.020832460 4.034929276 -0.918933213 0.062584445 -0.389416099 -86.274421692
-0.339054823 -0.001250971 0.940765798 -139.885589600 0.061240155 0.997848749 0.023398010 4.031579971 -0.938771248 0.065545850 -0.338248760 -86.463378906
-0.289100766 -0.005627746 0.957282126 -139.283142090 0.063820250 0.997644663 0.025138855 4.032935143 -0.955168784 0.068361647 -0.288060635 -86.615097046
-0.239375114 -0.007998965 0.970894217 -138.650421143 0.066170141 0.997506618 0.024532542 4.043521404 -0.968669653 0.070116691 -0.238248974 -86.757705688
-0.193997845 -0.007680409 0.980971813 -137.984466553 0.069205090 0.997370780 0.021494852 4.053559303 -0.978557765 0.072058201 -0.192956194 -86.873405457
-0.154140398 -0.005971557 0.988030910 -137.301757812 0.069828682 0.997415483 0.016922077 4.070845604 -0.985578358 0.071601272 -0.153325036 -86.962524414
-0.120312035 -0.005891338 0.992718637 -136.584701538 0.068510443 0.997548997 0.014223092 4.073869228 -0.990369260 0.069722794 -0.119613543 -87.027122498
-0.092528805 -0.003804456 0.995702744 -135.849487305 0.067742154 0.997651637 0.010107058 4.079611778 -0.993402898 0.068386234 -0.092053831 -87.077850342
-0.071029097 -0.001970557 0.997472227 -135.060699463 0.067272536 0.997711718 0.006761447 4.083733082 -0.995203197 0.067582749 -0.070734061 -87.124511719
-0.053849183 -0.001169171 0.998548388 -134.273315430 0.068276182 0.997654676 0.004850083 4.089285851 -0.996212125 0.068438239 -0.053643059 -87.170608521
-0.038598478 -0.000262910 0.999254644 -133.460571289 0.069848694 0.997553170 0.002960518 4.085988045 -0.996810496 0.069910914 -0.038485646 -87.199775696
-0.023975642 0.001913208 0.999710679 -132.622940063 0.071644992 0.997430146 -0.000190611 4.080670834 -0.997141898 0.071619697 -0.024051128 -87.222473145
-0.009216625 0.005254238 0.999943614 -131.749206543 0.072416529 0.997363985 -0.004573210 4.071051598 -0.997331858 0.072370306 -0.009572834 -87.226547241
0.004339193 0.008722162 0.999952435 -130.889282227 0.072702780 0.997312844 -0.009014622 4.066452503 -0.997344196 0.072738439 0.003693407 -87.209175110
0.016861621 0.009068924 0.999816716 -129.982360840 0.069049135 0.997560978 -0.010212955 4.054443836 -0.997470737 0.069208689 0.016194286 -87.186882019
0.026579529 0.009150871 0.999604821 -129.054138184 0.064807512 0.997838676 -0.010857942 4.039793015 -0.997543752 0.065070488 0.025929037 -87.161712646
0.031935327 0.009432395 0.999445498 -128.106567383 0.060167618 0.998123825 -0.011342465 4.024290085 -0.997677267 0.060496479 0.031307898 -87.120948792
0.034033839 0.009714846 0.999373436 -127.140792847 0.057541106 0.998274922 -0.011663743 4.003657818 -0.997762859 0.057902012 0.033416130 -87.072372437
0.034896448 0.008559749 0.999354184 -126.141273499 0.056740448 0.998333335 -0.010532323 3.988748074 -0.997778952 0.057071347 0.034352589 -87.035156250
0.035915054 0.007613792 0.999325871 -125.120910645 0.056884445 0.998334050 -0.009650631 3.974490643 -0.997734487 0.057192694 0.035422139 -86.993736267
0.038787670 0.006808939 0.999224305 -124.094123840 0.058286622 0.998258650 -0.009064917 3.948014736 -0.997546077 0.058593009 0.038323261 -86.945022583
0.043698363 0.006615487 0.999022841 -123.028656006 0.058829911 0.998225749 -0.009183490 3.935292244 -0.997311175 0.059173722 0.043231647 -86.908798218
0.048063099 0.006930816 0.998820305 -121.959472656 0.058676392 0.998229444 -0.009750214 3.914478302 -0.997119427 0.059075791 0.047571320 -86.848731995
0.052438006 0.007869131 0.998593152 -120.869850159 0.058056116 0.998253644 -0.010915084 3.904956102 -0.996935189 0.058546808 0.051889610 -86.790176392
0.057882085 0.007727021 0.998293459 -119.767234802 0.057034284 0.998311222 -0.011034065 3.887605667 -0.996692955 0.057575636 0.057343654 -86.726943970
0.062789112 0.005385133 0.998012245 -118.644668579 0.057420366 0.998309493 -0.008999286 3.870806694 -0.996373653 0.057871290 0.062373772 -86.655754089
0.067269623 0.000943811 0.997734368 -117.497299194 0.059942529 0.998189390 -0.004985715 3.841719866 -0.995932579 0.060142107 0.067091309 -86.568450928
0.071819477 -0.001113030 0.997417033 -116.340782166 0.060174782 0.998182714 -0.003219032 3.827417135 -0.995600879 0.060250539 0.071755931 -86.487617493
0.073186703 -0.000757454 0.997317910 -115.166534424 0.060169179 0.998181462 -0.003657312 3.810188770 -0.995501518 0.060275469 0.073099211 -86.390991211
0.073425695 0.001389339 0.997299671 -113.998580933 0.058300342 0.998283029 -0.005683039 3.799407482 -0.995595098 0.058560200 0.073218621 -86.311332703
0.072570182 0.001700533 0.997361779 -112.799697876 0.058323015 0.998280048 -0.005945812 3.784767866 -0.995656550 0.058600642 0.072346188 -86.227912903
0.071600050 -0.000394878 0.997433305 -111.608573914 0.059117854 0.998243570 -0.003848538 3.768541336 -0.995679915 0.059241679 0.071497612 -86.141532898
0.070336424 -0.002649569 0.997519732 -110.395858765 0.060399909 0.998172939 -0.001607575 3.743688345 -0.995693028 0.060363185 0.070367940 -86.043937683
0.069826923 -0.004158533 0.997550368 -109.195541382 0.061955377 0.998078883 -0.000176045 3.723329306 -0.995633304 0.061815906 0.069950432 -85.965270996
0.069378234 -0.004606042 0.997579753 -107.998268127 0.061797831 0.998088658 0.000310562 3.703545570 -0.995674491 0.061626721 0.069530293 -85.878173828
0.068375118 -0.004691108 0.997648656 -106.814178467 0.062586263 0.998039484 0.000403514 3.684273243 -0.995694637 0.062411506 0.068534665 -85.788177490
0.068165973 -0.003047728 0.997669339 -105.622573853 0.061958764 0.998077989 -0.001184368 3.661355019 -0.995748162 0.061895095 0.068223827 -85.710418701
0.067279130 -0.000743592 0.997733891 -104.436706543 0.061772265 0.998084426 -0.003421569 3.637334824 -0.995820105 0.061862484 0.067196190 -85.622817993
0.066984467 -0.000228874 0.997753978 -103.238319397 0.061201591 0.998118043 -0.003879832 3.619379044 -0.995875120 0.061324023 0.066872425 -85.542945862
0.066590570 -0.002546922 0.997777045 -102.042022705 0.060721997 0.998153627 -0.001504636 3.594891787 -0.995930970 0.060687225 0.066622280 -85.462371826
0.065660171 -0.004429401 0.997832239 -100.874725342 0.060698967 0.998156011 0.000436679 3.575527191 -0.995994151 0.060538720 0.065807983 -85.374534607
0.065492600 -0.002942462 0.997848749 -99.691253662 0.059542459 0.998225331 -0.000964424 3.554066420 -0.996074975 0.059477534 0.065551586 -85.297615051
0.065226406 -0.001423320 0.997869492 -98.499488831 0.060469531 0.998166859 -0.002528888 3.523044348 -0.996036589 0.060505647 0.065192915 -85.220504761
0.064446010 0.000325115 0.997921228 -97.323143005 0.060975462 0.998130143 -0.004263000 3.499390125 -0.996056497 0.061123434 0.064305700 -85.134323120
0.064352334 -0.001545805 0.997925997 -96.141197205 0.059391562 0.998232067 -0.002283650 3.476910591 -0.996158302 0.059415340 0.064330339 -85.066085815
0.064432845 -0.005169849 0.997908592 -94.961799622 0.058530182 0.998284638 0.001392623 3.455096722 -0.996204078 0.058318045 0.064624928 -84.991531372
0.063269913 -0.007318330 0.997969627 -93.778053284 0.056897804 0.998373151 0.003714051 3.434339285 -0.996373236 0.056547292 0.063583374 -84.911651611
0.062881514 -0.005696975 0.998004735 -92.631599426 0.053842545 0.998546779 0.002307592 3.415877581 -0.996567547 0.053590011 0.063096873 -84.825668335
0.063027360 -0.004234866 0.998002827 -91.469528198 0.053285498 0.998578846 0.000872136 3.395758629 -0.996588290 0.053124100 0.063163444 -84.754203796
0.062387168 -0.003646706 0.998045504 -90.313873291 0.052529074 0.998619258 0.000365242 3.375172853 -0.996668637 0.052403610 0.062492602 -84.668815613
0.062603340 -0.004331245 0.998029113 -89.154441833 0.051354934 0.998679757 0.001112731 3.357306004 -0.996716321 0.051184054 0.062743112 -84.596199036
0.061934832 -0.005903420 0.998062849 -88.016059875 0.052218448 0.998632133 0.002666363 3.335324764 -0.996713281 0.051952150 0.062158417 -84.511688232
0.061823580 -0.005705260 0.998070776 -86.863845825 0.052497014 0.998618066 0.002456564 3.314975023 -0.996705532 0.052243873 0.062037688 -84.437217712
0.061724260 -0.003375491 0.998087525 -85.732025146 0.055235885 0.998473346 -0.000039129 3.296781301 -0.996563673 0.055132665 0.061816484 -84.367050171
0.062849522 -0.002003714 0.998021007 -84.580780029 0.058095325 0.998309612 -0.001654220 3.278109074 -0.996330678 0.058084317 0.062859662 -84.311042786
0.064116649 -0.002634930 0.997938991 -83.436126709 0.060510673 0.998166740 -0.001252220 3.254028082 -0.996106207 0.060466241 0.064158566 -84.232505798
0.067044325 -0.003880644 0.997742414 -82.304382324 0.060958017 0.998140275 -0.000213949 3.232871294 -0.995886087 0.060834747 0.067156196 -84.155776978
