1.000000000 0.000000000 0.000000030 -0.000015259 0.000000000 1.000000000 -0.000000002 -0.000000954 0.000000030 -0.000000002 1.000000000 -0.000015259
0.999991357 -0.002494996 -0.003332525 -0.004014155 0.002487700 0.999994516 -0.002191792 -0.004839710 0.003338035 0.002183479 0.999992073 0.666382611
0.999969661 -0.001777779 -0.007587314 -0.007071543 0.001752086 0.999992728 -0.003392398 -0.011903882 0.007593303 0.003378996 0.999965370 1.370070338
0.999930799 -0.001624606 -0.011646777 -0.018547030 0.001567803 0.999986887 -0.004885082 -0.014262333 0.011654614 0.004866482 0.999920189 2.073701620
0.999863267 -0.000274641 -0.016532125 -0.039051794 0.000181353 0.999984086 -0.005644359 -0.016205674 0.016533468 0.005640584 0.999847353 2.800814152
0.999782085 -0.001133014 -0.020842880 -0.057676658 0.001015864 0.999983668 -0.005630416 -0.030455094 0.020848900 0.005608015 0.999766886 3.544542313
0.999678195 0.000641055 -0.025356002 -0.083321005 -0.000819784 0.999974966 -0.007039112 -0.033248007 0.025350833 0.007057630 0.999653637 4.299103737
0.999538302 0.003366139 -0.030195506 -0.116962470 -0.003597862 0.999964476 -0.007623192 -0.044213444 0.030168744 0.007728311 0.999515057 5.066048622
0.999400735 0.003750985 -0.034411393 -0.151290864 -0.003954872 0.999975145 -0.005858915 -0.052872896 0.034388524 0.005991495 0.999390602 5.850098610
0.999231219 0.002956277 -0.039092045 -0.183278918 -0.003085330 0.999990046 -0.003241406 -0.061028529 0.039082039 0.003359525 0.999230325 6.652800560
0.999100387 0.003228776 -0.042284220 -0.229282513 -0.003263911 0.999994338 -0.000761924 -0.069096871 0.042281535 0.000899250 0.999105334 7.462016582
0.998987138 0.004568809 -0.044763751 -0.274104178 -0.004634823 0.999988317 -0.001371051 -0.077101953 0.044756982 0.001577134 0.998996675 8.275762558
0.998889327 0.003890889 -0.046957538 -0.320998222 -0.003973862 0.999990702 -0.001673771 -0.081587829 0.046950597 0.001858514 0.998895466 9.100268364
0.998818398 0.001858033 -0.048561420 -0.361543119 -0.001978079 0.999995112 -0.002424184 -0.089603551 0.048556682 0.002517374 0.998817146 9.921555519
0.998701274 0.001553274 -0.050926190 -0.402355433 -0.001640406 0.999997318 -0.001669269 -0.095973887 0.050923463 0.001750637 0.998700976 10.763256073
0.998641133 -0.000105517 -0.052113403 -0.453882635 -0.000001047 0.999997914 -0.002044888 -0.102202564 0.052113514 0.002042159 0.998639047 11.605756760
0.998532236 0.002238736 -0.054113396 -0.506157041 -0.002467921 0.999988317 -0.004168910 -0.116370961 0.054103434 0.004296336 0.998526037 12.464588165
0.998466372 0.003026903 -0.055280689 -0.562754869 -0.003422886 0.999969184 -0.007069871 -0.124110073 0.055257622 0.007248247 0.998445809 13.328220367
0.998362184 0.006912602 -0.056791924 -0.623270750 -0.007416576 0.999934912 -0.008668068 -0.136519179 0.056728344 0.009075072 0.998348415 14.202766418
0.998285174 0.008238549 -0.057954937 -0.677783608 -0.008727226 0.999928355 -0.008183978 -0.152711391 0.057883352 0.008675728 0.998285651 15.083578110
0.998202443 0.007263928 -0.059488963 -0.731461883 -0.007669658 0.999948859 -0.006594787 -0.166976094 0.059438001 0.007039190 0.998207152 15.978253365
0.998114526 0.008235379 -0.060823876 -0.790655732 -0.008572946 0.999949276 -0.005291072 -0.176831722 0.060777206 0.005802533 0.998134434 16.875780106
0.998061776 0.007472883 -0.061781168 -0.845758080 -0.007791395 0.999957621 -0.004916214 -0.194361538 0.061741859 0.005388040 0.998077631 17.773702621
0.997962117 0.007304405 -0.063390628 -0.906144142 -0.007683935 0.999954045 -0.005745497 -0.206082672 0.063345812 0.006220871 0.997972250 18.682111740
0.997891426 0.005776397 -0.064646520 -0.965549946 -0.006198912 0.999960780 -0.006337187 -0.222266689 0.064607419 0.006724557 0.997888148 19.592821121
0.997868896 0.005766254 -0.064995050 -1.027839303 -0.006077453 0.999971032 -0.004591421 -0.234931514 0.064966768 0.004976637 0.997874975 20.502904892
0.997846663 0.006963972 -0.065218091 -1.092072845 -0.007056544 0.999974430 -0.001189232 -0.245283723 0.065208226 0.001646882 0.997870266 21.430051804
0.997900605 0.007706120 -0.064302936 -1.157679319 -0.007545030 0.999967873 0.002747550 -0.258460641 0.064322129 -0.002256617 0.997926652 22.358686447
0.998010039 0.006375177 -0.062732242 -1.210247278 -0.006042683 0.999966621 0.005488474 -0.260282129 0.062765278 -0.005098482 0.998015285 23.279142380
0.998108923 0.006551196 -0.061119754 -1.273426294 -0.006181936 0.999961555 0.006228685 -0.264081359 0.061158329 -0.005839069 0.998110950 24.220388412
0.998180270 0.007256770 -0.059862062 -1.330704093 -0.007082949 0.999970019 0.003115344 -0.269064575 0.059882991 -0.002685676 0.998201728 25.154718399
0.998234570 0.007669644 -0.058896627 -1.387901902 -0.007759565 0.999969125 -0.001298282 -0.280435383 0.058884952 0.001752999 0.998263180 26.101408005
0.998321176 0.006755295 -0.057523903 -1.447124124 -0.006997288 0.999967575 -0.004006550 -0.291702092 0.057495061 0.004402331 0.998335958 27.049716949
0.998381495 0.004388953 -0.056701340 -1.506786704 -0.004557382 0.999985695 -0.002841590 -0.300088376 0.056688141 0.003095396 0.998387039 28.015197754
0.998358965 0.002619473 -0.057206094 -1.555817008 -0.002509912 0.999994934 0.001986938 -0.312032491 0.057211041 -0.001840098 0.998360336 28.981151581
0.998319030 -0.000970936 -0.057949994 -1.613105059 0.001274347 0.999985695 0.005198982 -0.318810493 0.057944153 -0.005264094 0.998305917 29.955751419
0.998221755 -0.008139576 -0.059053872 -1.661567926 0.008427151 0.999953806 0.004622167 -0.326297224 0.059013549 -0.005111604 0.998244166 30.919912338
0.998118818 -0.010564217 -0.060392641 -1.719189286 0.010631240 0.999943256 0.000788433 -0.332581490 0.060380902 -0.001429001 0.998174548 31.890630722
0.998033106 -0.010266848 -0.061841071 -1.779818058 0.010085500 0.999943912 -0.003243960 -0.338894308 0.061870988 0.002613876 0.998080730 32.867385864
0.997900963 -0.008839577 -0.064151421 -1.847233295 0.008599197 0.999954998 -0.004022303 -0.347679019 0.064184166 0.003462204 0.997932076 33.851921082
0.997866035 -0.008969441 -0.064676553 -1.914822459 0.008821841 0.999957740 -0.002567329 -0.361902118 0.064696819 0.001991281 0.997902989 34.838253021
0.997800648 -0.005982302 -0.066016167 -1.986451864 0.006013304 0.999981880 0.000270925 -0.374618053 0.066013306 -0.000667307 0.997818530 35.834949493
0.997708201 -0.005818259 -0.067412049 -2.055377722 0.005944009 0.999980927 0.001664965 -0.388021827 0.067401104 -0.002061847 0.997723818 36.835277557
0.997637033 -0.004879206 -0.068530552 -2.123031855 0.005173474 0.999978125 0.004117121 -0.393941760 0.068508990 -0.004461934 0.997640491 37.804042816
0.997665703 -0.004815273 -0.068116523 -2.194905996 0.005310397 0.999960840 0.007089488 -0.400568634 0.068079636 -0.007434666 0.997652173 38.810108185
0.997637630 0.001261791 -0.068684541 -2.273806572 -0.000643453 0.999959171 0.009023875 -0.401746005 0.068693042 -0.008958363 0.997597694 39.791854858
0.997637212 0.001188468 -0.068691917 -2.352106571 -0.000589484 0.999961615 0.008739570 -0.409833610 0.068699770 -0.008678431 0.997599661 40.794380188
0.997649550 0.001152586 -0.068512507 -2.428422213 -0.000657704 0.999973536 0.007245454 -0.414522678 0.068519153 -0.007183367 0.997623980 41.791061401
0.997631133 0.003371486 -0.068708248 -2.499660730 -0.003041399 0.999983311 0.004908317 -0.421048224 0.068723775 -0.004687723 0.997624755 42.777259827
0.997563660 0.002900602 -0.069700271 -2.561001062 -0.002576412 0.999985456 0.004740636 -0.425065637 0.069712989 -0.004549509 0.997556686 43.759178162
0.997478962 0.001324523 -0.070949234 -2.632882595 -0.000914997 0.999982715 0.005804274 -0.433091581 0.070955686 -0.005724721 0.997463048 44.743263245
0.997432172 0.002049855 -0.071587607 -2.705809593 -0.001563621 0.999975324 0.006847520 -0.443024665 0.071599863 -0.006718000 0.997410774 45.713676453
0.997409582 0.003646852 -0.071839571 -2.781376600 -0.003391782 0.999987483 0.003672278 -0.452696800 0.071852058 -0.003419101 0.997409403 46.694049835
0.997335315 0.004072773 -0.072840102 -2.858827114 -0.004118837 0.999991417 -0.000482156 -0.460323900 0.072837502 0.000780887 0.997343481 47.657627106
0.997301757 0.005517589 -0.073204361 -2.939165592 -0.005685715 0.999981701 -0.002088427 -0.464770436 0.073191486 0.002499009 0.997314751 48.614856720
0.997289300 0.003446400 -0.073499836 -3.007477283 -0.003311163 0.999992549 0.001961753 -0.483472407 0.073506050 -0.001713066 0.997293293 49.599605560
0.997283936 0.001567790 -0.073636413 -3.080050945 -0.001204591 0.999986827 0.004976493 -0.492915690 0.073643252 -0.004874275 0.997272730 50.568874359
0.997260630 0.000305639 -0.073967524 -3.154333591 0.000108290 0.999984384 0.005592028 -0.505995989 0.073968075 -0.005584719 0.997245014 51.531875610
0.997237861 -0.003327231 -0.074199662 -3.216512203 0.003672090 0.999983013 0.004511751 -0.512980819 0.074183457 -0.004771761 0.997233272 52.479465485
0.997222126 -0.006155408 -0.074229807 -3.290386677 0.006441892 0.999972641 0.003620598 -0.526436031 0.074205562 -0.004088726 0.997234583 53.432323456
0.997134030 -0.007543235 -0.075278699 -3.365355015 0.007903099 0.999958694 0.004483685 -0.532087445 0.075241856 -0.005065775 0.997152388 54.385482788
0.996993721 -0.010813043 -0.076725125 -3.426747799 0.011517305 0.999895394 0.008742476 -0.542587876 0.076622643 -0.009599860 0.997013927 55.334804535
0.996962547 -0.011526533 -0.077023156 -3.504862070 0.012583660 0.999832988 0.013253560 -0.541463971 0.076857582 -0.014182540 0.996941268 56.278461456
0.996931374 -0.009527133 -0.077698551 -3.585899115 0.010770841 0.999820173 0.015603484 -0.544821441 0.077535987 -0.016392482 0.996854722 57.214141846
0.996794701 -0.008980409 -0.079495504 -3.655214310 0.009935374 0.999882996 0.011625420 -0.545989931 0.079381876 -0.012377976 0.996767342 58.169918060
0.996713519 -0.007434877 -0.080665104 -3.733623743 0.007798193 0.999960840 0.004189834 -0.553930044 0.080630898 -0.004805110 0.996732414 59.084926605
0.996665478 -0.005177894 -0.081431188 -3.815646172 0.005130126 0.999986529 -0.000795858 -0.560175598 0.081434309 0.000375449 0.996678650 59.994514465
0.996590018 -0.000758425 -0.082508817 -3.898137569 0.000765705 0.999999702 0.000056561 -0.569662452 0.082508869 -0.000119550 0.996590316 60.897026062
0.996511340 0.001768786 -0.083438516 -3.985663414 -0.001560764 0.999995410 0.002558235 -0.585868001 0.083442688 -0.002419086 0.996509671 61.800373077
0.996414602 0.004476488 -0.084485754 -4.065157413 -0.004176945 0.999984264 0.003721860 -0.595702708 0.084501117 -0.003355626 0.996417761 62.685325623
0.996337533 0.005503729 -0.085330129 -4.147226334 -0.005195666 0.999979079 0.003831865 -0.611919105 0.085349470 -0.003374486 0.996345341 63.550601959
0.996190250 0.007017594 -0.086923495 -4.231648445 -0.006642988 0.999967277 0.004598085 -0.619135499 0.086952955 -0.004003137 0.996204376 64.409141541
0.996059537 0.008093154 -0.088317685 -4.304751396 -0.007654313 0.999956608 0.005306408 -0.631161928 0.088356830 -0.004609487 0.996078193 65.243331909
0.995928466 0.007769926 -0.089812316 -4.378468037 -0.007281236 0.999956906 0.005767575 -0.638710678 0.089853279 -0.005090148 0.995941997 66.066909790
0.995821118 0.007412719 -0.091023393 -4.457908154 -0.006821097 0.999953568 0.006808988 -0.647113979 0.091069631 -0.006159658 0.995825529 66.876266479
0.995658278 0.010194013 -0.092523649 -4.537909508 -0.009357277 0.999911368 0.009472761 -0.652930081 0.092612028 -0.008565866 0.995665431 67.676361084
0.995534897 0.011804966 -0.093654364 -4.618105888 -0.010568800 0.999850452 0.013684325 -0.659981072 0.093801931 -0.012633408 0.995510697 68.461059570
0.995344698 0.015061948 -0.095194407 -4.700913906 -0.013670983 0.999790251 0.015247209 -0.661842823 0.095404118 -0.013874829 0.995341897 69.236564636
0.995172739 0.017882353 -0.096495718 -4.781016827 -0.016864795 0.999793351 0.011350453 -0.672929585 0.096678764 -0.009668284 0.995268703 69.981178284
0.995008230 0.017870015 -0.098179922 -4.853043556 -0.017552333 0.999837577 0.004098509 -0.680275559 0.098237202 -0.002354767 0.995160341 70.705108643
0.994891286 0.016977726 -0.099514090 -4.927073956 -0.017233495 0.999850035 -0.001711022 -0.688344359 0.099470086 0.003417254 0.995034695 71.417808533
0.994822800 0.017514624 -0.100104280 -4.999005318 -0.017912624 0.999834776 -0.003078324 -0.691895008 0.100033790 0.004855514 0.994972229 72.107681274
0.994722605 0.020396117 -0.100552648 -5.082927227 -0.020437298 0.999790967 0.000620678 -0.703644216 0.100544356 0.001437621 0.994931519 72.788978577
0.994577587 0.020659938 -0.101924755 -5.153829098 -0.020465791 0.999786198 0.002950286 -0.720129192 0.101963997 -0.000848319 0.994787693 73.441085815
0.994559109 0.017294133 -0.102728188 -5.219380379 -0.017435573 0.999847889 -0.000478986 -0.729477882 0.102704354 0.002267504 0.994709373 74.073371887
0.994628906 0.009203520 -0.103095539 -5.266532898 -0.009821373 0.999936759 -0.005486982 -0.745783567 0.103038616 0.006470048 0.994656324 74.688674927
0.994765699 0.005266250 -0.102046706 -5.322174072 -0.006366184 0.999925137 -0.010456055 -0.751584113 0.101984099 0.011050971 0.994724751 75.288452148
0.995045424 0.007589648 -0.099130034 -5.379587173 -0.008679865 0.999906480 -0.010571202 -0.766255260 0.099040627 0.011379261 0.995018303 75.870178223
0.995407879 0.012749843 -0.094871052 -5.444263458 -0.013518704 0.999880791 -0.007465998 -0.782017529 0.094764523 0.008714245 0.995461583 76.433738708
0.995848536 0.011279859 -0.090323910 -5.492141247 -0.011728794 0.999921381 -0.004441094 -0.792355061 0.090266712 0.005482046 0.995902538 76.991455078
0.996385932 0.007732326 -0.084587932 -5.530266762 -0.007798093 0.999969542 -0.000447191 -0.798162341 0.084581874 0.001105199 0.996415854 77.538215637
0.997082233 0.003078597 -0.076273970 -5.560787678 -0.002828434 0.999990284 0.003387518 -0.817705512 0.076283656 -0.003161900 0.997081101 78.067405701
0.997804284 0.006801257 -0.065881729 -5.587736130 -0.006615549 0.999973536 0.003036489 -0.824421525 0.065900706 -0.002593981 0.997822821 78.583236694
0.998640537 0.012009148 -0.050724279 -5.616560936 -0.011896396 0.999926090 0.002524083 -0.830971897 0.050750919 -0.001917217 0.998709500 79.089263916
0.999326587 0.016966343 -0.032533985 -5.633278370 -0.016874833 0.999852836 0.003085167 -0.839128137 0.032581620 -0.002534086 0.999465883 79.584144592
0.999823749 0.015590100 -0.010464571 -5.621096134 -0.015554563 0.999872983 0.003468249 -0.842424095 0.010517377 -0.003304868 0.999939263 80.063789368
0.999800980 0.012064939 0.015890978 -5.594447613 -0.012135065 0.999917030 0.004324061 -0.847952724 -0.015837409 -0.004516041 0.999864399 80.531219482
0.998919427 0.011063403 0.045138083 -5.546310425 -0.011350018 0.999916971 0.006098502 -0.859061837 -0.045066837 -0.006604234 0.998962104 80.971893311
0.996889949 0.010399003 0.078116782 -5.488502026 -0.011023110 0.999910653 0.007562519 -0.866231978 -0.078031123 -0.008400093 0.996915579 81.421646118
0.993212342 0.010602090 0.115831174 -5.413875580 -0.011585656 0.999902308 0.007821436 -0.868368387 -0.115736887 -0.009110330 0.993238151 81.865036011
0.987446547 0.010723098 0.157589465 -5.323684692 -0.012079231 0.999897718 0.007650227 -0.873177171 -0.157491267 -0.009457753 0.987475097 82.287864685
0.979174435 0.010217793 0.202763557 -5.211503983 -0.012019002 0.999898434 0.007653967 -0.880510271 -0.202664733 -0.009931587 0.979197800 82.696968079
0.967716575 0.012496594 0.251731187 -5.090288162 -0.014530912 0.999875069 0.006223987 -0.897357166 -0.251621962 -0.009680941 0.967777133 83.070968628
0.952299297 0.013384853 0.304872274 -4.935295105 -0.015048788 0.999881923 0.003108437 -0.904488504 -0.304794699 -0.007548122 0.952388108 83.453544617
0.932608843 0.013670845 0.360629886 -4.751918793 -0.014972637 0.999887586 0.000816087 -0.908353448 -0.360578239 -0.006160674 0.932708621 83.825973511
0.908254683 0.014273712 0.418174326 -4.558923721 -0.015133793 0.999884725 -0.001259591 -0.913024902 -0.418144196 -0.005184539 0.908365846 84.172584534
0.879663587 0.013569453 0.475402772 -4.348003387 -0.013912107 0.999899268 -0.002797862 -0.924917102 -0.475392908 -0.004152679 0.879763782 84.473556519
0.846336603 0.012584862 0.532499731 -4.098140717 -0.011501139 0.999919474 -0.005352145 -0.929090083 -0.532524288 -0.001594639 0.846413136 84.788970947
0.808954358 0.012852099 0.587731183 -3.840618134 -0.010289078 0.999917328 -0.007703595 -0.928592503 -0.587781668 0.000184644 0.809019625 85.095413208
0.769880414 0.010617213 0.638099968 -3.561290741 -0.009068899 0.999942720 -0.005696034 -0.950031579 -0.638123691 -0.001401599 0.769932449 85.347457886
0.727037191 0.010388682 0.686519444 -3.270099640 -0.010536823 0.999936700 -0.003972737 -0.953901887 -0.686517119 -0.004345407 0.727100492 85.600082397
0.681777716 0.009196558 0.731501520 -2.966270447 -0.009513792 0.999947965 -0.003704418 -0.961055040 -0.731497467 -0.004433764 0.681829751 85.827560425
0.635287404 0.008225130 0.772231996 -2.644950867 -0.006597235 0.999964654 -0.005223429 -0.967290580 -0.772247553 -0.001776218 0.635319233 86.031539917
0.588796139 0.005788973 0.808260798 -2.306732178 -0.000506086 0.999976754 -0.006793425 -0.968136311 -0.808281362 0.003590893 0.588785470 86.212249756
0.542098224 0.007692694 0.840279877 -1.971633911 -0.003158422 0.999969780 -0.007117017 -0.985584140 -0.840309143 0.001204163 0.542106152 86.383453369
0.494366765 0.010703773 0.869187415 -1.643917084 -0.005692353 0.999942601 -0.009076347 -0.985695124 -0.869234741 -0.000460677 0.494399309 86.544868469
0.449248493 0.013195802 0.893309295 -1.300605774 -0.007204001 0.999912024 -0.011147595 -0.996001363 -0.893377781 -0.001427363 0.449303925 86.675308228
0.405790806 0.009941917 0.913911939 -0.957157135 -0.000205882 0.999941766 -0.010786371 -1.012689710 -0.913966000 0.004188852 0.405769169 86.795272827
0.366550446 0.002282460 0.930395424 -0.586862564 0.014874214 0.999854803 -0.008312896 -1.016484857 -0.930279255 0.016885996 0.366463304 86.879531860
0.331113070 -0.001442573 0.943589985 -0.217187881 0.019226050 0.999801457 -0.005218062 -1.019985676 -0.943395197 0.019869275 0.331075072 86.971824646
0.298015743 0.003054944 0.954556167 0.149248123 0.016484084 0.999829233 -0.008346226 -1.025412679 -0.954418659 0.018222289 0.297914475 87.067291260
0.266855061 0.010308599 0.963681519 0.511877060 0.005464736 0.999910533 -0.012209397 -1.040858150 -0.963721097 0.008524406 0.266774833 87.167915344
0.237442434 0.014733063 0.971289873 0.898788452 0.000685762 0.999882221 -0.015334409 -1.059409022 -0.971401334 0.004307114 0.237404376 87.267784119
0.212086439 0.016612876 0.977109730 1.283348083 0.001386055 0.999849319 -0.017300347 -1.071785450 -0.977249801 0.005023496 0.212031409 87.330093384
0.188870072 0.018114898 0.981835127 1.683582306 0.008769921 0.999758780 -0.020132618 -1.079938531 -0.981962860 0.012413061 0.188665658 87.376502991
0.168794051 0.024086408 0.985357046 2.098500252 0.015687831 0.999509096 -0.027119713 -1.083552241 -0.985526443 0.020035755 0.168333292 87.420982361
0.148859382 0.031874109 0.988344550 2.524435997 0.018044710 0.999226391 -0.034942850 -1.075533271 -0.988693655 0.023035962 0.148169041 87.475532532
0.131520897 0.032049362 0.990795195 2.970118523 0.016207850 0.999274135 -0.034475110 -1.090257168 -0.991180837 0.020592848 0.130905971 87.526519775
0.115745895 0.027639145 0.992894232 3.426812172 0.013913825 0.999469519 -0.029444173 -1.114774346 -0.993181407 0.017222993 0.115299925 87.577301025
0.101100683 0.024331871 0.994578660 3.898183823 0.014058541 0.999566078 -0.025882969 -1.136716127 -0.994776845 0.016599104 0.100714728 87.621971130
0.088281289 0.022235226 0.995847404 4.378280163 0.016301023 0.999584734 -0.023763750 -1.150447369 -0.995962203 0.018331217 0.087882161 87.646049500
0.076542877 0.021114076 0.996842742 4.875921726 0.020158539 0.999538660 -0.022719054 -1.165428400 -0.996862471 0.021833871 0.076082021 87.674095154
0.066314146 0.021955220 0.997557223 5.389090538 0.023152081 0.999454916 -0.023536051 -1.178980112 -0.997530162 0.024656294 0.065769777 87.699150085
0.058475211 0.022370817 0.998038232 5.914971828 0.025475003 0.999389887 -0.023893697 -1.195267677 -0.997963786 0.026822209 0.057869725 87.723419189
0.052950040 0.022784455 0.998337269 6.460344315 0.026923493 0.999343634 -0.024235399 -1.212335348 -0.998234212 0.028161984 0.052301936 87.746444702
0.047464643 0.023725383 0.998591125 7.034439087 0.028401503 0.999281645 -0.025091754 -1.224244595 -0.998469055 0.029552460 0.046756711 87.768493652
0.041814461 0.024389073 0.998827696 7.609230995 0.028898725 0.999254227 -0.025609292 -1.240410209 -0.998707414 0.029935682 0.041078471 87.784530640
0.037047476 0.024424419 0.999014914 8.215644836 0.031196969 0.999185681 -0.025585499 -1.259208322 -0.998826385 0.032114111 0.036255386 87.807968140
0.034198646 0.024485027 0.999115109 8.836877823 0.032499913 0.999143839 -0.025598167 -1.276141644 -0.998886466 0.033346571 0.033373658 87.824340820
0.031310111 0.023777619 0.999226809 9.473886490 0.033677962 0.999124229 -0.024830448 -1.298937559 -0.998942196 0.034429368 0.030481905 87.836929321
0.028982174 0.023174899 0.999311209 10.129543304 0.035955571 0.999060035 -0.024211854 -1.318624377 -0.998933017 0.036632508 0.028121661 87.852806091
0.028402179 0.022960845 0.999332786 10.806636810 0.039987676 0.998909891 -0.024087613 -1.335164428 -0.998796284 0.040645145 0.027453033 87.862464905
0.029586419 0.022716409 0.999303937 11.496364594 0.043917540 0.998746634 -0.024004005 -1.351828456 -0.998596907 0.044597164 0.028551657 87.877601624
0.031895708 0.022480201 0.999238312 12.203706741 0.045490328 0.998678327 -0.023919651 -1.376132131 -0.998455405 0.046218611 0.030830892 87.902801514
0.035700619 0.022399150 0.999111474 12.927368164 0.047600843 0.998575985 -0.024088031 -1.396080494 -0.998228252 0.048418507 0.034583598 87.925735474
0.040119864 0.021985348 0.998952925 13.665087700 0.047947653 0.998563945 -0.023902450 -1.416093826 -0.998043776 0.048856422 0.039008137 87.955108643
0.044136174 0.020457402 0.998816073 14.426130295 0.049542572 0.998515368 -0.022640454 -1.435827971 -0.997796297 0.050483175 0.043057173 87.989624023
0.047888841 0.018650427 0.998678565 15.188170433 0.049377356 0.998559058 -0.021015950 -1.460246801 -0.997631431 0.050318532 0.046898965 88.028350830
0.052028108 0.016506832 0.998509169 15.963394165 0.046066530 0.998759329 -0.018911300 -1.481427431 -0.997582495 0.046981774 0.051203180 88.076576233
0.056061499 0.015257438 0.998310745 16.759483337 0.045472439 0.998806655 -0.017818581 -1.503498316 -0.997391284 0.046394549 0.055300832 88.129875183
0.060267147 0.016474234 0.998046279 17.567783356 0.042792141 0.998901904 -0.019072363 -1.523478508 -0.997264624 0.043857973 0.059495989 88.183456421
0.063127980 0.020513332 0.997794449 18.369482040 0.040534560 0.998911023 -0.023100799 -1.550781488 -0.997181952 0.041903466 0.062227711 88.243324280
0.064420663 0.025770310 0.997589946 19.169269562 0.034925405 0.998995960 -0.028061979 -1.577804804 -0.997311532 0.036649004 0.063455909 88.311187744
0.064148426 0.028840916 0.997523487 19.981658936 0.031890422 0.999012649 -0.030934760 -1.606790900 -0.997430682 0.033795856 0.063165337 88.368209839
0.064020224 0.028599497 0.997538626 20.799022675 0.029593227 0.999095261 -0.030543359 -1.634500861 -0.997509718 0.031475779 0.063115947 88.433616638
0.063957289 0.026919575 0.997589409 21.606077194 0.026736181 0.999231100 -0.028677968 -1.668546200 -0.997594476 0.028505895 0.063188381 88.495468140
0.064150684 0.025306426 0.997619331 22.435359955 0.027207565 0.999262512 -0.027097648 -1.707197666 -0.997569263 0.028881127 0.063414812 88.542556763
0.064191245 0.024449827 0.997638166 23.251388550 0.024980085 0.999347210 -0.026099008 -1.743614435 -0.997624934 0.026596410 0.063538544 88.607124329
0.064459138 0.024736645 0.997613728 24.065841675 0.023157185 0.999386430 -0.026276862 -1.776530743 -0.997651637 0.024795704 0.063846722 88.664115906
0.064654596 0.025438605 0.997583389 24.878765106 0.020113943 0.999438643 -0.026789520 -1.809089541 -0.997705102 0.021797400 0.064106606 88.721336365
0.063536003 0.026842475 0.997618556 25.689308167 0.017429957 0.999455869 -0.028001979 -1.840057969 -0.997827351 0.019167582 0.063033551 88.777954102
0.060374852 0.026212694 0.997831523 26.504266739 0.014113775 0.999532819 -0.027111350 -1.875680923 -0.998076022 0.015720015 0.059976675 88.838562012
0.056683034 0.025204219 0.998074055 27.308298111 0.012037274 0.999591351 -0.025926163 -1.905542135 -0.998319626 0.013483667 0.056356579 88.888137817
0.051842846 0.022741755 0.998396277 28.121917725 0.010208307 0.999676347 -0.023300989 -1.935531020 -0.998603046 0.011399926 0.051594004 88.936080933
0.045809921 0.020743435 0.998734772 28.929183960 0.007914476 0.999745369 -0.021127449 -1.966146946 -0.998918772 0.008872309 0.045634180 88.975044250
0.038256623 0.021091770 0.999045253 29.730058670 0.007720797 0.999741137 -0.021402115 -1.994147539 -0.999238193 0.008532196 0.038083903 89.007034302
0.029806718 0.022009712 0.999313354 30.531105042 0.007654076 0.999723196 -0.022247041 -2.021324396 -0.999526262 0.008311930 0.029630050 89.029769897
0.019956887 0.022570863 0.999545991 31.332397461 0.008169127 0.999708116 -0.022737622 -2.047696352 -0.999767423 0.008619188 0.019766724 89.044471741
0.009415716 0.021359304 0.999727547 32.120121002 0.009437901 0.999725461 -0.021448147 -2.078735828 -0.999911070 0.009637279 0.009211540 89.052772522
-0.001616045 0.020257046 0.999793530 32.913772583 0.008264583 0.999760985 -0.020243028 -2.109170198 -0.999964476 0.008230166 -0.001783078 89.055213928
-0.012636693 0.019421926 0.999731481 33.697948456 0.009696078 0.999766767 -0.019300055 -2.137027502 -0.999873042 0.009449588 -0.012822062 89.042968750
-0.023561720 0.020079192 0.999520719 34.473289490 0.009948855 0.999753475 -0.019849341 -2.159929514 -0.999672890 0.009476402 -0.023755606 89.024154663
-0.034861837 0.020753246 0.999176681 35.250785828 0.010161558 0.999740005 -0.020410404 -2.185665607 -0.999340475 0.009441648 -0.035063595 88.998321533
-0.045128495 0.021656686 0.998746395 36.020370483 0.009525439 0.999728858 -0.021247581 -2.216166735 -0.998935819 0.008554626 -0.045322537 88.954490662
-0.055644166 0.022743771 0.998191595 36.785926819 0.010171121 0.999701619 -0.022211185 -2.239990711 -0.998398840 0.008916805 -0.055858880 88.912750244
-0.064859495 0.023523796 0.997617066 37.541542053 0.011288152 0.999675453 -0.022838438 -2.270175457 -0.997830629 0.009779965 -0.065103978 88.852218628
-0.074584931 0.023980485 0.996926248 38.306476593 0.011717857 0.999662876 -0.023169639 -2.298561811 -0.997145712 0.009953733 -0.074840717 88.795906067
-0.084123276 0.024043392 0.996165276 39.044651031 0.012395098 0.999656796 -0.023080930 -2.329709768 -0.996378183 0.010405922 -0.084392361 88.735549927
-0.092586786 0.023649875 0.995423555 39.776947021 0.013828473 0.999652028 -0.022464108 -2.353808403 -0.995608568 0.011685308 -0.092881538 88.660156250
-0.099797182 0.022449689 0.994754553 40.517116547 0.015302086 0.999661863 -0.021025278 -2.383804321 -0.994890094 0.013123551 -0.100106962 88.582069397
-0.105042353 0.020876719 0.994248569 41.237892151 0.018066065 0.999654770 -0.019081550 -2.410093069 -0.994303703 0.015957784 -0.105383232 88.504081726
-0.108875364 0.019348389 0.993867159 41.948883057 0.021387154 0.999624729 -0.017117575 -2.432722807 -0.993825197 0.019392302 -0.109248303 88.422256470
-0.111579508 0.018271269 0.993587613 42.658966064 0.022658359 0.999617934 -0.015837630 -2.454156160 -0.993497133 0.020745905 -0.111950845 88.339248657
-0.113523155 0.017306641 0.993384719 43.344722748 0.022592790 0.999634743 -0.014833639 -2.477268219 -0.993278444 0.020759363 -0.113872677 88.264648438
-0.113875449 0.017825063 0.993335128 44.012569427 0.023834210 0.999600291 -0.015205147 -2.498891830 -0.993209124 0.021943863 -0.114254683 88.177284241
-0.112835191 0.018821716 0.993435383 44.664844513 0.024364915 0.999572396 -0.016170595 -2.518131971 -0.993314922 0.022380359 -0.113245428 88.104721069
-0.109857157 0.020527966 0.993735313 45.286430359 0.025263038 0.999521434 -0.017854666 -2.540386200 -0.993626356 0.023143310 -0.110323057 88.038093567
-0.104637675 0.020909606 0.994290590 45.913669586 0.025754338 0.999500632 -0.018308818 -2.562465668 -0.994176865 0.023691500 -0.105123945 87.973381042
-0.096498668 0.021708196 0.995096385 46.511001587 0.025611755 0.999485254 -0.019320259 -2.581401825 -0.995003581 0.023621779 -0.097004980 87.918457031
-0.085496679 0.021782037 0.996100366 47.094802856 0.024010915 0.999515712 -0.019795824 -2.603704214 -0.996048987 0.022224799 -0.085978277 87.881340027
-0.071902007 0.021679685 0.997176051 47.640590668 0.023387961 0.999525368 -0.020044357 -2.630428553 -0.997137427 0.021880677 -0.072374925 87.852523804
-0.055081099 0.022898771 0.998219252 48.196289062 0.021691391 0.999528527 -0.021731885 -2.658859730 -0.998246253 0.020455748 -0.055551738 87.838897705
-0.033564508 0.025456898 0.999112248 48.728469849 0.019838789 0.999495566 -0.024800191 -2.679764509 -0.999239624 0.018988771 -0.034052514 87.836143494
-0.009084303 0.028405944 0.999555230 49.246768951 0.017864177 0.999441564 -0.028240355 -2.705852747 -0.999799132 0.017599687 -0.009586588 87.851142883
0.019016180 0.029963454 0.999370039 49.769901276 0.016002476 0.999413729 -0.030269256 -2.728707314 -0.999691069 0.016567999 0.018525630 87.883331299
0.052045900 0.029603017 0.998205841 50.260520935 0.013555076 0.999447584 -0.030346595 -2.750038624 -0.998552740 0.015110171 0.051615972 87.930740356
0.090682708 0.027275482 0.995506227 50.781192780 0.013068149 0.999506116 -0.028575480 -2.769142389 -0.995794058 0.015600722 0.090281524 87.985717773
0.132953256 0.023594333 0.990841389 51.268112183 0.010757162 0.999623239 -0.025246870 -2.790411234 -0.991063833 0.014015293 0.132649407 88.074783325
0.178614557 0.019697724 0.983721912 51.770240784 0.008212357 0.999734819 -0.021509478 -2.805477619 -0.983884871 0.011920578 0.178405449 88.184448242
0.226940438 0.016514370 0.973768592 52.250389099 0.003858673 0.999833167 -0.017855681 -2.822702885 -0.973900914 0.007809628 0.226838857 88.329696655
0.278599679 0.015089211 0.960288763 52.723972321 -0.000095864 0.999876976 -0.015683454 -2.837368250 -0.960407317 0.004277345 0.278566867 88.499710083
0.333260775 0.013921689 0.942731917 53.175251007 -0.000792675 0.999894738 -0.014485618 -2.866114140 -0.942834318 0.004080212 0.333236694 88.686302185
0.391479343 0.015144057 0.920062304 53.614349365 0.001147406 0.999855697 -0.016945655 -2.871852398 -0.920186102 0.007689562 0.391405523 88.902664185
0.451516122 0.017690409 0.892087579 54.031368256 0.002240553 0.999777734 -0.020959962 -2.896080017 -0.892260194 0.011462533 0.451376140 89.149322510
0.508554161 0.021265108 0.860767365 54.397289276 0.003414190 0.999637306 -0.026713017 -2.911322117 -0.861023068 0.016523840 0.508297205 89.436187744
0.566964567 0.025365364 0.823351562 54.768211365 -0.000421227 0.999534667 -0.030503046 -2.924429893 -0.823742032 0.016947329 0.566711366 89.737129211
0.623702526 0.028447591 0.781143904 55.112491608 -0.004305337 0.999447346 -0.032960139 -2.936890364 -0.781649888 0.017194234 0.623480439 90.050697327
0.675460100 0.029927082 0.736789107 55.425621033 -0.006529189 0.999379694 -0.034607340 -2.950699091 -0.737367630 0.018565238 0.675236523 90.407669067
0.723972142 0.028936449 0.689222038 55.678398132 -0.006599709 0.999364614 -0.035025090 -2.948030472 -0.689797580 0.020808522 0.723703146 90.734008789
0.769267619 0.026041314 0.638395905 55.942146301 -0.008948961 0.999510109 -0.029988319 -2.960925102 -0.638864040 0.017356059 0.769123912 91.120765686
0.810850441 0.021157753 0.584870875 56.184829712 -0.009862245 0.999698400 -0.022491407 -2.975193977 -0.585170329 0.012469028 0.810814559 91.525688171
0.847228706 0.019917242 0.530854821 56.401664734 -0.013020707 0.999775231 -0.016730092 -2.977480650 -0.531068623 0.007262110 0.847297728 91.952445984
0.878501952 0.013428933 0.477549911 56.593151093 -0.011048902 0.999908626 -0.007792326 -3.004998684 -0.477610826 0.001569174 0.878570080 92.373085022
0.904391229 0.014266780 0.426465750 56.759681702 -0.014656456 0.999889791 -0.002368391 -3.014384985 -0.426452488 -0.004108522 0.904500604 92.813125610
0.924459636 0.015822301 0.380951464 56.891124725 -0.017872676 0.999838531 0.001844906 -3.030946016 -0.380860776 -0.008514159 0.924593151 93.252288818
0.939629614 0.022120599 0.341477543 57.001121521 -0.025243782 0.999670267 0.004704553 -3.042264700 -0.341260850 -0.013040718 0.939878047 93.696586609
0.951533377 0.026463252 0.306405306 57.112098694 -0.029104674 0.999568224 0.004054255 -3.046339750 -0.306165636 -0.012775579 0.951892495 94.143966675
0.960851967 0.028152345 0.275628418 57.225097656 -0.030445263 0.999528348 0.004042855 -3.041057348 -0.275384545 -0.012276160 0.961255789 94.613388062
0.966946304 0.022674143 0.253969878 57.332832336 -0.024429224 0.999694526 0.003758453 -3.040338516 -0.253807098 -0.009838512 0.967204690 95.063758850
0.970951736 0.019515568 0.238478154 57.440063477 -0.021191834 0.999765515 0.004466899 -3.046488047 -0.238335073 -0.009390933 0.971137524 95.546806335
0.973867893 0.023969440 0.225846633 57.534809113 -0.025552886 0.999665201 0.004090069 -3.047229290 -0.225672930 -0.009754223 0.974154234 96.039360046
0.975956202 0.029276982 0.215991363 57.631507874 -0.030975387 0.999510229 0.004481603 -3.045730591 -0.215754315 -0.011064265 0.976384878 96.544067383
0.976998866 0.036676332 0.210067078 57.721199036 -0.038207192 0.999264717 0.003232380 -3.044606447 -0.209794044 -0.011184103 0.977681577 97.052925110
0.977328062 0.043060534 0.207305729 57.812820435 -0.044058841 0.999028921 0.000198833 -3.057142258 -0.207095861 -0.009327976 0.978276014 97.571609497
0.977376759 0.044796433 0.206707656 57.921085358 -0.045348410 0.998969078 -0.002069457 -3.067093611 -0.206587270 -0.007351224 0.978400469 98.099014282
0.977090359 0.042202048 0.208598763 58.049812317 -0.041841824 0.999105334 -0.006141185 -3.067908764 -0.208671242 -0.002727659 0.977982044 98.608428955
0.976307392 0.041131519 0.212443396 58.172622681 -0.039297532 0.999144971 -0.012849856 -3.071236134 -0.212790221 0.004196906 0.977088869 99.156906128
0.975445449 0.040930249 0.216404065 58.300163269 -0.038028773 0.999122441 -0.017556626 -3.075296402 -0.216932684 0.008895950 0.976146042 99.711112976
0.974242628 0.046038091 0.220753059 58.422134399 -0.043405946 0.998916924 -0.016762180 -3.091118813 -0.221285567 0.006748436 0.975185752 100.294654846
0.972757936 0.049185801 0.226545796 58.550319672 -0.047469754 0.998787820 -0.013019895 -3.099787712 -0.226911530 0.001911132 0.973913491 100.885986328
0.971792102 0.045755435 0.231358051 58.697456360 -0.045021348 0.998950243 -0.008454490 -3.111761093 -0.231501997 -0.002200049 0.972831905 101.496253967
0.971131086 0.041477051 0.234912917 58.853256226 -0.041975677 0.999114454 -0.002879523 -3.122191668 -0.234824300 -0.007064239 0.972012103 102.109237671
0.970236719 0.039081346 0.238983631 59.005825043 -0.040684223 0.999170482 0.001775862 -3.129048824 -0.238715962 -0.011445874 0.971021950 102.736869812
0.969783783 0.033889715 0.241600633 59.168838501 -0.035578460 0.999363422 0.002629417 -3.137919426 -0.241357684 -0.011145749 0.970372200 103.360534668
0.969734669 0.030449467 0.242255092 59.326263428 -0.031145148 0.999514341 -0.000958303 -3.142021418 -0.242166594 -0.006615775 0.970212042 104.010353088
0.969864607 0.030259756 0.241758108 59.495422363 -0.029223278 0.999541938 -0.007872622 -3.149597883 -0.241885632 0.000570410 0.970304549 104.655838013
0.970013797 0.032457247 0.240872681 59.654304504 -0.029853916 0.999449909 -0.014450260 -3.158294201 -0.241209283 0.006825955 0.970449090 105.314735413
0.970530570 0.035535965 0.238343760 59.811012268 -0.032077711 0.999316573 -0.018373776 -3.163827896 -0.238833845 0.010186782 0.971006930 105.995559692
0.971187830 0.033787832 0.235908225 59.977951050 -0.031344093 0.999409199 -0.014102388 -3.172972202 -0.236245394 0.006301733 0.971673012 106.687858582
0.971593022 0.029792817 0.234775007 60.146667480 -0.029097619 0.999555886 -0.006425468 -3.188183784 -0.234862223 -0.000588456 0.972028434 107.393455505
0.972237647 0.030316358 0.232023448 60.316589355 -0.031105366 0.999516129 -0.000258047 -3.202807426 -0.231918931 -0.006966293 0.972710192 108.099082947
0.972549319 0.033767194 0.230234101 60.479057312 -0.034479812 0.999405086 -0.000928566 -3.212251186 -0.230128407 -0.007035351 0.973134875 108.827095032
0.972837925 0.039370023 0.228114933 60.635902405 -0.039132942 0.999218583 -0.005564028 -3.220340014 -0.228155643 -0.003513911 0.973618329 109.558242798
0.973703504 0.040270392 0.224231675 60.803794861 -0.038794979 0.999186814 -0.010983440 -3.226526976 -0.224491566 0.001995553 0.974473894 110.300025940
0.974662960 0.038829133 0.220282629 60.972846985 -0.036626812 0.999229789 -0.014074792 -3.236118793 -0.220659435 0.005649930 0.975334525 111.055473328
0.975615859 0.036488678 0.216431290 61.143226624 -0.034619983 0.999323308 -0.012420557 -3.249047756 -0.216737956 0.004624847 0.976218820 111.823295593
0.976460755 0.033234496 0.213119432 61.312995911 -0.031785235 0.999442458 -0.010223992 -3.265120268 -0.213340297 0.003209274 0.976972699 112.606147766
0.976901114 0.031893093 0.211298615 61.481582642 -0.031020995 0.999491096 -0.007441694 -3.278780222 -0.211428329 0.000715106 0.977393270 113.398880005
0.977216780 0.029185250 0.210227549 61.650146484 -0.028767193 0.999573469 -0.005046993 -3.290369272 -0.210285082 -0.001115651 0.977639496 114.198211670
0.977442980 0.023841510 0.209849611 61.823066711 -0.023547318 0.999715149 -0.003900688 -3.300966263 -0.209882855 -0.001128698 0.977725804 114.985420227
0.977515399 0.024787338 0.209402710 61.988269806 -0.024819525 0.999689043 -0.002474474 -3.309639454 -0.209398940 -0.002778441 0.977826297 115.787338257
0.977363586 0.029669488 0.209475800 62.157283783 -0.029402697 0.999558032 -0.004388316 -3.318043470 -0.209513426 -0.001870176 0.977803886 116.613189697
0.977088213 0.035330679 0.209881768 62.325836182 -0.034523077 0.999375641 -0.007511485 -3.335249901 -0.210016102 0.000093619 0.977697849 117.425422668
0.976489305 0.044095304 0.211007789 62.487747192 -0.043130107 0.999027312 -0.009176562 -3.343992233 -0.211207166 -0.000139973 0.977441311 118.255828857
0.975609124 0.050168060 0.213705182 62.657676697 -0.049422104 0.998739004 -0.008835257 -3.355974674 -0.213878915 -0.001942001 0.976858199 119.083084106
0.974750221 0.052546881 0.217027262 62.828708649 -0.052322399 0.998607218 -0.006784542 -3.374790907 -0.217081472 -0.004742150 0.976141870 119.929641724
0.974227309 0.052990861 0.219255999 63.016059875 -0.052681856 0.998584867 -0.007259910 -3.397401333 -0.219330356 -0.004478011 0.975640357 120.757896423
0.973856211 0.051403325 0.221273333 63.200149536 -0.050355367 0.998677373 -0.010378398 -3.406449318 -0.221514106 -0.001035233 0.975156605 121.589019775
0.973823190 0.045285709 0.222749993 63.393272400 -0.044400427 0.998973489 -0.008983426 -3.422160625 -0.222928092 -0.001141928 0.974834263 122.436523438
0.974125087 0.038823586 0.222650275 63.599403381 -0.037467495 0.999244630 -0.010313204 -3.446324587 -0.222882420 0.001704200 0.974843800 123.253982544
0.973892927 0.037789986 0.223840401 63.787593842 -0.036411911 0.999284029 -0.010282424 -3.466856718 -0.224068657 0.001863520 0.974571526 124.093048096
0.973342836 0.040244557 0.225796774 63.977096558 -0.039528865 0.999188900 -0.007691721 -3.479045153 -0.225923181 -0.001438814 0.974143982 124.939491272
0.972914815 0.042365197 0.227248669 64.159919739 -0.043087687 0.999069750 -0.001782814 -3.495762587 -0.227112800 -0.008057092 0.973835111 125.782234192
0.972518206 0.046258036 0.228185594 64.347015381 -0.048058186 0.998841882 0.002335806 -3.512213707 -0.227813274 -0.013237798 0.973614752 126.622016907
0.972321868 0.045472726 0.229177728 64.536163330 -0.045743454 0.998944640 -0.004133824 -3.526991844 -0.229123771 -0.006463973 0.973375738 127.438682556
0.972541869 0.041436814 0.229009375 64.726074219 -0.038234487 0.999099255 -0.018404674 -3.546587467 -0.229565635 0.009143259 0.973250210 128.242019653
