0.565945983 0.034998905 -0.823699117 194.156951904 -0.003576480 0.999193370 0.039998315 -8.857523918 0.824434519 -0.019690940 0.565614581 202.831863403
0.556254447 0.028447071 -0.830524981 193.629211426 0.000088558 0.999411881 0.034291081 -8.833076477 0.831012011 -0.019148115 0.555924773 203.177444458
0.545509815 0.025349587 -0.837720990 193.079711914 0.001858108 0.999503434 0.031455118 -8.810586929 0.838102341 -0.018715650 0.545191765 203.528503418
0.535090864 0.020391621 -0.844548345 192.514343262 0.006475637 0.999580204 0.028237717 -8.791259766 0.844769716 -0.020578735 0.534734249 203.881378174
0.524462283 0.015227607 -0.851297438 191.933532715 0.012187663 0.999603391 0.025388928 -8.773772240 0.851346433 -0.023690864 0.524068713 204.241439819
0.514935613 0.011709484 -0.857148826 191.339065552 0.020633088 0.999447763 0.026048828 -8.756911278 0.856980503 -0.031099100 0.514409602 204.601623535
0.505527437 0.009845266 -0.862754285 190.724700928 0.025719680 0.999318540 0.026474008 -8.744019508 0.862427056 -0.035573103 0.504929781 204.970123291
0.497221768 0.009964924 -0.867566228 190.096527100 0.027682845 0.999242723 0.027343027 -8.725586891 0.867181778 -0.037612248 0.496569365 205.324234009
0.489865452 0.013171772 -0.871698439 189.446929932 0.028558398 0.999106824 0.031145839 -8.709294319 0.871330142 -0.040151585 0.489051759 205.682922363
0.484123915 0.016457664 -0.874844611 188.791534424 0.034786481 0.998670638 0.038037326 -8.686903000 0.874307632 -0.048847552 0.482907802 206.049301147
0.479600877 0.019559946 -0.877268732 188.123809814 0.040365189 0.998201489 0.044323862 -8.664280891 0.876557827 -0.056668878 0.477948725 206.426177979
0.477284610 0.021173336 -0.878493607 187.451629639 0.041727990 0.998035908 0.046725292 -8.643337250 0.877757430 -0.058959041 0.475463599 206.780548096
0.475185215 0.018511720 -0.879691064 186.768707275 0.041989338 0.998162508 0.043686263 -8.615499496 0.878883362 -0.057696708 0.473534703 207.155822754
0.473677635 0.013946839 -0.880587935 186.080459595 0.043211285 0.998302221 0.039055027 -8.585453033 0.879637539 -0.056550827 0.472270787 207.528091431
0.472713649 0.014400840 -0.881098330 185.374069214 0.041767154 0.998376608 0.038725939 -8.554849625 0.880225718 -0.055107262 0.471344709 207.897155762
0.472227573 0.017764755 -0.881297648 184.657775879 0.039145336 0.998387933 0.041100331 -8.527519226 0.880607069 -0.053907409 0.470770866 208.275344849
0.471239984 0.021138441 -0.881751657 183.933578491 0.035214417 0.998464763 0.042756282 -8.503523827 0.881301820 -0.051198844 0.469772071 208.656127930
0.470612794 0.020788908 -0.882094979 183.209152222 0.030516407 0.998740733 0.039819013 -8.475172997 0.881811917 -0.045657702 0.469385862 209.030059814
0.470266968 0.018204313 -0.882336438 182.479263306 0.028367143 0.998958826 0.035729557 -8.456154823 0.882068157 -0.041831791 0.469260991 209.412933350
0.469697833 0.013525651 -0.882723689 181.733917236 0.026560716 0.999213517 0.029443555 -8.421556473 0.882427573 -0.037275348 0.468969136 209.804641724
0.469723225 0.012674704 -0.882722795 180.982971191 0.025847057 0.999270916 0.028102173 -8.400861740 0.882435203 -0.036016036 0.469053149 210.197937012
0.470110744 0.014306525 -0.882491589 180.215942383 0.026670523 0.999181807 0.030405868 -8.385354042 0.882204354 -0.037830640 0.469344527 210.593582153
0.470143735 0.018644720 -0.882392943 179.459503174 0.028073058 0.998955071 0.036065120 -8.367644310 0.882143378 -0.041727260 0.469128937 211.010574341
0.470348299 0.023143629 -0.882177353 178.691802979 0.029717021 0.998673797 0.042044021 -8.343677521 0.881980360 -0.045991018 0.469036698 211.422363281
0.470947087 0.026751883 -0.881755710 177.912460327 0.029614292 0.998497307 0.046110783 -8.315385818 0.881664157 -0.047828313 0.469447136 211.831130981
0.471228629 0.027905973 -0.881569445 177.121810913 0.025885811 0.998631239 0.045448389 -8.292871475 0.881631076 -0.044236723 0.469861269 212.245742798
0.472049922 0.027880529 -0.881130755 176.340927124 0.020972176 0.998861790 0.042841204 -8.262897491 0.881322384 -0.038702417 0.470927864 212.656066895
0.472638905 0.024175787 -0.880924523 175.566574097 0.021350749 0.999016225 0.038871881 -8.234955788 0.880997539 -0.037180763 0.471657664 213.067855835
0.472727716 0.024185302 -0.880876482 174.797256470 0.021321639 0.999016702 0.038871337 -8.208893776 0.880950570 -0.037157293 0.471747160 213.475860596
0.472486466 0.024540326 -0.880996168 174.026107788 0.021874389 0.998977840 0.039558169 -8.187019348 0.881066501 -0.037961949 0.471466631 213.886657715
0.472049266 0.025725221 -0.881196737 173.255264282 0.023333382 0.998859346 0.041659690 -8.161970139 0.881263256 -0.040226724 0.470910579 214.303878784
0.471634984 0.025217401 -0.881433129 172.478332520 0.023904599 0.998857915 0.041367680 -8.136043549 0.881469727 -0.040580753 0.470493585 214.721160889
0.471434087 0.027723214 -0.881465495 171.704589844 0.021280099 0.998857141 0.042796567 -8.112151146 0.881644428 -0.038933430 0.470305383 215.123092651
0.471547276 0.029159829 -0.881358564 170.936676025 0.022220535 0.998742938 0.044931997 -8.088946342 0.881560802 -0.040771808 0.470306456 215.536224365
0.471516520 0.027372301 -0.881432354 170.174819946 0.026828108 0.998610258 0.045362707 -8.062754631 0.881449103 -0.045036424 0.470126808 215.950683594
0.471055090 0.023314876 -0.881795645 169.410690308 0.027594112 0.998771846 0.041148525 -8.044914246 0.881672144 -0.043715585 0.469833195 216.357482910
0.470322698 0.015044866 -0.882366359 168.656127930 0.027962064 0.999098599 0.031939678 -8.022230148 0.882051528 -0.039694738 0.469477981 216.756622314
0.469004095 0.010407234 -0.883134723 167.893722534 0.030472217 0.999144554 0.027957145 -7.999219894 0.882670224 -0.040023092 0.468285680 217.158538818
0.467765331 0.012078268 -0.883770227 167.151794434 0.034462616 0.998897016 0.031892188 -7.983847618 0.883180559 -0.045375090 0.466833085 217.559326172
0.467334241 0.019317029 -0.883869648 166.396667480 0.032151602 0.998728514 0.038827009 -7.977462769 0.883495808 -0.046563014 0.466118932 217.952774048
0.466793418 0.020849079 -0.884120643 165.660110474 0.028290574 0.998858333 0.038491506 -7.957005024 0.883913755 -0.042979855 0.465670645 218.328582764
0.466091037 0.017488947 -0.884563863 164.935424805 0.029726403 0.998930514 0.035413444 -7.940004826 0.884237230 -0.042800788 0.465072632 218.709396362
0.464846849 0.014310804 -0.885275483 164.231567383 0.034680013 0.998807788 0.034356132 -7.921260834 0.884711683 -0.046671700 0.463796318 219.089874268
0.463918418 0.016503386 -0.885724127 163.539154053 0.034225017 0.998746157 0.036535420 -7.908641815 0.885216534 -0.047263384 0.462771803 219.447204590
0.462641865 0.019003749 -0.886341572 162.862304688 0.034539092 0.998624921 0.039439477 -7.894101620 0.885872304 -0.048859797 0.461349189 219.797088623
0.459849924 0.017201981 -0.887830019 162.205734253 0.037236523 0.998559415 0.038633984 -7.881070137 0.887215555 -0.050825540 0.458546847 220.142333984
0.456755042 0.017134011 -0.889427543 161.570587158 0.037842203 0.998535335 0.038669292 -7.867905617 0.888787329 -0.051320285 0.455437571 220.461318970
0.452238649 0.019837551 -0.891676307 160.946563721 0.034700383 0.998604357 0.039815705 -7.851656914 0.891221583 -0.048947707 0.450919122 220.772628784
0.446209431 0.020141492 -0.894701838 160.343246460 0.033814296 0.998653412 0.039345652 -7.831157684 0.894289434 -0.047810111 0.444927514 221.068313599
0.438804477 0.024579272 -0.898246348 159.761001587 0.030570067 0.998638868 0.042260237 -7.822652817 0.898062408 -0.046003435 0.437455803 221.342590332
0.431075096 0.026641477 -0.901922643 159.185195923 0.029303417 0.998623431 0.043503478 -7.812677860 0.901840150 -0.045182683 0.429700971 221.603515625
0.421500295 0.025200304 -0.906477988 158.635848999 0.026909251 0.998826087 0.040280040 -7.801251411 0.906428993 -0.041370697 0.420327306 221.848114014
0.409641653 0.018687915 -0.912055016 158.096511841 0.029658390 0.998988807 0.033789977 -7.793658733 0.911764264 -0.040891871 0.408673108 222.087432861
0.394776314 0.010552825 -0.918716609 157.559524536 0.034704093 0.999049187 0.026388047 -7.782664299 0.918121576 -0.042300597 0.394034654 222.311065674
0.374738812 0.006736527 -0.927105904 157.020996094 0.038070623 0.999018312 0.022647301 -7.775443077 0.926348448 -0.043782324 0.374114394 222.519500732
0.348981023 0.008378460 -0.937092364 156.477386475 0.037188165 0.999048471 0.022781586 -7.763465881 0.936391711 -0.042799078 0.348337322 222.708938599
0.319761187 0.014774111 -0.947382987 155.911132812 0.033690967 0.999068856 0.026951518 -7.751509666 0.946899116 -0.040536296 0.318965554 222.878143311
0.288395852 0.020777224 -0.957285762 155.348388672 0.030487949 0.999058366 0.030868797 -7.743324757 0.957025647 -0.038088121 0.287490934 223.036453247
0.254841268 0.025500065 -0.966646552 154.794067383 0.027856220 0.999043703 0.033698555 -7.731066704 0.966581583 -0.035514906 0.253887236 223.157791138
0.219800800 0.030622676 -0.975063980 154.249206543 0.024030326 0.999033988 0.036792435 -7.729278564 0.975248754 -0.031518117 0.218852639 223.248764038
0.184329271 0.033486824 -0.982293904 153.702590942 0.021732779 0.999036193 0.038135774 -7.716500759 0.982624292 -0.028377512 0.183423758 223.331787109
0.149367183 0.035627067 -0.988139689 153.153472900 0.019724235 0.999044418 0.039001748 -7.707198620 0.988585055 -0.025315877 0.148521662 223.382904053
0.114455521 0.037342966 -0.992726207 152.603546143 0.018180098 0.999047220 0.039676789 -7.694514275 0.993262053 -0.022589087 0.113667436 223.417282104
0.079387240 0.038807049 -0.996088088 152.054748535 0.016079130 0.999062061 0.040204402 -7.682526588 0.996713996 -0.019207947 0.078688823 223.437988281
0.044772990 0.037639096 -0.998287797 151.485595703 0.011234474 0.999207795 0.038177647 -7.666741848 0.998934031 -0.012924566 0.044314619 223.432220459
0.012765326 0.037616674 -0.999210715 150.912841797 0.003829431 0.999282956 0.037668318 -7.645949841 0.999911249 -0.004307254 0.012612127 223.402862549
-0.014375478 0.039425481 -0.999119103 150.337707520 -0.000487054 0.999222040 0.039436549 -7.622884750 0.999896526 0.001053543 -0.014345169 223.369934082
-0.036860362 0.043761324 -0.998361766 149.742614746 -0.000305173 0.999040127 0.043802325 -7.595503330 0.999320388 0.001919244 -0.036811717 223.332077026
-0.054566611 0.050904036 -0.997211754 149.136062622 -0.001657340 0.998693705 0.051070377 -7.574153900 0.998508692 0.004439454 -0.054411016 223.281097412
-0.068452045 0.057772893 -0.995980144 148.513000488 -0.004488717 0.998293996 0.058215607 -7.550506592 0.997644305 0.008455653 -0.068076029 223.227874756
-0.079968393 0.058538385 -0.995077074 147.881622314 -0.009232165 0.998187900 0.059463307 -7.522746086 0.996754646 0.013941901 -0.079283148 223.159957886
-0.089337572 0.059142455 -0.994243920 147.244186401 -0.013305341 0.998075485 0.060565919 -7.485753059 0.995912552 0.018639566 -0.088378802 223.086563110
-0.094049789 0.059747912 -0.993773043 146.588058472 -0.012403028 0.998049676 0.061178848 -7.451884270 0.995490313 0.018079653 -0.093125403 223.016601562
-0.096648909 0.059189875 -0.993557036 145.915725708 -0.008524033 0.998144329 0.060292341 -7.408548832 0.995282054 0.014296304 -0.095965147 222.951934814
-0.098267645 0.059733745 -0.993365765 145.205261230 -0.003639742 0.998168647 0.060382627 -7.378789902 0.995153368 0.009549255 -0.097870216 222.879669189
-0.099404491 0.057129547 -0.993405700 144.499969482 -0.001654055 0.998339653 0.057578798 -7.339601517 0.995045722 0.007366738 -0.099144869 222.807586670
-0.099490717 0.052789561 -0.993637145 143.783187866 0.002181657 0.998600900 0.052834824 -7.306460857 0.995036125 0.003088799 -0.099466614 222.733566284
-0.099827766 0.048450079 -0.993824422 143.052444458 0.007067873 0.998823106 0.047983818 -7.270878315 0.994979620 -0.002234107 -0.100052685 222.667617798
-0.099404946 0.046505600 -0.993959665 142.301651001 0.009655956 0.998905122 0.045771319 -7.233351231 0.995000124 -0.005047733 -0.099745229 222.593261719
-0.098599091 0.048727009 -0.993933558 141.533935547 0.009731483 0.998799801 0.048000213 -7.198517323 0.995079577 -0.004939668 -0.098954961 222.514511108
-0.097098887 0.054236092 -0.993795872 140.739669800 0.010268586 0.998515546 0.053490371 -7.159055233 0.995221794 -0.005011020 -0.097511828 222.435272217
-0.095364638 0.057088282 -0.993803978 139.933074951 0.011143011 0.998352766 0.056280300 -7.120718479 0.995380044 -0.005706816 -0.095843859 222.358230591
-0.092726164 0.052706920 -0.994295657 139.121978760 0.008527889 0.998603284 0.052139979 -7.084027290 0.995655119 -0.003644503 -0.093046218 222.278305054
-0.088804990 0.044150557 -0.995070100 138.303207397 0.006715718 0.999020934 0.043726511 -7.046763420 0.996026337 -0.002799482 -0.089014649 222.193496704
-0.084702887 0.038326658 -0.995668888 137.460357666 0.010549575 0.999238491 0.037566587 -7.004517555 0.996350408 -0.007321888 -0.085042737 222.124771118
-0.080150172 0.039277278 -0.996008694 136.599975586 0.015980490 0.999145687 0.038114998 -6.972950935 0.996654570 -0.012861785 -0.080709428 222.057357788
-0.075312555 0.042090971 -0.996271253 135.699722290 0.021471329 0.998945534 0.040580839 -6.945759773 0.996928751 -0.018335022 -0.076136947 221.996185303
-0.071201690 0.045099754 -0.996441841 134.797775269 0.022515083 0.998795450 0.043597434 -6.911298275 0.997207820 -0.019330759 -0.072131440 221.933746338
-0.066786759 0.046901390 -0.996664345 133.885726929 0.023881191 0.998683512 0.045396127 -6.865952015 0.997481465 -0.020769669 -0.067818955 221.873901367
-0.062890738 0.051247787 -0.996703804 132.965026855 0.026495364 0.998414397 0.049663931 -6.833415031 0.997668624 -0.023284623 -0.064148903 221.818817139
-0.059782304 0.052707575 -0.996818960 132.034408569 0.024607692 0.998379230 0.051314294 -6.792925835 0.997907996 -0.021461725 -0.060982481 221.758773804
-0.056982026 0.049143083 -0.997165024 131.090820312 0.031376444 0.998382568 0.047410116 -6.753779411 0.997881949 -0.028585963 -0.058431908 221.708221436
-0.055083901 0.044270903 -0.997499824 130.107269287 0.040490087 0.998293877 0.042070210 -6.706074238 0.997660398 -0.038071457 -0.056782454 221.660537720
-0.054363463 0.035738640 -0.997881532 129.136169434 0.039725944 0.998645544 0.033601783 -6.668953896 0.997730672 -0.037815075 -0.055709567 221.600311279
-0.054425720 0.030604225 -0.998048723 128.148056030 0.042986218 0.998675406 0.028279312 -6.645489693 0.997592092 -0.041363209 -0.055669114 221.545349121
-0.054748327 0.029013665 -0.998078585 127.148101807 0.045676686 0.998604119 0.026523396 -6.613259315 0.997454882 -0.044136811 -0.055997312 221.500183105
-0.054170717 0.036193710 -0.997875571 126.146652222 0.039048593 0.998655260 0.034102187 -6.587041378 0.997767806 -0.037118301 -0.055511329 221.429031372
-0.054265916 0.048458733 -0.997349918 125.111656189 0.036065452 0.998265088 0.046540868 -6.559485912 0.997874975 -0.033444293 -0.055919554 221.361129761
-0.056190304 0.057763424 -0.996747673 124.084083557 0.034225743 0.997849643 0.055897854 -6.517418861 0.997833252 -0.030973513 -0.058046624 221.297256470
-0.058466442 0.057888556 -0.996609569 123.068763733 0.034887522 0.997825980 0.055912524 -6.481031895 0.997679472 -0.031500228 -0.060359016 221.230560303
-0.060881194 0.048164822 -0.996982098 122.070495605 0.039029490 0.998186111 0.045839623 -6.438870430 0.997381568 -0.036120944 -0.062650584 221.171737671
-0.063893192 0.039034661 -0.997193038 121.065643311 0.040249959 0.998522520 0.036507763 -6.404916763 0.997144639 -0.037804384 -0.065369949 221.108901978
-0.066287249 0.035846688 -0.997156501 120.041015625 0.041588575 0.998585284 0.033133399 -6.379650593 0.996933460 -0.039274000 -0.067684203 221.034194946
-0.069326364 0.037877105 -0.996874750 119.015892029 0.042379897 0.998488545 0.034991175 -6.355972767 0.996693313 -0.039821640 -0.070826828 220.962768555
-0.071555942 0.041739687 -0.996562779 117.990264893 0.039913349 0.998443604 0.038952567 -6.330882072 0.996637642 -0.036988873 -0.073110573 220.878494263
-0.073302358 0.049018107 -0.996104419 116.965751648 0.040680874 0.998107195 0.046122987 -6.297725677 0.996479690 -0.037141472 -0.075157769 220.801559448
-0.074406743 0.057019141 -0.995596528 115.938980103 0.040165447 0.997725427 0.054139249 -6.260705948 0.996418834 -0.035960257 -0.076527774 220.718872070
-0.075530462 0.057667501 -0.995474577 114.927291870 0.037190948 0.997794628 0.054980077 -6.223664284 0.996449709 -0.032869972 -0.077508613 220.632461548
-0.076696396 0.050946120 -0.995752096 113.932922363 0.035132699 0.998211563 0.048365917 -6.191871643 0.996435344 -0.031273961 -0.078349173 220.549774170
-0.077642024 0.043656997 -0.996025085 112.937576294 0.037643254 0.998456717 0.040829230 -6.155663013 0.996270478 -0.034323558 -0.079165652 220.471572876
-0.078028925 0.042521175 -0.996043980 111.938400269 0.036769528 0.998533010 0.039746955 -6.124094486 0.996272802 -0.033522651 -0.079477988 220.388671875
-0.076814741 0.046974506 -0.995938241 110.929428101 0.038226057 0.998293877 0.044137314 -6.095937729 0.996312380 -0.034680396 -0.078479379 220.301605225
-0.076903880 0.053979646 -0.995576322 109.931663513 0.037583433 0.997980773 0.051206853 -6.059242725 0.996329844 -0.033479176 -0.078777395 220.221298218
-0.076664329 0.055830073 -0.995492578 108.932449341 0.039809562 0.997806311 0.052894030 -6.025796413 0.996261835 -0.035575036 -0.078718930 220.145629883
-0.075200304 0.052651733 -0.995777309 107.951782227 0.038926709 0.997998893 0.049829468 -5.986546040 0.996408284 -0.035015147 -0.077099532 220.064407349
-0.073795259 0.047409493 -0.996145904 106.979705811 0.039462000 0.998225927 0.044585112 -5.956599236 0.996492326 -0.036019742 -0.075535178 219.986450195
-0.072810024 0.043649346 -0.996390164 106.012939453 0.041550066 0.998307288 0.040697098 -5.929115295 0.996479928 -0.038436919 -0.074500471 219.916549683
-0.072121054 0.035743184 -0.996755183 105.050369263 0.044719867 0.998468578 0.032568865 -5.905241966 0.996392787 -0.042225860 -0.073609121 219.847579956
-0.071185023 0.034577008 -0.996863604 104.079757690 0.046203177 0.998440564 0.031332374 -5.881134033 0.996392488 -0.043827869 -0.072671741 219.779937744
-0.070023566 0.040235862 -0.996733546 103.104103088 0.049227916 0.998108208 0.036832936 -5.855228901 0.996329963 -0.046487942 -0.071871996 219.714920044
-0.068543449 0.047703341 -0.996507049 102.135238647 0.053578731 0.997590721 0.044069868 -5.832354546 0.996208489 -0.050370879 -0.070934370 219.650131226
-0.067126423 0.047833387 -0.996597290 101.170806885 0.052074924 0.997656763 0.044376709 -5.806044579 0.996384621 -0.048918873 -0.069459945 219.581771851
-0.066548914 0.046708819 -0.996689200 100.208320618 0.052202392 0.997698605 0.043270569 -5.773731232 0.996416688 -0.049149953 -0.068834148 219.515853882
-0.066521190 0.045277353 -0.996757209 99.253410339 0.057589017 0.997478843 0.041466784 -5.745653629 0.996121705 -0.054643851 -0.068960942 219.455963135
-0.066770166 0.044053592 -0.996795416 98.299667358 0.059837788 0.997403502 0.040072244 -5.722981453 0.995972455 -0.056970403 -0.069232881 219.396759033
-0.067812353 0.042730156 -0.996782720 97.355735779 0.060176983 0.997438669 0.038664367 -5.697741985 0.995881617 -0.057361446 -0.070210040 219.331680298
-0.069057085 0.046344377 -0.996535659 96.406539917 0.064431183 0.997042000 0.041903030 -5.666315556 0.995529890 -0.061314270 -0.071838886 219.267990112
-0.070366114 0.052128725 -0.996158183 95.446411133 0.066833586 0.996635973 0.047432769 -5.633415699 0.995279849 -0.063239157 -0.073613368 219.200881958
-0.072500072 0.053022362 -0.995958030 94.516357422 0.065582462 0.996678174 0.048286669 -5.602764130 0.995209932 -0.061816592 -0.075736567 219.126113892
-0.074993037 0.052039191 -0.995825231 93.596443176 0.066031307 0.996704757 0.047112498 -5.576949596 0.994995296 -0.062222544 -0.078182101 219.052307129
-0.078596890 0.053172927 -0.995487392 92.674827576 0.065435626 0.996698260 0.048071250 -5.541191101 0.994756579 -0.061362095 -0.081816807 218.980819702
-0.081395596 0.057382766 -0.995028615 91.752502441 0.062592946 0.996664882 0.052356884 -5.512573242 0.994714499 -0.058020148 -0.084715843 218.897384644
-0.084611282 0.058277845 -0.994708240 90.849365234 0.059623867 0.996795416 0.053328425 -5.481091499 0.994628608 -0.054796159 -0.087814935 218.812530518
-0.087256320 0.055932824 -0.994614422 89.965011597 0.057267975 0.997053027 0.051045898 -5.446083069 0.994538546 -0.052505467 -0.090202428 218.718933105
-0.090471238 0.053566739 -0.994457364 89.091842651 0.058068018 0.997137368 0.048428323 -5.404578209 0.994204760 -0.053364787 -0.093322694 218.646865845
-0.092450030 0.052425023 -0.994336247 88.228233337 0.057810687 0.997211099 0.047201540 -5.377664089 0.994037747 -0.053119466 -0.095222972 218.560089111
-0.093646526 0.051999129 -0.994246662 87.384674072 0.055580199 0.997350931 0.046926469 -5.350335598 0.994052887 -0.050865937 -0.096288532 218.478363037
-0.094303697 0.050883062 -0.994242311 86.572341919 0.054100290 0.997479260 0.045917310 -5.326821804 0.994072318 -0.049458623 -0.096818864 218.397018433
-0.094546251 0.052035730 -0.994159579 85.762268066 0.054143552 0.997423828 0.047057427 -5.302055836 0.994046926 -0.049378227 -0.097120076 218.317260742
-0.094262451 0.054106515 -0.994075954 84.975570679 0.050956186 0.997475445 0.049459659 -5.276210785 0.994242430 -0.045992132 -0.096781671 218.239242554
-0.092309363 0.055119421 -0.994203568 84.212234497 0.047990870 0.997552693 0.050849255 -5.253419399 0.994573295 -0.043018829 -0.094728708 218.157470703
-0.090081811 0.056210302 -0.994346857 83.474319458 0.046987839 0.997534096 0.052133657 -5.233977318 0.994825363 -0.042025916 -0.092500836 218.094345093
-0.085592456 0.057367064 -0.994677305 82.754669189 0.047726050 0.997431040 0.053419020 -5.203034878 0.995186627 -0.042899754 -0.088110507 218.036285400
-0.078895740 0.058698803 -0.995153189 82.061599731 0.046337355 0.997401774 0.055157814 -5.181604862 0.995805323 -0.041761048 -0.081410758 217.973953247
-0.071635038 0.058805559 -0.995695889 81.377655029 0.045022428 0.997433722 0.055669066 -5.151086807 0.996414304 -0.040840797 -0.074098788 217.940093994
-0.060996510 0.058099233 -0.996445596 80.717720032 0.043189127 0.997523189 0.055518273 -5.127150059 0.997203112 -0.039649207 -0.063354775 217.901016235
-0.046714239 0.055613108 -0.997359037 80.078216553 0.042839371 0.997641921 0.053622387 -5.103106022 0.997989357 -0.040221304 -0.048986562 217.871185303
-0.030329581 0.052394990 -0.998165786 79.456092834 0.043925818 0.997730374 0.051037434 -5.074998379 0.998574436 -0.042297304 -0.032562319 217.868652344
-0.009893842 0.051568899 -0.998620450 78.861785889 0.045883134 0.997640908 0.051063720 -5.057666302 0.998897910 -0.045314625 -0.012236781 217.872467041
0.013555191 0.051298413 -0.998591363 78.273696899 0.045617644 0.997611642 0.051867306 -5.033143997 0.998867035 -0.046256464 0.011182658 217.876052856
0.038655132 0.052593756 -0.997867584 77.693206787 0.043764457 0.997566462 0.054273229 -5.023527145 0.998293757 -0.045769066 0.036259234 217.915206909
0.067211233 0.054064803 -0.996272922 77.102416992 0.039957665 0.997583807 0.056831598 -4.999372005 0.996938348 -0.043628458 0.064888500 217.960784912
0.097894788 0.054627459 -0.993696392 76.522445679 0.037006885 0.997601926 0.058487926 -4.978155136 0.994508445 -0.042499270 0.095638424 218.034423828
0.132922307 0.053132784 -0.989701331 75.943260193 0.035993859 0.997644484 0.058393404 -4.956218719 0.990472674 -0.043384954 0.130696714 218.116363525
0.170823082 0.049418092 -0.984061658 75.370040894 0.030921627 0.997980535 0.055484764 -4.927339077 0.984816372 -0.039906867 0.168950006 218.220153809
0.212233990 0.045451548 -0.976161301 74.793640137 0.022825127 0.998414576 0.051450267 -4.899092674 0.976952255 -0.033200506 0.210860103 218.323074341
0.255229145 0.042726710 -0.965936124 74.235771179 0.016124193 0.998696089 0.048436299 -4.875402451 0.966746151 -0.027937295 0.254207313 218.457153320
0.299118668 0.041596413 -0.953308761 73.707183838 0.008684428 0.998889327 0.046310164 -4.859423161 0.954176366 -0.022131177 0.298425227 218.644393921
0.343579262 0.041730247 -0.938196003 73.243110657 -0.000429828 0.999019206 0.044278201 -4.850171089 0.939123511 -0.014809811 0.343260229 218.880249023
0.394193560 0.041524287 -0.918088794 72.725814819 -0.012312656 0.999127686 0.039902996 -4.825276375 0.918944955 -0.004425390 0.394360960 219.106765747
0.446221799 0.042312235 -0.893921554 72.226577759 -0.012586810 0.999079585 0.041006710 -4.808278084 0.894833863 -0.007046466 0.446343690 219.381561279
0.498104811 0.044249773 -0.865987003 71.740798950 -0.015143355 0.998988628 0.042335555 -4.789288521 0.866984606 -0.007973595 0.498271167 219.697616577
0.551544368 0.048291340 -0.832746506 71.267211914 -0.018594759 0.998786569 0.045604397 -4.767149925 0.833938301 -0.009668129 0.551773012 220.031784058
0.601750433 0.050206937 -0.797104537 70.824996948 -0.019066811 0.998640895 0.048507106 -4.761073112 0.798456609 -0.013990929 0.601889849 220.406127930
0.649721026 0.047207098 -0.758705497 70.445739746 -0.017919801 0.998743713 0.046796702 -4.738790035 0.759961545 -0.016808949 0.649750650 220.773529053
0.692980170 0.042616375 -0.719696045 70.060073853 -0.017849963 0.998959601 0.041965440 -4.727383614 0.720735669 -0.016234670 0.693019807 221.195159912
0.733346462 0.040773094 -0.678631365 69.685676575 -0.024038475 0.999130905 0.034052543 -4.719664097 0.679430127 -0.008659050 0.733689189 221.630599976
0.769773543 0.039404761 -0.637099683 69.342582703 -0.033443928 0.999211609 0.021392953 -4.700697899 0.637440443 0.004839385 0.770484447 222.084091187
0.803276062 0.032361582 -0.594727039 69.030403137 -0.031943873 0.999426484 0.011237551 -4.684422016 0.594749808 0.009971029 0.803849101 222.574493408
0.836929679 0.022280991 -0.546856821 68.698944092 -0.022913860 0.999721348 0.005664183 -4.667563438 0.546830773 0.007790080 0.837206960 223.083816528
0.866016746 0.016987747 -0.499726146 68.433364868 -0.016789047 0.999846995 0.004893779 -4.666665077 0.499732912 0.004151830 0.866169572 223.629577637
0.891708255 0.016850345 -0.452296853 68.184265137 -0.015639244 0.999857068 0.006416779 -4.668838978 0.452340335 0.001351684 0.891844392 224.190093994
0.913912714 0.016774155 -0.405563712 67.954818726 -0.015933612 0.999858141 0.005448809 -4.674873829 0.405597746 0.001482360 0.914050519 224.772460938
0.932868421 0.014217268 -0.359936625 67.752525330 -0.012908825 0.999898374 0.006038797 -4.678844929 0.359985948 -0.000987043 0.932957113 225.387237549
0.949463785 0.014827213 -0.313526243 67.542129517 -0.013975190 0.999890029 0.004964969 -4.678385735 0.313565284 -0.000332465 0.949566543 226.004638672
0.963037848 0.018455705 -0.268732816 67.378273010 -0.018314881 0.999827623 0.003031249 -4.681010723 0.268742442 0.002002602 0.963209987 226.642303467
0.973781407 0.017630657 -0.226801455 67.247253418 -0.018289529 0.999832451 -0.000803804 -4.693129539 0.226749361 0.004930821 0.973940670 227.294403076
0.981813550 0.006429015 -0.189738810 67.140792847 -0.008614831 0.999905646 -0.010697631 -4.695620537 0.189652234 0.012137637 0.981776297 227.954742432
0.987288237 0.000682551 -0.158938944 67.051132202 -0.003806582 0.999805510 -0.019351896 -4.705074787 0.158894807 0.019710910 0.987098694 228.629821777
0.991324902 -0.000955026 -0.131430209 66.971633911 -0.001978253 0.999751925 -0.022185711 -4.716160774 0.131418914 0.022253243 0.991077065 229.317886353
0.994041800 -0.000310819 -0.108998276 66.903503418 -0.001616823 0.999843955 -0.017596267 -4.726883411 0.108986750 0.017667647 0.993885994 230.026214600
0.995881379 -0.000205837 -0.090665847 66.846664429 -0.000440338 0.999974668 -0.007106971 -4.744700909 0.090665042 0.007117622 0.995855987 230.757141113
0.997199416 0.002543544 -0.074745938 66.790992737 -0.002329087 0.999992847 0.002956117 -4.759097099 0.074752986 -0.002773749 0.997198224 231.489334106
0.998049974 -0.000823320 -0.062415387 66.755493164 0.001225414 0.999978840 0.006404255 -4.761362553 0.062408887 -0.006468252 0.998029649 232.238677979
0.998460054 -0.009762460 -0.054610543 66.727600098 0.010087643 0.999933004 0.005681945 -4.762372017 0.054551482 -0.006224094 0.998491406 232.998306274
0.998652518 -0.015672632 -0.049474351 66.698799133 0.015801329 0.999872804 0.002211381 -4.764265537 0.049433358 -0.002990168 0.998772800 233.746490479
0.998790145 -0.018531894 -0.045551240 66.659065247 0.018470842 0.999827802 -0.001760673 -4.770066738 0.045576017 0.000917172 0.998960495 234.513748169
0.998813689 -0.020039318 -0.044381678 66.624755859 0.019843096 0.999791324 -0.004857462 -4.779639244 0.044469766 0.003971027 0.999002874 235.282928467
0.998755813 -0.021576673 -0.044958085 66.608062744 0.021427909 0.999763250 -0.003788327 -4.782926559 0.045029070 0.002820250 0.998981714 236.057296753
0.998791873 -0.022474974 -0.043699309 66.568023682 0.022478106 0.999747276 -0.000419893 -4.788764477 0.043697663 -0.000562891 0.999044597 236.851455688
0.998634577 -0.027800789 -0.044228602 66.542404175 0.027904697 0.999609172 0.001733630 -4.800011158 0.044163160 -0.002965454 0.999019980 237.660873413
0.998532593 -0.030012475 -0.045077872 66.504165649 0.029864240 0.999546111 -0.003958506 -4.814467907 0.045176283 0.002606473 0.998975635 238.459289551
0.998415947 -0.032862104 -0.045670301 66.476249695 0.032338426 0.999403179 -0.012158481 -4.820115089 0.046042651 0.010662318 0.998882532 239.246994019
0.998001337 -0.042680547 -0.046602312 66.444808960 0.041858956 0.998952925 -0.018466134 -4.832968235 0.047341716 0.016478492 0.998742700 240.059555054
0.997422159 -0.052787520 -0.048607547 66.418609619 0.051813655 0.998434246 -0.021083023 -4.852414608 0.049644332 0.018510133 0.998595417 240.893539429
0.996838272 -0.061927736 -0.049784288 66.383468628 0.060934212 0.997915983 -0.021234207 -4.874741077 0.050995540 0.018133491 0.998534203 241.734878540
0.996396244 -0.066701151 -0.052397132 66.364685059 0.065917775 0.997688055 -0.016541297 -4.891705513 0.053379238 0.013027793 0.998489261 242.565017700
0.996240199 -0.066511117 -0.055513229 66.318878174 0.066105410 0.997771084 -0.009114977 -4.908238411 0.055995740 0.005410982 0.998416305 243.415344238
0.996286094 -0.063524626 -0.058125578 66.265197754 0.063611157 0.997974634 -0.000362571 -4.929797649 0.058030993 -0.003336225 0.998309135 244.272964478
0.996652544 -0.055244323 -0.060264543 66.198013306 0.055569950 0.998447716 0.003739441 -4.938506126 0.059964508 -0.007075833 0.998175263 245.158096313
0.996917725 -0.049211431 -0.061101288 66.144065857 0.049755167 0.998733938 0.007408469 -4.939005852 0.060659349 -0.010425742 0.998104036 246.027160645
0.997173905 -0.041873462 -0.062377252 66.075340271 0.042465955 0.999064267 0.008202532 -4.943112850 0.061975453 -0.010828258 0.998018861 246.913253784
0.997209609 -0.040273547 -0.062858231 66.017494202 0.040516399 0.999175429 0.002593058 -4.948286533 0.062702000 -0.005132616 0.998018980 247.810623169
0.997225642 -0.039375018 -0.063171804 65.952499390 0.039022785 0.999215186 -0.006800334 -4.955552101 0.063390099 0.004316313 0.997979403 248.710128784
0.997333705 -0.037368380 -0.062681675 65.902000427 0.036637865 0.999247134 -0.012763780 -4.960631371 0.063111454 0.010433216 0.997951925 249.585708618
0.997390211 -0.036221933 -0.062457364 65.842056274 0.035485815 0.999287426 -0.012855465 -4.975667477 0.062878534 0.010605569 0.997964799 250.514312744
0.997614264 -0.031572647 -0.061390601 65.770973206 0.031188829 0.999487579 -0.007200439 -4.992071152 0.061586455 0.005268561 0.998087823 251.462020874
0.997802019 -0.028092545 -0.060015231 65.713714600 0.028002221 0.999605119 -0.002345547 -5.005228996 0.060057461 0.000659827 0.998194695 252.412429810
0.997979522 -0.024665525 -0.058551829 65.648185730 0.024870604 0.999686837 0.002776289 -5.012098789 0.058465049 -0.004226903 0.998280466 253.383743286
0.998141408 -0.020971186 -0.057218105 65.583656311 0.021416878 0.999744833 0.007187165 -5.013998508 0.057052795 -0.008399246 0.998335719 254.361587524
0.998248100 -0.019353382 -0.055910319 65.527557373 0.019842943 0.999769330 0.008214144 -5.019345284 0.055738471 -0.009309188 0.998401999 255.335494995
0.998272955 -0.020962177 -0.054877989 65.468643188 0.021064436 0.999777317 0.001285412 -5.024629593 0.054838944 -0.002439171 0.998492241 256.328430176
0.998259425 -0.020755999 -0.055203766 65.426368713 0.020255379 0.999748588 -0.009612921 -5.035767555 0.055389613 0.008478004 0.998428822 257.296203613
0.998139381 -0.023698635 -0.056178771 65.372833252 0.023064014 0.999662876 -0.011918259 -5.044672966 0.056442380 0.010600361 0.998349488 258.303680420
0.998072743 -0.021220967 -0.058313426 65.311180115 0.021126028 0.999774218 -0.002244331 -5.057100296 0.058347993 0.001008062 0.998295784 259.336242676
0.998000622 -0.022277661 -0.059148639 65.245399475 0.022791225 0.999708056 0.008021895 -5.069386482 0.058952719 -0.009353926 0.998216927 260.386810303
0.997936249 -0.021388421 -0.060545821 65.180809021 0.021972898 0.999718070 0.009004066 -5.072814465 0.060336210 -0.010315852 0.998124838 261.426422119
0.997875571 -0.021564696 -0.061475426 65.114356995 0.021830324 0.999755085 0.003652446 -5.077313423 0.061381638 -0.004986726 0.998101830 262.462951660
0.997757614 -0.024943015 -0.062108487 65.043205261 0.024895910 0.999688864 -0.001532334 -5.084280968 0.062127396 -0.000017349 0.998068154 263.511596680
0.997690201 -0.023189763 -0.063847095 64.980545044 0.023045208 0.999729931 -0.002999757 -5.092979908 0.063899428 0.001521457 0.997955024 264.559112549
0.997664630 -0.023419168 -0.064162254 64.913269043 0.023398401 0.999725521 -0.001075390 -5.104971409 0.064169966 -0.000428419 0.997938931 265.610870361
0.997618556 -0.023426104 -0.064873211 64.842414856 0.023573203 0.999720931 0.001502798 -5.117588520 0.064820021 -0.003028498 0.997892380 266.669464111
0.997638226 -0.020237774 -0.065638386 64.765205383 0.020508382 0.999783635 0.003451448 -5.120903015 0.065554485 -0.004789439 0.997837603 267.733001709
0.997641981 -0.019042969 -0.065938622 64.694549561 0.019537944 0.999785483 0.006869851 -5.134498119 0.065793663 -0.008141967 0.997799993 268.796752930
0.997595787 -0.019126998 -0.066609874 64.625549316 0.019780759 0.999762237 0.009169001 -5.136260033 0.066418730 -0.010464551 0.997737050 269.864196777
0.997581601 -0.019157423 -0.066812612 64.544364929 0.019769507 0.999768317 0.008512056 -5.140263081 0.066634059 -0.009812325 0.997729123 270.923492432
0.997522116 -0.023338646 -0.066369981 64.478553772 0.023665003 0.999711394 0.004135304 -5.151839733 0.066254377 -0.005695712 0.997786522 271.985534668
0.997471929 -0.023955118 -0.066902220 64.405639648 0.023943232 0.999712825 -0.000979518 -5.153983593 0.066906482 -0.000624815 0.997759104 273.036956787
0.997398436 -0.023687180 -0.068082497 64.333450317 0.023709927 0.999718785 -0.000474018 -5.177344322 0.068074599 -0.001141449 0.997679591 274.084869385
0.997221112 -0.026763069 -0.069526039 64.265159607 0.026659302 0.999641597 -0.002420207 -5.188051701 0.069566011 0.000559952 0.997577131 275.140625000
0.997158170 -0.026566839 -0.070497230 64.184417725 0.026119031 0.999632299 -0.007266707 -5.201676369 0.070664458 0.005404730 0.997485518 276.187072754
0.997082114 -0.025963597 -0.071786001 64.106155396 0.025439302 0.999642611 -0.008208353 -5.220812798 0.071973488 0.006358216 0.997386277 277.242889404
0.997042179 -0.023917381 -0.073041633 64.035499573 0.023944354 0.999713123 -0.000506470 -5.239600182 0.073032856 -0.001243967 0.997328699 278.273651123
0.997025967 -0.023575937 -0.073372208 63.960975647 0.024271961 0.999668241 0.008608915 -5.255253792 0.073145062 -0.010364204 0.997267425 279.318756104
0.997033358 -0.022660680 -0.073559925 63.882713318 0.023376141 0.999687254 0.008879682 -5.260527611 0.073335841 -0.010572893 0.997251332 280.354095459
0.997162819 -0.020855727 -0.072328776 63.801307678 0.021103781 0.999773622 0.002667014 -5.270344257 0.072256796 -0.004185859 0.997377276 281.381927490
0.997292638 -0.018311255 -0.071217977 63.720046997 0.018258564 0.999832273 -0.001390899 -5.276757717 0.071231484 0.000086784 0.997459710 282.418334961
0.997434437 -0.016120346 -0.069745377 63.636039734 0.015949119 0.999868274 -0.003011359 -5.288075924 0.069784753 0.001891246 0.997560263 283.458038330
0.997553527 -0.013033610 -0.068680428 63.559459686 0.013072716 0.999914467 0.000120008 -5.306668758 0.068673030 -0.001017560 0.997638643 284.496246338
0.997619867 -0.011416492 -0.068001032 63.487838745 0.011560149 0.999931812 0.001719337 -5.319271564 0.067976832 -0.002501350 0.997683764 285.547454834
0.997696698 -0.007722481 -0.067389995 63.408782959 0.008053982 0.999956727 0.004648759 -5.330516815 0.067351229 -0.005180816 0.997715950 286.585083008
0.997744441 -0.007114780 -0.066748291 63.330459595 0.007263818 0.999971628 0.001990390 -5.343995094 0.066732302 -0.002470752 0.997767925 287.605926514
0.997700453 -0.007546183 -0.067356788 63.267593384 0.007470224 0.999971151 -0.001379558 -5.356055260 0.067365348 0.000873212 0.997727931 288.632720947
0.997704983 -0.005560888 -0.067482509 63.192047119 0.005298234 0.999977708 -0.004070568 -5.368848324 0.067503691 0.003703684 0.997712135 289.654541016
0.997704387 -0.003565077 -0.067626327 63.119930267 0.003499915 0.999993324 -0.001082048 -5.386878967 0.067629732 0.000842867 0.997710109 290.669158936
0.997794449 -0.002202293 -0.066343978 63.038925171 0.002364100 0.999994397 0.002360494 -5.401952267 0.066338465 -0.002512138 0.997793913 291.673980713
0.997786999 -0.000349229 -0.066490978 62.974952698 0.000814598 0.999975383 0.006971985 -5.416319370 0.066486865 -0.007010719 0.997762680 292.706268311
0.997757912 0.001228619 -0.066914804 62.900024414 -0.000786303 0.999977708 0.006636117 -5.421857834 0.066921420 -0.006568622 0.997736692 293.729888916
0.997731686 -0.002574785 -0.067267776 62.828857422 0.002980574 0.999977946 0.005932664 -5.426945686 0.067251004 -0.006119707 0.997717261 294.752563477
0.997608781 -0.008756798 -0.068557583 62.757972717 0.009029996 0.999952495 0.003675967 -5.436749458 0.068522155 -0.004286252 0.997640431 295.769714355
0.997452617 -0.009534116 -0.070691645 62.695808411 0.009737052 0.999949336 0.002526626 -5.437885284 0.070664018 -0.003208525 0.997494936 296.770965576
0.997255087 -0.006669181 -0.073740318 62.616981506 0.006616640 0.999977648 -0.000956856 -5.451898575 0.073745161 0.000466312 0.997276902 297.776733398
0.997115612 -0.010181278 -0.075210668 62.538501740 0.010296592 0.999946296 0.001145618 -5.453185081 0.075195111 -0.001916731 0.997166812 298.780364990
0.996885300 -0.006158486 -0.078624398 62.462051392 0.007006473 0.999920130 0.010513861 -5.467230797 0.078553289 -0.011031995 0.996848822 299.777435303
0.996637225 -0.001398728 -0.081929155 62.371650696 0.002830490 0.999845207 0.017361958 -5.472082138 0.081892125 -0.017535470 0.996486902 300.786621094
0.996418417 -0.000795876 -0.084555984 62.276664734 0.002294170 0.999841988 0.017623849 -5.471158981 0.084528573 -0.017754715 0.996262789 301.792022705
0.996142745 -0.003826873 -0.087663323 62.199451447 0.005002913 0.999900341 0.013199590 -5.473325253 0.087604284 -0.013587251 0.996062696 302.763885498
0.995805502 -0.009074511 -0.091043644 62.117160797 0.009517566 0.999944866 0.004433350 -5.476524830 0.090998523 -0.005281270 0.995837092 303.756713867
0.995504260 -0.011778482 -0.093980581 62.020404816 0.011611415 0.999929845 -0.002324416 -5.484058380 0.094001420 0.001222712 0.995571196 304.746429443
0.995090187 -0.015114219 -0.097811475 61.928489685 0.015075112 0.999885619 -0.001138942 -5.500452518 0.097817570 -0.000341171 0.995204210 305.731414795
0.994622409 -0.016074365 -0.102312163 61.823928833 0.016299905 0.999866128 0.001368679 -5.512985229 0.102276541 -0.003028997 0.994751453 306.725677490
0.994060993 -0.015052679 -0.107777961 61.713729858 0.014806788 0.999885559 -0.003081432 -5.527580261 0.107812054 0.001467289 0.994170189 307.708740234
0.993554473 -0.016576519 -0.112137377 61.595844269 0.015782053 0.999843597 -0.007968778 -5.543183804 0.112251967 0.006147660 0.993660748 308.684570312
0.993056297 -0.012892726 -0.116931580 61.468769073 0.012105636 0.999899030 -0.007438841 -5.554615021 0.117015682 0.005971656 0.993112087 309.666931152
