1.000000000 -0.000000000 0.000000001 0.000000000 -0.000000000 1.000000000 0.000000000 0.000000000 0.000000001 0.000000000 1.000000000 0.000000000
0.999996424 -0.002296069 -0.001374256 -0.004865577 0.002300082 0.999993086 0.002924552 -0.015733600 0.001367533 -0.002927702 0.999994814 1.530624032
0.999991417 -0.002853597 -0.003026512 -0.005419057 0.002864815 0.999989033 0.003708879 -0.032928608 0.003015896 -0.003717517 0.999988556 3.053591251
0.999988616 -0.001810706 -0.004407844 -0.022502927 0.001825953 0.999992251 0.003457379 -0.047746822 0.004401550 -0.003465387 0.999984264 4.568913460
0.999981701 -0.001220428 -0.005930245 -0.035444390 0.001240723 0.999993443 0.003419849 -0.064044572 0.005926034 -0.003427145 0.999976516 6.071517944
0.999971151 -0.001564297 -0.007442832 -0.050834786 0.001589551 0.999993086 0.003388476 -0.073234491 0.007437480 -0.003400209 0.999966502 7.570618153
0.999957681 -0.001600870 -0.009060519 -0.073300764 0.001637901 0.999990344 0.004081243 -0.093549661 0.009053901 -0.004095910 0.999950707 9.073369026
0.999936104 -0.003437086 -0.010769201 -0.095302209 0.003471611 0.999988914 0.003188884 -0.107030094 0.010758123 -0.003226067 0.999936998 10.569821358
0.999916077 -0.004512092 -0.012144413 -0.109487951 0.004554578 0.999983609 0.003473076 -0.124013923 0.012128545 -0.003528097 0.999920249 12.055685043
0.999900997 -0.004134855 -0.013453051 -0.133277833 0.004180708 0.999985456 0.003382053 -0.138519183 0.013438874 -0.003437961 0.999903798 13.546175003
0.999886155 -0.003918270 -0.014575093 -0.164798722 0.003969307 0.999986053 0.003474423 -0.154071361 0.014561278 -0.003531881 0.999887705 15.030559540
0.999878109 -0.002466768 -0.015411565 -0.184246331 0.002531812 0.999987900 0.004202425 -0.175113693 0.015401014 -0.004240932 0.999872386 16.496528625
0.999869943 -0.001478421 -0.016054405 -0.218507469 0.001552816 0.999988079 0.004622484 -0.185305178 0.016047379 -0.004646813 0.999860466 17.968927383
0.999861062 -0.000421874 -0.016662998 -0.243853003 0.000519353 0.999982715 0.005846232 -0.202329859 0.016660245 -0.005854073 0.999844015 19.452957153
0.999856114 -0.000278590 -0.016957529 -0.276079416 0.000373823 0.999984145 0.005612968 -0.209311754 0.016955698 -0.005618500 0.999840498 20.915893555
0.999845743 0.000613731 -0.017554011 -0.307253957 -0.000513913 0.999983609 0.005690238 -0.220634967 0.017557213 -0.005680338 0.999829769 22.379407883
0.999842227 0.000976617 -0.017736608 -0.336599231 -0.000865804 0.999980032 0.006254319 -0.232205868 0.017742364 -0.006237975 0.999823153 23.834754944
0.999844432 0.001937941 -0.017534768 -0.370043069 -0.001806956 0.999970376 0.007482685 -0.242587432 0.017548757 -0.007449835 0.999818265 25.276689529
0.999843180 0.002327033 -0.017555788 -0.398295283 -0.002218181 0.999978185 0.006217237 -0.254470348 0.017569872 -0.006177320 0.999826550 26.716993332
0.999842227 0.002683866 -0.017562080 -0.434991866 -0.002612531 0.999988198 0.004083576 -0.261117756 0.017572833 -0.004037050 0.999837399 28.147392273
0.999851227 0.000999567 -0.017218601 -0.461365402 -0.000933822 0.999992192 0.003825933 -0.276662171 0.017222289 -0.003809284 0.999844372 29.579723358
0.999858677 -0.000288079 -0.016808780 -0.488940954 0.000398357 0.999978423 0.006557822 -0.291752040 0.016806530 -0.006563592 0.999837160 30.984003067
0.999857724 -0.001580778 -0.016794726 -0.519122243 0.001713257 0.999967456 0.007876699 -0.306907684 0.016781731 -0.007904350 0.999828041 32.411281586
0.999861002 -0.002072024 -0.016541153 -0.547862470 0.002185966 0.999974012 0.006873367 -0.312145710 0.016526481 -0.006908570 0.999839544 33.802246094
0.999867737 -0.002183974 -0.016116809 -0.575887799 0.002269789 0.999983311 0.005308362 -0.330440462 0.016104946 -0.005344241 0.999856055 35.203205109
0.999881029 -0.001094491 -0.015385189 -0.607020140 0.001163969 0.999989152 0.004507795 -0.343271911 0.015380088 -0.004525166 0.999871492 36.553791046
0.999887764 -0.000567533 -0.014969636 -0.629565060 0.000622989 0.999992847 0.003700175 -0.361583054 0.014967432 -0.003709085 0.999881029 37.914287567
0.999906898 -0.000075180 -0.013645300 -0.656940579 0.000140972 0.999988258 0.004820677 -0.377072096 0.013644782 -0.004822152 0.999895215 39.248958588
0.999924064 0.000060139 -0.012317972 -0.678270996 0.000024350 0.999976456 0.006858774 -0.393450409 0.012318099 -0.006858552 0.999900639 40.571090698
0.999943316 -0.000423269 -0.010633571 -0.699388266 0.000507694 0.999968410 0.007938053 -0.409096003 0.010629877 -0.007943002 0.999912024 41.856853485
0.999965131 0.000079823 -0.008347209 -0.711112261 -0.000007979 0.999962926 0.008606881 -0.421972573 0.008347587 -0.008606512 0.999928117 43.162162781
0.999987483 -0.000342183 -0.005000741 -0.726162791 0.000381840 0.999968469 0.007931820 -0.432146460 0.004997869 -0.007933630 0.999956071 44.430511475
0.999998510 -0.001029519 -0.001379256 -0.733527780 0.001038035 0.999980271 0.006188505 -0.445851386 0.001372859 -0.006189927 0.999979913 45.679912567
0.999996901 -0.001033831 0.002251685 -0.740243554 0.001023653 0.999989271 0.004516501 -0.461155355 -0.002256329 -0.004514182 0.999987304 46.895133972
0.999979854 -0.000570591 0.006329747 -0.734756231 0.000537564 0.999986291 0.005218275 -0.476537347 -0.006332637 -0.005214767 0.999966383 48.125858307
0.999934256 -0.000009555 0.011469116 -0.729828119 -0.000048848 0.999987125 0.005091900 -0.491242409 -0.011469014 -0.005092124 0.999921262 49.325473785
0.999838531 0.001017533 0.017942600 -0.714491248 -0.001089920 0.999991357 0.004025026 -0.503022850 -0.017938348 -0.004043931 0.999830902 50.548439026
0.999681354 0.002366111 0.025133517 -0.683764696 -0.002468240 0.999988735 0.004033240 -0.517493725 -0.025123693 -0.004093989 0.999675989 51.736927032
0.999425828 0.003497419 0.033702854 -0.653397202 -0.003663063 0.999981463 0.004854360 -0.527157068 -0.033685260 -0.004975027 0.999420047 52.923080444
0.999018312 0.005707032 0.043931700 -0.609897137 -0.005966953 0.999965429 0.005787625 -0.547643602 -0.043897144 -0.006044082 0.999017835 54.079769135
0.998350561 0.007957682 0.056858137 -0.557752609 -0.008292261 0.999949694 0.005650926 -0.558976412 -0.056810297 -0.006113089 0.998366356 55.230033875
0.997373402 0.009979052 0.071742393 -0.489003181 -0.010448639 0.999926329 0.006173106 -0.571723461 -0.071675502 -0.006906501 0.997404158 56.361862183
0.996074080 0.012038131 0.087701537 -0.399210930 -0.012756339 0.999889493 0.007633381 -0.583197355 -0.087599963 -0.008722162 0.996117651 57.484390259
0.994355381 0.012274658 0.105388895 -0.283001900 -0.013229071 0.999877572 0.008361810 -0.593372941 -0.105273381 -0.009708804 0.994395971 58.600437164
0.992196560 0.012006535 0.124103419 -0.150129318 -0.013039195 0.999886870 0.007512049 -0.603473186 -0.123999178 -0.009071637 0.992240965 59.684413910
0.989489496 0.010998342 0.144185737 0.005237579 -0.012061529 0.999906123 0.006501661 -0.610106468 -0.144100681 -0.008172424 0.989529312 60.767490387
0.986233711 0.008334561 0.165147126 0.180707932 -0.009478386 0.999936283 0.006139209 -0.618012667 -0.165085420 -0.007620021 0.986249924 61.829380035
0.982430100 0.002997138 0.186606780 0.383090019 -0.004625568 0.999954879 0.008291736 -0.626044035 -0.186573520 -0.009009213 0.982399642 62.872474670
0.977810502 -0.002492324 0.209476516 0.607582092 0.000445472 0.999951720 0.009817884 -0.635232806 -0.209490880 -0.009506715 0.977764368 63.901668549
0.972374678 -0.007742547 0.233297199 0.862226486 0.005720132 0.999939919 0.009344177 -0.645897269 -0.233355552 -0.007751549 0.972360551 64.919815063
0.965885043 -0.013983903 0.258593827 1.134485245 0.012410368 0.999893069 0.007716434 -0.655276179 -0.258674115 -0.004243941 0.965955377 65.924476624
0.958421886 -0.017169146 0.284838170 1.430170059 0.015404644 0.999845803 0.008434085 -0.662414610 -0.284938991 -0.003695582 0.958538473 66.908493042
0.949883699 -0.019933466 0.311967403 1.745388031 0.017399706 0.999789238 0.010903591 -0.671731472 -0.312119007 -0.004929001 0.950030148 67.856887817
0.940204382 -0.024079273 0.339758575 2.083858490 0.020617977 0.999692261 0.013794357 -0.676212788 -0.339986205 -0.005964379 0.940411508 68.807975769
0.929406285 -0.027118895 0.368060589 2.456531525 0.023825536 0.999625146 0.013489982 -0.681274831 -0.368288457 -0.003768431 0.929704010 69.721588135
0.917350054 -0.026545703 0.397195458 2.846912384 0.024725741 0.999647081 0.009703487 -0.684700131 -0.397312969 0.000919459 0.917682767 70.624923706
0.904330254 -0.027863910 0.425922900 3.269340515 0.028706865 0.999577940 0.004441331 -0.688036323 -0.425866932 0.008210483 0.904748619 71.500473022
0.890277803 -0.029516969 0.454460204 3.710971832 0.032067262 0.999483526 0.002096884 -0.696108818 -0.454287380 0.012706487 0.890764594 72.346755981
0.874575794 -0.030179365 0.483948499 4.176837921 0.031590737 0.999487221 0.005238966 -0.701449990 -0.483858436 0.010706421 0.875080764 73.188125610
0.856977105 -0.029194286 0.514527023 4.677902222 0.027381022 0.999563336 0.011110465 -0.709824026 -0.514626682 0.004566862 0.857402205 74.029014587
0.837305427 -0.029247420 0.545952797 5.199535370 0.025243057 0.999571323 0.014834133 -0.713553429 -0.546152592 0.001360818 0.837684691 74.838348389
0.816319585 -0.023089519 0.577138960 5.730304718 0.021344036 0.999724030 0.009806289 -0.714301109 -0.577206016 0.004313409 0.816587090 75.605545044
0.794443071 -0.016310520 0.607119560 6.292297363 0.018468950 0.999825776 0.002693287 -0.717148364 -0.607057631 0.009073199 0.794605911 76.344413757
0.772110224 -0.014001409 0.635334432 6.890300751 0.017634880 0.999844253 0.000603083 -0.723229051 -0.635243952 0.010738400 0.772236884 77.065002441
0.748585820 -0.016582269 0.662830412 7.509628296 0.018912274 0.999814451 0.003653610 -0.727881312 -0.662767947 0.009800593 0.748760641 77.779327393
0.724277377 -0.017283356 0.689291954 8.146507263 0.019296536 0.999802291 0.004793163 -0.743240237 -0.689238548 0.009829372 0.724467754 78.442512512
0.698897183 -0.014999471 0.715064824 8.801197052 0.019735586 0.999803841 0.001682895 -0.751441836 -0.714949846 0.012936054 0.699056029 79.084548950
0.673083246 -0.012849560 0.739455163 9.478836060 0.019773301 0.999804318 -0.000624829 -0.759377122 -0.739302397 0.015042034 0.673205614 79.681343079
0.645851612 -0.010130774 0.763395727 10.177726746 0.017745584 0.999840915 -0.001744644 -0.766127527 -0.763256729 0.014673683 0.645928741 80.284675598
0.617864013 -0.008683082 0.786237001 10.891784668 0.017571617 0.999841750 -0.002766551 -0.781266510 -0.786088645 0.015524810 0.617918849 80.844650269
0.588975191 -0.002309214 0.808147848 11.628818512 0.016294234 0.999826491 -0.009018257 -0.796036065 -0.807986856 0.018479677 0.588910699 81.397308350
0.558945835 0.007139701 0.829173446 12.388965607 0.014898340 0.999715090 -0.018651143 -0.810747862 -0.829070330 0.022778288 0.558680177 81.912315369
0.528065205 0.015600104 0.849060595 13.160667419 0.013811048 0.999541342 -0.026954589 -0.832773566 -0.849091649 0.025960192 0.527607441 82.396049500
0.496301115 0.020413244 0.867910385 13.975204468 0.011160452 0.999490857 -0.029889947 -0.862735987 -0.868078768 0.024520688 0.495820701 82.871879578
0.463915199 0.019702995 0.885660470 14.804994583 0.009262927 0.999590158 -0.027089538 -0.895778775 -0.885831237 0.020771058 0.463542581 83.310813904
0.430602312 0.018753469 0.902346969 15.651866913 0.004697611 0.999723911 -0.023018977 -0.924089074 -0.902529478 0.014150897 0.430395335 83.723747253
0.395963818 0.019742973 0.918053865 16.502582550 0.000419416 0.999764860 -0.021681089 -0.958360553 -0.918265998 0.008969975 0.395862430 84.108360291
0.361047149 0.022797845 0.932268858 17.387647629 -0.006588540 0.999738574 -0.021896170 -0.986643672 -0.932524323 0.001763257 0.361102879 84.461425781
0.325827897 0.024759496 0.945104718 18.289176941 -0.011526295 0.999686837 -0.022215689 -1.014130831 -0.945358932 -0.003655068 0.326011181 84.766944885
0.289426953 0.023849076 0.956902862 19.190521240 -0.014111038 0.999687254 -0.020647343 -1.047201157 -0.957096100 -0.007526999 0.289672911 85.060066223
0.252738893 0.023752620 0.967242897 20.159925461 -0.014918954 0.999675572 -0.020650767 -1.068236828 -0.967419505 -0.009211002 0.253011227 85.333572388
0.217056409 0.023334999 0.975880146 21.106458664 -0.014301305 0.999683082 -0.020723252 -1.092954278 -0.976054311 -0.009458245 0.217321277 85.537223816
0.181819454 0.021977659 0.983086169 22.066482544 -0.012132798 0.999724269 -0.020105684 -1.118820310 -0.983257115 -0.008271986 0.182035923 85.709358215
0.147166654 0.021135131 0.988885939 23.036647797 -0.003808743 0.999776363 -0.020801073 -1.149561048 -0.989104390 -0.000705188 0.147214279 85.852081299
0.113536514 0.024382394 0.993234694 24.005096436 -0.001869705 0.999702215 -0.024327444 -1.181784391 -0.993532181 0.000904998 0.113548316 85.957267761
0.080104686 0.029026277 0.996363878 24.978708267 -0.000892322 0.999577641 -0.029048167 -1.218334079 -0.996786058 0.001437816 0.080096774 86.051132202
0.050849825 0.033309802 0.998150766 25.997196198 0.005774162 0.999417186 -0.033646222 -1.248671293 -0.998689592 0.007474391 0.050627854 86.104270935
0.025366321 0.031624924 0.999177933 26.980293274 0.007923067 0.999461770 -0.031835057 -1.281676292 -0.999646842 0.008724093 0.025102098 86.122421265
0.003178921 0.028364573 0.999592662 27.970491409 0.009133757 0.999555171 -0.028392563 -1.320234299 -0.999953270 0.009220292 0.002918433 86.119590759
-0.015413013 0.026063465 0.999541402 29.019748688 0.009356335 0.999620140 -0.025921235 -1.361853004 -0.999837399 0.008952520 -0.015651014 86.103187561
-0.031767271 0.029045328 0.999073207 30.015216827 0.011426756 0.999522865 -0.028695064 -1.399335384 -0.999429941 0.010504602 -0.032084011 86.066390991
-0.046672691 0.033757787 0.998339653 31.020738602 0.013634958 0.999357224 -0.033154748 -1.429413915 -0.998817205 0.012064896 -0.047102984 86.021804810
-0.058840066 0.038862154 0.997510672 32.014434814 0.017741375 0.999124825 -0.037878528 -1.469586372 -0.998109877 0.015468433 -0.059478045 85.961280823
-0.067232639 0.042280469 0.996841073 33.018287659 0.023801571 0.998885274 -0.040761854 -1.515271664 -0.997453332 0.020985855 -0.068164036 85.883407593
-0.073349617 0.047742900 0.996162951 34.019664764 0.027241953 0.998576641 -0.045852698 -1.561763406 -0.996934175 0.023774141 -0.074545830 85.805633545
-0.076793097 0.052333094 0.995672703 35.017589569 0.029299902 0.998308718 -0.050211836 -1.619950533 -0.996616483 0.025317188 -0.078196570 85.722732544
-0.079678185 0.056408804 0.995223403 36.026214600 0.031653449 0.998037219 -0.054034103 -1.679414034 -0.996318042 0.027196914 -0.081307329 85.639755249
-0.081895493 0.058907598 0.994898498 37.033817291 0.032501232 0.997878611 -0.056408692 -1.745402694 -0.996110857 0.027715810 -0.083636321 85.547134399
-0.084900707 0.062854573 0.994404972 38.048488617 0.033413902 0.997626603 -0.060205381 -1.806305408 -0.995828986 0.028115466 -0.086799413 85.464210510
-0.086155340 0.066628270 0.994051397 39.048831940 0.034701973 0.997356415 -0.063842162 -1.869064808 -0.995677173 0.028995195 -0.088239729 85.364700317
-0.088552184 0.068329111 0.993725181 40.064720154 0.037420854 0.997168124 -0.065231241 -1.935202837 -0.995368302 0.031409673 -0.090858370 85.272201538
-0.091085769 0.066623844 0.993611872 41.079792023 0.037460506 0.997282505 -0.063435912 -2.014482498 -0.995138168 0.031443097 -0.093334012 85.192085266
-0.092896864 0.066426814 0.993457377 42.112350464 0.036827952 0.997318566 -0.063241243 -2.084378242 -0.994994462 0.030712092 -0.095094137 85.088714600
-0.095027849 0.067735016 0.993167460 43.143531799 0.036718916 0.997241974 -0.064499564 -2.154462337 -0.994797289 0.030338783 -0.097252898 84.982131958
-0.097257741 0.070049323 0.992791057 44.169338226 0.036135599 0.997110844 -0.066814117 -2.228874922 -0.994602978 0.029376904 -0.099508017 84.878776550
-0.099766783 0.072023898 0.992400765 45.202110291 0.034433782 0.997029245 -0.068898156 -2.309526920 -0.994414866 0.027298355 -0.101950452 84.774185181
-0.102292299 0.075699911 0.991869867 46.233589172 0.032038167 0.996833742 -0.072774641 -2.388511419 -0.994238317 0.024333412 -0.104393706 84.671897888
-0.104636505 0.079801060 0.991303742 47.274009705 0.028406115 0.996608615 -0.077229723 -2.467837095 -0.994104743 0.020078037 -0.106548473 84.571060181
-0.107220106 0.082490467 0.990807474 48.320068359 0.026098453 0.996442318 -0.080135375 -2.549103260 -0.993892670 0.017266415 -0.108991519 84.455368042
-0.110355087 0.080847114 0.990598619 49.357749939 0.023944072 0.996613085 -0.078670569 -2.637806654 -0.993603706 0.015037265 -0.111917131 84.349845886
-0.112677008 0.076745123 0.990663469 50.425197601 0.021593193 0.996966481 -0.074777409 -2.723727226 -0.993396938 0.012965892 -0.113992363 84.218597412
-0.115094133 0.075087436 0.990512609 51.478134155 0.021770542 0.997090161 -0.073056392 -2.808121204 -0.993115902 0.013155635 -0.116393924 84.100646973
-0.117160477 0.075221337 0.990260124 52.515174866 0.021379093 0.997087359 -0.073210515 -2.900566339 -0.992882907 0.012593484 -0.118427388 83.986930847
-0.118508011 0.078245789 0.989865422 53.561790466 0.022343103 0.996848166 -0.076122805 -2.978955746 -0.992701709 0.013095503 -0.119882740 83.868598938
-0.119301066 0.080953859 0.989552319 54.618057251 0.022826882 0.996630490 -0.078780919 -3.066004992 -0.992595673 0.013189749 -0.120747000 83.739021301
-0.119557686 0.081699364 0.989460051 55.678504944 0.021533173 0.996587336 -0.079686001 -3.154361010 -0.992593765 0.011779141 -0.120908923 83.613327026
-0.119535059 0.080265380 0.989580154 56.737094879 0.018504968 0.996733665 -0.078610346 -3.246030569 -0.992657483 0.008915458 -0.120629944 83.485702515
-0.120038651 0.079394162 0.989589393 57.804679871 0.014787338 0.996829510 -0.078181304 -3.340257645 -0.992659092 0.005248615 -0.120832101 83.373123169
-0.119542763 0.080742054 0.989540458 58.877658844 0.011122018 0.996733963 -0.079985410 -3.427631855 -0.992766738 0.001444009 -0.120050356 83.240463257
-0.119717881 0.081138790 0.989486814 59.960117340 0.006941300 0.996698797 -0.080890357 -3.515805721 -0.992783666 -0.002815697 -0.119885892 83.115791321
-0.120105229 0.080320477 0.989506662 61.037643433 0.003505130 0.996749818 -0.080482990 -3.612529039 -0.992754996 -0.006198077 -0.119996406 82.992439270
-0.120475195 0.075188808 0.989864826 62.131629944 0.004291130 0.997157753 -0.075220495 -3.702578068 -0.992707074 -0.004814567 -0.120455436 82.866722107
-0.120708749 0.066831231 0.990435719 63.224941254 0.007109633 0.997763872 -0.066459209 -3.784194708 -0.992662549 -0.000980577 -0.120913975 82.737564087
-0.120319031 0.061241053 0.990844548 64.328010559 0.013163343 0.998106182 -0.060091440 -3.868964195 -0.992648005 0.005812680 -0.120897308 82.594551086
-0.119557515 0.063562803 0.990790486 65.434196472 0.021808768 0.997875750 -0.061385714 -3.941840410 -0.992587745 0.014268795 -0.120689780 82.446586609
-0.118205294 0.069315419 0.990567029 66.522415161 0.027353304 0.997409344 -0.066530116 -4.013622284 -0.992612422 0.019231066 -0.119795099 82.310066223
-0.117521599 0.075039595 0.990231276 67.625846863 0.031374767 0.996923864 -0.071823165 -4.094835281 -0.992574573 0.022627503 -0.119514428 82.175270081
-0.117067799 0.079190448 0.989961624 68.730804443 0.031479280 0.996610820 -0.075999767 -4.177920341 -0.992624938 0.022266151 -0.119163908 82.042861938
-0.116890021 0.076572768 0.990188539 69.848648071 0.028284643 0.996875465 -0.073750943 -4.261037827 -0.992742121 0.019386383 -0.118690640 81.920028687
-0.116672702 0.072053254 0.990553260 70.950592041 0.028014807 0.997206867 -0.069237508 -4.351148605 -0.992775261 0.019672029 -0.118365377 81.800308228
-0.116198748 0.069751486 0.990773678 72.110855103 0.025880730 0.997404933 -0.067183025 -4.436151505 -0.992888689 0.017835367 -0.117702432 81.647438049
-0.115989216 0.070641227 0.990735173 73.238761902 0.023867326 0.997377932 -0.068320625 -4.514647007 -0.992963731 0.015721746 -0.117371097 81.519866943
-0.115886673 0.075664781 0.990376234 74.368751526 0.025169833 0.996997833 -0.073225476 -4.602208614 -0.992943466 0.016441751 -0.117443234 81.388557434
-0.114850454 0.078565203 0.990271151 75.513977051 0.024795337 0.996783733 -0.076206163 -4.687021732 -0.993073225 0.015801800 -0.116429128 81.246620178
-0.114399761 0.077275500 0.990424752 76.658897400 0.024759259 0.996882141 -0.074919499 -4.776192665 -0.993126214 0.015951412 -0.115956351 81.114265442
-0.113561921 0.070620842 0.991017878 77.812751770 0.026400790 0.997332871 -0.068045542 -4.865611076 -0.993180037 0.018436277 -0.115123473 80.978950500
-0.114460848 0.069127969 0.991019607 78.963806152 0.025518090 0.997451425 -0.066629298 -4.947665215 -0.993099988 0.017662480 -0.115933150 80.850219727
-0.113851674 0.072044954 0.990882039 80.101112366 0.023348933 0.997285724 -0.069827765 -5.033729553 -0.993223369 0.015186028 -0.115224831 80.726272583
-0.113836862 0.075456835 0.990629852 81.261230469 0.022362946 0.997053504 -0.073376320 -5.111739635 -0.993247747 0.013800472 -0.115188889 80.598686218
-0.113510698 0.074761860 0.990720034 82.430435181 0.021211253 0.997119844 -0.072814561 -5.201138020 -0.993310332 0.012749181 -0.114769585 80.465835571
-0.113242105 0.071515851 0.990990222 83.604591370 0.021434324 0.997349858 -0.069525458 -5.290848732 -0.993336201 0.013367994 -0.114474885 80.334159851
-0.112753823 0.069950223 0.991157711 84.771514893 0.020705912 0.997467697 -0.068040036 -5.386005402 -0.993407190 0.012851049 -0.113916665 80.204017639
-0.111634359 0.070368700 0.991254807 85.956237793 0.022203865 0.997417331 -0.068305597 -5.473881721 -0.993501186 0.014384435 -0.112908512 80.074157715
-0.110198632 0.071021035 0.991368890 87.151168823 0.024456084 0.997335494 -0.068729974 -5.557074547 -0.993608713 0.016671050 -0.111641899 79.931304932
-0.109022178 0.070214264 0.991556346 88.343711853 0.024973806 0.997380793 -0.067880817 -5.644420147 -0.993725657 0.017362420 -0.110490151 79.791641235
-0.107879408 0.071119539 0.991616845 89.543701172 0.025866384 0.997301042 -0.068713173 -5.729170799 -0.993827522 0.018236807 -0.109427869 79.664047241
-0.106554091 0.069327511 0.991887033 90.736320496 0.025434149 0.997429848 -0.066982657 -5.818633080 -0.993981659 0.018090531 -0.108043507 79.538581848
-0.105481572 0.068063565 0.992089272 91.957962036 0.024402253 0.997531652 -0.065842442 -5.910891533 -0.994121790 0.017264046 -0.106882103 79.402778625
-0.104009405 0.067863978 0.992258310 93.171508789 0.025392616 0.997525454 -0.065562531 -5.991496086 -0.994252086 0.018376913 -0.105475269 79.278488159
-0.101451606 0.068401694 0.992486238 94.400939941 0.023573829 0.997518718 -0.066338822 -6.082948208 -0.994561195 0.016666517 -0.102812350 79.143920898
-0.101329006 0.070970163 0.992318273 95.623878479 0.023499399 0.997344673 -0.068930045 -6.167362213 -0.994575381 0.016334273 -0.102727719 79.034736633
-0.100346453 0.069752343 0.992504478 96.846405029 0.020868881 0.997467637 -0.067991234 -6.252835274 -0.994733691 0.013889782 -0.101547994 78.918174744
-0.099648118 0.068377964 0.992670417 98.091720581 0.017741291 0.997599483 -0.066936538 -6.348649502 -0.994864523 0.010941159 -0.100622013 78.797813416
-0.099623531 0.069364488 0.992604494 99.330444336 0.014851643 0.997559786 -0.068220176 -6.435328960 -0.994914353 0.007945475 -0.100410618 78.679115295
-0.099706404 0.068887554 0.992629409 100.553604126 0.011918317 0.997611642 -0.068036176 -6.525687695 -0.994945586 0.005046827 -0.100289278 78.558143616
-0.100837097 0.066330567 0.992689371 101.798736572 0.008923246 0.997795224 -0.065765336 -6.616004467 -0.994862974 0.002226426 -0.101206653 78.437377930
-0.102108099 0.064805120 0.992660105 103.059349060 0.007126999 0.997897744 -0.064413950 -6.707772255 -0.994747758 0.000497501 -0.102355301 78.315429688
-0.104124255 0.064131267 0.992494524 104.320678711 0.004748260 0.997939467 -0.063984960 -6.794568062 -0.994552970 -0.001949764 -0.104214229 78.201423645
-0.105222672 0.064103059 0.992380500 105.575851440 0.005194394 0.997942030 -0.063911535 -6.886431694 -0.994435251 -0.001570127 -0.105339088 78.065765381
-0.107471220 0.062711522 0.992228389 106.833717346 0.004618785 0.998029351 -0.062577888 -6.973582268 -0.994197428 -0.002142432 -0.107549086 77.934539795
-0.110918149 0.057884108 0.992142320 108.098205566 0.001284856 0.998309910 -0.058100287 -7.061619282 -0.993828654 -0.005169616 -0.110805064 77.807899475
-0.115528040 0.057780787 0.991622090 109.356872559 0.000458546 0.998309672 -0.058117025 -7.144160748 -0.993304074 -0.006259443 -0.115359262 77.670707703
-0.120615497 0.063876681 0.990642130 110.588546753 -0.003787035 0.997890651 -0.064805165 -7.226728439 -0.992692113 -0.011568107 -0.120119199 77.523620605
-0.128088728 0.067015059 0.989495933 111.809616089 -0.003084890 0.997682571 -0.067968853 -7.312477112 -0.991757989 -0.011758531 -0.127585158 77.379211426
-0.136488572 0.063188806 0.988624275 113.062194824 -0.001176617 0.997952521 -0.063947476 -7.402255058 -0.990640998 -0.009891331 -0.136134773 77.198463440
-0.147333801 0.061122961 0.987196326 114.291732788 0.001091479 0.998098075 -0.061635062 -7.492171764 -0.989086270 -0.008003423 -0.147120297 77.019599915
-0.160246208 0.061898671 0.985134542 115.509872437 0.001316199 0.998044312 -0.062495757 -7.581370354 -0.987076223 -0.008718072 -0.160014302 76.829086304
-0.174054250 0.061996937 0.982782662 116.730239868 0.003529042 0.998049021 -0.062334996 -7.668783188 -0.984729826 -0.007381391 -0.173933476 76.611907959
-0.189014345 0.060012966 0.980138779 117.962768555 0.003649392 0.998166800 -0.060413036 -7.752283573 -0.981967568 -0.007842021 -0.188886866 76.395065308
-0.204107746 0.062574707 0.976946473 119.161590576 0.008019371 0.998028398 -0.062249601 -7.840616226 -0.978915632 -0.004871130 -0.204207137 76.142257690
-0.219654992 0.065938406 0.973346710 120.337829590 0.007827071 0.997800231 -0.065828651 -7.928750992 -0.975546241 -0.006841136 -0.219687924 75.888854980
-0.234868720 0.069787286 0.969518542 121.506561279 0.007547951 0.997520208 -0.069974355 -8.016929626 -0.971997797 -0.009116909 -0.234813035 75.612487793
-0.250563651 0.067712471 0.965729177 122.674690247 0.004140492 0.997616768 -0.068874002 -8.114860535 -0.968091309 -0.013258731 -0.250246823 75.312278748
-0.266969889 0.061801031 0.961721301 123.837127686 -0.001679626 0.997910202 -0.064592831 -8.208120346 -0.963703394 -0.018859673 -0.266308129 75.013717651
-0.282527566 0.057983175 0.957505167 125.023429871 -0.005559656 0.998055816 -0.062079236 -8.291529655 -0.959243059 -0.022862498 -0.281655937 74.682128906
-0.298019737 0.059287481 0.952716708 126.172851562 -0.007671692 0.997888267 -0.064498290 -8.377026558 -0.954528809 -0.026530713 -0.296935648 74.340942383
-0.311870605 0.061492808 0.948132575 127.324134827 -0.007281546 0.997719347 -0.067103982 -8.462311745 -0.950096667 -0.027831633 -0.310711563 73.966224670
-0.325922906 0.063682020 0.943249047 128.460861206 -0.005894487 0.997572362 -0.069386326 -8.552776337 -0.945377886 -0.028174564 -0.324756324 73.585632324
-0.340182632 0.063283689 0.938227534 129.591934204 -0.003624008 0.997637391 -0.068604916 -8.651859283 -0.940352321 -0.026738340 -0.339149624 73.186599731
-0.354333878 0.061280161 0.933108866 130.716766357 -0.004152729 0.997737527 -0.067101479 -8.742603302 -0.935109735 -0.027651276 -0.353277743 72.774108887
-0.368575364 0.060028136 0.927657723 131.832031250 -0.003884455 0.997804761 -0.066110671 -8.837838173 -0.929589748 -0.027970206 -0.367533058 72.332885742
-0.383511484 0.061483245 0.921487272 132.933044434 -0.005350803 0.997616887 -0.068789683 -8.928173065 -0.923520565 -0.031312324 -0.382268488 71.888259888
-0.398730904 0.063726149 0.914851248 134.014663696 -0.004284726 0.997442544 -0.071346708 -9.018687248 -0.917058051 -0.032368015 -0.397438020 71.431488037
-0.412877709 0.065352030 0.908438861 135.115310669 -0.003163042 0.997313499 -0.073183142 -9.114392281 -0.910781026 -0.033089120 -0.411561787 70.934005737
-0.427122414 0.068110384 0.901624918 136.195343018 0.000055796 0.997160852 -0.075300924 -9.211376190 -0.904193938 -0.032112405 -0.425913513 70.421798706
-0.442552447 0.070866577 0.893938065 137.281692505 -0.000995831 0.996833086 -0.079516523 -9.312991142 -0.896741986 -0.036080446 -0.441080362 69.909042358
-0.457378596 0.073281229 0.886247456 138.344848633 0.000141138 0.996604860 -0.082333498 -9.411076546 -0.889271975 -0.037532497 -0.455836058 69.365333557
-0.473056585 0.070437349 0.878211796 139.428894043 -0.001420613 0.996736765 -0.080708914 -9.514230728 -0.881030917 -0.039427482 -0.471412867 68.805908203
-0.489308357 0.065983124 0.869611084 140.502899170 -0.004355470 0.996936381 -0.078094840 -9.616400719 -0.872099996 -0.042000026 -0.487522006 68.220947266
-0.505212605 0.066018194 0.860466063 141.574371338 -0.004705831 0.996844053 -0.079244584 -9.721346855 -0.862982035 -0.044084575 -0.503307581 67.609313965
-0.520911336 0.065510012 0.851093233 142.626068115 -0.005496444 0.996772707 -0.080087267 -9.818145752 -0.853593111 -0.046396367 -0.518870115 66.977279663
-0.536953211 0.064356968 0.841153681 143.674087524 -0.006453718 0.996743441 -0.080380961 -9.918011665 -0.843587279 -0.048589390 -0.534789264 66.321899414
-0.552499115 0.063898876 0.831060648 144.704223633 -0.007675717 0.996624768 -0.081731766 -10.023426056 -0.833478153 -0.051535711 -0.550143838 65.649856567
-0.567941129 0.063302822 0.820631266 145.737869263 -0.007934912 0.996570528 -0.082366236 -10.130688667 -0.823030949 -0.053290803 -0.565491080 64.951721191
-0.583377600 0.060692515 0.809930265 146.754760742 -0.008275205 0.996708214 -0.080649294 -10.235021591 -0.812158883 -0.053751327 -0.580954969 64.237861633
-0.598196149 0.057188556 0.799306512 147.776794434 -0.008344864 0.996951580 -0.077574834 -10.337885857 -0.801306307 -0.053075075 -0.595895410 63.483402252
-0.613341331 0.055445559 0.787869394 148.774841309 -0.007420490 0.997084320 -0.075945571 -10.443552017 -0.789783061 -0.052426945 -0.611141682 62.722908020
-0.627796054 0.054017156 0.776501238 149.753082275 -0.008192557 0.997075319 -0.075984985 -10.542650223 -0.778334618 -0.054064613 -0.625517547 61.943397522
-0.642480016 0.055244122 0.764308512 150.721191406 -0.009029132 0.996783018 -0.079637252 -10.648612976 -0.766249299 -0.058066398 -0.639914393 61.143512726
-0.657880664 0.054526966 0.751145720 151.676269531 -0.011334302 0.996545732 -0.082267985 -10.752860069 -0.753036916 -0.062636219 -0.654990196 60.332237244
-0.673938870 0.051183149 0.737011969 152.631011963 -0.013286946 0.996596158 -0.081360318 -10.862864494 -0.738667607 -0.064624503 -0.670964837 59.496623993
-0.690206885 0.043649878 0.722294390 153.562057495 -0.016785126 0.996944487 -0.076287083 -10.971401215 -0.723417401 -0.064777665 -0.687365353 58.635482788
-0.707061172 0.041166332 0.705953181 154.487609863 -0.017803283 0.996951401 -0.075966582 -11.074048996 -0.706928194 -0.066281296 -0.704172790 57.738803864
-0.724516690 0.038381226 0.688187897 155.387023926 -0.019535314 0.996903896 -0.076165318 -11.181961060 -0.688980401 -0.068627007 -0.721523583 56.820896149
-0.741796553 0.034616582 0.669731081 156.265594482 -0.022717534 0.996796727 -0.076683737 -11.285552025 -0.670240164 -0.072098359 -0.738633752 55.877380371
-0.758618176 0.032645363 0.650717020 157.114578247 -0.022341808 0.996853054 -0.076056905 -11.394989014 -0.651152253 -0.072236352 -0.755501628 54.919300079
-0.774566710 0.034481175 0.631551683 157.938980103 -0.020468855 0.996623218 -0.079517223 -11.499787331 -0.632160962 -0.074518546 -0.771245420 53.927089691
-0.789583147 0.035182524 0.612634122 158.738159180 -0.015567206 0.996885359 -0.077312939 -11.612879753 -0.613445938 -0.070582002 -0.786576211 52.908084869
-0.804575920 0.035537560 0.592785656 159.538406372 -0.012709905 0.996948659 -0.077018097 -11.723018646 -0.593713760 -0.069501139 -0.801669180 51.878032684
-0.818818986 0.036811631 0.572870255 160.283874512 -0.010945704 0.996759236 -0.079694979 -11.831760406 -0.573947310 -0.071526229 -0.815762460 50.826923370
-0.832854867 0.037707184 0.552205503 161.018722534 -0.010662595 0.996398568 -0.084120460 -11.946802139 -0.553388715 -0.075948082 -0.829453349 49.770606995
-0.845918059 0.037929270 0.531962574 161.722213745 -0.007959450 0.996458769 -0.083705150 -12.065429688 -0.533253670 -0.075041816 -0.842620611 48.682258606
-0.857539415 0.036220681 0.513141334 162.400039673 -0.006670875 0.996651173 -0.081497841 -12.182132721 -0.514374912 -0.073310718 -0.854426026 47.567684174
-0.868147254 0.037881564 0.494858921 163.049194336 -0.003844619 0.996539593 -0.083030120 -12.297845840 -0.496291876 -0.073984891 -0.864997506 46.455005646
-0.877582788 0.040789600 0.477686852 163.664886475 -0.001060410 0.996206522 -0.087014064 -12.408215523 -0.479423970 -0.076868571 -0.874210477 45.336334229
-0.886583984 0.038316302 0.460978061 164.268585205 -0.002971956 0.996070921 -0.088508867 -12.528113365 -0.462558210 -0.079840533 -0.882986724 44.204231262
-0.894919217 0.035695214 0.444798201 164.859405518 -0.003797851 0.996149957 -0.087582558 -12.653958321 -0.446211904 -0.080068603 -0.891338229 43.063655853
-0.902078867 0.033698592 0.430253595 165.423950195 -0.004717288 0.996117234 -0.087908901 -12.776088715 -0.431545466 -0.081330389 -0.898417413 41.903884888
-0.908704460 0.031755090 0.416230410 165.970703125 -0.005200687 0.996163845 -0.087353446 -12.900596619 -0.417407513 -0.081543170 -0.905053377 40.733833313
-0.915026963 0.029096019 0.402341992 166.499420166 -0.006372928 0.996228218 -0.086537495 -13.020807266 -0.403342426 -0.081748255 -0.911390245 39.567329407
-0.920590997 0.024345120 0.389769107 167.008850098 -0.008793831 0.996509671 -0.083012410 -13.135619164 -0.390429705 -0.079848029 -0.917163670 38.379447937
-0.925807297 0.020695137 0.377428770 167.530334473 -0.010227008 0.996763110 -0.079740547 -13.256620407 -0.377857476 -0.077684350 -0.922599018 37.177288055
-0.930223286 0.020987995 0.366393358 168.017349243 -0.007660436 0.997035325 -0.076561674 -13.366800308 -0.366914034 -0.074026197 -0.927304924 35.965354919
-0.933316469 0.025213502 0.358168513 168.468566895 -0.002984615 0.996952176 -0.077958390 -13.482534409 -0.359042525 -0.073828846 -0.930396676 34.778450012
-0.935652614 0.030473135 0.351604253 168.938705444 0.002441186 0.996800303 -0.079895288 -13.586160660 -0.352913916 -0.073895901 -0.932733178 33.564212799
-0.937472403 0.033586260 0.346435428 169.378417969 0.005451871 0.996628284 -0.081868172 -13.702638626 -0.348016977 -0.074860424 -0.934494615 32.372177124
-0.939480960 0.030609094 0.341231048 169.842010498 0.003155103 0.996731699 -0.080722116 -13.816803932 -0.342586577 -0.074760273 -0.936507046 31.156110764
-0.941314816 0.023698699 0.336696744 170.294860840 -0.002481251 0.997019291 -0.077113010 -13.930357933 -0.337520599 -0.073423043 -0.938450277 29.919435501
-0.943110883 0.017589541 0.332012743 170.739028931 -0.008106088 0.997086287 -0.075850211 -14.031166077 -0.332379490 -0.074226461 -0.940220356 28.702381134
-0.945008755 0.010726199 0.326869041 171.176742554 -0.015010121 0.996986389 -0.076111764 -14.152133942 -0.326700300 -0.076832615 -0.941999853 27.515594482
-0.946232378 0.008404440 0.323378563 171.612091064 -0.018271530 0.996677995 -0.079367176 -14.252673149 -0.322971284 -0.081008412 -0.942935407 26.291898727
-0.947008848 0.008293795 0.321100473 172.033905029 -0.018963598 0.996479273 -0.081666924 -14.362483025 -0.320647359 -0.083428524 -0.943517327 25.085536957
-0.947150171 0.008910246 0.320666671 172.451858521 -0.018987918 0.996304333 -0.083768345 -14.477310181 -0.320228100 -0.085429996 -0.943480611 23.856513977
-0.947022140 0.011570612 0.320959657 172.864944458 -0.016912445 0.996167600 -0.085813686 -14.591313362 -0.320722550 -0.086695664 -0.943197250 22.648448944
-0.946561337 0.012561067 0.322279274 173.281188965 -0.016508320 0.996044576 -0.087307900 -14.709222794 -0.322101116 -0.087962575 -0.942609966 21.428810120
-0.946303129 0.013787385 0.322986811 173.703155518 -0.015871331 0.995904028 -0.089012906 -14.832872391 -0.322891086 -0.089359440 -0.942208171 20.225879669
-0.945487976 0.015000655 0.325311452 174.122161865 -0.014697483 0.995955288 -0.088642061 -14.953895569 -0.325325251 -0.088591248 -0.941443264 19.014987946
-0.944703639 0.014587946 0.327600867 174.548843384 -0.015347741 0.995948374 -0.088607550 -15.079912186 -0.327566117 -0.088735797 -0.940652251 17.805099487
-0.943511903 0.013122420 0.331078738 174.976669312 -0.017225832 0.995921552 -0.088564053 -15.205714226 -0.330890626 -0.089264348 -0.939437807 16.625354767
-0.942098260 0.011521507 0.335138887 175.416732788 -0.018372359 0.996135175 -0.085891411 -15.329693794 -0.334833205 -0.087075442 -0.938245595 15.439994812
-0.940040827 0.009372543 0.340933472 175.865402222 -0.020291558 0.996314704 -0.083338521 -15.446674347 -0.340458214 -0.085259669 -0.936386168 14.239051819
-0.937754989 0.007112877 0.347224504 176.313171387 -0.022116389 0.996537864 -0.080144137 -15.563106537 -0.346592456 -0.082834922 -0.934351146 13.064910889
-0.934877574 0.009381115 0.354846478 176.762512207 -0.020395463 0.996579647 -0.080080524 -15.674489975 -0.354384035 -0.082102731 -0.931488693 11.878833771
-0.931710541 0.009576412 0.363075376 177.209945679 -0.020849230 0.996593714 -0.079788506 -15.792224884 -0.362602741 -0.081909642 -0.928337276 10.741569519
-0.927959263 0.012213067 0.372481197 177.678085327 -0.019898430 0.996413589 -0.082243636 -15.902305603 -0.372149706 -0.083730549 -0.924388349 9.586681366
-0.923692882 0.013379219 0.382899940 178.164291382 -0.018959394 0.996569514 -0.080558851 -16.020450592 -0.382664263 -0.081671193 -0.920270562 8.417335510
-0.918902099 0.015529107 0.394180059 178.665252686 -0.018408591 0.996448338 -0.082169674 -16.131198883 -0.394056052 -0.082762189 -0.915352583 7.257617950
-0.913617194 0.016899854 0.406224221 179.187484741 -0.018545810 0.996363461 -0.083161376 -16.246948242 -0.406152427 -0.083511427 -0.909981489 6.134258270
-0.907533944 0.019525789 0.419524729 179.719268799 -0.016437039 0.996501982 -0.081937127 -16.366163254 -0.419657171 -0.081256479 -0.904038429 4.987068176
-0.900759637 0.018888036 0.433907062 180.270141602 -0.017761601 0.996616006 -0.080254637 -16.471380234 -0.433954567 -0.079997025 -0.897376120 3.806762695
-0.894431651 0.021208093 0.446701586 180.841186523 -0.016222984 0.996678650 -0.079802737 -16.593135834 -0.446910352 -0.078624904 -0.891116917 2.677627563
-0.887474656 0.023404755 0.460261732 181.410186768 -0.014627015 0.996775985 -0.078890778 -16.700557709 -0.460624188 -0.076745823 -0.884271145 1.563819885
-0.880074799 0.024830939 0.474185497 182.005371094 -0.013896279 0.996857166 -0.077991970 -16.791002274 -0.474631786 -0.075228177 -0.876963735 0.451866150
-0.872635901 0.026388727 0.487658143 182.617202759 -0.011830339 0.997103810 -0.075126164 -16.898143768 -0.488228291 -0.071326934 -0.869796336 -0.633598328
-0.864162922 0.029561663 0.502343059 183.225372314 -0.008389770 0.997287929 -0.073120587 -17.004589081 -0.503142178 -0.067402646 -0.861571193 -1.695365906
-0.855532706 0.032732584 0.516713023 183.862197876 -0.005283322 0.997395635 -0.071930461 -17.102603912 -0.517721653 -0.064268820 -0.853131711 -2.729080200
-0.844775498 0.035537183 0.533939540 184.497589111 -0.002457308 0.997524321 -0.070279628 -17.205760956 -0.535115123 -0.060682580 -0.842596889 -3.767448425
-0.833987236 0.038359962 0.550448716 185.157226562 0.000217821 0.997603416 -0.069191501 -17.301984787 -0.551783681 -0.057584941 -0.831997037 -4.772956848
-0.822847843 0.039897613 0.566859424 185.833953857 0.001464285 0.997677743 -0.068094626 -17.403179169 -0.568259895 -0.055201471 -0.820995450 -5.764083862
-0.811719000 0.041610010 0.582564056 186.548828125 0.002073008 0.997657895 -0.068369910 -17.494611740 -0.584044516 -0.054289497 -0.809904099 -6.735229492
-0.798515499 0.044360358 0.600337446 187.270751953 0.005092333 0.997743070 -0.066952251 -17.596836090 -0.601952612 -0.050405297 -0.796939373 -7.715919495
-0.784802616 0.045305401 0.618087590 188.022125244 0.006507642 0.997871757 -0.064880408 -17.683086395 -0.619711697 -0.046896018 -0.783427358 -8.675590515
-0.769475102 0.047682062 0.636894345 188.776138306 0.009557534 0.997957408 -0.063166477 -17.771129608 -0.638605297 -0.042517897 -0.768359005 -9.602836609
