-0.994914353 -0.016902188 -0.099296235 141.089202881 -0.015042785 0.999697685 -0.019444805 -25.030113220 0.099594876 -0.017852224 -0.994867980 450.091857910
-0.994934857 -0.016262652 -0.099197559 140.971618652 -0.014355455 0.999698639 -0.019909864 -25.072956085 0.099491455 -0.018384993 -0.994868636 448.800445557
-0.995008945 -0.016405541 -0.098427519 140.851516724 -0.014501944 0.999694169 -0.020024497 -25.107545853 0.098725922 -0.018497163 -0.994942784 447.494934082
-0.995119095 -0.015812732 -0.097405843 140.723861694 -0.014039714 0.999723434 -0.018861033 -25.146793365 0.097677171 -0.017401425 -0.995065987 446.196807861
-0.995251477 -0.014285885 -0.096282907 140.600311279 -0.012483770 0.999735892 -0.019293375 -25.186759949 0.096533112 -0.017999787 -0.995167017 444.912963867
-0.995333076 -0.014057257 -0.095469542 140.483627319 -0.011975339 0.999678493 -0.022345208 -25.232147217 0.095752962 -0.021097645 -0.995181501 443.618469238
-0.995493591 -0.014233279 -0.093755879 140.367691040 -0.011925685 0.999613047 -0.025127271 -25.270942688 0.094077244 -0.023895930 -0.995278120 442.344787598
-0.995645225 -0.012232943 -0.092417456 140.248962402 -0.010038835 0.999657512 -0.024168983 -25.310974121 0.092681453 -0.023135969 -0.995426953 441.052337646
-0.995804310 -0.010557986 -0.090896547 140.136398315 -0.008631369 0.999730289 -0.021562781 -25.356046677 0.091099657 -0.020687750 -0.995626926 439.781097412
-0.996018350 -0.009657896 -0.088623784 140.021881104 -0.007710513 0.999721944 -0.022289682 -25.397489548 0.088814408 -0.021517599 -0.995815814 438.492004395
-0.996180296 -0.009091826 -0.086845957 139.921005249 -0.007006431 0.999680400 -0.024287293 -25.436805725 0.087039031 -0.023586039 -0.995925665 437.229492188
-0.996339083 -0.009276093 -0.084985048 139.821807861 -0.007229439 0.999677122 -0.024358697 -25.483119965 0.085183553 -0.023655128 -0.996084452 435.963958740
-0.996503115 -0.009882936 -0.082968809 139.716369629 -0.007919128 0.999681354 -0.023965063 -25.531244278 0.083179213 -0.023224220 -0.996263981 434.681091309
-0.996616423 -0.010798089 -0.081480205 139.624481201 -0.008949785 0.999695241 -0.023015285 -25.571765900 0.081703879 -0.022208184 -0.996409178 433.444213867
-0.996750593 -0.012828134 -0.079521202 139.536560059 -0.011214000 0.999722600 -0.020711606 -25.608726501 0.079764828 -0.019752555 -0.996618032 432.167694092
-0.996855617 -0.015489271 -0.077711366 139.442794800 -0.014206242 0.999754071 -0.017035929 -25.651855469 0.077956125 -0.015878377 -0.996830344 430.895080566
-0.996956885 -0.018451566 -0.075739153 139.359970093 -0.017213304 0.999707818 -0.016969424 -25.689298630 0.076030143 -0.015614063 -0.996983230 429.627471924
-0.997129261 -0.019456239 -0.073177442 139.275192261 -0.018057313 0.999642313 -0.019730207 -25.723680496 0.073535152 -0.018352179 -0.997123778 428.345886230
-0.997304142 -0.019621029 -0.070706688 139.197509766 -0.018071149 0.999583662 -0.022493303 -25.755130768 0.071118586 -0.021154914 -0.997243583 427.082031250
-0.997520328 -0.018779175 -0.067828327 139.118347168 -0.017308587 0.999603629 -0.022204079 -25.794795990 0.068218417 -0.020975007 -0.997449994 425.801239014
-0.997765183 -0.017019169 -0.064614378 139.035324097 -0.015619091 0.999633491 -0.022111902 -25.838973999 0.064967014 -0.021053264 -0.997665465 424.531402588
-0.997917295 -0.016521765 -0.062354226 138.953170776 -0.015066973 0.999604881 -0.023729615 -25.876907349 0.062721647 -0.022740707 -0.997771978 423.260101318
-0.998095691 -0.017341446 -0.059197512 138.882629395 -0.015819814 0.999534726 -0.026076928 -25.919940948 0.059622187 -0.025090775 -0.997905731 421.975372314
-0.998281002 -0.019280782 -0.055349611 138.820327759 -0.017793212 0.999470413 -0.027244082 -25.963863373 0.055845596 -0.026212398 -0.998095274 420.700775146
-0.998437405 -0.023160143 -0.050857078 138.765869141 -0.021626463 0.999300659 -0.030502701 -26.011482239 0.051527962 -0.029355178 -0.998240054 419.418548584
-0.998607278 -0.025467627 -0.046204969 138.709930420 -0.024178712 0.999308586 -0.028243266 -26.057249069 0.046892315 -0.027086755 -0.998532653 418.130981445
-0.998688519 -0.029100817 -0.042124625 138.668884277 -0.028265383 0.999394298 -0.020294186 -26.098674774 0.042689700 -0.019076901 -0.998906255 416.842590332
-0.998796523 -0.031338423 -0.037722908 138.620361328 -0.030613000 0.999338090 -0.019656757 -26.138828278 0.038313925 -0.018478293 -0.999094903 415.547882080
-0.998964190 -0.030466789 -0.033794075 138.582595825 -0.029715376 0.999304771 -0.022518914 -26.172698975 0.034456648 -0.021491390 -0.999175131 414.263458252
-0.999123752 -0.029843802 -0.029340092 138.552902222 -0.029003169 0.999167979 -0.028671369 -26.217607498 0.030171338 -0.027795289 -0.999158204 412.984954834
-0.999259591 -0.029426450 -0.024785200 138.510253906 -0.028615540 0.999063134 -0.032460291 -26.267601013 0.025717204 -0.031727020 -0.999165595 411.725524902
-0.999371171 -0.028697690 -0.020825636 138.491638184 -0.028029399 0.999104142 -0.031701956 -26.317102432 0.021716755 -0.031098291 -0.999280334 410.441833496
-0.999425471 -0.029042915 -0.017464388 138.472457886 -0.028575158 0.999241352 -0.026461527 -26.372243881 0.018219655 -0.025947280 -0.999497294 409.132934570
-0.999445200 -0.029911937 -0.014642582 138.469650269 -0.029567210 0.999293029 -0.023218930 -26.413780212 0.015326756 -0.022773108 -0.999623179 407.845275879
-0.999525785 -0.028735148 -0.011067009 138.463226318 -0.028472634 0.999325633 -0.023189371 -26.453815460 0.011725909 -0.022863269 -0.999669909 406.550354004
-0.999556422 -0.028913798 -0.007131731 138.460144043 -0.028726790 0.999273181 -0.025061596 -26.494392395 0.007851167 -0.024845611 -0.999660552 405.264617920
-0.999601245 -0.028000394 -0.003641671 138.460174561 -0.027897323 0.999277651 -0.025802966 -26.542295456 0.004361518 -0.025691083 -0.999660432 403.973083496
-0.999594092 -0.028488675 -0.000085681 138.464035034 -0.028476868 0.999257863 -0.025936872 -26.588468552 0.000824529 -0.025923904 -0.999663591 402.684692383
-0.999554873 -0.029609410 0.003652828 138.478393555 -0.029697806 0.999190271 -0.027143816 -26.637020111 -0.002846160 -0.027240213 -0.999624848 401.402313232
-0.999475181 -0.031502455 0.007542488 138.494796753 -0.031700954 0.999109864 -0.027829355 -26.686672211 -0.006659077 -0.028053854 -0.999584198 400.130523682
-0.999344051 -0.034627531 0.010600416 138.524078369 -0.034917980 0.998981833 -0.028565148 -26.735561371 -0.009600489 -0.028916555 -0.999535739 398.861022949
-0.999177873 -0.038156219 0.013699216 138.550811768 -0.038519174 0.998885214 -0.027287994 -26.788949966 -0.012642723 -0.027793244 -0.999533772 397.616912842
-0.998924971 -0.043245111 0.016696211 138.587646484 -0.043679997 0.998690724 -0.026625914 -26.840484619 -0.015522912 -0.027326582 -0.999506056 396.365386963
-0.998689413 -0.047328021 0.019480737 138.630065918 -0.047859158 0.998468041 -0.027766714 -26.883369446 -0.018136740 -0.028662657 -0.999424577 395.102874756
-0.998625755 -0.047378432 0.022400672 138.660614014 -0.048051566 0.998377979 -0.030531995 -26.947082520 -0.020917779 -0.031566422 -0.999282777 393.861602783
-0.998594940 -0.046723824 0.025002949 138.703781128 -0.047562215 0.998287439 -0.034059145 -26.997184753 -0.023368755 -0.035200484 -0.999107063 392.624420166
-0.998655379 -0.043344930 0.028433554 138.741485596 -0.044314533 0.998425126 -0.034406573 -27.050765991 -0.026897421 -0.035620339 -0.999003410 391.401092529
-0.998725891 -0.039517172 0.031379983 138.788024902 -0.040562548 0.998618424 -0.033406824 -27.106884003 -0.030016480 -0.034637120 -0.998949111 390.172912598
-0.998665452 -0.037571974 0.035434451 138.823410034 -0.038745496 0.998702943 -0.033034269 -27.166862488 -0.034147326 -0.034363110 -0.998825908 388.942474365
-0.998554885 -0.037735794 0.038262386 138.877014160 -0.039031856 0.998669207 -0.033711616 -27.221599579 -0.036939345 -0.035156358 -0.998699009 387.723999023
-0.998350322 -0.040176015 0.041017868 138.940460205 -0.041553460 0.998581171 -0.033299930 -27.274055481 -0.039621841 -0.034949429 -0.998603344 386.526824951
-0.998182237 -0.041505635 0.043696012 139.001251221 -0.042895500 0.998587132 -0.031365383 -27.327335358 -0.042332444 -0.033182729 -0.998552382 385.321563721
-0.998069704 -0.041575339 0.046137229 139.066726685 -0.042968027 0.998637438 -0.029615745 -27.378219604 -0.044843111 -0.031540997 -0.998495996 384.124664307
-0.997993052 -0.040464036 0.048707679 139.129058838 -0.041926980 0.998688102 -0.029397590 -27.426063538 -0.047454219 -0.031380754 -0.998380423 382.941772461
-0.997925043 -0.039344829 0.050965827 139.195983887 -0.040905718 0.998713851 -0.029953714 -27.480052948 -0.049721751 -0.031976353 -0.998251140 381.756927490
-0.997834742 -0.038398799 0.053396795 139.261749268 -0.040154379 0.998674393 -0.032203093 -27.526088715 -0.052089449 -0.034277484 -0.998053968 380.585144043
-0.997705996 -0.038642723 0.055585198 139.335327148 -0.040481418 0.998656750 -0.032341857 -27.584007263 -0.054260772 -0.034517828 -0.997930050 379.431457520
-0.997583985 -0.039591584 0.057084311 139.418884277 -0.041459449 0.998630345 -0.031916417 -27.636314392 -0.055742513 -0.034205992 -0.997859120 378.274993896
-0.997359157 -0.040662177 0.060176693 139.492507935 -0.042671382 0.998560786 -0.032488305 -27.685596466 -0.058769070 -0.034970324 -0.997658908 377.118255615
-0.997235119 -0.040473018 0.062321715 139.574493408 -0.042529572 0.998581529 -0.032033384 -27.731815338 -0.060936842 -0.034595326 -0.997541904 375.972625732
-0.997121990 -0.039346166 0.064805038 139.655517578 -0.041298222 0.998724103 -0.029062500 -27.787004471 -0.063578837 -0.031655192 -0.997474670 374.829559326
-0.997047007 -0.037025705 0.067279115 139.738723755 -0.039053522 0.998813927 -0.029078895 -27.830165863 -0.066122621 -0.031620510 -0.997310400 373.692352295
-0.996935010 -0.034590345 0.070172541 139.816497803 -0.036919914 0.998800039 -0.032176584 -27.877851486 -0.068975352 -0.034668725 -0.997015953 372.583831787
-0.996831298 -0.031042030 0.073236853 139.890457153 -0.033644132 0.998835862 -0.034567736 -27.930395126 -0.072078548 -0.036922202 -0.996715367 371.466827393
-0.996695101 -0.029736260 0.075593211 139.983764648 -0.032323662 0.998924553 -0.033237942 -27.976854324 -0.074523561 -0.035571553 -0.996584654 370.358795166
-0.996485591 -0.028789496 0.078661181 140.072158813 -0.031153286 0.999094129 -0.028990027 -28.032749176 -0.077755310 -0.031338699 -0.996479869 369.262420654
-0.996218801 -0.028203353 0.082175136 140.168395996 -0.030547507 0.999157369 -0.027409896 -28.073915482 -0.081332847 -0.029816493 -0.996240973 368.166656494
-0.995851517 -0.028876048 0.086289749 140.263916016 -0.031457730 0.999092638 -0.028710024 -28.123470306 -0.085382432 -0.031305403 -0.995856285 367.087677002
-0.995508075 -0.029806983 0.089861460 140.370269775 -0.032801177 0.998948455 -0.032029275 -28.166801453 -0.088812254 -0.034832966 -0.995439112 366.019805908
-0.995140433 -0.031476583 0.093299031 140.480407715 -0.034739826 0.998832703 -0.033560567 -28.217111588 -0.092133760 -0.036638670 -0.995072305 364.964935303
-0.994692385 -0.031750906 0.097872615 140.588104248 -0.035164062 0.998825014 -0.033347681 -28.266815186 -0.096698791 -0.036612276 -0.994640112 363.913421631
-0.994186759 -0.031366833 0.102998890 140.703277588 -0.034915823 0.998850644 -0.032836009 -28.314575195 -0.101850554 -0.036241408 -0.994139373 362.864044189
-0.993629992 -0.029465906 0.108771607 140.823211670 -0.033001587 0.998979032 -0.030849393 -28.361309052 -0.107751578 -0.034242522 -0.993587971 361.833129883
-0.992857635 -0.025990142 0.116439864 140.939773560 -0.029368963 0.999192953 -0.027396310 -28.407457352 -0.115633853 -0.030620355 -0.992819786 360.801483154
-0.991853952 -0.025004342 0.124902613 141.075073242 -0.028258802 0.999303997 -0.024352267 -28.450645447 -0.124206774 -0.027683495 -0.991870105 359.789154053
-0.990620315 -0.023682635 0.134575203 141.215057373 -0.027245460 0.999323726 -0.024694659 -28.491384506 -0.133899376 -0.028129594 -0.990595698 358.790283203
-0.989067733 -0.021774787 0.145845577 141.366622925 -0.025804531 0.999334216 -0.025795372 -28.524913788 -0.145186782 -0.029276848 -0.988971055 357.801361084
-0.987299442 -0.020861967 0.157494381 141.535858154 -0.025419693 0.999312699 -0.026980160 -28.566196442 -0.156823277 -0.030640956 -0.987151384 356.819763184
-0.985011637 -0.021619480 0.171128556 141.706573486 -0.026723877 0.999262214 -0.027580360 -28.605737686 -0.170405999 -0.031740189 -0.984862626 355.846313477
-0.982300878 -0.020736815 0.186158746 141.893096924 -0.026497325 0.999242246 -0.028509218 -28.645875931 -0.185426503 -0.032937337 -0.982106090 354.881652832
-0.979247034 -0.020106483 0.201670915 142.101837158 -0.026444415 0.999235868 -0.028781984 -28.685041428 -0.200938120 -0.033517741 -0.979030430 353.931579590
-0.975849807 -0.019786848 0.217544720 142.317871094 -0.026690049 0.999227583 -0.028839650 -28.717868805 -0.216806114 -0.033949438 -0.975624323 352.981170654
-0.972177804 -0.020555906 0.233340636 142.550292969 -0.028059963 0.999188781 -0.028884994 -28.755264282 -0.232557610 -0.034628876 -0.971965969 352.041931152
-0.968442440 -0.020093327 0.248426110 142.791503906 -0.028089069 0.999193788 -0.028682634 -28.796901703 -0.247649550 -0.034755532 -0.968226075 351.110717773
-0.964515269 -0.021548174 0.263146400 143.049499512 -0.030526249 0.999081373 -0.030076988 -28.829559326 -0.262256652 -0.037042588 -0.964286923 350.194915771
-0.960691392 -0.022772320 0.276682645 143.324707031 -0.032343663 0.999024093 -0.030078454 -28.869829178 -0.275727749 -0.037845049 -0.960490465 349.273376465
-0.957229197 -0.025874918 0.288171560 143.612457275 -0.036136538 0.998885989 -0.030345995 -28.910411835 -0.287065297 -0.039461594 -0.957097769 348.361938477
-0.953795552 -0.028429745 0.299108535 143.906585693 -0.039342746 0.998759329 -0.030525589 -28.947721481 -0.297869593 -0.040882919 -0.953730702 347.452697754
-0.950532794 -0.031435311 0.309029728 144.226623535 -0.042923644 0.998614371 -0.030445551 -28.981164932 -0.307644486 -0.042204175 -0.950565040 346.524658203
-0.947488368 -0.033375099 0.318043768 144.532287598 -0.044988573 0.998559535 -0.029238522 -29.021442413 -0.316609859 -0.042011503 -0.947625041 345.624877930
-0.944419205 -0.036345165 0.326728225 144.866012573 -0.048101351 0.998450696 -0.027971212 -29.060009003 -0.325205505 -0.042132627 -0.944704294 344.717834473
-0.941155493 -0.037953861 0.335836083 145.190673828 -0.049987134 0.998377919 -0.027255481 -29.094089508 -0.334256858 -0.042439137 -0.941526115 343.824462891
-0.937523484 -0.039416332 0.345681876 145.526550293 -0.051224202 0.998372197 -0.025085866 -29.136257172 -0.344130307 -0.041225877 -0.938016415 342.909851074
-0.933771133 -0.040115595 0.355615109 145.877014160 -0.051850628 0.998377740 -0.023525748 -29.171562195 -0.354094446 -0.040406540 -0.934336364 342.027160645
-0.929350555 -0.040717933 0.366946191 146.225708008 -0.052432876 0.998381853 -0.022009980 -29.207391739 -0.365456223 -0.039695039 -0.929981828 341.153930664
-0.924976408 -0.041219313 0.377782494 146.586395264 -0.053172380 0.998358965 -0.021259660 -29.234378815 -0.376286179 -0.039752275 -0.925650299 340.274536133
-0.920295715 -0.042259376 0.388934225 146.953887939 -0.053863961 0.998367965 -0.018975899 -29.262981415 -0.387497544 -0.038412981 -0.921070099 339.410766602
-0.916256845 -0.043527242 0.398219347 147.341506958 -0.054288115 0.998400569 -0.015780859 -29.297210693 -0.396895528 -0.036077902 -0.917154491 338.572235107
-0.911443233 -0.042945635 0.409178525 147.712432861 -0.053230379 0.998487294 -0.013773432 -29.322290421 -0.407968074 -0.034334432 -0.912350416 337.724884033
-0.906055808 -0.041956108 0.421073109 148.097869873 -0.051754560 0.998589337 -0.011863953 -29.344364166 -0.419981390 -0.032541860 -0.906949162 336.895690918
-0.900041878 -0.041552078 0.433817953 148.496994019 -0.050322335 0.998694777 -0.008746449 -29.369831085 -0.432888359 -0.029702913 -0.900958061 336.073394775
-0.893804729 -0.040203989 0.446650714 148.912719727 -0.048575789 0.998792708 -0.007302826 -29.391122818 -0.445817798 -0.028223706 -0.894678771 335.249633789
-0.887070596 -0.037594806 0.460100561 149.339447021 -0.046879753 0.998861969 -0.008766822 -29.409873962 -0.459247440 -0.029346194 -0.887823403 334.454742432
-0.879429102 -0.034232739 0.474797547 149.766937256 -0.044643749 0.998945951 -0.010666333 -29.426979065 -0.473931938 -0.030577026 -0.880030453 333.658691406
-0.870989978 -0.030323287 0.490364254 150.198608398 -0.040996250 0.999098301 -0.011035419 -29.443315506 -0.489587456 -0.029714834 -0.871447742 332.878997803
-0.862237394 -0.027526142 0.505756199 150.653930664 -0.037454046 0.999253511 -0.009468354 -29.458999634 -0.505118072 -0.027106581 -0.862624526 332.111022949
-0.852189481 -0.023425899 0.522708595 151.120086670 -0.031909142 0.999464631 -0.007230181 -29.480545044 -0.522259414 -0.022840669 -0.852480769 331.334472656
-0.840851784 -0.020068327 0.540893257 151.602020264 -0.027722029 0.999597609 -0.006008329 -29.496435165 -0.540555120 -0.020046776 -0.841069758 330.579620361
-0.828886330 -0.015462355 0.559203327 152.097625732 -0.022833789 0.999719977 -0.006202736 -29.506904602 -0.558950901 -0.017910093 -0.829007387 329.825988770
-0.816984653 -0.011207095 0.576550663 152.618698120 -0.018024543 0.999818861 -0.006106498 -29.523456573 -0.576377690 -0.015380977 -0.817038596 329.094055176
-0.804367602 -0.008310729 0.594073832 153.155700684 -0.013700780 0.999895751 -0.004562736 -29.533462524 -0.593973994 -0.011809392 -0.804397643 328.367553711
-0.791133523 -0.008946992 0.611577868 153.713195801 -0.012050083 0.999926984 -0.000959632 -29.543678284 -0.611524582 -0.008128761 -0.791183710 327.642364502
-0.778017282 -0.007526467 0.628197610 154.284729004 -0.008910956 0.999959826 0.000944419 -29.554006577 -0.628179431 -0.004863069 -0.778053284 326.946258545
-0.763785362 -0.005250550 0.645448864 154.871856689 -0.006060425 0.999981105 0.000963034 -29.557687759 -0.645441771 -0.003176143 -0.763802886 326.244323730
-0.749565184 -0.003014886 0.661923587 155.487335205 -0.003857885 0.999992549 0.000186016 -29.560537338 -0.661919117 -0.002414196 -0.749571323 325.559326172
-0.733938992 -0.001602342 0.679213464 156.113800049 -0.001442953 0.999998689 0.000799894 -29.569107056 -0.679213881 -0.000393000 -0.733940303 324.867828369
-0.717742682 0.000278069 0.696308255 156.765838623 0.002237629 0.999995708 0.001907158 -29.574415207 -0.696304858 0.002926929 -0.717740178 324.201751709
-0.700240552 0.001151015 0.713905990 157.437179565 0.005156458 0.999980807 0.003445505 -29.579082489 -0.713888466 0.006093913 -0.700233042 323.548126221
-0.682605386 0.002506748 0.730782866 158.120208740 0.009563541 0.999939084 0.005503045 -29.576498032 -0.730724633 0.010745289 -0.682587802 322.892852783
-0.664593756 0.001368231 0.747203648 158.831924438 0.011260050 0.999903023 0.008184193 -29.580671310 -0.747120142 0.013852718 -0.664544702 322.261688232
-0.647347450 0.000921784 0.762194514 159.557876587 0.011485294 0.999897420 0.008545438 -29.584701538 -0.762108564 0.014285898 -0.647291660 321.659423828
-0.629332721 0.004190587 0.777124763 160.286819458 0.014095409 0.999882460 0.006022977 -29.592720032 -0.777008355 0.014744348 -0.629317760 321.064208984
-0.611300468 0.003890163 0.791388988 161.055679321 0.013882305 0.999886751 0.005808190 -29.592620850 -0.791276753 0.014536853 -0.611285269 320.478759766
-0.592361331 0.002354332 0.805669069 161.846603394 0.014223441 0.999870420 0.007535836 -29.596050262 -0.805546939 0.015923323 -0.592317998 319.905700684
-0.572724462 -0.001989330 0.819745600 162.621002197 0.013694580 0.999834299 0.011994235 -29.603914261 -0.819633543 0.018095464 -0.572602272 319.356231689
-0.552237570 -0.003827042 0.833678186 163.428115845 0.013777559 0.999810934 0.013716093 -29.617673874 -0.833572984 0.019060597 -0.552080452 318.834472656
-0.530464530 -0.005907717 0.847686589 164.256439209 0.012469044 0.999813199 0.014770790 -29.617450714 -0.847615480 0.018405229 -0.530291677 318.326721191
-0.506455243 -0.006319230 0.862243176 165.099731445 0.010865416 0.999846935 0.013709718 -29.613691330 -0.862197995 0.016311990 -0.506309032 317.826232910
-0.482580304 -0.008609823 0.875809550 165.933425903 0.013747250 0.999754131 0.017403172 -29.601020813 -0.875743866 0.020438408 -0.482343227 317.391845703
-0.455984682 -0.015476057 0.889853001 166.812149048 0.013833882 0.999604702 0.024473682 -29.590097427 -0.889880121 0.023469746 -0.455590367 316.952758789
-0.428025901 -0.021369504 0.903513730 167.639175415 0.017065870 0.999351025 0.031720899 -29.585714340 -0.903605223 0.028996628 -0.427383482 316.557800293
-0.399381191 -0.020614170 0.916553199 168.547546387 0.021089677 0.999275923 0.031664349 -29.565092087 -0.916542411 0.031975958 -0.398657322 316.164520264
-0.371151298 -0.019938499 0.928358316 169.464981079 0.023572827 0.999244928 0.030885193 -29.544069290 -0.928273141 0.033347104 -0.370401055 315.798797607
-0.344219863 -0.021782674 0.938636363 170.401123047 0.023841538 0.999205649 0.031931542 -29.518659592 -0.938586354 0.033370007 -0.343427151 315.461181641
-0.318783611 -0.024946794 0.947499216 171.327911377 0.024832107 0.999090672 0.034659844 -29.500598907 -0.947502196 0.034577392 -0.317874223 315.162536621
-0.293424487 -0.028923433 0.955544651 172.278839111 0.024600055 0.998982787 0.037792344 -29.473222733 -0.955665708 0.034595650 -0.292414457 314.886810303
-0.268704355 -0.031632308 0.962703168 173.254760742 0.025241643 0.998886287 0.039866500 -29.451974869 -0.962891877 0.035012510 -0.267606646 314.620452881
-0.245964855 -0.033399954 0.968703091 174.241195679 0.024408640 0.998875737 0.040637903 -29.420804977 -0.968971372 0.033640221 -0.244873032 314.389831543
-0.225141034 -0.033931762 0.973735154 175.228881836 0.024720974 0.998872757 0.040523555 -29.395578384 -0.974012554 0.033195198 -0.224048391 314.158660889
-0.206984609 -0.034402441 0.977739155 176.248214722 0.024047155 0.998900771 0.040237740 -29.358955383 -0.978048682 0.031840444 -0.205929801 313.955474854
-0.190712705 -0.035245229 0.981012881 177.264434814 0.023842709 0.998894036 0.040522758 -29.330520630 -0.981356323 0.031118210 -0.189661428 313.766418457
-0.176525325 -0.036249973 0.983628392 178.300033569 0.024240093 0.998858571 0.041161451 -29.294979095 -0.983997583 0.031109296 -0.175445095 313.590240479
-0.164355606 -0.037534729 0.985686719 179.340515137 0.023977414 0.998828471 0.042033207 -29.262182236 -0.986109734 0.030542621 -0.163263053 313.425689697
-0.153791234 -0.038490038 0.987353384 180.391311646 0.023402281 0.998818874 0.042582158 -29.230709076 -0.987826169 0.029655086 -0.152708828 313.278411865
-0.144281521 -0.040250074 0.988717735 181.457565308 0.023433711 0.998753250 0.044078246 -29.191213608 -0.989259183 0.029529013 -0.143158436 313.125396729
-0.135656238 -0.040978618 0.989908099 182.534866333 0.024252860 0.998707592 0.044666477 -29.157827377 -0.990459085 0.030067390 -0.134487078 312.981750488
-0.128584057 -0.041675270 0.990822494 183.607620239 0.025805276 0.998637676 0.045352865 -29.114599228 -0.991362870 0.031400103 -0.127333447 312.849792480
-0.122681096 -0.042481199 0.991536558 184.700836182 0.027308619 0.998560667 0.046160985 -29.071073532 -0.992070317 0.032740574 -0.121344417 312.718261719
-0.117590003 -0.043856218 0.992093384 185.806365967 0.028354920 0.998468757 0.047498878 -29.031284332 -0.992657304 0.033716120 -0.116166413 312.586090088
-0.113412157 -0.044848043 0.992535472 186.927658081 0.028258687 0.998430908 0.048343424 -28.985603333 -0.993146122 0.033530474 -0.111966863 312.463592529
-0.109750576 -0.046042364 0.992892206 188.051483154 0.029042343 0.998351395 0.049505759 -28.937387466 -0.993534923 0.034269191 -0.108232461 312.342498779
-0.106998712 -0.048799053 0.993060946 189.189010620 0.028013466 0.998250365 0.052072421 -28.888662338 -0.993864357 0.033390753 -0.105444483 312.224792480
-0.106100067 -0.052977569 0.992943108 190.325119019 0.025811315 0.998096406 0.056010555 -28.837285995 -0.994020402 0.031571887 -0.104530685 312.111877441
-0.105879612 -0.057695210 0.992703795 191.476196289 0.023983270 0.997876883 0.060553860 -28.781623840 -0.994089723 0.030219713 -0.104271084 311.995697021
-0.105628766 -0.061619826 0.992494583 192.641601562 0.023187449 0.997654200 0.064407937 -28.718460083 -0.994135320 0.029816745 -0.103952177 311.878662109
-0.105885498 -0.065769412 0.992200911 193.811523438 0.023495145 0.997366309 0.068619132 -28.653383255 -0.994100749 0.030577671 -0.104061350 311.760559082
-0.106316812 -0.066997401 0.992072701 194.994445801 0.022095483 0.997321844 0.069719784 -28.580848694 -0.994086742 0.029332701 -0.104551755 311.642944336
-0.107615635 -0.065293096 0.992046356 196.165618896 0.021111215 0.997466028 0.067939915 -28.515863419 -0.993968368 0.028254693 -0.105964541 311.525512695
-0.109214947 -0.063498572 0.991987944 197.340591431 0.021364706 0.997577071 0.066208504 -28.444192886 -0.993788481 0.028424490 -0.107593693 311.402191162
-0.111555465 -0.065962739 0.991566539 198.509338379 0.021444974 0.997402430 0.068763636 -28.382421494 -0.993526757 0.028935073 -0.109851129 311.276977539
-0.113974743 -0.070357420 0.990989149 199.696075439 0.021802502 0.997071803 0.073296815 -28.308586121 -0.993244350 0.029960025 -0.112107038 311.142364502
-0.116897032 -0.076449595 0.990197182 200.880935669 0.023891384 0.996527851 0.079758853 -28.231887817 -0.992856622 0.032980759 -0.114664651 311.002471924
-0.121373981 -0.082947597 0.989134967 202.099426270 0.024642888 0.995943308 0.086542383 -28.157592773 -0.992300928 0.034879144 -0.118837550 310.854064941
-0.125896111 -0.088123307 0.988121688 203.289215088 0.027112048 0.995369077 0.092223972 -28.070953369 -0.991672993 0.038400639 -0.122923896 310.698181152
-0.131459266 -0.090392351 0.987191737 204.478363037 0.028520182 0.995077014 0.094912246 -27.973701477 -0.990911245 0.040631983 -0.128234074 310.549957275
-0.136581406 -0.091497831 0.986394227 205.668273926 0.029392207 0.994912684 0.096357800 -27.874992371 -0.990192771 0.042152986 -0.133197248 310.396545410
-0.142324805 -0.091734953 0.985559881 206.852249146 0.031286594 0.994781613 0.097111419 -27.777675629 -0.989325464 0.044656172 -0.138712034 310.230895996
-0.148022547 -0.092842102 0.984616518 208.052200317 0.031631213 0.994630039 0.098541588 -27.677959442 -0.988478184 0.045730982 -0.144290939 310.049407959
-0.154365897 -0.096326865 0.983306885 209.240768433 0.030439729 0.994299948 0.102182381 -27.571937561 -0.987544775 0.045705073 -0.150553793 309.875122070
-0.161064520 -0.101226799 0.981738985 210.441787720 0.029053751 0.993808746 0.107237883 -27.465927124 -0.986516178 0.045795418 -0.157126307 309.684082031
-0.168788210 -0.105430134 0.979997456 211.624664307 0.028327705 0.993333101 0.111743808 -27.355670929 -0.985245228 0.046622120 -0.164676324 309.494628906
-0.176362738 -0.106125683 0.978587508 212.808502197 0.028073581 0.993224144 0.112772472 -27.241065979 -0.983924866 0.047361314 -0.172188431 309.285278320
-0.184703574 -0.108977988 0.976733506 213.995147705 0.027527614 0.992869616 0.115983911 -27.118297577 -0.982408762 0.048309788 -0.180386648 309.071899414
-0.193408981 -0.110652201 0.974858463 215.197937012 0.027290974 0.992628515 0.118083648 -26.993173599 -0.980738640 0.049443286 -0.188963458 308.839416504
-0.202438101 -0.113164030 0.972734690 216.386749268 0.027100433 0.992273092 0.121076986 -26.866926193 -0.978920102 0.050872132 -0.197807103 308.600036621
-0.211597756 -0.113282159 0.970769644 217.574035645 0.027023397 0.992202282 0.121673457 -26.741411209 -0.976983368 0.051979318 -0.206886470 308.349975586
-0.221210033 -0.113608599 0.968586266 218.753524780 0.027040942 0.992094815 0.122541733 -26.614089966 -0.974851370 0.053298946 -0.216389269 308.091949463
-0.230274767 -0.110105000 0.966876805 219.923919678 0.025097776 0.992575943 0.119008929 -26.493284225 -0.972801983 0.051671211 -0.225801826 307.821624756
-0.240428537 -0.103807420 0.965100229 221.069915771 0.027248882 0.993151367 0.113612957 -26.369972229 -0.970284343 0.053613693 -0.235953256 307.537506104
-0.250302523 -0.099714838 0.963019133 222.227218628 0.027361797 0.993556261 0.109988488 -26.254859924 -0.967780948 0.053880323 -0.245961204 307.240722656
-0.262283385 -0.098967597 0.959902465 223.364807129 0.028875424 0.993476629 0.110319056 -26.133148193 -0.964558721 0.056652453 -0.257714748 306.950439453
-0.273069352 -0.102080792 0.956562877 224.478546143 0.027882619 0.993096292 0.113939121 -26.026893616 -0.961590171 0.057784770 -0.268337935 306.635925293
-0.286131859 -0.101733223 0.952774286 225.592147827 0.026937533 0.993100703 0.114128828 -25.912399292 -0.957811594 0.058321293 -0.281417280 306.310180664
-0.300369412 -0.099486910 0.948620319 226.703948975 0.026926974 0.993264735 0.112695098 -25.795686722 -0.953442812 0.059393629 -0.295667470 305.955993652
-0.315606087 -0.099254586 0.943684995 227.804626465 0.024349406 0.993339777 0.112620570 -25.685785294 -0.948577881 0.058521919 -0.311087370 305.593841553
-0.330675006 -0.098342434 0.938606858 228.876708984 0.023641586 0.993380666 0.112410381 -25.575725555 -0.943448544 0.059361454 -0.326161176 305.227142334
-0.345753551 -0.096910939 0.933307469 229.939147949 0.022697499 0.993497491 0.111569360 -25.466087341 -0.938050807 0.059759241 -0.341305643 304.842254639
-0.360529393 -0.095586456 0.927837133 230.977355957 0.022239847 0.993571639 0.111000203 -25.358768463 -0.932482719 0.060653802 -0.356085926 304.437866211
-0.375794709 -0.096187100 0.921697497 232.040252686 0.019264339 0.993572891 0.111542381 -25.250724792 -0.926502705 0.059672937 -0.371526450 304.027343750
-0.391092092 -0.096649908 0.915262699 233.060165405 0.015879696 0.993614018 0.111709066 -25.144359589 -0.920214593 0.058222625 -0.387059838 303.602478027
-0.406066954 -0.096442364 0.908740103 234.079681396 0.012995395 0.993705630 0.111266501 -25.035711288 -0.913750887 0.056991089 -0.402257621 303.158081055
-0.420712084 -0.095874250 0.902113974 235.068206787 0.010856681 0.993796587 0.110681199 -24.936981201 -0.907129288 0.056358885 -0.417061329 302.699859619
-0.435748965 -0.093922324 0.895154417 236.056610107 0.009769088 0.993988454 0.109047778 -24.830949783 -0.900015235 0.056262299 -0.432211846 302.231140137
-0.449993283 -0.091967195 0.888283789 237.065948486 0.011241785 0.994020939 0.108609483 -24.725879669 -0.892961323 0.058859423 -0.446268797 301.721313477
-0.464460611 -0.089197710 0.881090224 238.026565552 0.012323545 0.994167507 0.107141398 -24.626264572 -0.885508060 0.060621113 -0.460652322 301.220428467
-0.478420287 -0.085702792 0.873938739 238.981399536 0.014466554 0.994321764 0.105427563 -24.522857666 -0.878011882 0.063081563 -0.474463880 300.693481445
-0.492385089 -0.082363471 0.866471648 239.919921875 0.016611047 0.994441926 0.103967316 -24.437677383 -0.870218873 0.065584965 -0.488280296 300.174255371
-0.505277336 -0.080001697 0.859240711 240.832366943 0.018019466 0.994498312 0.103191555 -24.345218658 -0.862768829 0.067623422 -0.501055896 299.633605957
-0.518241644 -0.078433260 0.851630092 241.739974976 0.017738348 0.994585812 0.102393456 -24.249450684 -0.855050385 0.068171062 -0.514044523 299.088562012
-0.530693889 -0.075908765 0.844157398 242.623840332 0.017319797 0.994802058 0.100343496 -24.173576355 -0.847386539 0.067872338 -0.526620626 298.544219971
-0.543020368 -0.072562568 0.836578429 243.495452881 0.016711110 0.995128274 0.097161859 -24.087968826 -0.839553297 0.066741027 -0.539162219 297.983306885
-0.555124223 -0.069658138 0.828845501 244.351989746 0.014411096 0.995532036 0.093318768 -24.007129669 -0.831642687 0.063748069 -0.551639974 297.427612305
-0.566935241 -0.064939298 0.821198702 245.194595337 0.015147539 0.995897591 0.089211725 -23.930027008 -0.823623180 0.063016415 -0.563625634 296.845184326
-0.578529835 -0.059402443 0.813495159 246.011260986 0.017421786 0.996217132 0.085134782 -23.848808289 -0.815475225 0.063425563 -0.575306356 296.255950928
-0.590776205 -0.061224766 0.804509163 246.815933228 0.016275162 0.996009529 0.087749690 -23.783090591 -0.806671321 0.064933948 -0.587422311 295.677886963
-0.602555513 -0.063762330 0.795525670 247.592117310 0.014754415 0.995742857 0.090985432 -23.715457916 -0.797940493 0.066561319 -0.599049628 295.091979980
-0.613833666 -0.064874798 0.786765337 248.351531982 0.012295116 0.995711148 0.091696613 -23.644964218 -0.789339721 0.065959848 -0.610403299 294.498809814
-0.626283646 -0.059514262 0.777320385 249.079818726 0.010566590 0.996342301 0.084796771 -23.581661224 -0.779523730 0.061320473 -0.623363972 293.928833008
-0.638117850 -0.058320623 0.767726719 249.804229736 0.007244673 0.996628165 0.081730820 -23.518800735 -0.769904613 0.057715826 -0.635543644 293.331542969
-0.649273276 -0.059752882 0.758204341 250.496170044 0.003058702 0.996695817 0.081167281 -23.458717346 -0.760549009 0.055018861 -0.646945298 292.747528076
-0.660706758 -0.061976414 0.748081148 251.174301147 0.001849565 0.996448398 0.084186472 -23.400033951 -0.750641704 0.057006199 -0.658245444 292.169311523
-0.670908451 -0.060600497 0.739059746 251.809982300 0.002266426 0.996482909 0.083765790 -23.349006653 -0.741536677 0.057874218 -0.668411553 291.580932617
-0.681775033 -0.059550770 0.729133964 252.424880981 0.001566528 0.996560216 0.082857139 -23.295825958 -0.731560051 0.057632156 -0.679336727 291.003997803
-0.693085968 -0.058937285 0.718441546 253.025939941 -0.000394977 0.996683002 0.081381761 -23.243179321 -0.720854819 0.056120779 -0.690810263 290.440002441
-0.703967452 -0.058342539 0.707831979 253.592773438 -0.001280514 0.996722937 0.080880657 -23.194744110 -0.710231125 0.056030940 -0.701735198 289.864929199
-0.716146886 -0.057390973 0.695586145 254.133651733 0.000331388 0.996585369 0.082566798 -23.143314362 -0.697949588 0.059360459 -0.713682473 289.301239014
-0.728697240 -0.054962095 0.682627022 254.648147583 0.004285640 0.996388733 0.084799692 -23.098552704 -0.684822559 0.064718790 -0.725830197 288.740936279
-0.741912007 -0.051809944 0.668492675 255.134490967 0.009412590 0.996107161 0.087647289 -23.053930283 -0.670431316 0.071318805 -0.738536000 288.184265137
-0.754802346 -0.048316784 0.654170275 255.576263428 0.013698988 0.995904863 0.089363456 -23.014768600 -0.655809224 0.076413214 -0.751049340 287.646545410
-0.767736137 -0.043048162 0.639318407 256.002593994 0.016499521 0.996081769 0.086884357 -22.968311310 -0.640553653 0.077252701 -0.764017642 287.112518311
-0.781680465 -0.035361074 0.622675836 256.407287598 0.020077230 0.996447206 0.081791215 -22.928300858 -0.623355925 0.076436192 -0.778193295 286.586029053
-0.796255410 -0.026172299 0.604394197 256.785888672 0.025009856 0.996785462 0.076113239 -22.892669678 -0.604443431 0.075721398 -0.793041229 286.053924561
-0.811704755 -0.017865732 0.583794653 257.135009766 0.029242620 0.997035384 0.071170829 -22.849380493 -0.583335400 0.074841395 -0.808775783 285.522003174
-0.828301370 -0.013873068 0.560111523 257.455566406 0.030614236 0.997079313 0.069968857 -22.816974640 -0.559446156 0.075102665 -0.825457156 285.030914307
-0.844883204 -0.008460846 0.534884095 257.758026123 0.035143554 0.996837139 0.071279533 -22.785121918 -0.533795297 0.079020619 -0.841913402 284.507629395
-0.861705661 -0.001863318 0.507405162 258.031463623 0.039922260 0.996644437 0.071458280 -22.752761841 -0.505835652 0.081832767 -0.858739614 283.998291016
-0.878679931 0.005050162 0.477384686 258.271606445 0.043782696 0.996582568 0.070044309 -22.725381851 -0.475399494 0.082447715 -0.875898302 283.483520508
-0.896700919 0.010090948 0.442522019 258.526733398 0.044263914 0.996773124 0.066964194 -22.694786072 -0.440418243 0.079634599 -0.894254029 282.950836182
-0.913746178 0.016737655 0.405940771 258.717651367 0.045929633 0.997001588 0.062276468 -22.668605804 -0.403681159 0.075549588 -0.911775053 282.444671631
-0.929879785 0.023448329 0.367115617 258.878204346 0.048042208 0.997160077 0.057997350 -22.643764496 -0.364712983 0.071567610 -0.928365409 281.928771973
-0.945171714 0.030997600 0.325099498 259.022491455 0.051692948 0.997135520 0.055213574 -22.613178253 -0.322456717 0.068991646 -0.944066644 281.393402100
-0.958953917 0.036627695 0.281186551 259.150085449 0.053459201 0.997193098 0.052420810 -22.591247559 -0.278477192 0.065301150 -0.958220243 280.853546143
-0.971187234 0.037065092 0.235418364 259.257507324 0.049955502 0.997547388 0.049027428 -22.566116333 -0.233023807 0.059375264 -0.970656693 280.306182861
-0.982102394 0.036186144 0.184839323 259.346038818 0.045730889 0.997817338 0.047637369 -22.551706314 -0.182712048 0.055237629 -0.981613457 279.769165039
-0.990610898 0.035173953 0.132109627 259.388641357 0.041401647 0.998142481 0.044692382 -22.518737793 -0.130292267 0.049742315 -0.990227103 279.245635986
-0.996397436 0.037043754 0.076290339 259.403808594 0.040482137 0.998209774 0.044027120 -22.497402191 -0.074522838 0.046956904 -0.996113181 278.690582275
-0.999209821 0.034976959 0.018876418 259.385772705 0.035823081 0.998274684 0.046521459 -22.479846954 -0.017216668 0.047160905 -0.998738945 278.125061035
-0.998572946 0.033541739 -0.041557238 259.358886719 0.031461176 0.998266160 0.049746115 -22.450912476 0.043153733 0.048367672 -0.997896969 277.561523438
-0.994190514 0.034171999 -0.102067113 259.284759521 0.028921135 0.998202562 0.052489728 -22.416755676 0.103677288 0.049232889 -0.993391812 276.978973389
-0.986169100 0.034848705 -0.162037387 259.148620605 0.025821511 0.998012245 0.057487149 -22.394172668 0.163718671 0.052507997 -0.985108674 276.406890869
-0.973753631 0.033939447 -0.225060061 258.997467041 0.020041313 0.997764409 0.063753091 -22.374439240 0.226720661 0.057569306 -0.972256899 275.828308105
-0.957391620 0.034143787 -0.286767483 258.782135010 0.014446659 0.997405350 0.070524342 -22.332176208 0.288431466 0.063376576 -0.955400825 275.252166748
-0.936483920 0.028173849 -0.349577069 258.559692383 0.001284941 0.997036994 0.076913051 -22.296716690 0.350708157 0.071578652 -0.933745325 274.666717529
-0.911726952 0.025777118 -0.409987271 258.279388428 -0.008312685 0.996667325 0.081149139 -22.253631592 0.410712600 0.077393949 -0.908474267 274.093994141
-0.884097457 0.024917023 -0.466637880 257.951904297 -0.016533347 0.996284425 0.084522769 -22.208179474 0.467010021 0.082441449 -0.880400598 273.534759521
-0.853540480 0.026160182 -0.520369351 257.598937988 -0.022604868 0.995938957 0.087146007 -22.164710999 0.520536005 0.086145520 -0.849482894 272.985687256
-0.821266532 0.025993088 -0.569952309 257.191131592 -0.028298477 0.995876372 0.086194038 -22.116260529 0.569842458 0.086917073 -0.817144454 272.437164307
-0.789167583 0.020953709 -0.613820434 256.748565674 -0.037031181 0.995976329 0.081608884 -22.062080383 0.613060653 0.087133579 -0.785216153 271.894622803
-0.758464754 0.019072941 -0.651434839 256.288269043 -0.042534743 0.995991826 0.078684159 -22.014909744 0.650324404 0.087387778 -0.754613459 271.374084473
-0.729991019 0.022227930 -0.683095217 255.768615723 -0.042429060 0.996069431 0.077754013 -21.959295273 0.682138503 0.085742816 -0.726178527 270.854949951
-0.703451991 0.026472058 -0.710249603 255.214447021 -0.041630153 0.996055961 0.078356199 -21.904392242 0.709522486 0.084687628 -0.699575365 270.337890625
-0.679807603 0.028869560 -0.732822001 254.649276733 -0.041782845 0.996077359 0.078000687 -21.853380203 0.732199192 0.083644852 -0.675934851 269.820495605
-0.660589635 0.031289663 -0.750094771 254.043075562 -0.040832389 0.996154785 0.077513926 -21.795825958 0.749635994 0.081833057 -0.656771898 269.305847168
-0.646340072 0.035934381 -0.762202859 253.413879395 -0.033505913 0.996590495 0.075397350 -21.739925385 0.762313485 0.074270628 -0.642932415 268.793243408
-0.637041986 0.042074509 -0.769680023 252.761413574 -0.024799723 0.996873558 0.075020045 -21.691608429 0.770430148 0.066878758 -0.634006917 268.275573730
-0.632008910 0.045036212 -0.773651302 252.098220825 -0.019969810 0.997031927 0.074353442 -21.631324768 0.774703741 0.062441714 -0.629233897 267.733612061
-0.630436957 0.047663353 -0.774775803 251.418869019 -0.017380813 0.996996105 0.075476915 -21.569383621 0.776045918 0.061049663 -0.627714634 267.192657471
