0.999999940 0.000000000 0.000000000 0.000000000 0.000000000 1.000000000 0.000000004 0.000000000 0.000000000 0.000000004 0.999999940 0.000000000
0.999997497 -0.001677615 -0.001434221 -0.002483064 0.001676347 0.999998212 -0.000885228 -0.008486158 0.001435704 0.000882830 0.999998510 0.564135015
0.999995470 -0.001795454 -0.002398992 -0.008073146 0.001789277 0.999995112 -0.002574452 -0.017638836 0.002403603 0.002570157 0.999993742 1.119321346
0.999986529 -0.002506557 -0.004526809 -0.009214329 0.002490469 0.999990582 -0.003556252 -0.035047647 0.004535680 0.003544939 0.999983370 1.684795141
0.999970317 -0.004339317 -0.006361078 -0.020292113 0.004304007 0.999975324 -0.005554228 -0.041222058 0.006385023 0.005526693 0.999964297 2.251562119
0.999948502 -0.006837126 -0.007493355 -0.030326493 0.006780020 0.999947965 -0.007619583 -0.054865889 0.007545075 0.007568384 0.999942780 2.804507494
0.999927342 -0.008056846 -0.008968517 -0.036591269 0.007983036 0.999934196 -0.008234962 -0.067970432 0.009034276 0.008162769 0.999925852 3.377017498
0.999914527 -0.007989703 -0.010344336 -0.047659457 0.007911596 0.999939919 -0.007569319 -0.080783315 0.010404192 0.007486835 0.999917805 3.960838079
0.999899805 -0.008550990 -0.011283126 -0.059213445 0.008461938 0.999932766 -0.007916484 -0.095575258 0.011350063 0.007820216 0.999904990 4.552974224
0.999888897 -0.007922794 -0.012628689 -0.066530600 0.007786673 0.999911427 -0.010791720 -0.110796712 0.012713082 0.010692188 0.999862075 5.145692825
0.999885917 -0.006254467 -0.013750613 -0.084376305 0.006053965 0.999875426 -0.014574811 -0.126283586 0.013840068 0.014489904 0.999799252 5.747818947
0.999872804 -0.005069732 -0.015123855 -0.098383114 0.004792809 0.999821126 -0.018290741 -0.138564408 0.015213892 0.018215930 0.999718368 6.362609386
0.999861896 -0.003009303 -0.016342839 -0.114029087 0.002710668 0.999829471 -0.018264661 -0.153718397 0.016395027 0.018217839 0.999699652 6.990406513
0.999844670 -0.001047704 -0.017593006 -0.125435501 0.000847559 0.999935031 -0.011380107 -0.163301736 0.017603783 0.011363432 0.999780476 7.633245468
0.999838471 0.000039904 -0.017966101 -0.147041917 -0.000054435 0.999999702 -0.000808440 -0.176495284 0.017966064 0.000809290 0.999838233 8.292728424
0.999818504 0.000740267 -0.019036837 -0.161531478 -0.000630808 0.999983191 0.005755136 -0.186894044 0.019040782 -0.005742085 0.999802291 8.978176117
0.999789894 0.003141930 -0.020259216 -0.183164030 -0.003043305 0.999983370 0.004897045 -0.203279018 0.020274272 -0.004834362 0.999782801 9.669550896
0.999769807 0.005132362 -0.020829758 -0.207388818 -0.005181092 0.999983907 -0.002286125 -0.211981878 0.020817690 0.002393523 0.999780357 10.350541115
0.999747813 0.004599188 -0.021981180 -0.226757973 -0.004777708 0.999955952 -0.008075878 -0.214708805 0.021943066 0.008178864 0.999725640 11.061994553
0.999735117 0.002428434 -0.022886505 -0.249233067 -0.002584734 0.999973476 -0.006802208 -0.214946464 0.022869375 0.006859564 0.999714911 11.800750732
0.999725699 0.001909586 -0.023344794 -0.270662904 -0.001855895 0.999995589 0.002321439 -0.222578198 0.023349119 -0.002277473 0.999724746 12.569485664
0.999715149 0.001600824 -0.023811134 -0.289933175 -0.001364272 0.999949574 0.009947664 -0.231718987 0.023825873 -0.009912344 0.999666870 13.348432541
0.999704182 0.000720458 -0.024310673 -0.310835451 -0.000417307 0.999922216 0.012472859 -0.234593317 0.024317788 -0.012459022 0.999626577 14.134907722
0.999702752 -0.000885755 -0.024364974 -0.331903458 0.001161237 0.999935567 0.011294900 -0.235164911 0.024353420 -0.011319832 0.999639273 14.934080124
0.999713421 -0.001450349 -0.023893666 -0.355550051 0.001667212 0.999957502 0.009058942 -0.236601964 0.023879530 -0.009096179 0.999673367 15.765885353
0.999718785 0.001078866 -0.023687720 -0.381466746 -0.000946668 0.999983966 0.005591607 -0.236774430 0.023693394 -0.005567607 0.999703646 16.604967117
0.999740303 -0.002294291 -0.022672230 -0.399104863 0.002290312 0.999997377 -0.000201455 -0.240074098 0.022672644 0.000149480 0.999742925 17.488683701
0.999746263 -0.005176967 -0.021920290 -0.416092873 0.005037317 0.999966741 -0.006421240 -0.249652475 0.021952815 0.006309195 0.999739051 18.358684540
0.999771416 -0.003867018 -0.021028299 -0.435290903 0.003621479 0.999925017 -0.011702203 -0.264560789 0.021071989 0.011623378 0.999710381 19.250852585
0.999777198 -0.002487360 -0.020959469 -0.460445642 0.002223677 0.999918222 -0.012594556 -0.278542668 0.020989096 0.012545146 0.999700963 20.161218643
0.999771357 -0.002506180 -0.021236246 -0.489073873 0.002254637 0.999927223 -0.011860643 -0.303631186 0.021264438 0.011810054 0.999704063 21.108467102
0.999776483 -0.000964053 -0.021118877 -0.507347405 0.000678383 0.999908328 -0.013529688 -0.325427294 0.021130010 0.013512338 0.999685466 22.066089630
0.999779880 0.001661243 -0.020914776 -0.534840345 -0.001989017 0.999875307 -0.015660796 -0.346004754 0.020886179 0.015698947 0.999658644 23.019353867
0.999762297 0.005274628 -0.021153867 -0.564473987 -0.005624213 0.999848008 -0.016500421 -0.367900968 0.021063644 0.016615473 0.999640107 23.983129501
0.999760389 0.007275370 -0.020645918 -0.607993007 -0.007617231 0.999834359 -0.016528159 -0.394957602 0.020522278 0.016681461 0.999650300 24.958486557
0.999740124 0.008106030 -0.021307571 -0.620965600 -0.008453585 0.999831796 -0.016272033 -0.432226986 0.021172099 0.016447932 0.999640405 25.952926636
0.999744415 0.008029489 -0.021133939 -0.650222063 -0.008370747 0.999835253 -0.016108621 -0.460038960 0.021001119 0.016281420 0.999646783 26.945926666
0.999723613 0.008974646 -0.021726375 -0.675793827 -0.009303872 0.999842703 -0.015099719 -0.485543787 0.021587458 0.015297693 0.999649823 27.952526093
0.999709487 0.009613063 -0.022104159 -0.698626459 -0.009903546 0.999865532 -0.013069651 -0.516043246 0.021975555 0.013284769 0.999670267 28.964902878
0.999697149 0.010317216 -0.022344911 -0.729229987 -0.010583187 0.999874115 -0.011817392 -0.545288444 0.022220183 0.012050297 0.999680459 29.983598709
0.999691427 0.009865133 -0.022797268 -0.752513170 -0.010159438 0.999866068 -0.012829936 -0.574462354 0.022667652 0.013057589 0.999657750 31.007062912
0.999673903 0.011636571 -0.022729611 -0.783423126 -0.011956374 0.999830782 -0.013985102 -0.597593427 0.022563033 0.014252309 0.999643743 32.056350708
0.999671638 0.011335518 -0.022979675 -0.813493073 -0.011637104 0.999847412 -0.013033153 -0.624972939 0.022828434 0.013296293 0.999650955 33.092315674
0.999658942 0.011111736 -0.023630390 -0.843158841 -0.011362399 0.999880314 -0.010500120 -0.649115205 0.023510888 0.010765041 0.999665499 34.146800995
0.999646008 0.010953850 -0.024243893 -0.870621681 -0.011122737 0.999914706 -0.006842234 -0.673524737 0.024166878 0.007109474 0.999682605 35.217758179
0.999635100 0.011234808 -0.024562301 -0.905460417 -0.011351582 0.999924898 -0.004619861 -0.694480300 0.024508558 0.004897000 0.999687612 36.279350281
0.999621511 0.010644768 -0.025367582 -0.931630731 -0.010742318 0.999935389 -0.003712244 -0.720006585 0.025326435 0.003983350 0.999671221 37.345558167
0.999612629 0.010267534 -0.025872076 -0.967299044 -0.010412254 0.999930799 -0.005465163 -0.738644004 0.025814179 0.005732435 0.999650300 38.422130585
0.999589562 0.011190377 -0.026370628 -1.002592206 -0.011349328 0.999918222 -0.005885468 -0.759817243 0.026302651 0.006182342 0.999634922 39.520843506
0.999576747 0.011016624 -0.026923349 -1.039359570 -0.011150788 0.999926090 -0.004837916 -0.776196063 0.026868097 0.005136086 0.999625862 40.605525970
0.999564052 0.010965132 -0.027413948 -1.088905692 -0.011055734 0.999933898 -0.003155319 -0.796464443 0.027377577 0.003457025 0.999619246 41.700618744
0.999536991 0.010606951 -0.028518941 -1.116451383 -0.010619643 0.999943554 -0.000293407 -0.824939311 0.028514253 0.000596133 0.999593198 42.793186188
0.999509037 0.012183537 -0.028866708 -1.140532851 -0.012197599 0.999925494 -0.000311023 -0.847913206 0.028860778 0.000662978 0.999583244 43.871524811
0.999481916 0.013446181 -0.029243033 -1.180624366 -0.013575498 0.999898851 -0.004227978 -0.867968380 0.029183239 0.004622781 0.999563396 44.945079803
0.999464691 0.014720437 -0.029219257 -1.222743392 -0.014966791 0.999854207 -0.008230465 -0.891726255 0.029093845 0.008663381 0.999539137 46.026573181
0.999461532 0.015038930 -0.029165018 -1.268073082 -0.015294656 0.999846280 -0.008565026 -0.916041791 0.029031737 0.009006486 0.999537945 47.099372864
0.999459326 0.015425936 -0.029032655 -1.291842103 -0.015595640 0.999862492 -0.005627894 -0.945171118 0.028941853 0.006077636 0.999562621 48.212032318
0.999457777 0.015900826 -0.028830873 -1.328227043 -0.016008912 0.999865592 -0.003521908 -0.969774008 0.028771004 0.003981551 0.999578059 49.300170898
0.999473751 0.014336008 -0.029098434 -1.365251422 -0.014414366 0.999893069 -0.002484847 -0.987405181 0.029059704 0.002902977 0.999573469 50.383758545
0.999483228 0.014791758 -0.028536648 -1.403252363 -0.014892942 0.999883473 -0.003336480 -1.012307644 0.028483979 0.003759753 0.999587178 51.478137970
0.999502182 0.014092929 -0.028226292 -1.442201495 -0.014235923 0.999886692 -0.004871351 -1.043266535 0.028154457 0.005270754 0.999589682 52.601581573
0.999509513 0.014134241 -0.027942622 -1.472881794 -0.014345972 0.999869645 -0.007391341 -1.061297655 0.027834522 0.007788584 0.999582171 53.693210602
0.999525666 0.013169354 -0.027836038 -1.508997679 -0.013434993 0.999865651 -0.009377552 -1.097750664 0.027708812 0.009747084 0.999568522 54.791999817
0.999556661 0.011360753 -0.027522288 -1.545370221 -0.011714018 0.999850631 -0.012708259 -1.129027128 0.027373798 0.013025020 0.999540389 55.885978699
0.999571383 0.009645578 -0.027643606 -1.572013617 -0.010048817 0.999844611 -0.014485287 -1.159859776 0.027499586 0.014756861 0.999512970 56.973205566
0.999606550 0.007962958 -0.026894959 -1.608272076 -0.008288989 0.999893308 -0.012032566 -1.194213986 0.026796272 0.012250763 0.999565780 58.052730560
0.999615312 0.006666001 -0.026919805 -1.640997291 -0.006842114 0.999955714 -0.006455547 -1.219087481 0.026875591 0.006637257 0.999616683 59.170677185
0.999628305 0.005016980 -0.026796227 -1.669049978 -0.005028083 0.999987364 -0.000347245 -1.241626978 0.026794156 0.000481855 0.999640822 60.262756348
0.999642372 0.003706008 -0.026483454 -1.702712059 -0.003703885 0.999993205 0.000129273 -1.263900995 0.026483756 -0.000031129 0.999649346 61.365436554
0.999643326 0.000464094 -0.026700532 -1.727208972 -0.000545961 0.999995172 -0.003058892 -1.278695583 0.026698988 0.003072384 0.999638796 62.461074829
0.999652922 -0.001040103 -0.026321854 -1.764228463 0.000871516 0.999979019 -0.006415424 -1.299023867 0.026327977 0.006390264 0.999633014 63.549732208
0.999652445 0.001516171 -0.026317453 -1.801118612 -0.001781605 0.999947667 -0.010065295 -1.333486795 0.026300825 0.010108687 0.999602914 64.654869080
0.999649286 0.001703963 -0.026425175 -1.829813123 -0.002090459 0.999891102 -0.014605256 -1.356165648 0.026397420 0.014655378 0.999544024 65.749465942
0.999651015 0.004792997 -0.025973681 -1.864017606 -0.005183936 0.999873817 -0.015004918 -1.390997767 0.025898496 0.015134333 0.999550045 66.845397949
0.999664724 0.008439913 -0.024476703 -1.920752883 -0.008721528 0.999896765 -0.011421420 -1.424153566 0.024377791 0.011631066 0.999635220 67.959289551
0.999656200 0.009803258 -0.024314802 -1.955557585 -0.010031768 0.999906540 -0.009293737 -1.450720549 0.024221437 0.009534465 0.999661088 69.053520203
0.999658942 0.009064883 -0.024492759 -1.983476162 -0.009280022 0.999919236 -0.008684243 -1.478187323 0.024412077 0.008908577 0.999662161 70.151123047
0.999668181 0.007964787 -0.024496846 -2.011936903 -0.008154997 0.999937296 -0.007674607 -1.510504723 0.024434192 0.007871836 0.999670386 71.267669678
0.999676347 0.006915508 -0.024484005 -2.045586109 -0.007067684 0.999956191 -0.006134179 -1.538750291 0.024440523 0.006305244 0.999681413 72.359443665
0.999672174 0.005173729 -0.025072733 -2.075956583 -0.005283833 0.999976695 -0.004327109 -1.562619328 0.025049772 0.004458175 0.999676287 73.460868835
0.999658108 0.004341241 -0.025784194 -2.102204084 -0.004407194 0.999987125 -0.002501449 -1.591719031 0.025772994 0.002614232 0.999664307 74.559349060
0.999654353 0.003754659 -0.026022052 -2.138297081 -0.003844669 0.999986827 -0.003409656 -1.619823694 0.026008900 0.003508526 0.999655485 75.646575928
0.999629021 0.003884062 -0.026955307 -2.165452242 -0.004083782 0.999964654 -0.007358252 -1.646157265 0.026925778 0.007465607 0.999609530 76.732017517
0.999600589 0.004538410 -0.027894281 -2.195898533 -0.004805089 0.999943316 -0.009500785 -1.670746326 0.027849590 0.009631029 0.999565721 77.810493469
0.999577165 0.006400779 -0.028362354 -2.235484123 -0.006626189 0.999947131 -0.007860601 -1.698188066 0.028310539 0.008045211 0.999566793 78.897003174
0.999550998 0.007588649 -0.028988171 -2.272837400 -0.007701922 0.999963105 -0.003797831 -1.719581366 0.028958278 0.004019390 0.999572575 79.974906921
0.999530196 0.008555974 -0.029429274 -2.312487125 -0.008537800 0.999963224 0.000743129 -1.754243493 0.029434556 -0.000491515 0.999566734 81.057334900
0.999497414 0.009651596 -0.030191321 -2.351348639 -0.009614184 0.999952793 0.001383937 -1.772861242 0.030203260 -0.001092973 0.999543250 82.128181458
0.999486268 0.009831928 -0.030501932 -2.394174576 -0.009864964 0.999950826 -0.000932899 -1.789221406 0.030491263 0.001233324 0.999534309 83.193351746
0.999471068 0.009432444 -0.031122111 -2.426635504 -0.009483868 0.999953926 -0.001505009 -1.816184878 0.031106479 0.001799374 0.999514401 84.273292542
0.999459386 0.008652371 -0.031718910 -2.462562799 -0.008703213 0.999961078 -0.001465118 -1.841190696 0.031704996 0.001740386 0.999495685 85.329261780
0.999442518 0.007422339 -0.032549497 -2.499980927 -0.007469262 0.999971271 -0.001320161 -1.856762886 0.032538760 0.001562549 0.999469221 86.365669250
0.999434948 0.006481230 -0.032980576 -2.534063101 -0.006481946 0.999979019 0.000085336 -1.884372830 0.032980442 0.000128495 0.999456048 87.402420044
0.999428809 0.006797951 -0.033102993 -2.577079773 -0.006708627 0.999973595 0.002808764 -1.905548096 0.033121213 -0.002585080 0.999448001 88.406379700
0.999401093 0.005751284 -0.034122687 -2.619652271 -0.005615789 0.999976039 0.004065421 -1.929786921 0.034145262 -0.003871356 0.999409378 89.380073547
0.999321640 0.004607860 -0.036538005 -2.654645681 -0.004463974 0.999981940 0.004018737 -1.946890354 0.036555868 -0.003852906 0.999324203 90.356895447
0.999197125 0.003794045 -0.039882880 -2.694429159 -0.003677732 0.999988794 0.002989459 -1.964247346 0.039893784 -0.002840380 0.999199927 91.289817810
0.999055743 0.003422047 -0.043312047 -2.741118431 -0.003332652 0.999992132 0.002136139 -1.984206676 0.043319032 -0.001989776 0.999059379 92.210693359
0.998918056 0.003435493 -0.046377085 -2.787380219 -0.003314145 0.999990880 0.002693152 -2.004515409 0.046385922 -0.002536537 0.998920381 93.110725403
0.998766422 0.004650734 -0.049436592 -2.837330818 -0.004481591 0.999983728 0.003531691 -2.019649029 0.049452230 -0.003305779 0.998771012 93.977157593
0.998615503 0.005253863 -0.052338980 -2.892164946 -0.005003598 0.999975383 0.004911506 -2.039174080 0.052363522 -0.004642818 0.998617351 94.821327209
0.998434186 0.006726016 -0.055532020 -2.942034245 -0.006378037 0.999958873 0.006441136 -2.052864313 0.055573095 -0.006076863 0.998436153 95.637512207
0.998294413 0.007929171 -0.057837605 -3.000469446 -0.007526768 0.999945819 0.007171991 -2.066935778 0.057891369 -0.006724424 0.998300254 96.425148010
0.998120844 0.009985625 -0.060456268 -3.051341057 -0.009527654 0.999923706 0.007858783 -2.086748123 0.060530122 -0.007268003 0.998139858 97.192672729
0.997912586 0.011589169 -0.063531101 -3.100744486 -0.011183934 0.999914825 0.006730436 -2.101126671 0.063603684 -0.006005853 0.997957110 97.922386169
0.997749209 0.013074555 -0.065769933 -3.161500216 -0.012898413 0.999912083 0.003102097 -2.119292974 0.065804698 -0.002246782 0.997829914 98.614128113
0.997541189 0.015768470 -0.068285763 -3.220516205 -0.015852429 0.999874115 -0.000687765 -2.128942251 0.068266332 0.001768574 0.997665465 99.289039612
0.997372806 0.017166868 -0.070374578 -3.265939713 -0.017449401 0.999841928 -0.003401825 -2.146151781 0.070305057 0.004620885 0.997514844 99.930732727
0.997270525 0.019257409 -0.071277402 -3.315384865 -0.019607652 0.999798775 -0.004217225 -2.162582874 0.071181834 0.005603300 0.997447610 100.546234131
0.997288883 0.021677611 -0.070320345 -3.367053032 -0.021996923 0.999750853 -0.003769446 -2.178064108 0.070221126 0.005306060 0.997517288 101.129089355
0.997456014 0.025416324 -0.066598698 -3.430001736 -0.025629215 0.999668777 -0.002344011 -2.192418098 0.066517055 0.004044923 0.997777104 101.701881409
0.997694731 0.027901843 -0.061860111 -3.451912642 -0.028010618 0.999607265 -0.000891672 -2.208965302 0.061810926 0.002622360 0.998084426 102.245330811
0.998119116 0.028556213 -0.054245129 -3.484336853 -0.028523620 0.999592185 0.001375206 -2.224703789 0.054262273 0.000174651 0.998526692 102.758193970
0.998592615 0.028810959 -0.044527553 -3.503961325 -0.028677501 0.999582112 0.003633331 -2.233500957 0.044613618 -0.002351276 0.999001563 103.262252808
0.999050438 0.028366629 -0.033066455 -3.502819300 -0.028218800 0.999589562 0.004928816 -2.248494864 0.033192690 -0.003991041 0.999441087 103.739166260
0.999427199 0.027503893 -0.019714793 -3.502352715 -0.027409207 0.999611497 0.005056946 -2.259243965 0.019846212 -0.004513685 0.999792874 104.197029114
0.999611616 0.027501531 -0.004509579 -3.495007753 -0.027483670 0.999614298 0.003976129 -2.267643452 0.004617188 -0.003850646 0.999981821 104.638420105
0.999573052 0.026013073 0.013303764 -3.471286774 -0.026025718 0.999660969 0.000778161 -2.277807951 -0.013279013 -0.001124071 0.999911189 105.060554504
0.999065578 0.025622502 0.034803499 -3.448537588 -0.025512405 0.999668062 -0.003603861 -2.291314125 -0.034884281 0.002712570 0.999387622 105.481101990
0.998001158 0.023386864 0.058708686 -3.397231579 -0.022916215 0.999699771 -0.008677321 -2.299532652 -0.058893990 0.007314591 0.998237371 105.890556335
0.996054053 0.021427795 0.086122744 -3.341371536 -0.020491220 0.999721110 -0.011744343 -2.308208942 -0.086350381 0.009933237 0.996215224 106.302642822
0.993153095 0.018461755 0.115351707 -3.254812241 -0.017134096 0.999775171 -0.012490708 -2.325525761 -0.115556344 0.010428736 0.993246138 106.698776245
0.988818288 0.016072098 0.148257643 -3.177171707 -0.014132962 0.999800384 -0.014123800 -2.344163656 -0.148455039 0.011870552 0.988847911 107.057167053
0.982758045 0.013784650 0.184382200 -3.081346512 -0.011120084 0.999818385 -0.015477608 -2.359918118 -0.184562057 0.013160401 0.982732773 107.428817749
0.974874854 0.010409145 0.222509831 -2.963279724 -0.006936860 0.999841750 -0.016380969 -2.370777369 -0.222645104 0.014425880 0.974792778 107.789245605
0.964801311 0.008566407 0.262840688 -2.841449738 -0.004209368 0.999844313 -0.017135367 -2.386117697 -0.262946486 0.015425835 0.964687049 108.138328552
0.952464104 0.008912046 0.304520667 -2.712574005 -0.003647920 0.999833941 -0.017851183 -2.406467915 -0.304629207 0.015891746 0.952338517 108.459045410
0.937245905 0.011212056 0.348488837 -2.562892914 -0.004997736 0.999812186 -0.018726118 -2.416444302 -0.348633289 0.015809324 0.937125802 108.786621094
0.919596076 0.011678004 0.392691612 -2.384761810 -0.004955064 0.999823391 -0.018129453 -2.422646999 -0.392833889 0.014725965 0.919491470 109.107223511
0.899397552 0.009939197 0.437018633 -2.207916260 -0.002970827 0.999857426 -0.016625892 -2.436630487 -0.437121511 0.013654982 0.899298728 109.400711060
0.876118183 0.008794131 0.482016206 -2.015625000 -0.000823438 0.999859452 -0.016745217 -2.454976320 -0.482095689 0.014273881 0.876002312 109.680984497
0.850637555 0.010383838 0.525650203 -1.799030304 -0.000188102 0.999810934 -0.019446142 -2.465430021 -0.525752664 0.016442746 0.850478590 109.976707458
0.823734820 0.011452766 0.566859365 -1.572154999 0.001105239 0.999761641 -0.021805147 -2.494075060 -0.566974044 0.018588174 0.823525727 110.219467163
0.792652369 0.016091298 0.609461308 -1.338802338 -0.000582856 0.999671161 -0.025635757 -2.514156103 -0.609673321 0.019965021 0.792401254 110.485488892
0.758726716 0.022294588 0.651027322 -1.085968018 -0.003901451 0.999551713 -0.029683014 -2.524455547 -0.651397228 0.019981351 0.758473575 110.738494873
0.721348047 0.027171999 0.692039371 -0.814552307 -0.005636030 0.999427140 -0.033366442 -2.526480436 -0.692549646 0.020168465 0.721088111 110.983413696
0.682199717 0.027191678 0.730659902 -0.519863129 -0.003688885 0.999423504 -0.033749543 -2.546794891 -0.731156468 0.020328615 0.681906819 111.207992554
0.641522706 0.024639087 0.766708195 -0.205898285 0.000527646 0.999469578 -0.032560643 -2.559407711 -0.767103732 0.021292944 0.641169548 111.407485962
0.596910834 0.022756027 0.801984668 0.119346619 0.002448365 0.999541342 -0.030183922 -2.564761162 -0.802303731 0.019980663 0.596581340 111.619735718
0.554948092 0.021047406 0.831618667 0.453529358 0.004491482 0.999589503 -0.028295791 -2.570659161 -0.831872761 0.019437902 0.554625750 111.700698853
0.506996453 0.018628892 0.861746788 0.811557770 0.006356328 0.999658406 -0.025349867 -2.580642223 -0.861924767 0.018329838 0.506704748 111.867691040
0.456255138 0.014827538 0.889725447 1.182525635 0.009590724 0.999721110 -0.021578819 -2.590769529 -0.889797330 0.018378559 0.455985606 112.018630981
0.403885514 0.015196308 0.914683402 1.539005280 0.005974235 0.999796808 -0.019248333 -2.613147259 -0.914790094 0.013238655 0.403712571 112.150581360
0.352490306 0.019858845 0.935604811 1.928020477 0.002631353 0.999749780 -0.022211738 -2.627482414 -0.935811758 0.010291327 0.352349877 112.272155762
0.302439988 0.025559966 0.952825665 2.343856812 0.001650900 0.999624848 -0.027339399 -2.635435581 -0.953166962 0.009841550 0.302284390 112.368331909
0.255872041 0.027644346 0.966315329 2.751537323 0.003557373 0.999557316 -0.029537300 -2.647562504 -0.966704071 0.010995314 0.255660474 112.441085815
0.214994609 0.027394716 0.976230979 3.172323227 0.010510735 0.999483645 -0.030362006 -2.664821625 -0.976558626 0.016788574 0.214595720 112.488952637
0.179741710 0.027351625 0.983333588 3.603708267 0.018729204 0.999336958 -0.031220246 -2.674448252 -0.983535409 0.024028637 0.179110289 112.531021118
0.149245262 0.028585449 0.988386929 4.055576324 0.022971865 0.999211967 -0.032367252 -2.690461159 -0.988533258 0.027535750 0.148471043 112.570861816
0.121060088 0.026833612 0.992282331 4.530540466 0.021240462 0.999335647 -0.029615721 -2.710369825 -0.992417812 0.024661820 0.120409727 112.619338989
0.095696524 0.023480402 0.995133519 5.047229767 0.015327062 0.999568343 -0.025058964 -2.724163055 -0.995292485 0.017650530 0.095295340 112.666152954
0.072101034 0.019273365 0.997211039 5.521457672 0.010086352 0.999748170 -0.020051667 -2.745475769 -0.997346282 0.011503969 0.071888477 112.692878723
0.049444202 0.016704109 0.998637199 6.046326637 0.014274913 0.999746323 -0.017429437 -2.765090942 -0.998674870 0.015117245 0.049193218 112.701332092
0.029482234 0.017478632 0.999412417 6.584295273 0.022013767 0.999593258 -0.018131189 -2.782333851 -0.999322891 0.022535380 0.029085476 112.687370300
0.012036569 0.020062732 0.999726295 7.136736393 0.027123535 0.999424338 -0.020383239 -2.797489643 -0.999559581 0.027361451 0.011485483 112.672889709
-0.003067784 0.025361951 0.999673665 7.744221210 0.026020123 0.999341965 -0.025273688 -2.817289591 -0.999656677 0.025934093 -0.003725670 112.686973572
-0.012961207 0.030141685 0.999461651 8.347250938 0.025297251 0.999235392 -0.029806811 -2.822093487 -0.999595881 0.024897296 -0.013713794 112.664100647
-0.019694608 0.029718287 0.999364316 8.968152046 0.027226659 0.999203384 -0.029176949 -2.841802597 -0.999435246 0.026634723 -0.020488031 112.651695251
-0.022353821 0.027057301 0.999383986 9.619777679 0.033572253 0.999090254 -0.026298426 -2.855177879 -0.999186277 0.032963701 -0.023241848 112.635696411
-0.021682974 0.025013549 0.999452055 10.264488220 0.034456767 0.999111772 -0.024257515 -2.885481834 -0.999170899 0.033911906 -0.022525586 112.609779358
-0.019382976 0.024732916 0.999506116 10.955364227 0.033642855 0.999144077 -0.024071535 -2.907251358 -0.999246120 0.033159662 -0.020198464 112.597747803
-0.017868424 0.025232008 0.999521911 11.638938904 0.030594714 0.999227226 -0.024677631 -2.926421165 -0.999372184 0.030139146 -0.018626574 112.590744019
-0.016805708 0.026449664 0.999508917 12.350069046 0.029453559 0.999229372 -0.025947040 -2.945570707 -0.999424875 0.029003039 -0.017571788 112.588760376
-0.015785700 0.027143855 0.999506891 13.080072403 0.029030606 0.999222457 -0.026677638 -2.975525379 -0.999453902 0.028595168 -0.016561421 112.576530457
-0.015241770 0.026815338 0.999524236 13.829876900 0.028224681 0.999253571 -0.026377676 -2.997474194 -0.999485433 0.027809214 -0.015987234 112.575401306
-0.014706917 0.025394129 0.999569356 14.586418152 0.027462630 0.999310672 -0.024983494 -3.023909807 -0.999514580 0.027083376 -0.015394154 112.570724487
-0.013809368 0.023921805 0.999618351 15.342234612 0.028296079 0.999322712 -0.023523828 -3.057945013 -0.999504149 0.027960436 -0.014476894 112.551750183
-0.014504759 0.021725371 0.999658763 16.131542206 0.028691532 0.999361217 -0.021302603 -3.083166361 -0.999483049 0.028372757 -0.015118812 112.546989441
-0.016048489 0.020061949 0.999669909 16.910814285 0.025350854 0.999485373 -0.019651275 -3.112371445 -0.999549687 0.025027117 -0.016548805 112.544479370
-0.016548332 0.019110942 0.999680400 17.702594757 0.025925042 0.999489427 -0.018678142 -3.132285833 -0.999527037 0.025607668 -0.017035326 112.521202087
-0.017690061 0.016788278 0.999702573 18.502161026 0.028012550 0.999474883 -0.016288769 -3.150406599 -0.999450982 0.027716074 -0.018151052 112.506713867
-0.019313604 0.015062328 0.999700069 19.315668106 0.029437201 0.999461591 -0.014490033 -3.175410509 -0.999380052 0.029148519 -0.019746596 112.497657776
-0.021020658 0.014070026 0.999679983 20.136337280 0.027161572 0.999539971 -0.013496922 -3.205896616 -0.999410033 0.026869170 -0.021393150 112.482666016
-0.021483950 0.018637758 0.999595463 20.950412750 0.023982784 0.999548078 -0.018121418 -3.234115362 -0.999481440 0.023583766 -0.021921217 112.463996887
-0.022557916 0.023347598 0.999472916 21.786247253 0.025210777 0.999422550 -0.022777421 -3.258077145 -0.999427557 0.024683682 -0.023133490 112.452545166
-0.023755753 0.025220262 0.999399602 22.624618530 0.025307406 0.999376476 -0.024618121 -3.281473637 -0.999397278 0.024707394 -0.024379192 112.435203552
-0.025512680 0.022956587 0.999410927 23.470203400 0.021874601 0.999509692 -0.022400450 -3.314028978 -0.999435067 0.021290226 -0.026002325 112.427490234
-0.026118502 0.018472979 0.999488115 24.305593491 0.019252494 0.999653101 -0.017972926 -3.349263191 -0.999473453 0.018773217 -0.026465096 112.406715393
-0.026638020 0.013313849 0.999556422 25.159593582 0.017779592 0.999759495 -0.012842732 -3.375139713 -0.999487042 0.017429605 -0.026868328 112.392120361
-0.026633462 0.007477491 0.999617279 26.008010864 0.014292237 0.999872625 -0.007098607 -3.401004791 -0.999543071 0.014097710 -0.026736943 112.374069214
-0.026566820 0.005805201 0.999630213 26.860683441 0.011453430 0.999919355 -0.005502484 -3.431261301 -0.999581456 0.011303013 -0.026631169 112.364830017
-0.025800727 0.013005404 0.999582469 27.707096100 0.013458117 0.999829292 -0.012661239 -3.456837177 -0.999576509 0.013125836 -0.025971355 112.339179993
-0.023987904 0.024302661 0.999416828 28.509439468 0.016662369 0.999575317 -0.023906587 -3.480713844 -0.999573410 0.016079184 -0.024382651 112.307250977
-0.023543393 0.029707395 0.999281347 29.345832825 0.018590335 0.999398530 -0.029272886 -3.505064011 -0.999549985 0.017887793 -0.024081500 112.291305542
-0.022700062 0.023799017 0.999459088 30.187257767 0.020148678 0.999524474 -0.023342950 -3.542348146 -0.999539256 0.019607894 -0.023168778 112.280990601
-0.021745531 0.016371515 0.999629438 31.011823654 0.023571471 0.999596417 -0.015858205 -3.568843603 -0.999485612 0.023217896 -0.022122644 112.257843018
-0.021397041 0.013290703 0.999682844 31.844697952 0.024906760 0.999608457 -0.012756620 -3.599719524 -0.999460638 0.024625909 -0.021719683 112.245292664
-0.021231137 0.014187406 0.999673903 32.663688660 0.023738604 0.999624491 -0.013682549 -3.621276855 -0.999492705 0.023440368 -0.021559937 112.227355957
-0.022014711 0.015062599 0.999644160 33.481132507 0.020582303 0.999681354 -0.014609889 -3.647738457 -0.999545872 0.020253347 -0.022317702 112.215515137
-0.024226377 0.015425372 0.999587476 34.300029755 0.018821998 0.999710619 -0.014971102 -3.673096418 -0.999529362 0.018451536 -0.024509689 112.207664490
-0.026429521 0.015228202 0.999534667 35.101638794 0.018258840 0.999724388 -0.014748300 -3.702049017 -0.999483943 0.017860550 -0.026700275 112.190177917
-0.028681405 0.015068275 0.999475121 35.914852142 0.016503727 0.999757171 -0.014598934 -3.736906052 -0.999452293 0.016076345 -0.028923120 112.174026489
-0.030648148 0.015401720 0.999411523 36.717445374 0.014722552 0.999779820 -0.014955909 -3.762804985 -0.999421775 0.014255521 -0.030868134 112.152832031
-0.033191901 0.014662520 0.999341428 37.521369934 0.012910383 0.999815345 -0.014240670 -3.786074400 -0.999365568 0.012429207 -0.033375051 112.137138367
-0.035032324 0.013461413 0.999295473 38.315414429 0.012864075 0.999832511 -0.013017672 -3.814079523 -0.999303341 0.012398974 -0.035199616 112.109924316
-0.036885884 0.013378713 0.999229908 39.112373352 0.012058130 0.999843538 -0.012941812 -3.842483997 -0.999246716 0.011571474 -0.037041418 112.084754944
-0.038642790 0.014398744 0.999149442 39.897422791 0.012154244 0.999828994 -0.013938466 -3.865750790 -0.999179244 0.011605283 -0.038811188 112.057998657
-0.039939925 0.014649769 0.999094725 40.691909790 0.012701258 0.999819160 -0.014152648 -3.890981674 -0.999121308 0.012124503 -0.040118769 112.037658691
-0.040750459 0.013926355 0.999072373 41.469936371 0.014665011 0.999803424 -0.013338389 -3.909881353 -0.999061823 0.014107862 -0.040946677 112.004127502
-0.042450011 0.013238041 0.999010921 42.250095367 0.016226368 0.999789417 -0.012558870 -3.932139874 -0.998966813 0.015677195 -0.042655881 111.977622986
-0.043985762 0.012400924 0.998955131 42.981418610 0.013398388 0.999840319 -0.011821962 -3.966848612 -0.998942256 0.012864395 -0.044144884 111.948722839
-0.045443494 0.011580355 0.998899758 43.736351013 0.011700749 0.999870360 -0.011059304 -3.987876415 -0.998898387 0.011185306 -0.045573097 111.924789429
-0.046743892 0.010088346 0.998856008 44.477123260 0.010547145 0.999898195 -0.009605297 -4.013628006 -0.998851120 0.010086093 -0.046845537 111.905044556
-0.047133289 0.009877162 0.998839796 45.186893463 0.010916164 0.999896467 -0.009372505 -4.036348343 -0.998828948 0.010461744 -0.047236219 111.869873047
-0.047280878 0.012401772 0.998804629 45.892513275 0.010891302 0.999869883 -0.011899436 -4.060198784 -0.998822272 0.010315670 -0.047409795 111.842926025
-0.047071446 0.015554981 0.998770475 46.592727661 0.011102877 0.999825060 -0.015048140 -4.077471733 -0.998829842 0.010380886 -0.047235921 111.808456421
-0.047125056 0.017287098 0.998739362 47.290527344 0.009405029 0.999813497 -0.016861923 -4.100021839 -0.998844743 0.008598554 -0.047278851 111.781822205
-0.047426984 0.018122168 0.998710275 47.983879089 0.009352152 0.999799609 -0.017697820 -4.124628067 -0.998830974 0.008500738 -0.047586948 111.751388550
-0.047312126 0.017818360 0.998721182 48.684486389 0.010835407 0.999791205 -0.017324150 -4.150684357 -0.998821378 0.010001912 -0.047495309 111.720184326
-0.047627084 0.017218526 0.998716772 49.372364044 0.010762349 0.999802172 -0.016724002 -4.176585197 -0.998807132 0.009952025 -0.047802974 111.689895630
-0.048272852 0.017752035 0.998676360 50.063846588 0.007388688 0.999821067 -0.017415235 -4.195932388 -0.998806834 0.006538227 -0.048395377 111.670112610
-0.048173752 0.017725948 0.998681664 50.744583130 0.004808532 0.999834955 -0.017514469 -4.224376202 -0.998827338 0.003958458 -0.048251033 111.647415161
-0.048264332 0.016277947 0.998701930 51.428966522 0.007039911 0.999847829 -0.015956407 -4.247966290 -0.998809814 0.006260650 -0.048371587 111.621292114
-0.048875887 0.015905844 0.998678207 52.089859009 0.007390378 0.999851525 -0.015562843 -4.267257214 -0.998777449 0.006619963 -0.048986185 111.582099915
-0.052424677 0.015313850 0.998507440 52.758663177 0.003813338 0.999878109 -0.015134661 -4.291883469 -0.998617589 0.003014217 -0.052476682 111.552543640
-0.057602867 0.014667291 0.998231828 53.432659149 -0.000009980 0.999892116 -0.014692260 -4.317920208 -0.998339534 -0.000856278 -0.057596505 111.523277283
-0.063113436 0.018892996 0.997827470 54.078815460 0.004397329 0.999816298 -0.018652517 -4.335842133 -0.997996628 0.003210553 -0.063184932 111.472122192
-0.069179773 0.021426674 0.997374117 54.758743286 0.007182440 0.999754071 -0.020979617 -4.360395432 -0.997578323 0.005712215 -0.069316663 111.413391113
-0.076752439 0.022537131 0.996795416 55.419384003 0.004743853 0.999741435 -0.022238472 -4.391335487 -0.997038841 0.003021800 -0.076839484 111.365547180
-0.082693033 0.021531621 0.996342480 56.094223022 0.001452296 0.999768078 -0.021485122 -4.417543888 -0.996574044 -0.000329681 -0.082705125 111.312469482
-0.088421300 0.021001114 0.995861709 56.772804260 0.001504940 0.999779344 -0.020950114 -4.433568001 -0.996082008 -0.000353718 -0.088433400 111.259498596
-0.092821345 0.021433193 0.995452046 57.471374512 -0.000842035 0.999766231 -0.021604607 -4.460895538 -0.995682418 -0.002843569 -0.092781603 111.199096680
-0.097115412 0.020778323 0.995056093 58.169166565 -0.003113187 0.999770820 -0.021180617 -4.482219696 -0.995268285 -0.005154755 -0.097028486 111.138977051
-0.100034468 0.017771680 0.994825184 58.871555328 -0.002907944 0.999831021 -0.018153502 -4.504143715 -0.994979739 -0.004708868 -0.099965878 111.072593689
-0.101933770 0.014958624 0.994678676 59.586437225 -0.000651378 0.999885738 -0.015103679 -4.523800373 -0.994790971 -0.002187482 -0.101912357 111.002830505
-0.103318013 0.011760559 0.994578779 60.302818298 -0.001324130 0.999927521 -0.011961352 -4.550763607 -0.994647563 -0.002552770 -0.103294946 110.932212830
-0.104734160 0.011309083 0.994436026 61.030151367 -0.002649117 0.999928713 -0.011650548 -4.574089050 -0.994496763 -0.003854583 -0.104696713 110.863632202
-0.105297394 0.014828750 0.994330108 61.749214172 -0.001043878 0.999886692 -0.015022153 -4.596146584 -0.994440317 -0.002619749 -0.105269931 110.789283752
-0.105007313 0.018915853 0.994291544 62.494686127 0.005391102 0.999815166 -0.018451581 -4.616744518 -0.994456887 0.003422775 -0.105089895 110.699394226
-0.105709381 0.024396975 0.994097710 63.237232208 0.013203277 0.999645293 -0.023129124 -4.637505531 -0.994309425 0.010680381 -0.105994001 110.614784241
-0.106203243 0.025031216 0.994029224 63.978511810 0.013181438 0.999630690 -0.023763945 -4.664522171 -0.994257092 0.010578928 -0.106493972 110.533203125
-0.107215062 0.022381421 0.993983924 64.743179321 0.011024736 0.999711871 -0.021321230 -4.696322918 -0.994174778 0.008672453 -0.107430927 110.466911316
-0.106963366 0.017860847 0.994102478 65.498031616 0.011239652 0.999796391 -0.016753789 -4.717826366 -0.994199514 0.009381325 -0.107142337 110.386138916
-0.106620491 0.016201144 0.994167745 66.231079102 0.014581989 0.999785185 -0.014728827 -4.741354942 -0.994192779 0.012926552 -0.106833823 110.297294617
-0.107433975 0.015743896 0.994087517 66.979064941 0.014548250 0.999792337 -0.014261979 -4.766298771 -0.994105816 0.012930015 -0.107640721 110.219322205
-0.109447099 0.016548192 0.993854821 67.728683472 0.012794928 0.999801993 -0.015238187 -4.791572571 -0.993910313 0.011048528 -0.109637156 110.147605896
-0.111362040 0.017249510 0.993630171 68.469703674 0.012765772 0.999791682 -0.015925746 -4.818817139 -0.993697882 0.010910934 -0.111559033 110.062263489
-0.113604777 0.017423708 0.993373215 69.211669922 0.013788702 0.999777555 -0.015959132 -4.844566345 -0.993430316 0.011884295 -0.113819763 109.980247498
-0.115495585 0.017576940 0.993152440 69.956184387 0.013792243 0.999775469 -0.016090227 -4.866672993 -0.993212223 0.011839454 -0.115712084 109.894195557
-0.117620520 0.017376091 0.992906511 70.706451416 0.013489295 0.999782622 -0.015898472 -4.889800072 -0.992967010 0.011523625 -0.117829338 109.809944153
-0.119155340 0.017546726 0.992720544 71.454246521 0.011266786 0.999803305 -0.016319579 -4.913473129 -0.992811739 0.009240206 -0.119329594 109.724250793
-0.120309323 0.019074362 0.992553115 72.207359314 0.011137130 0.999778390 -0.017863262 -4.938309193 -0.992673874 0.008905077 -0.120495118 109.638244629
-0.121064581 0.019136027 0.992460132 72.967971802 0.009791988 0.999788523 -0.018082859 -4.963933468 -0.992596269 0.007528964 -0.121226378 109.549522400
-0.122661307 0.019735655 0.992252350 73.733383179 0.009553023 0.999779403 -0.018704433 -4.986666679 -0.992402613 0.007184701 -0.122822784 109.461334229
-0.123849072 0.018239159 0.992133379 74.516723633 0.010264847 0.999801040 -0.017098751 -5.007746696 -0.992247999 0.008066434 -0.124011658 109.371414185
-0.124954164 0.015672442 0.992038786 75.295417786 0.007222503 0.999863029 -0.014886334 -5.035942554 -0.992136240 0.005304895 -0.125050277 109.279876709
-0.126553237 0.013333761 0.991870165 76.073745728 0.004131489 0.999908030 -0.012914681 -5.060298443 -0.991951227 0.002463505 -0.126596645 109.183372498
-0.128588364 0.012573374 0.991618276 76.859458923 0.005297793 0.999914050 -0.011991572 -5.083469391 -0.991683960 0.003711410 -0.128643915 109.081619263
-0.130359873 0.013101188 0.991380155 77.663208008 0.006606758 0.999901950 -0.012345064 -5.108264446 -0.991444767 0.004940507 -0.130433619 108.980621338
-0.132891074 0.014582080 0.991023302 78.459938049 0.006440055 0.999883354 -0.013848873 -5.125991821 -0.991109729 0.004541853 -0.132969484 108.884780884
-0.134161547 0.017901018 0.990797758 79.272720337 0.007565811 0.999826193 -0.017039675 -5.160814762 -0.990930557 0.005210124 -0.134273648 108.771331787
-0.134566307 0.022124600 0.990657508 80.080482483 0.009649732 0.999732673 -0.021016501 -5.181386948 -0.990857422 0.006731473 -0.134743795 108.659622192
-0.135869503 0.026133753 0.990382016 80.896842957 0.010652769 0.999632835 -0.024916422 -5.208269596 -0.990669489 0.007164935 -0.136097983 108.555458069
-0.135476485 0.027255107 0.990405560 81.731834412 0.013406592 0.999580443 -0.025673721 -5.239446640 -0.990689874 0.009799782 -0.135785028 108.447616577
-0.134883434 0.026095932 0.990517735 82.554458618 0.016086921 0.999579012 -0.024144029 -5.276757240 -0.990730882 0.012677757 -0.135246441 108.322380066
-0.134921730 0.024259079 0.990559161 83.394248962 0.016549602 0.999615967 -0.022226702 -5.306837559 -0.990718126 0.013394503 -0.135271356 108.212738037
-0.133944556 0.022467095 0.990734041 84.223068237 0.015723733 0.999665260 -0.020543827 -5.338817120 -0.990864038 0.012826311 -0.134252965 108.099998474
-0.132513911 0.019817116 0.990982950 85.076400757 0.014655830 0.999729991 -0.018032260 -5.371834278 -0.991072774 0.012134160 -0.132768556 107.998580933
-0.130830050 0.016798627 0.991262436 85.924728394 0.015543580 0.999768317 -0.014891282 -5.395705223 -0.991282880 0.013459545 -0.131060839 107.892906189
-0.128787920 0.013224773 0.991583884 86.779312134 0.015926182 0.999809682 -0.011265969 -5.422692776 -0.991544127 0.014341231 -0.128974006 107.779983521
-0.127388641 0.013241474 0.991764486 87.635299683 0.014648251 0.999826908 -0.011467602 -5.447655201 -0.991744578 0.013066777 -0.127560556 107.680557251
-0.126060873 0.017342096 0.991870880 88.492843628 0.015253909 0.999762833 -0.015541407 -5.478708267 -0.991905212 0.013170748 -0.126295507 107.574188232
-0.124229677 0.023773974 0.991968572 89.342262268 0.016531084 0.999623835 -0.021887166 -5.503385067 -0.992115676 0.013679286 -0.124575943 107.471626282
-0.122741684 0.027161837 0.992066920 90.195098877 0.013958497 0.999573767 -0.025640370 -5.530927658 -0.992340446 0.010700624 -0.123068497 107.371414185
-0.121248357 0.024873568 0.992310464 91.054809570 0.013031707 0.999639750 -0.023464959 -5.558983326 -0.992536604 0.010086416 -0.121528819 107.272239685
