0.140796453 0.053466816 -0.988593817 145.412185669 -0.043040324 0.997927248 0.047841758 -8.617383957 0.989102483 0.035813455 0.142805830 161.927749634
0.139528543 0.048969898 -0.989006460 144.461868286 -0.042218674 0.998162448 0.043467056 -8.580060005 0.989317536 0.035689656 0.141339585 162.058670044
0.138822421 0.047741532 -0.989165843 143.510467529 -0.042769510 0.998194337 0.042174894 -8.553347588 0.989393294 0.036451321 0.140613645 162.186279297
0.136367813 0.048093326 -0.989490211 142.545166016 -0.044603720 0.998106122 0.042364981 -8.527597427 0.989653647 0.038357724 0.138254672 162.309448242
0.133318529 0.048714805 -0.989875317 141.570693970 -0.044086829 0.998094082 0.043181576 -8.498382568 0.990092218 0.037883554 0.135212108 162.438125610
0.128798157 0.049130522 -0.990453064 140.599502563 -0.042489402 0.998128176 0.043985933 -8.469890594 0.990760148 0.036418453 0.130644575 162.562026978
0.123839363 0.048737757 -0.991104603 139.614837646 -0.040238570 0.998218179 0.044059720 -8.439167023 0.991486013 0.034424312 0.125579819 162.682846069
0.118470743 0.049029846 -0.991746306 138.614364624 -0.040937971 0.998172104 0.044457208 -8.411954880 0.992113292 0.035333209 0.120261349 162.791778564
0.113313630 0.049280465 -0.992336452 137.618545532 -0.041803479 0.998121262 0.044794265 -8.382122040 0.992679417 0.036407314 0.115160845 162.899566650
0.108356535 0.050870627 -0.992809713 136.615692139 -0.043176491 0.997988284 0.046423640 -8.346647263 0.993174016 0.037835732 0.110334970 162.998352051
0.103802100 0.052131612 -0.993230700 135.607452393 -0.044653326 0.997862756 0.047708031 -8.318315506 0.993595064 0.039398868 0.105908088 163.098327637
0.100118749 0.051264171 -0.993654013 134.588653564 -0.045837607 0.997849107 0.046862096 -8.284082413 0.993918955 0.040854953 0.102253236 163.184310913
0.097473659 0.047809131 -0.994089127 133.570571899 -0.045403354 0.998019099 0.043546204 -8.251485825 0.994201899 0.040890377 0.099451251 163.277252197
0.095407106 0.044150975 -0.994458795 132.546936035 -0.046333846 0.998129964 0.039868772 -8.221228600 0.994359434 0.042273331 0.097274363 163.369232178
0.093992464 0.042684264 -0.994657636 131.504058838 -0.044943806 0.998243809 0.038591113 -8.197269440 0.994557917 0.041076414 0.095745802 163.459701538
0.092500165 0.042591214 -0.994801402 130.461807251 -0.042207833 0.998354435 0.038818706 -8.170920372 0.994817615 0.038397674 0.094145633 163.557434082
0.092558019 0.043966696 -0.994736075 129.406982422 -0.040017761 0.998381734 0.040404264 -8.142738342 0.994902790 0.036067378 0.094167687 163.645965576
0.092427738 0.047016922 -0.994608700 128.348358154 -0.039054286 0.998287082 0.043561544 -8.109905243 0.994953215 0.034817439 0.094105646 163.738616943
0.091787770 0.050063174 -0.994519353 127.289718628 -0.038028412 0.998183012 0.046737831 -8.079216003 0.995052278 0.033530030 0.093524806 163.834396362
0.091287926 0.051740322 -0.994479477 126.232925415 -0.038082927 0.998100221 0.048432887 -8.044256210 0.995096028 0.033451363 0.093084916 163.925033569
0.090696916 0.052747376 -0.994480669 125.150131226 -0.040144358 0.997978270 0.049271721 -8.011650085 0.995069027 0.035453990 0.092631064 164.013732910
0.090184741 0.053528320 -0.994485497 124.081901550 -0.040524650 0.997924805 0.050038468 -7.972768784 0.995100200 0.035788473 0.092166796 164.108566284
0.089379378 0.054172948 -0.994523346 123.012001038 -0.042499989 0.997817695 0.050532855 -7.941464901 0.995090425 0.037750628 0.091486663 164.204544067
0.089969248 0.053474601 -0.994507849 121.946876526 -0.042408586 0.997857451 0.049818169 -7.909368992 0.995041132 0.037693571 0.092044264 164.285339355
0.090026021 0.052000355 -0.994580925 120.878250122 -0.044112027 0.997863948 0.048179153 -7.868520260 0.994962096 0.039535597 0.092127569 164.376541138
0.090753444 0.051467724 -0.994542599 119.800628662 -0.045538265 0.997833371 0.047482610 -7.834367752 0.994831681 0.040980529 0.092900567 164.462646484
0.091474593 0.051193681 -0.994490623 118.720771790 -0.045360759 0.997855186 0.047194541 -7.805834293 0.994773746 0.040793750 0.093600586 164.557708740
0.091945156 0.051419403 -0.994435608 117.651824951 -0.045673892 0.997832477 0.047372062 -7.771616936 0.994715989 0.041064117 0.094094403 164.648513794
0.092503548 0.051061921 -0.994402289 116.587234497 -0.044797543 0.997886419 0.047073573 -7.741580963 0.994704187 0.040192310 0.094595492 164.742248535
0.092589952 0.050972730 -0.994398654 115.504241943 -0.044565976 0.997900128 0.047002599 -7.709371090 0.994706452 0.039964385 0.094667159 164.838577271
0.093576394 0.050536420 -0.994328618 114.434005737 -0.044376973 0.997930110 0.046543136 -7.675815582 0.994622648 0.039769962 0.095625333 164.931076050
0.093823373 0.050697170 -0.994297147 113.362197876 -0.045164037 0.997891188 0.046618670 -7.641701221 0.994563878 0.040532555 0.095915206 165.024230957
0.093517490 0.052283034 -0.994243801 112.290145874 -0.045255020 0.997811317 0.048213985 -7.615269661 0.994588614 0.040485680 0.095678858 165.131698608
0.093469538 0.052415039 -0.994241476 111.204856873 -0.045480624 0.997795641 0.048326738 -7.584568977 0.994582832 0.040701639 0.095647343 165.223846436
0.093141504 0.051307637 -0.994330049 110.137985229 -0.045920562 0.997830093 0.047186743 -7.553348541 0.994593501 0.041265137 0.095295437 165.317764282
0.092777319 0.051106069 -0.994374394 109.066589355 -0.046133772 0.997830093 0.046979286 -7.519989014 0.994617522 0.041515630 0.094933689 165.415313721
0.092079252 0.053106874 -0.994334400 107.985191345 -0.046332248 0.997723699 0.048997343 -7.493592739 0.994673193 0.041558117 0.094330207 165.510330200
0.091866702 0.055293366 -0.994234860 106.909988403 -0.046281874 0.997615159 0.051204938 -7.456477165 0.994695127 0.041311029 0.094206691 165.601058960
0.091185816 0.055588175 -0.994281232 105.839385986 -0.047745213 0.997536659 0.051391456 -7.418009758 0.994688690 0.042785998 0.093615264 165.693969727
0.091078065 0.054799233 -0.994334877 104.776458740 -0.047666389 0.997580290 0.050611991 -7.385620117 0.994702339 0.042786717 0.093469754 165.784820557
0.091038033 0.054505583 -0.994354725 103.722122192 -0.048627306 0.997553229 0.050228845 -7.349543095 0.994659483 0.043780059 0.093465738 165.872863770
0.092194401 0.056647513 -0.994128406 102.663795471 -0.052339613 0.997276008 0.051972948 -7.313191891 0.994364560 0.047240686 0.094908163 165.962738037
0.094254605 0.055835433 -0.993981123 101.584945679 -0.056159277 0.997134387 0.050687239 -7.280947208 0.993962824 0.051043753 0.097120181 166.053222656
0.096545100 0.052124344 -0.993962884 100.527877808 -0.058467131 0.997200370 0.046615127 -7.246592999 0.993609846 0.053613693 0.099322386 166.148635864
0.100217797 0.047841217 -0.993814647 99.464935303 -0.062463228 0.997175574 0.041704118 -7.214326859 0.993002713 0.057897374 0.102923058 166.246337891
0.103725992 0.046715640 -0.993508101 98.390487671 -0.064140126 0.997131288 0.040189527 -7.184014320 0.992535651 0.059555039 0.106424771 166.342849731
0.107835837 0.048951443 -0.992962778 97.316673279 -0.063633122 0.997078776 0.042243797 -7.152773857 0.992130280 0.058629919 0.110635750 166.450302124
0.110708274 0.052212093 -0.992480397 96.247398376 -0.062124114 0.997029722 0.045521658 -7.125720978 0.991909385 0.056617338 0.113623068 166.575317383
0.113728032 0.053953364 -0.992045820 95.188026428 -0.060259603 0.997060597 0.047317937 -7.101402283 0.991682708 0.054398917 0.116644941 166.692916870
0.116883419 0.055842314 -0.991574407 94.118392944 -0.058963940 0.997046947 0.049200036 -7.065118790 0.991393685 0.052716464 0.119830936 166.821533203
0.120299473 0.056518700 -0.991127431 93.032135010 -0.057935987 0.997076154 0.049825855 -7.029550552 0.991045535 0.051427927 0.123222187 166.952835083
0.123585641 0.057178836 -0.990685225 91.977859497 -0.058747143 0.997009039 0.050215267 -7.001751900 0.990593433 0.051994037 0.126575097 167.071105957
0.126162797 0.055933662 -0.990431428 90.902481079 -0.057378408 0.997149110 0.049004078 -6.965448380 0.990348816 0.050646890 0.129012495 167.205932617
0.128431961 0.052679989 -0.990318179 89.817977905 -0.057332743 0.997312427 0.045616701 -6.929834366 0.990059733 0.050919015 0.131107062 167.340866089
0.130174637 0.049344711 -0.990262389 88.752929688 -0.056087904 0.997527957 0.042333737 -6.903597832 0.989903271 0.050030965 0.132620484 167.477813721
0.131186783 0.047630657 -0.990212679 87.664627075 -0.054659773 0.997673273 0.040748004 -6.872550011 0.989849567 0.048779204 0.133485019 167.626373291
0.131383970 0.048579406 -0.990140498 86.589958191 -0.052892156 0.997719407 0.041932870 -6.848510742 0.989919543 0.046861365 0.133653790 167.758850098
0.131202295 0.049912345 -0.990098298 85.505142212 -0.048439302 0.997861505 0.043884799 -6.819921494 0.990171552 0.042201884 0.133339450 167.904083252
0.130689159 0.050203864 -0.990151465 84.408721924 -0.045090880 0.997984529 0.044649526 -6.791983604 0.990397453 0.038811587 0.132689491 168.051925659
0.129704714 0.049332056 -0.990324736 83.319000244 -0.042782873 0.998109877 0.044116512 -6.761103630 0.990629315 0.036646813 0.131570116 168.199157715
0.128759444 0.050145783 -0.990407169 82.218177795 -0.040977187 0.998136759 0.045209836 -6.722326279 0.990828872 0.034762904 0.130574375 168.335479736
0.127133444 0.054477438 -0.990388393 81.120666504 -0.039246470 0.997985005 0.049857333 -6.682523727 0.991108835 0.032530710 0.129015312 168.475463867
0.124602318 0.058833584 -0.990460992 80.005325317 -0.038238194 0.997783542 0.054458108 -6.644006729 0.991469741 0.031087829 0.126575828 168.614852905
0.121052206 0.056634434 -0.991029263 78.899826050 -0.035777081 0.997971237 0.052661072 -6.601619244 0.992001235 0.029081389 0.122832842 168.755798340
0.118045382 0.048789885 -0.991808951 77.802330017 -0.034087509 0.998402715 0.045057151 -6.572754860 0.992422998 0.028489508 0.119519942 168.875411987
0.115113951 0.043174412 -0.992413580 76.695640564 -0.033327110 0.998660445 0.039580442 -6.542007446 0.992793024 0.028518019 0.116398625 168.996185303
0.111475118 0.044213545 -0.992783189 75.557159424 -0.033047691 0.998622179 0.040762819 -6.503843307 0.993217528 0.028265152 0.112782672 169.127731323
0.108521514 0.048461989 -0.992912114 74.426765442 -0.032328494 0.998454809 0.045199133 -6.472988129 0.993568242 0.027194282 0.109920532 169.241394043
0.105419420 0.050571289 -0.993141115 73.309249878 -0.033201177 0.998328269 0.047311198 -6.443752289 0.993873417 0.027985942 0.106922209 169.356384277
0.102887727 0.050806843 -0.993394494 72.170486450 -0.034948610 0.998262703 0.047436122 -6.402484417 0.994078755 0.029837171 0.104484595 169.462615967
0.100524396 0.052062299 -0.993571460 71.027236938 -0.036156703 0.998161495 0.048644658 -6.364975929 0.994277418 0.031034298 0.102221973 169.574310303
0.098369963 0.053430930 -0.993714631 69.880722046 -0.035185020 0.998119950 0.050184779 -6.323829651 0.994527757 0.030027192 0.100064993 169.678253174
0.096179821 0.053524446 -0.993923903 68.727111816 -0.033764344 0.998153865 0.050484948 -6.285699844 0.994791090 0.028703557 0.097809471 169.790176392
0.094602987 0.051963490 -0.994157970 67.575897217 -0.031923499 0.998281538 0.049141221 -6.244482040 0.995002985 0.027088104 0.096099280 169.890136719
0.092344113 0.050933402 -0.994423628 66.417938232 -0.030987516 0.998354137 0.048257165 -6.205801487 0.995244801 0.026358459 0.093770429 169.993469238
0.090459399 0.049731698 -0.994657636 65.256179810 -0.030966626 0.998409927 0.047103047 -6.165534019 0.995418549 0.026540289 0.091855586 170.092834473
0.088099129 0.049602076 -0.994875968 64.074760437 -0.031828310 0.998389602 0.046958778 -6.127414703 0.995603085 0.027528197 0.089535996 170.190170288
0.086037979 0.051957577 -0.994936109 62.914070129 -0.032024447 0.998267353 0.049362201 -6.092091560 0.995777011 0.027615255 0.087552816 170.279006958
0.083228499 0.055262923 -0.994997025 61.741813660 -0.031793416 0.998100102 0.052775852 -6.054147720 0.996023118 0.027241897 0.084827363 170.373199463
0.080198787 0.055255342 -0.995246232 60.578506470 -0.032129969 0.998086751 0.052823961 -6.011649132 0.996260881 0.027740816 0.081820697 170.459854126
0.077621199 0.054572552 -0.995488107 59.402278900 -0.033275422 0.998086333 0.052120391 -5.968345165 0.996427476 0.029079650 0.079288557 170.541168213
0.075795569 0.054226175 -0.995647728 58.231552124 -0.033596776 0.998092175 0.051801685 -5.925695419 0.996557236 0.029524220 0.077472776 170.626144409
0.074333094 0.054205801 -0.995759070 57.064125061 -0.033309352 0.998099387 0.051846664 -5.894545555 0.996676981 0.029314170 0.075997353 170.704666138
0.072641261 0.053995218 -0.995895386 55.892604828 -0.033866577 0.998091102 0.051644016 -5.852127075 0.996782899 0.029976079 0.074331224 170.786056519
0.071290836 0.055467099 -0.995912135 54.734977722 -0.034680210 0.997986853 0.053100117 -5.824244499 0.996852517 0.030752895 0.073070914 170.859039307
0.069989853 0.055390559 -0.996008694 53.577201843 -0.033902165 0.998012543 0.053119682 -5.782179832 0.996971488 0.030049015 0.071728595 170.934127808
0.069209769 0.055073157 -0.996080697 52.418411255 -0.033490207 0.998040497 0.052854534 -5.744137287 0.997039795 0.029700907 0.070918560 171.007934570
0.068139337 0.054370616 -0.996193111 51.268306732 -0.034693073 0.998039126 0.052098371 -5.705500603 0.997072458 0.031011058 0.069892004 171.078018188
0.067112833 0.053416576 -0.996314466 50.116107941 -0.033508789 0.998123229 0.051256362 -5.670508862 0.997182488 0.029945334 0.068776779 171.147644043
0.065610334 0.051012903 -0.996540427 48.968948364 -0.034517676 0.998210669 0.048825823 -5.630103588 0.997248173 0.031194778 0.067253754 171.221252441
0.065185562 0.046306543 -0.996798158 47.825202942 -0.032044992 0.998504639 0.044290237 -5.598618031 0.997358501 0.029055307 0.066571936 171.290191650
0.063927285 0.043723047 -0.996996224 46.683593750 -0.031807758 0.998621404 0.041754816 -5.577710629 0.997447491 0.029042946 0.065229900 171.350936890
0.062922582 0.043649353 -0.997063339 45.538024902 -0.029963696 0.998675287 0.041828983 -5.546427250 0.997568488 0.027243715 0.064147130 171.422149658
0.061215624 0.047909837 -0.996974051 44.400470734 -0.027743993 0.998543084 0.046281721 -5.521265507 0.997738957 0.024826877 0.062455643 171.488006592
0.060025092 0.050654948 -0.996910751 43.266181946 -0.026877524 0.998431504 0.049113896 -5.492358208 0.997834921 0.023846431 0.061292421 171.552719116
0.058443792 0.051690929 -0.996951580 42.135894775 -0.027491255 0.998363197 0.050152518 -5.455950737 0.997912109 0.024476353 0.059769195 171.621994019
0.057137087 0.051904194 -0.997016251 41.017311096 -0.027968410 0.998338997 0.050370246 -5.424750328 0.997974455 0.025006955 0.058493856 171.679916382
0.056197885 0.053423200 -0.996989310 39.919876099 -0.029714521 0.998214602 0.051813915 -5.389088631 0.997977376 0.026713230 0.057684973 171.727233887
0.055026852 0.056495551 -0.996885240 38.824081421 -0.032271788 0.997976959 0.054776058 -5.356587410 0.997963250 0.029157113 0.056738742 171.778594971
0.054246910 0.057492923 -0.996870995 37.734840393 -0.034585238 0.997850120 0.055667367 -5.316038132 0.997928441 0.031457238 0.056118671 171.820266724
0.052807607 0.057456531 -0.996950328 36.646194458 -0.035689421 0.997814059 0.055615872 -5.283516884 0.997966647 0.032643642 0.054742783 171.868988037
0.051106106 0.057154946 -0.997056365 35.582233429 -0.036589995 0.997797787 0.055321958 -5.244794846 0.998022616 0.033655006 0.053084869 171.925231934
0.049921632 0.057670947 -0.997086704 34.543724060 -0.038039327 0.997716904 0.055802863 -5.206925869 0.998028398 0.035142750 0.052001420 171.958312988
0.048462372 0.058509357 -0.997109950 33.514301300 -0.038762402 0.997641027 0.056656573 -5.177530766 0.998072565 0.035904668 0.050616015 171.997589111
0.045875885 0.059620734 -0.997166336 32.496398926 -0.039201759 0.997555912 0.057840500 -5.137377739 0.998177588 0.036437202 0.048100986 172.049072266
0.044661149 0.059578288 -0.997223973 31.496603012 -0.040729258 0.997498691 0.057770625 -5.101629257 0.998171508 0.038036101 0.046976004 172.075927734
0.042912990 0.059893612 -0.997281909 30.515157700 -0.040559862 0.997482955 0.058160398 -5.071831226 0.998255134 0.037953783 0.045234233 172.115447998
0.040646799 0.059462551 -0.997402668 29.546897888 -0.041134764 0.997480929 0.057790868 -5.036160469 0.998326480 0.038678914 0.042990368 172.149810791
0.039581042 0.058520745 -0.997501194 28.597873688 -0.041141476 0.997532427 0.056890078 -5.002928734 0.998368919 0.038786907 0.041890979 172.171295166
0.037507467 0.058440004 -0.997586191 27.659805298 -0.041557446 0.997516036 0.056873433 -4.972092152 0.998431802 0.039323948 0.039842922 172.205322266
0.035527367 0.057979681 -0.997685432 26.736499786 -0.041975141 0.997521222 0.056475416 -4.937200546 0.998486698 0.039871562 0.037873019 172.238128662
0.034929235 0.058668215 -0.997666299 25.838172913 -0.043512017 0.997418046 0.057130232 -4.908171654 0.998442054 0.041414961 0.037391827 172.261230469
0.034922227 0.059284687 -0.997630000 24.948131561 -0.044752985 0.997330308 0.057700291 -4.878666878 0.998387516 0.042631902 0.037482150 172.284286499
0.035785176 0.058686282 -0.997634828 24.081542969 -0.046961106 0.997270167 0.056980342 -4.848361969 0.998255551 0.044810981 0.038443439 172.310028076
0.038672861 0.058146924 -0.997558653 23.223464966 -0.048787426 0.997224867 0.056236096 -4.819239140 0.998060167 0.046493519 0.041402370 172.334182739
0.042474914 0.057047527 -0.997467518 22.385631561 -0.050658319 0.997207344 0.054875482 -4.791379929 0.997812331 0.048199203 0.045246217 172.366333008
0.048488732 0.056519099 -0.997223377 21.562852859 -0.051036108 0.997233808 0.054038122 -4.765161514 0.997518957 0.048274171 0.051239114 172.403564453
0.055149645 0.055938002 -0.996910036 20.756412506 -0.053399444 0.997165918 0.052998271 -4.737810612 0.997049153 0.050311610 0.057980403 172.448257446
0.064458743 0.055994265 -0.996348143 19.940441132 -0.054628961 0.997125387 0.052503727 -4.715424061 0.996424019 0.051045138 0.067332350 172.488021851
0.075015433 0.055496532 -0.995636880 19.147901535 -0.054833308 0.997169018 0.051450573 -4.688960075 0.995673656 0.050734475 0.077846125 172.547882080
0.086187162 0.055077858 -0.994755328 18.355720520 -0.053870909 0.997267485 0.050549511 -4.662228107 0.994821429 0.049231652 0.088918746 172.623092651
0.097770736 0.054039754 -0.993740618 17.609901428 -0.052189134 0.997429132 0.049105626 -4.647602081 0.993839622 0.047061376 0.100339659 172.698608398
0.108947776 0.054639500 -0.992544711 16.850151062 -0.050390121 0.997508168 0.049381603 -4.624922276 0.992769539 0.044634439 0.111429565 172.790344238
0.120424241 0.055298850 -0.991181135 16.096370697 -0.048875999 0.997566700 0.049716886 -4.596626282 0.991518617 0.042457853 0.122833997 172.884552002
0.131474614 0.056726351 -0.989695191 15.382579803 -0.045242503 0.997664452 0.051172957 -4.590737343 0.990286648 0.038048342 0.133733988 172.978271484
0.141550839 0.057012215 -0.988287985 14.662590027 -0.043146957 0.997746706 0.051378019 -4.566305637 0.988990366 0.035369013 0.143691778 173.086807251
0.151236236 0.056487676 -0.986882329 13.956426620 -0.039309647 0.997919738 0.051095389 -4.545082569 0.987715781 0.031066522 0.153142139 173.205810547
0.159901246 0.055702001 -0.985560119 13.260929108 -0.036204532 0.998065770 0.050534826 -4.530144215 0.986468792 0.027601166 0.161608636 173.322113037
0.166558892 0.055674177 -0.984458506 12.573442459 -0.033649493 0.998143971 0.050755035 -4.501883984 0.985457122 0.024672830 0.168123186 173.448303223
0.171179324 0.055661466 -0.983666360 11.885583878 -0.029137114 0.998252034 0.051416330 -4.482032776 0.984808922 0.019859783 0.172501951 173.579132080
0.173830479 0.056043930 -0.983179569 11.231863022 -0.023758631 0.998327374 0.052706771 -4.466835022 0.984488964 0.014196962 0.174871251 173.695449829
0.174274728 0.056374252 -0.983082056 10.583587646 -0.020605890 0.998350024 0.053596906 -4.439435959 0.984481335 0.010916693 0.175148830 173.810623169
0.172907189 0.055887274 -0.983351290 9.941518784 -0.015596697 0.998419106 0.054001197 -4.422735214 0.984814703 0.005999835 0.173505500 173.930984497
0.170455426 0.056319065 -0.983754575 9.322151184 -0.013375483 0.998405635 0.054840244 -4.409895897 0.985274553 0.003810385 0.170936942 174.028762817
0.166665599 0.056860451 -0.984372497 8.718467712 -0.010995841 0.998380899 0.055807900 -4.387029648 0.985952139 0.001522748 0.167020977 174.130920410
0.162490875 0.057212591 -0.985049903 8.120153427 -0.008787364 0.998361886 0.056536220 -4.363958359 0.986670911 -0.000530634 0.162727416 174.227539062
0.158137202 0.058275577 -0.985695958 7.556821823 -0.006494001 0.998296738 0.057978697 -4.343230247 0.987395763 -0.002767480 0.158246264 174.310455322
0.154030621 0.059230592 -0.986289144 6.998733521 -0.004458016 0.998233080 0.059251659 -4.326184273 0.988056064 -0.004729674 0.154022485 174.390060425
0.149443939 0.059724133 -0.986964762 6.469509125 -0.002502302 0.998193800 0.060024738 -4.307050705 0.988766968 -0.006500643 0.149323449 174.471389771
0.144759819 0.059562828 -0.987672448 5.963766098 -0.001567397 0.998199105 0.059967928 -4.287809372 0.989465475 -0.007132872 0.144592464 174.538040161
0.140092775 0.059558865 -0.988345444 5.477664948 -0.000738740 0.998195350 0.060047712 -4.272810936 0.990138113 -0.007682117 0.139883935 174.603973389
0.136324123 0.057992797 -0.988965333 5.019073486 -0.000159081 0.998286426 0.058517449 -4.257059097 0.990664124 -0.007820012 0.136099756 174.656753540
0.132185832 0.055433933 -0.989673555 4.579877853 -0.000504201 0.998438597 0.055857539 -4.241999149 0.991224766 -0.006884578 0.132007390 174.712356567
0.128184840 0.053406458 -0.990311205 4.165765762 -0.001324952 0.998557389 0.053679660 -4.224828720 0.991749346 -0.005568800 0.128070667 174.755966187
0.123536818 0.052909676 -0.990928411 3.773683548 -0.001582947 0.998586774 0.053121246 -4.220633507 0.992338657 -0.004993838 0.123445980 174.806015015
0.119929403 0.051699389 -0.991435349 3.417030334 -0.001066085 0.998649240 0.051946614 -4.206520081 0.992781818 -0.005172966 0.119822524 174.845962524
0.117152743 0.050758258 -0.991815925 3.077547073 -0.001747150 0.998701870 0.050904304 -4.193790436 0.993112266 -0.004230722 0.117089376 174.873794556
0.113842793 0.050047576 -0.992237389 2.763429642 -0.002431050 0.998741329 0.050096717 -4.186610222 0.993495643 -0.003290972 0.113821179 174.909683228
0.111043178 0.050192557 -0.992547274 2.476306915 -0.004215623 0.998738468 0.050034024 -4.183125496 0.993806601 -0.001371729 0.111114696 174.935195923
0.108930647 0.050180681 -0.992781997 2.207191467 -0.005484564 0.998740077 0.049880069 -4.175967216 0.994034111 0.000011516 0.109068632 174.954086304
0.106207773 0.049760785 -0.993098021 1.959260941 -0.005822559 0.998760879 0.049421843 -4.167389393 0.994326830 0.000533393 0.106365897 174.977478027
0.104042068 0.049091358 -0.993360579 1.724990845 -0.005776095 0.998794019 0.048754912 -4.163843632 0.994556069 0.000665186 0.104200147 175.000015259
0.102165624 0.047391158 -0.993637860 1.500261307 -0.005594114 0.998876095 0.047065809 -4.158107758 0.994751632 0.000750024 0.102315903 175.020629883
0.100219429 0.044980191 -0.993948162 1.276800156 -0.006049461 0.998986602 0.044598255 -4.150370121 0.994946957 0.001543243 0.100389972 175.039230347
0.098890245 0.043652546 -0.994140387 1.077105522 -0.005671725 0.999045789 0.043303765 -4.149863243 0.995082080 0.001356180 0.099043474 175.046463013
0.096185833 0.043189894 -0.994425893 0.882353783 -0.004837723 0.999066651 0.042923521 -4.143839836 0.995351732 0.000682124 0.096304983 175.079162598
0.094153911 0.041890576 -0.994675875 0.680258751 -0.003962193 0.999122202 0.041702773 -4.136701107 0.995549798 0.000014626 0.094237223 175.098983765
0.092174664 0.040142827 -0.994933307 0.476675987 -0.004748300 0.999193311 0.039874807 -4.133054256 0.995731533 0.001048793 0.092290930 175.108795166
0.089853689 0.038967390 -0.995192349 0.283286095 -0.005567087 0.999238312 0.038623169 -4.126604080 0.995939374 0.002069889 0.090002179 175.125549316
0.087876484 0.039230309 -0.995358586 0.080219269 -0.005151856 0.999228716 0.038928010 -4.121722698 0.996117949 0.001707090 0.088010833 175.139358521
0.085681006 0.039677508 -0.995532274 -0.121746063 -0.003406087 0.999212503 0.039531048 -4.115281105 0.996316791 0.000003810 0.085748672 175.160736084
0.084065147 0.039998595 -0.995657146 -0.326968193 -0.001961036 0.999198675 0.039975300 -4.108785629 0.996458232 -0.001408009 0.084076233 175.173080444
0.082201809 0.040279053 -0.995801389 -0.514545441 -0.001038256 0.999185920 0.040330239 -4.103662014 0.996615171 -0.002281314 0.082176708 175.183731079
0.079851791 0.040966332 -0.995964527 -0.722692490 -0.000670496 0.999157131 0.041043885 -4.099332333 0.996806502 -0.002609636 0.079811938 175.196243286
0.077218190 0.041270863 -0.996159613 -0.914072037 -0.000729695 0.999144912 0.041337982 -4.094188213 0.997013927 -0.002465155 0.077182278 175.206909180
0.075010017 0.042343158 -0.996283352 -1.119029045 -0.002462548 0.999102890 0.042277582 -4.091534615 0.997179747 -0.000717846 0.075047001 175.214797974
0.072115108 0.042443715 -0.996492803 -1.320078850 -0.005913279 0.999094784 0.042126603 -4.087349415 0.997378767 0.002854575 0.072300814 175.220535278
0.068434164 0.038416952 -0.996915638 -1.534709930 -0.010294516 0.999232352 0.037799541 -4.078783035 0.997602463 0.007675984 0.068777107 175.232223511
0.065645069 0.034632832 -0.997241795 -1.763408661 -0.012131831 0.999351323 0.033907495 -4.082326889 0.997769356 0.009872510 0.066022642 175.228027344
0.062415417 0.032139640 -0.997532606 -2.013232231 -0.012782668 0.999425232 0.031400803 -4.075107574 0.997968256 0.010791234 0.062790379 175.236114502
0.058439489 0.032496870 -0.997761846 -2.292933464 -0.013746881 0.999401510 0.031745106 -4.072717667 0.998196363 0.011860947 0.058851238 175.257904053
0.055470832 0.032149807 -0.997942567 -2.574264526 -0.013669392 0.999412239 0.031437337 -4.066863537 0.998366654 0.011897411 0.055877700 175.246780396
0.052379578 0.030552808 -0.998159766 -2.822933197 -0.013295827 0.999464571 0.029895032 -4.061418533 0.998538733 0.011705465 0.052757759 175.263687134
0.048872303 0.028547086 -0.998396993 -3.146437645 -0.013028436 0.999524593 0.027941577 -4.054423809 0.998720050 0.011641976 0.049221005 175.279800415
0.046368390 0.025779082 -0.998591721 -3.492023468 -0.015278421 0.999568284 0.025094859 -4.040481567 0.998807490 0.014093291 0.046742234 175.283828735
0.044573322 0.024248116 -0.998711765 -3.861526966 -0.018429184 0.999555171 0.023446083 -4.033132076 0.998836160 0.017360372 0.045000363 175.293106079
0.044639662 0.022765577 -0.998743713 -4.252709866 -0.022158271 0.999516964 0.021792818 -4.024234772 0.998757422 0.021157602 0.045122549 175.303131104
0.046056051 0.022372413 -0.998688340 -4.672391891 -0.025205920 0.999456882 0.021227222 -4.016955376 0.998620808 0.024195217 0.046594959 175.308578491
0.047254730 0.024891034 -0.998572648 -5.119962692 -0.026592331 0.999366462 0.023652412 -4.010492325 0.998528898 0.025436681 0.047886681 175.325042725
0.047615930 0.028422927 -0.998461187 -5.591514587 -0.025899721 0.999294162 0.027211495 -3.996806383 0.998529911 0.024564166 0.048318446 175.354949951
0.048989434 0.033786673 -0.998227656 -6.079874992 -0.027067183 0.999105513 0.032488029 -3.985441685 0.998432457 0.025427638 0.049860120 175.373077393
0.050569668 0.038400378 -0.997981966 -6.562565804 -0.029471887 0.998882711 0.036941640 -3.967940092 0.998285532 0.027544290 0.051644877 175.391128540
0.051249914 0.044166811 -0.997708678 -7.093076706 -0.028740792 0.998673022 0.042733155 -3.952712297 0.998272121 0.026484873 0.052451294 175.416046143
0.051961999 0.048655041 -0.997462988 -7.639031410 -0.020645510 0.998651266 0.047637485 -3.937970877 0.998435557 0.018117798 0.052896410 175.456069946
0.052975405 0.048309296 -0.997426450 -8.200300217 -0.010783919 0.998798609 0.047802985 -3.919200420 0.998537540 0.008223788 0.053432699 175.503616333
0.053361233 0.047251042 -0.997456729 -8.773914337 -0.004732643 0.998880625 0.047065314 -3.897728443 0.998564005 0.002209148 0.053525116 175.538330078
0.051444236 0.044763729 -0.997672141 -9.363948822 -0.007358214 0.998984814 0.044443205 -3.869700193 0.998648703 0.005054743 0.051721387 175.561569214
0.049960516 0.042960413 -0.997826755 -9.986757278 -0.009592316 0.999049127 0.042532746 -3.842884064 0.998705089 0.007446517 0.050325084 175.586578369
0.048135549 0.043903563 -0.997875512 -10.628667831 -0.004947285 0.999031723 0.043715786 -3.817728043 0.998828530 0.002832494 0.048306141 175.622436523
0.045084354 0.047258694 -0.997864783 -11.289098740 0.005085945 0.998856544 0.047535460 -3.794068813 0.998970151 -0.007218190 0.044792447 175.665573120
0.042549334 0.048457500 -0.997918606 -11.980617523 0.006128769 0.998791635 0.048761219 -3.764511347 0.999075592 -0.008190770 0.042200930 175.696075439
0.040624864 0.045411743 -0.998141885 -12.642488480 0.005329465 0.998942614 0.045665074 -3.745599508 0.999160290 -0.007174696 0.040339887 175.704956055
0.037009936 0.037294831 -0.998618603 -13.345739365 0.001105750 0.999301255 0.037361294 -3.727010250 0.999314368 -0.002486960 0.036942828 175.718505859
0.034837753 0.026053898 -0.999053240 -14.066463470 -0.000342680 0.999660432 0.026057770 -3.702455997 0.999392927 -0.000565433 0.034834832 175.738647461
0.034591995 0.020934319 -0.999182105 -14.804826736 -0.003306885 0.999777436 0.020832302 -3.676770926 0.999396086 0.002583560 0.034653515 175.754135132
0.033461876 0.025606425 -0.999111831 -15.573920250 -0.000870153 0.999671936 0.025591647 -3.663060904 0.999439597 0.000013038 0.033473160 175.777648926
0.032909140 0.032235019 -0.998938262 -16.366785049 0.000689338 0.999478579 0.032275178 -3.647148132 0.999458075 -0.001750756 0.032869752 175.799667358
0.031533789 0.036952570 -0.998819351 -17.167104721 0.002022367 0.999311805 0.037034646 -3.629311085 0.999500692 -0.003187816 0.031437356 175.824172974
0.029650472 0.034684218 -0.998958290 -17.980972290 -0.002144234 0.999397814 0.034635819 -3.611539125 0.999557972 0.001115038 0.029706983 175.841049194
0.028265212 0.030097879 -0.999147236 -18.806312561 -0.004498815 0.999540329 0.029982451 -3.589142799 0.999590337 0.003647527 0.028387630 175.859344482
0.027535314 0.027506959 -0.999242246 -19.665071487 -0.004347099 0.999615133 0.027397433 -3.568845034 0.999611259 0.003589415 0.027644303 175.873168945
0.026972545 0.028738240 -0.999222934 -20.541877747 -0.004924347 0.999578416 0.028615529 -3.546219349 0.999623954 0.004148697 0.027102694 175.892593384
0.026319571 0.032688063 -0.999118984 -21.413427353 -0.006983417 0.999446809 0.032514829 -3.526442051 0.999629140 0.006121491 0.026533276 175.907180786
0.025555924 0.035992909 -0.999025226 -22.310937881 -0.006876022 0.999334216 0.035828155 -3.505883217 0.999649704 0.005953700 0.025786394 175.926040649
0.024783529 0.038002215 -0.998970270 -23.216453552 -0.006385594 0.999262869 0.037854925 -3.480225086 0.999672413 0.005440847 0.025007941 175.945388794
0.024525378 0.039926056 -0.998901606 -24.135663986 -0.007203983 0.999183297 0.039760437 -3.455356598 0.999673128 0.006220936 0.024792979 175.965530396
0.024948329 0.041256987 -0.998837054 -25.065097809 -0.006489514 0.999133766 0.041107148 -3.434298992 0.999667645 0.005456420 0.025194459 175.981811523
0.026042588 0.038629975 -0.998914182 -26.000064850 -0.008704958 0.999224007 0.038415011 -3.404750824 0.999622822 0.007695083 0.026358651 175.998031616
0.027833663 0.036153518 -0.998958707 -26.945182800 -0.009495844 0.999310136 0.035901673 -3.380753279 0.999567449 0.008486678 0.028157804 176.017532349
0.029243872 0.035762887 -0.998932362 -27.904092789 -0.010993522 0.999310791 0.035454605 -3.351952791 0.999511778 0.009944958 0.029616883 176.039840698
0.031014912 0.038169634 -0.998789787 -28.891944885 -0.009931624 0.999233007 0.037878171 -3.329472780 0.999469519 0.008744823 0.031370208 176.065765381
0.032426182 0.039512187 -0.998692751 -29.880599976 -0.010315510 0.999178290 0.039196469 -3.300714016 0.999420881 0.009031040 0.032807138 176.101379395
0.034414820 0.040247213 -0.998596847 -30.873767853 -0.010143735 0.999151409 0.039919980 -3.278436661 0.999356151 0.008755668 0.034793846 176.126892090
0.035804447 0.040410511 -0.998541355 -31.873882294 -0.010056421 0.999146104 0.040074393 -3.248490334 0.999308169 0.008606918 0.036180243 176.162826538
0.036766957 0.039933853 -0.998525620 -32.887767792 -0.008145795 0.999179959 0.039660089 -3.226384401 0.999290586 0.006675608 0.037062109 176.197204590
0.037489638 0.039580092 -0.998512805 -33.896553040 -0.007406984 0.999198794 0.039329186 -3.198865414 0.999269545 0.005921538 0.037752770 176.231430054
0.037272260 0.038359139 -0.998568654 -34.925464630 -0.007146176 0.999247611 0.038118489 -3.171318769 0.999279618 0.005715180 0.037518341 176.271347046
0.036910046 0.039142955 -0.998551667 -35.951553345 -0.006483363 0.999220967 0.038929544 -3.149519444 0.999297619 0.005037085 0.037135042 176.298431396
0.036326937 0.040182605 -0.998531699 -36.982406616 -0.006004476 0.999182105 0.039990332 -3.123107433 0.999321878 0.004542938 0.036538497 176.333892822
0.034972005 0.040748391 -0.998557210 -38.028087616 -0.008937392 0.999141276 0.040459219 -3.093796253 0.999348223 0.007509569 0.035306152 176.364593506
0.033942424 0.038805678 -0.998670101 -39.073158264 -0.010452358 0.999204993 0.038471214 -3.071457863 0.999369085 0.009132660 0.034321040 176.390472412
0.033270530 0.037018046 -0.998760581 -40.123653412 -0.010458793 0.999272048 0.036688607 -3.045911789 0.999391615 0.009225188 0.033633482 176.422683716
0.033119727 0.038416106 -0.998712778 -41.160480499 -0.012123950 0.999202907 0.038032904 -3.017715931 0.999377787 0.010848707 0.033559084 176.438369751
0.032343257 0.040738467 -0.998646140 -42.215877533 -0.014073862 0.999088645 0.040300690 -2.990705967 0.999377668 0.012751364 0.032887120 176.471374512
0.031602506 0.042153955 -0.998611093 -43.274841309 -0.013491888 0.999037325 0.041744959 -2.964295387 0.999409437 0.012153911 0.032140810 176.505950928
0.032408025 0.042652924 -0.998564124 -44.328010559 -0.012175222 0.999031723 0.042277753 -2.937455654 0.999400556 0.010787606 0.032895949 176.533218384
0.032620460 0.043775827 -0.998508632 -45.397991180 -0.011058069 0.998994946 0.043435894 -2.907844067 0.999406636 0.009624678 0.033071727 176.565124512
0.032970618 0.045158796 -0.998435497 -46.459247589 -0.010020714 0.998943388 0.044850860 -2.879342794 0.999406159 0.008526275 0.033388294 176.593795776
0.032961473 0.045567062 -0.998417318 -47.518592834 -0.010820659 0.998917818 0.045232680 -2.848327398 0.999398112 0.009312598 0.033418853 176.621246338
0.032890957 0.044792365 -0.998454630 -48.590679169 -0.011584177 0.998945177 0.044432767 -2.823121548 0.999391735 0.010104840 0.033375140 176.648269653
0.032468427 0.043488443 -0.998526156 -49.653095245 -0.014167926 0.998972595 0.043047197 -2.791124344 0.999372363 0.012749373 0.033051208 176.681396484
0.032967184 0.040498726 -0.998635590 -50.712135315 -0.016207978 0.999068916 0.039981246 -2.766280174 0.999324977 0.014867799 0.033592887 176.703002930
0.032899980 0.039163463 -0.998691142 -51.768833160 -0.019840285 0.999060631 0.038524359 -2.736082792 0.999261737 0.018546870 0.033646088 176.725341797
0.032066941 0.043557461 -0.998536110 -52.842334747 -0.023195181 0.998813331 0.042824663 -2.709352493 0.999216557 0.021787973 0.033039201 176.753570557
0.031797528 0.051192313 -0.998182416 -53.918128967 -0.022929421 0.998462081 0.050476220 -2.677464962 0.999231279 0.021282731 0.032922413 176.782852173
0.031762134 0.058028024 -0.997809529 -54.990474701 -0.023801459 0.998074114 0.057285760 -2.637830257 0.999212027 0.021929808 0.033082101 176.810012817
0.031105228 0.057297505 -0.997872531 -56.054737091 -0.025871653 0.998067319 0.056502230 -2.598743677 0.999181211 0.024059098 0.032527503 176.840332031
0.031213570 0.050998021 -0.998210907 -57.110851288 -0.027730366 0.998357117 0.050138392 -2.559546947 0.999128044 0.026115753 0.032576464 176.863311768
0.031520385 0.043829557 -0.998541713 -58.167926788 -0.027955445 0.998685777 0.042953443 -2.529729366 0.999112010 0.026560767 0.032704227 176.890625000
0.031912219 0.038439009 -0.998751283 -59.231380463 -0.027031748 0.998927832 0.037582088 -2.500562906 0.999125004 0.025798669 0.032917071 176.927352905
0.032962158 0.039348140 -0.998681664 -60.302505493 -0.026931746 0.998896897 0.038467713 -2.472054005 0.999093711 0.025628269 0.033985499 176.952133179
0.032769330 0.040298093 -0.998650134 -61.369316101 -0.025505899 0.998895228 0.039471038 -2.448221922 0.999137461 0.024178039 0.033760957 176.987487793
0.033421237 0.041701674 -0.998570979 -62.450408936 -0.022694860 0.998903215 0.040955972 -2.417810678 0.999183714 0.021293631 0.034330972 177.024780273
0.032818221 0.041693516 -0.998591304 -63.511711121 -0.021172218 0.998934209 0.041012026 -2.394508839 0.999237061 0.019796453 0.033665977 177.058639526
0.032868028 0.040938701 -0.998620927 -64.579833984 -0.019463796 0.998997331 0.040313523 -2.368610144 0.999270201 0.018111927 0.033631891 177.088577271
0.031631406 0.038234070 -0.998768032 -65.640869141 -0.018624019 0.999117136 0.037657604 -2.343356371 0.999325991 0.017409921 0.032315567 177.118972778
0.030527249 0.037916046 -0.998814523 -66.719779968 -0.018074032 0.999137819 0.037375916 -2.321648836 0.999370515 0.016911624 0.031186223 177.151611328
0.029973090 0.039815143 -0.998757422 -67.794181824 -0.016619178 0.999088228 0.039329574 -2.295123577 0.999412477 0.015419707 0.030607447 177.177703857
0.028628036 0.044333667 -0.998606503 -68.865524292 -0.014629164 0.998927534 0.043928538 -2.271863937 0.999482989 0.013351193 0.029245906 177.209350586
0.028603777 0.047582738 -0.998457611 -69.930412292 -0.015492782 0.998767495 0.047153670 -2.240567446 0.999470770 0.014120112 0.029305702 177.224212646
0.027761901 0.044545509 -0.998621523 -70.996002197 -0.015287925 0.998908699 0.044133317 -2.211606741 0.999497652 0.014041629 0.028412595 177.248733521
0.026799545 0.039754905 -0.998850107 -72.063812256 -0.017896960 0.999067843 0.039283399 -2.183660746 0.999480605 0.016823599 0.027486060 177.268798828
0.026450647 0.036818083 -0.998971820 -73.131492615 -0.019253423 0.999154925 0.036315039 -2.158965349 0.999464810 0.018273072 0.027137158 177.289413452
0.025797725 0.038289845 -0.998933554 -74.225936890 -0.020078719 0.999084473 0.037777085 -2.132510900 0.999465466 0.019082749 0.026542924 177.312866211
0.025392333 0.043084782 -0.998748600 -75.317764282 -0.020263553 0.998887718 0.042575594 -2.102110624 0.999472082 0.019157108 0.026237147 177.336730957
0.024796426 0.046238005 -0.998622596 -76.403251648 -0.020104354 0.998750806 0.045744743 -2.071974993 0.999490321 0.018942360 0.025695026 177.356582642
0.023950152 0.045179412 -0.998691738 -77.485435486 -0.020064550 0.998798847 0.044703081 -2.037380934 0.999511719 0.018967655 0.024827875 177.381622314
0.023233457 0.042747695 -0.998815715 -78.564308167 -0.021887274 0.998867691 0.042240798 -2.011163473 0.999490380 0.020879958 0.024142794 177.396591187
0.021235980 0.041647989 -0.998906672 -79.635856628 -0.025394706 0.998832047 0.041105010 -1.978429079 0.999451876 0.024494041 0.022268830 177.412216187
0.019566264 0.041269515 -0.998956501 -80.719223022 -0.029243253 0.998743892 0.040687956 -1.955068111 0.999380827 0.028416624 0.020748541 177.417984009
0.017940708 0.041919671 -0.998959839 -81.815292358 -0.029082749 0.998719752 0.041387293 -1.929880142 0.999415994 0.028309984 0.019136883 177.434463501
0.014402147 0.038359798 -0.999160051 -82.889785767 -0.029014306 0.998859048 0.037930023 -1.901108503 0.999475300 0.028443668 0.015498674 177.446807861
0.010954954 0.038944583 -0.999181211 -83.972915649 -0.027177051 0.998883665 0.038635015 -1.876384497 0.999570549 0.026731560 0.012001123 177.461044312
0.008607525 0.037540730 -0.999257982 -85.056327820 -0.022320202 0.999053359 0.037340771 -1.856172562 0.999713838 0.021982234 0.009437302 177.462570190
0.007046476 0.033770554 -0.999404728 -86.144287109 -0.022281647 0.999186754 0.033606090 -1.826395750 0.999726892 0.022031581 0.007793181 177.467132568
