1.000000000 0.000000000 0.000000000 0.000000000 0.000000000 1.000000000 0.000000000 0.000000000 0.000000000 0.000000000 1.000000000 0.000000000
0.999997318 0.001039006 0.002066517 -0.009280416 -0.001036778 0.999998868 -0.001078757 -0.016977478 -0.002067636 0.001076611 0.999997258 1.205656886
0.999995053 0.001028429 0.002973737 -0.003577901 -0.001026995 0.999999344 -0.000483880 -0.041409146 -0.002974233 0.000480824 0.999995470 2.403033733
0.999991000 0.000411067 0.004229140 -0.005748552 -0.000410502 0.999999821 -0.000134475 -0.060889166 -0.004229195 0.000132737 0.999991000 3.598393679
0.999986649 0.000089792 0.005178978 -0.003784105 -0.000088428 0.999999881 -0.000263562 -0.079893671 -0.005179001 0.000263100 0.999986529 4.794960022
0.999982834 -0.000054981 0.005877018 0.000728376 0.000054695 1.000000000 0.000048876 -0.104799479 -0.005877021 -0.000048554 0.999982715 5.994105339
0.999978125 0.000286010 0.006601985 0.004960589 -0.000280098 0.999999642 -0.000896442 -0.126386166 -0.006602238 0.000894573 0.999977767 7.193378925
0.999971867 -0.000022986 0.007500744 0.007718429 0.000030805 0.999999464 -0.001042222 -0.150416464 -0.007500716 0.001042424 0.999971330 8.379713058
0.999970853 -0.000325275 0.007620435 0.013942245 0.000321799 0.999999762 0.000457407 -0.172783017 -0.007620582 -0.000454941 0.999970853 9.575001717
0.999979615 -0.000901353 0.006318753 0.014866244 0.000891140 0.999998271 0.001619047 -0.196837857 -0.006320202 -0.001613383 0.999978781 10.770616531
0.999989808 -0.002255311 0.003918236 0.014270738 0.002251938 0.999997020 0.000864953 -0.212442592 -0.003920175 -0.000856121 0.999991953 11.968169212
0.999996006 -0.001922222 0.002074320 0.007445358 0.001921605 0.999998093 0.000299463 -0.229822367 -0.002074893 -0.000295476 0.999997735 13.164074898
0.999997854 -0.001968373 0.000565355 0.006339055 0.001968246 0.999998033 0.000224682 -0.251524001 -0.000565796 -0.000223569 0.999999821 14.360351562
0.999999583 -0.000780844 -0.000508049 0.005670453 0.000780886 0.999999702 0.000083595 -0.272038162 0.000507984 -0.000083992 0.999999881 15.554165840
0.999999046 -0.000988179 -0.001009806 -0.001547985 0.000988315 0.999999464 0.000134154 -0.291672558 0.001009673 -0.000135152 0.999999523 16.755695343
0.999996781 -0.001768948 -0.001809653 -0.006672332 0.001769921 0.999998212 0.000536078 -0.309268445 0.001808701 -0.000539279 0.999998212 17.945335388
0.999996126 -0.002008371 -0.001938671 -0.016763091 0.002010297 0.999997497 0.000992262 -0.332900643 0.001936674 -0.000996155 0.999997616 19.138462067
0.999994040 -0.001773614 -0.002950747 -0.023584746 0.001773962 0.999998450 0.000115273 -0.354774684 0.002950537 -0.000120507 0.999995649 20.334676743
0.999992490 -0.002256818 -0.003125080 -0.035523009 0.002254077 0.999997079 -0.000880531 -0.374572933 0.003127058 0.000873480 0.999994755 21.537519455
0.999991357 -0.001329286 -0.003935465 -0.045287192 0.001327875 0.999999046 -0.000361211 -0.393568963 0.003935941 0.000355982 0.999992192 22.733734131
0.999990463 -0.001157604 -0.004213505 -0.066728480 0.001155333 0.999999166 -0.000541460 -0.418232203 0.004214129 0.000536587 0.999990940 23.929098129
0.999986410 -0.001146765 -0.005092092 -0.080381244 0.001140822 0.999998569 -0.001169953 -0.439491779 0.005093427 0.001164129 0.999986351 25.122936249
0.999980330 -0.000990617 -0.006193839 -0.092603624 0.000989134 0.999999464 -0.000242562 -0.468082607 0.006194077 0.000236430 0.999980807 26.313098907
0.999972939 -0.002545882 -0.006898513 -0.105904743 0.002555330 0.999995768 0.001361089 -0.485969871 0.006895019 -0.001378680 0.999975264 27.514940262
0.999964356 -0.002758525 -0.007978376 -0.114921495 0.002769975 0.999995172 0.001424506 -0.508383095 0.007974408 -0.001446555 0.999967158 28.709491730
0.999954581 -0.003448707 -0.008880005 -0.130152658 0.003455158 0.999993742 0.000711252 -0.529372334 0.008877498 -0.000741902 0.999960303 29.909048080
0.999947488 -0.003489970 -0.009631306 -0.144046292 0.003487810 0.999993861 -0.000241104 -0.549015403 0.009632087 0.000207499 0.999953568 31.098011017
0.999941885 -0.002989615 -0.010355323 -0.164000541 0.002987667 0.999995530 -0.000203615 -0.567855060 0.010355884 0.000172665 0.999946296 32.291053772
0.999932885 -0.003462288 -0.011055909 -0.177982926 0.003465975 0.999993920 0.000314349 -0.589640260 0.011054753 -0.000352647 0.999938846 33.487346649
0.999921203 -0.003705380 -0.011988616 -0.190845028 0.003708631 0.999993026 0.000248916 -0.608041227 0.011987609 -0.000293358 0.999928117 34.677597046
0.999917686 -0.004466687 -0.012026844 -0.217252791 0.004472596 0.999989986 0.000464367 -0.632212043 0.012024650 -0.000518120 0.999927521 35.899318695
0.999913812 -0.004280165 -0.012408026 -0.239754274 0.004285463 0.999990702 0.000400462 -0.651254058 0.012406196 -0.000453602 0.999922991 37.105113983
0.999906600 -0.005490061 -0.012517909 -0.259634942 0.005504794 0.999984205 0.001142736 -0.678592622 0.012511437 -0.001211537 0.999921024 38.295200348
0.999908507 -0.005069127 -0.012539283 -0.273589551 0.005098369 0.999984443 0.002301070 -0.692634106 0.012527425 -0.002364789 0.999918759 39.498668671
0.999911606 -0.004475138 -0.012521588 -0.294222981 0.004513865 0.999985099 0.003066397 -0.713126183 0.012507681 -0.003122646 0.999916911 40.708038330
0.999911487 -0.003840036 -0.012738146 -0.313833058 0.003874056 0.999988973 0.002647089 -0.731584489 0.012727843 -0.002696203 0.999915361 41.916904449
0.999922335 -0.002482178 -0.012211713 -0.337577999 0.002513105 0.999993622 0.002517929 -0.747395396 0.012205384 -0.002548422 0.999922276 43.104511261
0.999928534 0.000017496 -0.011953039 -0.353765130 0.000038481 0.999989033 0.004682871 -0.767154574 0.011952990 -0.004682996 0.999917686 44.308753967
0.999949157 0.000359569 -0.010073546 -0.381392419 -0.000280353 0.999969006 0.007863999 -0.782726169 0.010076061 -0.007860776 0.999918342 45.514163971
0.999964476 0.000661902 -0.008392395 -0.390127093 -0.000575479 0.999946833 0.010296003 -0.788480401 0.008398762 -0.010290810 0.999911726 46.723991394
0.999971747 0.001192398 -0.007407417 -0.398027182 -0.001092685 0.999908924 0.013450753 -0.792765319 0.007422777 -0.013442281 0.999882102 47.927505493
0.999984086 0.000108682 -0.005631190 -0.417552710 -0.000025912 0.999891996 0.014696520 -0.800733805 0.005632179 -0.014696139 0.999876201 49.138450623
0.999992251 -0.001289247 -0.003748239 -0.422999710 0.001339563 0.999908626 0.013452507 -0.806984425 0.003730552 -0.013457422 0.999902487 50.360061646
0.999996245 -0.000276321 -0.002706282 -0.431493193 0.000308175 0.999930620 0.011776906 -0.812596679 0.002702839 -0.011777697 0.999927044 51.575866699
0.999997973 -0.000568341 -0.001922208 -0.439652711 0.000590320 0.999934196 0.011452973 -0.821827471 0.001915572 -0.011454081 0.999932587 52.764308929
0.999998212 -0.000838242 -0.001709627 -0.448264778 0.000856779 0.999940515 0.010871155 -0.826503098 0.001700412 -0.010872598 0.999939501 53.973045349
0.999995768 -0.001437555 -0.002522725 -0.456833452 0.001461787 0.999952495 0.009629888 -0.832636535 0.002508761 -0.009633534 0.999950409 55.167999268
0.999989450 -0.001100553 -0.004465730 -0.464337111 0.001145304 0.999948978 0.010030948 -0.836842895 0.004454463 -0.010035955 0.999939740 56.382564545
0.999984443 -0.001103457 -0.005470786 -0.479891181 0.001165974 0.999933839 0.011437303 -0.851931512 0.005457805 -0.011443503 0.999919653 57.573680878
0.999975562 -0.001855690 -0.006738855 -0.488994122 0.001935201 0.999928355 0.011811628 -0.860948563 0.006716454 -0.011824382 0.999907553 58.780826569
0.999969244 -0.000371008 -0.007834460 -0.501591742 0.000464285 0.999928951 0.011907450 -0.871625006 0.007829487 -0.011910724 0.999898434 59.985500336
0.999964237 -0.000272859 -0.008459348 -0.516803861 0.000368277 0.999936283 0.011279983 -0.872677147 0.008455732 -0.011282694 0.999900639 61.187286377
0.999963343 -0.000932722 -0.008513054 -0.531225681 0.001027095 0.999938011 0.011088010 -0.884859025 0.008502184 -0.011096349 0.999902308 62.390457153
0.999960244 -0.001892800 -0.008711152 -0.546135247 0.001981986 0.999945700 0.010240883 -0.893865824 0.008691294 -0.010257741 0.999909639 63.598491669
0.999956667 -0.002456924 -0.008975129 -0.562148452 0.002561512 0.999928713 0.011660280 -0.907687485 0.008945840 -0.011682766 0.999891698 64.791709900
0.999954164 -0.002469504 -0.009253383 -0.577055097 0.002588792 0.999913454 0.012901570 -0.910562217 0.009220721 -0.012924933 0.999873936 65.992454529
0.999949932 -0.002080886 -0.009789023 -0.590477049 0.002193636 0.999931216 0.011521362 -0.923839092 0.009764373 -0.011542259 0.999885678 67.187713623
0.999954998 -0.000249243 -0.009476775 -0.613122642 0.000348056 0.999945641 0.010426719 -0.932262182 0.009473658 -0.010429548 0.999900758 68.384078979
0.999952495 0.001663051 -0.009619087 -0.632411301 -0.001560573 0.999942005 0.010651311 -0.938905895 0.009636244 -0.010635793 0.999897003 69.579483032
0.999946654 0.003904302 -0.009562398 -0.650346816 -0.003801205 0.999934733 0.010775950 -0.944681525 0.009603846 -0.010739026 0.999896228 70.766632080
0.999943316 0.005020541 -0.009386627 -0.671981752 -0.004914245 0.999923944 0.011313135 -0.954564750 0.009442711 -0.011266368 0.999891937 71.962928772
0.999950290 0.005557519 -0.008273465 -0.689517438 -0.005456068 0.999910235 0.012234720 -0.961640716 0.008340717 -0.012188973 0.999890864 73.155700684
0.999950409 0.007405524 -0.006659834 -0.701102078 -0.007318819 0.999889314 0.012950541 -0.966500759 0.006755003 -0.012901156 0.999893904 74.353530884
0.999973059 0.006315863 -0.003725896 -0.712470889 -0.006274760 0.999920428 0.010942210 -0.981696129 0.003794709 -0.010918536 0.999933124 75.525009155
0.999992251 0.003626110 -0.001469651 -0.715611458 -0.003617640 0.999977052 0.005725592 -0.990415215 0.001490379 -0.005720231 0.999982536 76.700904846
0.999985635 0.005196378 0.001291722 -0.720581114 -0.005203192 0.999972284 0.005328918 -1.000592113 -0.001263996 -0.005335564 0.999984980 77.880775452
0.999985516 0.003774820 0.003821987 -0.718264341 -0.003809331 0.999951661 0.009062841 -1.014806747 -0.003787592 -0.009077270 0.999951601 79.063110352
0.999965429 0.004032312 0.007274784 -0.713232160 -0.004107153 0.999938488 0.010302296 -1.028374434 -0.007232794 -0.010331818 0.999920487 80.234817505
0.999924064 0.004107527 0.011622269 -0.709241092 -0.004207294 0.999954402 0.008572671 -1.037959576 -0.011586526 -0.008620918 0.999895692 81.400871277
0.999884486 0.003010249 0.014899337 -0.694151640 -0.003091914 0.999980330 0.005461106 -1.051928043 -0.014882606 -0.005506543 0.999873996 82.566123962
0.999832332 0.002260805 0.018166747 -0.674547076 -0.002297643 0.999995351 0.002007169 -1.067988992 -0.018162126 -0.002048573 0.999832869 83.730422974
0.999759197 0.001979677 0.021853518 -0.656035900 -0.002005772 0.999997258 0.001172230 -1.086391211 -0.021851141 -0.001215781 0.999760449 84.880584717
0.999679983 0.001014619 0.025276605 -0.628667831 -0.001091178 0.999994993 0.003015213 -1.108146667 -0.025273416 -0.003041829 0.999675930 86.057601929
0.999570668 0.002242685 0.029214542 -0.609120846 -0.002350389 0.999990523 0.003652847 -1.130088568 -0.029206077 -0.003719945 0.999566376 87.221893311
0.999458253 0.001711996 0.032867741 -0.570281267 -0.001752382 0.999997735 0.001199959 -1.146422625 -0.032865614 -0.001256906 0.999458909 88.364944458
0.999349833 0.001662719 0.036016837 -0.530816793 -0.001631160 0.999998212 -0.000905612 -1.166764855 -0.036018275 0.000846274 0.999350727 89.512619019
0.999238193 0.001392155 0.039000813 -0.482821703 -0.001342540 0.999998271 -0.001298317 -1.187054992 -0.039002553 0.001244968 0.999238312 90.675872803
0.999123573 0.000102440 0.041858315 -0.436546803 -0.000096683 1.000000000 -0.000139563 -1.208187342 -0.041858323 0.000135394 0.999123573 91.830017090
0.999006152 -0.000364003 0.044571508 -0.390606403 0.000306067 0.999999106 0.001306657 -1.226163983 -0.044571944 -0.001291716 0.999005377 92.987968445
0.998878062 -0.001178930 0.047339991 -0.339039803 0.001027271 0.999994218 0.003227805 -1.246429086 -0.047343530 -0.003175552 0.998873591 94.153160095
0.998760760 -0.002875970 0.049688216 -0.281350613 0.002672414 0.999987781 0.004162638 -1.261783600 -0.049699586 -0.004024691 0.998756051 95.309379578
0.998655379 -0.004039856 0.051683281 -0.221320629 0.003950635 0.999990582 0.001828339 -1.278171897 -0.051690180 -0.001621699 0.998661876 96.464042664
0.998507380 -0.005086012 0.054380007 -0.165815353 0.005181467 0.999985397 -0.001614489 -1.296564579 -0.054370996 0.001893848 0.998518944 97.636543274
0.998416007 -0.004407854 0.056090780 -0.106187820 0.004661362 0.999979556 -0.004389576 -1.315548897 -0.056070272 0.004644082 0.998416007 98.794311523
0.998306930 -0.004408695 0.057998113 -0.038937569 0.004727034 0.999974489 -0.005352731 -1.338567257 -0.057973027 0.005617826 0.998302341 99.973030090
0.998296201 -0.004251943 0.058193911 0.028788090 0.004539503 0.999978185 -0.004810101 -1.359022260 -0.058172181 0.005066078 0.998293698 101.156501770
0.998326421 -0.004068673 0.057686877 0.079609394 0.004231997 0.999987364 -0.002709338 -1.385845184 -0.057675127 0.002948935 0.998331010 102.317420959
0.998413563 -0.004513828 0.056124475 0.143535614 0.004596210 0.999988616 -0.001338853 -1.403723478 -0.056117784 0.001594689 0.998422921 103.519874573
0.998517096 -0.004628546 0.054241631 0.203999043 0.004668701 0.999988854 -0.000613629 -1.421338916 -0.054238178 0.000865957 0.998527586 104.699623108
0.998650968 -0.004385850 0.051739674 0.260240555 0.004405560 0.999990284 -0.000266932 -1.437174439 -0.051737998 0.000494514 0.998660564 105.901733398
0.998810291 -0.003675712 0.048624422 0.319170475 0.003689295 0.999993145 -0.000189601 -1.458992600 -0.048623398 0.000368765 0.998817086 107.113540649
0.998987377 -0.002155510 0.044936910 0.357222557 0.002189094 0.999997318 -0.000698159 -1.474167347 -0.044935282 0.000795824 0.998989582 108.303604126
0.999157608 -0.002015223 0.040988527 0.406391144 0.002032130 0.999997854 -0.000370818 -1.494003892 -0.040987678 0.000453800 0.999159575 109.507507324
0.999326527 -0.001653996 0.036659095 0.457322359 0.001624046 0.999998331 0.000846764 -1.514657855 -0.036660429 -0.000786658 0.999327481 110.741180420
0.999471426 -0.001203095 0.032487895 0.484279871 0.001147160 0.999997854 0.001740293 -1.538051367 -0.032489914 -0.001702105 0.999470532 111.936355591
0.999606133 -0.001138026 0.028040435 0.512282610 0.001076957 0.999997139 0.002192884 -1.554381847 -0.028042845 -0.002161823 0.999604404 113.156753540
0.999736011 -0.000848179 0.022962235 0.540086985 0.000795374 0.999997020 0.002308701 -1.569789886 -0.022964125 -0.002289827 0.999733686 114.373313904
0.999835014 0.000135615 0.018161964 0.549707651 -0.000174953 0.999997616 0.002164398 -1.586855412 -0.018161627 -0.002167218 0.999832690 115.609611511
0.999910951 0.000364059 0.013337749 0.558151484 -0.000389061 0.999998152 0.001871988 -1.600680828 -0.013337044 -0.001877011 0.999909282 116.829811096
0.999963820 0.001515185 0.008367998 0.565617919 -0.001524551 0.999998212 0.001113050 -1.622125983 -0.008366297 -0.001125767 0.999964297 118.055801392
0.999982536 0.003263389 0.004929723 0.564703941 -0.003268195 0.999994159 0.000966978 -1.638209343 -0.004926539 -0.000983072 0.999987304 119.288917542
0.999982536 0.005183030 0.002842681 0.557437003 -0.005186279 0.999985874 0.001136640 -1.657444596 -0.002836750 -0.001151363 0.999995291 120.523323059
0.999976337 0.006578013 0.002030184 0.547048867 -0.006579326 0.999978185 0.000640574 -1.676482916 -0.002025926 -0.000653916 0.999997675 121.757926941
0.999959826 0.008941741 0.000642305 0.545513809 -0.008942494 0.999959409 0.001181415 -1.698654175 -0.000631715 -0.001187111 0.999999106 123.011604309
0.999949872 0.010008375 -0.000213444 0.530870914 -0.010007955 0.999948144 0.001887064 -1.712959051 0.000232319 -0.001884834 0.999998212 124.260620117
0.999948978 0.010074617 -0.000767322 0.519158244 -0.010072870 0.999946773 0.002249611 -1.728145838 0.000789945 -0.002241766 0.999997258 125.508857727
0.999907494 0.013487627 -0.001715512 0.509605825 -0.013479930 0.999899387 0.004421825 -1.747026443 0.001774980 -0.004398291 0.999988735 126.760238647
0.999892712 0.014461187 -0.002302284 0.496759802 -0.014443220 0.999866605 0.007637965 -1.758837700 0.002412431 -0.007603892 0.999968231 128.013473511
0.999908566 0.013172223 -0.003057421 0.494917065 -0.013150305 0.999888480 0.007081757 -1.771251440 0.003150363 -0.007040903 0.999970198 129.269119263
0.999909222 0.013010922 -0.003478230 0.482932627 -0.012991466 0.999900222 0.005558972 -1.779609442 0.003550210 -0.005513281 0.999978483 130.521057129
0.999935508 0.010523910 -0.004260559 0.476914704 -0.010494511 0.999921381 0.006864946 -1.795099497 0.004332469 -0.006819792 0.999967337 131.785385132
0.999951959 0.008258292 -0.005277643 0.473813057 -0.008212703 0.999929249 0.008602220 -1.807333946 0.005348310 -0.008558462 0.999949098 133.036773682
0.999975026 0.004738043 -0.005249093 0.458541095 -0.004683946 0.999936223 0.010270622 -1.815122485 0.005297421 -0.010245780 0.999933541 134.308654785
0.999981463 0.002873745 -0.005374145 0.442780912 -0.002813731 0.999933898 0.011141871 -1.821302176 0.005405809 -0.011126542 0.999923527 135.594238281
0.999984205 -0.001147824 -0.005496856 0.443221807 0.001201228 0.999952018 0.009721901 -1.833400130 0.005485433 -0.009728351 0.999937654 136.844345093
0.999979734 -0.003572585 -0.005254789 0.430611253 0.003618264 0.999955535 0.008709254 -1.840158105 0.005223441 -0.008728092 0.999948323 138.116928101
0.999974668 -0.004875035 -0.005173370 0.427352607 0.004918970 0.999951661 0.008514037 -1.849074841 0.005131614 -0.008539271 0.999950290 139.396850586
0.999976337 -0.004868323 -0.004855973 0.416428924 0.004910286 0.999950349 0.008667656 -1.855592608 0.004813536 -0.008691296 0.999950588 140.675796509
0.999979079 -0.004674939 -0.004461620 0.416334808 0.004722878 0.999930501 0.010795307 -1.868584991 0.004410842 -0.010816155 0.999931753 141.940689087
0.999991059 -0.002158411 -0.003646857 0.399120092 0.002202705 0.999923289 0.012185450 -1.874185205 0.003620276 -0.012193374 0.999919057 143.217758179
0.999992788 -0.002548979 -0.002821726 0.388334572 0.002579067 0.999939322 0.010711397 -1.889471531 0.002794251 -0.010718595 0.999938667 144.498016357
0.999995530 -0.002016185 -0.002201920 0.373326957 0.002035579 0.999958873 0.008841337 -1.896286845 0.002184003 -0.008845779 0.999958456 145.774047852
0.999996603 -0.001899626 -0.001783606 0.367771566 0.001911461 0.999975979 0.006657436 -1.917121291 0.001770917 -0.006660821 0.999976277 147.054946899
0.999992669 -0.003464163 -0.001649691 0.365815043 0.003468169 0.999991000 0.002431654 -1.928522110 0.001641253 -0.002437357 0.999995708 148.332839966
0.999995291 -0.002925880 -0.000942347 0.356112599 0.002924856 0.999995112 -0.001085412 -1.951696157 0.000945518 0.001082651 0.999998927 149.604187012
0.999993682 -0.003407856 -0.001002080 0.351964831 0.003405898 0.999992251 -0.001949091 -1.973171115 0.001008714 0.001945665 0.999997556 150.877578735
0.999993920 -0.003373090 -0.000890177 0.346834958 0.003371473 0.999992609 -0.001811870 -1.997589111 0.000896282 0.001808858 0.999997973 152.144790649
0.999995530 -0.002760620 -0.001188240 0.340820789 0.002759336 0.999995589 -0.001080523 -2.023899555 0.001191217 0.001077239 0.999998748 153.408935547
0.999997556 -0.001873069 -0.001165582 0.330338359 0.001872900 0.999998212 -0.000147012 -2.045664072 0.001165855 0.000144829 0.999999285 154.672149658
0.999997199 -0.001562996 -0.001787045 0.323275059 0.001563918 0.999998689 0.000514623 -2.068223000 0.001786238 -0.000517416 0.999998271 155.945785522
0.999996185 -0.001630249 -0.002193090 0.319277734 0.001630269 0.999998629 0.000007277 -2.093612671 0.002193076 -0.000010852 0.999997616 157.201919556
0.999995172 -0.001337743 -0.002803263 0.304351896 0.001337692 0.999999106 -0.000019925 -2.111123085 0.002803287 0.000016175 0.999996126 158.470413208
0.999992847 -0.001533340 -0.003449672 0.297025502 0.001538382 0.999997675 0.001459469 -2.136708736 0.003447426 -0.001464765 0.999992907 159.737854004
0.999993086 -0.000559656 -0.003678778 0.275461495 0.000566880 0.999997914 0.001962882 -2.157638073 0.003677672 -0.001964954 0.999991238 160.991134644
0.999988735 0.000044638 -0.004747154 0.273471832 -0.000041729 0.999999762 0.000612817 -2.178549528 0.004747180 -0.000612612 0.999988496 162.262969971
0.999985814 0.000234105 -0.005340478 0.259798348 -0.000237130 0.999999821 -0.000565732 -2.200764179 0.005340344 0.000566991 0.999985576 163.528839111
0.999981940 0.000841342 -0.005943337 0.241723657 -0.000842857 0.999999642 -0.000252275 -2.228640079 0.005943122 0.000257279 0.999982238 164.790359497
0.999977469 0.000607353 -0.006688659 0.223978639 -0.000614993 0.999999166 -0.001140264 -2.249870539 0.006687961 0.001144352 0.999976933 166.067031860
0.999972761 0.001232304 -0.007277105 0.205010533 -0.001247337 0.999997020 -0.002061523 -2.274711609 0.007274542 0.002070544 0.999971330 167.327926636
0.999967039 0.001629795 -0.007957350 0.188653111 -0.001644780 0.999996841 -0.001876998 -2.294780731 0.007954267 0.001890025 0.999966502 168.602706909
0.999961376 0.001859104 -0.008588313 0.172019005 -0.001862632 0.999998212 -0.000402778 -2.322054863 0.008587549 0.000418759 0.999962986 169.873977661
0.999953985 0.001138903 -0.009526776 0.157175303 -0.001140166 0.999999404 -0.000127222 -2.343432426 0.009526624 0.000138079 0.999954641 171.141754150
0.999945581 0.002026133 -0.010234941 0.136535764 -0.002024019 0.999997914 0.000216921 -2.368696213 0.010235357 -0.000196194 0.999947608 172.401306152
0.999932826 0.002440133 -0.011332420 0.116673946 -0.002431988 0.999996781 0.000732377 -2.392940760 0.011334172 -0.000704767 0.999935567 173.670074463
0.999927878 0.002472000 -0.011753749 0.094220877 -0.002473665 0.999996901 -0.000127123 -2.418075562 0.011753400 0.000156189 0.999930918 174.933563232
0.999920309 0.003822707 -0.012033601 0.070091009 -0.003834893 0.999992132 -0.000989802 -2.432908297 0.012029722 0.001035871 0.999927044 176.205505371
0.999918878 0.003316435 -0.012297413 0.045668364 -0.003322411 0.999994397 -0.000465552 -2.459353209 0.012295799 0.000506371 0.999924242 177.471084595
0.999918282 0.003493182 -0.012291100 0.019271851 -0.003514465 0.999992311 -0.001710347 -2.481390953 0.012285032 0.001753404 0.999922991 178.728683472
0.999923527 0.002411723 -0.012131797 -0.007836819 -0.002455128 0.999990582 -0.003564122 -2.500750065 0.012123089 0.003593634 0.999920070 179.996795654
0.999918103 -0.000739268 -0.012775512 -0.016242981 0.000697006 0.999994218 -0.003312214 -2.527448893 0.012777887 0.003303038 0.999912858 181.261154175
0.999909163 -0.000591842 -0.013461504 -0.032907009 0.000593372 0.999999762 0.000109677 -2.548252583 0.013461436 -0.000117655 0.999909401 182.527832031
0.999913037 -0.001368595 -0.013115590 -0.057541370 0.001431101 0.999987602 0.004757620 -2.572775841 0.013108918 -0.004775975 0.999902606 183.785064697
0.999910355 -0.000278434 -0.013384528 -0.078295469 0.000334633 0.999991119 0.004196725 -2.589791536 0.013383243 -0.004200828 0.999901652 185.043762207
0.999915779 0.001626692 -0.012869815 -0.104100227 -0.001616724 0.999998331 0.000784874 -2.606950045 0.012871070 -0.000764001 0.999916852 186.273651123
0.999912977 0.001836109 -0.013065342 -0.126437902 -0.001851539 0.999997616 -0.001169022 -2.627796888 0.013063163 0.001193112 0.999913990 187.519607544
0.999904752 0.001789039 -0.013683936 -0.146422148 -0.001797328 0.999998152 -0.000593460 -2.656334877 0.013682852 0.000617998 0.999906182 188.770553589
0.999907255 0.001932931 -0.013479738 -0.170177460 -0.001931758 0.999998152 0.000100018 -2.673883915 0.013479905 -0.000073969 0.999909163 190.014358521
0.999909103 0.001557622 -0.013391822 -0.189778566 -0.001522919 0.999995410 0.002601129 -2.698216438 0.013395812 -0.002580497 0.999906957 191.270629883
0.999916852 0.000774274 -0.012868757 -0.210247040 -0.000726735 0.999992847 0.003698416 -2.723304987 0.012871530 -0.003688757 0.999910355 192.519714355
0.999935329 0.000952716 -0.011328635 -0.227975011 -0.000919862 0.999995351 0.002904945 -2.739329100 0.011331349 -0.002894336 0.999931633 193.754638672
0.999953806 -0.000426511 -0.009603802 -0.247657537 0.000445124 0.999998033 0.001936092 -2.761545658 0.009602958 -0.001940277 0.999952018 194.987472534
0.999961793 -0.000163087 -0.008733893 -0.258443952 0.000163105 1.000000000 0.000001315 -2.782526493 0.008733894 -0.000002740 0.999961853 196.209884644
0.999969304 -0.001236643 -0.007734613 -0.266545415 0.001233804 0.999999166 -0.000371783 -2.805188894 0.007735067 0.000362228 0.999970019 197.425384521
0.999981940 -0.000504927 -0.005989187 -0.285285115 0.000505760 0.999999881 0.000137584 -2.828127384 0.005989117 -0.000140611 0.999982059 198.657806396
0.999987602 -0.000970968 -0.004890407 -0.291728556 0.000980636 0.999997556 0.001974860 -2.852031708 0.004888478 -0.001979631 0.999986053 199.876724243
0.999993384 -0.000102778 -0.003636733 -0.305748373 0.000111126 0.999997377 0.002295260 -2.875872612 0.003636486 -0.002295648 0.999990761 201.087310791
0.999997139 0.000091288 -0.002389009 -0.319341600 -0.000085371 0.999996901 0.002476464 -2.894165039 0.002389227 -0.002476254 0.999994099 202.297317505
0.999998331 -0.000275117 -0.001852311 -0.317507178 0.000279751 0.999996901 0.002502202 -2.916004419 0.001851617 -0.002502716 0.999995172 203.510314941
0.999999881 -0.000000088 -0.000334673 -0.327135891 0.000001079 0.999995768 0.002958843 -2.940551519 0.000334671 -0.002958843 0.999995589 204.695739746
0.999999881 0.000321798 0.000257932 -0.331630617 -0.000322585 0.999995351 0.003056288 -2.961702585 -0.000256948 -0.003056371 0.999995291 205.893753052
0.999999106 -0.000070710 0.001382147 -0.342511117 0.000066606 0.999995589 0.002969318 -2.979941845 -0.001382351 -0.002969223 0.999994695 207.065734863
0.999998510 -0.000776391 0.001512675 -0.333844334 0.000771962 0.999995351 0.002926538 -3.000484467 -0.001514940 -0.002925365 0.999994576 208.232284546
0.999998093 -0.000605263 0.001843439 -0.343066514 0.000598148 0.999992251 0.003857986 -3.023165703 -0.001845760 -0.003856876 0.999990880 209.384078979
0.999997914 -0.001400901 0.001477491 -0.340752393 0.001393822 0.999987602 0.004781415 -3.040242195 -0.001484171 -0.004779348 0.999987423 210.512954712
0.999998689 -0.001301606 0.000963849 -0.347429931 0.001296926 0.999987423 0.004841232 -3.061285973 -0.000970138 -0.004839976 0.999987781 211.626159668
0.999999702 -0.000534488 0.000586469 -0.351502508 0.000532260 0.999992788 0.003791833 -3.081593275 -0.000588492 -0.003791520 0.999992669 212.739273071
0.999999940 -0.000357492 -0.000216510 -0.353557408 0.000358117 0.999995768 0.002894876 -3.097829103 0.000215474 -0.002894953 0.999995828 213.824127197
0.999999762 -0.000477794 -0.000504802 -0.363324910 0.000479149 0.999996245 0.002687570 -3.117238522 0.000503516 -0.002687812 0.999996245 214.905624390
0.999998391 -0.000977015 -0.001522686 -0.373487711 0.000980942 0.999996185 0.002580683 -3.135516644 0.001520159 -0.002582172 0.999995530 215.969711304
0.999992728 -0.001524517 -0.003502128 -0.372310042 0.001536489 0.999992907 0.003418481 -3.154195070 0.003496892 -0.003423837 0.999987960 217.024902344
0.999981582 -0.002358238 -0.005601186 -0.384254515 0.002386322 0.999984562 0.005012668 -3.172895908 0.005589279 -0.005025941 0.999971747 218.063247681
0.999966741 -0.002292840 -0.007840204 -0.392227769 0.002345938 0.999974251 0.006770021 -3.192126751 0.007824481 -0.006788189 0.999946356 219.100387573
0.999939620 -0.002093248 -0.010789052 -0.399121284 0.002167509 0.999973953 0.006875886 -3.205143452 0.010774378 -0.006898857 0.999918222 220.110534668
0.999914110 -0.001733972 -0.012997126 -0.421535015 0.001820743 0.999976099 0.006667292 -3.228615284 0.012985256 -0.006690382 0.999893308 221.110458374
0.999875903 -0.001659957 -0.015664767 -0.442583561 0.001762831 0.999976933 0.006555705 -3.239286900 0.015653526 -0.006582506 0.999855757 222.079788208
0.999825120 -0.001621560 -0.018630125 -0.464937449 0.001753560 0.999973476 0.007071169 -3.255672693 0.018618163 -0.007102601 0.999801397 223.023117065
0.999758899 -0.001031527 -0.021935459 -0.488461971 0.001174543 0.999978065 0.006507972 -3.267195702 0.021928266 -0.006532167 0.999738216 223.955383301
0.999702394 -0.000959557 -0.024376357 -0.519973278 0.001114995 0.999979258 0.006363811 -3.283572674 0.024369746 -0.006389096 0.999682605 224.871856689
0.999618292 -0.001278609 -0.027595853 -0.547598839 0.001433320 0.999983370 0.005587252 -3.296652317 0.027588250 -0.005624674 0.999603570 225.750488281
0.999520779 -0.000063929 -0.030954871 -0.581643581 0.000234434 0.999984801 0.005504599 -3.314070463 0.030954052 -0.005509218 0.999505579 226.608963013
0.999425232 -0.000138972 -0.033899888 -0.616392612 0.000305446 0.999987900 0.004905634 -3.332619190 0.033898804 -0.004913168 0.999413133 227.442474365
0.999337673 0.001869813 -0.036339574 -0.652532578 -0.001707183 0.999988377 0.004505784 -3.343255758 0.036347575 -0.004440763 0.999329329 228.258621216
0.999306142 0.002622291 -0.037152767 -0.686966896 -0.002443323 0.999985218 0.004861667 -3.354811668 0.037164964 -0.004767518 0.999297798 229.056320190
0.999318004 0.002389557 -0.036847640 -0.721180439 -0.002183201 0.999981701 0.005639479 -3.368375540 0.036860440 -0.005555187 0.999304950 229.841400146
0.999349892 0.002672576 -0.035954140 -0.758450031 -0.002423423 0.999972701 0.006971544 -3.389947414 0.035971787 -0.006879880 0.999329150 230.606399536
0.999364376 0.002581151 -0.035555065 -0.789281368 -0.002345835 0.999975026 0.006658459 -3.402315378 0.035571363 -0.006570821 0.999345541 231.355590820
0.999379754 0.002733872 -0.035111699 -0.816412449 -0.002565412 0.999984980 0.004841977 -3.416040897 0.035124417 -0.004748899 0.999371707 232.084304810
0.999404728 0.003228985 -0.034348056 -0.846388817 -0.003145681 0.999991953 0.002479060 -3.426815987 0.034355789 -0.002369536 0.999406815 232.817794800
0.999431372 0.003670792 -0.033520676 -0.870423794 -0.003636379 0.999992788 0.001087501 -3.438057661 0.033524428 -0.000964988 0.999437451 233.545089722
0.999480903 0.003729367 -0.031998768 -0.896422386 -0.003705402 0.999992788 0.000808181 -3.454414606 0.032001551 -0.000689194 0.999487579 234.263000488
0.999534965 0.003131071 -0.030329406 -0.919100285 -0.003110557 0.999994874 0.000723510 -3.468711615 0.030331520 -0.000628832 0.999539673 234.989959717
0.999588013 0.003295692 -0.028509729 -0.939554214 -0.003284232 0.999994457 0.000448771 -3.479156733 0.028511051 -0.000354954 0.999593377 235.703475952
0.999645770 0.003112084 -0.026429651 -0.966836452 -0.003103983 0.999994993 0.000347529 -3.492773056 0.026430599 -0.000265368 0.999650598 236.414535522
0.999697924 0.002421809 -0.024456458 -0.983954906 -0.002414580 0.999997020 0.000325129 -3.512093306 0.024457170 -0.000265979 0.999700844 237.134658813
0.999758363 0.002307785 -0.021856889 -0.999186039 -0.002290853 0.999997020 0.000799686 -3.522783041 0.021858670 -0.000749422 0.999760807 237.837310791
0.999828637 0.001365904 -0.018460903 -1.012943745 -0.001335245 0.999997735 0.001673001 -3.541455746 0.018463146 -0.001648065 0.999828219 238.544525146
0.999879360 0.000739049 -0.015509863 -1.023652077 -0.000715890 0.999998629 0.001498695 -3.548425436 0.015510947 -0.001487411 0.999878645 239.236984253
0.999920189 0.000478587 -0.012626595 -1.034319997 -0.000453483 0.999997914 0.001990991 -3.565625906 0.012627520 -0.001985106 0.999918282 239.941207886
0.999953389 0.000392623 -0.009649718 -1.041556358 -0.000377072 0.999998689 0.001613328 -3.576474667 0.009650337 -0.001609614 0.999952078 240.629135132
0.999979079 0.000033843 -0.006475118 -1.052546740 -0.000023134 0.999998689 0.001653876 -3.592261314 0.006475166 -0.001653692 0.999977589 241.322998047
0.999992430 0.000633440 -0.003832024 -1.054254889 -0.000631706 0.999999642 0.000453599 -3.599312305 0.003832310 -0.000451175 0.999992490 242.016708374
0.999999404 0.000749270 -0.000778570 -1.055887461 -0.000749067 0.999999702 0.000260184 -3.614513397 0.000778764 -0.000259601 0.999999642 242.714279175
0.999997675 0.001233233 0.001757398 -1.055366516 -0.001234464 0.999999046 0.000699286 -3.621188164 -0.001756535 -0.000701454 0.999998212 243.417785645
0.999989927 0.001052004 0.004356753 -1.056259990 -0.001059376 0.999998033 0.001690102 -3.635452986 -0.004354966 -0.001694700 0.999989092 244.119140625
0.999975562 0.000683340 0.006961768 -1.055490851 -0.000694313 0.999998569 0.001573805 -3.647479057 -0.006960682 -0.001578600 0.999974608 244.824447632
0.999955654 0.000764933 0.009386068 -1.053631544 -0.000765260 0.999999702 0.000031176 -3.659059048 -0.009386042 -0.000038357 0.999955952 245.531356812
0.999944627 0.000275302 0.010517031 -1.038723230 -0.000250873 0.999997199 -0.002324078 -3.670798063 -0.010517642 0.002321312 0.999942005 246.249435425
0.999930203 -0.000253731 0.011816000 -1.033309460 0.000303421 0.999991059 -0.004203703 -3.680525780 -0.011814829 0.004206995 0.999921322 246.964874268
0.999932766 -0.000590616 0.011578371 -1.025123596 0.000642953 0.999989510 -0.004516989 -3.694539785 -0.011575583 0.004524129 0.999922693 247.686050415
0.999932051 -0.002176073 0.011446582 -1.015967131 0.002233460 0.999984980 -0.005003073 -3.710081577 -0.011435523 0.005028299 0.999921978 248.414794922
0.999933720 -0.000382994 0.011508802 -1.008854151 0.000444483 0.999985576 -0.005340707 -3.722771645 -0.011506590 0.005345470 0.999919534 249.150146484
0.999926567 0.000222327 0.012116222 -1.008976698 -0.000151606 0.999982953 -0.005837490 -3.737009048 -0.012117311 0.005835224 0.999909520 249.876358032
0.999923170 -0.001030552 0.012350529 -1.001044273 0.001125044 0.999970138 -0.007646308 -3.752362251 -0.012342282 0.007659615 0.999894500 250.629089355
0.999905944 -0.004571759 0.012928469 -0.992262363 0.004699587 0.999940157 -0.009874463 -3.768949032 -0.012882551 0.009934295 0.999867618 251.379714966
0.999879301 -0.007890938 0.013383259 -0.979122877 0.008033877 0.999910891 -0.010660565 -3.783971548 -0.013297944 0.010766797 0.999853611 252.144668579
0.999888539 -0.005647588 0.013814678 -0.970623970 0.005741069 0.999960780 -0.006736622 -3.798006535 -0.013776091 0.006815182 0.999881864 252.921478271
0.999892414 -0.001456719 0.014589865 -0.972684145 0.001469105 0.999998569 -0.000838237 -3.806480169 -0.014588621 0.000859581 0.999893129 253.696731567
0.999880791 -0.002262160 0.015272724 -0.961279631 0.002219001 0.999993503 0.002842219 -3.823920250 -0.015279055 -0.002807990 0.999879301 254.483718872
0.999834359 -0.003442945 0.017870501 -0.948182106 0.003432026 0.999993980 0.000641607 -3.835017681 -0.017872602 -0.000580169 0.999840081 255.284210205
0.999763906 -0.002511693 0.021582423 -0.931636333 0.002636011 0.999980092 -0.005733599 -3.843159437 -0.021567592 0.005789136 0.999750614 256.077453613
0.999669671 -0.000294049 0.025699632 -0.924262524 0.000535182 0.999955893 -0.009376341 -3.855183601 -0.025695745 0.009386998 0.999625742 256.883239746
0.999577940 0.001655378 0.029004326 -0.905456543 -0.001394547 0.999958456 -0.009010743 -3.871112823 -0.029018035 0.008966493 0.999538600 257.696197510
0.999486923 0.000073141 0.032027587 -0.877735138 0.000152310 0.999975204 -0.007036769 -3.882423878 -0.032027312 0.007038037 0.999462187 258.529083252
0.999388814 -0.002983092 0.034828778 -0.842746735 0.003116936 0.999987900 -0.003789258 -3.898990870 -0.034817051 0.003895501 0.999386013 259.366302490
0.999278307 -0.005973327 0.037510961 -0.811470985 0.006076678 0.999978065 -0.002641824 -3.912667036 -0.037494354 0.002867860 0.999292672 260.202758789
0.999159813 -0.005064971 0.040669344 -0.778426170 0.005130684 0.999985635 -0.001511611 -3.930677891 -0.040661104 0.001719002 0.999171495 261.051757812
0.999069631 -0.002878754 0.043030549 -0.745141029 0.003036727 0.999988854 -0.003606263 -3.945429564 -0.043019686 0.003733580 0.999067187 261.893798828
0.998956680 -0.002346257 0.045606434 -0.714606285 0.002612236 0.999979973 -0.005773351 -3.966149330 -0.045591965 0.005886463 0.998942792 262.726074219
0.998828113 -0.002338899 0.048344322 -0.686240196 0.002628760 0.999978960 -0.005933044 -3.984011173 -0.048329432 0.006053177 0.998813033 263.564971924
0.998699844 -0.001402576 0.050957344 -0.646130562 0.001599272 0.999991477 -0.003819456 -4.002189159 -0.050951548 0.003895985 0.998693526 264.407318115
0.998526156 0.000084396 0.054270361 -0.607916832 0.000034741 0.999997616 -0.002194302 -4.020252705 -0.054270405 0.002192954 0.998523772 265.252014160
0.998372614 0.001061407 0.057016045 -0.559083939 -0.000914851 0.999996126 -0.002596470 -4.032110691 -0.057018574 0.002540084 0.998369873 266.111389160
0.998226285 0.001172173 0.059522245 -0.511304855 -0.001004937 0.999995470 -0.002839484 -4.049848557 -0.059525304 0.002774632 0.998223007 266.956848145
0.998071730 -0.000756515 0.062066022 -0.459121704 0.000968468 0.999993742 -0.003384950 -4.063810825 -0.062063076 0.003438531 0.998066247 267.793853760
0.997938037 -0.003932239 0.064063832 -0.405693054 0.004113085 0.999987841 -0.002691240 -4.081002235 -0.064052463 0.002949191 0.997942090 268.661499023
0.997903943 -0.004435733 0.064560987 -0.342517853 0.004620395 0.999985635 -0.002711230 -4.097337723 -0.064548030 0.003003844 0.997910023 269.513122559
0.997872889 -0.005091690 0.064990133 -0.295389175 0.005261551 0.999983191 -0.002442723 -4.117184639 -0.064976573 0.002779476 0.997882903 270.357025146
0.997826517 -0.005680391 0.065650262 -0.241325378 0.005856947 0.999979675 -0.002497177 -4.131703854 -0.065634742 0.002876260 0.997839570 271.225524902
0.997848213 -0.005478377 0.065337613 -0.189138412 0.005614662 0.999982417 -0.001902419 -4.147800922 -0.065326035 0.002265174 0.997861445 272.084411621
0.997896194 -0.004918773 0.064646624 -0.135391235 0.005030729 0.999986053 -0.001569150 -4.161605358 -0.064637996 0.001891068 0.997907043 272.938842773
0.997960031 -0.005010610 0.063645028 -0.087188721 0.005165279 0.999984086 -0.002265867 -4.179546356 -0.063632675 0.002589990 0.997969985 273.794799805
0.998077571 -0.004959160 0.061777811 -0.035060883 0.005167875 0.999981403 -0.003219164 -4.196593285 -0.061760716 0.003532235 0.998084724 274.646667480
0.998179555 -0.004567367 0.060139254 0.016185760 0.004801372 0.999981463 -0.003747125 -4.215816498 -0.060121022 0.004029055 0.998182952 275.516906738
0.998281598 -0.003522643 0.058494266 0.061477661 0.003764254 0.999984860 -0.004020823 -4.233210087 -0.058479216 0.004234101 0.998279572 276.369842529
0.998369634 -0.002103243 0.057041217 0.098473549 0.002346766 0.999988437 -0.004202608 -4.253727913 -0.057031710 0.004329618 0.998362958 277.215850830
0.998497725 -0.001699886 0.054766793 0.141885757 0.001906064 0.999991298 -0.003712645 -4.269380569 -0.054760005 0.003811457 0.998492241 278.061828613
0.998648047 -0.001520448 0.051958237 0.178147316 0.001636857 0.999996185 -0.002197956 -4.286437035 -0.051954698 0.002280033 0.998646855 278.925659180
0.998851776 -0.002993555 0.047812816 0.215378761 0.002985977 0.999995470 0.000229927 -4.303896904 -0.047813293 -0.000086895 0.998856306 279.769744873
0.999081135 -0.004643332 0.042605542 0.251523018 0.004553290 0.999987185 0.002210204 -4.323807240 -0.042615261 -0.002014179 0.999089539 280.610961914
0.999261856 -0.005046607 0.038083177 0.276052475 0.004924155 0.999982417 0.003308528 -4.335758209 -0.038099203 -0.003118558 0.999269009 281.437866211
0.999430597 -0.004921201 0.033382978 0.295649529 0.004802916 0.999981880 0.003622527 -4.344477654 -0.033400200 -0.003460128 0.999436080 282.256683350
0.999568403 -0.006347254 0.028682847 0.321079731 0.006213778 0.999969482 0.004740246 -4.365274429 -0.028712062 -0.004559971 0.999577343 283.077667236
0.999687076 -0.006788126 0.024074830 0.333046913 0.006677487 0.999966800 0.004673004 -4.374556541 -0.024105756 -0.004510783 0.999699175 283.877716064
0.999775410 -0.007096325 0.019966479 0.343274117 0.007008933 0.999965608 0.004443479 -4.388105392 -0.019997327 -0.004302539 0.999790728 284.662445068
0.999851048 -0.006531892 0.015972959 0.352669239 0.006469595 0.999971211 0.003948767 -4.398475647 -0.015998293 -0.003844842 0.999864578 285.433868408
0.999906361 -0.006423916 0.012076031 0.358331203 0.006375193 0.999971390 0.004068884 -4.412924767 -0.012101824 -0.003991516 0.999918759 286.183593750
