-0.998243392 0.058704555 -0.007994520 -13.740187645 0.058411822 0.997749448 0.032925505 1.228456259 0.009909405 0.032400694 -0.999425828 16.729425430
-0.998302579 0.057619747 -0.008482682 -13.741033554 0.057341587 0.997903109 0.030022925 1.250180244 0.010194807 0.029485554 -0.999513209 15.338496208
-0.998428881 0.055291068 -0.009086959 -13.748046875 0.055039272 0.998146951 0.025949864 1.261788845 0.010504914 0.025408955 -0.999621928 13.972590446
-0.998625815 0.051621608 -0.009030171 -13.750298500 0.051389307 0.998382926 0.024301343 1.273111343 0.010270042 0.023803893 -0.999663889 12.595143318
-0.998767436 0.048820991 -0.008943956 -13.749936104 0.048568495 0.998466671 0.026555890 1.283081889 0.010226728 0.026088763 -0.999607325 11.230559349
-0.998821676 0.047782078 -0.008495961 -13.753746986 0.047518309 0.998451412 0.028927634 1.291326880 0.009865027 0.028489834 -0.999545395 9.848017693
-0.998767018 0.048917990 -0.008450888 -13.758232117 0.048638169 0.998346508 0.030636741 1.311380386 0.009935602 0.030187931 -0.999494910 8.480082512
-0.998547554 0.053272601 -0.008043866 -13.770097733 0.052976627 0.998038113 0.033367079 1.322212696 0.009805636 0.032892484 -0.999410748 7.103773594
-0.998264849 0.058366887 -0.007783111 -13.779052734 0.058062404 0.997704387 0.034851033 1.341027617 0.009799391 0.034338653 -0.999362230 5.720774651
-0.998134375 0.060581908 -0.007580736 -13.787257195 0.060293183 0.997608066 0.033807918 1.363513708 0.009610751 0.033287790 -0.999399602 4.353774071
-0.998096585 0.061216261 -0.007467716 -13.798599243 0.060955629 0.997652769 0.031197352 1.389716148 0.009359973 0.030682772 -0.999485314 2.990075111
-0.998168409 0.059991769 -0.007796662 -13.800739288 0.059741765 0.997789800 0.029093245 1.408483744 0.009524785 0.028574172 -0.999546349 1.617457747
-0.998299181 0.057702396 -0.008316911 -13.803043365 0.057448130 0.997952521 0.028115219 1.428161979 0.009922198 0.027589610 -0.999570072 0.243904561
-0.998378456 0.056238018 -0.008814381 -13.802901268 0.055967182 0.998027503 0.028437540 1.451901436 0.010396266 0.027898114 -0.999556661 -1.132357359
-0.998402238 0.055806767 -0.008862573 -13.812971115 0.055538602 0.998061955 0.028067041 1.460918665 0.010411727 0.027529983 -0.999566734 -2.497351170
-0.998386741 0.056043368 -0.009107050 -13.816426277 0.055785965 0.998093307 0.026411589 1.477825880 0.010569879 0.025860937 -0.999609649 -3.884205818
-0.998445749 0.054977518 -0.009142506 -13.825807571 0.054724284 0.998163939 0.025961170 1.491682172 0.010553001 0.025420504 -0.999621093 -5.253397942
-0.998448014 0.054868471 -0.009540001 -13.827322006 0.054597620 0.998152733 0.026648989 1.505949020 0.010984569 0.026086770 -0.999599278 -6.640039444
-0.998532534 0.053298924 -0.009602269 -13.834180832 0.053035703 0.998257935 0.025849914 1.520601273 0.010963316 0.025302716 -0.999619663 -8.023640633
-0.998644412 0.051129498 -0.009747813 -13.841769218 0.050858587 0.998360515 0.026264491 1.539639354 0.011074721 0.025733130 -0.999607503 -9.424825668
-0.998741150 0.049120810 -0.010162922 -13.842063904 0.048807263 0.998384535 0.029089389 1.549051046 0.011575398 0.028556745 -0.999525130 -10.833863258
-0.998834133 0.047168907 -0.010278066 -13.847702980 0.046855137 0.998483956 0.028886214 1.568605900 0.011625016 0.028370956 -0.999529839 -12.231628418
-0.998827875 0.047188822 -0.010787381 -13.857619286 0.046898182 0.998567164 0.025771804 1.583441854 0.011988067 0.025235685 -0.999609649 -13.635093689
-0.998886824 0.045894284 -0.010902752 -13.864100456 0.045605969 0.998637438 0.025364777 1.599571705 0.012051994 0.024839312 -0.999618828 -15.037755013
-0.998897970 0.045732800 -0.010554339 -13.873663902 0.045444146 0.998624921 0.026136199 1.607176661 0.011735108 0.025627762 -0.999602675 -16.435674667
-0.998952091 0.044568576 -0.010410302 -13.880416870 0.044309951 0.998732388 0.023877073 1.620033622 0.011461275 0.023390772 -0.999660671 -17.845552444
-0.999022722 0.043024965 -0.010122937 -13.887309074 0.042813540 0.998877823 0.020249447 1.631467581 0.010982809 0.019796258 -0.999743700 -19.262220383
-0.999031007 0.042853784 -0.010030006 -13.896338463 0.042652506 0.998899877 0.019487835 1.640004158 0.010854101 0.019041149 -0.999759734 -20.672737122
-0.998991311 0.043829236 -0.009757428 -13.903782845 0.043614451 0.998822927 0.021232059 1.646274328 0.010676526 0.020785084 -0.999726892 -22.090633392
-0.998848438 0.047121562 -0.009014191 -13.916045189 0.046917714 0.998664558 0.021626871 1.659010530 0.010021245 0.021179041 -0.999725461 -23.510917664
-0.998804629 0.048124868 -0.008558555 -13.921472549 0.047932975 0.998622000 0.021366837 1.662192106 0.009575036 0.020931059 -0.999735057 -24.945199966
-0.998820186 0.047806807 -0.008532787 -13.925145149 0.047615971 0.998638213 0.021318885 1.670736313 0.009540355 0.020887438 -0.999736249 -26.373571396
-0.998850226 0.047178511 -0.008506485 -13.935679436 0.047006853 0.998706818 0.019361848 1.678303242 0.009408949 0.018939722 -0.999776363 -27.790304184
-0.998909891 0.045964625 -0.008133053 -13.934232712 0.045784894 0.998729348 0.021054370 1.686366796 0.009090476 0.020659048 -0.999745250 -29.217481613
-0.998911619 0.046091329 -0.007155333 -13.944399834 0.045905385 0.998650730 0.024277743 1.697415352 0.008264672 0.023922851 -0.999679625 -30.655004501
-0.998812973 0.048275266 -0.006499487 -13.949975014 0.048099693 0.998532176 0.024896475 1.709457874 0.007691830 0.024554295 -0.999668956 -32.097385406
-0.998712957 0.050401159 -0.005665664 -13.961235046 0.050255448 0.998461127 0.023445455 1.721045852 0.006838624 0.023130547 -0.999709070 -33.516185760
-0.998600602 0.052640978 -0.005060977 -13.968497276 0.052505102 0.998331904 0.024013827 1.730753899 0.006316646 0.023714498 -0.999698818 -34.945106506
-0.998547196 0.053674191 -0.004753271 -13.969221115 0.053539589 0.998253584 0.024962399 1.741330624 0.006084807 0.024671644 -0.999677062 -36.381137848
-0.998446822 0.055524144 -0.004569239 -13.970808983 0.055393167 0.998151064 0.025022645 1.751814127 0.005950152 0.024730679 -0.999676406 -37.802116394
-0.998296678 0.058208138 -0.003968108 -13.980226517 0.058087341 0.997979581 0.025741480 1.761974812 0.005458455 0.025467135 -0.999660730 -39.229591370
-0.998173058 0.060318451 -0.003499830 -13.983951569 0.060201436 0.997815311 0.027209476 1.771752834 0.005133417 0.026949069 -0.999623597 -40.644245148
-0.998061240 0.062160291 -0.003122093 -13.987049103 0.062048737 0.997678936 0.028047556 1.782460928 0.004858291 0.027799461 -0.999601662 -42.072154999
-0.997917712 0.064441428 -0.002748877 -13.992953300 0.064356297 0.997632802 0.024226852 1.792163610 0.004303582 0.023999497 -0.999702692 -43.480861664
-0.997831345 0.065749340 -0.003108900 -13.992171288 0.065675266 0.997644246 0.019818254 1.800913811 0.004404613 0.019571098 -0.999798775 -44.877262115
-0.997779727 0.066550039 -0.002606932 -13.998475075 0.066489913 0.997611463 0.018720275 1.809303880 0.003846541 0.018505376 -0.999821365 -46.279441833
-0.997774899 0.066607811 -0.002935679 -13.990039825 0.066530064 0.997554362 0.021423632 1.802208662 0.004355483 0.021180652 -0.999766111 -47.684268951
-0.997820139 0.065935105 -0.002716868 -13.990375519 0.065857492 0.997574449 0.022538939 1.808675170 0.004196386 0.022310883 -0.999742270 -49.081920624
-0.997861981 0.065276422 -0.003237856 -13.981893539 0.065192364 0.997641802 0.021466631 1.816529989 0.004631485 0.021209652 -0.999764323 -50.487998962
-0.997842789 0.065566503 -0.003307234 -13.981385231 0.065481417 0.997625172 0.021360576 1.827477217 0.004699919 0.021097932 -0.999766350 -51.897621155
-0.997900367 0.064688124 -0.003196535 -13.978586197 0.064602025 0.997665763 0.022127993 1.828703523 0.004620492 0.021875031 -0.999750018 -53.295692444
-0.997874498 0.065052845 -0.003798627 -13.982008934 0.064964682 0.997687876 0.019962503 1.834993362 0.005088462 0.019673299 -0.999793530 -54.696701050
-0.997928977 0.064136155 -0.004935352 -13.977109909 0.064028017 0.997755289 0.019612044 1.839813828 0.006182115 0.019255424 -0.999795496 -56.099731445
-0.997925639 0.064112350 -0.005818173 -13.981534004 0.063982390 0.997744560 0.020295439 1.848984480 0.007106239 0.019881079 -0.999777079 -57.503677368
-0.997869074 0.064890057 -0.006816094 -13.985135078 0.064739563 0.997694314 0.020367276 1.848100662 0.008122011 0.019882606 -0.999769330 -58.908073425
-0.997811258 0.065726027 -0.007262383 -13.997771263 0.065577775 0.997665584 0.019051060 1.854978323 0.008497581 0.018533114 -0.999792099 -60.307510376
-0.997834146 0.065283358 -0.008065154 -14.006673813 0.065119527 0.997693956 0.019135147 1.852887392 0.009295763 0.018568503 -0.999784350 -61.726673126
-0.997864664 0.064670950 -0.009152840 -14.008251190 0.064478070 0.997718751 0.019996863 1.857781649 0.010425176 0.019364007 -0.999758065 -63.128337860
-0.997910678 0.063853048 -0.009853547 -14.016206741 0.063641131 0.997762263 0.020500135 1.861821413 0.011140493 0.019830216 -0.999741197 -64.536613464
-0.997940481 0.063324235 -0.010232068 -14.031143188 0.063098371 0.997784913 0.021066025 1.864991069 0.011543393 0.020377014 -0.999725640 -65.934555054
-0.997972488 0.062655315 -0.011189433 -14.038167953 0.062410705 0.997829258 0.021015016 1.871364236 0.012481846 0.020274069 -0.999716461 -67.335319519
-0.997975886 0.062587820 -0.011266610 -14.057310104 0.062339112 0.997829497 0.021217041 1.871906996 0.012570083 0.020471742 -0.999711394 -68.748031616
-0.997922838 0.063467920 -0.011047249 -14.067419052 0.063243248 0.997805238 0.019620551 1.876758933 0.012268278 0.018881129 -0.999746442 -70.142868042
-0.997886479 0.064063080 -0.010895282 -14.079622269 0.063864283 0.997801423 0.017709194 1.872872353 0.012005836 0.016975943 -0.999783814 -71.524551392
-0.997917473 0.063633114 -0.010561714 -14.089695930 0.063443452 0.997833431 0.017414358 1.870308399 0.011646962 0.016708020 -0.999792576 -72.909286499
-0.997799397 0.065592125 -0.009695131 -14.104006767 0.065405227 0.997687697 0.018478572 1.869136930 0.010884762 0.017803797 -0.999782264 -74.307312012
-0.997717142 0.066991679 -0.008526469 -14.115148544 0.066806398 0.997556984 0.020420752 1.869812250 0.009873659 0.019804513 -0.999755144 -75.698547363
-0.997672737 0.067722045 -0.007928162 -14.121542931 0.067528881 0.997463167 0.022517722 1.873069882 0.009432996 0.021929936 -0.999715030 -77.086708069
-0.997633636 0.068409011 -0.006882940 -14.127388954 0.068243399 0.997427166 0.021951426 1.876101613 0.008366907 0.021429766 -0.999735415 -78.461395264
-0.997648120 0.068262614 -0.006202297 -14.134564400 0.068142138 0.997514784 0.017911939 1.883237958 0.007409600 0.017447172 -0.999820292 -79.808853149
-0.997763515 0.066584170 -0.005878267 -14.140398026 0.066484436 0.997662604 0.015785707 1.873999715 0.006915606 0.015359585 -0.999858141 -81.160499573
-0.997830451 0.065572098 -0.005902200 -14.139705658 0.065460078 0.997701585 0.017507141 1.872589111 0.007036615 0.017082799 -0.999829352 -82.516708374
-0.997809231 0.065886073 -0.005980211 -14.134296417 0.065740496 0.997595608 0.021936677 1.872632265 0.007411154 0.021495478 -0.999741495 -83.871047974
-0.997761488 0.066637643 -0.005608053 -14.134806633 0.066484608 0.997496843 0.024082243 1.883047104 0.007198799 0.023655489 -0.999694228 -85.234413147
-0.997750342 0.066771306 -0.005991255 -14.141734123 0.066606857 0.997481227 0.024387974 1.888793230 0.007604582 0.023934053 -0.999684572 -86.578857422
-0.997758567 0.066622265 -0.006272475 -14.144989967 0.066465616 0.997534215 0.022534937 1.892592192 0.007758338 0.022067526 -0.999726355 -87.915519714
-0.997800052 0.065887302 -0.007343853 -14.149945259 0.065721110 0.997618139 0.020948069 1.900089741 0.008706573 0.020419341 -0.999753535 -89.250114441
-0.997857988 0.064855985 -0.008553619 -14.149269104 0.064677268 0.997711062 0.019734500 1.903726816 0.009813941 0.019139007 -0.999768674 -90.587966919
-0.997926772 0.063728534 -0.008992441 -14.158727646 0.063528232 0.997758329 0.021034723 1.900913715 0.010312795 0.020419840 -0.999738276 -91.923545837
-0.997908354 0.063908666 -0.009727571 -14.169465065 0.063680179 0.997722864 0.022221288 1.909657240 0.011125553 0.021555355 -0.999705732 -93.247848511
-0.997936547 0.063352540 -0.010445124 -14.174731255 0.063118070 0.997775912 0.021428322 1.906308293 0.011779432 0.020724829 -0.999715805 -94.580970764
-0.997919977 0.063535497 -0.010907573 -14.186649323 0.063299857 0.997779012 0.020738114 1.908071995 0.012200953 0.020004530 -0.999725401 -95.920166016
-0.997942030 0.063078858 -0.011517142 -14.199607849 0.062816843 0.997785926 0.021847054 1.912494302 0.012869729 0.021078626 -0.999695003 -97.231323242
-0.997926712 0.063197978 -0.012178084 -14.212175369 0.062907338 0.997755945 0.022929957 1.912651658 0.013599882 0.022116326 -0.999662876 -98.539688110
-0.997952759 0.062593006 -0.013127410 -14.223493576 0.062288295 0.997805476 0.022461781 1.926304102 0.014504551 0.021598114 -0.999661446 -99.857002258
-0.997910261 0.063065089 -0.014064786 -14.239474297 0.062733881 0.997768402 0.022862632 1.922090530 0.015475232 0.021932514 -0.999639690 -101.164314270
-0.997890770 0.063200757 -0.014818820 -14.251797676 0.062857538 0.997766972 0.022583798 1.930334210 0.016213043 0.021604691 -0.999635041 -102.486625671
-0.997893155 0.062952116 -0.015690511 -14.263104439 0.062594414 0.997789145 0.022332434 1.937687874 0.017061697 0.021303244 -0.999627411 -103.780502319
-0.997910857 0.062563516 -0.016116764 -14.286470413 0.062197626 0.997815073 0.022283323 1.944209099 0.017475672 0.021234345 -0.999621809 -105.087432861
-0.997932613 0.061980311 -0.016996091 -14.296917915 0.061601993 0.997859418 0.021946616 1.949718714 0.018319968 0.020854250 -0.999614716 -106.388626099
-0.997898757 0.062347375 -0.017629843 -14.312820435 0.061975628 0.997858822 0.020900227 1.948227406 0.018895166 0.019763691 -0.999626100 -107.686759949
-0.997844636 0.063163012 -0.017790534 -14.335187912 0.062815823 0.997835755 0.019441620 1.950744152 0.018980023 0.018282192 -0.999652624 -108.984527588
-0.997834980 0.063126013 -0.018451946 -14.354692459 0.062743127 0.997816145 0.020641774 1.951991320 0.019714683 0.019439349 -0.999616623 -110.244850159
-0.997819126 0.063360095 -0.018507974 -14.368349075 0.062925585 0.997748792 0.023185208 1.955005407 0.019935325 0.021970017 -0.999559820 -111.534820557
-0.997821569 0.063341096 -0.018438706 -14.392680168 0.062929064 0.997772634 0.022128941 1.959648013 0.019799307 0.020920405 -0.999585092 -112.807548523
-0.997841656 0.063051969 -0.018341374 -14.408225060 0.062659711 0.997809172 0.021227788 1.963918447 0.019639641 0.020032708 -0.999606431 -114.076805115
-0.997805893 0.063645191 -0.018235838 -14.428412437 0.063252889 0.997769415 0.021337710 1.972146988 0.019553203 0.020137427 -0.999605954 -115.344306946
-0.997740388 0.064863801 -0.017513365 -14.453315735 0.064477853 0.997681677 0.021770114 1.976954937 0.018884853 0.020591702 -0.999609530 -116.602027893
-0.997752190 0.064750336 -0.017259512 -14.470376968 0.064347796 0.997663796 0.022938769 1.973815680 0.018704481 0.021776594 -0.999587893 -117.851760864
-0.997758985 0.064706847 -0.017030435 -14.486766815 0.064298764 0.997653782 0.023508582 1.980264425 0.018511644 0.022360863 -0.999578595 -119.107315063
-0.997764766 0.064609148 -0.017061053 -14.503332138 0.064205818 0.997666597 0.023215514 1.985691071 0.018521179 0.022068204 -0.999584854 -120.355712891
-0.997804105 0.063980483 -0.017131194 -14.518423080 0.063575745 0.997707069 0.023211271 1.991520762 0.018576981 0.022071172 -0.999583781 -121.608016968
-0.997766256 0.064584754 -0.017068343 -14.541655540 0.064194448 0.997683644 0.022503970 1.998809934 0.018482219 0.021358009 -0.999601066 -122.838859558
-0.997805476 0.063784368 -0.017772377 -14.558847427 0.063384704 0.997741938 0.022211611 2.003717422 0.019149002 0.021036370 -0.999595344 -124.059082031
-0.997836471 0.062879875 -0.019195819 -14.575004578 0.062438771 0.997788906 0.022773730 2.005093336 0.020585388 0.021525897 -0.999556303 -125.275474548
-0.997877240 0.061925892 -0.020154452 -14.597599030 0.061436165 0.997820675 0.024073103 2.007922173 0.021601280 0.022783792 -0.999507010 -126.475860596
-0.997920275 0.060813654 -0.021373050 -14.621564865 0.060281422 0.997875214 0.024722049 2.002903700 0.022831077 0.023382235 -0.999465883 -127.684150696
-0.997924864 0.060028791 -0.023292102 -14.638183594 0.059476677 0.997947991 0.023714218 2.009204865 0.024667844 0.022279670 -0.999447465 -128.875076294
-0.997871339 0.060729142 -0.023764640 -14.669056892 0.060213298 0.997946322 0.021851795 2.014637470 0.025042875 0.020374330 -0.999478757 -130.060745239
-0.997829258 0.061168253 -0.024397125 -14.693344116 0.060641412 0.997921944 0.021780005 2.018487453 0.025678668 0.020253247 -0.999465108 -131.232238770
-0.997783840 0.061795313 -0.024669055 -14.711466789 0.061208840 0.997839689 0.023860659 2.019399166 0.026090236 0.022297816 -0.999410868 -132.389938354
-0.997772515 0.062247355 -0.023984678 -14.740779877 0.061619446 0.997758746 0.026085701 2.019399881 0.025554689 0.024549671 -0.999371946 -133.530166626
-0.997581363 0.065120243 -0.024305161 -14.761835098 0.064472839 0.997566640 0.026532721 2.025263309 0.025973840 0.024901524 -0.999352336 -134.648590088
-0.997515500 0.066276766 -0.023880057 -14.790502548 0.065645024 0.997495651 0.026333114 2.024171829 0.025565522 0.024700088 -0.999367893 -135.753997803
-0.997576714 0.065330245 -0.023933398 -14.813306808 0.064660847 0.997521400 0.027750168 2.031686068 0.025687004 0.026135366 -0.999328256 -136.836151123
-0.997580886 0.065073438 -0.024450017 -14.836260796 0.064331152 0.997477174 0.030010484 2.036042929 0.026341220 0.028364986 -0.999250531 -137.903198242
-0.997554839 0.064874910 -0.025992488 -14.856013298 0.064092994 0.997496903 0.029864669 2.043161392 0.027864901 0.028125707 -0.999215961 -138.931686401
-0.997628689 0.062837638 -0.028078059 -14.876759529 0.062042423 0.997670829 0.028348573 2.055114269 0.029794015 0.026539320 -0.999203682 -139.945709229
-0.997603178 0.062674366 -0.029323477 -14.903234482 0.061838716 0.997676671 0.028586678 2.057194233 0.031047001 0.026704833 -0.999161124 -140.925918579
-0.997501612 0.063730262 -0.030479321 -14.932977676 0.062839985 0.997592568 0.029326824 2.062090874 0.032274954 0.027338235 -0.999105036 -141.914916992
-0.997392476 0.065060258 -0.031231549 -14.958829880 0.064138591 0.997500122 0.029658306 2.067176819 0.033083055 0.027577827 -0.999072075 -142.851409912
-0.997353733 0.065891795 -0.030722057 -14.985419273 0.064982228 0.997443855 0.029720595 2.067954779 0.032601867 0.027645564 -0.999085963 -143.764480591
-0.997240007 0.068439133 -0.028783709 -15.009649277 0.067607358 0.997292161 0.028941801 2.068957567 0.030686516 0.026915932 -0.999166608 -144.637939453
-0.997178555 0.071624465 -0.022465913 -15.033458710 0.070996523 0.997094512 0.027603766 2.074406147 0.024377745 0.025930885 -0.999366403 -145.482055664
-0.997040570 0.076170869 -0.010397436 -15.046206474 0.075872846 0.996763945 0.026551947 2.075125217 0.012386274 0.025684485 -0.999593377 -146.295822144
-0.996797979 0.079600334 0.007590710 -15.036788940 0.079768367 0.996493399 0.025261076 2.077818155 -0.005553298 0.025785694 -0.999652028 -147.078811646
-0.996347964 0.079886757 0.030144656 -15.003734589 0.080649592 0.996428967 0.024999203 2.077464581 -0.028039897 0.027339058 -0.999233007 -147.830505371
-0.995276451 0.079152495 0.056209348 -14.953552246 0.080762759 0.996368229 0.026974961 2.072338104 -0.053870071 0.031387165 -0.998054564 -148.548080444
-0.993405879 0.077126332 0.084830113 -14.877887726 0.079829611 0.996388197 0.028945524 2.076880217 -0.082291268 0.035526611 -0.995974898 -149.243728638
-0.990310788 0.076286249 0.116038106 -14.785411835 0.080023892 0.996402562 0.027893595 2.069464684 -0.113492765 0.036909148 -0.992853105 -149.897354126
-0.985355377 0.077312879 0.151978225 -14.675399780 0.081836425 0.996363282 0.023728795 2.065021992 -0.149590969 0.035818655 -0.988098919 -150.528030396
-0.978166461 0.078747943 0.192325637 -14.534975052 0.083768539 0.996320784 0.018101348 2.062205076 -0.190192580 0.033816967 -0.981164157 -151.121582031
-0.968467474 0.079172514 0.236225560 -14.373428345 0.084604815 0.996330619 0.012932558 2.058566093 -0.234334826 0.032510571 -0.971612334 -151.682647705
-0.955869555 0.078302398 0.283164561 -14.186626434 0.084360942 0.996392369 0.009245999 2.054679394 -0.281419069 0.032725997 -0.959026754 -152.210800171
-0.939516008 0.078828461 0.333310306 -13.981880188 0.085831739 0.996289670 0.006313379 2.038345098 -0.331575930 0.034540124 -0.942796052 -152.704421997
-0.918863058 0.079474010 0.386490077 -13.750896454 0.087227568 0.996185124 0.002533965 2.020463705 -0.384814382 0.036040954 -0.922290087 -153.182083130
-0.894207180 0.078030899 0.440799892 -13.488731384 0.086130366 0.996282518 -0.001638877 2.005495787 -0.439289123 0.036500767 -0.897603810 -153.622390747
-0.865258992 0.076631680 0.495433599 -13.200805664 0.085319422 0.996340573 -0.005102311 1.986559153 -0.494011641 0.037855290 -0.868630767 -154.042663574
-0.831549287 0.074565530 0.550423265 -12.905265808 0.083861969 0.996442735 -0.008293504 1.969150782 -0.549083710 0.039263111 -0.834844589 -154.430404663
-0.793250263 0.073489092 0.604444563 -12.571876526 0.083361007 0.996450067 -0.011749746 1.948652387 -0.603162289 0.041066624 -0.796560526 -154.806442261
-0.750269651 0.071141370 0.657293200 -12.216171265 0.081494033 0.996563315 -0.014840222 1.925922513 -0.656090021 0.042431302 -0.753488839 -155.152038574
-0.701624453 0.068396166 0.709256649 -11.841400146 0.079884633 0.996657610 -0.017086279 1.907231688 -0.708054781 0.044670556 -0.704743147 -155.465911865
-0.648278475 0.064411268 0.758674085 -11.456108093 0.077056393 0.996849716 -0.018788511 1.885879993 -0.757494092 0.046280492 -0.651199579 -155.748336792
-0.592315376 0.058352288 0.803590417 -11.065139771 0.071079694 0.997269630 -0.020024346 1.865082264 -0.802564740 0.045258231 -0.594845772 -155.992294312
-0.533887029 0.054157071 0.843819737 -10.658191681 0.065977685 0.997572362 -0.022280790 1.844404221 -0.842977762 0.043777850 -0.536163986 -156.206451416
-0.472888798 0.050552826 0.879670739 -10.230003357 0.061206356 0.997825980 -0.024439964 1.806440473 -0.878993750 0.042284049 -0.474954784 -156.396377563
-0.410542041 0.049653366 0.910488784 -9.759761810 0.058836650 0.997877955 -0.027889503 1.792546272 -0.909941435 0.042120297 -0.412592351 -156.535964966
-0.346149594 0.049562179 0.936869264 -9.294326782 0.057388201 0.997852206 -0.031584796 1.766120434 -0.936422408 0.042832181 -0.348250449 -156.653182983
-0.280451655 0.050538689 0.958536744 -8.840465546 0.054604992 0.997835815 -0.036634222 1.742172718 -0.958313704 0.042066764 -0.282604426 -156.726150513
-0.213027865 0.050338984 0.975748479 -8.388727188 0.050288558 0.997913182 -0.040503331 1.714867473 -0.975751042 0.040440649 -0.215114772 -156.785095215
-0.145094037 0.046700247 0.988314986 -7.942607880 0.044107381 0.998197734 -0.040691845 1.690156579 -0.988434196 0.037687849 -0.146892324 -156.787933350
-0.074973002 0.038663022 0.996435761 -7.471335888 0.041431159 0.998506010 -0.035626020 1.665088654 -0.996324480 0.038612500 -0.076462835 -156.779434204
-0.003561050 0.028539933 0.999586344 -6.994976044 0.040716805 0.998767734 -0.028371515 1.649077177 -0.999164343 0.040598929 -0.004718713 -156.748825073
0.067958057 0.015505578 0.997567654 -6.560474396 0.038195681 0.999105752 -0.018131524 1.615121365 -0.996956706 0.039334960 0.067305051 -156.697448730
0.139019817 0.004023381 0.990281403 -6.086862564 0.034806807 0.999353945 -0.008946560 1.591290712 -0.989677668 0.035712283 0.138789967 -156.588592529
0.209634215 -0.004796315 0.977768123 -5.629453659 0.030284422 0.999540091 -0.001589891 1.570893049 -0.977310717 0.029944444 0.209683061 -156.437255859
0.279504746 -0.008872853 0.960103273 -5.163722992 0.029470902 0.999565423 0.000658002 1.563841343 -0.959691942 0.028111201 0.279644698 -156.245330811
0.349865437 -0.011755748 0.936726213 -4.691207886 0.029481690 0.999564171 0.001533006 1.557898760 -0.936335981 0.027079934 0.350059509 -156.039245605
0.417356014 -0.017203493 0.908580244 -4.235736847 0.030902147 0.999511242 0.004730331 1.554495811 -0.908217549 0.026102850 0.417683661 -155.793823242
0.481946290 -0.023418138 0.875887752 -3.785667419 0.032368205 0.999436319 0.008911189 1.556076765 -0.875602722 0.024056204 0.482432604 -155.498245239
0.544680595 -0.028101414 0.838172615 -3.349258423 0.032736707 0.999389172 0.012232793 1.556196094 -0.838004410 0.020776041 0.545267940 -155.186080933
0.603562474 -0.029343588 0.796775579 -2.900856018 0.031594291 0.999417901 0.012873609 1.553243637 -0.796689510 0.017403536 0.604138255 -154.817108154
0.657027245 -0.028673451 0.753321350 -2.514152527 0.030272907 0.999473870 0.011639423 1.541898251 -0.753258765 0.015157806 0.657549560 -154.424072266
0.706594348 -0.027161650 0.707097352 -2.092033386 0.031605314 0.999477148 0.006809978 1.551173925 -0.706912637 0.017536134 0.707083404 -153.977218628
0.751424313 -0.027421976 0.659249365 -1.708312988 0.034240607 0.999410391 0.002543173 1.551183105 -0.658930302 0.020662095 0.751920104 -153.504974365
0.792755902 -0.026965428 0.608942449 -1.313095093 0.034246724 0.999413311 -0.000327929 1.567164302 -0.608576477 0.021114256 0.793214262 -152.984252930
0.828973293 -0.030309008 0.558466315 -1.067001343 0.034706563 0.999393821 0.002721413 1.535032511 -0.558210313 0.017126473 0.829522669 -152.468536377
0.863682508 -0.031040855 0.503079653 -0.772155762 0.033335105 0.999434412 0.004437376 1.521498680 -0.502932787 0.012937726 0.864228666 -151.883865356
0.894832611 -0.032604445 0.445209682 -0.495388031 0.034092836 0.999407768 0.004666891 1.524701238 -0.445098162 0.011002373 0.895414293 -151.269226074
0.921645522 -0.032965414 0.386629969 -0.257999420 0.033519518 0.999423981 0.005310781 1.514011145 -0.386582404 0.008064986 0.922219634 -150.658660889
0.942869425 -0.031827368 0.331638634 -0.063121796 0.031826589 0.999478638 0.005434970 1.509239912 -0.331638753 0.005430467 0.943390846 -149.993255615
0.959435642 -0.026262080 0.280701578 0.106815338 0.026325613 0.999647141 0.003544973 1.506495357 -0.280695677 0.003988471 0.959788501 -149.301727295
0.971615493 -0.020978373 0.235633686 0.256011963 0.021302577 0.999772370 0.001169952 1.501467705 -0.235604614 0.003882866 0.971841156 -148.581039429
0.980520368 -0.015958309 0.195767984 0.371810913 0.016233074 0.999868214 0.000200950 1.496406913 -0.195745364 0.002980882 0.980650246 -147.829452515
0.987069190 -0.016146228 0.159479052 0.481258392 0.016182315 0.999868453 0.001072490 1.493899465 -0.159475386 0.001522119 0.987200797 -147.065902710
0.991922975 -0.016490960 0.125765219 0.568847656 0.016306911 0.999863863 0.002492857 1.484662533 -0.125789195 -0.000421880 0.992056847 -146.271209717
0.995260537 -0.015616938 0.095981233 0.639656067 0.015403842 0.999876976 0.002960696 1.482211351 -0.096015625 -0.001468177 0.995378733 -145.428665161
0.997503817 -0.012255332 0.069541454 0.679995537 0.012098072 0.999923170 0.002682199 1.478568554 -0.069568984 -0.001834189 0.997575402 -144.573501587
0.998812437 -0.007028930 0.048211325 0.703287125 0.006953022 0.999974310 0.001741842 1.475319982 -0.048222322 -0.001404559 0.998835623 -143.696701050
0.999465942 -0.001874434 0.032625727 0.710781097 0.001867990 0.999998271 0.000228252 1.472929597 -0.032626100 -0.000167189 0.999467611 -142.801269531
0.999727190 0.002684291 0.023200784 0.719933510 -0.002668682 0.999996185 -0.000703762 1.463681102 -0.023202585 0.000641654 0.999730527 -141.888031006
0.999793291 0.005921410 0.019448450 0.722967386 -0.005908155 0.999982238 -0.000738869 1.456599712 -0.019452477 0.000623805 0.999810636 -140.947097778
0.999819636 0.005879107 0.018057344 0.737355232 -0.005878131 0.999982655 -0.000107118 1.451928616 -0.018057659 0.000000955 0.999836922 -139.982666016
0.999843657 0.004568935 0.017086484 0.748914480 -0.004591219 0.999988675 0.001265374 1.444048882 -0.017080510 -0.001343625 0.999853194 -139.004241943
0.999870062 0.004781210 0.015391778 0.760205507 -0.004813888 0.999986172 0.002086567 1.437525034 -0.015381590 -0.002160382 0.999879301 -138.010314941
0.999898553 0.003250526 0.013869163 0.767301679 -0.003271620 0.999993563 0.001498733 1.430995345 -0.013864201 -0.001543951 0.999902725 -136.997741699
0.999926150 0.004064292 0.011452603 0.778511405 -0.004078737 0.999990880 0.001237573 1.422486067 -0.011447469 -0.001284194 0.999933779 -135.954162598
0.999949157 0.003490534 0.009467286 0.781596541 -0.003511111 0.999991596 0.002158069 1.420036316 -0.009459673 -0.002191195 0.999952793 -134.899871826
0.999964535 0.003630695 0.007601116 0.784357786 -0.003667737 0.999981403 0.004864483 1.414497137 -0.007583314 -0.004892196 0.999959290 -133.817794800
0.999982953 0.002009268 0.005492373 0.788460672 -0.002039012 0.999983311 0.005414705 1.412212133 -0.005481403 -0.005425810 0.999970198 -132.729034424
0.999991775 0.001128245 0.003924645 0.791179657 -0.001144818 0.999990523 0.004222477 1.401241064 -0.003919844 -0.004226936 0.999983370 -131.619857788
0.999995172 -0.000287270 0.003089960 0.780437112 0.000277297 0.999994695 0.003227951 1.387629509 -0.003090871 -0.003227079 0.999989986 -130.503479004
0.999998748 0.000113615 0.001589257 0.786141753 -0.000118365 0.999995530 0.002990615 1.390150547 -0.001588909 -0.002990791 0.999994278 -129.342758179
0.999998987 0.001266855 0.000723306 0.786105275 -0.001268585 0.999996364 0.002402502 1.387231946 -0.000720261 -0.002403416 0.999996901 -128.173187256
0.999999225 0.001113850 0.000463729 0.782160342 -0.001114405 0.999998629 0.001208751 1.375052929 -0.000462381 -0.001209267 0.999999106 -126.989242554
0.999999166 0.000981994 0.000788060 0.773392081 -0.000982474 0.999999344 0.000610663 1.367563844 -0.000787460 -0.000611438 0.999999523 -125.792396545
0.999997735 0.001512538 0.001494214 0.769273162 -0.001514427 0.999998033 0.001263724 1.358356237 -0.001492299 -0.001265977 0.999998093 -124.574554443
0.999995947 0.001652851 0.002309945 0.766807377 -0.001656751 0.999997199 0.001687540 1.347694278 -0.002307149 -0.001691354 0.999995887 -123.343170166
0.999987841 0.002835176 0.004024640 0.767656446 -0.002836010 0.999995947 0.000204030 1.326627016 -0.004024045 -0.000215441 0.999991894 -122.102386475
0.999977708 0.003249560 0.005841274 0.765862763 -0.003230789 0.999989629 -0.003219598 1.312499881 -0.005851676 0.003200650 0.999977827 -120.845397949
0.999967039 0.002215581 0.007829393 0.768688381 -0.002167710 0.999978960 -0.006117778 1.303585052 -0.007842784 0.006100604 0.999950647 -119.573410034
0.999963880 0.000044297 0.008503961 0.782597065 0.000015460 0.999975324 -0.007027032 1.285200596 -0.008504063 0.007026909 0.999939144 -118.290618896
0.999962389 -0.000693283 0.008661560 0.781982541 0.000740475 0.999984860 -0.005447645 1.254908562 -0.008657654 0.005453850 0.999947608 -116.987953186
0.999970019 -0.001865104 0.007529422 0.790019989 0.001910259 0.999980092 -0.005994325 1.237798214 -0.007518093 0.006008527 0.999953687 -115.654960632
0.999978662 -0.001201991 0.006430135 0.783092678 0.001256200 0.999963582 -0.008433468 1.214271545 -0.006419764 0.008441368 0.999943793 -114.309539795
0.999988139 -0.002246377 0.004318118 0.781783581 0.002289394 0.999947548 -0.009984129 1.190954685 -0.004295463 0.009993897 0.999940813 -112.986747742
0.999996781 -0.002519122 0.000387495 0.790480733 0.002522685 0.999951839 -0.009484391 1.171936035 -0.000363585 0.009485335 0.999954879 -111.616584778
0.999995768 -0.002574360 -0.001366782 0.775396109 0.002564120 0.999968946 -0.007441224 1.148779035 0.001385896 0.007437687 0.999971390 -110.271682739
0.999996126 -0.001431438 -0.002371548 0.755892456 0.001413165 0.999969423 -0.007686147 1.117321730 0.002382479 0.007682766 0.999967694 -108.888961792
0.999990761 -0.002378782 -0.003574024 0.747732103 0.002348672 0.999962032 -0.008405568 1.097078681 0.003593883 0.008397097 0.999958277 -107.483741760
0.999983251 -0.003166486 -0.004830138 0.734932363 0.003120806 0.999950647 -0.009436583 1.068985701 0.004859781 0.009421350 0.999943793 -106.075317383
0.999979079 -0.003201995 -0.005617964 0.720041037 0.003141701 0.999937713 -0.010709033 1.045136571 0.005651905 0.010691164 0.999926865 -104.656196594
0.999975979 -0.001944077 -0.006661010 0.704002976 0.001872541 0.999940693 -0.010728735 1.017821670 0.006681473 0.010716002 0.999920309 -103.209693909
0.999976933 -0.001457988 -0.006633432 0.688345790 0.001396757 0.999956489 -0.009225284 0.985313654 0.006646594 0.009215807 0.999935389 -101.738372803
0.999982357 0.000020808 -0.005945629 0.665804923 -0.000056708 0.999981701 -0.006037713 0.959964633 0.005945393 0.006037949 0.999964058 -100.255424500
0.999983609 0.000247480 -0.005725048 0.648829818 -0.000275622 0.999987841 -0.004915738 0.942252398 0.005723764 0.004917234 0.999971628 -98.762176514
0.999984086 -0.000688788 -0.005604190 0.634984851 0.000680822 0.999998689 -0.001423187 0.915897131 0.005605163 0.001419344 0.999983370 -97.262481689
0.999988556 0.000099028 -0.004768237 0.620554090 -0.000079618 0.999991655 0.004070046 0.905091107 0.004768599 -0.004069619 0.999980330 -95.745605469
0.999989808 0.000238099 -0.004515348 0.608393073 -0.000195701 0.999955952 0.009387560 0.894174159 0.004517385 -0.009386580 0.999945700 -94.234634399
0.999989152 0.001716630 -0.004331334 0.590313375 -0.001663854 0.999924600 0.012160382 0.889285326 0.004351884 -0.012153042 0.999916673 -92.709838867
0.999984860 0.003111908 -0.004523613 0.575086713 -0.003049406 0.999900639 0.013758776 0.883169770 0.004565982 -0.013744773 0.999895096 -91.203384399
0.999988317 0.002673738 -0.004005001 0.546014249 -0.002614857 0.999889612 0.014634048 0.872688890 0.004043685 -0.014623407 0.999884903 -89.707138062
0.999988496 0.002409315 -0.004144618 0.534037888 -0.002355638 0.999913931 0.012907925 0.864151001 0.004175360 -0.012898019 0.999908149 -88.206764221
0.999989390 0.002500745 -0.003864857 0.519320190 -0.002460331 0.999942660 0.010424672 0.858370721 0.003890707 -0.010415053 0.999938190 -86.709983826
0.999993742 0.001665928 -0.003128623 0.510890722 -0.001632715 0.999942780 0.010586253 0.841705143 0.003146079 -0.010581072 0.999939084 -85.170837402
0.999996364 0.001723540 -0.002079127 0.502403975 -0.001697040 0.999918282 0.012681230 0.834045887 0.002100813 -0.012677656 0.999917448 -83.672218323
0.999999344 0.000000065 -0.001076157 0.488197625 0.000013479 0.999920905 0.012574882 0.825119019 0.001076075 -0.012574889 0.999920368 -82.155937195
0.999999821 0.000358986 -0.000486459 0.480826795 -0.000353665 0.999940574 0.010891467 0.819796741 0.000490339 -0.010891295 0.999940634 -80.652122498
0.999999583 -0.000893151 -0.000076837 0.477847040 0.000893963 0.999936819 0.011203450 0.806766927 0.000066826 -0.011203514 0.999937236 -79.135925293
0.999998510 -0.001738570 0.000408364 0.470891505 0.001733215 0.999917328 0.012739970 0.796862662 -0.000430479 -0.012739248 0.999918878 -77.630340576
0.999998093 -0.001769860 0.000816189 0.473289281 0.001757269 0.999883115 0.015188551 0.786354184 -0.000842975 -0.015187088 0.999884248 -76.115028381
0.999995947 -0.002720944 0.000802822 0.465142787 0.002707073 0.999855101 0.016804988 0.778839231 -0.000848432 -0.016802747 0.999858439 -74.613243103
0.999996006 -0.002803565 0.000319017 0.463425189 0.002798280 0.999876082 0.015500245 0.772298694 -0.000362433 -0.015499292 0.999879837 -73.116760254
0.999997556 -0.002195691 -0.000154870 0.457251251 0.002197244 0.999938488 0.010868988 0.771201611 0.000130998 -0.010869302 0.999940932 -71.634811401
0.999999046 0.000959263 -0.000988148 0.446633279 -0.000950550 0.999960899 0.008780639 0.761495650 0.000996532 -0.008779693 0.999961019 -70.142646790
0.999997735 0.001943593 -0.000806245 0.425004244 -0.001935150 0.999944627 0.010344462 0.746709228 0.000826306 -0.010342879 0.999946177 -68.642539978
0.999995232 0.002856479 -0.001198328 0.411790699 -0.002842491 0.999929726 0.011511951 0.734582782 0.001231126 -0.011508485 0.999933004 -67.142578125
0.999998271 0.000086322 -0.001812133 0.412263870 -0.000069129 0.999955058 0.009481508 0.722746551 0.001812872 -0.009481361 0.999953330 -65.662223816
0.999996245 -0.000632459 -0.002646275 0.403632581 0.000660791 0.999942362 0.010718728 0.712836206 0.002639344 -0.010720437 0.999938965 -64.186370850
0.999991715 -0.001971843 -0.003556955 0.399162620 0.002019073 0.999909163 0.013325836 0.695039093 0.003530356 -0.013332907 0.999904871 -62.660537720
0.999987781 -0.002500758 -0.004277945 0.380167723 0.002550423 0.999928951 0.011643113 0.689338028 0.004248526 -0.011653882 0.999923050 -61.170135498
0.999976516 -0.003345786 -0.005975067 0.371507406 0.003395703 0.999959230 0.008363706 0.671913505 0.005946840 -0.008383792 0.999947190 -59.698207855
0.999963999 -0.003885828 -0.007543006 0.357747257 0.003954172 0.999951065 0.009065692 0.659825504 0.007507409 -0.009095187 0.999930441 -58.221313477
0.999956965 -0.003701098 -0.008498228 0.333805799 0.003820036 0.999894381 0.014021926 0.644646406 0.008445437 -0.014053786 0.999865592 -56.763214111
0.999939561 -0.004418563 -0.010066813 0.321584404 0.004557622 0.999893963 0.013832768 0.638910890 0.010004625 -0.013877813 0.999853730 -55.284198761
0.999939203 -0.003030445 -0.010615519 0.297753543 0.003167840 0.999911129 0.012949756 0.633563936 0.010575334 -0.012982596 0.999859810 -53.827365875
0.999940634 -0.001854835 -0.010736498 0.267700076 0.001991980 0.999916375 0.012776882 0.625961959 0.010711903 -0.012797516 0.999860704 -52.359767914
0.999940395 -0.001585970 -0.010804411 0.242291659 0.001724834 0.999915898 0.012854598 0.615674913 0.010783118 -0.012872473 0.999859095 -50.901210785
0.999940038 -0.001671486 -0.010822877 0.216074109 0.001803223 0.999924302 0.012173594 0.607426405 0.010801712 -0.012192382 0.999867380 -49.441165924
0.999938488 -0.002214412 -0.010864430 0.198679715 0.002341427 0.999928892 0.011692327 0.592208564 0.010837765 -0.011717039 0.999872625 -47.978897095
0.999939799 -0.002818556 -0.010599453 0.180812955 0.002944619 0.999924839 0.011896455 0.583347201 0.010565123 -0.011926954 0.999873102 -46.525520325
0.999944150 -0.003767821 -0.009873633 0.159269959 0.003887139 0.999919236 0.012093483 0.567387998 0.009827270 -0.012131186 0.999878109 -45.080631256
0.999940634 -0.005241391 -0.009547116 0.141197503 0.005358309 0.999910474 0.012262097 0.556331813 0.009481990 -0.012312526 0.999879241 -43.625751495
0.999945521 -0.005653105 -0.008770498 0.121573582 0.005772789 0.999889791 0.013681275 0.549639106 0.008692190 -0.013731154 0.999867976 -42.177776337
0.999949992 -0.005788349 -0.008151397 0.108060539 0.005898954 0.999889910 0.013611106 0.539839149 0.008071715 -0.013658517 0.999874115 -40.723964691
0.999963105 -0.004655835 -0.007218699 0.090991199 0.004744318 0.999913216 0.012289309 0.529064417 0.007160856 -0.012323095 0.999898434 -39.288745880
0.999971926 -0.004227666 -0.006204773 0.073843569 0.004289948 0.999940157 0.010059634 0.519446731 0.006161876 -0.010085974 0.999930203 -37.861110687
0.999983191 -0.002071054 -0.005432431 0.055493817 0.002124328 0.999949455 0.009818893 0.510888219 0.005411823 -0.009830266 0.999937057 -36.415462494
0.999988616 -0.001357829 -0.004572282 0.042198911 0.001412156 0.999928236 0.011897925 0.499385029 0.004555798 -0.011904254 0.999918759 -34.980262756
0.999992549 -0.000133851 -0.003845766 0.029659800 0.000185875 0.999908566 0.013529303 0.488675833 0.003843601 -0.013529920 0.999901056 -33.542545319
0.999996126 0.000775039 -0.002678352 0.018010728 -0.000738666 0.999907851 0.013555760 0.479505926 0.002688611 -0.013553729 0.999904513 -32.103839874
0.999998569 0.001095966 -0.001268778 0.004007157 -0.001080873 0.999929368 0.011835814 0.472093880 0.001281661 -0.011834431 0.999929130 -30.676387787
0.999999821 -0.000529276 0.000057128 -0.000766077 0.000528720 0.999956489 0.009312225 0.460492641 -0.000062054 -0.009312186 0.999956608 -29.254558563
0.999998868 -0.000470580 0.001422055 -0.006549101 0.000454626 0.999937236 0.011196850 0.446109653 -0.001427234 -0.011196190 0.999936283 -27.824470520
0.999996126 -0.000032491 0.002787215 -0.010718219 -0.000000702 0.999929070 0.011909441 0.436037421 -0.002787405 -0.011909397 0.999925196 -26.413284302
