1.000000000 0.000000000 0.000000000 0.000000000 0.000000000 1.000000000 0.000000000 0.000000000 0.000000000 0.000000000 1.000000000 0.000000000
0.999978900 0.000356236 -0.006483169 -0.008000228 -0.000353460 0.999999821 0.000429214 -0.002480439 0.006483321 -0.000426913 0.999978900 0.092252955
0.999907255 0.000966767 -0.013584597 -0.016384395 -0.000964582 0.999999523 0.000167389 -0.001906322 0.013584753 -0.000154270 0.999907732 0.188577235
0.999772608 0.001368377 -0.021281548 -0.026110874 -0.001380546 0.999998868 -0.000557109 -0.002157131 0.021280762 0.000586363 0.999773383 0.285315335
0.999541759 0.001702357 -0.030222407 -0.042963818 -0.001762422 0.999996543 -0.001960918 -0.002118777 0.030218964 0.002013284 0.999541283 0.390580744
0.999125540 0.001923599 -0.041766111 -0.059056908 -0.002068545 0.999992013 -0.003427474 -0.004917076 0.041759182 0.003510872 0.999121547 0.501147985
0.998479605 0.001741860 -0.055094421 -0.084377468 -0.001967971 0.999989867 -0.004050076 -0.007822990 0.055086806 0.004152343 0.998472929 0.626058161
0.997427940 0.001826221 -0.071653172 -0.108570367 -0.002149371 0.999987841 -0.004433071 -0.004174741 0.071644209 0.004575678 0.997419775 0.761349320
0.995905161 0.000206162 -0.090403892 -0.134648666 -0.000585904 0.999991119 -0.004173988 -0.009312646 0.090402231 0.004209863 0.995896459 0.917154849
0.993913591 -0.000750600 -0.110159718 -0.176275283 0.000270865 0.999990404 -0.004369809 -0.012600046 0.110161945 0.004313375 0.993904293 1.075136542
0.991210461 -0.000955503 -0.132291034 -0.217350394 0.000355740 0.999989510 -0.004557226 -0.014538121 0.132294014 0.004470109 0.991200447 1.227113724
0.987689257 0.002645480 -0.156406030 -0.271983683 -0.003624674 0.999975562 -0.005975703 -0.018715560 0.156386405 0.006469060 0.987674713 1.394897580
0.983305812 0.007046693 -0.181824371 -0.338953704 -0.008534536 0.999936163 -0.007401729 -0.025321051 0.181760579 0.008829948 0.983303249 1.570032597
0.977918684 0.010005531 -0.208746791 -0.412432730 -0.012034715 0.999891877 -0.008452930 -0.028506439 0.208639622 0.010778487 0.977933228 1.751014709
0.971204102 0.010672525 -0.238009781 -0.489809155 -0.013139259 0.999875128 -0.008779942 -0.029718013 0.237886339 0.011654388 0.971223056 1.936880827
0.963158786 0.012505455 -0.268642604 -0.579819560 -0.015303386 0.999848247 -0.008323450 -0.032967404 0.268497735 0.012127945 0.963203907 2.132437944
0.953737497 0.014476644 -0.300291866 -0.673039436 -0.017447343 0.999821782 -0.007213389 -0.035691783 0.300133884 0.012118974 0.953820050 2.312137127
0.942450285 0.016340179 -0.333946705 -0.773100019 -0.019512504 0.999790788 -0.006147120 -0.035847373 0.333776355 0.012309493 0.942571938 2.503526449
0.929906785 0.018568406 -0.367326379 -0.876259744 -0.022121809 0.999740362 -0.005465535 -0.041038744 0.367129534 0.013208361 0.930076063 2.680768490
0.916034460 0.021290228 -0.400534272 -0.995673239 -0.025373966 0.999666035 -0.004894230 -0.040844850 0.400296330 0.014646425 0.916268766 2.860452652
0.899984002 0.021872936 -0.435373664 -1.111304164 -0.026366243 0.999643207 -0.004281543 -0.041385431 0.435124725 0.015332491 0.900239646 3.033300638
0.881599784 0.017983031 -0.471655011 -1.235164762 -0.022822697 0.999729156 -0.004542150 -0.046911977 0.471445620 0.014768799 0.881771564 3.206926346
0.860467315 0.013311967 -0.509331584 -1.370660543 -0.018350109 0.999819756 -0.004869321 -0.051101893 0.509174883 0.013536183 0.860556602 3.380402803
0.835414767 0.014812750 -0.549420297 -1.531648636 -0.018883448 0.999820113 -0.001757171 -0.053550817 0.549295485 0.011842920 0.835544169 3.561028719
0.806158900 0.020505270 -0.591343641 -1.707591534 -0.023602214 0.999718368 0.002489856 -0.061622191 0.591228187 0.011949801 0.806415796 3.726348400
0.773658156 0.023673251 -0.633160830 -1.910671830 -0.027083635 0.999624014 0.004281495 -0.064008206 0.633024096 0.013835886 0.774008334 3.900226831
0.737673700 0.022890873 -0.674769223 -2.119605064 -0.026125705 0.999644339 0.005350698 -0.068132587 0.674651682 0.013681751 0.738009393 4.065845490
0.697539270 0.018555546 -0.716306269 -2.336569309 -0.020085301 0.999778092 0.006339671 -0.065863833 0.716264963 0.009965059 0.697757304 4.235184193
0.654674470 0.014896446 -0.755764306 -2.575610876 -0.014755907 0.999867082 0.006925646 -0.063645869 0.755766988 0.006617943 0.654807210 4.397625446
0.610677898 0.014187241 -0.791751981 -2.838055134 -0.011821106 0.999891400 0.008799234 -0.062795505 0.791790843 0.003985887 0.610779285 4.534294605
0.562295556 0.014812051 -0.826803625 -3.116238594 -0.009269387 0.999889612 0.011608899 -0.060622916 0.826884329 0.001136330 0.562370837 4.673805237
0.511181056 0.015424894 -0.859334588 -3.412761927 -0.007597639 0.999880970 0.013428165 -0.055916421 0.859439492 -0.000335311 0.511237383 4.799531937
0.458921760 0.016738223 -0.888319135 -3.716168404 -0.007230619 0.999859750 0.015104472 -0.047682054 0.888447404 -0.000508673 0.458978504 4.896381855
0.404257119 0.018918473 -0.914449692 -4.049897194 -0.005857104 0.999819100 0.018095339 -0.045659751 0.914626718 -0.001959142 0.404294729 4.993872643
0.348641574 0.020830270 -0.937024593 -4.402344704 -0.005706525 0.999781489 0.020102127 -0.037704781 0.937238753 -0.001661283 0.348684311 5.078647614
0.293396950 0.024210516 -0.955684066 -4.777793884 -0.003060765 0.999697983 0.024385870 -0.035778582 0.955985785 -0.004229615 0.293382466 5.150621414
0.239526346 0.025740873 -0.970548570 -5.134202003 0.001709815 0.999635756 0.026934300 -0.034461901 0.970888317 -0.008110933 0.239395082 5.213137627
0.188626796 0.026176596 -0.981700003 -5.523787975 0.003802744 0.999617696 0.027385039 -0.029041246 0.982041419 -0.008898706 0.188455164 5.247509003
0.140913457 0.027236577 -0.989647150 -5.942277908 0.001565571 0.999614120 0.027733803 -0.021456078 0.990020692 -0.005457431 0.140816450 5.270090103
0.098534986 0.027681941 -0.994748473 -6.363155842 -0.000105626 0.999613285 0.027806856 -0.013965949 0.995133579 -0.002634879 0.098499849 5.269848824
0.060796935 0.025897523 -0.997814119 -6.800187111 -0.000502799 0.999663949 0.025914900 -0.003894612 0.998150051 -0.001073847 0.060789522 5.265147686
0.026402440 0.023069052 -0.999385178 -7.260505199 0.000067976 0.999733567 0.023078892 0.005032942 0.999651432 -0.000677274 0.026393838 5.249124050
-0.004624527 0.020368302 -0.999781847 -7.734438896 0.000085465 0.999792576 0.020368122 0.010593221 0.999989331 0.000008747 -0.004625313 5.217175961
-0.031804450 0.018719135 -0.999318779 -8.226124763 0.000451865 0.999824762 0.018714231 0.016061828 0.999493957 0.000143639 -0.031807348 5.190246105
-0.052363403 0.016210228 -0.998496413 -8.735970497 -0.000288064 0.999867916 0.016247600 0.026451781 0.998628080 0.001138410 -0.052351825 5.141753674
-0.068681329 0.015274206 -0.997521698 -9.254396439 -0.000150327 0.999882579 0.015320706 0.038811699 0.997638643 0.001202201 -0.068670996 5.091561794
-0.081808172 0.015614061 -0.996525705 -9.792989731 0.000946572 0.999878049 0.015588878 0.046642058 0.996647596 0.000332014 -0.081812978 5.039306641
-0.091323398 0.016859923 -0.995678604 -10.345243454 0.000877081 0.999857605 0.016850242 0.051663265 0.995820880 0.000665531 -0.091325186 4.978278637
-0.098145872 0.018310893 -0.995003581 -10.917755127 -0.001785432 0.999825776 0.018575754 0.047711104 0.995170355 0.003599645 -0.098096102 4.911881447
-0.102620654 0.019321190 -0.994532883 -11.511658669 -0.001709987 0.999806464 0.019600086 0.052733630 0.994719088 0.003712012 -0.102567762 4.846199036
-0.103957854 0.019918673 -0.994382203 -12.119000435 0.000056162 0.999799609 0.020021314 0.064403474 0.994581640 0.002025526 -0.103938133 4.779060841
-0.102834299 0.022190256 -0.994450927 -12.734157562 0.002124452 0.999753773 0.022088898 0.071228310 0.994696200 0.000158833 -0.102856129 4.714626312
-0.101185858 0.024781387 -0.994558871 -13.370069504 0.001759516 0.999692619 0.024730289 0.073980168 0.994865954 0.000752414 -0.101198353 4.646524906
-0.099600144 0.024570670 -0.994724095 -14.033451080 -0.000227194 0.999694467 0.024716189 0.081094325 0.995027483 0.002687732 -0.099564128 4.575064659
-0.098121718 0.022137959 -0.994928181 -14.701510429 -0.001909730 0.999746501 0.022433510 0.090217829 0.995172620 0.004101258 -0.098054565 4.508788586
-0.096872672 0.022004992 -0.995053530 -15.381502151 -0.001838038 0.999749839 0.022287792 0.104286462 0.995295107 0.003988023 -0.096808009 4.439653873
-0.095008522 0.024666494 -0.995170891 -16.088996887 -0.002458370 0.999684095 0.025013056 0.113859028 0.995473504 0.004822952 -0.094917879 4.366198540
-0.093278646 0.028288690 -0.995238066 -16.798950195 -0.003305838 0.999581993 0.028722001 0.121159196 0.995634556 0.005969246 -0.093146130 4.303395271
-0.091571793 0.030222641 -0.995339751 -17.529792786 -0.003455716 0.999523759 0.030667614 0.132922977 0.995792449 0.006247899 -0.091423735 4.231535912
-0.089708425 0.029603161 -0.995527983 -18.271970749 -0.005372022 0.999529243 0.030206222 0.145088017 0.995953560 0.008057751 -0.089507148 4.156578064
-0.087970488 0.026187861 -0.995778799 -19.025678635 -0.008258892 0.999600768 0.027017996 0.163070679 0.996088803 0.010600815 -0.087719098 4.080220222
-0.086650111 0.025788875 -0.995904922 -19.800575256 -0.008704049 0.999607146 0.026642052 0.176323175 0.996200800 0.010976940 -0.086391613 4.018012524
-0.085167453 0.027939418 -0.995974898 -20.582933426 -0.006069436 0.999573708 0.028559383 0.193520725 0.996348143 0.008477336 -0.084961578 3.951366901
-0.083765320 0.030347044 -0.996023417 -21.376388550 -0.003938121 0.999518335 0.030784722 0.203073770 0.996477783 0.006501154 -0.083605476 3.880852699
-0.082676403 0.032064918 -0.996060550 -22.177839279 -0.003240748 0.999468267 0.032443617 0.216223985 0.996571124 0.005910302 -0.082528532 3.812129498
-0.082075588 0.027553748 -0.996245086 -22.966049194 -0.002553666 0.999608517 0.027857160 0.224150538 0.996622860 0.004830470 -0.081973098 3.745437145
-0.081707917 0.020796143 -0.996439278 -23.771413803 -0.001284996 0.999779224 0.020971216 0.232549638 0.996655524 0.002993935 -0.081663162 3.676384449
-0.081991054 0.016001996 -0.996504605 -24.589664459 0.001954492 0.999871731 0.015895255 0.245318204 0.996631145 -0.000644392 -0.082011811 3.610779047
-0.082801603 0.016606428 -0.996427655 -25.420461655 0.003302393 0.999860227 0.016389214 0.256335616 0.996560633 -0.001933543 -0.082844868 3.543527126
-0.082314022 0.024090208 -0.996315241 -26.254468918 0.002253430 0.999709666 0.023986110 0.260311186 0.996603966 -0.000270734 -0.082344420 3.461273193
-0.083050475 0.031556506 -0.996045589 -27.112564087 0.001328198 0.999501109 0.031555247 0.266991615 0.996544421 0.001297732 -0.083050966 3.397110939
-0.083772376 0.036951330 -0.995799601 -27.960855484 -0.000508871 0.999310553 0.037124421 0.279667974 0.996484816 0.003616734 -0.083695821 3.321885824
-0.083946481 0.037263401 -0.995773315 -28.797105789 -0.002544140 0.999289274 0.037609458 0.289295256 0.996467054 0.005690569 -0.083792016 3.241944551
-0.084187090 0.033686623 -0.995880425 -29.634548187 -0.002453063 0.999418318 0.034013666 0.305404246 0.996446967 0.005306470 -0.084055491 3.165818691
-0.084225237 0.030779365 -0.995971262 -30.470918655 -0.001998491 0.999515593 0.031057905 0.327954412 0.996444762 0.004606299 -0.084122926 3.082086563
-0.084399059 0.032312512 -0.995907962 -31.293264389 -0.004199953 0.999453664 0.032783482 0.336466551 0.996423125 0.006949662 -0.084217243 3.013029575
-0.084383622 0.034524161 -0.995835066 -32.134166718 -0.005157030 0.999371052 0.035083733 0.347737432 0.996420085 0.008096045 -0.084152497 2.939800262
-0.084174879 0.033280060 -0.995895088 -32.963409424 -0.005972290 0.999407291 0.033902217 0.354711533 0.996433079 0.008801489 -0.083926216 2.861472845
-0.083873779 0.028107697 -0.996079862 -33.788284302 -0.006801092 0.999562621 0.028778657 0.367179692 0.996453166 0.009188205 -0.083645917 2.789323568
-0.083548084 0.023620494 -0.996223807 -34.622055054 -0.008161508 0.999669135 0.024386648 0.382144988 0.996470332 0.010168145 -0.083327673 2.709155083
-0.083054043 0.024689911 -0.996239126 -35.448940277 -0.008079703 0.999643505 0.025447866 0.383241832 0.996512294 0.010162864 -0.082824931 2.640239000
-0.082636073 0.027208008 -0.996208251 -36.278171539 -0.006829500 0.999588370 0.027866829 0.390327752 0.996556342 0.009106411 -0.082416244 2.570634365
-0.081926383 0.032164421 -0.996119201 -37.118927002 -0.006241595 0.999442935 0.032785084 0.402579129 0.996618807 0.008903337 -0.081679985 2.492738008
-0.081552647 0.037616402 -0.995958865 -37.960971832 -0.005906113 0.999251783 0.038224377 0.419902802 0.996651590 0.008999544 -0.081269450 2.425159693
-0.081432499 0.040744178 -0.995845795 -38.800441742 -0.006358278 0.999122500 0.041398186 0.436915994 0.996658564 0.009703021 -0.081101984 2.345929861
-0.081047304 0.040795233 -0.995875001 -39.631149292 -0.005782515 0.999125957 0.041399002 0.455875754 0.996693492 0.009113939 -0.080740578 2.273759604
-0.080917917 0.036161359 -0.996064544 -40.454441071 -0.006283666 0.999303281 0.036789410 0.476520658 0.996701002 0.009235859 -0.080634311 2.203487396
-0.080444306 0.031648029 -0.996256530 -41.284885406 -0.006497599 0.999457955 0.032274384 0.497125149 0.996737957 0.009069565 -0.080195054 2.124312878
-0.079961188 0.028959714 -0.996377170 -42.109165192 -0.011299941 0.999487340 0.029956948 0.506334186 0.996733904 0.013654398 -0.079592951 2.040372133
-0.080886796 0.027646311 -0.996339798 -42.938228607 -0.014511457 0.999476612 0.028911447 0.510625422 0.996617675 0.016796896 -0.080443271 1.974078655
-0.081452064 0.025535733 -0.996350110 -43.757362366 -0.012253615 0.999570429 0.026620012 0.521777332 0.996601939 0.014377145 -0.081104174 1.902283430
-0.082591824 0.021896528 -0.996342778 -44.581489563 -0.009004798 0.999701321 0.022716789 0.527423501 0.996542752 0.010848087 -0.082369983 1.834233999
-0.083357714 0.020492285 -0.996308982 -45.400348663 -0.004405207 0.999771237 0.020932062 0.536335588 0.996509969 0.006133797 -0.083248354 1.766921997
-0.085389622 0.023763817 -0.996064186 -46.211723328 -0.004128077 0.999698520 0.024204414 0.542967975 0.996339083 0.006178635 -0.085265771 1.692883015
-0.086759925 0.029855756 -0.995781779 -47.045295715 -0.002731905 0.999539971 0.030206453 0.546505630 0.996225476 0.005341090 -0.086638428 1.611847401
-0.088929377 0.034047231 -0.995455861 -47.869037628 -0.000184462 0.999414980 0.034199130 0.552420020 0.996037900 0.003224930 -0.088871092 1.555356026
-0.090106063 0.033207618 -0.995378375 -48.677780151 -0.000291304 0.999443054 0.033369590 0.561853051 0.995932162 0.003296760 -0.090046190 1.473166466
-0.091475770 0.028994370 -0.995385110 -49.472232819 -0.003518577 0.999560356 0.029439352 0.574130893 0.995801032 0.006195327 -0.091333546 1.394426823
-0.092521518 0.025605613 -0.995381415 -50.255062103 -0.008535458 0.999612212 0.026507832 0.577558994 0.995674133 0.010948580 -0.092267074 1.302100658
-0.094267659 0.024243550 -0.995251656 -51.051792145 -0.012524348 0.999595463 0.025535636 0.585115850 0.995468080 0.014872060 -0.093925893 1.220049858
-0.094841287 0.025178345 -0.995174050 -51.844871521 -0.014495023 0.999539196 0.026670184 0.591667712 0.995386899 0.016954504 -0.094432637 1.135529041
-0.095818318 0.026609652 -0.995043099 -52.632369995 -0.014534894 0.999498665 0.028128453 0.599112689 0.995292723 0.017158069 -0.095383495 1.055041313
-0.096774258 0.026230436 -0.994960606 -53.417049408 -0.016284013 0.999477148 0.027933359 0.604469180 0.995173156 0.018905180 -0.096296526 0.971994400
-0.097368069 0.026065798 -0.994907022 -54.194641113 -0.017021896 0.999467134 0.027851146 0.611841440 0.995102882 0.019647017 -0.096872501 0.888838291
-0.097779505 0.027963758 -0.994815111 -54.970207214 -0.015629688 0.999438703 0.029629949 0.619003594 0.995085359 0.018445853 -0.097287536 0.810224056
-0.098058015 0.030620228 -0.994709492 -55.740570068 -0.015091117 0.999365747 0.032251239 0.630850077 0.995066226 0.018173773 -0.097533725 0.734145164
-0.098405488 0.035066325 -0.994528413 -56.524208069 -0.014735378 0.999218047 0.036689706 0.638315439 0.995037436 0.018265218 -0.097811811 0.653214931
-0.098962009 0.037056591 -0.994401038 -57.286613464 -0.015080757 0.999135733 0.038733855 0.651776433 0.994976997 0.018829498 -0.098317631 0.575982571
-0.099676259 0.037075195 -0.994328916 -58.043758392 -0.014673753 0.999142110 0.038725626 0.663103700 0.994911730 0.018450564 -0.099046700 0.497305393
-0.099997692 0.035343580 -0.994359732 -58.786083221 -0.014087316 0.999218404 0.036932964 0.670820236 0.994887948 0.017701071 -0.099421635 0.420240402
-0.100049809 0.031571150 -0.994481444 -59.513767242 -0.013653615 0.999358714 0.033099610 0.684932351 0.994888783 0.016889874 -0.099554598 0.343852997
-0.099765569 0.028624957 -0.994599164 -60.255165100 -0.014001446 0.999446750 0.030168924 0.696422100 0.994912446 0.016935647 -0.099309579 0.259494781
-0.098741777 0.026380492 -0.994763374 -60.958866119 -0.014477589 0.999504685 0.027943298 0.704392672 0.995007753 0.017160947 -0.098310940 0.189336300
-0.096304253 0.025566276 -0.995023608 -61.655738831 -0.017289011 0.999476254 0.027354021 0.708970129 0.995201766 0.019837283 -0.095811807 0.113002777
-0.091805466 0.026521470 -0.995423794 -62.351299286 -0.017081853 0.999456227 0.028204329 0.713994741 0.995630383 0.019592991 -0.091302514 0.039865971
-0.086265929 0.028227003 -0.995872259 -63.000469208 -0.016873529 0.999413788 0.029789031 0.716818690 0.996129215 0.019373655 -0.085739069 -0.011855602
-0.079228885 0.029732440 -0.996412933 -63.655284882 -0.015751058 0.999392927 0.031073796 0.723206878 0.996731937 0.018156501 -0.078712478 -0.058591843
-0.070350111 0.030886475 -0.997044086 -64.292343140 -0.016969748 0.999338806 0.032154929 0.728962064 0.997377932 0.019181689 -0.069779463 -0.104478359
-0.058528624 0.032763045 -0.997747958 -64.916664124 -0.018976672 0.999244153 0.033925366 0.735274315 0.998105228 0.020919537 -0.057862669 -0.144701004
-0.043704547 0.034220651 -0.998458207 -65.520133972 -0.022002552 0.999137759 0.035207037 0.742928028 0.998802125 0.023507342 -0.042913932 -0.171801567
-0.025437519 0.035398826 -0.999049485 -66.103019714 -0.023610247 0.999072790 0.036000811 0.753002763 0.999397576 0.024503579 -0.024578163 -0.177868843
-0.003043363 0.036378622 -0.999333441 -66.673973083 -0.024814041 0.999027491 0.036443058 0.759635091 0.999687433 0.024908410 -0.002137702 -0.173778266
0.022387648 0.036959488 -0.999065936 -67.215347290 -0.024099227 0.999045908 0.036418714 0.763379455 0.999458909 0.023261387 0.023256987 -0.144081116
0.051454969 0.036146436 -0.998021007 -67.732437134 -0.022342501 0.999136269 0.035034921 0.774864674 0.998425424 0.020495566 0.052218132 -0.089810133
0.085586607 0.036214691 -0.995672345 -68.234748840 -0.021360219 0.999176145 0.034506030 0.779455662 0.996101797 0.018314522 0.086289667 -0.026651382
0.122771084 0.035776921 -0.991789997 -68.709907532 -0.021165926 0.999217033 0.033424769 0.795984149 0.992209256 0.016888555 0.123432219 0.068304062
0.164000779 0.036261149 -0.985793531 -69.135627747 -0.020491038 0.999233782 0.033346545 0.784997702 0.986247301 0.014731071 0.164618164 0.146785736
0.209327281 0.037220739 -0.977137029 -69.590080261 -0.019714981 0.999232888 0.033838958 0.791713595 0.977646828 0.012180822 0.209900528 0.267657280
0.258030623 0.035846848 -0.965471566 -70.022346497 -0.016535103 0.999328911 0.032684788 0.795176268 0.965995252 0.007530493 0.258450180 0.413614273
0.307607353 0.030810414 -0.951014459 -70.425025940 -0.008873617 0.999525070 0.029511847 0.795748711 0.951471925 -0.000639125 0.307734668 0.595146179
0.359055370 0.025817351 -0.932959199 -70.822891235 -0.003717715 0.999648929 0.026232045 0.793575704 0.933308899 -0.005950280 0.359025300 0.785884857
0.410695910 0.021420870 -0.911520720 -71.179962158 0.001587355 0.999705732 0.024208425 0.790888131 0.911771059 -0.011389210 0.410540998 1.001060486
0.461585283 0.020667769 -0.886855006 -71.540519714 0.001651203 0.999706805 0.024157137 0.799827456 0.887094319 -0.012614958 0.461415797 1.228363037
0.510119498 0.019193437 -0.859889269 -71.910430908 0.002844990 0.999707937 0.024002055 0.811573684 0.860098779 -0.014690294 0.509915948 1.483335495
0.555637479 0.015093775 -0.831287682 -72.265274048 0.010654404 0.999623835 0.025271736 0.813939333 0.831356347 -0.022898799 0.555267632 1.765361786
0.598981142 0.008248406 -0.800720572 -72.584342957 0.021434741 0.999423444 0.026329603 0.818976521 0.800476134 -0.032934174 0.598459005 2.077697754
0.641433060 0.003720591 -0.767169952 -72.896728516 0.022122191 0.999482691 0.023343680 0.820548415 0.766860008 -0.031944890 0.641018987 2.389934540
0.682747900 -0.000187816 -0.730654001 -73.175170898 0.018798416 0.999673486 0.017308909 0.809296668 0.730412126 -0.025552766 0.682528496 2.692520142
0.723480999 -0.007414818 -0.690304458 -73.459320068 0.015808929 0.999858081 0.005828865 0.816356182 0.690163255 -0.015130050 0.723495603 3.032695770
0.762747943 -0.009843806 -0.646620989 -73.732421875 0.010826996 0.999938428 -0.002451099 0.820030391 0.646605253 -0.005131393 0.762807548 3.402778625
0.799910784 -0.010754973 -0.600022495 -74.001564026 0.009039092 0.999941826 -0.005872920 0.823164344 0.600050807 -0.000725847 0.799961567 3.804023743
0.833901286 -0.010772587 -0.551808357 -74.220024109 0.008618606 0.999941766 -0.006496624 0.803750873 0.551846147 0.000661723 0.833945632 4.208290100
0.864650369 -0.009527283 -0.502283812 -74.445289612 0.005740330 0.999942243 -0.009085211 0.801777244 0.502341390 0.004972256 0.864655077 4.655523300
0.890666306 -0.008239934 -0.454582870 -74.656013489 0.005400558 0.999956965 -0.007544241 0.789174497 0.454625487 0.004264401 0.890672445 5.130626678
0.911742389 -0.002530904 -0.410754621 -74.847007751 -0.000089376 0.999979734 -0.006359853 0.778016746 0.410762370 0.005835257 0.911723673 5.628170013
0.929615736 0.002693901 -0.368520409 -75.051040649 -0.006111386 0.999948442 -0.008106684 0.770240664 0.368479550 0.009788272 0.929584324 6.132192612
0.943157315 0.007565929 -0.332260489 -75.223983765 -0.010416278 0.999922574 -0.006798413 0.765988648 0.332183301 0.009872890 0.943163216 6.669868469
0.953304946 0.008391510 -0.301892549 -75.390106201 -0.010371645 0.999933958 -0.004956679 0.755204797 0.301831067 0.007856350 0.953329027 7.227525711
0.960535884 0.007947143 -0.278042376 -75.532867432 -0.009240148 0.999951720 -0.003340259 0.742056131 0.278002322 0.005777591 0.960563064 7.802518845
0.966625750 0.008468179 -0.256052673 -75.712898254 -0.009240530 0.999955773 -0.001813424 0.743311584 0.256025970 0.004118965 0.966661155 8.418771744
0.971260428 0.010769268 -0.237775683 -75.857635498 -0.010884598 0.999940455 0.000827870 0.736546755 0.237770438 0.001784015 0.971319735 9.032907486
0.974830210 0.015904395 -0.222380698 -76.002281189 -0.015801826 0.999872684 0.002240627 0.731124759 0.222388014 0.001329791 0.974957347 9.663087845
0.977706373 0.019359153 -0.209082186 -76.140380859 -0.019032232 0.999812484 0.003575559 0.724370778 0.209112197 0.000483454 0.977891445 10.306173325
0.980428636 0.017711304 -0.196076781 -76.266586304 -0.017409783 0.999843180 0.003261346 0.720794439 0.196103796 0.000216137 0.980583191 10.967729568
0.983121395 0.018550338 -0.182011485 -76.408386230 -0.018296581 0.999827862 0.003073328 0.709779024 0.182037190 0.000308734 0.983291626 11.667395592
0.985694051 0.019082056 -0.167460993 -76.522529602 -0.018729920 0.999817789 0.003682085 0.706917822 0.167500749 -0.000492878 0.985871792 12.366388321
0.987941086 0.020430066 -0.153476238 -76.633483887 -0.020078933 0.999791026 0.003837689 0.706407785 0.153522551 -0.000709772 0.988144934 13.079624176
0.989892781 0.021157324 -0.140230864 -76.744880676 -0.021180613 0.999774814 0.001326545 0.691512525 0.140227318 0.001657038 0.990117967 13.800482750
0.991345048 0.021630621 -0.129487455 -76.832550049 -0.022309028 0.999743879 -0.003790833 0.677115977 0.129372269 0.006646762 0.991573870 14.534255981
0.992526054 0.019654715 -0.120439485 -76.912971497 -0.021031279 0.999727130 -0.010168910 0.667955995 0.120206743 0.012625906 0.992668509 15.282460213
0.993499696 0.019473299 -0.112156674 -76.996963501 -0.020784983 0.999728441 -0.010537586 0.662117243 0.111921005 0.012800264 0.993634641 16.040237427
0.994189143 0.021215145 -0.105536170 -77.080513000 -0.021775773 0.999754190 -0.004162623 0.645491362 0.105421931 0.006436567 0.994406760 16.808689117
0.994615436 0.026006429 -0.100317419 -77.172363281 -0.025737667 0.999661028 0.003972584 0.629356205 0.100386694 -0.001369257 0.994947612 17.590148926
0.995031595 0.026246518 -0.096037358 -77.254486084 -0.025632447 0.999642432 0.007622405 0.624089956 0.096203074 -0.005122862 0.995348573 18.366889954
0.995341480 0.025579236 -0.092957109 -77.320648193 -0.025071427 0.999663651 0.006626764 0.607770205 0.093095370 -0.004265327 0.995648086 19.125854492
0.995663643 0.025336249 -0.089509606 -77.396408081 -0.024918189 0.999672771 0.005785116 0.599049866 0.089626886 -0.003529612 0.995969176 19.890127182
0.995951831 0.024012825 -0.086622000 -77.463516235 -0.023389192 0.999692798 0.008207395 0.589973986 0.086792462 -0.006148151 0.996207476 20.659811020
0.996208429 0.021560220 -0.084284887 -77.535888672 -0.020772843 0.999732077 0.010207856 0.587768555 0.084482387 -0.008418314 0.996389449 21.443752289
0.996499538 0.019460954 -0.081301257 -77.593841553 -0.018522941 0.999753058 0.012275940 0.576452374 0.081520103 -0.010727030 0.996613979 22.200252533
0.996747375 0.018761812 -0.078374207 -77.657096863 -0.018162020 0.999800146 0.008358762 0.571377873 0.078515373 -0.006908141 0.996888936 22.959932327
0.996794522 0.021888766 -0.076951280 -77.715705872 -0.021832237 0.999760449 0.001575912 0.555415392 0.076967336 0.000109157 0.997033596 23.706329346
0.996914268 0.022900613 -0.075082123 -77.781410217 -0.023434084 0.999705970 -0.006231802 0.543786526 0.074917339 0.007972055 0.997157931 24.455030441
0.996985316 0.023951447 -0.073800571 -77.841773987 -0.024767242 0.999641597 -0.010158694 0.526764750 0.073530808 0.011955907 0.997221231 25.207651138
0.997116446 0.025332186 -0.071534708 -77.903266907 -0.026031002 0.999621868 -0.008853456 0.512114167 0.071283400 0.010690046 0.997398853 25.965469360
0.997192562 0.029010857 -0.069031827 -77.970260620 -0.029391911 0.999557793 -0.004510476 0.488461703 0.068870455 0.006526790 0.997604251 26.735643387
0.997270107 0.031718355 -0.066679358 -78.028694153 -0.031749077 0.999495685 0.000599052 0.473867029 0.066664740 0.001519592 0.997774303 27.480642319
0.997499645 0.029481491 -0.064227983 -78.079391479 -0.029395267 0.999565244 0.002287316 0.463265359 0.064267509 -0.000393598 0.997932613 28.240245819
0.997667551 0.026747942 -0.062802233 -78.133049011 -0.026651591 0.999642015 0.002371488 0.448308259 0.062843189 -0.000692177 0.998023093 29.002792358
0.997794271 0.024746375 -0.061596528 -78.179176331 -0.024641475 0.999693334 0.002462092 0.432934940 0.061638568 -0.000938832 0.998098135 29.752502441
0.997847319 0.024622567 -0.060782172 -78.226562500 -0.024628237 0.999696612 0.000655924 0.420616776 0.060779873 0.000842446 0.998150826 30.498359680
0.997943580 0.022413446 -0.060052145 -78.272430420 -0.022493634 0.999746740 -0.000659544 0.411154807 0.060022160 0.002008979 0.998194993 31.255187988
0.998013854 0.021127336 -0.059345782 -78.320846558 -0.021197645 0.999775231 -0.000555374 0.399735451 0.059320703 0.001812262 0.998237371 32.015625000
0.997976542 0.025230754 -0.058362596 -78.380226135 -0.025262518 0.999680817 0.000193531 0.390078902 0.058348849 0.001281247 0.998295426 32.796710968
0.997987449 0.024598401 -0.058445085 -78.424148560 -0.024671037 0.999695480 -0.000521427 0.380021065 0.058414456 0.001962279 0.998290479 33.561683655
0.997893333 0.024020566 -0.060265485 -78.470649719 -0.024094468 0.999709606 -0.000499808 0.367066085 0.060235981 0.001950819 0.998182237 34.336784363
0.997842133 0.021562282 -0.062016446 -78.527084351 -0.021612421 0.999766409 -0.000137693 0.356712669 0.061998993 0.001477722 0.998075068 35.124084473
0.997593582 0.023466822 -0.065240264 -78.588356018 -0.023529187 0.999723136 -0.000187646 0.346068412 0.065217793 0.001722245 0.997869551 35.928520203
0.997305930 0.027418651 -0.068037480 -78.647071838 -0.027486490 0.999622107 -0.000061011 0.328393012 0.068010077 0.001930958 0.997682691 36.703258514
0.997115731 0.027674137 -0.070670508 -78.714019775 -0.028090425 0.999593258 -0.004903347 0.315540433 0.070506081 0.006874369 0.997487605 37.498519897
0.996947825 0.028110661 -0.072835110 -78.787506104 -0.028806997 0.999548614 -0.008527456 0.306401193 0.072562523 0.010599588 0.997307479 38.293365479
0.996813893 0.028093841 -0.074651778 -78.858390808 -0.028949317 0.999526739 -0.010402092 0.297110736 0.074324213 0.012530067 0.997155428 39.085865021
0.996637642 0.028474797 -0.076828554 -78.927879333 -0.029236052 0.999533772 -0.008801789 0.277781039 0.076542087 0.011018359 0.997005463 39.916294098
0.996483028 0.026919907 -0.079353422 -78.990776062 -0.027655983 0.999583960 -0.008191340 0.261449367 0.079099886 0.010357128 0.996812880 40.739727020
0.996372998 0.026430342 -0.080884151 -79.062728882 -0.027038101 0.999613762 -0.006427747 0.244890422 0.080683015 0.008591387 0.996702790 41.563377380
0.996317387 0.025813241 -0.081764102 -79.139434814 -0.026106697 0.999655902 -0.002521844 0.232111394 0.081670873 0.004647146 0.996648610 42.386383057
0.996244848 0.025639558 -0.082697332 -79.213851929 -0.025573533 0.999671221 0.001857728 0.221692756 0.082717769 0.000264111 0.996572912 43.260948181
0.996310234 0.025438480 -0.081967078 -79.287078857 -0.025189428 0.999674380 0.004071273 0.208532497 0.082043953 -0.001991547 0.996626735 44.112003326
0.996384859 0.028680772 -0.079966046 -79.362792969 -0.028439650 0.999586821 0.004152872 0.197616160 0.080052130 -0.001863652 0.996788919 44.965305328
0.996533155 0.028201507 -0.078271188 -79.433494568 -0.028056394 0.999601960 0.002953171 0.189486980 0.078323320 -0.000746926 0.996927738 45.829883575
0.996710896 0.025870657 -0.076798782 -79.498413086 -0.025899325 0.999664307 0.000622826 0.178013772 0.076789111 0.001368259 0.997046471 46.689136505
0.996914506 0.021729646 -0.075428002 -79.558181763 -0.021855956 0.999760747 -0.000849432 0.164040640 0.075391509 0.002495362 0.997150898 47.560958862
0.997114599 0.020578522 -0.073068179 -79.632652283 -0.020731563 0.999784172 -0.001336666 0.156358987 0.073024906 0.002847627 0.997326076 48.431972504
0.997229099 0.018245405 -0.072119415 -79.697570801 -0.018190790 0.999833524 0.001414029 0.140379041 0.072133198 -0.000098201 0.997395039 49.307277679
0.997355521 0.015819335 -0.070934907 -79.764480591 -0.015599980 0.999871612 0.003645296 0.131365404 0.070983462 -0.002529073 0.997474313 50.184246063
0.997404456 0.015515591 -0.070309915 -79.822502136 -0.015268097 0.999875128 0.004056104 0.115574911 0.070364073 -0.002972078 0.997516930 51.059043884
0.997436643 0.017708614 -0.069328643 -79.885093689 -0.017705169 0.999843001 0.000664209 0.100836694 0.069329515 0.000564970 0.997593641 51.942089081
0.997453272 0.020032704 -0.068453103 -79.955871582 -0.020396100 0.999781311 -0.004613810 0.078355193 0.068345711 0.005998235 0.997643709 52.800281525
0.997465253 0.021916440 -0.067695968 -80.016876221 -0.022665042 0.999689937 -0.010310048 0.062946439 0.067449033 0.011818248 0.997652709 53.659687042
0.997404695 0.026766071 -0.066838712 -80.086967468 -0.027896298 0.999482095 -0.016033843 0.040076911 0.066374943 0.017856784 0.997634947 54.511947632
0.997490406 0.026975723 -0.065462597 -80.153045654 -0.028139178 0.999460876 -0.016916186 0.012329578 0.064970978 0.018715795 0.997711658 55.356113434
0.997539639 0.023872592 -0.065915801 -80.206420898 -0.024667796 0.999632001 -0.011276346 -0.003884554 0.065622367 0.012874597 0.997761428 56.223445892
0.997522712 0.022965115 -0.066490754 -80.264633179 -0.023167359 0.999728978 -0.002272162 -0.025714234 0.066420555 0.003806949 0.997784436 57.074394226
0.997476101 0.021558128 -0.067651033 -80.325187683 -0.021214563 0.999758065 0.005792841 -0.047284335 0.067759559 -0.004343033 0.997692168 57.927932739
0.997352362 0.019669680 -0.070010446 -80.387001038 -0.019470917 0.999804199 0.003520351 -0.059514284 0.070065990 -0.002147862 0.997540116 58.767536163
0.997301459 0.014566628 -0.071955413 -80.450386047 -0.014593316 0.999893486 0.000154808 -0.072999448 0.071950004 0.000895678 0.997407913 59.605766296
0.997112930 0.012975423 -0.074816152 -80.509262085 -0.013124285 0.999912739 -0.001498393 -0.090232551 0.074790172 0.002475975 0.997196138 60.417911530
0.996857882 0.014957519 -0.077785537 -80.577278137 -0.015318730 0.999874473 -0.004049013 -0.105589539 0.077715196 0.005227866 0.996961832 61.240726471
0.996599555 0.016508985 -0.080726251 -80.657356262 -0.017153518 0.999826252 -0.007297143 -0.127316803 0.080591761 0.008657069 0.996709526 62.054256439
0.996273816 0.017453332 -0.084462248 -80.738151550 -0.018406238 0.999775231 -0.010516426 -0.146286190 0.084259719 0.012031871 0.996371210 62.870418549
0.995948434 0.019259932 -0.087839246 -80.811988831 -0.020586176 0.999687016 -0.014217648 -0.171875238 0.087537900 0.015968317 0.996033192 63.675979614
0.995576799 0.024591129 -0.090674914 -80.909812927 -0.026020965 0.999554455 -0.014620355 -0.195147753 0.090274990 0.016915141 0.995773196 64.464462280
0.995161891 0.028272133 -0.094092242 -80.997192383 -0.029597374 0.999480903 -0.012718594 -0.216447651 0.093683831 0.015441947 0.995482326 65.268470764
0.994729042 0.031070841 -0.097716726 -81.090637207 -0.031877458 0.999469280 -0.006703862 -0.238298237 0.097456574 0.009783485 0.995191693 66.069229126
0.994285405 0.031493530 -0.102002501 -81.179107666 -0.031758539 0.999495029 -0.000974739 -0.258717239 0.101920299 0.004208619 0.994783640 66.883598328
0.993765831 0.030901760 -0.107120171 -81.264053345 -0.030812478 0.999522090 0.002488806 -0.273534775 0.107145913 0.000827349 0.994242966 67.674209595
0.993052125 0.030404249 -0.113680035 -81.359298706 -0.030192519 0.999537706 0.003584180 -0.285229176 0.113736458 -0.000126990 0.993510962 68.463737488
0.992510021 0.028035903 -0.118902460 -81.462539673 -0.027346831 0.999598384 0.007423220 -0.296925545 0.119062826 -0.004116015 0.992878199 69.242271423
0.991623700 0.029390700 -0.125771061 -81.560676575 -0.028776083 0.999563396 0.006701181 -0.303569913 0.125913098 -0.003025852 0.992036581 70.020484924
0.990702450 0.034164123 -0.131686181 -81.677185059 -0.033669326 0.999415100 0.005982731 -0.314157337 0.131813541 -0.001493321 0.991273344 70.791679382
0.989882708 0.036183286 -0.137196854 -81.800933838 -0.036198437 0.999341846 0.002385306 -0.323915124 0.137192845 0.002605138 0.990540922 71.552131653
0.988993704 0.035416108 -0.143656477 -81.912773132 -0.035865966 0.999356568 -0.000542303 -0.333245307 0.143544853 0.005688713 0.989627481 72.307235718
0.988150179 0.036578320 -0.149068534 -82.035934448 -0.037217449 0.999306023 -0.001499277 -0.347990870 0.148910254 0.007029461 0.988825798 73.070907593
0.987385690 0.038563222 -0.153566077 -82.164505005 -0.038455419 0.999253511 0.003673407 -0.355602682 0.153593093 0.002278378 0.988131523 73.837982178
0.986448348 0.039307274 -0.159294143 -82.302383423 -0.038595889 0.999226272 0.007558401 -0.362568438 0.159468025 -0.001307872 0.987202227 74.606208801
0.985439479 0.038982887 -0.165497497 -82.435302734 -0.037844848 0.999233425 0.010025514 -0.379889369 0.165761426 -0.003616311 0.986159325 75.362747192
0.984328866 0.036611173 -0.172500283 -82.575378418 -0.036061525 0.999329627 0.006320145 -0.387067795 0.172616020 -0.000000478 0.984989166 76.110153198
0.982868075 0.034399949 -0.181071654 -82.719100952 -0.035173986 0.999380648 -0.001064460 -0.391097605 0.180922911 0.007415238 0.983469248 76.852569580
0.981183350 0.031660594 -0.190464765 -82.867218018 -0.032787476 0.999458551 -0.002767307 -0.401063263 0.190274015 0.008960094 0.981690109 77.595611572
0.979050934 0.031519748 -0.201160982 -83.022468567 -0.032132763 0.999483585 0.000218021 -0.415875494 0.201063991 0.006250405 0.979558110 78.330429077
0.976660669 0.031487081 -0.212467715 -83.189712524 -0.030846583 0.999504030 0.006329571 -0.420993924 0.212561682 0.000372060 0.977147579 79.066757202
0.974117756 0.032950725 -0.223626181 -83.365356445 -0.030525140 0.999431729 0.014295836 -0.430959344 0.223970190 -0.007099610 0.974570155 79.789596558
0.971487820 0.033579562 -0.234699160 -83.552719116 -0.030246548 0.999384284 0.017787552 -0.437350512 0.235151917 -0.010181552 0.971905351 80.514488220
0.968534410 0.036945820 -0.246122241 -83.752426147 -0.034602858 0.999305308 0.013839042 -0.448887587 0.246462584 -0.004887057 0.969139993 81.230911255
0.965424180 0.036475495 -0.258119643 -83.957633972 -0.036566924 0.999321342 0.004448122 -0.451222211 0.258106738 0.005144316 0.966102719 81.929504395
0.962135255 0.034277856 -0.270408481 -84.167968750 -0.035719328 0.999361753 -0.000409934 -0.452095509 0.270221829 0.010053221 0.962745607 82.636550903
0.958686054 0.033072863 -0.282537073 -84.374588013 -0.033057224 0.999441803 0.004823800 -0.457008064 0.282538950 0.004715384 0.959244192 83.355300903
0.955247045 0.034315459 -0.293811768 -84.604774475 -0.032138903 0.999408424 0.012234252 -0.462769866 0.294057816 -0.002243948 0.955785036 84.077079773
0.951549649 0.034254517 -0.305581003 -84.844871521 -0.030337006 0.999385357 0.017560951 -0.465569854 0.305994749 -0.007439705 0.952004135 84.786026001
0.947431922 0.031897966 -0.318363398 -85.090621948 -0.028349247 0.999473631 0.015775010 -0.467079520 0.318699032 -0.005920384 0.947837532 85.495582581
0.943657398 0.030478561 -0.329517365 -85.348838806 -0.028195068 0.999533772 0.011707625 -0.473072410 0.329720587 -0.001757224 0.944076896 86.193176270
0.940516770 0.025663754 -0.338776946 -85.599548340 -0.025525663 0.999662340 0.004863908 -0.477502346 0.338787436 0.004072920 0.940854073 86.886062622
0.937687039 0.021731937 -0.346800745 -85.861282349 -0.023517966 0.999722898 -0.000941684 -0.483524263 0.346684188 0.009039055 0.937938452 87.588310242
0.935118020 0.021057030 -0.353710026 -86.138015747 -0.023696778 0.999714315 -0.003133287 -0.489207000 0.353542954 0.011311781 0.935349882 88.289596558
0.932038724 0.026759507 -0.361369133 -86.433120728 -0.029773686 0.999552786 -0.002774694 -0.506018639 0.361133248 0.013345414 0.932418704 88.997863770
0.928867817 0.027034987 -0.369423479 -86.705986023 -0.029238382 0.999572515 -0.000365884 -0.518056571 0.369255632 0.011141201 0.929261029 89.685989380
0.925750434 0.027285175 -0.377149314 -86.997268677 -0.026944490 0.999617875 0.006180232 -0.519456804 0.377173811 0.004440744 0.926131904 90.390251160
0.922887564 0.029358927 -0.383948684 -87.291091919 -0.025756180 0.999562800 0.014522856 -0.526222587 0.384207159 -0.003513911 0.923240185 91.099052429
0.920277238 0.039777342 -0.389239728 -87.618286133 -0.034140225 0.999188125 0.021391913 -0.533588886 0.389774531 -0.006397762 0.920888066 91.798210144
0.917521596 0.046254002 -0.394986778 -87.933639526 -0.042462371 0.998929858 0.018340720 -0.530603647 0.395412296 -0.000055930 0.918503642 92.487251282
0.915159583 0.042835742 -0.400809348 -88.242286682 -0.041956555 0.999059141 0.010974050 -0.530734062 0.400902301 0.006773574 0.916095793 93.173690796
0.913260460 0.034992348 -0.405870616 -88.547607422 -0.036723576 0.999319255 0.003524137 -0.532944620 0.405717701 0.011686563 0.913923681 93.860923767
0.911313057 0.035482638 -0.410182208 -88.862197876 -0.037636261 0.999287546 0.002825415 -0.535046339 0.409990221 0.012862887 0.911999166 94.558746338
0.909339190 0.041662768 -0.413964510 -89.206230164 -0.042193912 0.999078453 0.007864919 -0.540836751 0.413910687 0.010314904 0.910259068 95.245002747
0.906816542 0.044313561 -0.419189811 -89.539642334 -0.043150641 0.998993337 0.012259933 -0.545549870 0.419311047 0.006970798 0.907815874 95.961631775
0.904637814 0.040567547 -0.424246162 -89.869232178 -0.039967015 0.999147654 0.010317834 -0.553914547 0.424303144 0.007621949 0.905488133 96.657699585
0.902402818 0.039045062 -0.429120630 -90.209129333 -0.041190308 0.999142051 0.004290905 -0.564215064 0.428920060 0.013803486 0.903237104 97.341964722
0.900194049 0.036068402 -0.433992803 -90.551208496 -0.041248187 0.999145806 -0.002520286 -0.565810323 0.433531195 0.020170167 0.900912762 98.034141541
