-0.974191129 0.057170026 0.218364805 -151.904464722 0.062575012 0.997879505 0.017911427 2.472173214 -0.216877773 0.031113334 -0.975702822 1.528556824
-0.978321493 0.056018662 0.199371353 -151.734054565 0.061199687 0.997926831 0.019914804 2.482692242 -0.197842419 0.031684544 -0.979721665 0.667425156
-0.982033610 0.053063288 0.181091785 -151.583480835 0.058750875 0.997929156 0.026185224 2.492146015 -0.179327309 0.036354072 -0.983117521 -0.213912964
-0.985270441 0.052918475 0.162609041 -151.438003540 0.058351308 0.997880101 0.028814666 2.505711079 -0.160739496 0.037878688 -0.986269772 -1.081539154
-0.987999260 0.053160395 0.145022050 -151.313568115 0.057924662 0.997904658 0.028826777 2.524899006 -0.143185735 0.036881186 -0.989008427 -1.966499329
-0.990285277 0.052861996 0.128610581 -151.197937012 0.056528270 0.998087287 0.025022972 2.539201498 -0.127041832 0.032050014 -0.991379440 -2.855155945
-0.991824150 0.056565098 0.114390403 -151.095626831 0.059505921 0.997975290 0.022456829 2.545695305 -0.112888515 0.029080134 -0.993182003 -3.750953674
-0.992586434 0.062353931 0.104326479 -151.007293701 0.065388821 0.997523010 0.025924228 2.568694353 -0.102451585 0.032553826 -0.994205177 -4.669854164
-0.992915034 0.067418054 0.097849876 -150.933242798 0.071185477 0.996829987 0.035531845 2.584146023 -0.095144212 0.042245593 -0.994566619 -5.597538948
-0.992990077 0.070046693 0.095205493 -150.853302002 0.074536413 0.996227205 0.044445895 2.608162880 -0.091733031 0.051230606 -0.994464934 -6.546452045
-0.993239403 0.068466462 0.093744189 -150.760208130 0.072884969 0.996345043 0.044546712 2.641133785 -0.090351574 0.051078100 -0.994599164 -7.478089333
-0.993534625 0.065379135 0.092814781 -150.669219971 0.069526032 0.996688485 0.042168830 2.663340807 -0.089750431 0.048349239 -0.994790018 -8.419784546
-0.993950665 0.060399152 0.091727428 -150.572463989 0.064051270 0.997245371 0.037404712 2.694862127 -0.089215539 0.043053702 -0.995081306 -9.378761292
-0.994487703 0.051888477 0.091113888 -150.469238281 0.055346284 0.997823715 0.035841353 2.713775635 -0.089055821 0.040686600 -0.995195270 -10.361736298
-0.994768739 0.046720278 0.090842530 -150.364089966 0.050144482 0.998100638 0.035782963 2.740363836 -0.088998221 0.040151030 -0.995222151 -11.345775604
-0.994777977 0.044832353 0.091688104 -150.268692017 0.048494741 0.998095989 0.038112987 2.763236523 -0.089804858 0.042360347 -0.995058119 -12.340435028
-0.994872868 0.041857276 0.092064455 -150.156097412 0.045653936 0.998174906 0.039526336 2.788550138 -0.090241984 0.043526780 -0.994968235 -13.344130516
-0.994731426 0.041826978 0.093593977 -150.069030762 0.045757089 0.998141646 0.040245969 2.816261292 -0.091736667 0.044316527 -0.994796693 -14.354027748
-0.994716883 0.039673515 0.094679929 -149.962615967 0.043516181 0.998296201 0.038871631 2.846805573 -0.092976443 0.042786386 -0.994748533 -15.375592232
-0.994698465 0.038036257 0.095542096 -149.860610962 0.041762382 0.998430729 0.037307147 2.866750956 -0.093973160 0.041099429 -0.994726121 -16.391448975
-0.994749129 0.035617255 0.095945954 -149.746337891 0.039153501 0.998611987 0.035229266 2.892409086 -0.094557993 0.038800903 -0.994762957 -17.435306549
-0.994827509 0.033725522 0.095816277 -149.643173218 0.037155226 0.998722732 0.034238350 2.914811611 -0.094539180 0.037621323 -0.994810045 -18.479740143
-0.995060682 0.030882217 0.094342135 -149.535446167 0.034267601 0.998817801 0.034476940 2.936219931 -0.093165904 0.037539523 -0.994942725 -19.529392242
-0.995249391 0.029101150 0.092907108 -149.432952881 0.032517392 0.998841524 0.035470702 2.955427408 -0.091767251 0.038323291 -0.995042682 -20.578805923
-0.995388031 0.029463712 0.091293633 -149.332122803 0.032832962 0.998825729 0.035625987 2.979074717 -0.090136752 0.038459122 -0.995186567 -21.638856888
-0.995536566 0.028595779 0.089939587 -149.231384277 0.031941138 0.998842061 0.035978779 2.999060869 -0.088806599 0.038690966 -0.995297194 -22.689277649
-0.995646000 0.028286353 0.088819839 -149.136962891 0.031747203 0.998781025 0.037796780 3.016646385 -0.087642439 0.040451992 -0.995330334 -23.743442535
-0.995695293 0.027908303 0.088385731 -149.042541504 0.031531699 0.998707294 0.039867826 3.039999247 -0.087158836 0.042483158 -0.995288134 -24.794055939
-0.995836735 0.027018167 0.087058604 -148.941360474 0.030719385 0.998667896 0.041458417 3.065445423 -0.085822538 0.043960202 -0.995340109 -25.846944809
-0.995923579 0.026088983 0.086345837 -148.849578857 0.029662231 0.998744786 0.040361900 3.085673332 -0.085184447 0.042758577 -0.995447338 -26.893692017
-0.996023536 0.026000364 0.085211702 -148.749053955 0.029283421 0.998867214 0.037507430 3.109957695 -0.084139936 0.039853577 -0.995656729 -27.931369781
-0.996109068 0.025049454 0.084492333 -148.657562256 0.028229054 0.998929381 0.036649354 3.126317024 -0.083483793 0.038891900 -0.995749950 -28.962471008
-0.996218801 0.025057483 0.083189100 -148.572555542 0.028211311 0.998918653 0.036954895 3.142843723 -0.082173154 0.039162032 -0.995848358 -30.031929016
-0.996375978 0.024096223 0.081573568 -148.483932495 0.027238004 0.998920739 0.037623446 3.166618586 -0.080578931 0.039709002 -0.995956957 -31.069383621
-0.996643007 0.022621483 0.078682490 -148.392868042 0.025786564 0.998888969 0.039445285 3.185811043 -0.077702746 0.041341819 -0.996119142 -32.099525452
-0.996869206 0.022016319 0.075941294 -148.313415527 0.025067443 0.998906612 0.039460946 3.205083609 -0.074989446 0.041241057 -0.996331155 -33.146022797
-0.997144043 0.020555941 0.072671525 -148.231918335 0.023406837 0.998980582 0.038598418 3.227508068 -0.071803994 0.040189195 -0.996608794 -34.173816681
-0.997390151 0.019505825 0.069515526 -148.155151367 0.022169741 0.999040902 0.037757941 3.245880604 -0.068712331 0.039200544 -0.996866047 -35.193878174
-0.997589827 0.019155595 0.066690177 -148.078186035 0.021811627 0.998988211 0.039328698 3.260886192 -0.065869309 0.040688526 -0.996998310 -36.211433411
-0.997770309 0.019235916 0.063909113 -148.007980347 0.021867072 0.998930991 0.040729146 3.282746077 -0.063057326 0.042035837 -0.997124255 -37.229511261
-0.997947335 0.019543273 0.060984917 -147.938110352 0.022130825 0.998870492 0.042046331 3.303508997 -0.060094319 0.043309674 -0.997252643 -38.249237061
-0.998051763 0.020634480 0.058880970 -147.876068115 0.023147848 0.998835623 0.042327642 3.326241255 -0.057938974 0.043608144 -0.997367263 -39.272254944
-0.998181701 0.020482441 0.056690179 -147.819808960 0.022862442 0.998870373 0.041657392 3.347982168 -0.055772893 0.042877723 -0.997522354 -40.272628784
-0.998271823 0.021147033 0.054829847 -147.760894775 0.023397146 0.998896360 0.040726189 3.372416019 -0.053908098 0.041938666 -0.997664750 -41.287025452
-0.998347878 0.020789267 0.053566571 -147.707260132 0.022992551 0.998900831 0.040849291 3.393355608 -0.052658454 0.042013437 -0.997728407 -42.295398712
-0.998457730 0.019456716 0.051996447 -147.646743774 0.021621831 0.998908520 0.041407090 3.417040110 -0.051134013 0.042467490 -0.997788489 -43.294624329
-0.998499811 0.018899160 0.051390558 -147.592910767 0.020981126 0.998968184 0.040279709 3.434299469 -0.050576251 0.041297510 -0.997866094 -44.298465729
-0.998546362 0.018264122 0.050713032 -147.539703369 0.020098502 0.999153197 0.035900488 3.452683926 -0.050014406 0.036867548 -0.998067796 -45.290248871
-0.998568952 0.017116427 0.050665002 -147.485794067 0.018815823 0.999269783 0.033257131 3.468917847 -0.050058756 0.034162842 -0.998161852 -46.275382996
-0.998533010 0.018284025 0.050965965 -147.431838989 0.019924259 0.999293625 0.031862866 3.486610413 -0.050347351 0.032831583 -0.998191953 -47.266342163
-0.998487949 0.018970547 0.051593952 -147.378158569 0.020675922 0.999250531 0.032723378 3.503576279 -0.050934486 0.033740655 -0.998131871 -48.257598877
-0.998406649 0.020729035 0.052483406 -147.324264526 0.022523109 0.999173880 0.033826217 3.516714096 -0.051738843 0.034954414 -0.998048663 -49.242156982
-0.998326659 0.022592224 0.053229850 -147.272445679 0.024462275 0.999096751 0.034746140 3.531308413 -0.052396778 0.035990123 -0.997977614 -50.222209930
-0.998243809 0.023627082 0.054322589 -147.215072632 0.025582230 0.999039292 0.035582166 3.545827866 -0.053429678 0.036909372 -0.997889280 -51.203166962
-0.998201907 0.024083328 0.054888986 -147.155441284 0.026079340 0.999013484 0.035943031 3.563561440 -0.053969212 0.037309870 -0.997845292 -52.179576874
-0.998168826 0.022931252 0.055976383 -147.099761963 0.024996696 0.999021649 0.036481429 3.577869892 -0.055085067 0.037813850 -0.997765303 -53.148300171
-0.998116910 0.022947740 0.056886181 -147.040344238 0.024987945 0.999060273 0.035416756 3.593884468 -0.056019954 0.036771536 -0.997752249 -54.116462708
-0.997961879 0.025212770 0.058620647 -146.978469849 0.027254425 0.999040127 0.034293521 3.606389523 -0.057699721 0.035821304 -0.997691095 -55.070243835
-0.997755527 0.026483765 0.061501674 -146.918167114 0.028552715 0.999047101 0.033008911 3.619515657 -0.060568865 0.034690864 -0.997560978 -56.012752533
-0.997609138 0.025186995 0.064355895 -146.850906372 0.027323008 0.999097228 0.032528814 3.632789850 -0.063478500 0.034209434 -0.997396708 -56.960811615
-0.997475088 0.024705609 0.066582188 -146.777221680 0.026840070 0.999147773 0.031355839 3.637148857 -0.065750793 0.033063740 -0.997288167 -57.902900696
-0.997343123 0.024584914 0.068573534 -146.711975098 0.026730264 0.999175906 0.030545179 3.648643970 -0.067766078 0.032297011 -0.997178376 -58.841667175
-0.997288227 0.023485785 0.069746755 -146.643661499 0.025682518 0.999196529 0.030767905 3.662990808 -0.068968132 0.032475743 -0.997090161 -59.779926300
-0.997321486 0.021933874 0.069777295 -146.562026978 0.024309430 0.999147117 0.033379734 3.668050766 -0.068985648 0.034986570 -0.997003973 -60.702938080
-0.997367084 0.021479314 0.069263704 -146.495132446 0.023983523 0.999080837 0.035528049 3.674278975 -0.068436913 0.037095696 -0.996965528 -61.615615845
-0.997447014 0.020962033 0.068264164 -146.428054810 0.023483813 0.999063015 0.036350869 3.688592911 -0.067438208 0.037861165 -0.997004807 -62.521873474
-0.997564435 0.019943012 0.066839419 -146.362365723 0.022439027 0.999070585 0.036803100 3.700799942 -0.066043369 0.038213279 -0.997084677 -63.415126801
-0.997751057 0.018097598 0.064538792 -146.298721313 0.020499304 0.999114335 0.036747470 3.715837717 -0.063816592 0.037987828 -0.997238338 -64.295944214
-0.997990072 0.017709482 0.060845148 -146.241928101 0.019981757 0.999117553 0.036941830 3.730089188 -0.060137238 0.038083371 -0.997463346 -65.163230896
-0.998300433 0.018253217 0.055345505 -146.191528320 0.020323429 0.999105752 0.037076075 3.741778374 -0.054619227 0.038137872 -0.997778654 -66.011978149
-0.998653412 0.019141758 0.048217721 -146.149856567 0.020949332 0.999085724 0.037265610 3.752449989 -0.047460310 0.038225554 -0.998141408 -66.842292786
-0.998960018 0.020993689 0.040473361 -146.120971680 0.022525134 0.999032855 0.037761312 3.767593861 -0.039641470 0.038633712 -0.998466849 -67.655586243
-0.999189317 0.023632145 0.032592002 -146.096862793 0.024905918 0.998919129 0.039246544 3.780855417 -0.031629264 0.040026464 -0.998697877 -68.445884705
-0.999327600 0.026972206 0.024837134 -146.083633423 0.027948631 0.998814940 0.039843023 3.790130615 -0.023733078 0.040510394 -0.998897195 -69.216239929
-0.999435365 0.028765326 0.017361905 -146.075073242 0.029442957 0.998760760 0.040125515 3.807541609 -0.016186194 0.040614046 -0.999043822 -69.958946228
-0.999482512 0.030421145 0.010454204 -146.081619263 0.030825987 0.998682141 0.041034155 3.820708990 -0.009192126 0.041335177 -0.999103069 -70.685874939
-0.999506652 0.031245481 0.003182065 -146.075012207 0.031349640 0.998669922 0.040932789 3.831813812 -0.001898868 0.041012350 -0.999156833 -71.375976562
-0.999458671 0.032767091 -0.002949199 -146.081359863 0.032621004 0.998647213 0.040491845 3.841852188 0.004272039 0.040373717 -0.999175489 -72.039627075
-0.999375224 0.034226660 -0.008821299 -146.089111328 0.033844180 0.998611569 0.040368017 3.849601269 0.010190718 0.040044241 -0.999145925 -72.669349670
-0.999286413 0.035009939 -0.014185760 -146.101074219 0.034420189 0.998611450 0.039878938 3.862771273 0.015562224 0.039362196 -0.999103844 -73.280761719
-0.999124229 0.037368715 -0.018823631 -146.119827271 0.036604788 0.998552322 0.039412782 3.870358229 0.020269206 0.038689233 -0.999045730 -73.862861633
-0.998960495 0.039049078 -0.023516182 -146.129089355 0.038067829 0.998441041 0.040820509 3.878636837 0.025073523 0.039882869 -0.998889744 -74.409927368
-0.998834670 0.039822470 -0.027265582 -146.144912720 0.038633723 0.998335660 0.042818945 3.884521008 0.028925380 0.041715682 -0.998710752 -74.930458069
-0.998674631 0.040734004 -0.031460114 -146.157516479 0.039336540 0.998264253 0.043830067 3.892098665 0.033190880 0.042534441 -0.998543561 -75.434280396
-0.998563051 0.041091967 -0.034399159 -146.178222656 0.039552763 0.998235524 0.044289697 3.902229309 0.036158413 0.042865470 -0.998426378 -75.906311035
-0.998399198 0.042657230 -0.037140526 -146.197296143 0.040962182 0.998134971 0.045262266 3.911677837 0.039002027 0.043668453 -0.998284400 -76.355400085
-0.998213828 0.045813642 -0.038343728 -146.229736328 0.044078015 0.998016417 0.044948336 3.920988798 0.040326934 0.043177936 -0.998253107 -76.760414124
-0.998138309 0.045924388 -0.040135588 -146.243164062 0.044062369 0.997964203 0.046107620 3.934382200 0.042171314 0.044253312 -0.998129845 -77.146537781
-0.998144507 0.045546718 -0.040408328 -146.257308960 0.043619405 0.997925103 0.047359794 3.944799900 0.042481568 0.045509331 -0.998060167 -77.490684509
-0.998230100 0.043292500 -0.040771700 -146.262817383 0.041389495 0.998064220 0.046416130 3.964143991 0.042702232 0.044646457 -0.998089790 -77.785682678
-0.998213232 0.043310080 -0.041163139 -146.249664307 0.041335266 0.998007298 0.047672790 3.951355934 0.043145850 0.045886122 -0.998014450 -78.039405823
-0.998452485 0.040438775 -0.038174681 -146.251663208 0.038613345 0.998129308 0.047401454 3.944670916 0.040020186 0.045854047 -0.998146176 -78.347473145
-0.998621285 0.038269181 -0.035929553 -146.250579834 0.036594465 0.998263359 0.046165448 3.956649542 0.037633877 0.044786979 -0.998287439 -78.573265076
-0.998738468 0.037596252 -0.033287376 -146.264022827 0.036082100 0.998336196 0.044975709 3.957544327 0.034922935 0.043717887 -0.998433292 -78.762351990
-0.998862147 0.036813978 -0.030316964 -146.265213013 0.035505261 0.998459935 0.042630181 3.955934525 0.031839672 0.041505266 -0.998630822 -78.978881836
-0.998897314 0.037616123 -0.028091192 -146.267242432 0.036470156 0.998523951 0.040249489 3.966442823 0.029563747 0.039180618 -0.998794734 -79.168563843
-0.998927116 0.038362734 -0.025941581 -146.263595581 0.037305515 0.998499930 0.040078223 3.970603466 0.027440190 0.039067466 -0.998859644 -79.360641479
-0.999026835 0.037311707 -0.023523562 -146.257278442 0.036317624 0.998484194 0.041357566 3.971371889 0.025031030 0.040462997 -0.998867452 -79.544006348
-0.999167323 0.035442550 -0.020213405 -146.267883301 0.034587078 0.998551846 0.041207626 3.981981754 0.021644633 0.040474191 -0.998946130 -79.724800110
-0.999265015 0.034113735 -0.017482698 -146.260467529 0.033382718 0.998620689 0.040525869 3.986304045 0.018841092 0.039912462 -0.999025524 -79.875686646
-0.999297440 0.034687132 -0.014188759 -146.249099731 0.034097455 0.998622537 0.039879978 3.986153841 0.015552532 0.039368156 -0.999103725 -80.023635864
-0.999316990 0.035715770 -0.009483913 -146.248153687 0.035325304 0.998631597 0.038562469 3.996370316 0.010848228 0.038201109 -0.999211133 -80.159950256
-0.999348521 0.035869155 -0.004008457 -146.244338989 0.035688903 0.998623133 0.038447928 3.991192102 0.005382024 0.038279817 -0.999252558 -80.294235229
-0.999394000 0.034748167 0.002022482 -146.220611572 0.034800410 0.998645663 0.038677413 3.987059116 -0.000675764 0.038724363 -0.999249697 -80.415168762
-0.999403834 0.032661282 0.011193678 -146.235275269 0.033070032 0.998710573 0.038517125 3.986880779 -0.009921197 0.038864333 -0.999195278 -80.532302856
-0.999363363 0.030206077 0.018987719 -146.232650757 0.030913230 0.998794854 0.038123235 3.995091677 -0.017813291 0.038685936 -0.999092519 -80.644783020
-0.999264598 0.028747322 0.025375389 -146.209228516 0.029726947 0.998792648 0.039111577 3.996913910 -0.024220355 0.039837144 -0.998912573 -80.741096497
-0.999106288 0.027297666 0.032269992 -146.208770752 0.028582694 0.998788655 0.040054455 3.988148689 -0.031137519 0.040941026 -0.998676300 -80.822471619
-0.998964846 0.026712472 0.036818393 -146.191986084 0.028171064 0.998815060 0.039683558 3.999666214 -0.035714723 0.040679697 -0.998533666 -80.877197266
-0.998802960 0.027036864 0.040764295 -146.177764893 0.028597072 0.998861253 0.038189348 4.009508133 -0.039685342 0.039309375 -0.998438656 -80.928939819
-0.998673379 0.026651444 0.044059165 -146.177825928 0.028358281 0.998853087 0.038579457 3.996957302 -0.042980429 0.039777715 -0.998283684 -80.961647034
-0.998563349 0.026984390 0.046294849 -146.184600830 0.028777665 0.998843431 0.038516805 3.996812344 -0.045201961 0.039793722 -0.998184919 -80.969688416
-0.998468637 0.026479302 0.048571046 -146.184890747 0.028314203 0.998895943 0.037486993 4.004558086 -0.047524791 0.038804848 -0.998116016 -80.985374451
-0.998468041 0.025882280 0.048905134 -146.174957275 0.027750462 0.998895526 0.037915457 4.001818180 -0.047869779 0.039214510 -0.998083472 -80.997886658
-0.998488963 0.025972722 0.048426110 -146.172882080 0.027811671 0.998902202 0.037695516 4.003819942 -0.047393873 0.038985368 -0.998115182 -80.991195679
-0.998498738 0.026495615 0.047939900 -146.165863037 0.028311726 0.998891473 0.037609175 3.995030403 -0.046890292 0.038909975 -0.998141944 -80.974845886
-0.998451650 0.027280051 0.048477646 -146.175292969 0.029059865 0.998914897 0.036396541 3.993846893 -0.047432132 0.037748940 -0.998160899 -80.971420288
-0.998481810 0.027202848 0.047894798 -146.157379150 0.028918443 0.998951316 0.035499152 4.002824783 -0.046878893 0.036830306 -0.998221338 -80.997215271
-0.998476267 0.027064379 0.048090320 -146.149642944 0.028790139 0.998952687 0.035563003 4.010179520 -0.047077477 0.036893342 -0.998209715 -81.008850098
-0.998453200 0.027128916 0.048530933 -146.154327393 0.028847497 0.998968422 0.035069160 4.012106895 -0.047529500 0.036414914 -0.998205781 -81.002845764
-0.998493016 0.027144566 0.047695316 -146.137207031 0.028847205 0.998957574 0.035380147 4.004957199 -0.046685211 0.036702715 -0.998235106 -81.015838623
-0.998513520 0.026946774 0.047376614 -146.127090454 0.028665740 0.998941123 0.035985954 4.000613213 -0.046356741 0.037290554 -0.998228669 -81.005187988
-0.998459458 0.027227167 0.048346788 -146.152954102 0.028971024 0.998941064 0.035742976 3.996717691 -0.047322374 0.037088566 -0.998190880 -81.004821777
-0.998441696 0.027082106 0.048793212 -146.162185669 0.028831817 0.998953044 0.035520121 4.001812458 -0.047780171 0.036871567 -0.998177111 -81.007888794
-0.998422146 0.027267074 0.049089000 -146.173141479 0.029031873 0.998944283 0.035604376 4.002046585 -0.048066340 0.036973346 -0.998159587 -81.008934021
-0.998469591 0.026958650 0.048286937 -146.175094604 0.028706687 0.998943686 0.035881069 3.997783422 -0.047268622 0.037212316 -0.998188794 -80.955032349
-0.998453438 0.026996741 0.048597626 -146.177276611 0.028761066 0.998938501 0.035979286 3.996588945 -0.047574721 0.037321363 -0.998170197 -80.953056335
-0.998444021 0.027248150 0.048651848 -146.175720215 0.029007588 0.998936653 0.035831649 3.997310877 -0.047623746 0.037187170 -0.998172879 -80.953559875
-0.998428464 0.027273711 0.048955556 -146.178741455 0.029048070 0.998932838 0.035906333 3.995996714 -0.047923997 0.037271969 -0.998155296 -80.954734802
-0.998426914 0.027281282 0.048984088 -146.178054810 0.029055923 0.998933256 0.035889916 3.996921062 -0.047952719 0.037256733 -0.998154521 -80.953483582
-0.998434901 0.027117368 0.048911933 -146.175094604 0.028891906 0.998935997 0.035945654 3.996250153 -0.047885153 0.037302554 -0.998156071 -80.954589844
-0.998416662 0.027394440 0.049131479 -146.175628662 0.029181223 0.998924673 0.036026429 3.994623184 -0.048091732 0.037403096 -0.998142362 -80.950805664
-0.998407185 0.027302414 0.049372453 -146.176269531 0.029098809 0.998926640 0.036039323 3.995025873 -0.048335478 0.037418600 -0.998130023 -80.953262329
-0.998388350 0.027549997 0.049616333 -146.173843384 0.029351290 0.998922348 0.035949327 3.994512796 -0.048572458 0.037347693 -0.998121142 -80.951583862
-0.998371422 0.027570255 0.049944308 -146.173812866 0.029384408 0.998921096 0.035960872 3.995414972 -0.048898961 0.037369885 -0.998104453 -80.951995850
-0.998350322 0.027657315 0.050316319 -146.172561646 0.029481633 0.998920977 0.035883375 3.995245695 -0.049269594 0.037307583 -0.998088419 -80.950576782
-0.998327732 0.027875636 0.050642647 -146.170242310 0.029706288 0.998918653 0.035762638 3.996923685 -0.049590960 0.037207238 -0.998076260 -80.949661255
-0.998298645 0.028018935 0.051136743 -146.174758911 0.029876670 0.998907447 0.035933223 3.994443417 -0.050074045 0.037399873 -0.998045027 -80.951927185
-0.998293221 0.028098820 0.051196814 -146.174652100 0.029959498 0.998904467 0.035946049 3.994333506 -0.050130669 0.037418529 -0.998041391 -80.950622559
-0.998293936 0.028154945 0.051152132 -146.174392700 0.030014452 0.998902500 0.035955377 3.994941950 -0.050083678 0.037429336 -0.998043358 -80.953170776
-0.998285770 0.028185032 0.051294293 -146.172332764 0.030045215 0.998905003 0.035862546 3.996410131 -0.050227337 0.037342217 -0.998039424 -80.949981689
-0.998276114 0.028251536 0.051445663 -146.173980713 0.030116854 0.998903215 0.035851106 3.996238470 -0.050376356 0.037338678 -0.998032033 -80.952880859
-0.998254299 0.028554576 0.051702108 -146.175201416 0.030426368 0.998896241 0.035785720 3.997163057 -0.050623190 0.037296351 -0.998021126 -80.955429077
-0.998244345 0.028472757 0.051938344 -146.173522949 0.030354103 0.998897851 0.035800770 3.996760130 -0.050861739 0.037314452 -0.998008370 -80.952957153
-0.998245716 0.028573621 0.051856369 -146.169891357 0.030458884 0.998889744 0.035936803 3.994601965 -0.050771948 0.037453238 -0.998007715 -80.952133179
-0.998262584 0.028536879 0.051550493 -146.158020020 0.030417418 0.998886228 0.036070980 3.991785765 -0.050463706 0.037576348 -0.998018682 -80.949279785
-0.998239696 0.028359305 0.052089285 -146.170867920 0.030254304 0.998895168 0.035958841 3.993604660 -0.051011954 0.037471462 -0.997994840 -80.949630737
-0.998229384 0.028426467 0.052250221 -146.172821045 0.030332156 0.998889625 0.036048610 3.993585110 -0.051167477 0.037569650 -0.997983158 -80.951438904
-0.998212039 0.028518885 0.052530438 -146.176208496 0.030425237 0.998893678 0.035855427 3.995510578 -0.051449761 0.037389565 -0.997975409 -80.952156067
-0.998196959 0.028743360 0.052693497 -146.176345825 0.030649796 0.998891056 0.035735771 3.997511625 -0.051607888 0.037286382 -0.997971117 -80.949867249
-0.998202562 0.028679164 0.052624095 -146.169082642 0.030591961 0.998886645 0.035909999 3.994439125 -0.051535625 0.037455320 -0.997968554 -80.951576233
-0.998169839 0.028857034 0.053143568 -146.176498413 0.030781716 0.998886168 0.035761386 3.997790575 -0.052052412 0.037331790 -0.997946262 -80.947746277
-0.998175025 0.028952565 0.052994199 -146.174041748 0.030870723 0.998884082 0.035742134 3.998320818 -0.051900212 0.037312873 -0.997954965 -80.951980591
-0.998157978 0.029024391 0.053274184 -146.175338745 0.030952444 0.998881996 0.035730079 3.998576403 -0.052177574 0.037313238 -0.997940421 -80.953506470
-0.998175263 0.028897915 0.053019866 -146.173904419 0.030815193 0.998887002 0.035707466 3.999365807 -0.051928956 0.037276123 -0.997954845 -80.953285217
-0.998174608 0.028699543 0.053139903 -146.174545288 0.030622471 0.998892069 0.035732515 4.000113010 -0.052055515 0.037294567 -0.997947514 -80.952697754
-0.998169839 0.028888054 0.053127091 -146.171691895 0.030813416 0.998884320 0.035785757 3.996963024 -0.052034050 0.037357289 -0.997946322 -80.953674316
-0.998176694 0.028769366 0.053063143 -146.170333862 0.030699810 0.998882592 0.035930987 3.995228529 -0.051970117 0.037494503 -0.997944474 -80.949714661
-0.998182416 0.028764049 0.052957065 -146.169891357 0.030688345 0.998884499 0.035889663 3.996128082 -0.051865637 0.037449595 -0.997951627 -80.953636169
-0.998166442 0.028810754 0.053232241 -146.176223755 0.030734446 0.998890579 0.035679571 4.000273228 -0.052145232 0.037250213 -0.997944474 -80.951492310
-0.998177290 0.028804161 0.053032272 -146.169815063 0.030728132 0.998885393 0.035828434 3.996676683 -0.051941138 0.037392713 -0.997949839 -80.949234009
-0.998169839 0.028787617 0.053182114 -146.174667358 0.030716687 0.998886108 0.035818782 3.997855902 -0.052091725 0.037386801 -0.997942209 -80.953422546
-0.998166323 0.028897332 0.053186882 -146.173751831 0.030832425 0.998878539 0.035929244 3.995436430 -0.052088946 0.037503239 -0.997937977 -80.949928284
-0.998170793 0.028809886 0.053151626 -146.173614502 0.030739252 0.998884380 0.035845920 3.997359514 -0.052059595 0.037414189 -0.997942805 -80.950248718
-0.998158813 0.028917879 0.053317852 -146.175216675 0.030857207 0.998878300 0.035915647 3.995082617 -0.052219436 0.037494760 -0.997931361 -80.952087402
-0.998160481 0.028872598 0.053311065 -146.175598145 0.030810021 0.998880863 0.035884790 3.996916533 -0.052215327 0.037461292 -0.997932911 -80.951858521
-0.998123944 0.028753247 0.054053161 -146.175430298 0.030714761 0.998886287 0.035815015 3.995107889 -0.052963160 0.037408058 -0.997895539 -80.950691223
-0.998002529 0.028597327 0.056331173 -146.171737671 0.030627962 0.998899460 0.035520788 3.992464066 -0.055253372 0.037175141 -0.997780085 -80.952217102
-0.997917295 0.027907729 0.058156893 -146.168594360 0.029980497 0.998934746 0.035078518 3.994341612 -0.057115968 0.036749035 -0.997690916 -80.962684631
-0.997720540 0.027610032 0.061574318 -146.166748047 0.029797150 0.998946846 0.034889128 3.993371487 -0.060546167 0.036644340 -0.997492492 -80.975463867
-0.997379363 0.028078210 0.066678032 -146.162170410 0.030422870 0.998944521 0.034412704 4.001651764 -0.065641411 0.036351059 -0.997180879 -80.994483948
-0.997004747 0.027752709 0.072189741 -146.152114868 0.030309718 0.998942614 0.034569573 3.996265888 -0.071153998 0.036654077 -0.996791601 -81.015518188
-0.996561885 0.027070036 0.078304201 -146.138305664 0.029869800 0.998947561 0.034807347 3.991378069 -0.077279553 0.037026607 -0.996321619 -81.045242310
-0.995911360 0.027006142 0.086204961 -146.124099731 0.030067747 0.998955131 0.034416590 3.997965097 -0.085185438 0.036867853 -0.995682776 -81.071289062
-0.995130360 0.026377605 0.094972327 -146.105880737 0.029743275 0.998972297 0.034198765 3.996180534 -0.093972653 0.036857013 -0.994892240 -81.108444214
-0.994220436 0.026509410 0.104033768 -146.079315186 0.030227665 0.998953342 0.034328196 3.992048025 -0.103014871 0.037274487 -0.993981183 -81.137855530
-0.993000865 0.025818385 0.115251161 -146.077148438 0.029921237 0.998973489 0.034012102 3.997633219 -0.114254698 0.037222501 -0.992753923 -81.177276611
-0.991528094 0.025565041 0.127351418 -146.063079834 0.030094501 0.998976409 0.033770077 3.997839689 -0.126357734 0.037316561 -0.991282523 -81.224258423
-0.989758730 0.025222227 0.140504524 -146.044174194 0.030180873 0.998990476 0.033273060 4.000543594 -0.139523461 0.037172846 -0.989520729 -81.274566650
-0.987632811 0.024787078 0.154813632 -146.024215698 0.030121960 0.999027133 0.032209478 3.999948740 -0.153864637 0.036474425 -0.987418413 -81.329231262
-0.984950244 0.024044458 0.171158150 -146.000167847 0.029563148 0.999119520 0.029767396 4.007383823 -0.170291722 0.034379371 -0.984793723 -81.397308350
-0.982012868 0.022984684 0.187409684 -145.949798584 0.028698742 0.999200463 0.027833294 4.000155449 -0.186620086 0.032711074 -0.981887460 -81.461524963
-0.978506207 0.021332320 0.205111355 -145.907562256 0.027401779 0.999265254 0.026795993 4.001028061 -0.204389006 0.031840459 -0.978371739 -81.559387207
-0.974602938 0.020412680 0.223007813 -145.858062744 0.027219990 0.999251306 0.027493561 4.001282215 -0.222279608 0.032865576 -0.974428833 -81.655349731
-0.970163822 0.020919913 0.241546184 -145.802886963 0.028670475 0.999179244 0.028616957 4.001585960 -0.240749240 0.034688383 -0.969967186 -81.784553528
-0.964637458 0.022064593 0.262655288 -145.753738403 0.030816115 0.999097109 0.029246347 4.007991791 -0.261772782 0.036306135 -0.964446366 -81.919921875
-0.958651960 0.020758076 0.283823043 -145.658386230 0.030617075 0.999070525 0.030344043 4.010242939 -0.282929331 0.037779208 -0.958396375 -82.060577393
-0.951492310 0.018270647 0.307129443 -145.582946777 0.029962225 0.998993039 0.033394985 4.004371166 -0.306209981 0.040977355 -0.951081693 -82.214218140
-0.943500757 0.017710641 0.330896616 -145.494201660 0.030998792 0.998909116 0.034923486 4.008491993 -0.329917163 0.043207731 -0.943020582 -82.374389648
-0.934087455 0.018297080 0.356575072 -145.420303345 0.033069484 0.998826861 0.035375930 4.010023117 -0.355509400 0.044835974 -0.933596671 -82.576690674
-0.923765361 0.018235842 0.382524639 -145.316650391 0.034928486 0.998714268 0.036738351 4.020886898 -0.381362855 0.047298621 -0.923214555 -82.750732422
-0.911357820 0.018175604 0.411213577 -145.238403320 0.037589204 0.998525143 0.039172869 4.025383472 -0.409895122 0.051157687 -0.910696924 -82.870323181
-0.896675587 0.017708275 0.442333996 -145.113265991 0.039200295 0.998450696 0.039493024 4.033789635 -0.440949321 0.052752052 -0.895980418 -83.061302185
-0.879134834 0.017888092 0.476237297 -144.974578857 0.040812533 0.998450220 0.037836924 4.038004398 -0.474822342 0.052700218 -0.878502369 -83.259468079
-0.858447790 0.016754573 0.512627244 -144.820480347 0.040368684 0.998573005 0.034964480 4.045185089 -0.511309862 0.050709266 -0.857899010 -83.459983826
-0.834609151 0.014099063 0.550662279 -144.646377563 0.038197055 0.998747408 0.032321453 4.044649601 -0.549516797 0.048009451 -0.834102154 -83.657379150
-0.806488633 0.012546321 0.591116488 -144.463317871 0.038104106 0.998799443 0.030787956 4.031775475 -0.590020478 0.047354102 -0.805998385 -83.861816406
-0.774201274 0.016311010 0.632729292 -144.229171753 0.042829972 0.998726606 0.026660342 4.040520191 -0.631488681 0.047740243 -0.773913980 -84.102851868
-0.738745630 0.021242144 0.673649549 -143.967102051 0.047413409 0.998664856 0.020504223 4.065904617 -0.672314644 0.047087424 -0.738766432 -84.357345581
-0.701811314 0.022497026 0.712007523 -143.671783447 0.048544418 0.998688161 0.016294084 4.071001053 -0.710706830 0.045999359 -0.701982737 -84.606803894
-0.662919223 0.021710791 0.748376012 -143.321624756 0.048366524 0.998733342 0.013869777 4.079805374 -0.747126937 0.045390885 -0.663129628 -84.883361816
-0.622379303 0.022117969 0.782403231 -142.926589966 0.050169107 0.998672426 0.011676334 4.091571331 -0.781106353 0.046519581 -0.622662663 -85.153076172
-0.578883410 0.021659199 0.815122485 -142.498413086 0.050833546 0.998661339 0.009564810 4.129722595 -0.813824296 0.046972483 -0.579209387 -85.441452026
-0.533808053 0.017832985 0.845417559 -142.042205811 0.050763406 0.998650253 0.010987471 4.133755684 -0.844080627 0.048781469 -0.533992767 -85.699310303
-0.486731917 0.013374120 0.873448908 -141.556671143 0.052808460 0.998504579 0.014138717 4.134642124 -0.871953845 0.053007260 -0.486710250 -85.940536499
-0.437223554 0.010666584 0.899289548 -141.037353516 0.057854284 0.998192132 0.016288362 4.147988796 -0.897490084 0.059149411 -0.437050223 -86.174682617
-0.386517048 0.006612549 0.922258496 -140.493255615 0.061475821 0.997935116 0.018609267 4.147599220 -0.920231164 0.063889407 -0.386125296 -86.380828857
-0.337672979 0.002461839 0.941260278 -139.904708862 0.063325807 0.997790456 0.020108158 4.151937485 -0.939130902 0.066396058 -0.337082684 -86.546340942
-0.287389368 -0.001716257 0.957812369 -139.300491333 0.065588631 0.997615755 0.021467291 4.153272152 -0.955565631 0.068991072 -0.286591679 -86.700904846
-0.238393351 -0.004246243 0.971159339 -138.673858643 0.067622259 0.997490764 0.020960808 4.158996582 -0.968811631 0.070668906 -0.237508088 -86.833656311
-0.193134353 -0.004111960 0.981163621 -138.011489868 0.071099050 0.997303724 0.018174902 4.161966324 -0.978592932 0.073270015 -0.192321330 -86.944206238
-0.153134078 -0.003130950 0.988200426 -137.312103271 0.070213109 0.997433126 0.014040617 4.177708626 -0.985707879 0.071534723 -0.152521208 -87.039962769
-0.119887501 -0.002683841 0.992783844 -136.609298706 0.069740377 0.997503221 0.011118365 4.176477432 -0.990335047 0.070570067 -0.119400918 -87.096496582
-0.092294410 -0.000664283 0.995731533 -135.867233276 0.068377011 0.997635007 0.007003416 4.180244923 -0.993381202 0.068731532 -0.092030704 -87.149879456
-0.070133731 0.001086509 0.997537017 -135.101348877 0.068858080 0.997619450 0.003754603 4.178450584 -0.995158195 0.068951800 -0.070041575 -87.199569702
-0.052954502 0.001408927 0.998595893 -134.300689697 0.068873763 0.997622848 0.002244752 4.176107883 -0.996218979 0.068895929 -0.052925691 -87.235206604
-0.038668033 0.002853853 0.999248028 -133.481552124 0.070342675 0.997522831 -0.000126861 4.172054291 -0.996773124 0.070284873 -0.038772967 -87.260154724
-0.024122929 0.004782994 0.999697506 -132.648208618 0.071823522 0.997412741 -0.003038940 4.163668633 -0.997125566 0.071728505 -0.024404055 -87.279289246
-0.009423366 0.007977054 0.999923825 -131.783004761 0.072964385 0.997308075 -0.007268563 4.149971962 -0.997289956 0.072890334 -0.009980014 -87.283218384
0.004497175 0.011199024 0.999927163 -130.914230347 0.072924383 0.997271180 -0.011497251 4.135003090 -0.997327328 0.072970778 0.003668251 -87.269477844
0.017126387 0.011783311 0.999783814 -130.007492065 0.069303818 0.997511566 -0.012943707 4.122950554 -0.997448564 0.069510520 0.016267119 -87.247497559
0.026414871 0.011559710 0.999584317 -129.082046509 0.065130711 0.997788608 -0.013260080 4.101401329 -0.997527063 0.065453894 0.025603600 -87.215049744
0.031923924 0.011769721 0.999420881 -128.133880615 0.060777437 0.998057306 -0.013695038 4.082645416 -0.997640729 0.061179440 0.031146534 -87.176139832
0.033862941 0.012093548 0.999353290 -127.163215637 0.057953764 0.998220503 -0.014043596 4.059962749 -0.997744799 0.058391843 0.033101816 -87.126892090
0.034663677 0.011068331 0.999337733 -126.163825989 0.057128210 0.998281717 -0.013038220 4.043863297 -0.997765005 0.057542324 0.033971779 -87.089324951
0.035895523 0.010038368 0.999305069 -125.151741028 0.057296466 0.998284101 -0.012086218 4.024923801 -0.997711718 0.057690497 0.035258722 -87.047462463
0.038699429 0.008999214 0.999210477 -124.113632202 0.058855388 0.998202920 -0.011269612 3.995203495 -0.997516096 0.059245043 0.038100265 -87.001670837
0.043665264 0.008799442 0.999007463 -123.049682617 0.059506666 0.998162985 -0.011392961 3.979832172 -0.997272432 0.059945080 0.043061435 -86.965026855
0.047802895 0.009303655 0.998813450 -121.980209351 0.059257593 0.998169005 -0.012133696 3.957421780 -0.997097492 0.059767302 0.047164056 -86.903060913
0.052215166 0.009712632 0.998588622 -120.885879517 0.058746364 0.998191118 -0.012780564 3.939649582 -0.996906459 0.059330788 0.051550135 -86.845947266
0.057726983 0.009537368 0.998286843 -119.782379150 0.057744730 0.998248398 -0.012876148 3.920412779 -0.996661007 0.058389105 0.057075169 -86.784095764
0.062345453 0.007027462 0.998029947 -118.665588379 0.058263198 0.998244226 -0.010668593 3.898192883 -0.996352553 0.058813550 0.061826542 -86.710166931
0.067248538 0.002938394 0.997731924 -117.517112732 0.060633264 0.998135328 -0.007026353 3.870790958 -0.995892167 0.060968250 0.066944979 -86.628669739
0.071642891 0.000727274 0.997430027 -116.360160828 0.060948212 0.998127937 -0.005105539 3.852730513 -0.995566487 0.061157357 0.071464449 -86.546859741
0.073051989 0.001339715 0.997327209 -115.184547424 0.060787939 0.998133838 -0.005793384 3.835736990 -0.995473862 0.061048694 0.072834231 -86.451629639
0.073267639 0.003438782 0.997306406 -114.018157959 0.059018716 0.998226583 -0.007777793 3.821643114 -0.995564461 0.059429608 0.072934747 -86.369117737
0.072515205 0.003903440 0.997359633 -112.818611145 0.059011132 0.998223722 -0.008197358 3.806111336 -0.995619953 0.059449766 0.072156049 -86.287490845
0.071497478 0.001509039 0.997439563 -111.627517700 0.059891175 0.998187959 -0.005803224 3.784322262 -0.995641053 0.060152743 0.071277536 -86.200523376
0.070367195 -0.000665580 0.997520924 -110.414100647 0.061213363 0.998117983 -0.003652144 3.757510185 -0.995641112 0.061318595 0.070275545 -86.104820251
0.069829613 -0.002208970 0.997556448 -109.214027405 0.062896200 0.998017788 -0.002192777 3.733646154 -0.995574117 0.062895626 0.069830112 -86.025894165
0.069388554 -0.002477915 0.997586608 -108.018585205 0.062657677 0.998033404 -0.001879219 3.714070082 -0.995619953 0.062636860 0.069407374 -85.939422607
0.068473957 -0.002895187 0.997648716 -106.836463928 0.063442037 0.997984469 -0.001458197 3.687229395 -0.995633662 0.063392714 0.068519592 -85.850051880
0.068257391 -0.001255352 0.997667015 -105.645133972 0.062871970 0.998017013 -0.003045722 3.662062168 -0.995684624 0.062933184 0.068200953 -85.772224426
0.067131653 0.000810501 0.997743785 -104.473526001 0.062514000 0.998031497 -0.005016885 3.631066084 -0.995783806 0.062709749 0.066948839 -85.678268433
0.066737659 0.001330142 0.997769594 -103.275115967 0.061961349 0.998063505 -0.005474935 3.611034632 -0.995844841 0.062188536 0.066526018 -85.597961426
0.066232093 -0.000969609 0.997803807 -102.080093384 0.061608765 0.998095453 -0.003119564 3.584070206 -0.995900512 0.061680079 0.066165686 -85.515502930
0.065512553 -0.002856253 0.997847676 -100.912071228 0.061516248 0.998105407 -0.001181791 3.563107729 -0.995953679 0.061461270 0.065564148 -85.431999207
0.065334812 -0.001376733 0.997862518 -99.730201721 0.060288042 0.998177707 -0.002570177 3.539646149 -0.996040523 0.060327090 0.065298766 -85.355026245
0.065102905 0.000492750 0.997878432 -98.537628174 0.061203647 0.998115242 -0.004485873 3.511344671 -0.995999813 0.061365839 0.064950027 -85.277679443
0.064311393 0.002051849 0.997927725 -97.360778809 0.061779391 0.998071551 -0.006033510 3.483399868 -0.996015728 0.062039383 0.064060599 -85.191711426
0.063970789 -0.000186788 0.997951746 -96.180702209 0.060410812 0.998166800 -0.003685627 3.453559637 -0.996121585 0.060522854 0.063864805 -85.121185303
0.064277574 -0.003623052 0.997925401 -95.000320435 0.059524715 0.998226762 -0.000209911 3.431854963 -0.996155202 0.059414718 0.064379245 -85.049659729
0.063184559 -0.006024223 0.997983634 -93.819198608 0.057973348 0.998315334 0.002355806 3.406996489 -0.996316552 0.057707597 0.063427329 -84.970397949
0.062625661 -0.004627193 0.998026490 -92.672447205 0.055311143 0.998468518 0.001158491 3.381918907 -0.996503174 0.055129424 0.062785730 -84.884170532
0.062727243 -0.003056497 0.998026073 -91.510040283 0.054815292 0.998496473 -0.000387275 3.361936808 -0.996524215 0.054731376 0.062800482 -84.812942505
0.062192883 -0.002648008 0.998060584 -90.355651855 0.053934678 0.998544157 -0.000711579 3.337733984 -0.996605814 0.053874340 0.062245160 -84.728111267
0.062398378 -0.003123942 0.998046458 -89.196601868 0.052766237 0.998606920 -0.000173272 3.320853710 -0.996655464 0.052673973 0.062476292 -84.655197144
0.061655976 -0.004831241 0.998085737 -88.053977966 0.053835656 0.998548687 0.001507828 3.295568228 -0.996644497 0.053639635 0.061826583 -84.569549561
0.061640542 -0.004512501 0.998088300 -86.900932312 0.054045986 0.998537779 0.001176727 3.275408983 -0.996634007 0.053870130 0.061794292 -84.496917725
0.061403319 -0.002167836 0.998110712 -85.769630432 0.056794126 0.998384953 -0.001325524 3.255844831 -0.996495783 0.056768212 0.061427306 -84.426277161
0.062452383 -0.001314686 0.998047054 -84.620727539 0.059504397 0.998225152 -0.002408541 3.229721546 -0.996272504 0.059538607 0.062419798 -84.366134644
0.063929252 -0.001843528 0.997952700 -83.472908020 0.061864030 0.998082340 -0.002119271 3.206552982 -0.996035039 0.061872859 0.063920721 -84.291122437
0.066519439 -0.003028142 0.997780561 -82.341506958 0.062126253 0.998067737 -0.001112781 3.184172869 -0.995849192 0.062062386 0.066579022 -84.209152222
