5.868902999999999759e-01 4.366090999999999722e-02 -8.084883999999999959e-01 1.967610999999999990e+02 -2.548602999999999980e-02 9.990464000000000011e-01 3.545107000000000119e-02 -1.368933000000000000e+01 8.092652000000000179e-01 -2.007230000000000093e-04 5.874433000000000016e-01 2.015088000000000079e+02
5.774318000000000506e-01 3.850325000000000275e-02 -8.155305000000000470e-01 1.962529999999999859e+02 -1.971235000000000001e-02 9.992535999999999641e-01 3.322006999999999738e-02 -1.367872000000000021e+01 8.162009000000000070e-01 -3.106294999999999803e-03 5.777598000000000456e-01 2.018720000000000141e+02
5.677094999999999780e-01 3.186388999999999888e-02 -8.226120999999999572e-01 1.957323000000000093e+02 -1.557898999999999916e-02 9.994874999999999732e-01 2.796362999999999974e-02 -1.366521999999999970e+01 8.230815999999999688e-01 -3.059750999999999877e-03 5.679149000000000003e-01 2.022339000000000055e+02
5.571490999999999527e-01 2.847504999999999828e-02 -8.299241000000000534e-01 1.951848999999999990e+02 -1.378595999999999988e-02 9.995912999999999604e-01 2.504154999999999923e-02 -1.365300000000000047e+01 8.302979999999999805e-01 -2.510571999999999977e-03 5.573139999999999761e-01 2.025989999999999895e+02
5.464706999999999759e-01 2.428148999999999932e-02 -8.371262000000000425e-01 1.946237000000000137e+02 -9.969527000000000597e-03 9.996973999999999583e-01 2.248895999999999881e-02 -1.364311000000000007e+01 8.374188999999999661e-01 -3.943796999999999754e-03 5.465472999999999582e-01 2.029670999999999879e+02
5.424801999999999680e-01 2.376208000000000140e-02 -8.397324999999999928e-01 1.939553999999999974e+02 -8.732600999999999558e-03 9.997053999999999663e-01 2.264746999999999941e-02 -1.363086000000000020e+01 8.400231999999999699e-01 -4.952749000000000214e-03 5.425278000000000045e-01 2.033508999999999958e+02
5.384822999999999693e-01 2.325272000000000103e-02 -8.423159999999999537e-01 1.932880999999999858e+02 -7.496301000000000353e-03 9.997118000000000393e-01 2.280545999999999962e-02 -1.361861999999999995e+01 8.426034000000000024e-01 -5.966077000000000186e-03 5.385014000000000189e-01 2.037341999999999871e+02
5.344662999999999498e-01 2.275210999999999900e-02 -8.448835000000000095e-01 1.926197999999999979e+02 -6.257289000000000080e-03 9.997167000000000137e-01 2.296335000000000043e-02 -1.360636000000000045e+01 8.451665999999999901e-01 -6.986454999999999922e-03 5.344573000000000240e-01 2.041178999999999917e+02
5.304375000000000062e-01 2.226093999999999989e-02 -8.474317000000000100e-01 1.919516000000000133e+02 -5.017164999999999646e-03 9.997201000000000004e-01 2.312095000000000122e-02 -1.359409999999999918e+01 8.477092000000000516e-01 -8.012507000000000310e-03 5.304006999999999472e-01 2.045016999999999996e+02
5.263972999999999569e-01 2.177940999999999905e-02 -8.499598000000000431e-01 1.912835000000000036e+02 -3.776330000000000051e-03 9.997219000000000522e-01 2.327817000000000081e-02 -1.358183999999999969e+01 8.502302999999999944e-01 -9.043831999999999913e-03 5.263330999999999982e-01 2.048853000000000009e+02
5.223440000000000305e-01 2.130736000000000088e-02 -8.524686999999999681e-01 1.906152999999999906e+02 -2.534265999999999863e-03 9.997220999999999469e-01 2.343510000000000038e-02 -1.356958000000000020e+01 8.527310999999999641e-01 -1.008079999999999914e-02 5.222527999999999615e-01 2.052690000000000055e+02
5.182782000000000222e-01 2.084487999999999966e-02 -8.549581000000000541e-01 1.899472000000000094e+02 -1.291087999999999915e-03 9.997207999999999650e-01 2.359170999999999838e-02 -1.355732000000000070e+01 8.552111000000000018e-01 -1.112323999999999952e-02 5.181603000000000181e-01 2.056527000000000100e+02
5.141999999999999904e-01 2.039202000000000028e-02 -8.574279000000000206e-01 1.892789999999999964e+02 -4.684839000000000294e-05 9.997179999999999955e-01 2.374799000000000007e-02 -1.354505999999999943e+01 8.576702999999999966e-01 -1.217103999999999929e-02 5.140559000000000101e-01 2.060363000000000113e+02
5.101147999999999794e-01 1.994937000000000099e-02 -8.598749999999999449e-01 1.886116000000000099e+02 1.196901999999999905e-03 9.997135000000000327e-01 2.390373000000000150e-02 -1.353280999999999956e+01 8.601054000000000199e-01 -1.322282999999999965e-02 5.099447999999999759e-01 2.064194999999999993e+02
5.060126999999999819e-01 1.951589000000000101e-02 -8.623053000000000523e-01 1.879435000000000002e+02 2.443209999999999913e-03 9.997074999999999712e-01 2.405931999999999862e-02 -1.352055000000000007e+01 8.625226000000000282e-01 -1.428110999999999964e-02 5.058169000000000137e-01 2.068031000000000006e+02
5.018983999999999668e-01 1.909214999999999871e-02 -8.647158999999999818e-01 1.872752999999999872e+02 3.690597999999999795e-03 9.996998999999999747e-01 2.421457999999999944e-02 -1.350827999999999918e+01 8.649187000000000403e-01 -1.534457000000000008e-02 5.016772999999999927e-01 2.071867000000000019e+02
4.977777999999999925e-01 1.867871999999999935e-02 -8.671035000000000270e-01 1.866080000000000041e+02 4.937409000000000242e-03 9.996907999999999905e-01 2.436926999999999843e-02 -1.349602999999999930e+01 8.672904999999999642e-01 -1.641172000000000117e-02 4.975316000000000183e-01 2.075697999999999865e+02
4.936400000000000232e-01 1.827457999999999860e-02 -8.694743999999999806e-01 1.859398999999999944e+02 6.186879999999999637e-03 9.996800999999999604e-01 2.452381000000000005e-02 -1.348376000000000019e+01 8.696443000000000367e-01 -1.748525999999999900e-02 4.933690000000000020e-01 2.079533999999999878e+02
4.894958999999999838e-01 1.788079000000000057e-02 -8.718223000000000500e-01 1.852726000000000113e+02 7.435807000000000007e-03 9.996677999999999953e-01 2.467779999999999974e-02 -1.347150000000000070e+01 8.719738999999999685e-01 -1.856237999999999985e-02 4.892002999999999768e-01 2.083365000000000009e+02
4.853354999999999753e-01 1.749643999999999852e-02 -8.741529999999999578e-01 1.846045000000000016e+02 8.687235999999999222e-03 9.996538999999999842e-01 2.483159999999999881e-02 -1.345922999999999981e+01 8.742847999999999731e-01 -1.964561999999999906e-02 4.850154999999999883e-01 2.087201000000000022e+02
4.806291999999999787e-01 1.721423000000000050e-02 -8.767549999999999510e-01 1.839471000000000060e+02 1.022455000000000065e-02 9.996293000000000539e-01 2.523175999999999891e-02 -1.344679000000000002e+01 8.768643000000000409e-01 -2.109153999999999890e-02 4.802750000000000075e-01 2.091004000000000076e+02
4.806903000000000148e-01 1.613906999999999842e-02 -8.767418999999999629e-01 1.832041000000000111e+02 9.232007999999999881e-03 9.996819999999999595e-01 2.346378000000000005e-02 -1.343628000000000000e+01 8.768418000000000045e-01 -1.937289000000000025e-02 4.803884999999999961e-01 2.095083999999999946e+02
4.808417999999999859e-01 1.803466000000000097e-02 -8.766218999999999539e-01 1.824519999999999982e+02 9.369176999999999367e-03 9.996256999999999504e-01 2.570435999999999901e-02 -1.342599000000000053e+01 8.767572999999999617e-01 -2.057294999999999957e-02 4.804927999999999977e-01 2.099238000000000000e+02
4.811037000000000230e-01 2.114765999999999868e-02 -8.764085999999999821e-01 1.816951999999999998e+02 1.179488000000000064e-02 9.994623000000000257e-01 3.059171999999999933e-02 -1.341607999999999912e+01 8.765842999999999829e-01 -2.505492000000000136e-02 4.805955000000000088e-01 2.103473999999999933e+02
4.812579000000000162e-01 2.621331999999999829e-02 -8.761870999999999965e-01 1.809299000000000035e+02 1.304139999999999987e-02 9.992280000000000051e-01 3.705756999999999801e-02 -1.340241999999999933e+01 8.764819999999999833e-01 -2.926093999999999917e-02 4.805443999999999827e-01 2.107743000000000109e+02
4.816574000000000133e-01 2.942202000000000012e-02 -8.758656000000000219e-01 1.801625999999999976e+02 1.402504000000000077e-02 9.990495000000000347e-01 4.127269000000000077e-02 -1.338372000000000028e+01 8.762472999999999512e-01 -3.216333999999999860e-02 4.807869000000000170e-01 2.112023000000000081e+02
4.822547999999999835e-01 3.144000000000000267e-02 -8.754667000000000421e-01 1.793913000000000011e+02 1.015669999999999941e-02 9.990879000000000287e-01 4.147440000000000154e-02 -1.336665999999999954e+01 8.759721000000000313e-01 -2.889306999999999986e-02 4.814956000000000236e-01 2.116252000000000066e+02
4.833626999999999785e-01 3.187626999999999822e-02 -8.748396999999999979e-01 1.786193000000000097e+02 5.062070000000000111e-03 9.992183000000000037e-01 3.920508999999999800e-02 -1.334759000000000029e+01 8.754054999999999476e-01 -2.337877000000000011e-02 4.828234000000000137e-01 2.120481000000000051e+02
4.837350999999999734e-01 2.753809999999999938e-02 -8.747812000000000365e-01 1.778549999999999898e+02 5.532439999999999580e-03 9.993887000000000187e-01 3.452006999999999992e-02 -1.332748999999999917e+01 8.751970000000000027e-01 -2.153822999999999849e-02 4.832870000000000221e-01 2.124736000000000047e+02
4.838463000000000069e-01 2.740406000000000092e-02 -8.747238999999999987e-01 1.770882000000000005e+02 5.515286999999999794e-03 9.993942999999999577e-01 3.436058000000000168e-02 -1.331081999999999965e+01 8.751356000000000135e-01 -2.144957999999999934e-02 4.834021000000000012e-01 2.129016000000000020e+02
4.835302000000000211e-01 2.769405999999999951e-02 -8.748894999999999866e-01 1.763214999999999861e+02 5.234355999999999905e-03 9.993900000000000006e-01 3.452794000000000002e-02 -1.329865000000000030e+01 8.753119999999999790e-01 -2.127478000000000008e-02 4.830902000000000251e-01 2.133301999999999907e+02
4.834053999999999851e-01 3.025502000000000052e-02 -8.748736999999999764e-01 1.755541000000000054e+02 6.716408999999999574e-03 9.992448999999999915e-01 3.826717000000000313e-02 -1.328287000000000084e+01 8.753708000000000045e-01 -2.437454999999999830e-02 4.828372000000000219e-01 2.137612000000000023e+02
4.828399999999999914e-01 2.843214000000000158e-02 -8.752469000000000499e-01 1.747915000000000134e+02 7.572747000000000332e-03 9.992997999999999603e-01 3.663956000000000157e-02 -1.326848000000000027e+01 8.756758000000000042e-01 -2.431905999999999998e-02 4.822866000000000097e-01 2.141877000000000066e+02
4.827551999999999954e-01 3.095142000000000032e-02 -8.752083000000000501e-01 1.740244999999999891e+02 4.922987999999999670e-03 9.992634999999999712e-01 3.805406000000000066e-02 -1.325104999999999933e+01 8.757414999999999505e-01 -2.267943000000000042e-02 4.822472999999999899e-01 2.146086999999999989e+02
4.825787999999999744e-01 3.241063999999999751e-02 -8.752526999999999946e-01 1.732608999999999924e+02 5.750594000000000365e-03 9.991763000000000172e-01 4.017019000000000145e-02 -1.323226999999999975e+01 8.758337000000000483e-01 -2.441849000000000103e-02 4.819948000000000010e-01 2.150319000000000074e+02
4.827704999999999913e-01 3.128451000000000148e-02 -8.751879999999999660e-01 1.725055999999999869e+02 9.977849999999999914e-03 9.991003000000000522e-01 4.121786999999999673e-02 -1.321743999999999986e+01 8.756899999999999684e-01 -2.863125999999999866e-02 4.820240000000000080e-01 2.154573000000000036e+02
4.824646000000000212e-01 2.676318999999999920e-02 -8.755064999999999653e-01 1.717547000000000139e+02 1.122812999999999936e-02 9.992619999999999836e-01 3.673372999999999916e-02 -1.320315000000000083e+01 8.758434999999999970e-01 -2.755300999999999931e-02 4.818080000000000140e-01 2.158788999999999874e+02
4.816989999999999883e-01 1.890539000000000108e-02 -8.761328000000000449e-01 1.710067999999999984e+02 1.172856000000000072e-02 9.995386000000000548e-01 2.801665000000000058e-02 -1.318941000000000052e+01 8.762581999999999871e-01 -2.377135000000000012e-02 4.812549999999999883e-01 2.162960999999999956e+02
4.799277000000000126e-01 1.319981999999999926e-02 -8.772088000000000108e-01 1.702629000000000019e+02 1.425660999999999942e-02 9.996374000000000093e-01 2.284198000000000131e-02 -1.317493999999999943e+01 8.771921999999999775e-01 -2.346851999999999966e-02 4.795654999999999779e-01 2.167165999999999997e+02
4.787752000000000119e-01 1.428541000000000012e-02 -8.778213000000000266e-01 1.695152999999999963e+02 1.878648999999999944e-02 9.994718999999999687e-01 2.651152000000000022e-02 -1.316501000000000055e+01 8.777365000000000306e-01 -2.918422999999999851e-02 4.782540000000000124e-01 2.171384999999999934e+02
4.785343000000000235e-01 2.162891999999999940e-02 -8.778025000000000411e-01 1.687701000000000136e+02 1.653829999999999883e-02 9.992971999999999966e-01 3.363839999999999886e-02 -1.316244999999999976e+01 8.779131000000000018e-01 -3.061447999999999947e-02 4.778401999999999927e-01 2.175492999999999881e+02
4.782023000000000246e-01 2.460729000000000041e-02 -8.779050000000000464e-01 1.680394000000000005e+02 1.224110999999999949e-02 9.993235000000000312e-01 3.467843999999999788e-02 -1.315694000000000052e+01 8.781643999999999561e-01 -2.732984000000000108e-02 4.775775999999999910e-01 2.179446000000000083e+02
4.774434000000000178e-01 2.113786999999999958e-02 -8.784081999999999724e-01 1.673274999999999864e+02 1.284773999999999985e-02 9.994357000000000379e-01 3.103341999999999906e-02 -1.314619000000000071e+01 8.785684999999999745e-01 -2.610225999999999866e-02 4.769024000000000041e-01 2.183360000000000127e+02
4.764047000000000143e-01 1.744597999999999982e-02 -8.790531000000000317e-01 1.666357000000000141e+02 1.827780999999999850e-02 9.993904999999999594e-01 2.973993999999999943e-02 -1.313813000000000031e+01 8.790360999999999869e-01 -3.023539999999999908e-02 4.757953999999999795e-01 2.187258999999999958e+02
4.751464000000000243e-01 1.941584000000000018e-02 -8.796926000000000467e-01 1.659531000000000063e+02 1.820224999999999968e-02 9.993256999999999834e-01 3.188781999999999728e-02 -1.313632999999999917e+01 8.797184999999999588e-01 -3.116375999999999868e-02 4.744725000000000192e-01 2.191019000000000005e+02
4.739791999999999894e-01 2.258405999999999955e-02 -8.802463999999999844e-01 1.652855000000000132e+02 1.795793999999999863e-02 9.992151999999999701e-01 3.530606000000000022e-02 -1.313005000000000067e+01 8.803528999999999938e-01 -3.254172999999999788e-02 4.732016000000000000e-01 2.194664999999999964e+02
4.714124000000000092e-01 2.039358000000000143e-02 -8.816770999999999914e-01 1.646403999999999996e+02 2.144317999999999919e-02 9.991719999999999491e-01 3.457646999999999804e-02 -1.312097999999999942e+01 8.816521000000000496e-01 -3.520572000000000285e-02 4.705847000000000224e-01 2.198238000000000056e+02
4.679307999999999801e-01 2.019021000000000010e-02 -8.835345000000000004e-01 1.640103000000000009e+02 2.243095999999999979e-02 9.991455999999999671e-01 3.471182999999999907e-02 -1.311339000000000077e+01 8.834804000000000546e-01 -3.606125000000000302e-02 4.670780999999999961e-01 2.201650999999999954e+02
4.638685000000000169e-01 2.300695999999999991e-02 -8.856053000000000397e-01 1.633948000000000036e+02 1.929896999999999863e-02 9.991630000000000233e-01 3.606560999999999795e-02 -1.310510999999999981e+01 8.856937999999999755e-01 -3.382095000000000240e-02 4.630362000000000089e-01 2.204853999999999985e+02
4.581511999999999807e-01 2.338594999999999910e-02 -8.885665999999999842e-01 1.628000000000000114e+02 1.781531999999999907e-02 9.992113999999999718e-01 3.548368999999999829e-02 -1.309911999999999921e+01 8.886956999999999773e-01 -3.208698000000000106e-02 4.573732999999999826e-01 2.207923000000000116e+02
4.510455999999999910e-01 2.793046999999999891e-02 -8.920637999999999623e-01 1.622184000000000026e+02 1.493452999999999968e-02 9.991339999999999666e-01 3.883404000000000023e-02 -1.309520000000000017e+01 8.923758999999999997e-01 -3.083846000000000157e-02 4.502378000000000213e-01 2.210835999999999899e+02
4.430413000000000268e-01 3.016908000000000090e-02 -8.959934999999999983e-01 1.616533000000000015e+02 1.310483999999999954e-02 9.991088999999999665e-01 4.012103000000000197e-02 -1.308578999999999937e+01 8.964054000000000189e-01 -2.951710999999999918e-02 4.422511000000000081e-01 2.213597000000000037e+02
4.336028000000000104e-01 2.863614000000000090e-02 -9.006490000000000329e-01 1.611099000000000103e+02 1.093821000000000029e-02 9.992539999999999756e-01 3.703731999999999858e-02 -1.307789999999999964e+01 9.010377000000000525e-01 -2.591096999999999845e-02 4.329661000000000204e-01 2.216184000000000083e+02
4.224025000000000141e-01 2.276732000000000061e-02 -9.061223999999999945e-01 1.605745000000000005e+02 1.262654000000000033e-02 9.994397000000000419e-01 3.099806999999999910e-02 -1.307197000000000031e+01 9.063204000000000260e-01 -2.453483999999999873e-02 4.218782999999999839e-01 2.218666000000000054e+02
4.072766999999999915e-01 1.488144999999999919e-02 -9.131835999999999842e-01 1.600449999999999875e+02 1.779050999999999896e-02 9.995481999999999978e-01 2.422337999999999922e-02 -1.306664999999999921e+01 9.131314999999999849e-01 -2.611161000000000038e-02 4.068279000000000201e-01 2.221077999999999975e+02
3.877417000000000225e-01 1.048569000000000064e-02 -9.217083999999999833e-01 1.595105000000000075e+02 2.082596999999999920e-02 9.995804000000000356e-01 2.013260000000000050e-02 -1.305916000000000032e+01 9.215326999999999824e-01 -2.700171999999999989e-02 3.873605999999999994e-01 2.223343999999999880e+02
3.628979999999999984e-01 1.152449000000000008e-02 -9.317575999999999636e-01 1.589596999999999980e+02 2.048368999999999884e-02 9.995832000000000050e-01 2.034131999999999954e-02 -1.304749999999999943e+01 9.316037000000000345e-01 -2.646764999999999882e-02 3.625106000000000162e-01 2.225303000000000111e+02
3.341617000000000060e-01 1.780759000000000161e-02 -9.423475000000000046e-01 1.584078000000000088e+02 1.731034000000000045e-02 9.995368999999999504e-01 2.502665000000000098e-02 -1.304180999999999990e+01 9.423567000000000471e-01 -2.467528999999999903e-02 3.336987000000000148e-01 2.227127999999999872e+02
3.033347000000000127e-01 2.437599999999999836e-02 -9.525723000000000384e-01 1.578454999999999870e+02 1.333915999999999921e-02 9.994661000000000239e-01 2.982368999999999992e-02 -1.303627000000000002e+01 9.527906999999999904e-01 -2.175306999999999935e-02 3.028475999999999946e-01 2.228608999999999867e+02
2.701181000000000276e-01 2.950691000000000078e-02 -9.623749999999999805e-01 1.572934999999999945e+02 1.067281999999999953e-02 9.993771000000000182e-01 3.363705000000000167e-02 -1.303293000000000035e+01 9.627679999999999572e-01 -1.935722000000000137e-02 2.696349000000000107e-01 2.230029000000000110e+02
2.350724999999999898e-01 3.438458999999999960e-02 -9.713694999999999968e-01 1.567418000000000120e+02 6.247566999999999877e-03 9.992999999999999661e-01 3.688519999999999993e-02 -1.302323999999999948e+01 9.719577000000000355e-01 -1.473938999999999978e-02 2.346930999999999878e-01 2.231194000000000131e+02
1.995452000000000059e-01 3.764309999999999878e-02 -9.791653000000000162e-01 1.561812999999999931e+02 3.874573000000000080e-03 9.992237000000000480e-01 3.920383999999999675e-02 -1.301145999999999958e+01 9.798809000000000546e-01 -1.161678000000000016e-02 1.992443999999999882e-01 2.232028999999999996e+02
1.643203000000000025e-01 3.965515000000000012e-02 -9.856095999999999746e-01 1.556330000000000098e+02 1.418463999999999923e-03 9.991809999999999858e-01 4.043767999999999668e-02 -1.299975000000000058e+01 9.864060000000000050e-01 -8.042775999999999745e-03 1.641294000000000086e-01 2.232796999999999912e+02
1.295843999999999885e-01 4.156619999999999759e-02 -9.906968000000000441e-01 1.550797000000000025e+02 -6.588614999999999598e-05 9.991212999999999900e-01 4.191104999999999831e-02 -1.298800999999999917e+01 9.915682999999999581e-01 -5.365741000000000260e-03 1.294733000000000134e-01 2.233372999999999990e+02
9.428604999999999625e-02 4.334017999999999898e-02 -9.946013000000000215e-01 1.545110999999999990e+02 -2.901005999999999811e-03 9.990596000000000476e-01 4.325944999999999790e-02 -1.297569999999999979e+01 9.955408999999999509e-01 -1.193412999999999939e-03 9.432311000000000167e-02 2.233640000000000043e+02
5.949780999999999820e-02 4.230450000000000182e-02 -9.973315999999999848e-01 1.539455000000000098e+02 -7.614138999999999803e-03 9.990917000000000270e-01 4.192492999999999914e-02 -1.296146000000000065e+01 9.981993999999999589e-01 5.099384000000000208e-03 5.976588000000000039e-02 2.233807999999999936e+02
2.711923000000000111e-02 4.203405000000000336e-02 -9.987481000000000275e-01 1.533752000000000066e+02 -1.414788999999999977e-02 9.990316000000000196e-01 4.166182000000000218e-02 -1.294579000000000057e+01 9.995319999999999760e-01 1.300035000000000079e-02 2.768765999999999936e-02 2.233752000000000066e+02
-8.222368000000000081e-04 4.416913000000000089e-02 -9.990238000000000174e-01 1.527869000000000028e+02 -1.960906000000000107e-02 9.988312000000000301e-01 4.417676000000000242e-02 -1.292887999999999948e+01 9.998072999999999544e-01 1.962623999999999966e-02 4.483795000000000326e-05 2.233500999999999976e+02
-2.354345999999999869e-02 4.834785999999999945e-02 -9.985530999999999713e-01 1.521942999999999984e+02 -1.988610999999999851e-02 9.986095999999999862e-01 4.881947999999999843e-02 -1.290902999999999956e+01 9.995249999999999968e-01 2.100671999999999956e-02 -2.254926999999999973e-02 2.233269999999999982e+02
-4.207705999999999946e-02 5.533234000000000069e-02 -9.975810000000000510e-01 1.515876000000000090e+02 -2.064121999999999832e-02 9.982039999999999802e-01 5.623753000000000085e-02 -1.288729000000000013e+01 9.989010999999999862e-01 2.295760000000000162e-02 -4.085935999999999735e-02 2.232912000000000035e+02
-5.590426999999999896e-02 6.205941999999999709e-02 -9.965055999999999914e-01 1.509689999999999941e+02 -2.323178999999999869e-02 9.977152999999999716e-01 6.343807999999999392e-02 -1.286331999999999987e+01 9.981657999999999920e-01 2.669706000000000162e-02 -5.433480000000000254e-02 2.232450000000000045e+02
-6.760167000000000259e-02 6.335309000000000079e-02 -9.956990000000000007e-01 1.503432999999999993e+02 -2.894644999999999857e-02 9.974372999999999712e-01 6.542899000000000631e-02 -1.283453000000000088e+01 9.972923999999999678e-01 3.324505999999999989e-02 -6.559457999999999955e-02 2.231852000000000089e+02
-7.737905999999999951e-02 6.446981999999999713e-02 -9.949151999999999996e-01 1.497033000000000129e+02 -3.350369000000000264e-02 9.971752999999999867e-01 6.722203000000000206e-02 -1.280137000000000036e+01 9.964385999999999521e-01 3.853490999999999861e-02 -7.500051000000000634e-02 2.231222999999999956e+02
-8.222978000000000232e-02 6.470020999999999411e-02 -9.945110000000000339e-01 1.490483999999999867e+02 -3.312732000000000177e-02 9.971615999999999813e-01 6.761174999999999824e-02 -1.276027000000000022e+01 9.960626000000000202e-01 3.850517999999999996e-02 -7.985303000000000540e-02 2.230605999999999938e+02
-8.474431000000000325e-02 6.409653999999999352e-02 -9.943389999999999729e-01 1.483828000000000031e+02 -2.982753999999999961e-02 9.973184000000000493e-01 6.683071000000000150e-02 -1.271981000000000073e+01 9.959561000000000108e-01 3.532220999999999972e-02 -8.260520999999999836e-02 2.230038999999999874e+02
-8.683989999999999765e-02 6.418345000000000300e-02 -9.941526000000000529e-01 1.476973999999999876e+02 -2.443301999999999974e-02 9.974849999999999550e-01 6.653285000000000449e-02 -1.268252999999999986e+01 9.959225999999999912e-01 3.006785000000000013e-02 -8.505329999999999835e-02 2.229478000000000009e+02
-8.789486999999999994e-02 6.205017000000000171e-02 -9.941953000000000040e-01 1.469992000000000019e+02 -2.222926999999999889e-02 9.976873000000000546e-01 6.423336999999999797e-02 -1.264603999999999928e+01 9.958816999999999808e-01 2.774601999999999971e-02 -8.631226000000000176e-02 2.228866999999999905e+02
-8.824411999999999534e-02 5.733499999999999708e-02 -9.944473999999999814e-01 1.462856999999999914e+02 -1.887894999999999851e-02 9.980664999999999676e-01 5.921892000000000128e-02 -1.260904999999999987e+01 9.959198999999999691e-01 2.399984999999999966e-02 -8.699107000000000367e-02 2.228246000000000038e+02
-8.816590000000000538e-02 5.293815000000000326e-02 -9.946981000000000295e-01 1.455594000000000108e+02 -1.384197000000000032e-02 9.984252000000000127e-01 5.436342000000000257e-02 -1.257239000000000040e+01 9.960096000000000505e-01 1.856158999999999934e-02 -8.729428999999999661e-02 2.227680000000000007e+02
-8.796909999999999452e-02 5.058552999999999661e-02 -9.948380000000000001e-01 1.448113999999999919e+02 -1.098608000000000050e-02 9.985996999999999790e-01 5.174826999999999899e-02 -1.253739000000000026e+01 9.960626000000000202e-01 1.548161999999999976e-02 -8.729017999999999500e-02 2.227091000000000065e+02
-8.706421999999999772e-02 5.263787000000000327e-02 -9.948110999999999482e-01 1.440411000000000001e+02 -1.053614999999999934e-02 9.984984999999999555e-01 5.375510000000000010e-02 -1.250131999999999977e+01 9.961468999999999463e-01 1.516162000000000065e-02 -8.637888999999999984e-02 2.226439000000000021e+02
-8.567684999999999884e-02 5.812097000000000097e-02 -9.946262999999999632e-01 1.432550999999999988e+02 -1.049496999999999930e-02 9.981889999999999930e-01 5.923319999999999974e-02 -1.246715999999999980e+01 9.962676999999999783e-01 1.551348999999999957e-02 -8.491170000000000662e-02 2.225763000000000034e+02
-8.373951999999999785e-02 6.198262000000000216e-02 -9.945581000000000005e-01 1.424524000000000115e+02 -9.759366999999999695e-03 9.979647000000000379e-01 6.301664999999999350e-02 -1.242911999999999928e+01 9.964397999999999866e-01 1.498324000000000010e-02 -8.296417000000000375e-02 2.225072999999999865e+02
-8.115211999999999426e-02 5.786517000000000049e-02 -9.950206000000000328e-01 1.416444999999999936e+02 -1.214950000000000058e-02 9.981816999999999496e-01 5.903989999999999932e-02 -1.239461999999999975e+01 9.966275999999999469e-01 1.688022000000000133e-02 -8.030152000000000123e-02 2.224363999999999919e+02
-7.746158000000000210e-02 4.914390999999999898e-02 -9.957833999999999852e-01 1.408252999999999986e+02 -1.369209000000000051e-02 9.986378000000000199e-01 5.034989000000000131e-02 -1.236158000000000001e+01 9.969012999999999902e-01 1.753454000000000124e-02 -7.668316999999999495e-02 2.223675000000000068e+02
-7.342451999999999313e-02 4.264016999999999807e-02 -9.963887999999999634e-01 1.399857000000000085e+02 -1.080013999999999974e-02 9.989930000000000199e-01 4.354749000000000120e-02 -1.232579999999999920e+01 9.972423000000000259e-01 1.395858999999999989e-02 -7.289004999999999790e-02 2.223070999999999913e+02
-6.883670999999999540e-02 4.252423000000000314e-02 -9.967213000000000322e-01 1.391197999999999979e+02 -4.787055999999999603e-03 9.990655000000000507e-01 4.295486999999999916e-02 -1.229069999999999929e+01 9.976163999999999588e-01 7.728236000000000307e-03 -6.856882000000000255e-02 2.222589000000000112e+02
-6.404851999999999768e-02 4.637847999999999971e-02 -9.968685000000000462e-01 1.382383000000000095e+02 1.526371999999999893e-05 9.989194999999999602e-01 4.647293000000000257e-02 -1.226035000000000075e+01 9.979466999999999643e-01 2.961310999999999891e-03 -6.398001999999999856e-02 2.222126000000000090e+02
-5.971975000000000200e-02 4.959708000000000172e-02 -9.969822999999999880e-01 1.373422999999999945e+02 7.468267000000000438e-04 9.987667999999999546e-01 4.964112999999999859e-02 -1.222648000000000046e+01 9.982149000000000161e-01 2.219987999999999996e-03 -5.968314000000000258e-02 2.221625999999999976e+02
-5.528257000000000310e-02 5.117366999999999749e-02 -9.971584999999999477e-01 1.364334000000000060e+02 2.871919000000000121e-03 9.986897000000000135e-01 5.109303999999999929e-02 -1.218824000000000041e+01 9.984665999999999819e-01 -3.919843999999999667e-05 -5.535709999999999936e-02 2.221176000000000101e+02
-5.123480999999999869e-02 5.504755000000000065e-02 -9.971683999999999548e-01 1.355058999999999969e+02 4.787304000000000039e-03 9.984817999999999749e-01 5.487409000000000037e-02 -1.214967000000000041e+01 9.986751000000000378e-01 -1.962278999999999933e-03 -5.142055000000000237e-02 2.220757000000000119e+02
-4.778734999999999927e-02 5.725097999999999993e-02 -9.972155000000000324e-01 1.345688000000000102e+02 3.078979999999999825e-03 9.983596999999999611e-01 5.716914000000000023e-02 -1.210688999999999993e+01 9.988527000000000378e-01 -3.384395000000000112e-04 -4.788524000000000252e-02 2.220298999999999978e+02
-4.498307000000000000e-02 5.438516000000000183e-02 -9.975062999999999569e-01 1.336194000000000131e+02 8.721299000000000065e-03 9.985003000000000073e-01 5.404608000000000328e-02 -1.206380000000000052e+01 9.989495999999999931e-01 -6.268384999999999582e-03 -4.538992000000000027e-02 2.219952999999999861e+02
-4.329341999999999913e-02 4.907870000000000288e-02 -9.978561999999999710e-01 1.326636000000000024e+02 1.847181000000000170e-02 9.986612000000000267e-01 4.831687999999999955e-02 -1.202327000000000012e+01 9.988915999999999906e-01 -1.634040000000000145e-02 -4.414202999999999877e-02 2.219695000000000107e+02
-4.287588999999999984e-02 4.056529999999999858e-02 -9.982566000000000495e-01 1.316955000000000098e+02 1.911436000000000038e-02 9.990257999999999639e-01 3.977558999999999956e-02 -1.198936999999999919e+01 9.988974999999999937e-01 -1.737560999999999967e-02 -4.360949000000000075e-02 2.219320999999999913e+02
-4.281995999999999719e-02 3.536587000000000064e-02 -9.984566999999999748e-01 1.307147999999999968e+02 2.188384000000000162e-02 9.991666999999999632e-01 3.445250999999999869e-02 -1.195903000000000027e+01 9.988430999999999838e-01 -2.037479999999999847e-02 -4.355822000000000166e-02 2.218935999999999922e+02
-4.313958999999999849e-02 3.283780000000000032e-02 -9.985292999999999530e-01 1.297209000000000003e+02 2.569698999999999942e-02 9.991655000000000397e-01 3.174853999999999871e-02 -1.193204000000000065e+01 9.987384999999999735e-01 -2.428956000000000170e-02 -4.394742000000000093e-02 2.218580000000000041e+02
-4.221006000000000064e-02 3.988413999999999848e-02 -9.983123999999999887e-01 1.287110000000000127e+02 1.902552999999999883e-02 9.990537999999999919e-01 3.910933999999999938e-02 -1.190518999999999927e+01 9.989276000000000266e-01 -1.734261000000000136e-02 -4.292893999999999877e-02 2.218029999999999973e+02
-4.245654000000000095e-02 5.257085000000000230e-02 -9.977143000000000539e-01 1.276893000000000029e+02 1.468555000000000034e-02 9.985395999999999717e-01 5.198943000000000314e-02 -1.187237000000000009e+01 9.989902999999999977e-01 -1.244467999999999963e-02 -4.316657000000000133e-02 2.217497999999999934e+02
-4.420842999999999995e-02 6.335303999999999935e-02 -9.970115999999999978e-01 1.266632000000000033e+02 1.248776000000000053e-02 9.979443000000000064e-01 6.285860000000000058e-02 -1.183109999999999928e+01 9.989441999999999489e-01 -9.671551999999999927e-03 -4.490869000000000111e-02 2.216992999999999938e+02
-4.653767999999999794e-02 6.326342999999999550e-02 -9.969111999999999973e-01 1.256473000000000013e+02 1.289919999999999956e-02 9.979472999999999816e-01 6.272703000000000306e-02 -1.178856999999999999e+01 9.988331999999999766e-01 -9.940182000000000531e-03 -4.725820000000000021e-02 2.216501000000000090e+02
-4.920967999999999870e-02 5.379329000000000055e-02 -9.973387999999999698e-01 1.246384000000000043e+02 1.758151000000000158e-02 9.984404999999999530e-01 5.298524000000000289e-02 -1.174693000000000076e+01 9.986336999999999575e-01 -1.492732000000000087e-02 -5.007869999999999683e-02 2.216057000000000130e+02
-5.209369999999999973e-02 4.310859000000000218e-02 -9.977114000000000260e-01 1.236299000000000063e+02 1.937766999999999962e-02 9.989234000000000169e-01 4.214919999999999778e-02 -1.171078999999999937e+01 9.984541000000000111e-01 -1.713759999999999936e-02 -5.287295000000000189e-02 2.215549000000000035e+02
-5.475036999999999959e-02 4.017398999999999970e-02 -9.976916000000000118e-01 1.226153999999999940e+02 2.046167999999999945e-02 9.990255999999999581e-01 3.910484000000000182e-02 -1.168307000000000073e+01 9.982904000000000222e-01 -1.827343000000000023e-02 -5.551905000000000034e-02 2.215000000000000000e+02
-5.755884000000000000e-02 4.181232000000000004e-02 -9.974661999999999695e-01 1.215906999999999982e+02 2.072183999999999832e-02 9.989573000000000480e-01 4.067907999999999941e-02 -1.165845000000000020e+01 9.981269999999999865e-01 -1.832788999999999946e-02 -5.836525000000000046e-02 2.214404000000000110e+02
-6.016526999999999986e-02 4.621742000000000211e-02 -9.971179000000000014e-01 1.205664000000000016e+02 1.831303999999999918e-02 9.988105000000000455e-01 4.519088999999999745e-02 -1.163185000000000002e+01 9.980204000000000297e-01 -1.554133000000000077e-02 -6.094008000000000064e-02 2.213745000000000118e+02
-6.172985999999999751e-02 5.304326999999999653e-02 -9.966823999999999684e-01 1.195438000000000045e+02 1.870497000000000132e-02 9.984728999999999965e-01 5.198007000000000322e-02 -1.159800000000000075e+01 9.979175999999999602e-01 -1.543418000000000047e-02 -6.262776000000000454e-02 2.213095000000000141e+02
-6.299868000000000134e-02 6.183956000000000175e-02 -9.960959000000000341e-01 1.185197000000000003e+02 1.829928000000000110e-02 9.979822000000000415e-01 6.079932999999999865e-02 -1.156188000000000038e+01 9.978458000000000050e-01 -1.439755000000000028e-02 -6.400316999999999812e-02 2.212429999999999950e+02
-6.395264000000000504e-02 6.360303000000000484e-02 -9.959240999999999788e-01 1.175108000000000033e+02 1.491931999999999980e-02 9.979162999999999784e-01 6.277224000000000692e-02 -1.152449999999999974e+01 9.978413999999999895e-01 -1.084404999999999918e-02 -6.476830000000000087e-02 2.211714000000000055e+02
-6.511372999999999467e-02 5.612872000000000000e-02 -9.962980999999999643e-01 1.165114999999999981e+02 1.335764000000000049e-02 9.983764000000000527e-01 5.537282000000000315e-02 -1.148765000000000036e+01 9.977884000000000198e-01 -9.702649000000000690e-03 -6.575775999999999843e-02 2.211021000000000072e+02
-6.600839999999999486e-02 4.829726000000000158e-02 -9.966494999999999660e-01 1.155151000000000039e+02 1.510763000000000036e-02 9.987618000000000329e-01 4.739904000000000339e-02 -1.145162000000000013e+01 9.977046000000000525e-01 -1.192826999999999950e-02 -6.665632000000000501e-02 2.210361000000000047e+02
-6.649185000000000512e-02 4.678937999999999847e-02 -9.966893000000000002e-01 1.145178999999999974e+02 1.451719999999999920e-02 9.988394999999999913e-01 4.592185000000000017e-02 -1.142117999999999967e+01 9.976812999999999931e-01 -1.141570000000000085e-02 -6.709392999999999607e-02 2.209682999999999993e+02
-6.611564000000000330e-02 5.211902000000000201e-02 -9.964498999999999995e-01 1.135168000000000035e+02 1.660081999999999877e-02 9.985541000000000000e-01 5.112760999999999695e-02 -1.139040999999999926e+01 9.976738000000000550e-01 -1.316153999999999935e-02 -6.688526000000000193e-02 2.209036000000000115e+02
-6.598619000000000012e-02 5.817925000000000180e-02 -9.961229999999999807e-01 1.125172000000000025e+02 1.694346000000000046e-02 9.982201000000000546e-01 5.717935999999999852e-02 -1.135671999999999926e+01 9.976766000000000245e-01 -1.310471000000000032e-02 -6.685449999999999726e-02 2.208376000000000090e+02
-6.538091999999999515e-02 6.172326999999999675e-02 -9.959495999999999905e-01 1.115258999999999929e+02 1.706099999999999978e-02 9.980082999999999593e-01 6.073086999999999930e-02 -1.132202999999999982e+01 9.977144999999999486e-01 -1.302124999999999984e-02 -6.630376000000000325e-02 2.207721999999999980e+02
-6.438417000000000445e-02 5.847909999999999914e-02 -9.962102999999999930e-01 1.105451999999999941e+02 1.706225000000000103e-02 9.982001000000000346e-01 5.749318999999999957e-02 -1.128440999999999939e+01 9.977793000000000356e-01 -1.329592999999999921e-02 -6.526606000000000074e-02 2.207079999999999984e+02
-6.288161999999999918e-02 5.270531999999999995e-02 -9.966283999999999699e-01 1.095712000000000046e+02 1.755351999999999954e-02 9.985085000000000210e-01 5.169723999999999847e-02 -1.124840999999999980e+01 9.978666000000000480e-01 -1.424352000000000083e-02 -6.371298999999999713e-02 2.206447000000000003e+02
-6.185700999999999700e-02 4.867886999999999909e-02 -9.968972999999999862e-01 1.086011000000000024e+02 1.910165000000000127e-02 9.986846999999999808e-01 4.758090999999999710e-02 -1.122101999999999933e+01 9.979021999999999615e-01 -1.609916000000000125e-02 -6.270549000000000262e-02 2.205858000000000061e+02
-6.101832000000000089e-02 4.141712000000000171e-02 -9.972769999999999690e-01 1.076362000000000023e+02 2.275869999999999976e-02 9.989367000000000107e-01 4.009357000000000198e-02 -1.119655999999999985e+01 9.978770999999999614e-01 -2.025027999999999898e-02 -6.189602999999999772e-02 2.205322999999999922e+02
-6.016690000000000232e-02 3.843185999999999825e-02 -9.974482000000000070e-01 1.066654000000000053e+02 2.383373000000000089e-02 9.990288999999999975e-01 3.705510000000000054e-02 -1.117178000000000004e+01 9.979036999999999491e-01 -2.154340999999999895e-02 -6.102445000000000092e-02 2.204773000000000138e+02
-5.900778999999999747e-02 4.480234000000000300e-02 -9.972516999999999632e-01 1.056915000000000049e+02 2.679658999999999860e-02 9.987034000000000189e-01 4.328200000000000103e-02 -1.114686999999999983e+01 9.978977999999999460e-01 -2.416895999999999975e-02 -6.013182999999999723e-02 2.204242000000000132e+02
-5.762141999999999958e-02 5.284110000000000196e-02 -9.969390999999999670e-01 1.047172000000000054e+02 3.046797000000000047e-02 9.982261999999999524e-01 5.114832999999999880e-02 -1.112293000000000021e+01 9.978734000000000215e-01 -2.742746000000000073e-02 -5.912917000000000173e-02 2.203737000000000137e+02
-5.614697999999999911e-02 5.313310000000000255e-02 -9.970077000000000522e-01 1.037569000000000017e+02 3.048555999999999835e-02 9.982086000000000015e-01 5.148029999999999967e-02 -1.109403999999999968e+01 9.979569000000000356e-01 -2.750386000000000150e-02 -5.766617999999999744e-02 2.203197999999999865e+02
-5.524410999999999905e-02 5.181467000000000017e-02 -9.971276000000000028e-01 1.027971000000000004e+02 2.953876999999999892e-02 9.983003000000000293e-01 5.023906999999999679e-02 -1.106032000000000082e+01 9.980358000000000285e-01 -2.667850000000000082e-02 -5.668075000000000196e-02 2.202638000000000034e+02
-5.532778000000000002e-02 5.055064000000000085e-02 -9.971877999999999576e-01 1.018405999999999949e+02 3.512901999999999691e-02 9.981978000000000240e-01 4.865276000000000323e-02 -1.103195999999999977e+01 9.978500000000000147e-01 -3.233836999999999823e-02 -5.700386000000000342e-02 2.202186000000000092e+02
-5.566756999999999955e-02 4.917557000000000178e-02 -9.972377000000000047e-01 1.008893000000000058e+02 3.771766000000000008e-02 9.981769999999999810e-01 4.711643000000000081e-02 -1.100563000000000002e+01 9.977365999999999735e-01 -3.499059999999999671e-02 -5.742088000000000053e-02 2.201704000000000008e+02
-5.618866000000000138e-02 4.662701000000000345e-02 -9.973307999999999618e-01 9.994289999999999452e+01 3.818941000000000002e-02 9.982782999999999518e-01 4.451975999999999850e-02 -1.097855999999999987e+01 9.976895000000000069e-01 -3.558595999999999981e-02 -5.787256999999999818e-02 2.201169999999999902e+02
-5.738883000000000179e-02 5.079895999999999717e-02 -9.970586999999999644e-01 9.899469999999999459e+01 4.214831000000000133e-02 9.979375000000000329e-01 4.841775999999999719e-02 -1.095124000000000031e+01 9.974617999999999540e-01 -3.924568999999999974e-02 -5.941155000000000047e-02 2.200672999999999888e+02
-5.917255999999999905e-02 5.669648000000000049e-02 -9.966363999999999779e-01 9.804752999999999474e+01 4.544569999999999860e-02 9.975036000000000458e-01 5.404761000000000287e-02 -1.092192999999999969e+01 9.972126999999999519e-01 -4.209468999999999711e-02 -6.160145000000000204e-02 2.200164000000000044e+02
-6.122285999999999700e-02 5.897350999999999982e-02 -9.963804000000000549e-01 9.710869999999999891e+01 4.446147999999999767e-02 9.974231999999999543e-01 5.630328999999999889e-02 -1.089293999999999940e+01 9.971333000000000002e-01 -4.085347999999999757e-02 -6.368714999999999793e-02 2.199567000000000121e+02
-6.392813999999999441e-02 5.713134000000000268e-02 -9.963178999999999785e-01 9.618155000000000143e+01 4.447136000000000144e-02 9.975313000000000097e-01 5.434744999999999854e-02 -1.086097999999999963e+01 9.969630999999999910e-01 -4.083326999999999790e-02 -6.631101999999999830e-02 2.198951000000000136e+02
