0.999999940 -0.000000000 -0.000000000 0.000000004 -0.000000000 1.000000000 0.000000000 -0.000000060 -0.000000000 0.000000000 1.000000000 0.000000000
0.999991298 -0.002457166 -0.003347655 -0.003121161 0.002449762 0.999994576 -0.002214149 -0.005095727 0.003353077 0.002205929 0.999991953 0.666534185
0.999969959 -0.001548402 -0.007596576 -0.008680444 0.001521447 0.999992490 -0.003552853 -0.009513156 0.007602020 0.003541188 0.999964833 1.368116975
0.999933183 -0.001343040 -0.011475413 -0.023897385 0.001284910 0.999986291 -0.005071522 -0.010861358 0.011482069 0.005056440 0.999921262 2.070497036
0.999865353 -0.000127404 -0.016403919 -0.043261670 0.000032493 0.999983191 -0.005786008 -0.013237693 0.016404381 0.005784697 0.999848664 2.801054001
0.999785900 -0.001030208 -0.020666901 -0.060124185 0.000909770 0.999982417 -0.005836142 -0.026920289 0.020672558 0.005816090 0.999769330 3.539088011
0.999682248 0.000746513 -0.025198555 -0.085323386 -0.000928520 0.999973476 -0.007211963 -0.030213559 0.025192503 0.007233067 0.999656498 4.294303417
0.999549747 0.003406746 -0.029808912 -0.120033018 -0.003643316 0.999962330 -0.007885507 -0.038866211 0.029780922 0.007990560 0.999524534 5.058787346
0.999412239 0.003805779 -0.034068052 -0.153246969 -0.004017809 0.999972880 -0.006157435 -0.047034990 0.034043700 0.006290695 0.999400616 5.842900276
0.999246955 0.003110986 -0.038673688 -0.185724646 -0.003253968 0.999988079 -0.003634730 -0.052953906 0.038661927 0.003757836 0.999245286 6.651217937
0.999120772 0.002894981 -0.041823763 -0.223525941 -0.002932726 0.999995291 -0.000841149 -0.066542812 0.041821137 0.000963067 0.999124765 7.454744339
0.999005914 0.004313930 -0.044368464 -0.267541230 -0.004382981 0.999989390 -0.001459130 -0.075086795 0.044361711 0.001652146 0.999014199 8.269663811
0.998913825 0.003499363 -0.046461709 -0.315159351 -0.003577601 0.999992371 -0.001600872 -0.081822217 0.046455756 0.001765354 0.998918831 9.093305588
0.998826385 0.000818942 -0.048425820 -0.348174155 -0.000930519 0.999996960 -0.002281592 -0.087798953 0.048423797 0.002323977 0.998824239 9.932054520
0.998716593 0.000475451 -0.050643045 -0.390285939 -0.000553461 0.999998748 -0.001526386 -0.094418325 0.050642248 0.001552456 0.998715639 10.772011757
0.998671114 -0.000962648 -0.051526207 -0.446972370 0.000859028 0.999997556 -0.002033117 -0.098370314 0.051528040 0.001986153 0.998669565 11.611778259
0.998552859 0.001337845 -0.053762373 -0.495108426 -0.001558640 0.999990463 -0.004065146 -0.113137797 0.053756431 0.004143060 0.998545468 12.477062225
0.998477697 0.001489682 -0.055136058 -0.545519114 -0.001851146 0.999977171 -0.006505366 -0.122435927 0.055125121 0.006597529 0.998457670 13.352513313
0.998361170 0.005248096 -0.056986243 -0.602066457 -0.005722102 0.999950349 -0.008157933 -0.133359075 0.056940611 0.008470644 0.998341620 14.230749130
0.998293579 0.006481034 -0.058032244 -0.657692134 -0.006939156 0.999946356 -0.007696229 -0.146084651 0.057979252 0.008085791 0.998284996 15.122390747
0.998224258 0.005432108 -0.059319790 -0.715791702 -0.005806753 0.999964178 -0.006145129 -0.162450463 0.059284292 0.006478672 0.998220146 16.009532928
0.998142362 0.006193399 -0.060610242 -0.776488543 -0.006498269 0.999967098 -0.004834181 -0.172076434 0.060578316 0.005219062 0.998149872 16.909595490
0.998104334 0.005703794 -0.061279412 -0.840385973 -0.005996331 0.999971390 -0.004590980 -0.189820677 0.061251480 0.004949728 0.998110175 17.811986923
0.997985899 0.005595008 -0.063188173 -0.897772968 -0.005950187 0.999967515 -0.005434210 -0.203269005 0.063155711 0.005799247 0.997986853 18.718797684
0.997927666 0.004139719 -0.064211167 -0.960115671 -0.004527600 0.999972343 -0.005896362 -0.216946051 0.064184979 0.006174867 0.997918963 19.631717682
0.997895956 0.003855180 -0.064719193 -1.020648599 -0.004143495 0.999982059 -0.004321230 -0.228110969 0.064701371 0.004580303 0.997894108 20.548835754
0.997894347 0.005676788 -0.064611696 -1.085537672 -0.005758693 0.999982774 -0.001081489 -0.238304466 0.064604454 0.001451290 0.997909844 21.474830627
0.997944713 0.006712956 -0.063728422 -1.146857142 -0.006557679 0.999974966 0.002645412 -0.247679323 0.063744582 -0.002222065 0.997963786 22.404874802
0.998065829 0.006074489 -0.061868295 -1.215456486 -0.005757743 0.999969363 0.005296675 -0.251200527 0.061898574 -0.004930209 0.998070240 23.339384079
0.998152375 0.005782912 -0.060483769 -1.271470785 -0.005405400 0.999964774 0.006403283 -0.260117501 0.060518678 -0.006064515 0.998148620 24.281183243
0.998227060 0.006227496 -0.059194230 -1.327393651 -0.006035867 0.999975860 0.003415529 -0.265335560 0.059214085 -0.003052186 0.998240590 25.226732254
0.998283863 0.006721366 -0.058172796 -1.387885571 -0.006801102 0.999976158 -0.001172784 -0.272116631 0.058163542 0.001566410 0.998305857 26.165531158
0.998347938 0.006741678 -0.057059363 -1.440470934 -0.006991451 0.999966860 -0.004178924 -0.283567429 0.057029296 0.004570947 0.998362064 27.113079071
0.998386145 0.003999371 -0.056647509 -1.490485668 -0.004190546 0.999985933 -0.003256438 -0.292824209 0.056633685 0.003488566 0.998389006 28.072879791
0.998404920 0.002478841 -0.056402862 -1.554178596 -0.002397202 0.999996006 0.001515031 -0.300838411 0.056406394 -0.001377405 0.998406887 29.047023773
0.998368919 -0.001302222 -0.057076216 -1.606471181 0.001611604 0.999984205 0.005374816 -0.316128880 0.057068326 -0.005458035 0.998355329 30.001489639
0.998261392 -0.008645010 -0.058305744 -1.654018402 0.008934604 0.999948978 0.004707946 -0.321859539 0.058262084 -0.005220701 0.998287678 30.977180481
0.998154521 -0.011221932 -0.059678212 -1.708236217 0.011293759 0.999935746 0.000866395 -0.327477038 0.059664663 -0.001538788 0.998217344 31.940393448
0.998085856 -0.010750112 -0.060900044 -1.774138689 0.010567637 0.999938607 -0.003317570 -0.332926244 0.060931973 0.002667652 0.998138428 32.915203094
0.997991145 -0.009292953 -0.062667258 -1.850223541 0.009048482 0.999950230 -0.004183779 -0.339976847 0.062703028 0.003608331 0.998025775 33.901325226
0.997923851 -0.009513791 -0.063697025 -1.903517246 0.009388815 0.999953330 -0.002261051 -0.359886974 0.063715540 0.001658317 0.997966707 34.875919342
0.997855902 -0.006617493 -0.065114051 -1.971637487 0.006662804 0.999977708 0.000478776 -0.372060180 0.065109439 -0.000911591 0.997877657 35.875915527
0.997779608 -0.006467554 -0.066286132 -2.042475224 0.006598601 0.999976695 0.001758226 -0.381286651 0.066273242 -0.002191718 0.997799098 36.858371735
0.997740567 -0.005344002 -0.066968985 -2.116435766 0.005655682 0.999974132 0.004465383 -0.391557038 0.066943392 -0.004834051 0.997745097 37.833686829
0.997738957 -0.005136009 -0.067010984 -2.179972172 0.005650165 0.999955893 0.007485437 -0.400854945 0.066969603 -0.007847138 0.997724116 38.824687958
0.997713685 0.000574497 -0.067579605 -2.258612156 0.000080197 0.999953032 0.009684617 -0.401197642 0.067582011 -0.009667897 0.997666895 39.814262390
0.997700274 0.000701006 -0.067775808 -2.336544275 -0.000104167 0.999961138 0.008809214 -0.403382123 0.067779355 -0.008781897 0.997661650 40.809955597
0.997715354 0.000616698 -0.067554459 -2.400763273 -0.000120786 0.999973059 0.007344755 -0.410563052 0.067557156 -0.007319815 0.997688532 41.797748566
0.997716188 0.002988698 -0.067478716 -2.482067347 -0.002658578 0.999984086 0.004981486 -0.414798558 0.067492530 -0.004790712 0.997708261 42.792339325
0.997673929 0.002485379 -0.068120763 -2.556238413 -0.002145039 0.999984860 0.005068807 -0.419080079 0.068132326 -0.004910895 0.997664273 43.765995026
0.997582316 0.000316841 -0.069493070 -2.621038914 0.000133559 0.999978960 0.006476488 -0.432397127 0.069493681 -0.006470113 0.997561395 44.756900787
0.997530341 0.000662549 -0.070233054 -2.691008568 -0.000122030 0.999970317 0.007700081 -0.440676570 0.070236072 -0.007672495 0.997500956 45.738891602
0.997516692 0.003193174 -0.070356771 -2.770962715 -0.002913608 0.999987423 0.004075821 -0.450616241 0.070368916 -0.003860706 0.997513592 46.707923889
0.997419775 0.003907006 -0.071681537 -2.842911482 -0.003925882 0.999992251 -0.000122433 -0.460774720 0.071680509 0.000403529 0.997427583 47.670413971
0.997369349 0.004023552 -0.072375052 -2.905717611 -0.004132905 0.999990463 -0.001361208 -0.466081023 0.072368875 0.001656746 0.997376621 48.637786865
0.997377217 0.003081615 -0.072312370 -2.980221987 -0.002914970 0.999992788 0.002409928 -0.480744809 0.072319277 -0.002192819 0.997379184 49.618526459
0.997373402 0.001266956 -0.072419815 -3.053939104 -0.000888280 0.999985695 0.005260869 -0.489820451 0.072425462 -0.005182723 0.997360349 50.582412720
0.997341454 -0.001154975 -0.072859384 -3.115591049 0.001594772 0.999980807 0.005978358 -0.497097224 0.072851092 -0.006078660 0.997324288 51.535926819
0.997300863 -0.004541394 -0.073281869 -3.183582544 0.004907305 0.999976397 0.004813933 -0.506406307 0.073258281 -0.005160557 0.997299612 52.495147705
0.997271061 -0.007587600 -0.073435046 -3.253400087 0.007881305 0.999962032 0.003710575 -0.517006755 0.073404118 -0.004279214 0.997293115 53.440681458
0.997195899 -0.008868895 -0.074307211 -3.326097488 0.009239760 0.999946535 0.004648678 -0.524452686 0.074262016 -0.005322224 0.997224510 54.395412445
0.997049451 -0.012232377 -0.075779222 -3.392003775 0.012945702 0.999876320 0.008929130 -0.531247020 0.075660624 -0.009883801 0.997084618 55.338451385
0.996999502 -0.012544881 -0.076384716 -3.463398695 0.013634698 0.999812305 0.013762685 -0.534907699 0.076197721 -0.014762874 0.996983469 56.288681030
0.996974587 -0.010919649 -0.076956898 -3.542631865 0.012162792 0.999802768 0.015703583 -0.532668829 0.076770246 -0.016592087 0.996910810 57.237247467
0.996890485 -0.009611567 -0.078210972 -3.622223377 0.010549911 0.999877095 0.011593265 -0.533649147 0.078089938 -0.012382338 0.996869504 58.168476105
0.996802270 -0.007758572 -0.079529986 -3.698173046 0.008126062 0.999957740 0.004298191 -0.544936955 0.079493277 -0.004930712 0.996823251 59.086948395
0.996741772 -0.005884581 -0.080444269 -3.778893948 0.005834953 0.999982595 -0.000851964 -0.550394952 0.080447875 0.000379800 0.996758759 59.999359131
0.996705890 -0.000961445 -0.081094198 -3.865635395 0.000952784 0.999999523 -0.000145500 -0.557645261 0.081094302 0.000067756 0.996706545 60.898998260
0.996588469 0.001527915 -0.082516439 -3.941344261 -0.001314174 0.999995649 0.002644542 -0.577824116 0.082520112 -0.002527079 0.996586263 61.792022705
0.996482670 0.004200859 -0.083692886 -4.019067764 -0.003866519 0.999983907 0.004156532 -0.589768171 0.083708987 -0.003818312 0.996482968 62.678195953
0.996381521 0.005071339 -0.084841281 -4.096730232 -0.004730060 0.999979854 0.004223102 -0.605514586 0.084860995 -0.003806517 0.996385574 63.552845001
0.996263504 0.006434695 -0.086125366 -4.179677010 -0.006024206 0.999969125 0.005025246 -0.613614678 0.086155042 -0.004487632 0.996271610 64.398025513
0.996125817 0.007584763 -0.087612286 -4.257548809 -0.007122292 0.999958932 0.005590002 -0.623726010 0.087651104 -0.004944345 0.996138871 65.241615295
0.996018112 0.006860766 -0.088886812 -4.332924843 -0.006352872 0.999961853 0.005995573 -0.633128524 0.088924564 -0.005407014 0.996023655 66.054199219
0.995919645 0.006660073 -0.089998305 -4.406360149 -0.006049670 0.999956846 0.007053460 -0.640939355 0.090041406 -0.006480220 0.995916963 66.859954834
0.995770514 0.009491064 -0.091383472 -4.487207413 -0.008630057 0.999914646 0.009812446 -0.647467256 0.091468804 -0.008982301 0.995767474 67.657142639
0.995629191 0.011443927 -0.092689708 -4.564935684 -0.010206060 0.999852479 0.013817985 -0.653492153 0.092834167 -0.012811593 0.995599151 68.440605164
0.995447040 0.013912689 -0.094295032 -4.644923210 -0.012482077 0.999798119 0.015744574 -0.657764912 0.094495051 -0.014495894 0.995419800 69.215766907
0.995301723 0.016886093 -0.095337391 -4.733497143 -0.015862837 0.999808252 0.011480733 -0.661930382 0.095512986 -0.009914475 0.995378733 69.964103699
0.995159090 0.016718855 -0.096844472 -4.805348396 -0.016372599 0.999856353 0.004368996 -0.669814587 0.096903622 -0.002762252 0.995289862 70.687019348
0.995030224 0.015980016 -0.098281696 -4.879137993 -0.016202524 0.999867558 -0.001466168 -0.678815663 0.098245293 0.003051293 0.995157599 71.396278381
0.994979084 0.016530480 -0.098708026 -4.952948570 -0.016884934 0.999853611 -0.002756574 -0.683553815 0.098648034 0.004409412 0.995112717 72.086952209
0.994871378 0.019336021 -0.099282339 -5.032408714 -0.019345989 0.999812543 0.000862406 -0.694234431 0.099280402 0.001062732 0.995058954 72.765991211
0.994716644 0.019699547 -0.100750811 -5.101589203 -0.019488651 0.999805272 0.003077205 -0.710334539 0.100791827 -0.001097450 0.994906962 73.416633606
0.994689584 0.016531486 -0.101583429 -5.166290283 -0.016633274 0.999861479 -0.000154983 -0.722180724 0.101566829 0.001843825 0.994826972 74.043426514
0.994793355 0.008159752 -0.101585463 -5.218255520 -0.008716729 0.999949217 -0.005040141 -0.739987731 0.101539209 0.005899393 0.994814098 74.656646729
0.994923770 0.004360738 -0.100536726 -5.274045944 -0.005410210 0.999933660 -0.010168409 -0.743139863 0.100485727 0.010660715 0.994881392 75.256492615
0.995183945 0.006450403 -0.097813010 -5.327112198 -0.007503312 0.999917746 -0.010400475 -0.756196439 0.097737908 0.011084308 0.995150506 75.838768005
0.995544195 0.011638624 -0.093574069 -5.391313553 -0.012350162 0.999899030 -0.007028467 -0.774783731 0.093482815 0.008152808 0.995587528 76.402984619
0.995984495 0.009981708 -0.088967398 -5.441438675 -0.010374280 0.999938428 -0.003951197 -0.783466280 0.088922486 0.004858306 0.996026754 76.964157104
0.996495485 0.006444713 -0.083397344 -5.473824978 -0.006440987 0.999979317 0.000313723 -0.796100616 0.083397634 0.000224541 0.996516347 77.503021240
0.997177422 0.001851922 -0.075058028 -5.506039143 -0.001588125 0.999992311 0.003574133 -0.805677593 0.075064071 -0.003444843 0.997172773 78.037986755
0.997899830 0.005449010 -0.064544074 -5.533656597 -0.005233524 0.999980152 0.003507193 -0.816164136 0.064561903 -0.003162035 0.997908652 78.545722961
0.998719931 0.010676011 -0.049441498 -5.561936378 -0.010542981 0.999940038 0.002950670 -0.821488976 0.049470037 -0.002425633 0.998772681 79.051170349
0.999390781 0.015788971 -0.031124551 -5.579043865 -0.015687661 0.999870777 0.003496605 -0.827227473 0.031175733 -0.003006203 0.999509454 79.546043396
0.999858439 0.014283502 -0.008887090 -5.570458412 -0.014247385 0.999890029 0.004114323 -0.834423304 0.008944862 -0.003987123 0.999952078 80.026481628
0.999794900 0.010796391 0.017133294 -5.537146091 -0.010882157 0.999928653 0.004920329 -0.838202178 -0.017078955 -0.005105766 0.999841094 80.476432800
0.998872638 0.009564659 0.046496049 -5.490546227 -0.009876160 0.999930203 0.006474425 -0.846080363 -0.046430886 -0.006926329 0.998897433 80.931350708
0.996765852 0.009225734 0.079829454 -5.438407898 -0.009901446 0.999918342 0.008072743 -0.853776097 -0.079748474 -0.008837063 0.996775746 81.385269165
0.993084371 0.009210219 0.117041305 -5.357616425 -0.010278224 0.999910712 0.008524740 -0.857024908 -0.116952360 -0.009668762 0.993090451 81.823844910
0.987268925 0.009084924 0.158800051 -5.272788048 -0.010576654 0.999907494 0.008551117 -0.863876462 -0.158707649 -0.010121825 0.987273812 82.225921631
0.978945196 0.008718283 0.203937143 -5.157514572 -0.010635123 0.999908984 0.008305070 -0.867804706 -0.203846157 -0.010299104 0.978948832 82.643409729
0.967471242 0.010935331 0.252744317 -5.021087646 -0.013019300 0.999893665 0.006574367 -0.878827274 -0.252645552 -0.009651065 0.967510819 83.043655396
0.951937616 0.011995222 0.306056738 -4.870285034 -0.013772871 0.999898493 0.003649361 -0.884482980 -0.305981904 -0.007689245 0.952006280 83.427413940
0.932099164 0.012523569 0.361986697 -4.692384720 -0.013808877 0.999904215 0.000963781 -0.882938385 -0.361939996 -0.005896969 0.932182789 83.796089172
0.908030450 0.012433792 0.418719471 -4.500162125 -0.013543513 0.999908209 -0.000321764 -0.896994650 -0.418685079 -0.005378762 0.908115566 84.116630554
0.878788233 0.012820422 0.477039695 -4.283386230 -0.013226707 0.999909341 -0.002506682 -0.900061607 -0.477028608 -0.004106821 0.878878176 84.446929932
0.845527589 0.011620595 0.533805251 -4.036640167 -0.010647938 0.999931216 -0.004901923 -0.904280543 -0.533825576 -0.001539212 0.845593274 84.748497009
0.808761954 0.011146300 0.588030279 -3.773044586 -0.009090334 0.999937773 -0.006451520 -0.910429478 -0.588065624 -0.000127647 0.808813155 85.034721375
0.768485785 0.010199926 0.639785528 -3.497726440 -0.008369385 0.999947548 -0.005888909 -0.917139530 -0.639812171 -0.000829068 0.768530846 85.311164856
0.726855636 0.008847854 0.686733246 -3.202583313 -0.009527469 0.999950647 -0.002799229 -0.933637142 -0.686724246 -0.004508193 0.726904154 85.541038513
0.682868600 0.007590958 0.730501771 -2.904663086 -0.008646797 0.999959946 -0.002308041 -0.941700757 -0.730490088 -0.004740413 0.682906866 85.735824585
0.636268616 0.006369238 0.771441281 -2.585414886 -0.005476281 0.999978006 -0.003739381 -0.946650147 -0.771448076 -0.001845379 0.636289537 85.942214966
0.589494944 0.003697201 0.807763577 -2.251106262 0.000023100 0.999989450 -0.004593893 -0.954382122 -0.807772100 0.002726736 0.589488626 86.125770569
0.543233395 0.006031995 0.839560032 -1.911861420 -0.002311332 0.999981105 -0.005689036 -0.963336945 -0.839578629 0.001149970 0.543236971 86.292015076
0.495334625 0.008882549 0.868656874 -1.582569122 -0.005829353 0.999959230 -0.006901119 -0.971143126 -0.868682861 -0.001645346 0.495366156 86.456863403
0.449977636 0.010813085 0.892974317 -1.238872528 -0.006562515 0.999939680 -0.008801428 -0.980866551 -0.893015683 -0.001899713 0.450021386 86.592178345
0.406777740 0.008301347 0.913489401 -0.890838623 0.000598501 0.999956012 -0.009353627 -0.988903761 -0.913526952 0.004351573 0.406754941 86.713172913
0.367337346 0.000588602 0.930087686 -0.522161484 0.015544201 0.999856234 -0.006771926 -0.992885113 -0.929957926 0.016945049 0.367275447 86.799270630
0.332116395 -0.003008490 0.943233609 -0.151891708 0.019972414 0.999793172 -0.003843476 -0.994791865 -0.943026900 0.020115133 0.332107872 86.889877319
0.298949242 0.001131687 0.954268277 0.213348389 0.017141780 0.999831557 -0.006555828 -1.002680302 -0.954115033 0.018317718 0.298879564 86.986946106
0.267854154 0.008312686 0.963423491 0.578172684 0.006494725 0.999924481 -0.010433308 -1.018099546 -0.963437617 0.009051777 0.267779917 87.088088989
0.238974556 0.013370113 0.970933795 0.967388153 0.000713504 0.999902427 -0.013944634 -1.032539129 -0.971025586 0.004025178 0.238941699 87.185058594
0.213239729 0.014978747 0.976885021 1.357765198 0.002091381 0.999873161 -0.015787747 -1.046213150 -0.976997733 0.005409614 0.213181347 87.249794006
0.189516693 0.016558904 0.981737852 1.767250061 0.009275788 0.999782979 -0.018653885 -1.053854823 -0.981833756 0.012641618 0.189321965 87.307662964
0.169727027 0.022491828 0.985234499 2.180187225 0.016128257 0.999542296 -0.025596885 -1.057252645 -0.985359192 0.020234600 0.169286579 87.346061707
0.150253162 0.029953398 0.988193750 2.601125717 0.017742829 0.999298275 -0.032987759 -1.052778959 -0.988488376 0.022489868 0.149616271 87.392692566
0.132480443 0.030195290 0.990725577 3.038852692 0.015691182 0.999346673 -0.032556280 -1.064054489 -0.991061449 0.019858727 0.131920099 87.449058533
0.117097333 0.025782127 0.992785752 3.495114326 0.013588374 0.999527752 -0.027559943 -1.087956667 -0.993027449 0.016717540 0.116691686 87.496337891
0.102209494 0.022560164 0.994507015 3.967494965 0.013926610 0.999612331 -0.024107274 -1.107188582 -0.994665444 0.016314106 0.101855665 87.545608521
0.089364074 0.020208908 0.995793939 4.445703030 0.016095916 0.999634266 -0.021731321 -1.122684121 -0.995868921 0.017970217 0.089006111 87.570518494
0.077610381 0.019310404 0.996796727 4.940599918 0.019898882 0.999583244 -0.020913709 -1.136067867 -0.996785104 0.021458261 0.077193812 87.597763062
0.067540579 0.020019466 0.997515738 5.454135418 0.022958504 0.999502778 -0.021613838 -1.149569273 -0.997452319 0.024361283 0.067047387 87.622413635
0.059519395 0.020531619 0.998016000 5.979253292 0.025137989 0.999440551 -0.022060100 -1.164675832 -0.997910559 0.026401121 0.058969982 87.648422241
0.054013103 0.020829083 0.998322904 6.525824547 0.026733983 0.999393880 -0.022297841 -1.180787325 -0.998182297 0.027893528 0.053423524 87.671890259
0.048504416 0.021988202 0.998580873 7.093709469 0.028092036 0.999332130 -0.023369266 -1.190795779 -0.998427749 0.029185686 0.047854330 87.694564819
0.042846218 0.022548437 0.998827100 7.667943954 0.028552374 0.999309301 -0.023784121 -1.206357002 -0.998673558 0.029537948 0.042172812 87.710594177
0.038206443 0.022349279 0.999019861 8.273675919 0.031133940 0.999237776 -0.023544844 -1.226901531 -0.998784721 0.032002989 0.037481502 87.731819153
0.035315122 0.022604458 0.999120533 8.904652596 0.032407980 0.999192536 -0.023751583 -1.239676833 -0.998850644 0.033218276 0.034554027 87.751403809
0.032302622 0.022130344 0.999233186 9.543476105 0.033366527 0.999173701 -0.023207689 -1.256759167 -0.998920918 0.034090612 0.031537525 87.768203735
0.029901659 0.021238592 0.999327064 10.192674637 0.035527375 0.999119937 -0.022297230 -1.278476000 -0.998921275 0.036170188 0.029120795 87.785499573
0.029243512 0.020837108 0.999355018 10.870933533 0.040245075 0.998947561 -0.022006275 -1.296627283 -0.998761773 0.040862668 0.028374143 87.799057007
0.030288085 0.020838907 0.999323845 11.563871384 0.043357473 0.998814106 -0.022142382 -1.310978174 -0.998600423 0.043998808 0.029348658 87.813301086
0.032709207 0.020824388 0.999247909 12.267615318 0.045130972 0.998732328 -0.022290953 -1.327575326 -0.998445451 0.045826152 0.031727925 87.834762573
0.036187068 0.020858685 0.999127209 12.995935440 0.047311898 0.998625398 -0.022561779 -1.346330047 -0.998224437 0.048087057 0.035150465 87.865295410
0.041044354 0.020076182 0.998955607 13.737447739 0.048270509 0.998590767 -0.022052154 -1.370230436 -0.997990668 0.049125206 0.040017437 87.888938904
0.044841759 0.018610405 0.998820722 14.492326736 0.049725093 0.998545468 -0.020837674 -1.387137651 -0.997755706 0.050600849 0.043851145 87.928855896
0.048604935 0.016938057 0.998674452 15.259181976 0.049503580 0.998586476 -0.019345881 -1.409088969 -0.997590542 0.050378278 0.047697738 87.973320007
0.053004395 0.014761932 0.998485148 16.051490784 0.046784833 0.998756051 -0.017249502 -1.426083207 -0.997497678 0.047628272 0.052247826 88.017799377
0.056525823 0.013777697 0.998306036 16.843784332 0.045769762 0.998817742 -0.016376322 -1.445104718 -0.997351468 0.046617918 0.055828393 88.078910828
0.060930237 0.014670085 0.998034179 17.655056000 0.043391928 0.998907804 -0.017332012 -1.466227293 -0.997198462 0.044362664 0.060227115 88.133018494
0.064027928 0.018617829 0.997774303 18.456916809 0.040543601 0.998951972 -0.021241514 -1.495622516 -0.997124135 0.041813433 0.063205995 88.182029724
0.065161042 0.023880603 0.997588813 19.256736755 0.034801967 0.999051034 -0.026188815 -1.519028425 -0.997267723 0.036424555 0.064268105 88.248664856
0.065142468 0.027031040 0.997509718 20.065876007 0.031967383 0.999063432 -0.029160775 -1.545466423 -0.997363865 0.033787381 0.064217336 88.305160522
0.065250814 0.026788270 0.997509241 20.897159576 0.029639192 0.999146461 -0.028771048 -1.574407578 -0.997428596 0.031442706 0.064401142 88.373153687
0.065133072 0.025082812 0.997561216 21.711071014 0.026801052 0.999279439 -0.026875911 -1.605092764 -0.997516572 0.028486205 0.064413898 88.437957764
0.065252110 0.023689607 0.997587621 22.529956818 0.027860316 0.999285102 -0.025552265 -1.639269114 -0.997479737 0.029460445 0.064545482 88.488380432
0.065358981 0.022787021 0.997601569 23.358776093 0.025390245 0.999377489 -0.024491059 -1.675681591 -0.997538865 0.026930058 0.064739719 88.554008484
0.065540932 0.023312673 0.997577548 24.172721863 0.023621019 0.999410570 -0.024907416 -1.704467535 -0.997570217 0.025196254 0.064951636 88.614471436
0.065557569 0.023845783 0.997563779 24.980998993 0.020758018 0.999465406 -0.025255406 -1.735370874 -0.997632802 0.022363132 0.065027528 88.672447205
0.064419441 0.025067309 0.997608006 25.797552109 0.017958177 0.999493420 -0.026274316 -1.769341230 -0.997761309 0.019607795 0.063936636 88.730010986
0.061469331 0.024771100 0.997801542 26.611881256 0.014814097 0.999559164 -0.025727350 -1.798861504 -0.997999072 0.016362974 0.061075266 88.789955139
0.057258826 0.023813372 0.998075366 27.419057846 0.012189658 0.999624193 -0.024549644 -1.827841043 -0.998284996 0.013571880 0.056947030 88.847717285
0.052677233 0.021272056 0.998384953 28.244489670 0.010582508 0.999705076 -0.021858543 -1.857743502 -0.998555541 0.011716864 0.052436594 88.893486023
0.046562113 0.018956013 0.998735547 29.055423737 0.008528830 0.999776006 -0.019373391 -1.888484478 -0.998879015 0.009420110 0.046390008 88.934486389
0.038750853 0.019671233 0.999055266 29.862857819 0.008081321 0.999767423 -0.019998711 -1.912249804 -0.999216139 0.008848656 0.038582876 88.969581604
0.030531403 0.020098662 0.999331832 30.656038284 0.007212010 0.999767303 -0.020327765 -1.946158886 -0.999507785 0.007827827 0.030379353 88.987556458
0.020337023 0.020667506 0.999579608 31.459581375 0.007423708 0.999755561 -0.020822188 -1.969117999 -0.999765575 0.007844047 0.020178623 89.006912231
0.010215310 0.019744070 0.999752820 32.259910583 0.009366426 0.999759197 -0.019839898 -1.996050715 -0.999903977 0.009566781 0.010027917 89.012565613
-0.000704458 0.018723270 0.999824464 33.053112030 0.008528054 0.999788404 -0.018716587 -2.023180008 -0.999963343 0.008513372 -0.000863984 89.013244629
-0.011746959 0.017997820 0.999768913 33.842502594 0.009779496 0.999792218 -0.017883336 -2.046330690 -0.999883175 0.009567164 -0.011920528 89.003761292
-0.022495052 0.018333582 0.999578834 34.624801636 0.010044977 0.999785483 -0.018111318 -2.070663452 -0.999696553 0.009633332 -0.022674391 88.981575012
-0.033744186 0.018973945 0.999250352 35.399204254 0.010405137 0.999772251 -0.018632473 -2.099086761 -0.999376357 0.009768599 -0.033933930 88.954757690
-0.044173338 0.020070720 0.998822331 36.169708252 0.009796862 0.999758780 -0.019656269 -2.125211954 -0.998975873 0.008917043 -0.044359311 88.917114258
-0.054789476 0.021144636 0.998273969 36.947746277 0.010455425 0.999733090 -0.020601707 -2.149018288 -0.998443186 0.009308620 -0.054995928 88.880195618
-0.064278983 0.021928024 0.997690916 37.708904266 0.011456886 0.999708951 -0.021234231 -2.173768520 -0.997866154 0.010065518 -0.064511493 88.827499390
-0.073861457 0.022259781 0.997020006 38.463157654 0.011704133 0.999701381 -0.021452572 -2.202147484 -0.997199833 0.010084735 -0.074099928 88.764205933
-0.083207123 0.022847882 0.996270299 39.226116180 0.012765985 0.999679446 -0.021859869 -2.224697113 -0.996450424 0.010899475 -0.083472133 88.704559326
-0.091834441 0.022135247 0.995528102 39.959434509 0.013873056 0.999684334 -0.020947907 -2.250887394 -0.995677590 0.011887280 -0.092112526 88.634521484
-0.099304572 0.021002591 0.994835317 40.693267822 0.015625732 0.999686837 -0.019545248 -2.277624369 -0.994934320 0.013604100 -0.099601671 88.561073303
-0.104068957 0.019578470 0.994377315 41.408245087 0.018867893 0.999665082 -0.017707918 -2.303143024 -0.994391143 0.016918959 -0.104403503 88.471397400
-0.107588239 0.017955339 0.994033456 42.126899719 0.021499353 0.999645054 -0.015729748 -2.324849606 -0.993963063 0.019678736 -0.107936092 88.381721497
-0.110266939 0.016856937 0.993758976 42.823078156 0.023274539 0.999625862 -0.014373926 -2.345165014 -0.993629515 0.021544321 -0.110618010 88.302612305
-0.112169467 0.015843825 0.993562758 43.513572693 0.023022352 0.999645829 -0.013341695 -2.368720531 -0.993422329 0.021377619 -0.112494528 88.226280212
-0.112790786 0.016697366 0.993478417 44.176109314 0.024309698 0.999605834 -0.014040438 -2.383501291 -0.993321300 0.022567533 -0.113152236 88.150604248
-0.111899011 0.017493065 0.993565559 44.828800201 0.024820471 0.999582291 -0.014803630 -2.408858299 -0.993409574 0.023004252 -0.112286463 88.075363159
-0.108861454 0.019324524 0.993869066 45.463390350 0.026118081 0.999521494 -0.016573640 -2.425639629 -0.993713856 0.024153719 -0.109314077 88.010559082
-0.103661776 0.019513642 0.994421124 46.076358795 0.026018810 0.999518573 -0.016901383 -2.451939583 -0.994272232 0.024121631 -0.104119591 87.948921204
-0.095832296 0.020345986 0.995189488 46.669082642 0.025734736 0.999507487 -0.017956123 -2.469921112 -0.995064795 0.023890166 -0.096308693 87.895729065
-0.084480979 0.020229930 0.996219695 47.249374390 0.024640836 0.999530494 -0.018207580 -2.490633965 -0.996120393 0.023009490 -0.084939793 87.853721619
-0.071176574 0.020499568 0.997253060 47.802722931 0.023888394 0.999536991 -0.018841540 -2.514639378 -0.997177601 0.022481695 -0.071633331 87.827445984
-0.054085057 0.021622820 0.998302162 48.344207764 0.022255514 0.999543250 -0.020443961 -2.539558649 -0.998288333 0.021112015 -0.054541580 87.812995911
-0.032988839 0.024291394 0.999160409 48.870944977 0.020511849 0.999510586 -0.023622675 -2.559135675 -0.999245167 0.019715348 -0.033470947 87.813529968
-0.008207511 0.027304579 0.999593437 49.395942688 0.018517446 0.999459863 -0.027148888 -2.582422256 -0.999794841 0.018287091 -0.008708695 87.825607300
0.020137627 0.028798984 0.999382257 49.915359497 0.016818736 0.999433815 -0.029139373 -2.604893208 -0.999655843 0.017395144 0.019641876 87.857025146
0.052904509 0.028343920 0.998197138 50.412857056 0.013871747 0.999479830 -0.029115543 -2.626017809 -0.998503208 0.015387087 0.052483823 87.911018372
0.092596874 0.025206476 0.995384514 50.873977661 0.012563264 0.999570310 -0.026481191 -2.660073757 -0.995624423 0.014957359 0.092240445 87.940299988
0.134235784 0.022157544 0.990701675 51.416858673 0.011495040 0.999647856 -0.023915164 -2.668025255 -0.990882754 0.014598425 0.133933857 88.049095154
0.179509148 0.017822709 0.983594894 51.905696869 0.008793787 0.999766886 -0.019720646 -2.688088894 -0.983717024 0.012189561 0.179310590 88.166542053
0.228346199 0.014708464 0.973469019 52.390419006 0.004656705 0.999857903 -0.016199512 -2.701960802 -0.973568916 0.008232253 0.228245288 88.305168152
0.280528456 0.013208868 0.959754884 52.851684570 0.000821779 0.999901712 -0.014001600 -2.718602419 -0.959845304 0.004716552 0.280490011 88.465476990
0.335047781 0.012912633 0.942112684 53.303050995 -0.000505981 0.999908388 -0.013524847 -2.735498428 -0.942200959 0.004054776 0.335023642 88.662216187
0.391171813 0.013700139 0.920215786 53.721870422 0.002279053 0.999871671 -0.015854852 -2.742761612 -0.920314848 0.008299192 0.391090482 88.886596680
0.451897115 0.016323444 0.891920686 54.139953613 0.003488798 0.999792635 -0.020065276 -2.764693260 -0.892063320 0.012179172 0.451746434 89.123092651
0.512155294 0.020281738 0.858653307 54.540107727 0.004141437 0.999651253 -0.026082382 -2.775743484 -0.858882844 0.016914289 0.511892676 89.388671875
0.570636809 0.024732091 0.820829988 54.890369415 0.000650184 0.999532342 -0.030568507 -2.782358170 -0.821202338 0.017977208 0.570353925 89.675064087
0.623649061 0.028177027 0.781196356 55.205169678 -0.003412207 0.999438703 -0.033324756 -2.790593624 -0.781696856 0.018117359 0.623395264 90.016181946
0.676886857 0.028534550 0.735533774 55.530265808 -0.004843957 0.999399364 -0.034313302 -2.811617851 -0.736071050 0.019663338 0.676618695 90.360031128
0.725950837 0.026204009 0.687247157 55.821273804 -0.004970201 0.999447644 -0.032857768 -2.832858801 -0.687728643 0.020437371 0.725680232 90.714492798
0.770004869 0.024457673 0.637569070 56.063232422 -0.008169228 0.999561071 -0.028477831 -2.837975740 -0.637985647 0.016719626 0.769866586 91.100891113
0.812124670 0.019773833 0.583148718 56.324214935 -0.008563844 0.999721885 -0.021972829 -2.844353914 -0.583421052 0.012850685 0.812068164 91.502365112
0.848812044 0.017814400 0.528394401 56.542610168 -0.011157896 0.999813139 -0.015783887 -2.852313519 -0.528576851 0.007501785 0.848852277 91.926040649
0.879756868 0.014555918 0.475200713 56.724746704 -0.012014270 0.999892712 -0.008385340 -2.861837387 -0.475271851 0.001667876 0.879837394 92.358207703
0.905324697 0.015695289 0.424429804 56.880443573 -0.016098605 0.999867022 -0.002635853 -2.875703573 -0.424414754 -0.004446425 0.905456960 92.784553528
0.925129533 0.017438820 0.379250705 56.991874695 -0.019458828 0.999809623 0.001493571 -2.895103931 -0.379152536 -0.008761520 0.925292730 93.185646057
0.940285504 0.022553751 0.339638680 57.118045807 -0.025401684 0.999669552 0.003941062 -2.898342371 -0.339437544 -0.012333119 0.940547884 93.641487122
0.952221811 0.026722040 0.304235995 57.231185913 -0.029093392 0.999571383 0.003263185 -2.901434660 -0.304018497 -0.011958536 0.952591181 94.100883484
0.961332679 0.029144671 0.273842990 57.333683014 -0.031234657 0.999506652 0.003274143 -2.899683475 -0.273612529 -0.011700936 0.961768985 94.566658020
0.967358410 0.024076996 0.252265841 57.441699982 -0.025721814 0.999663949 0.003223994 -2.901739597 -0.252103478 -0.009607492 0.967652619 95.033035278
0.971374452 0.021167142 0.236608744 57.551986694 -0.022889676 0.999727726 0.004535181 -2.917254686 -0.236448407 -0.009821258 0.971594453 95.511512756
0.974224329 0.025542794 0.224130422 57.643169403 -0.027142331 0.999623299 0.004058110 -2.919283390 -0.223942369 -0.010036932 0.974550784 96.008148193
0.976210713 0.030735390 0.214634672 57.729347229 -0.032623548 0.999453843 0.005259381 -2.921695948 -0.214355886 -0.012136412 0.976680338 96.528137207
0.977393568 0.037146632 0.208139688 57.833610535 -0.038593173 0.999250829 0.002891875 -2.907000542 -0.207876384 -0.010859272 0.978094757 97.006538391
0.977738380 0.043056134 0.205362350 57.926937103 -0.043876328 0.999036849 -0.000560401 -2.911861181 -0.205188677 -0.008462621 0.978685856 97.525520325
0.977822959 0.044661332 0.204616159 58.032402039 -0.044951066 0.998984098 -0.003234204 -2.918267012 -0.204552725 -0.006035237 0.978836894 98.065856934
0.977265894 0.043791082 0.207445413 58.144195557 -0.043326557 0.999037981 -0.006784337 -2.930084229 -0.207542926 -0.002357795 0.978223026 98.599220276
0.976571500 0.042008225 0.211052790 58.269252777 -0.040030815 0.999105394 -0.013634956 -2.929178715 -0.211436778 0.004866896 0.977379560 99.156028748
0.975841284 0.041588288 0.214485973 58.408077240 -0.038603574 0.999090850 -0.018087510 -2.936208010 -0.215043217 0.009370612 0.976559699 99.700874329
0.974565327 0.046421394 0.219242886 58.524520874 -0.043563757 0.998891115 -0.017853200 -2.945050240 -0.219828546 0.007848065 0.975506961 100.285751343
0.973142326 0.049449008 0.224830866 58.655330658 -0.047549874 0.998772740 -0.013857218 -2.957222939 -0.225240171 0.002794365 0.974299192 100.873268127
0.972218394 0.046075743 0.229495928 58.802627563 -0.045140002 0.998937070 -0.009328375 -2.966672421 -0.229681820 -0.001290232 0.973264933 101.467399597
0.971493006 0.042099383 0.233300164 58.953430176 -0.042434849 0.999092758 -0.003583506 -2.980513096 -0.233239412 -0.006418707 0.972398162 102.092437744
0.970727921 0.039697308 0.236878201 59.109157562 -0.041186020 0.999150574 0.001337523 -2.992767572 -0.236623973 -0.011054441 0.971538484 102.716857910
0.970126033 0.034957733 0.240069777 59.266021729 -0.036488470 0.999332190 0.001932859 -2.998760462 -0.239841923 -0.010634896 0.970753849 103.355865479
0.970153391 0.031388935 0.240451559 59.426475525 -0.031994548 0.999487102 -0.001385781 -3.003097057 -0.240371749 -0.006348719 0.970660269 103.998229980
0.970314085 0.030765671 0.239883319 59.591255188 -0.029695233 0.999526381 -0.008076436 -3.014050484 -0.240018219 0.000713288 0.970768154 104.643554688
0.970495284 0.033071090 0.238841072 59.751434326 -0.030422686 0.999427974 -0.014767550 -3.023786306 -0.239192829 0.007065652 0.970946431 105.285263062
0.971107721 0.035789303 0.235942274 59.910903931 -0.032323893 0.999305427 -0.018540392 -3.030858994 -0.236441955 0.010378147 0.971590281 105.962326050
0.971673548 0.034658160 0.233771801 60.068122864 -0.032152280 0.999377370 -0.014523012 -3.038944244 -0.234129623 0.006595331 0.972183108 106.656379700
0.972052574 0.030481860 0.232776016 60.234405518 -0.029694922 0.999535203 -0.006885036 -3.052800179 -0.232877716 -0.000219649 0.972506046 107.369865417
0.972662687 0.031036932 0.230139196 60.406005859 -0.031709276 0.999496818 -0.000777300 -3.068542719 -0.230047554 -0.006541497 0.973157406 108.094535828
0.972919822 0.034354445 0.228575543 60.564033508 -0.034930464 0.999388576 -0.001526391 -3.077801466 -0.228488281 -0.006499195 0.973525047 108.821273804
0.973201752 0.040066995 0.226435378 60.718994141 -0.039673340 0.999192834 -0.006290944 -3.085152626 -0.226504669 -0.002861091 0.974005878 109.552772522
0.974103093 0.040917166 0.222371042 60.886978149 -0.039362218 0.999159634 -0.011422027 -3.096033096 -0.222651571 0.002373216 0.974895179 110.290382385
0.975056231 0.039550934 0.218405604 61.054100037 -0.037302837 0.999200106 -0.014408701 -3.106222153 -0.218800753 0.005902148 0.975751638 111.045959473
0.975991428 0.037568774 0.214544281 61.221382141 -0.035616275 0.999281466 -0.012960492 -3.117500305 -0.214877054 0.005008060 0.976628244 111.822456360
0.976838887 0.033756070 0.211296931 61.388931274 -0.032233238 0.999423623 -0.010648152 -3.135357380 -0.211534545 0.003590742 0.977363884 112.597854614
0.977281749 0.032434169 0.209448203 61.556167603 -0.031483304 0.999473214 -0.007873178 -3.149411678 -0.209593207 0.001100191 0.977788091 113.390144348
0.977589965 0.029599858 0.208427474 61.722465515 -0.029072070 0.999561667 -0.005595799 -3.159918785 -0.208501756 -0.000589022 0.978021801 114.189750671
0.977798462 0.024451632 0.208115846 61.892959595 -0.024091462 0.999700606 -0.004265498 -3.174186468 -0.208157808 -0.000843018 0.978094995 114.976654053
0.977924109 0.025019461 0.207456812 62.058235168 -0.025005629 0.999683678 -0.002689412 -3.184700727 -0.207458466 -0.002557547 0.978240550 115.779335022
0.977698088 0.030606819 0.207773358 62.223190308 -0.030276285 0.999530196 -0.004771430 -3.192982912 -0.207821772 -0.001625587 0.978165329 116.597541809
0.977410436 0.036119584 0.208240792 62.387725830 -0.035210755 0.999347329 -0.008070741 -3.206492901 -0.208396390 0.000556112 0.978044271 117.411483765
0.976854622 0.044826292 0.209154636 62.551124573 -0.043762926 0.998994708 -0.009711571 -3.215804577 -0.209379718 0.000333575 0.977834344 118.243522644
0.975936711 0.050581891 0.212106124 62.715667725 -0.049740177 0.998718858 -0.009305813 -3.227643728 -0.212305114 -0.001468311 0.977202296 119.071182251
0.975123703 0.053221852 0.215176925 62.886116028 -0.052929372 0.998572886 -0.007125339 -3.249953985 -0.215249076 -0.004441091 0.976549029 119.912055969
0.974573076 0.053714324 0.217536330 63.071475983 -0.053309776 0.998548031 -0.007732410 -3.271998405 -0.217635810 -0.004061014 0.976021588 120.742683411
0.974206626 0.052137014 0.219552323 63.253486633 -0.051012270 0.998639643 -0.010792909 -3.281172752 -0.219816402 -0.000685339 0.975540996 121.575462341
0.974182606 0.046063080 0.221012354 63.446701050 -0.045128617 0.998938084 -0.009278430 -3.299356937 -0.221205100 -0.000935099 0.975226879 122.420913696
0.974454582 0.039679054 0.221051142 63.647319794 -0.038239244 0.999210298 -0.010790759 -3.321352959 -0.221304774 0.002062277 0.975202501 123.241851807
0.974253356 0.038603630 0.222125962 63.836425781 -0.037153233 0.999252260 -0.010706088 -3.342079163 -0.222373158 0.002177745 0.974959195 124.073730469
0.973683000 0.041090645 0.224171370 64.022674561 -0.040329639 0.999154627 -0.007974349 -3.356467724 -0.224309564 -0.001276264 0.974517107 124.921707153
0.973241448 0.043277562 0.225671992 64.203910828 -0.043925870 0.999032557 -0.002150062 -3.372623205 -0.225546718 -0.007820308 0.974200904 125.762954712
0.972868383 0.047235943 0.226485237 64.390663147 -0.048939306 0.998799980 0.001908558 -3.389623165 -0.226123288 -0.012940807 0.974012673 126.602722168
0.972676873 0.046375778 0.227483869 64.577674866 -0.046580348 0.998904526 -0.004472170 -3.405593395 -0.227442086 -0.006246301 0.973771572 127.413162231
0.972955227 0.042366382 0.227075025 64.771270752 -0.039047945 0.999054968 -0.019088116 -3.422766209 -0.227669150 0.009705069 0.973690152 128.222183228
