0.999999940 0.000000000 -0.000000001 0.000000000 0.000000000 1.000000000 0.000000001 0.000000000 -0.000000001 0.000000001 1.000000000 0.000000000
0.999995768 -0.002495306 -0.001478633 -0.004593655 0.002499622 0.999992609 0.002924505 -0.016024306 0.001471325 -0.002928189 0.999994576 1.524361014
0.999991536 -0.002808762 -0.003003641 -0.007824297 0.002820070 0.999988854 0.003767072 -0.033888377 0.002993029 -0.003775510 0.999988437 3.044373512
0.999988914 -0.001780567 -0.004360308 -0.024985729 0.001795654 0.999992371 0.003458525 -0.048192464 0.004354117 -0.003466316 0.999984503 4.558170795
0.999982119 -0.000966469 -0.005924976 -0.037794266 0.000987019 0.999993503 0.003466466 -0.065483809 0.005921587 -0.003472251 0.999976516 6.061653137
0.999972165 -0.001338373 -0.007344656 -0.053000111 0.001363963 0.999992967 0.003480349 -0.075859293 0.007339944 -0.003490268 0.999967098 7.559903145
0.999957204 -0.001686193 -0.009098008 -0.072386131 0.001722861 0.999990344 0.004023968 -0.095735781 0.009091133 -0.004039469 0.999950528 9.071054459
0.999936223 -0.003441339 -0.010765303 -0.094891444 0.003475009 0.999989092 0.003110456 -0.108842745 0.010754479 -0.003147666 0.999937177 10.567864418
0.999916375 -0.004543219 -0.012102525 -0.113472998 0.004584532 0.999983668 0.003388022 -0.121827900 0.012086940 -0.003443223 0.999920964 12.047651291
0.999903083 -0.004245776 -0.013260086 -0.139536768 0.004289726 0.999985397 0.003287742 -0.137519479 0.013245934 -0.003344305 0.999906659 13.529507637
0.999890327 -0.003923961 -0.014280364 -0.175141454 0.003971077 0.999986768 0.003272394 -0.152242154 0.014267334 -0.003328743 0.999892652 15.009593010
0.999880195 -0.002562254 -0.015257516 -0.191439658 0.002623265 0.999988675 0.003980080 -0.169713497 0.015247147 -0.004019630 0.999875665 16.476814270
0.999871731 -0.001569691 -0.015934339 -0.224402949 0.001641937 0.999988437 0.004521941 -0.181737870 0.015927058 -0.004547525 0.999862850 17.949289322
0.999863029 -0.000385065 -0.016539102 -0.248884290 0.000477865 0.999984086 0.005607303 -0.200610787 0.016536685 -0.005614440 0.999847472 19.424139023
0.999857485 -0.000446499 -0.016877012 -0.281649113 0.000538663 0.999984920 0.005456751 -0.207979053 0.016874323 -0.005465064 0.999842703 20.886837006
0.999847114 0.000279263 -0.017477622 -0.313163936 -0.000183174 0.999984860 0.005499188 -0.217035875 0.017478893 -0.005495147 0.999832153 22.351070404
0.999846995 0.001200841 -0.017446520 -0.349351496 -0.001096781 0.999981523 0.005972896 -0.227467746 0.017453372 -0.005952849 0.999829948 23.800518036
0.999847412 0.001874629 -0.017368531 -0.378120005 -0.001746087 0.999970913 0.007413063 -0.245432049 0.017381925 -0.007381605 0.999821723 25.249694824
0.999846280 0.002232527 -0.017386846 -0.406592011 -0.002125242 0.999978542 0.006186473 -0.261351079 0.017400282 -0.006148570 0.999829710 26.684501648
0.999843061 0.002769674 -0.017492816 -0.437266678 -0.002699387 0.999988079 0.004040397 -0.270385265 0.017503800 -0.003992544 0.999838889 28.111385345
0.999859691 0.000920099 -0.016723383 -0.475457460 -0.000854203 0.999991715 0.003947112 -0.286750317 0.016726883 -0.003932274 0.999852419 29.521867752
0.999857605 -0.000026935 -0.016874185 -0.496238887 0.000137721 0.999978483 0.006564240 -0.298256218 0.016873647 -0.006565630 0.999836147 30.974445343
0.999856949 -0.001617890 -0.016832773 -0.526145458 0.001752832 0.999966443 0.008004927 -0.314329416 0.016819259 -0.008033287 0.999826372 32.374744415
0.999857664 -0.002745640 -0.016641572 -0.548610985 0.002865210 0.999970198 0.007165416 -0.325911880 0.016621407 -0.007212076 0.999835789 33.782562256
0.999866784 -0.002623466 -0.016106630 -0.584597766 0.002711822 0.999981344 0.005466292 -0.340331912 0.016091993 -0.005509243 0.999855280 35.155288696
0.999875963 -0.001840905 -0.015640495 -0.610539317 0.001912644 0.999987662 0.004573041 -0.350696981 0.015631886 -0.004602388 0.999867141 36.509471893
0.999892056 -0.001005013 -0.014650946 -0.644559145 0.001058216 0.999992788 0.003624115 -0.364508092 0.014647195 -0.003639227 0.999886096 37.866046906
0.999908090 -0.000448531 -0.013548308 -0.663482070 0.000512877 0.999988616 0.004746298 -0.383082569 0.013546023 -0.004752813 0.999896884 39.200996399
0.999926090 0.000158535 -0.012155415 -0.692979872 -0.000076797 0.999977410 0.006724557 -0.397883028 0.012156203 -0.006723128 0.999903500 40.526268005
0.999946296 -0.000213214 -0.010354275 -0.707402229 0.000293746 0.999969661 0.007776777 -0.413681477 0.010352302 -0.007779400 0.999916136 41.829040527
0.999967158 -0.000064115 -0.008095745 -0.726572037 0.000132926 0.999963880 0.008499345 -0.426911741 0.008094909 -0.008500142 0.999931097 43.109535217
0.999989331 -0.000130781 -0.004600797 -0.731326342 0.000166991 0.999969006 0.007870826 -0.439033151 0.004599626 -0.007871510 0.999958456 44.380390167
0.999998927 -0.000659917 -0.001213399 -0.740806222 0.000666945 0.999983013 0.005799779 -0.447356492 0.001209550 -0.005800582 0.999982476 45.638999939
0.999996603 -0.000907674 0.002397141 -0.746950984 0.000896859 0.999989450 0.004509177 -0.470029831 -0.002401209 -0.004507013 0.999986947 46.854892731
0.999978900 -0.000566106 0.006457702 -0.743339300 0.000533019 0.999986768 0.005124205 -0.483786285 -0.006460517 -0.005120656 0.999966025 48.070117950
0.999927402 -0.000308768 0.012058031 -0.738847792 0.000247958 0.999987245 0.005044364 -0.498066127 -0.012059437 -0.005041009 0.999914587 49.290985107
0.999827683 0.001565050 0.018500322 -0.727037191 -0.001638248 0.999990880 0.003942140 -0.508170366 -0.018493984 -0.003971769 0.999821067 50.486419678
0.999663055 0.002616231 0.025824938 -0.703900337 -0.002717968 0.999988616 0.003905206 -0.520712137 -0.025814425 -0.003974082 0.999658883 51.696582794
0.999406517 0.003419787 0.034275271 -0.671092868 -0.003592903 0.999980986 0.004990471 -0.537201107 -0.034257561 -0.005110658 0.999399900 52.864810944
0.998990357 0.006116864 0.044505496 -0.631803513 -0.006382715 0.999962449 0.005833827 -0.550886512 -0.044468146 -0.006112006 0.998992085 54.023761749
0.998308361 0.008009112 0.057586472 -0.575003862 -0.008344249 0.999949515 0.005581598 -0.562919617 -0.057538871 -0.006052671 0.998324871 55.180324554
0.997339487 0.009931750 0.072216846 -0.503396511 -0.010396292 0.999927521 0.006059536 -0.574376941 -0.072151437 -0.006794202 0.997370481 56.309787750
0.995972157 0.012558227 0.088778771 -0.421536922 -0.013254893 0.999885738 0.007262007 -0.586842656 -0.088677414 -0.008409512 0.996024907 57.437557220
0.994259596 0.012521832 0.106259033 -0.309060097 -0.013448030 0.999877512 0.008004344 -0.596317053 -0.106145799 -0.009387371 0.994306207 58.543758392
0.991991699 0.012193218 0.125713155 -0.179970264 -0.013224078 0.999885380 0.007368794 -0.609959126 -0.125608936 -0.008972224 0.992039323 59.648414612
0.989220142 0.011593293 0.145976588 -0.024606705 -0.012644129 0.999900401 0.006272834 -0.614062965 -0.145889342 -0.008050959 0.989268184 60.741992950
0.985952735 0.008270695 0.166819260 0.148838043 -0.009431157 0.999936461 0.006165397 -0.628834963 -0.166757673 -0.007652089 0.985968173 61.783332825
0.982066870 0.003421235 0.188501656 0.347393990 -0.005117175 0.999950588 0.008511016 -0.638934314 -0.188463241 -0.009322982 0.982035995 62.820716858
0.977310061 -0.001855455 0.211805269 0.567508698 -0.000208566 0.999952674 0.009722143 -0.645709634 -0.211813256 -0.009545724 0.977263689 63.861534119
0.971876681 -0.006779277 0.235392526 0.819405556 0.004763072 0.999946833 0.009132824 -0.654410541 -0.235441953 -0.007754788 0.971857548 64.870521545
0.965365648 -0.012877299 0.260582507 1.092627525 0.011359016 0.999908507 0.007331720 -0.662534237 -0.260653138 -0.004117830 0.965423822 65.865333557
0.957862198 -0.016629323 0.286746413 1.388862610 0.014875557 0.999854982 0.008293660 -0.673654079 -0.286842763 -0.003678669 0.957970619 66.834632874
0.949336410 -0.019241458 0.313672245 1.706493378 0.016721128 0.999802649 0.010723582 -0.682923555 -0.313816726 -0.004935331 0.949470699 67.783996582
0.939585507 -0.023592409 0.341500312 2.046222687 0.020133426 0.999703825 0.013670108 -0.687462866 -0.341721714 -0.005968664 0.939782202 68.724884033
0.928600311 -0.026613105 0.370126009 2.418329239 0.023238275 0.999637783 0.013574830 -0.693889976 -0.370353252 -0.004004501 0.928882360 69.642395020
0.916609049 -0.026203018 0.398925006 2.809410095 0.024418535 0.999656141 0.009555071 -0.697534561 -0.399038285 0.000982899 0.916933715 70.532920837
0.903675735 -0.027531091 0.427331448 3.235513687 0.028493600 0.999585330 0.004143627 -0.700710535 -0.427268326 0.008431716 0.904085636 71.405433655
0.889452755 -0.029009836 0.456105381 3.677164078 0.031640500 0.999497533 0.001869150 -0.708507836 -0.455930471 0.012768884 0.889923811 72.254943848
0.873740077 -0.029578833 0.485493004 4.143526077 0.031009439 0.999506116 0.005087706 -0.714889288 -0.485403746 0.010609530 0.874225795 73.089996338
0.856033802 -0.028735382 0.516120195 4.639358521 0.026947858 0.999576747 0.010956642 -0.725085616 -0.516216755 0.004529076 0.856446087 73.919624329
0.836287141 -0.028813668 0.547533751 5.163627625 0.024855677 0.999583781 0.014638716 -0.728996336 -0.547727764 0.001367152 0.836655438 74.732040405
0.815207303 -0.022777496 0.578721285 5.688936234 0.021008877 0.999731660 0.009753918 -0.732277334 -0.578788161 0.004206818 0.815467119 75.488662720
0.793393493 -0.015933527 0.608500600 6.253353119 0.018082632 0.999833047 0.002603496 -0.734714150 -0.608440459 0.008937694 0.793549180 76.222167969
0.770737290 -0.013442626 0.637011290 6.845008850 0.017109450 0.999853551 0.000398380 -0.738985538 -0.636923313 0.010591864 0.770854473 76.945289612
0.747436702 -0.016224843 0.664134979 7.467365265 0.018454205 0.999822974 0.003656820 -0.747974455 -0.664076746 0.009522844 0.747603834 77.647232056
0.722994626 -0.016868794 0.690647840 8.105476379 0.018832276 0.999811530 0.004705705 -0.762247562 -0.690597117 0.009604273 0.723175943 78.310302734
0.697673738 -0.014724671 0.716264248 8.758533478 0.019488694 0.999808788 0.001570798 -0.770417273 -0.716150522 0.012863153 0.697827280 78.946838379
0.671835423 -0.012662873 0.740592301 9.441902161 0.019632097 0.999807000 -0.000714440 -0.778529882 -0.740440428 0.015019369 0.671954215 79.545509338
0.644476175 -0.009828704 0.764561176 10.132404327 0.017512016 0.999844730 -0.001908151 -0.785510361 -0.764423788 0.014618766 0.644548297 80.142700195
0.616498888 -0.008297896 0.787311971 10.855785370 0.017272815 0.999846280 -0.002987451 -0.798998654 -0.787166297 0.015440857 0.616547585 80.703201294
0.587632000 -0.001938282 0.809125960 11.592746735 0.016043007 0.999828458 -0.009256203 -0.813547909 -0.808969319 0.018420056 0.587562323 81.255821228
0.557526886 0.007513565 0.830124736 12.351543427 0.014847268 0.999708831 -0.019020192 -0.826952517 -0.830025971 0.022929352 0.557253122 81.769401550
0.526666343 0.015923519 0.849922836 13.124763489 0.013574768 0.999539495 -0.027138419 -0.851805031 -0.849963665 0.025830399 0.526207685 82.252853394
0.494747877 0.020903166 0.868785083 13.940124512 0.010922737 0.999482214 -0.030267945 -0.878544927 -0.868967950 0.024464516 0.494263351 82.727684021
0.462534904 0.020240009 0.886370003 14.770921707 0.009245069 0.999574900 -0.027649365 -0.909927785 -0.886552989 0.020983351 0.462151110 83.157836914
0.428961247 0.019187298 0.903119206 15.621444702 0.004438222 0.999717534 -0.023347648 -0.941376567 -0.903312027 0.014023478 0.428754926 83.579124451
0.394683123 0.020215962 0.918594837 16.477403641 0.000101911 0.999757051 -0.022045920 -0.974847853 -0.918817282 0.008794768 0.394585133 83.952728271
0.359254122 0.023317043 0.932948470 17.358066559 -0.006813913 0.999726713 -0.022362165 -1.001377106 -0.933214962 0.001676672 0.359314829 84.316795349
0.323963195 0.025203845 0.945733964 18.254354477 -0.011656223 0.999675572 -0.022648524 -1.029108763 -0.945997834 -0.003686396 0.324151874 84.617568970
0.287356496 0.024418646 0.957512379 19.166069031 -0.014354038 0.999672472 -0.021186069 -1.061326742 -0.957716167 -0.007656214 0.287612855 84.915290833
0.250918806 0.024288284 0.967703342 20.118127823 -0.015000286 0.999662697 -0.021200961 -1.084251642 -0.967891872 -0.009196106 0.251198530 85.176605225
0.215265095 0.023690961 0.976268232 21.065639496 -0.014294127 0.999675035 -0.021107148 -1.110504866 -0.976450920 -0.009411270 0.215533808 85.379478455
0.180025622 0.022561580 0.983403087 22.027751923 -0.012183548 0.999711514 -0.020705359 -1.136594534 -0.983586371 -0.008253845 0.180248573 85.548820496
0.145299301 0.021263836 0.989159226 22.994651794 -0.003557591 0.999773681 -0.020969437 -1.172854066 -0.989381373 -0.000472179 0.145342082 85.690689087
0.111729637 0.024562323 0.993435144 23.963447571 -0.001539486 0.999697447 -0.024544025 -1.205451488 -0.993737459 0.001212916 0.111733660 85.792854309
0.078363948 0.029184667 0.996497571 24.937675476 -0.000668639 0.999572694 -0.029222146 -1.243776798 -0.996924639 0.001623666 0.078349970 85.881233215
0.049260389 0.033644132 0.998219073 25.938894272 0.005943541 0.999404967 -0.033977404 -1.271815777 -0.998768210 0.007606694 0.049031116 85.928428650
0.023755962 0.031718642 0.999214470 26.925336838 0.008122058 0.999457419 -0.031919453 -1.307802677 -0.999684811 0.008873953 0.023485456 85.944587708
0.001026943 0.028559830 0.999591470 27.908670425 0.009416326 0.999547541 -0.028568244 -1.346016884 -0.999955058 0.009441814 0.000757553 85.949089050
-0.017416071 0.026392587 0.999499917 28.953983307 0.009523210 0.999610543 -0.026229573 -1.384483814 -0.999803007 0.009061633 -0.017660635 85.931068420
-0.033917431 0.029578520 0.998986781 29.948001862 0.011426531 0.999508023 -0.029206002 -1.420671701 -0.999359310 0.010424363 -0.034238730 85.894134521
-0.048872691 0.033738878 0.998234928 30.946395874 0.013848717 0.999356031 -0.033098754 -1.457397223 -0.998709023 0.012206649 -0.049308464 85.845504761
-0.060485035 0.039458778 0.997388840 31.948871613 0.017973842 0.999099553 -0.038436446 -1.491113544 -0.998007238 0.015602083 -0.061139785 85.774703979
-0.069478124 0.042861134 0.996662199 32.941421509 0.023213258 0.998875558 -0.041338090 -1.537602425 -0.997313380 0.020263681 -0.070394948 85.701126099
-0.075177446 0.048250865 0.996002018 33.939075470 0.027115656 0.998558104 -0.046328027 -1.586881042 -0.996801555 0.023524432 -0.076377407 85.617332458
-0.078718297 0.052715827 0.995502114 34.941287994 0.029213859 0.998293817 -0.050553616 -1.643892884 -0.996468782 0.025102967 -0.080124043 85.535285950
-0.081755184 0.056826778 0.995031059 35.944000244 0.030678796 0.998043537 -0.054478154 -1.702641010 -0.996180177 0.026072484 -0.083338611 85.450561523
-0.084093198 0.059774883 0.994663477 36.944126129 0.031166315 0.997868538 -0.057332557 -1.764301300 -0.995970428 0.026178714 -0.085776903 85.362823486
-0.086589411 0.063431986 0.994222641 37.971225739 0.032488298 0.997619867 -0.060819246 -1.826020837 -0.995714128 0.027034296 -0.088444129 85.267616272
-0.088521175 0.067544289 0.993781567 38.979003906 0.033653531 0.997331381 -0.064787865 -1.890227318 -0.995505571 0.027709156 -0.090558060 85.171470642
-0.090487309 0.068700433 0.993525207 39.987514496 0.036609221 0.997172832 -0.065618418 -1.964175940 -0.995224476 0.030434551 -0.092746586 85.074264526
-0.092840105 0.067142859 0.993414581 41.002914429 0.036770124 0.997274220 -0.063967362 -2.039250135 -0.995001793 0.030589242 -0.095055930 84.982833862
-0.095020339 0.067074403 0.993212938 42.027069092 0.036044460 0.997304916 -0.063902386 -2.109869003 -0.994822502 0.029727804 -0.097181931 84.887084961
-0.097360402 0.068569042 0.992884278 43.059238434 0.035897106 0.997216642 -0.065348230 -2.178183556 -0.994601548 0.029279348 -0.099550843 84.786590576
-0.099516518 0.070689023 0.992521763 44.065971375 0.035550196 0.997089088 -0.067449823 -2.253854990 -0.994400561 0.028571974 -0.101739846 84.679557800
-0.101967864 0.072858997 0.992116034 45.097866058 0.033867583 0.996990383 -0.069736116 -2.333430052 -0.994211018 0.026489731 -0.104128532 84.572586060
-0.104552694 0.076001674 0.991611183 46.119369507 0.031582404 0.996826530 -0.073071443 -2.417544365 -0.994017661 0.023677640 -0.106621236 84.469512939
-0.106913239 0.080341510 0.991017044 47.159564972 0.027830999 0.996581197 -0.077790134 -2.494927406 -0.993878663 0.019264199 -0.108783722 84.366394043
-0.109475955 0.082823329 0.990532815 48.206699371 0.025706651 0.996425092 -0.080474831 -2.579021454 -0.993656993 0.016653230 -0.111213684 84.246803284
-0.112531640 0.081222460 0.990322948 49.256202698 0.023729630 0.996588945 -0.079039946 -2.667574644 -0.993364811 0.014605508 -0.114075154 84.132141113
-0.115060754 0.077130020 0.990359426 50.309738159 0.021119360 0.996945560 -0.075189285 -2.754551888 -0.993133903 0.012264423 -0.116338246 84.010040283
-0.117494859 0.075296201 0.990214765 51.361255646 0.021408873 0.997081697 -0.073278069 -2.841494560 -0.992842674 0.012589583 -0.118763991 83.889801025
-0.119486041 0.075696491 0.989946008 52.405090332 0.020573569 0.997063935 -0.073757552 -2.928145170 -0.992622674 0.011553724 -0.120692596 83.768249512
-0.120676965 0.078620687 0.989573538 53.460021973 0.021810591 0.996828139 -0.076537274 -3.011547565 -0.992452145 0.012346903 -0.122008972 83.639877319
-0.121178873 0.081492074 0.989279807 54.527942657 0.022644075 0.996591926 -0.079320669 -3.096391439 -0.992372334 0.012789339 -0.122611210 83.505142212
-0.121446587 0.082181714 0.989189923 55.583206177 0.021405654 0.996551692 -0.080165267 -3.186614513 -0.992367089 0.011438457 -0.122786984 83.374015808
-0.121823721 0.080707930 0.989264905 56.643875122 0.018241305 0.996702254 -0.079068348 -3.278253317 -0.992384076 0.008413082 -0.122894213 83.256690979
-0.121621832 0.080175184 0.989333153 57.710403442 0.014516614 0.996769369 -0.078993246 -3.365992546 -0.992470324 0.004754461 -0.122392796 83.126213074
-0.121513471 0.081425332 0.989244282 58.776802063 0.010717749 0.996679068 -0.080720767 -3.454595566 -0.992531896 0.000793806 -0.121982627 83.000061035
-0.121527702 0.081749149 0.989215910 59.857604980 0.006875643 0.996648133 -0.081518643 -3.548238516 -0.992564261 -0.003105282 -0.121682405 82.873558044
-0.122290969 0.080838859 0.989196718 60.951915741 0.002935325 0.996702611 -0.081089370 -3.644856691 -0.992489874 -0.007012887 -0.122125030 82.748695374
-0.122829184 0.076025799 0.989511549 62.036903381 0.003285834 0.997087181 -0.076199971 -3.731113434 -0.992422342 -0.006108211 -0.122721218 82.624786377
-0.123178162 0.067128964 0.990111589 63.127506256 0.006941843 0.997743368 -0.066782780 -3.819936991 -0.992360234 -0.001352981 -0.123366214 82.492210388
-0.122275129 0.061514750 0.990588069 64.239395142 0.012951375 0.998091340 -0.060382016 -3.906882286 -0.992411733 0.005446261 -0.122838460 82.335929871
-0.122046739 0.064042591 0.990455985 65.331871033 0.021445163 0.997853398 -0.061878361 -3.979599476 -0.992292702 0.013688442 -0.123158142 82.199707031
-0.120823994 0.070049644 0.990199268 66.446929932 0.026047165 0.997387350 -0.067379877 -4.048074722 -0.992332160 0.017650781 -0.122332916 82.050315857
-0.119222760 0.075363614 0.990003169 67.547843933 0.030892536 0.996913850 -0.072169401 -4.135225773 -0.992386758 0.021979472 -0.121183001 81.904975891
-0.118990414 0.079865754 0.989678144 68.647003174 0.031483904 0.996562004 -0.076635897 -4.220726967 -0.992396116 0.022039993 -0.121095791 81.783576965
-0.118561611 0.077236168 0.989938200 69.792861938 0.028610125 0.996822119 -0.074346714 -4.305264473 -0.992534459 0.019507581 -0.120394573 81.639503479
-0.118142515 0.072675578 0.990333617 70.915161133 0.027685555 0.997171640 -0.069874644 -4.392330647 -0.992610633 0.019162763 -0.119820453 81.504890442
-0.117827252 0.070909090 0.990499079 72.052291870 0.025767652 0.997329772 -0.068332858 -4.479270935 -0.992699802 0.017471367 -0.119339794 81.371261597
-0.117859565 0.071466714 0.990455270 73.189537048 0.023128921 0.997333825 -0.069210805 -4.557545662 -0.992760837 0.014751008 -0.119198285 81.242828369
-0.118017703 0.076591611 0.990053296 74.324829102 0.024311317 0.996945024 -0.074226759 -4.646018028 -0.992713869 0.015309428 -0.119519219 81.114555359
-0.116768904 0.079544790 0.989968479 75.448364258 0.024061680 0.996721447 -0.077249259 -4.733099937 -0.992867649 0.014799994 -0.118300058 80.975250244
-0.115884408 0.078665227 0.990142703 76.596000671 0.024263160 0.996785522 -0.076353274 -4.820729256 -0.992966354 0.015175836 -0.117420599 80.837944031
-0.115844615 0.071537763 0.990687907 77.737625122 0.025597179 0.997286737 -0.069021136 -4.917826653 -0.992937505 0.017363090 -0.117361501 80.708374023
-0.116215087 0.069871865 0.990763247 78.893493652 0.024700712 0.997417271 -0.067443773 -5.004855633 -0.992916822 0.016634572 -0.117640831 80.576622009
-0.116096176 0.072957389 0.990554750 80.047309875 0.022003669 0.997242630 -0.070871085 -5.088875294 -0.992994189 0.013567983 -0.117381394 80.449989319
-0.115820482 0.076320410 0.990333557 81.197746277 0.021145195 0.997007012 -0.074361756 -5.171943665 -0.993045032 0.012328188 -0.117087647 80.324317932
-0.115692638 0.075558744 0.990407050 82.375411987 0.020477368 0.997071922 -0.073675200 -5.263297558 -0.993073940 0.011757255 -0.116901122 80.190429688
-0.115436353 0.072177909 0.990688980 83.552589417 0.019696452 0.997326732 -0.070366450 -5.350314617 -0.993119538 0.011390212 -0.116549402 80.043701172
-0.114633888 0.071317889 0.990844429 84.731750488 0.020197598 0.997380853 -0.069451615 -5.435893059 -0.993202448 0.012051172 -0.115774088 79.907135010
-0.113595739 0.071464635 0.990953326 85.913932800 0.021849973 0.997348130 -0.069421068 -5.530590534 -0.993286788 0.013766368 -0.114855990 79.781784058
-0.112325534 0.071732193 0.991079032 87.103912354 0.023595380 0.997302234 -0.069508396 -5.618768215 -0.993391216 0.015577318 -0.113715068 79.628822327
-0.111427002 0.070978068 0.991234601 88.292907715 0.023132991 0.997361183 -0.068816304 -5.708793640 -0.993503332 0.015262228 -0.112774886 79.501785278
-0.110149533 0.071876928 0.991312563 89.506881714 0.024602486 0.997273326 -0.069575407 -5.795260906 -0.993610442 0.016725061 -0.111617535 79.366027832
-0.108472563 0.069859520 0.991641700 90.679847717 0.024948651 0.997404754 -0.067536466 -5.883858681 -0.993786335 0.017414272 -0.109933972 79.222305298
-0.107646815 0.069526598 0.991755068 91.889038086 0.023007950 0.997458637 -0.067429118 -5.966088772 -0.993922949 0.015559723 -0.108972944 79.102951050
-0.106867529 0.068143904 0.991935253 93.100547791 0.024679802 0.997523069 -0.065868840 -6.062983513 -0.993966937 0.017441528 -0.108284622 78.986930847
-0.104322977 0.068964474 0.992149472 94.314422607 0.022820732 0.997496188 -0.066936567 -6.151530266 -0.994281530 0.015658561 -0.105635606 78.841934204
-0.103424408 0.071718127 0.992048383 95.527770996 0.022777747 0.997306228 -0.069723584 -6.237040043 -0.994376421 0.015385511 -0.104779400 78.726837158
-0.102019079 0.070438884 0.992285430 96.762840271 0.020792177 0.997422934 -0.068665899 -6.328478336 -0.994565070 0.013626543 -0.103220776 78.600044250
-0.101851963 0.069334336 0.992380381 97.990158081 0.017206786 0.997541666 -0.067928948 -6.417976856 -0.994650722 0.010156982 -0.102794640 78.488151550
-0.101816997 0.070270717 0.992318153 99.221168518 0.014368061 0.997501910 -0.069163553 -6.507954597 -0.994699359 0.007215661 -0.102572307 78.368911743
-0.102357715 0.069770075 0.992297947 100.461166382 0.011359490 0.997554243 -0.068967894 -6.595576763 -0.994682789 0.004212603 -0.102899931 78.252479553
-0.102879129 0.067262538 0.992417037 101.714248657 0.008373744 0.997734368 -0.066754848 -6.686780453 -0.994658649 0.001442567 -0.103209265 78.120498657
-0.104192287 0.065628648 0.992389381 102.963058472 0.006307423 0.997843921 -0.065327153 -6.781323433 -0.994537234 -0.000547164 -0.104381584 77.998168945
-0.105188005 0.064741656 0.992342651 104.209365845 0.004544165 0.997899413 -0.064622499 -6.872669220 -0.994441926 -0.002288142 -0.105261244 77.865608215
-0.106949806 0.064941898 0.992141247 105.460372925 0.004253033 0.997885406 -0.064859398 -6.960809708 -0.994255245 -0.002717091 -0.106999859 77.739181519
-0.109633543 0.063287325 0.991955400 106.720108032 0.003472776 0.997989357 -0.063288473 -7.051798820 -0.993965983 -0.003493702 -0.109632879 77.610153198
-0.113348857 0.058373705 0.991838932 107.982604980 0.000612445 0.998276532 -0.058682591 -7.138571262 -0.993555009 -0.006044158 -0.113189250 77.483032227
-0.117890440 0.058559790 0.991298437 109.220008850 -0.000016684 0.998259544 -0.058972999 -7.221402168 -0.993026674 -0.006968888 -0.117684267 77.350860596
-0.123191655 0.064368360 0.990293205 110.446022034 -0.004954517 0.997841895 -0.065475352 -7.307536125 -0.992370605 -0.012972442 -0.122606874 77.205825806
-0.130304828 0.067536764 0.989171088 111.680587769 -0.003649701 0.997637868 -0.068595625 -7.396183491 -0.991467297 -0.012548517 -0.129750580 77.051681519
-0.138843134 0.063412949 0.988282084 112.919525146 -0.001653102 0.997931540 -0.064264357 -7.490155220 -0.990313113 -0.010556395 -0.138451114 76.875991821
-0.150044337 0.061227106 0.986781657 114.139053345 0.000294354 0.998083353 -0.061883595 -7.583173752 -0.988679290 -0.008994822 -0.149774790 76.701522827
-0.163019359 0.062232595 0.984658301 115.364089966 0.000250056 0.998011291 -0.063035145 -7.669446945 -0.986622870 -0.010029729 -0.162710711 76.504005432
-0.177173376 0.062387649 0.982200265 116.594207764 0.002774716 0.998016477 -0.062891752 -7.760649204 -0.984175801 -0.008417417 -0.176995024 76.286964417
-0.191473782 0.060178380 0.979651093 117.804168701 0.003551053 0.998154521 -0.060620952 -7.849554062 -0.981491327 -0.008128530 -0.191334128 76.053512573
-0.207036436 0.062566787 0.976330519 119.000267029 0.007127450 0.998022914 -0.062445506 -7.941798687 -0.978307307 -0.005969747 -0.207073033 75.809570312
-0.222186700 0.066072807 0.972762823 120.180908203 0.007584043 0.997788131 -0.066040352 -8.027852058 -0.974974692 -0.007295809 -0.222196341 75.548233032
-0.237502933 0.069997512 0.968861520 121.345382690 0.007073096 0.997498512 -0.070332579 -8.116718292 -0.971361101 -0.009851345 -0.237403944 75.269248962
-0.253478467 0.068071947 0.964942992 122.516143799 0.003210660 0.997574687 -0.069530554 -8.206625938 -0.967335761 -0.014526394 -0.253082246 74.974456787
-0.269158304 0.062036313 0.961095810 123.695770264 -0.002086648 0.997883379 -0.064995229 -8.305461884 -0.963093638 -0.019499477 -0.268459171 74.650985718
-0.284715116 0.057834890 0.956865966 124.862663269 -0.005746939 0.998057544 -0.062034588 -8.393779755 -0.958594978 -0.023161234 -0.283829629 74.318679810
-0.300221920 0.059327599 0.952022612 126.022247314 -0.008298360 0.997863650 -0.064801201 -8.480056763 -0.953833342 -0.027354963 -0.299088210 73.977340698
-0.314682633 0.061613780 0.947195172 127.162399292 -0.008370594 0.997672081 -0.067678168 -8.562694550 -0.949160099 -0.029225726 -0.313434303 73.608245850
-0.328492135 0.063483827 0.942370772 128.305603027 -0.006925343 0.997549772 -0.069615066 -8.660084724 -0.944481432 -0.029394241 -0.327247649 73.223609924
-0.342985392 0.063222885 0.937210679 129.434448242 -0.004716564 0.997603834 -0.069023035 -8.755176544 -0.939328849 -0.028094307 -0.341865450 72.825363159
-0.356669933 0.060995486 0.932237089 130.565460205 -0.005182799 0.997721851 -0.067263007 -8.853107452 -0.934215963 -0.028822295 -0.355541229 72.401092529
-0.371203184 0.059998967 0.926611185 131.687652588 -0.005504028 0.997750580 -0.066810235 -8.941001892 -0.928535223 -0.029900268 -0.370037973 71.956375122
-0.386355907 0.060774289 0.920345366 132.779617310 -0.007153096 0.997599423 -0.068878531 -9.039855003 -0.922321975 -0.033194948 -0.384993732 71.523483276
-0.400901586 0.063208252 0.913937986 133.867660522 -0.006274431 0.997404158 -0.071733087 -9.124793053 -0.916099668 -0.034492347 -0.399464250 71.051910400
-0.415774792 0.064795822 0.907156408 134.970901489 -0.004745910 0.997290552 -0.073409051 -9.225465775 -0.909455180 -0.034826927 -0.414340883 70.558929443
-0.430157989 0.067524470 0.900224686 136.047042847 -0.001559859 0.997141600 -0.075539403 -9.323857307 -0.902752280 -0.033898111 -0.428823173 70.048759460
-0.445133716 0.070646584 0.892672956 137.136596680 -0.002245470 0.996791840 -0.080006301 -9.422483444 -0.895461261 -0.037617978 -0.443547040 69.520446777
-0.460190475 0.073008895 0.884813309 138.198669434 -0.001011106 0.996569335 -0.082756154 -9.521835327 -0.887819648 -0.038978230 -0.458537817 68.978256226
-0.475703806 0.070193544 0.876800299 139.282928467 -0.002534540 0.996697247 -0.081167176 -9.626337051 -0.879601836 -0.040833823 -0.473954797 68.413398743
-0.491865188 0.065538980 0.868201137 140.354003906 -0.005528699 0.996907651 -0.078387007 -9.730790138 -0.870653749 -0.043355864 -0.489981920 67.825408936
-0.507939160 0.065634884 0.858888805 141.420028687 -0.006242764 0.996786118 -0.079864711 -9.833642960 -0.861370385 -0.045928244 -0.505896986 67.214080811
-0.523776591 0.064942852 0.849376619 142.468231201 -0.007256147 0.996713459 -0.080682725 -9.932754517 -0.851824760 -0.048422914 -0.521583915 66.583816528
-0.539629400 0.064012885 0.839465499 143.523452759 -0.007762731 0.996684492 -0.080991596 -10.033250809 -0.841866910 -0.050222006 -0.537343502 65.918220520
-0.555243313 0.063440695 0.829264879 144.552322388 -0.009029175 0.996567905 -0.082285352 -10.140077591 -0.831638932 -0.053175963 -0.552764773 65.244682312
-0.570693493 0.062685750 0.818767011 145.589706421 -0.009243459 0.996528387 -0.082738221 -10.250242233 -0.821111143 -0.054786399 -0.568132877 64.542335510
-0.585905552 0.060183834 0.808141530 146.603851318 -0.009409230 0.996665955 -0.081045337 -10.354577065 -0.810324848 -0.055088900 -0.583385706 63.821735382
-0.600758433 0.056698345 0.797417402 147.620025635 -0.009636112 0.996895730 -0.078141406 -10.456451416 -0.799372494 -0.054628119 -0.598347247 63.067596436
-0.615376472 0.055299804 0.786291122 148.612701416 -0.008490887 0.997013092 -0.076765105 -10.561706543 -0.788187683 -0.053915750 -0.613068879 62.294773102
-0.630211592 0.053719986 0.774562776 149.592559814 -0.009193840 0.997017264 -0.076628827 -10.665909767 -0.776369035 -0.055413585 -0.627838016 61.519882202
-0.645119309 0.054707728 0.762120843 150.558471680 -0.010253379 0.996723831 -0.080227643 -10.773648262 -0.764013052 -0.059570704 -0.642444849 60.724769592
-0.660384834 0.053980842 0.748984635 151.511672974 -0.012486573 0.996485591 -0.082828231 -10.879651070 -0.750823498 -0.064050756 -0.657389939 59.906764984
-0.676285148 0.050609060 0.734899342 152.459960938 -0.014361641 0.996541679 -0.081843324 -10.992583275 -0.736499786 -0.065903798 -0.673219681 59.066333771
-0.692552924 0.043093883 0.720078766 153.394149780 -0.017828347 0.996886611 -0.076806583 -11.101840019 -0.721146703 -0.066030435 -0.689628541 58.199504852
-0.709475458 0.040543962 0.703562796 154.316238403 -0.018836973 0.996895969 -0.076443031 -11.206584930 -0.704478264 -0.067487448 -0.706509650 57.301475525
-0.726704597 0.037762206 0.685911357 155.217514038 -0.020772940 0.996823311 -0.076887555 -11.311670303 -0.686635911 -0.070122957 -0.723611712 56.370876312
-0.744042456 0.034031630 0.667265058 156.093078613 -0.023924140 0.996704519 -0.077510498 -11.416974068 -0.667703807 -0.073634848 -0.740776300 55.427680969
-0.760801256 0.031939190 0.648198485 156.938766479 -0.023480570 0.996779561 -0.076674633 -11.528251648 -0.648559988 -0.073554225 -0.757601261 54.467597961
-0.776648521 0.034100622 0.629010320 157.759796143 -0.021250531 0.996547043 -0.080264300 -11.634223938 -0.629575372 -0.075703979 -0.773242354 53.470848083
-0.791594684 0.034186032 0.610089302 158.554641724 -0.017108360 0.996802330 -0.078053504 -11.746152878 -0.610806763 -0.072224371 -0.788478673 52.448986053
-0.806737840 0.034785490 0.589884758 159.358001709 -0.013969534 0.996864080 -0.077890024 -11.856750488 -0.590744436 -0.071077242 -0.803721905 51.429805756
-0.820890605 0.036172632 0.569938958 160.099349976 -0.012114558 0.996664405 -0.080704622 -11.966768265 -0.570957184 -0.073154189 -0.817714095 50.375759125
-0.834884167 0.037085552 0.549175024 160.832809448 -0.011827227 0.996288538 -0.085259303 -12.081344604 -0.550298691 -0.077676855 -0.831346989 49.311382294
-0.847798884 0.037798658 0.528969109 161.529342651 -0.008486650 0.996361911 -0.084799118 -12.202142715 -0.530249894 -0.076381788 -0.844393730 48.224311829
-0.859422207 0.036053862 0.509993494 162.200332642 -0.007122075 0.996569335 -0.082454048 -12.319609642 -0.511216700 -0.074495070 -0.856217086 47.120525360
-0.869861126 0.037795261 0.491846412 162.839370728 -0.004257104 0.996448398 -0.084099635 -12.434304237 -0.493278176 -0.075248845 -0.866610825 46.007221222
-0.879190266 0.040795762 0.474721044 163.449523926 -0.001260633 0.996125162 -0.087937973 -12.549424171 -0.476469159 -0.077912681 -0.875732183 44.886810303
-0.888145983 0.038375128 0.457956314 164.050094604 -0.003047280 0.995993733 -0.089370556 -12.670582771 -0.459551275 -0.080769636 -0.884470999 43.755622864
-0.896478534 0.035697140 0.441646904 164.639190674 -0.004014304 0.996054113 -0.088656865 -12.795207977 -0.443069041 -0.081251882 -0.892797828 42.613155365
-0.903638959 0.033639695 0.426971495 165.201156616 -0.004924953 0.996028662 -0.088896967 -12.918479919 -0.428266376 -0.082433596 -0.899884760 41.457286835
-0.910196900 0.031700484 0.412960827 165.743164062 -0.005382587 0.996077001 -0.088326387 -13.043640137 -0.414140731 -0.082617208 -0.906455636 40.282081604
-0.916415334 0.029217625 0.399160504 166.264495850 -0.006325972 0.996149719 -0.087439395 -13.165823936 -0.400178403 -0.082655892 -0.912702203 39.119163513
-0.921897769 0.024233883 0.386674464 166.779861450 -0.008892827 0.996455193 -0.083652437 -13.294852257 -0.387331069 -0.080557622 -0.918414414 37.894569397
-0.927034020 0.020825207 0.374398470 167.280746460 -0.010122915 0.996702790 -0.080504693 -13.408041954 -0.374840528 -0.078420594 -0.923766673 36.709026337
-0.931256413 0.021373056 0.363736957 167.759963989 -0.007382576 0.996966362 -0.077482581 -13.518395424 -0.364289612 -0.074841484 -0.928273499 35.491584778
-0.934597075 0.025392288 0.354800373 168.225540161 -0.003052213 0.996839583 -0.079381607 -13.625785828 -0.355694801 -0.075272761 -0.931565940 34.297416687
-0.936730683 0.030044831 0.348759204 168.669631958 0.001991906 0.996751130 -0.080517858 -13.745787621 -0.350045294 -0.074728854 -0.933747172 33.093578339
-0.938627660 0.034461372 0.343206257 169.123474121 0.006155150 0.996511579 -0.083226271 -13.854048729 -0.344877064 -0.076005980 -0.935565531 31.867507935
-0.940490305 0.031420935 0.338364720 169.568222046 0.003737011 0.996612132 -0.082159460 -13.967779160 -0.339800000 -0.076005705 -0.937421501 30.660985947
-0.942407548 0.023661572 0.333629012 170.018402100 -0.002504912 0.996967256 -0.077782378 -14.089088440 -0.334457606 -0.074138418 -0.939490080 29.465173721
-0.944195449 0.018460769 0.328867942 170.467864990 -0.006978937 0.997082829 -0.076007389 -14.196684837 -0.329311818 -0.074060962 -0.941312253 28.217554092
-0.946092427 0.011781572 0.323682398 170.907531738 -0.014240647 0.996858895 -0.077908263 -14.297784805 -0.323583543 -0.078317851 -0.942952812 27.011938095
-0.947159529 0.009599060 0.320619315 171.333023071 -0.017187914 0.996597230 -0.080613025 -14.407197952 -0.320302159 -0.081864193 -0.943771601 25.790174484
-0.947899461 0.009487382 0.318428397 171.749755859 -0.017814716 0.996413648 -0.082718499 -14.520559311 -0.318071276 -0.084081538 -0.944330990 24.578723907
-0.948041022 0.010489950 0.317975163 172.162536621 -0.017381705 0.996255696 -0.084689759 -14.639541626 -0.317672908 -0.085816339 -0.944308996 23.350673676
-0.947939992 0.012719721 0.318194836 172.573242188 -0.015592174 0.996149600 -0.086271629 -14.757211685 -0.318067014 -0.086741701 -0.944091737 22.147140503
-0.947499752 0.014241084 0.319439083 172.989364624 -0.014740411 0.996000290 -0.088125288 -14.875641823 -0.319416463 -0.088207349 -0.943500221 20.924152374
-0.947285831 0.015462053 0.320016026 173.408798218 -0.014030103 0.995874703 -0.089647941 -15.001292229 -0.320082039 -0.089412108 -0.943161190 19.719463348
-0.946410358 0.016655816 0.322536737 173.826019287 -0.012882621 0.995927632 -0.089230888 -15.124441147 -0.322709352 -0.088604182 -0.942341745 18.497592926
-0.945614517 0.016140239 0.324888527 174.249496460 -0.013836782 0.995868444 -0.089747153 -15.247161865 -0.324994743 -0.089361638 -0.941484451 17.283966064
-0.944412470 0.014589354 0.328439027 174.674972534 -0.015757238 0.995858073 -0.089545608 -15.374216080 -0.328384966 -0.089743279 -0.940270901 16.097450256
-0.942975521 0.013130119 0.332603097 175.111099243 -0.016733363 0.996088326 -0.086763829 -15.500303268 -0.332441241 -0.087381728 -0.939067185 14.909740448
-0.940996945 0.011362628 0.338224173 175.553695679 -0.018080607 0.996320724 -0.083774656 -15.622808456 -0.337931603 -0.084947012 -0.937329233 13.714725494
-0.938413203 0.008156477 0.345418721 175.991638184 -0.021122452 0.996497095 -0.080914818 -15.739234924 -0.344868839 -0.083227620 -0.934953868 12.527767181
-0.936021864 0.010097994 0.351796746 176.445571899 -0.019576294 0.996546745 -0.080691382 -15.852581978 -0.351396739 -0.082415782 -0.932592094 11.360225677
-0.932556808 0.010784205 0.360862195 176.898239136 -0.019644849 0.996556997 -0.080548793 -15.968571663 -0.360488385 -0.082205415 -0.929134190 10.174400330
-0.928809047 0.013572911 0.370309979 177.360717773 -0.018557955 0.996371090 -0.083066761 -16.078264236 -0.370093673 -0.084025368 -0.925186694 9.018096924
-0.924672782 0.014833599 0.380473673 177.848999023 -0.017796502 0.996465027 -0.082100555 -16.193933487 -0.380346596 -0.082687259 -0.921140194 7.845466614
-0.919624150 0.017020907 0.392430484 178.338027954 -0.017020600 0.996395528 -0.083102912 -16.309101105 -0.392430454 -0.083102837 -0.916019797 6.690998077
-0.914342642 0.018438620 0.404521465 178.859130859 -0.017115893 0.996310234 -0.084100313 -16.425868988 -0.404579580 -0.083820224 -0.910653412 5.566116333
-0.908316255 0.020566745 0.417778373 179.390380859 -0.015696315 0.996411026 -0.083178423 -16.546403885 -0.417989701 -0.082109869 -0.904733479 4.419609070
-0.901612520 0.020258050 0.432069898 179.944046021 -0.016675845 0.996532023 -0.081521399 -16.646181107 -0.432222992 -0.080705859 -0.898148000 3.228164673
-0.895220757 0.022654306 0.445046425 180.510330200 -0.015389876 0.996539414 -0.081684172 -16.763771057 -0.445356846 -0.079974599 -0.891774237 2.096359253
-0.888240635 0.025222631 0.458685458 181.074142456 -0.013375715 0.996648192 -0.080706559 -16.872522354 -0.459183693 -0.077822119 -0.884925902 0.982437134
-0.881063402 0.026713919 0.472243279 181.672180176 -0.012053329 0.996811569 -0.078875631 -16.972164154 -0.472844750 -0.075186528 -0.877932250 -0.120399475
-0.873697340 0.028257024 0.485648483 182.282119751 -0.010154387 0.997034729 -0.076279655 -17.079154968 -0.486363918 -0.071576774 -0.870819807 -1.207122803
-0.864915311 0.031632084 0.500919998 182.894973755 -0.006413962 0.997234046 -0.074048020 -17.187755585 -0.501876831 -0.067258134 -0.862320125 -2.300224304
-0.856719434 0.034098066 0.514654338 183.532638550 -0.004153159 0.997323871 -0.072990574 -17.288747787 -0.515765965 -0.064669885 -0.854285300 -3.322601318
-0.845738232 0.037644781 0.532268405 184.169387817 -0.000423315 0.997460663 -0.071218215 -17.391494751 -0.533597827 -0.060457285 -0.843574703 -4.371231079
-0.835316837 0.040383931 0.548283517 184.829956055 0.002035756 0.997518957 -0.070370927 -17.487876892 -0.549764991 -0.057665858 -0.833326459 -5.372413635
-0.823874831 0.042075329 0.565207899 185.514999390 0.003787369 0.997626960 -0.068744928 -17.596508026 -0.566759050 -0.054496568 -0.822079122 -6.382125854
-0.812821746 0.043749295 0.580867171 186.228851318 0.004263482 0.997595608 -0.069170125 -17.687908173 -0.582496822 -0.053746473 -0.811054111 -7.354614258
-0.799453795 0.046694677 0.598910034 186.945907593 0.007258188 0.997652411 -0.068094492 -17.788883209 -0.600683749 -0.050091397 -0.797916055 -8.341407776
-0.785828710 0.047596328 0.616609871 187.697418213 0.008431223 0.997765779 -0.066272855 -17.875156403 -0.618386686 -0.046880338 -0.784474492 -9.302642822
-0.771010637 0.050396673 0.634824872 188.463012695 0.011822585 0.997824550 -0.064855173 -17.959020615 -0.636712492 -0.042498767 -0.769929111 -10.223762512
