1.000000000 0.000000000 -0.000000000 -0.000000030 0.000000000 1.000000000 0.000000000 0.000000030 -0.000000000 0.000000000 1.000000000 0.000000119
0.999997675 -0.001598205 -0.001435892 -0.002511139 0.001596879 0.999998271 -0.000924160 -0.007763722 0.001437366 0.000921865 0.999998569 0.564003825
0.999995530 -0.001792772 -0.002405379 -0.007916002 0.001786570 0.999995053 -0.002578132 -0.017633284 0.002409989 0.002573823 0.999993801 1.119422793
0.999986649 -0.002500515 -0.004524660 -0.009284365 0.002484537 0.999990642 -0.003533433 -0.035299033 0.004533452 0.003522145 0.999983549 1.684877753
0.999970198 -0.004344349 -0.006379904 -0.020064173 0.004308999 0.999975324 -0.005544298 -0.041261096 0.006403832 0.005516642 0.999964297 2.251625299
0.999951303 -0.006880360 -0.007070679 -0.039270416 0.006828304 0.999949574 -0.007360109 -0.059439741 0.007120963 0.007311469 0.999947906 2.784722567
0.999931157 -0.008082367 -0.008509244 -0.046099268 0.008014790 0.999936342 -0.007945991 -0.072831884 0.008572925 0.007877245 0.999932230 3.352900743
0.999919951 -0.008056586 -0.009763030 -0.058531865 0.007985494 0.999941528 -0.007298657 -0.085470118 0.009821259 0.007220110 0.999925673 3.933084249
0.999904931 -0.008557079 -0.010812862 -0.068867326 0.008473510 0.999934077 -0.007750956 -0.099073321 0.010878474 0.007658595 0.999911547 4.527913094
0.999894559 -0.007989255 -0.012118851 -0.075925358 0.007863759 0.999915361 -0.010368071 -0.117226124 0.012200658 0.010271680 0.999872744 5.112928867
0.999893129 -0.006257012 -0.013208402 -0.093062870 0.006069957 0.999881387 -0.014154685 -0.132590473 0.013295403 0.014072998 0.999812543 5.715998650
0.999880195 -0.005107654 -0.014609936 -0.106733792 0.004846196 0.999828458 -0.017875705 -0.144755229 0.014698733 0.017802760 0.999733448 6.330652714
0.999870956 -0.003071137 -0.015765198 -0.124056838 0.002787210 0.999834120 -0.018000260 -0.157422274 0.015817864 0.017953996 0.999713719 6.963294029
0.999853492 -0.000820442 -0.017093826 -0.134398773 0.000629819 0.999937654 -0.011153976 -0.168001950 0.017101912 0.011141577 0.999791682 7.588987350
0.999848425 0.000177617 -0.017405871 -0.155196398 -0.000186507 0.999999881 -0.000509162 -0.181579307 0.017405778 0.000512331 0.999848425 8.246801376
0.999827862 0.000940378 -0.018529907 -0.170474112 -0.000828729 0.999981582 0.006032082 -0.191748530 0.018535240 -0.006015688 0.999810159 8.936012268
0.999799550 0.003369811 -0.019737003 -0.189824954 -0.003269500 0.999981582 0.005112454 -0.207750186 0.019753870 -0.005046899 0.999792099 9.627791405
0.999776781 0.005495280 -0.020401474 -0.215330631 -0.005540037 0.999982357 -0.002137892 -0.215208858 0.020389367 0.002250439 0.999789596 10.300724030
0.999756634 0.004998951 -0.021487221 -0.235303268 -0.005171328 0.999954820 -0.007974248 -0.217621177 0.021446386 0.008083425 0.999737322 11.010770798
0.999744236 0.002711031 -0.022449121 -0.256728977 -0.002861091 0.999973774 -0.006655055 -0.218167931 0.022430487 0.006717582 0.999725819 11.750880241
0.999736726 0.002372582 -0.022823270 -0.276708484 -0.002313683 0.999993861 0.002606763 -0.227952838 0.022829318 -0.002553271 0.999736071 12.515089989
0.999725401 0.002162042 -0.023331450 -0.299740911 -0.001925841 0.999946654 0.010141432 -0.235292569 0.023352129 -0.010093714 0.999676347 13.288086891
0.999715209 0.001265585 -0.023829632 -0.320352077 -0.000964064 0.999919355 0.012660476 -0.238098532 0.023843735 -0.012633896 0.999635875 14.073612213
0.999713004 -0.000475038 -0.023949737 -0.339553535 0.000750790 0.999933481 0.011506086 -0.238137856 0.023942679 -0.011520766 0.999646962 14.873480797
0.999723077 -0.000932112 -0.023512457 -0.362990886 0.001146315 0.999957919 0.009098373 -0.238182664 0.023502987 -0.009122805 0.999682128 15.707033157
0.999728560 0.001477568 -0.023247629 -0.389555663 -0.001345678 0.999983013 0.005687881 -0.238307074 0.023255637 -0.005655054 0.999713600 16.545089722
0.999749064 -0.002131612 -0.022293558 -0.401895374 0.002133889 0.999997735 0.000078310 -0.241438448 0.022293342 -0.000125862 0.999751449 17.376148224
0.999749601 -0.005094648 -0.021785740 -0.414695442 0.004961780 0.999968827 -0.006148633 -0.250441611 0.021816388 0.006038997 0.999743700 18.250494003
0.999779820 -0.003722138 -0.020647053 -0.437687486 0.003487017 0.999928772 -0.011411988 -0.265590996 0.020688063 0.011337480 0.999721646 19.135692596
0.999786556 -0.002347007 -0.020526946 -0.462147504 0.002093835 0.999921560 -0.012346473 -0.279621422 0.020554315 0.012300856 0.999713004 20.046585083
0.999782979 -0.002465357 -0.020683210 -0.492248863 0.002226015 0.999930382 -0.011586856 -0.303714931 0.020710332 0.011538299 0.999718904 20.993612289
0.999785066 -0.000689436 -0.020721467 -0.504269481 0.000415024 0.999912202 -0.013244258 -0.326179177 0.020728780 0.013232812 0.999697506 21.912969589
0.999782920 0.002018251 -0.020737195 -0.528894067 -0.002335920 0.999880075 -0.015306033 -0.347378522 0.020703819 0.015351152 0.999667823 22.866943359
0.999766827 0.005514172 -0.020874780 -0.559407532 -0.005851714 0.999852538 -0.016143508 -0.368891358 0.020782685 0.016261898 0.999651790 23.831468582
0.999761164 0.007595808 -0.020489221 -0.598582029 -0.007925007 0.999840021 -0.016033882 -0.398120046 0.020364154 0.016192432 0.999661565 24.806098938
0.999746680 0.008167020 -0.020973286 -0.619207680 -0.008507516 0.999832630 -0.016197186 -0.425507128 0.020837491 0.016371517 0.999648869 25.784172058
0.999741852 0.008221110 -0.021181237 -0.638325691 -0.008563086 0.999833524 -0.016105404 -0.454052269 0.021045305 0.016282622 0.999645948 26.775455475
0.999720812 0.009615817 -0.021584196 -0.668396533 -0.009933905 0.999842882 -0.014678540 -0.487010002 0.021439658 0.014888857 0.999659300 27.772214890
0.999715626 0.009981648 -0.021660233 -0.695235729 -0.010258988 0.999866307 -0.012730795 -0.515423238 0.021530265 0.012949386 0.999684334 28.799394608
0.999703467 0.010755789 -0.021845844 -0.726364136 -0.011007883 0.999873817 -0.011452304 -0.544951618 0.021719914 0.011689385 0.999695778 29.821250916
0.999698341 0.010679130 -0.022116926 -0.754319429 -0.010953723 0.999863923 -0.012331774 -0.573582113 0.021982228 0.012570317 0.999679327 30.839906693
0.999689937 0.011682643 -0.021987321 -0.786968112 -0.011980956 0.999837279 -0.013484997 -0.598529577 0.021826204 0.013744247 0.999667346 31.883314133
0.999683559 0.011513740 -0.022365576 -0.813884497 -0.011799091 0.999850154 -0.012668681 -0.624666512 0.022216361 0.012928566 0.999669552 32.936969757
0.999660671 0.011131375 -0.023552477 -0.833990097 -0.011378362 0.999881446 -0.010378793 -0.645473719 0.023434153 0.010643261 0.999668717 33.988006592
0.999650657 0.012043819 -0.023526026 -0.869076669 -0.012208380 0.999901950 -0.006863749 -0.666220188 0.023441052 0.007148565 0.999699652 35.046794891
0.999640524 0.011622151 -0.024156956 -0.898389220 -0.011729804 0.999921918 -0.004319387 -0.694018483 0.024104871 0.004601192 0.999698877 36.115238190
0.999624491 0.011852334 -0.024704125 -0.928434372 -0.011953436 0.999920726 -0.003948718 -0.712434411 0.024655368 0.004242535 0.999687076 37.186035156
0.999622762 0.011341935 -0.025013294 -0.961259127 -0.011476348 0.999920547 -0.005236697 -0.737115026 0.024951905 0.005521784 0.999673426 38.273498535
0.999596417 0.011740824 -0.025867881 -0.995475769 -0.011897879 0.999911666 -0.005925836 -0.754661202 0.025796024 0.006231218 0.999647856 39.352474213
0.999594152 0.011144021 -0.026213191 -1.035113931 -0.011263755 0.999926925 -0.004424550 -0.781443000 0.026161967 0.004718014 0.999646604 40.447475433
0.999557614 0.011877479 -0.027268490 -1.068198562 -0.011954158 0.999925077 -0.002650580 -0.797394872 0.027234966 0.002975379 0.999624670 41.534324646
0.999562025 0.011239317 -0.027373319 -1.111897945 -0.011240437 0.999936879 0.000112948 -0.823868632 0.027372861 0.000194789 0.999625325 42.627513885
0.999532700 0.012724428 -0.027790373 -1.152586222 -0.012725911 0.999919057 0.000123505 -0.848268390 0.027789699 0.000230211 0.999613822 43.703971863
0.999496043 0.013975319 -0.028501535 -1.176152706 -0.014090728 0.999893248 -0.003852498 -0.868494511 0.028444659 0.004252164 0.999586344 44.795879364
0.999479949 0.015235884 -0.028418256 -1.216068387 -0.015471911 0.999847353 -0.008104179 -0.887424350 0.028290452 0.008539651 0.999563277 45.875682831
0.999475777 0.015517310 -0.028414335 -1.254614830 -0.015762914 0.999840081 -0.008440308 -0.912679136 0.028278820 0.008883776 0.999560654 46.957729340
0.999472678 0.016261134 -0.028106572 -1.292918324 -0.016416356 0.999851167 -0.005300816 -0.942411661 0.028016193 0.005759430 0.999590814 48.057998657
0.999467194 0.016501088 -0.028160138 -1.325179815 -0.016601147 0.999856651 -0.003323068 -0.964958787 0.028101273 0.003788790 0.999597907 49.157455444
0.999491394 0.014958248 -0.028165678 -1.359749556 -0.015019299 0.999885321 -0.001957275 -0.987859905 0.028133169 0.002379309 0.999601364 50.245697021
0.999495685 0.015085300 -0.027941128 -1.394641399 -0.015169227 0.999881089 -0.002794178 -1.011745572 0.027895657 0.003216616 0.999605656 51.340133667
0.999508977 0.014356162 -0.027848171 -1.430020690 -0.014493297 0.999883831 -0.004728787 -1.032527566 0.027777050 0.005130078 0.999600947 52.427726746
0.999526620 0.013959377 -0.027415212 -1.460662842 -0.014153375 0.999876022 -0.006895088 -1.059066772 0.027315570 0.007279842 0.999600291 53.508975983
0.999543250 0.013270075 -0.027145687 -1.493463278 -0.013534661 0.999862373 -0.009586617 -1.084369183 0.027014740 0.009949648 0.999585450 54.600502014
0.999564946 0.011980856 -0.026947310 -1.526293635 -0.012329588 0.999841809 -0.012812606 -1.119894743 0.026789542 0.013139283 0.999554753 55.684890747
0.999591708 0.009651625 -0.026898013 -1.553041935 -0.010040185 0.999846697 -0.014348248 -1.151304007 0.026755411 0.014612450 0.999535203 56.770927429
0.999612689 0.008131874 -0.026612604 -1.585607409 -0.008447968 0.999894798 -0.011786848 -1.185598612 0.026513958 0.012007108 0.999576390 57.856819153
0.999625564 0.006702015 -0.026533792 -1.614290595 -0.006864520 0.999958217 -0.006038135 -1.210152388 0.026492218 0.006218017 0.999629617 58.950302124
0.999642730 0.005063416 -0.026246950 -1.646677971 -0.005073922 0.999987006 -0.000333683 -1.232816100 0.026244922 0.000466739 0.999655426 60.058589935
0.999644220 0.003372552 -0.026458528 -1.674649715 -0.003368613 0.999994218 0.000193464 -1.249683022 0.026459029 -0.000104266 0.999649942 61.150608063
0.999664187 0.000405145 -0.025907101 -1.707148552 -0.000476202 0.999996126 -0.002736672 -1.269071102 0.025905890 0.002748090 0.999660611 62.240276337
0.999665916 -0.001477704 -0.025802672 -1.739199996 0.001327171 0.999981999 -0.005850151 -1.294243217 0.025810860 0.005813953 0.999649942 63.343383789
0.999664605 0.000674617 -0.025889039 -1.776401997 -0.000929737 0.999951065 -0.009843595 -1.320612907 0.025881138 0.009864364 0.999616385 64.430435181
0.999672651 0.000913326 -0.025570611 -1.809507847 -0.001273319 0.999900281 -0.014065613 -1.349138856 0.025555214 0.014093569 0.999574065 65.512138367
0.999682069 0.003645019 -0.024951324 -1.844435811 -0.004012609 0.999883950 -0.014698143 -1.379849672 0.024894852 0.014793589 0.999580562 66.615562439
0.999675155 0.007623294 -0.024319561 -1.882449865 -0.007892975 0.999908149 -0.011012488 -1.414842606 0.024233378 0.011200865 0.999643624 67.729743958
0.999664187 0.008819069 -0.024367500 -1.913391709 -0.009033501 0.999921262 -0.008703956 -1.442833304 0.024288824 0.008921159 0.999665201 68.825241089
0.999675632 0.008145326 -0.024130899 -1.944991589 -0.008347112 0.999930859 -0.008273366 -1.466849089 0.024061844 0.008472105 0.999674559 69.916381836
0.999682069 0.007147238 -0.024181947 -1.975037575 -0.007331879 0.999944568 -0.007555471 -1.496554732 0.024126608 0.007730364 0.999679089 71.029090881
0.999686062 0.006100482 -0.024304345 -2.005811691 -0.006247033 0.999962747 -0.005958483 -1.525846243 0.024267089 0.006108440 0.999686956 72.123229980
0.999688864 0.004488498 -0.024537263 -2.038438082 -0.004586331 0.999981761 -0.003932334 -1.552842379 0.024519168 0.004043647 0.999691248 73.219833374
0.999670684 0.003605966 -0.025406538 -2.068084002 -0.003667659 0.999990404 -0.002382030 -1.579028010 0.025397709 0.002474428 0.999674380 74.329406738
0.999661386 0.003131860 -0.025831176 -2.101712465 -0.003213790 0.999989927 -0.003130833 -1.608828306 0.025821112 0.003212788 0.999661446 75.421264648
0.999646187 0.002935378 -0.026434222 -2.129755259 -0.003125672 0.999969423 -0.007160344 -1.631284475 0.026412401 0.007240436 0.999625027 76.488265991
0.999623775 0.003922177 -0.027148822 -2.167757034 -0.004176679 0.999947846 -0.009323959 -1.661135793 0.027110837 0.009433840 0.999587893 77.590614319
0.999595284 0.005745084 -0.027860636 -2.201855659 -0.005953466 0.999954939 -0.007402210 -1.687524319 0.027816851 0.007565079 0.999584317 78.671531677
0.999573588 0.006889570 -0.028373532 -2.240556240 -0.006989070 0.999969721 -0.003409105 -1.711489677 0.028349191 0.003605957 0.999591589 79.763633728
0.999545693 0.008192130 -0.029003078 -2.277784348 -0.008179268 0.999966323 0.000562086 -1.733299732 0.029006712 -0.000324607 0.999579191 80.837036133
0.999521792 0.009344248 -0.029475652 -2.319317818 -0.009305496 0.999955595 0.001451676 -1.758873940 0.029487912 -0.001176696 0.999564469 81.919273376
0.999516547 0.008795429 -0.029818632 -2.360297203 -0.008815457 0.999961019 -0.000540309 -1.784946442 0.029812716 0.000802912 0.999555230 82.982849121
0.999510407 0.008798585 -0.030023294 -2.401622057 -0.008838475 0.999960303 -0.001196124 -1.804921269 0.030011578 0.001460898 0.999548614 84.049186707
0.999502659 0.008833020 -0.030267827 -2.444314957 -0.008889201 0.999958992 -0.001722065 -1.822129488 0.030251371 0.001990266 0.999540329 85.109146118
0.999467313 0.006810362 -0.031920642 -2.465977192 -0.006851909 0.999975741 -0.001192415 -1.849456191 0.031911757 0.001410498 0.999489725 86.135154724
0.999461234 0.005600565 -0.032340389 -2.504020691 -0.005608002 0.999984205 -0.000139280 -1.865338445 0.032339107 0.000320570 0.999476910 87.159896851
0.999440551 0.005749213 -0.032945521 -2.541635036 -0.005659011 0.999980032 0.002830431 -1.890629172 0.032961141 -0.002642409 0.999453187 88.168724060
0.999414265 0.005010991 -0.033850227 -2.577989340 -0.004884655 0.999980807 0.003813905 -1.914110899 0.033868693 -0.003646324 0.999419570 89.155120850
0.999351144 0.003799058 -0.035814930 -2.619010925 -0.003649002 0.999984324 0.004254214 -1.932919979 0.035830535 -0.004120764 0.999349356 90.109016418
0.999239922 0.003401307 -0.038831074 -2.664262533 -0.003279555 0.999989450 0.003198711 -1.954722762 0.038841542 -0.003068931 0.999240696 91.044296265
0.999081910 0.002940773 -0.042738374 -2.699687481 -0.002843830 0.999993265 0.002328907 -1.970714092 0.042744946 -0.002205228 0.999083519 91.977241516
0.998957098 0.002637071 -0.045584254 -2.747771740 -0.002515438 0.999993145 0.002725468 -1.988553524 0.045591135 -0.002607960 0.998956800 92.867706299
0.998802722 0.003998404 -0.048756704 -2.797803402 -0.003821227 0.999985754 0.003726545 -2.006973267 0.048770931 -0.003535773 0.998803675 93.738662720
0.998637080 0.004503482 -0.051995080 -2.844232321 -0.004244219 0.999978006 0.005095660 -2.027644396 0.052016873 -0.004868037 0.998634338 94.582130432
0.998459995 0.005953362 -0.055153701 -2.893116951 -0.005611560 0.999963999 0.006350063 -2.039475679 0.055189528 -0.006030786 0.998457670 95.398506165
0.998322725 0.007145779 -0.057451710 -2.951984406 -0.006736834 0.999950647 0.007308612 -2.056643724 0.057501096 -0.006909311 0.998321533 96.187286377
0.998138964 0.009221039 -0.060279615 -3.001147747 -0.008768525 0.999931455 0.007767141 -2.070303917 0.060347099 -0.007224123 0.998151362 96.952461243
0.997959614 0.010757217 -0.062936828 -3.051660061 -0.010361596 0.999924541 0.006609025 -2.085608959 0.063003168 -0.005943413 0.997995555 97.679443359
0.997786045 0.012345629 -0.065349251 -3.112398863 -0.012171566 0.999921143 0.003061049 -2.103682518 0.065381870 -0.002258869 0.997857869 98.378112793
0.997578502 0.014842662 -0.067946538 -3.168031454 -0.014914919 0.999888539 -0.000556256 -2.118941307 0.067930698 0.001568327 0.997688830 99.041770935
0.997409940 0.016519282 -0.070004255 -3.223785639 -0.016796060 0.999853253 -0.003366913 -2.131339073 0.069938377 0.004533987 0.997541010 99.691383362
0.997328937 0.018506821 -0.070657052 -3.278880358 -0.018847823 0.999813676 -0.004162435 -2.149667501 0.070566855 0.005483049 0.997491896 100.308860779
0.997338116 0.020974090 -0.069833316 -3.319569111 -0.021275152 0.999767244 -0.003569982 -2.168023586 0.069742173 0.005046193 0.997552335 100.888999939
0.997468114 0.025082083 -0.066546246 -3.367359161 -0.025277404 0.999678254 -0.002094594 -2.183005095 0.066472299 0.003771407 0.997781157 101.456665039
0.997757494 0.027497189 -0.061024792 -3.406988382 -0.027591661 0.999618948 -0.000705728 -2.195961714 0.060982138 0.002387921 0.998136044 101.996681213
0.998160422 0.028425092 -0.053551182 -3.433820724 -0.028380979 0.999595821 0.001584249 -2.213116407 0.053574573 -0.000061500 0.998563886 102.515487671
0.998623669 0.028303176 -0.044155940 -3.450141907 -0.028146487 0.999594986 0.004166398 -2.227799892 0.044255972 -0.002917830 0.999015987 103.027137756
0.999085069 0.027854890 -0.032451563 -3.459990740 -0.027703548 0.999603033 0.005104180 -2.236104488 0.032580856 -0.004200487 0.999460280 103.505134583
0.999454796 0.026766686 -0.019328278 -3.453734398 -0.026667148 0.999629736 0.005389626 -2.250035048 0.019465385 -0.004871258 0.999798656 103.961479187
0.999635637 0.026655611 -0.004243045 -3.445075035 -0.026636424 0.999634981 0.004516784 -2.260715008 0.004361896 -0.004402119 0.999980748 104.399635315
0.999587476 0.025139553 0.013882315 -3.428627014 -0.025164681 0.999682009 0.001638249 -2.272314548 -0.013836717 -0.001986917 0.999902308 104.824127197
0.999084830 0.024762863 0.034876876 -3.394061089 -0.024677312 0.999691308 -0.002881477 -2.286269665 -0.034937460 0.002018173 0.999387443 105.236030579
0.997979820 0.022660138 0.059352733 -3.351533890 -0.022238612 0.999722600 -0.007753106 -2.294773579 -0.059511967 0.006417520 0.998207033 105.639472961
0.996037424 0.020667097 0.086499952 -3.292815208 -0.019808728 0.999745727 -0.010770070 -2.302931547 -0.086700559 0.009013940 0.996193588 106.041885376
0.993056834 0.017751485 0.116288103 -3.215778351 -0.016490530 0.999794424 -0.011796585 -2.316707134 -0.116473608 0.009797029 0.993145525 106.436157227
0.988698423 0.015428371 0.149121597 -3.135728836 -0.013493807 0.999811232 -0.013976218 -2.328086853 -0.149309099 0.011806048 0.988720119 106.815780640
0.982709527 0.012401436 0.184738234 -3.045993805 -0.009780965 0.999838233 -0.015089359 -2.350504875 -0.184895515 0.013021538 0.982671976 107.157546997
0.974769533 0.009364345 0.223017320 -2.924034119 -0.006047874 0.999860704 -0.015549288 -2.363827944 -0.223131925 0.013808192 0.974690497 107.522499084
0.964643598 0.007007053 0.263465017 -2.802652359 -0.002835609 0.999864519 -0.016209945 -2.380675793 -0.263542920 0.014889737 0.964532793 107.872863770
0.952256083 0.007896041 0.305198193 -2.667411804 -0.002747603 0.999846637 -0.017295020 -2.395988464 -0.305288017 0.015630728 0.952131867 108.205940247
0.936912298 0.009980009 0.349422216 -2.531433105 -0.004017292 0.999833703 -0.017785072 -2.408297062 -0.349541694 0.015259321 0.936796606 108.511230469
0.918980360 0.010444852 0.394164950 -2.363018036 -0.004168249 0.999850392 -0.016776612 -2.416795969 -0.394281328 0.013774397 0.918886542 108.831924438
0.898454309 0.009352923 0.438967466 -2.180034637 -0.002693254 0.999871612 -0.015791509 -2.426609755 -0.439058840 0.013005697 0.898364186 109.144119263
0.875215888 0.008200424 0.483663261 -1.988365173 -0.000418329 0.999868631 -0.016195610 -2.439548492 -0.483732641 0.013972321 0.875104427 109.422233582
0.850253522 0.009498488 0.526287794 -1.763164520 0.000574866 0.999819815 -0.018973574 -2.449447870 -0.526373148 0.016434891 0.850094855 109.706527710
0.822968781 0.010146894 0.567995846 -1.538387299 0.002056757 0.999780655 -0.020840498 -2.482649803 -0.568082809 0.018319311 0.822767496 109.963890076
0.791724384 0.014826354 0.610698462 -1.305992126 0.000577131 0.999686778 -0.025018303 -2.498460054 -0.610878229 0.020160051 0.791467905 110.231941223
0.757770896 0.020960227 0.652183950 -1.051948547 -0.003068281 0.999587417 -0.028560229 -2.512549639 -0.652513504 0.019641031 0.757522523 110.484680176
0.720391810 0.025748331 0.693089128 -0.778362274 -0.004673506 0.999468207 -0.032272737 -2.513270140 -0.693551540 0.020009864 0.720129132 110.730682373
0.681310415 0.025650822 0.731545091 -0.481819153 -0.002638659 0.999465346 -0.032587692 -2.532629967 -0.731989861 0.020272039 0.681013942 110.952316284
0.640419781 0.023239844 0.767673373 -0.170391083 0.001185191 0.999511003 -0.031247009 -2.547492743 -0.768024206 0.020921052 0.640079200 111.152275085
0.595558107 0.021573981 0.803022385 0.154743195 0.002530953 0.999584019 -0.028731868 -2.555728674 -0.803308129 0.019143917 0.595255911 111.367050171
0.551836491 0.019956384 0.833713472 0.476928711 0.004469518 0.999628544 -0.026886228 -2.558331013 -0.833940387 0.018563101 0.551542222 111.473731995
0.503762424 0.017443683 0.863666177 0.835136414 0.006209721 0.999697149 -0.023813164 -2.568533182 -0.863820016 0.017359300 0.503501534 111.640167236
0.452658176 0.013693672 0.891579032 1.203784943 0.009532187 0.999750674 -0.020194596 -2.577007294 -0.891633272 0.017639948 0.452414751 111.789894104
0.400257051 0.013733545 0.916300118 1.563961029 0.005811987 0.999829650 -0.017524272 -2.603119850 -0.916384518 0.012339736 0.400108993 111.921470642
0.348807752 0.018690782 0.937007904 1.956363678 0.002175305 0.999782264 -0.020752732 -2.615036488 -0.937191844 0.009276991 0.348691165 112.044769287
0.298792660 0.024415750 0.954005659 2.361793518 0.001178335 0.999662459 -0.025953289 -2.621090889 -0.954317331 0.008878794 0.298663139 112.135101318
0.252149433 0.026470438 0.967326164 2.767883301 0.002896695 0.999600589 -0.028108684 -2.633493900 -0.967683911 0.009889639 0.251972109 112.206260681
0.211057276 0.026216663 0.977122068 3.189083099 0.009917615 0.999531388 -0.028960101 -2.650139570 -0.977423429 0.015802966 0.210698366 112.254280090
0.175934300 0.026110943 0.984055579 3.621828079 0.018217729 0.999390662 -0.029774897 -2.659596920 -0.984233379 0.023165686 0.175351426 112.293212891
0.145278499 0.027453795 0.989009857 4.072713852 0.022297485 0.999270141 -0.031013954 -2.673799515 -0.989139616 0.026558097 0.144560367 112.333267212
0.117118955 0.025405558 0.992792904 4.544300079 0.020699255 0.999393165 -0.028016333 -2.696500301 -0.992902219 0.023831321 0.116521984 112.379302979
0.091497794 0.022320079 0.995555103 5.054874420 0.014314534 0.999615908 -0.023726717 -2.707112789 -0.995702505 0.016421851 0.091143161 112.428527832
0.068032525 0.018262139 0.997515976 5.537691593 0.009330675 0.999777079 -0.018939903 -2.724414349 -0.997639477 0.010596029 0.067846961 112.455329895
0.045420066 0.015758412 0.998843670 6.062387466 0.013460996 0.999775171 -0.016385214 -2.743500471 -0.998877287 0.014189648 0.045197736 112.461547852
0.025228780 0.016547661 0.999544740 6.600416183 0.021127775 0.999630809 -0.017082356 -2.760222912 -0.999458373 0.021549126 0.024869855 112.446945190
0.007861327 0.018922206 0.999790072 7.153213501 0.026271619 0.999471903 -0.019122755 -2.776680470 -0.999623835 0.026416434 0.007360071 112.430923462
-0.006981499 0.024391515 0.999678075 7.762879372 0.025663171 0.999377429 -0.024204958 -2.792136669 -0.999646246 0.025485927 -0.007603101 112.439613342
-0.017256519 0.029336855 0.999420583 8.368461609 0.024438648 0.999283195 -0.028910847 -2.794799089 -0.999552369 0.023925584 -0.017961100 112.424514771
-0.024048511 0.028875716 0.999293566 8.988595009 0.026271613 0.999255836 -0.028242383 -2.814088583 -0.999365509 0.025573870 -0.024789225 112.411674500
-0.026688417 0.026117750 0.999302506 9.642259598 0.032379750 0.999156713 -0.025249168 -2.829086781 -0.999119222 0.031683311 -0.027511597 112.391693115
-0.026106451 0.024223603 0.999365687 10.282821655 0.033393305 0.999169528 -0.023346519 -2.856724262 -0.999101222 0.032762624 -0.026893681 112.365791321
-0.023908857 0.023768097 0.999431551 10.969278336 0.032285914 0.999214232 -0.022990575 -2.882246017 -0.999192715 0.031717885 -0.024657445 112.351257324
-0.022317244 0.024198845 0.999458075 11.649756432 0.029097971 0.999299288 -0.023545263 -2.902269840 -0.999327421 0.028556738 -0.023005743 112.339370728
-0.021260459 0.025473759 0.999449372 12.364557266 0.028066901 0.999296486 -0.024872819 -2.920793056 -0.999379933 0.027522638 -0.021960471 112.335548401
-0.020294987 0.026233999 0.999449730 13.093509674 0.027613375 0.999289095 -0.025669059 -2.946889639 -0.999412656 0.027077224 -0.021004969 112.321701050
-0.019639578 0.025933860 0.999470711 13.843388557 0.026826475 0.999317348 -0.025402743 -2.967899561 -0.999447167 0.026313376 -0.020321887 112.315742493
-0.019002125 0.024540359 0.999518156 14.601379395 0.026173430 0.999368429 -0.024039092 -2.993399858 -0.999476850 0.025704024 -0.019632429 112.306144714
-0.018250581 0.023146456 0.999565423 15.361928940 0.026895192 0.999381602 -0.022651132 -3.025226831 -0.999471664 0.026470110 -0.018861825 112.287139893
-0.019054577 0.020964840 0.999598622 16.149909973 0.027284445 0.999418736 -0.020440962 -3.049555779 -0.999446094 0.026884001 -0.019615512 112.280296326
-0.020499235 0.019161569 0.999606192 16.928716660 0.024128666 0.999534547 -0.018665383 -3.080357552 -0.999498665 0.023736542 -0.020952038 112.273773193
-0.021023685 0.018273743 0.999611974 17.716400146 0.024736954 0.999536335 -0.017752096 -3.098911762 -0.999472916 0.024354141 -0.021465981 112.247215271
-0.022117866 0.015984697 0.999627590 18.515647888 0.026809473 0.999522090 -0.015389821 -3.115640879 -0.999395847 0.026459100 -0.022535844 112.228469849
-0.023788132 0.014314484 0.999614596 19.332542419 0.028262962 0.999507427 -0.013640366 -3.140705109 -0.999317408 0.027927592 -0.024180992 112.216835022
-0.025346506 0.013247054 0.999590933 20.151765823 0.025918884 0.999584734 -0.012589749 -3.170158625 -0.999342680 0.025589176 -0.025679331 112.196388245
-0.025903124 0.017811567 0.999505699 20.971420288 0.022733171 0.999593079 -0.017223975 -3.197718859 -0.999405861 0.022275785 -0.026297504 112.176071167
-0.026961993 0.022453202 0.999384224 21.806165695 0.024074771 0.999472260 -0.021805674 -3.221132040 -0.999346495 0.023472020 -0.027488325 112.160568237
-0.028089274 0.024323950 0.999309361 22.645416260 0.024122113 0.999429107 -0.023648828 -3.244917870 -0.999314308 0.023441177 -0.028659986 112.138854980
-0.029931933 0.021992471 0.999309838 23.493270874 0.020634744 0.999558330 -0.021379877 -3.277662039 -0.999338925 0.019980563 -0.030372528 112.127464294
-0.030723916 0.017739911 0.999370396 24.332260132 0.017884875 0.999692142 -0.017195780 -3.307697058 -0.999368072 0.017345292 -0.031031741 112.108329773
-0.031161685 0.012421007 0.999437034 25.186229706 0.016436361 0.999793887 -0.011912964 -3.334294796 -0.999379277 0.016055880 -0.031359430 112.088653564
-0.031059176 0.006534197 0.999496162 26.034875870 0.012953982 0.999897182 -0.006134276 -3.359863758 -0.999433696 0.012756929 -0.031140639 112.065307617
-0.031185186 0.004746472 0.999502301 26.887441635 0.009789589 0.999942303 -0.004443118 -3.390648842 -0.999465764 0.009646156 -0.031229859 112.055282593
-0.030445013 0.011921279 0.999465287 27.730943680 0.012155625 0.999859333 -0.011555701 -3.415802002 -0.999462605 0.011797313 -0.030585643 112.026756287
-0.028749373 0.023272928 0.999315679 28.531766891 0.015515056 0.999618828 -0.022833638 -3.441016197 -0.999466240 0.014847984 -0.029099494 111.993148804
-0.028231174 0.028774479 0.999187171 29.367008209 0.017445002 0.999447465 -0.028289085 -3.462959290 -0.999449134 0.016632188 -0.028717548 111.972473145
-0.027171358 0.022826562 0.999370098 30.205841064 0.019221667 0.999566317 -0.022308441 -3.499241829 -0.999445975 0.018603407 -0.027598333 111.953590393
-0.026279658 0.015141711 0.999539852 31.040439606 0.022226667 0.999646902 -0.014558958 -3.528687716 -0.999407470 0.021833839 -0.026606925 111.929344177
-0.025658187 0.012404496 0.999593854 31.861738205 0.023815962 0.999646783 -0.011793830 -3.555290699 -0.999387026 0.023503684 -0.025944557 111.909408569
-0.025618184 0.013070985 0.999586284 32.685619354 0.022681316 0.999664664 -0.012490716 -3.579794645 -0.999414504 0.022351941 -0.025906060 111.890403748
-0.026786746 0.013993349 0.999543190 33.506687164 0.019791130 0.999713421 -0.013465350 -3.604971886 -0.999445260 0.019421395 -0.027056020 111.878005981
-0.029421404 0.014199294 0.999466121 34.330009460 0.017064543 0.999760509 -0.013701145 -3.630905151 -0.999421537 0.016652325 -0.029656669 111.873458862
-0.031186843 0.013884756 0.999417067 35.123523712 0.016552685 0.999773502 -0.013373179 -3.659329414 -0.999376476 0.016125971 -0.031409610 111.842658997
-0.032883309 0.014260235 0.999357402 35.921913147 0.015734589 0.999781668 -0.013748552 -3.685627460 -0.999335408 0.015272378 -0.033100504 111.816123962
-0.035138972 0.014523127 0.999276876 36.724086761 0.014138114 0.999801517 -0.014033593 -3.709704876 -0.999282420 0.013634766 -0.035337333 111.794876099
-0.037489027 0.013845976 0.999201000 37.529167175 0.011812419 0.999840260 -0.013411643 -3.734891891 -0.999227226 0.011300189 -0.037646599 111.775428772
-0.039337061 0.012588527 0.999146700 38.328784943 0.011874433 0.999855876 -0.012129960 -3.758488655 -0.999155402 0.011387145 -0.039480884 111.741630554
-0.041618705 0.012474236 0.999055743 39.121570587 0.011149512 0.999865532 -0.012019885 -3.786364079 -0.999071419 0.010638731 -0.041752204 111.718566895
-0.043441389 0.013480823 0.998965025 39.908096313 0.011316559 0.999851406 -0.013000671 -3.811125278 -0.998991966 0.010740082 -0.043587498 111.689018250
-0.044008799 0.013590835 0.998938680 40.685897827 0.011865895 0.999844015 -0.013080396 -3.835855007 -0.998960674 0.011277652 -0.044163208 111.652778625
-0.045686930 0.012585078 0.998876512 41.485000610 0.013603417 0.999835730 -0.011974970 -3.857795238 -0.998863220 0.013041036 -0.045850631 111.631202698
-0.046601120 0.011852093 0.998843133 42.225746155 0.013366360 0.999847412 -0.011240401 -3.883258104 -0.998824179 0.012827084 -0.046752434 111.582847595
-0.048163686 0.011519832 0.998772919 42.993167877 0.012184119 0.999865770 -0.010944884 -3.904413939 -0.998765230 0.011642020 -0.048297584 111.555450439
-0.049662773 0.010782402 0.998707771 43.742855072 0.010677887 0.999890268 -0.010264188 -3.924702644 -0.998708963 0.010154343 -0.049772460 111.527442932
-0.050792370 0.009583343 0.998663127 44.487243652 0.009338349 0.999914825 -0.009120400 -3.948960781 -0.998665571 0.008862619 -0.050877534 111.502021790
-0.051528286 0.009119848 0.998629808 45.198707581 0.009627874 0.999916375 -0.008634808 -3.974941015 -0.998625100 0.009169743 -0.051611781 111.464721680
-0.051001281 0.011446771 0.998632908 45.905307770 0.009288092 0.999896467 -0.010986900 -3.998847961 -0.998655379 0.008715049 -0.051102322 111.426132202
-0.050987672 0.014407226 0.998595297 46.607173920 0.009498450 0.999857664 -0.013940455 -4.021002769 -0.998654127 0.008774317 -0.051117264 111.396080017
-0.051246867 0.015934173 0.998558879 47.309242249 0.007448439 0.999850929 -0.015572529 -4.042852402 -0.998658180 0.006639663 -0.051357921 111.367233276
-0.051437389 0.016619824 0.998537898 48.012081146 0.007762478 0.999837935 -0.016241595 -4.068978310 -0.998646080 0.006915703 -0.051558070 111.336952209
-0.051440932 0.016612416 0.998537958 48.713405609 0.008639432 0.999831617 -0.016188867 -4.086855412 -0.998638690 0.007794030 -0.051575799 111.296783447
-0.051605225 0.015754504 0.998543262 49.399826050 0.008654884 0.999845088 -0.015327753 -4.113166809 -0.998629987 0.007851285 -0.051733579 111.262191772
-0.051959429 0.016465183 0.998513460 50.087223053 0.005577906 0.999853253 -0.016197018 -4.130150318 -0.998633623 0.004728027 -0.052043643 111.236267090
-0.052551795 0.016460244 0.998482525 50.781337738 0.002712349 0.999862790 -0.016340243 -4.158406258 -0.998614430 0.001849525 -0.052589234 111.219779968
-0.052107770 0.015190521 0.998525918 51.458152771 0.004725812 0.999876857 -0.014964453 -4.180219650 -0.998630226 0.003939082 -0.052173145 111.184677124
-0.052512657 0.014447822 0.998515725 52.139770508 0.005341604 0.999885201 -0.014186715 -4.205147743 -0.998605967 0.004588694 -0.052583795 111.138641357
-0.055978395 0.013799118 0.998336673 52.808242798 0.001803215 0.999904215 -0.013719678 -4.228622913 -0.998430312 0.001032210 -0.055997923 111.106300354
-0.061163705 0.013253945 0.998039782 53.481681824 -0.002017919 0.999908209 -0.013402425 -4.253333092 -0.998125732 -0.002833706 -0.061131340 111.075737000
-0.066761062 0.017578702 0.997614145 54.137481689 0.002504349 0.999844551 -0.017450415 -4.269448280 -0.997765839 0.001333365 -0.066794708 111.025672913
-0.073227361 0.020460211 0.997105300 54.810092926 0.004999775 0.999784470 -0.020148003 -4.289483547 -0.997302771 0.003509916 -0.073313877 110.966377258
-0.081315137 0.022185899 0.996441483 55.511611938 0.003460451 0.999752581 -0.021977229 -4.312417984 -0.996682465 0.001661055 -0.081371777 110.928138733
-0.087598495 0.020822559 0.995938122 56.164031982 -0.000814522 0.999779701 -0.020974517 -4.341607571 -0.996155560 -0.002648548 -0.087562248 110.870040894
-0.092874080 0.019868152 0.995479524 56.852054596 -0.000794509 0.999799073 -0.020028489 -4.362081528 -0.995677531 -0.002651045 -0.092839651 110.808326721
-0.097198635 0.020286959 0.995058119 57.541278839 -0.003214342 0.999780595 -0.020697217 -4.387314796 -0.995259821 -0.005210200 -0.097112112 110.741462708
-0.101738244 0.019689392 0.994616270 58.233352661 -0.005574595 0.999777079 -0.020361776 -4.408410072 -0.994795561 -0.007616156 -0.101605833 110.683166504
-0.103745408 0.015796043 0.994478285 58.937088013 -0.005724904 0.999847770 -0.016478563 -4.437581539 -0.994587421 -0.007402870 -0.103639215 110.602226257
-0.104823634 0.012846579 0.994407713 59.655483246 -0.003498457 0.999905646 -0.013286386 -4.461719990 -0.994484723 -0.004871621 -0.104768813 110.521385193
-0.107123844 0.010811818 0.994186878 60.355075836 -0.003573589 0.999930263 -0.011259333 -4.475017548 -0.994239211 -0.004758959 -0.107077718 110.454849243
-0.108332068 0.010657986 0.994057655 61.081127167 -0.004325285 0.999928057 -0.011192295 -4.491472721 -0.994105399 -0.005512066 -0.108278193 110.381027222
-0.108784661 0.014203378 0.993963897 61.812099457 -0.002888485 0.999889255 -0.014604179 -4.512214184 -0.994061112 -0.004459761 -0.108731590 110.305725098
-0.109414130 0.018132187 0.993830860 62.551136017 0.003060424 0.999835014 -0.017904801 -4.537269115 -0.993991554 0.001082505 -0.109451599 110.224357605
-0.109948546 0.022888064 0.993673742 63.295158386 0.009983579 0.999709964 -0.021922430 -4.565715313 -0.993887126 0.007510080 -0.110145144 110.133064270
-0.110390566 0.024098406 0.993596017 64.041374207 0.011215868 0.999672532 -0.022999678 -4.586739540 -0.993824959 0.008605095 -0.110624731 110.045814514
-0.110544585 0.021442335 0.993639708 64.792381287 0.008871592 0.999748647 -0.020587178 -4.615118980 -0.993831515 0.006539363 -0.110707045 109.969856262
-0.110757418 0.016634125 0.993708193 65.541709900 0.009534784 0.999831676 -0.015673898 -4.640234947 -0.993801653 0.007738793 -0.110897385 109.890670776
-0.110574104 0.014789665 0.993757784 66.289916992 0.011262150 0.999843776 -0.013627115 -4.664069176 -0.993804038 0.009685043 -0.110723399 109.803245544
-0.111593336 0.014540406 0.993647456 67.026878357 0.011910649 0.999840677 -0.013293384 -4.687092781 -0.993682563 0.010351534 -0.111748748 109.719734192
-0.113383502 0.015021143 0.993437648 67.774414062 0.010181452 0.999850810 -0.013956073 -4.713188171 -0.993499041 0.008532251 -0.113519527 109.643722534
-0.115596682 0.015858850 0.993169546 68.508209229 0.009345537 0.999845624 -0.014877708 -4.734656811 -0.993252218 0.007561891 -0.115727067 109.563507080
-0.117977783 0.016226614 0.992883563 69.248329163 0.010680025 0.999829412 -0.015071088 -4.757976532 -0.992958844 0.008825969 -0.118130937 109.477310181
-0.119873017 0.016466850 0.992652655 69.992721558 0.010745033 0.999825418 -0.015288264 -4.779637814 -0.992731154 0.008833435 -0.120029017 109.390708923
-0.121754542 0.016138926 0.992429018 70.737777710 0.010671790 0.999831200 -0.014950055 -4.803405762 -0.992502809 0.008770755 -0.121906228 109.296844482
-0.123377956 0.016345453 0.992225051 71.485061646 0.008479870 0.999845207 -0.015416556 -4.826301575 -0.992323577 0.006511878 -0.123497464 109.209182739
-0.124452390 0.017905505 0.992063999 72.234268188 0.008439844 0.999820054 -0.016986731 -4.850919724 -0.992189705 0.006258827 -0.124581099 109.119049072
-0.125326067 0.018156251 0.991949499 72.998130798 0.007444996 0.999821603 -0.017359717 -4.872769356 -0.992087662 0.005209437 -0.125438884 109.028762817
-0.126759216 0.018457038 0.991761744 73.767372131 0.007001803 0.999818623 -0.017712064 -4.895600319 -0.991908848 0.004698953 -0.126865461 108.935890198
-0.127904952 0.016981963 0.991641045 74.546951294 0.007649372 0.999840438 -0.016135743 -4.915639877 -0.991756976 0.005521589 -0.128014460 108.842430115
-0.128762811 0.014723917 0.991566122 75.328361511 0.005601906 0.999884546 -0.014119988 -4.937093735 -0.991659582 0.003736531 -0.128830463 108.746055603
-0.130820855 0.012918032 0.991321921 76.120117188 0.002150279 0.999916375 -0.012746268 -4.953435421 -0.991403759 0.000464139 -0.130837724 108.655525208
-0.132708609 0.012062504 0.991081655 76.900932312 0.003433139 0.999925554 -0.011710438 -4.977381706 -0.991149127 0.001848446 -0.132740170 108.544692993
-0.134227991 0.012830041 0.990867317 77.698341370 0.004820600 0.999912798 -0.012294142 -4.997285843 -0.990938783 0.003126358 -0.134278119 108.440689087
-0.136591211 0.014476238 0.990521729 78.491127014 0.004225456 0.999892712 -0.014030512 -5.014291763 -0.990618527 0.002268961 -0.136637717 108.332664490
-0.138339728 0.017374653 0.990232348 79.285987854 0.005356038 0.999844670 -0.016795054 -5.046466351 -0.990370393 0.002980300 -0.138411283 108.226516724
-0.138598576 0.021534389 0.990114450 80.088844299 0.007677333 0.999756932 -0.020669416 -5.069045544 -0.990319014 0.004736687 -0.138730213 108.112869263
-0.139954090 0.025177052 0.989837885 80.917846680 0.008131037 0.999672174 -0.024277540 -5.106096268 -0.990124583 0.004650667 -0.140112936 107.998741150
-0.139898762 0.026442086 0.989812672 81.744117737 0.010450361 0.999627173 -0.025227234 -5.134611607 -0.990110636 0.006814641 -0.140122935 107.885429382
-0.139316708 0.025472650 0.989920080 82.576049805 0.013647811 0.999623537 -0.023801608 -5.168671608 -0.990153730 0.010194283 -0.139611900 107.769630432
-0.139186040 0.023565261 0.989985704 83.403755188 0.014386441 0.999659419 -0.021772882 -5.200579643 -0.990161657 0.011211892 -0.139477670 107.649398804
-0.137867451 0.022087323 0.990204275 84.250411987 0.013442066 0.999700963 -0.020427596 -5.228936672 -0.990359426 0.010494092 -0.138123110 107.531387329
-0.136642843 0.019440133 0.990429580 85.096878052 0.012926102 0.999757349 -0.017839897 -5.258808613 -0.990536094 0.010364702 -0.136860937 107.431777954
-0.135220140 0.016278770 0.990681887 85.952850342 0.013382662 0.999803841 -0.014602039 -5.284460068 -0.990725160 0.011283474 -0.135411501 107.324142456
-0.133390978 0.012982611 0.990978360 86.798538208 0.013816980 0.999841452 -0.011238884 -5.310781479 -0.990967155 0.012193167 -0.133549228 107.208473206
-0.131829157 0.012697799 0.991191149 87.653999329 0.011725258 0.999867857 -0.011249488 -5.337415218 -0.991203070 0.010138961 -0.131960660 107.107025146
-0.130483985 0.016786503 0.991308272 88.506500244 0.012271690 0.999807358 -0.015315125 -5.365800858 -0.991374433 0.010166650 -0.130664855 106.998031616
-0.128403679 0.023182541 0.991450965 89.355270386 0.013417971 0.999675751 -0.021637080 -5.391636372 -0.991631210 0.010524980 -0.128673151 106.889328003
-0.127004832 0.026508303 0.991547883 90.203849792 0.011229664 0.999617338 -0.025285652 -5.419115067 -0.991838574 0.007923350 -0.127253890 106.787178040
-0.125582531 0.024092685 0.991790712 91.062820435 0.010049027 0.999684751 -0.023012023 -5.449115276 -0.992032349 0.007076623 -0.125785068 106.683036804
