1.000000000 -0.000000000 0.000000000 0.000000000 -0.000000000 1.000000000 0.000000000 0.000000000 0.000000000 0.000000000 1.000000000 0.000000000
0.999997377 0.001019208 0.002049447 -0.009029875 -0.001016955 0.999998868 -0.001100211 -0.016586112 -0.002050566 0.001098124 0.999997318 1.206179738
0.999998152 0.000443521 0.001846147 0.010181839 -0.000441797 0.999999464 -0.000934577 -0.034972902 -0.001846560 0.000933760 0.999997795 2.417476654
0.999996245 -0.000050842 0.002741113 0.011131741 0.000052750 0.999999702 -0.000696199 -0.052767862 -0.002741077 0.000696341 0.999996006 3.623479843
0.999992967 -0.000142305 0.003750913 0.010135508 0.000145417 0.999999642 -0.000829627 -0.073225521 -0.003750794 0.000830167 0.999992609 4.825636387
0.999993443 -0.000418875 0.003581955 0.021450868 0.000420248 0.999999762 -0.000382647 -0.098289937 -0.003581794 0.000384150 0.999993503 6.043936729
0.999991357 -0.000201927 0.004153128 0.024719009 0.000207763 0.999998987 -0.001404836 -0.119875342 -0.004152840 0.001405687 0.999990344 7.243983269
0.999987781 -0.000418540 0.004920013 0.023285476 0.000426073 0.999998748 -0.001530008 -0.146892443 -0.004919366 0.001532086 0.999986708 8.456953049
0.999986053 -0.000613275 0.005235784 0.020971863 0.000613193 0.999999821 0.000017277 -0.171183556 -0.005235793 -0.000014066 0.999986291 9.662678719
0.999991596 -0.001301602 0.003902958 0.019823210 0.001296862 0.999998510 0.001216747 -0.196018815 -0.003904535 -0.001211676 0.999991655 10.854113579
0.999995589 -0.002696929 0.001251820 0.017198073 0.002696199 0.999996185 0.000584351 -0.217947602 -0.001253391 -0.000580973 0.999999046 12.071655273
0.999997079 -0.002346404 -0.000616033 0.007545007 0.002346424 0.999997258 0.000032043 -0.235373676 0.000615956 -0.000033488 0.999999881 13.265891075
0.999995172 -0.002380931 -0.002011946 0.001836855 0.002380960 0.999997199 0.000011680 -0.259210497 0.002011913 -0.000016470 0.999998033 14.464934349
0.999996126 -0.001145084 -0.002543994 -0.010300603 0.001144138 0.999999285 -0.000373307 -0.281500161 0.002544420 0.000370395 0.999996722 15.667548180
0.999994457 -0.001401312 -0.003047676 -0.020174369 0.001400433 0.999998987 -0.000290565 -0.301990092 0.003048080 0.000286295 0.999995351 16.869071960
0.999989927 -0.002280687 -0.003876031 -0.025777861 0.002280527 0.999997437 -0.000045410 -0.319295794 0.003876125 0.000036570 0.999992549 18.055879593
0.999987602 -0.002101998 -0.004498771 -0.032983139 0.002104669 0.999997616 0.000589316 -0.348642021 0.004497522 -0.000598778 0.999989688 19.251422882
0.999981463 -0.001800310 -0.005816800 -0.041243717 0.001799334 0.999998391 -0.000172946 -0.372233570 0.005817102 0.000162477 0.999983072 20.446090698
0.999982238 -0.002169590 -0.005552149 -0.064643323 0.002163774 0.999997079 -0.001053352 -0.397785336 0.005554419 0.001041320 0.999984026 21.657644272
0.999979317 -0.000842549 -0.006382870 -0.077293321 0.000838791 0.999999464 -0.000591333 -0.416591495 0.006383365 0.000585967 0.999979436 22.851757050
0.999976039 -0.001402072 -0.006775782 -0.097188219 0.001397459 0.999998808 -0.000685448 -0.444815099 0.006776736 0.000675963 0.999976814 24.030607224
0.999969959 -0.001323306 -0.007633756 -0.112150311 0.001313381 0.999998271 -0.001304964 -0.466671795 0.007635471 0.001294898 0.999969959 25.226238251
0.999962807 -0.000921938 -0.008574979 -0.128759980 0.000918396 0.999999464 -0.000417016 -0.495601535 0.008575358 0.000409126 0.999963164 26.402130127
0.999953926 -0.002572425 -0.009245722 -0.145969272 0.002585631 0.999995589 0.001416718 -0.517397642 0.009242036 -0.001440559 0.999956250 27.603282928
0.999944329 -0.002525785 -0.010248316 -0.156900987 0.002540364 0.999995708 0.001409847 -0.538386166 0.010244712 -0.001435803 0.999946535 28.780942917
0.999933124 -0.003326823 -0.011079720 -0.175911576 0.003333953 0.999994159 0.000625122 -0.559758782 0.011077576 -0.000662020 0.999938548 29.980426788
0.999923468 -0.003191991 -0.011954605 -0.186644405 0.003187942 0.999994814 -0.000357753 -0.580511630 0.011955682 0.000319615 0.999928474 31.155326843
0.999915004 -0.002594736 -0.012780185 -0.206647903 0.002590050 0.999996543 -0.000383177 -0.601120532 0.012781134 0.000350043 0.999918222 32.341766357
0.999904513 -0.002825831 -0.013531267 -0.223803475 0.002824724 0.999996006 -0.000100931 -0.619897544 0.013531498 0.000062700 0.999908447 33.552936554
0.999896228 -0.003283285 -0.014018399 -0.242891610 0.003290996 0.999994397 0.000527110 -0.646600187 0.014016589 -0.000573190 0.999901593 34.719722748
0.999882400 -0.003974802 -0.014810153 -0.259369195 0.003985433 0.999991834 0.000688363 -0.669742525 0.014807294 -0.000747307 0.999890089 35.919055939
0.999873877 -0.004058579 -0.015350440 -0.277710497 0.004066884 0.999991596 0.000509825 -0.691932082 0.015348242 -0.000572190 0.999882042 37.103630066
0.999868155 -0.004930829 -0.015471780 -0.297239929 0.004950921 0.999986887 0.001260521 -0.716893971 0.015465365 -0.001336954 0.999879479 38.299011230
0.999867260 -0.004377480 -0.015692580 -0.316999674 0.004416150 0.999987245 0.002430418 -0.731563747 0.015681742 -0.002499396 0.999873877 39.505428314
0.999873519 -0.003768329 -0.015444938 -0.339593530 0.003817378 0.999987721 0.003147437 -0.750982165 0.015432889 -0.003205999 0.999875665 40.720489502
0.999871135 -0.003235558 -0.015717098 -0.362712771 0.003283142 0.999990106 0.003002661 -0.772506297 0.015707226 -0.003053876 0.999871910 41.920051575
0.999877632 -0.002209318 -0.015484150 -0.388162255 0.002253232 0.999993443 0.002819200 -0.785108030 0.015477821 -0.002853744 0.999876082 43.102535248
0.999890029 0.000349540 -0.014823740 -0.406222045 -0.000281717 0.999989450 0.004577096 -0.803918660 0.014825186 -0.004572417 0.999879599 44.320823669
0.999909699 0.000134187 -0.013430805 -0.426138192 -0.000034009 0.999972224 0.007458790 -0.814884543 0.013431435 -0.007457661 0.999881923 45.527248383
0.999936879 0.000750765 -0.011209388 -0.451828122 -0.000632375 0.999944091 0.010561489 -0.831061363 0.011216691 -0.010553733 0.999881327 46.732048035
0.999949157 0.001171122 -0.010030538 -0.457864374 -0.001032226 0.999903679 0.013841290 -0.836766362 0.010045783 -0.013830231 0.999853849 47.932380676
0.999959171 0.000279633 -0.009036102 -0.471187800 -0.000144010 0.999887407 0.015006194 -0.841032982 0.009039280 -0.015004280 0.999846518 49.138015747
0.999971092 -0.001174720 -0.007519580 -0.477578461 0.001276367 0.999907732 0.013527101 -0.842710555 0.007502995 -0.013536306 0.999880254 50.355976105
0.999978125 -0.000086782 -0.006614520 -0.480058938 0.000165786 0.999928653 0.011944390 -0.853040218 0.006613012 -0.011945226 0.999906838 51.537048340
0.999981999 -0.000056165 -0.006011618 -0.490984619 0.000125513 0.999933481 0.011535893 -0.858749509 0.006010570 -0.011536437 0.999915481 52.744953156
0.999983072 -0.000381825 -0.005818877 -0.507115960 0.000446312 0.999938428 0.011085092 -0.867304623 0.005814287 -0.011087501 0.999921739 53.934402466
0.999977708 -0.001389432 -0.006532661 -0.509848773 0.001454162 0.999949813 0.009914329 -0.877381980 0.006518557 -0.009923608 0.999929547 55.155303955
0.999963105 -0.001056599 -0.008528053 -0.521305323 0.001147281 0.999942839 0.010635418 -0.885391057 0.008516327 -0.010644809 0.999907076 56.368247986
0.999952257 -0.001458562 -0.009662856 -0.536897421 0.001573465 0.999928057 0.011894234 -0.898489535 0.009644815 -0.011908868 0.999882460 57.572174072
0.999940991 -0.002025981 -0.010675244 -0.553540051 0.002157216 0.999922097 0.012296190 -0.906576276 0.010649501 -0.012318493 0.999867380 58.779495239
0.999928772 -0.000694945 -0.011915602 -0.566859543 0.000839351 0.999926209 0.012118344 -0.916009784 0.011906303 -0.012127483 0.999855578 59.980686188
0.999919534 -0.000291880 -0.012685762 -0.585852981 0.000441721 0.999930143 0.011810572 -0.920116782 0.012681430 -0.011815224 0.999849856 61.182495117
0.999918580 -0.001485519 -0.012673292 -0.605203688 0.001631757 0.999932110 0.011536596 -0.933366895 0.012655296 -0.011556336 0.999853134 62.387737274
0.999912560 -0.002578751 -0.012966442 -0.625182569 0.002720453 0.999936640 0.010922631 -0.944417179 0.012937454 -0.010956951 0.999856293 63.595417023
0.999907017 -0.003039251 -0.013287960 -0.640837908 0.003199674 0.999922037 0.012068260 -0.956328928 0.013250244 -0.012109655 0.999838829 64.787139893
0.999903381 -0.003151294 -0.013532335 -0.661830902 0.003334193 0.999903083 0.013514472 -0.959375679 0.013488436 -0.013558288 0.999817073 65.983139038
0.999899268 -0.002443885 -0.013979593 -0.680330396 0.002610865 0.999925315 0.011938781 -0.971986055 0.013949373 -0.011974080 0.999830961 67.194320679
0.999907255 -0.000752479 -0.013594041 -0.709248900 0.000900549 0.999940336 0.010889438 -0.980309069 0.013585035 -0.010900671 0.999848247 68.389778137
0.999899387 0.001326468 -0.014121356 -0.724812150 -0.001170362 0.999938190 0.011057098 -0.987325132 0.014135150 -0.011039459 0.999839127 69.585052490
0.999901593 0.003642608 -0.013547030 -0.753577232 -0.003491560 0.999931633 0.011156874 -0.992466211 0.013586745 -0.011108475 0.999845982 70.768486023
0.999892771 0.004618019 -0.013898666 -0.773450911 -0.004455684 0.999921799 0.011688287 -1.002625227 0.013951556 -0.011625106 0.999835014 71.978576660
0.999903798 0.005375176 -0.012790519 -0.795697033 -0.005208513 0.999901593 0.013027955 -1.013735175 0.012859287 -0.012960081 0.999833345 73.173439026
0.999916613 0.007026334 -0.010837052 -0.815910757 -0.006880203 0.999885738 0.013463182 -1.016727686 0.010930410 -0.013387498 0.999850631 74.367378235
0.999947309 0.005705288 -0.008534092 -0.822101533 -0.005609334 0.999921203 0.011225649 -1.027256250 0.008597465 -0.011177188 0.999900520 75.551681519
0.999976873 0.002981581 -0.006120735 -0.832289696 -0.002944289 0.999977052 0.006092814 -1.035734892 0.006138761 -0.006074651 0.999962628 76.725975037
0.999984026 0.004403694 -0.003534958 -0.838466108 -0.004383615 0.999974370 0.005667963 -1.048033834 0.003559827 -0.005652376 0.999977648 77.913597107
0.999994159 0.003211697 -0.001161217 -0.841186762 -0.003200800 0.999952018 0.009267127 -1.061581850 0.001190925 -0.009263354 0.999956429 79.096359253
0.999990344 0.003720427 0.002341034 -0.842638731 -0.003744796 0.999937952 0.010492787 -1.073117256 -0.002301850 -0.010501453 0.999942183 80.270828247
0.999971449 0.003748959 0.006571228 -0.842661321 -0.003806949 0.999953747 0.008834700 -1.083117247 -0.006537804 -0.008859464 0.999939442 81.438377380
0.999945700 0.002536123 0.010109207 -0.835247517 -0.002595844 0.999979258 0.005898830 -1.098362684 -0.010094037 -0.005924752 0.999931514 82.599166870
0.999909520 0.001148344 0.013404380 -0.822099805 -0.001181437 0.999996305 0.002461156 -1.113389611 -0.013401499 -0.002476769 0.999907076 83.761138916
0.999853313 0.000775947 0.017112810 -0.808247089 -0.000803535 0.999998450 0.001605281 -1.130790830 -0.017111538 -0.001618796 0.999852240 84.914352417
0.999791563 0.000583604 0.020408902 -0.783933997 -0.000651891 0.999994218 0.003339457 -1.150806665 -0.020406831 -0.003352065 0.999786139 86.083839417
0.999703467 0.001822522 0.024283875 -0.768040419 -0.001920561 0.999990106 0.004014492 -1.171521544 -0.024276320 -0.004059940 0.999697030 87.250984192
0.999607623 0.001486875 0.027971771 -0.734225512 -0.001536973 0.999997258 0.001769597 -1.190408826 -0.027969070 -0.001811895 0.999607146 88.392219543
0.999513566 0.001340854 0.031159414 -0.701396465 -0.001331899 0.999999106 -0.000308151 -1.210804343 -0.031159800 0.000266499 0.999514401 89.540412903
0.999408901 0.001462846 0.034344591 -0.665476561 -0.001433130 0.999998510 -0.000889848 -1.227426410 -0.034345847 0.000840102 0.999409556 90.705490112
0.999305606 0.000741964 0.037252065 -0.626748800 -0.000752387 0.999999642 0.000265782 -1.244324207 -0.037251860 -0.000293626 0.999305844 91.860481262
0.999201357 -0.000430391 0.039953168 -0.582184076 0.000360178 0.999998391 0.001764572 -1.264953613 -0.039953869 -0.001748773 0.999199927 93.028747559
0.999088883 -0.001202529 0.042661309 -0.535632133 0.001050260 0.999992907 0.003591487 -1.282665491 -0.042665329 -0.003543409 0.999083161 94.190597534
0.998986900 -0.002767584 0.044917241 -0.479611397 0.002569120 0.999986589 0.004475565 -1.296291351 -0.044929028 -0.004355632 0.998980641 95.354469299
0.998871744 -0.004011914 0.047318041 -0.435994148 0.003906009 0.999989569 0.002330368 -1.317085266 -0.047326904 -0.002142914 0.998877168 96.502670288
0.998768032 -0.005626504 0.049302220 -0.374598503 0.005699364 0.999982893 -0.001337360 -1.333753586 -0.049293853 0.001616704 0.998782933 97.658660889
0.998658061 -0.004664517 0.051578268 -0.324003220 0.004877758 0.999979973 -0.004009206 -1.353928685 -0.051558536 0.004255412 0.998660922 98.826461792
0.998571157 -0.004562057 0.053242300 -0.264878750 0.004834397 0.999975860 -0.004987440 -1.371972919 -0.053218264 0.005237708 0.998569191 100.003173828
0.998543680 -0.004408490 0.053768072 -0.210104465 0.004646778 0.999979913 -0.004307570 -1.397054911 -0.053748000 0.004551146 0.998544157 101.186912537
0.998597741 -0.004365420 0.052756831 -0.149480343 0.004489357 0.999987364 -0.002230937 -1.421930552 -0.052746426 0.002464653 0.998604894 102.369331360
0.998654723 -0.005094499 0.051603176 -0.093760014 0.005147584 0.999986351 -0.000895852 -1.442677021 -0.051597908 0.001160278 0.998667240 103.560356140
0.998769224 -0.004632261 0.049383596 -0.036941051 0.004646168 0.999989152 -0.000166800 -1.459240317 -0.049382292 0.000396040 0.998779833 104.752655029
0.998888135 -0.004502348 0.046928208 0.011460304 0.004495183 0.999989867 0.000258224 -1.476866245 -0.046928901 -0.000046986 0.998898208 105.947425842
0.999011099 -0.003554791 0.044317510 0.051229000 0.003546482 0.999993622 0.000266130 -1.497057319 -0.044318177 -0.000108696 0.999017417 107.159416199
0.999175191 -0.002123126 0.040550221 0.091000080 0.002141241 0.999997616 -0.000403308 -1.510283351 -0.040549275 0.000489803 0.999177396 108.368034363
0.999327242 -0.001960658 0.036620099 0.132748842 0.001956847 0.999998093 0.000139901 -1.529496074 -0.036620308 -0.000068147 0.999329150 109.580154419
0.999473751 -0.001539888 0.032398656 0.173116684 0.001500512 0.999998093 0.001239642 -1.548482895 -0.032400511 -0.001190375 0.999474227 110.809066772
0.999600589 -0.000995526 0.028242664 0.199160576 0.000936918 0.999997377 0.002088313 -1.568498969 -0.028244669 -0.002061018 0.999598920 112.013610840
0.999716103 -0.000943280 0.023809204 0.222214699 0.000884307 0.999996424 0.002487281 -1.582408667 -0.023811467 -0.002465519 0.999713421 113.236427307
0.999822736 -0.000385813 0.018829517 0.242559552 0.000337704 0.999996603 0.002558147 -1.598398805 -0.018830439 -0.002551334 0.999819458 114.453414917
0.999902070 0.000197004 0.013989667 0.251604199 -0.000233083 0.999996662 0.002577422 -1.618381262 -0.013989111 -0.002580431 0.999898791 115.694656372
0.999958277 0.000603826 0.009116018 0.252625406 -0.000624515 0.999997199 0.002266810 -1.631465197 -0.009114623 -0.002272409 0.999955833 116.918128967
0.999988437 0.001734154 0.004479423 0.254234046 -0.001741570 0.999997139 0.001652234 -1.653388381 -0.004476545 -0.001660016 0.999988556 118.147506714
0.999992847 0.003673503 0.000951030 0.250003040 -0.003675014 0.999992013 0.001593707 -1.670421004 -0.000945169 -0.001597190 0.999998271 119.384826660
0.999985158 0.005273322 -0.001397008 0.244004548 -0.005270788 0.999984443 0.001812199 -1.688651562 0.001406542 -0.001804808 0.999997437 120.616935730
0.999974012 0.006839774 -0.002270167 0.230568409 -0.006836449 0.999975562 0.001468954 -1.712865829 0.002280158 -0.001453397 0.999996364 121.880950928
0.999952018 0.009271329 -0.003149766 0.212636352 -0.009265694 0.999955475 0.001798569 -1.728578806 0.003166301 -0.001769298 0.999993443 123.120567322
0.999937654 0.010214247 -0.004500451 0.206736565 -0.010202013 0.999944210 0.002732907 -1.749416828 0.004528115 -0.002686824 0.999986112 124.365211487
0.999938369 0.009938583 -0.004939246 0.189012408 -0.009923907 0.999946237 0.002987192 -1.761595964 0.004968669 -0.002937992 0.999983311 125.610946655
0.999887407 0.013826072 -0.005842130 0.171824872 -0.013796415 0.999891877 0.005086675 -1.777972698 0.005911828 -0.005005502 0.999970019 126.861160278
0.999865890 0.015106636 -0.006334181 0.151610136 -0.015053791 0.999852240 0.008309087 -1.788832188 0.006458767 -0.008212618 0.999945462 128.112442017
0.999881625 0.013589848 -0.007213044 0.144811392 -0.013531793 0.999876082 0.008037502 -1.806515336 0.007321380 -0.007938945 0.999941647 129.363540649
0.999880433 0.013377794 -0.007761775 0.127080560 -0.013327490 0.999890089 0.006497035 -1.812665462 0.007847838 -0.006392812 0.999948740 130.616073608
0.999906003 0.010880955 -0.008343467 0.114120841 -0.010819123 0.999913931 0.007420608 -1.822932005 0.008423493 -0.007329640 0.999937654 131.876449585
0.999922454 0.008374595 -0.009230057 0.097847342 -0.008289956 0.999923587 0.009170425 -1.832454324 0.009306150 -0.009093193 0.999915302 133.153152466
0.999944925 0.004965741 -0.009246337 0.079043388 -0.004864013 0.999927759 0.010992157 -1.840978265 0.009300252 -0.010946576 0.999896824 134.424346924
0.999946117 0.003078485 -0.009919871 0.069016576 -0.002956402 0.999919951 0.012298220 -1.851483941 0.009956938 -0.012268229 0.999875069 135.697006226
0.999953330 -0.001141344 -0.009598597 0.054075718 0.001241993 0.999944270 0.010486365 -1.858646750 0.009586093 -0.010497797 0.999898851 136.965301514
0.999945760 -0.003615036 -0.009761592 0.043187976 0.003706936 0.999948740 0.009412813 -1.864292145 0.009727065 -0.009448487 0.999908030 138.238677979
0.999940932 -0.004939985 -0.009680403 0.026121020 0.005029960 0.999944210 0.009292404 -1.873536348 0.009633960 -0.009340547 0.999909937 139.516662598
0.999947309 -0.004587566 -0.009174476 0.012332678 0.004676134 0.999942362 0.009655796 -1.881761670 0.009129650 -0.009698189 0.999911249 140.807479858
0.999952495 -0.004276549 -0.008758795 -0.005841851 0.004376976 0.999924541 0.011479046 -1.889212608 0.008709042 -0.011516841 0.999895751 142.077957153
0.999966323 -0.001705087 -0.008019115 -0.022431731 0.001810613 0.999911487 0.013170378 -1.897443652 0.007995949 -0.013184453 0.999881029 143.365203857
0.999968708 -0.002136350 -0.007616011 -0.035391450 0.002223836 0.999931335 0.011497247 -1.904134631 0.007590926 -0.011513825 0.999904811 144.639846802
0.999974072 -0.001574828 -0.007027569 -0.054935157 0.001643175 0.999951303 0.009730373 -1.915761709 0.007011903 -0.009741669 0.999927998 145.918823242
0.999976635 -0.001781582 -0.006596461 -0.066940308 0.001829268 0.999972224 0.007230062 -1.925035715 0.006583396 -0.007241961 0.999952137 147.193313599
0.999980509 -0.002596078 -0.005674280 -0.088945687 0.002615465 0.999990761 0.003411785 -1.944139123 0.005665369 -0.003426561 0.999978125 148.449844360
0.999980807 -0.002655545 -0.005581140 -0.094499826 0.002653705 0.999996364 -0.000337137 -1.963000178 0.005582015 0.000322320 0.999984384 149.742431641
0.999976695 -0.003479175 -0.005872996 -0.101328790 0.003471326 0.999993086 -0.001346206 -1.983055592 0.005877639 0.001325787 0.999981880 151.015106201
0.999979079 -0.003495694 -0.005437435 -0.118440390 0.003490335 0.999993384 -0.000994791 -2.009867191 0.005440877 0.000975792 0.999984741 152.292770386
0.999980748 -0.002700440 -0.005582018 -0.131829083 0.002697384 0.999996126 -0.000554939 -2.032244205 0.005583496 0.000539872 0.999984264 153.555084229
0.999981225 -0.001944120 -0.005830226 -0.143800914 0.001947807 0.999997914 0.000626695 -2.054340124 0.005828995 -0.000638039 0.999982834 154.824844360
0.999980628 -0.001375341 -0.006067873 -0.159811199 0.001381403 0.999998569 0.000994899 -2.072442770 0.006066496 -0.001003261 0.999981105 156.092376709
0.999976397 -0.001260838 -0.006752462 -0.172392666 0.001266074 0.999998927 0.000771214 -2.093164206 0.006751483 -0.000779745 0.999976873 157.359954834
0.999972224 -0.001019142 -0.007376308 -0.188315868 0.001026685 0.999998927 0.001018921 -2.115274906 0.007375262 -0.001026466 0.999972284 158.630905151
0.999964893 -0.001573587 -0.008230456 -0.202511549 0.001590796 0.999996603 0.002084742 -2.133182049 0.008227147 -0.002097762 0.999963939 159.903442383
0.999961436 -0.000356770 -0.008792775 -0.214796424 0.000379071 0.999996841 0.002534768 -2.155692577 0.008791842 -0.002538004 0.999958158 161.174438477
0.999952614 -0.000298421 -0.009734900 -0.229184031 0.000312115 0.999998987 0.001405225 -2.173136473 0.009734469 -0.001408197 0.999951661 162.444335938
0.999947488 0.000429227 -0.010234366 -0.248132706 -0.000425183 0.999999821 0.000397306 -2.195972919 0.010234535 -0.000392934 0.999947488 163.703506470
0.999938726 0.001474078 -0.010969353 -0.267287612 -0.001469544 0.999998868 0.000421376 -2.215675592 0.010969962 -0.000405230 0.999939740 164.966888428
0.999931157 0.000904679 -0.011701001 -0.289350510 -0.000910255 0.999999464 -0.000471262 -2.239143372 0.011700570 0.000481880 0.999931455 166.243942261
0.999920428 0.001162046 -0.012561264 -0.309746504 -0.001182391 0.999998033 -0.001612361 -2.261018038 0.012559364 0.001627085 0.999919832 167.512893677
0.999911368 0.001146156 -0.013261226 -0.329935670 -0.001161794 0.999998569 -0.001171590 -2.286410332 0.013259864 0.001186893 0.999911368 168.781997681
0.999895394 0.001577875 -0.014374647 -0.350281954 -0.001573555 0.999998689 0.000311785 -2.309447050 0.014375119 -0.000289133 0.999896646 170.059875488
0.999890745 0.001407171 -0.014714118 -0.373223305 -0.001396869 0.999998808 0.000710384 -2.332720995 0.014715099 -0.000689753 0.999891400 171.320327759
0.999881744 0.002066337 -0.015239574 -0.403365850 -0.002051139 0.999997377 0.001012839 -2.351590157 0.015241629 -0.000981461 0.999883294 172.590713501
0.999866962 0.002502267 -0.016117906 -0.431725979 -0.002484347 0.999996305 0.001131734 -2.372110605 0.016120682 -0.001091541 0.999869347 173.879608154
0.999859989 0.002503630 -0.016544534 -0.459791422 -0.002494060 0.999996662 0.000599086 -2.399363041 0.016545977 -0.000557739 0.999862909 175.120361328
0.999850988 0.003470313 -0.016910566 -0.492839098 -0.003479835 0.999993742 -0.000533683 -2.411812305 0.016908607 0.000592450 0.999856830 176.389663696
0.999837518 0.003263418 -0.017729836 -0.522007942 -0.003264135 0.999994695 -0.000011520 -2.432071447 0.017729700 0.000069391 0.999842823 177.647628784
0.999839008 0.003642151 -0.017568370 -0.553190231 -0.003657021 0.999993026 -0.000814368 -2.462279320 0.017565280 0.000878485 0.999845326 178.908782959
0.999841094 0.002595199 -0.017635759 -0.583128929 -0.002644344 0.999992728 -0.002763910 -2.479716778 0.017628457 0.002810106 0.999840617 180.174057007
0.999839425 -0.000652865 -0.017908975 -0.610188484 0.000607389 0.999996603 -0.002544633 -2.505789518 0.017910577 0.002533347 0.999836385 181.440628052
0.999827683 -0.000246800 -0.018561885 -0.623816729 0.000270648 0.999999106 0.001282273 -2.527292728 0.018561549 -0.001287076 0.999826849 182.686248779
0.999824047 -0.000917516 -0.018735627 -0.652245283 0.001023943 0.999983430 0.005671669 -2.548197031 0.018730110 -0.005689855 0.999808311 183.953125000
0.999826014 -0.000148448 -0.018652383 -0.681882143 0.000242405 0.999987304 0.005035111 -2.563745260 0.018651396 -0.005038757 0.999813318 185.202301025
0.999832571 0.001402250 -0.018241337 -0.716908216 -0.001370942 0.999997556 0.001728726 -2.578536987 0.018243715 -0.001703429 0.999832094 186.450500488
0.999819994 0.001636649 -0.018903226 -0.746085405 -0.001637475 0.999998629 -0.000028173 -2.601080179 0.018903157 0.000059122 0.999821246 187.699386597
0.999814570 0.001538985 -0.019199787 -0.774984837 -0.001534766 0.999998808 0.000234479 -2.622651577 0.019200128 -0.000204968 0.999815583 188.949386597
0.999821246 0.001216790 -0.018863728 -0.806334257 -0.001190244 0.999998271 0.001418426 -2.643887281 0.018865420 -0.001395720 0.999821067 190.204299927
0.999819219 0.001176881 -0.018977625 -0.833166838 -0.001106664 0.999992430 0.003710077 -2.666220665 0.018981848 -0.003688405 0.999813020 191.453369141
0.999836981 0.000736938 -0.018040653 -0.862348318 -0.000657558 0.999990106 0.004405595 -2.685688496 0.018043721 -0.004393014 0.999827504 192.694473267
0.999860883 0.000736712 -0.016662151 -0.887954235 -0.000675656 0.999993086 0.003669655 -2.702200413 0.016664736 -0.003657887 0.999854445 193.936157227
0.999886751 -0.000278199 -0.015043776 -0.917321682 0.000308626 0.999997973 0.002020261 -2.721133232 0.015043179 -0.002024674 0.999884844 195.158752441
0.999898791 -0.000685403 -0.014208223 -0.933453798 0.000697112 0.999999344 0.000819100 -2.743763924 0.014207656 -0.000828922 0.999898672 196.399017334
0.999918938 -0.001083015 -0.012685085 -0.954653382 0.001086916 0.999999285 0.000300687 -2.766585112 0.012684753 -0.000314450 0.999919415 197.615966797
0.999932110 -0.000941014 -0.011613867 -0.973311901 0.000951351 0.999999106 0.000884561 -2.786621332 0.011613024 -0.000895549 0.999932170 198.847488403
0.999944329 -0.001239353 -0.010477285 -0.985051751 0.001269686 0.999994934 0.002888943 -2.810495615 0.010473652 -0.002902085 0.999940991 200.062774658
0.999958158 -0.000377435 -0.009132882 -1.009530783 0.000405485 0.999995172 0.003069625 -2.830931664 0.009131678 -0.003073201 0.999953628 201.284164429
0.999969900 -0.000281308 -0.007754460 -1.030053854 0.000303097 0.999996006 0.002808849 -2.844381809 0.007753639 -0.002811115 0.999966085 202.496917725
0.999975324 -0.000282933 -0.007023271 -1.036492109 0.000305263 0.999994814 0.003178680 -2.869821548 0.007022337 -0.003180746 0.999970257 203.702697754
0.999981403 -0.000353001 -0.006087640 -1.048002839 0.000374160 0.999993801 0.003474966 -2.889831066 0.006086376 -0.003477179 0.999975443 204.895050049
0.999987483 0.000077913 -0.005011567 -1.067747951 -0.000059452 0.999993205 0.003683767 -2.915400982 0.005011820 -0.003683423 0.999980748 206.082550049
0.999992073 -0.000453909 -0.003962119 -1.085881829 0.000467288 0.999994218 0.003376477 -2.927359819 0.003960563 -0.003378302 0.999986470 207.249542236
0.999991655 -0.001276460 -0.003886815 -1.090666890 0.001288264 0.999994636 0.003035958 -2.944337606 0.003882919 -0.003040941 0.999987841 208.412673950
0.999992013 -0.001680353 -0.003670614 -1.102730989 0.001697005 0.999988258 0.004538091 -2.973130226 0.003662945 -0.004544283 0.999983013 209.569168091
0.999991775 -0.001925934 -0.003548910 -1.116729498 0.001944342 0.999984562 0.005190904 -2.983138084 0.003538858 -0.005197761 0.999980271 210.694488525
0.999990284 -0.001753237 -0.004057675 -1.126756668 0.001773385 0.999986053 0.004967264 -3.000924349 0.004048909 -0.004974411 0.999979496 211.802108765
0.999988735 -0.001297734 -0.004565490 -1.138393521 0.001316471 0.999990642 0.004103316 -3.021113396 0.004560123 -0.004109280 0.999981105 212.918060303
0.999986947 -0.000679097 -0.005065612 -1.149649382 0.000695573 0.999994457 0.003251357 -3.036915302 0.005063376 -0.003254838 0.999981821 214.005340576
0.999983728 -0.000971576 -0.005618352 -1.161865711 0.000990498 0.999993861 0.003366000 -3.059081554 0.005615047 -0.003371509 0.999978542 215.071441650
0.999978125 -0.001551390 -0.006424559 -1.178894877 0.001572263 0.999993503 0.003245214 -3.076787949 0.006419482 -0.003255243 0.999974132 216.134750366
0.999962211 -0.001919279 -0.008478437 -1.186402678 0.001952582 0.999990344 0.003921501 -3.093677044 0.008470828 -0.003937908 0.999956369 217.183929443
0.999940753 -0.002849757 -0.010510668 -1.204349637 0.002906631 0.999981165 0.005399690 -3.110419035 0.010495082 -0.005429920 0.999930203 218.222381592
0.999920249 -0.002526028 -0.012372049 -1.225883126 0.002612819 0.999972045 0.007003966 -3.125737190 0.012354011 -0.007035732 0.999898970 219.258499146
0.999882936 -0.002418597 -0.015102995 -1.240784883 0.002530602 0.999969423 0.007401320 -3.146053791 0.015084632 -0.007438674 0.999858499 220.252655029
0.999835968 -0.002472109 -0.017938893 -1.261050463 0.002597673 0.999972284 0.006979641 -3.158483267 0.017921142 -0.007025097 0.999814689 221.245254517
0.999784708 -0.002078118 -0.020640569 -1.290264845 0.002220489 0.999973953 0.006877114 -3.172109127 0.020625737 -0.006921466 0.999763310 222.228820801
0.999721766 -0.001549647 -0.023541922 -1.315110683 0.001724062 0.999971211 0.007390202 -3.187018633 0.023529792 -0.007428732 0.999695539 223.169281006
0.999653816 -0.001184227 -0.026287625 -1.348773956 0.001376787 0.999972403 0.007308217 -3.204391003 0.026278244 -0.007341878 0.999627709 224.098327637
0.999570370 -0.001143150 -0.029285900 -1.381388187 0.001340266 0.999976575 0.006711992 -3.217357397 0.029277544 -0.006748360 0.999548554 225.006317139
0.999472260 -0.001227914 -0.032460012 -1.416576385 0.001416421 0.999982297 0.005784991 -3.227957249 0.032452341 -0.005827916 0.999456227 225.886291504
0.999357581 -0.000313294 -0.035837598 -1.446716309 0.000509523 0.999984920 0.005466518 -3.243598938 0.035835348 -0.005481266 0.999342620 226.753372192
0.999252081 0.000147832 -0.038667396 -1.487857342 0.000038278 0.999988377 0.004812313 -3.258052826 0.038667660 -0.004810194 0.999240518 227.582763672
0.999153852 0.001322960 -0.041108578 -1.529882431 -0.001125521 0.999987662 0.004825629 -3.274677753 0.041114453 -0.004775277 0.999143004 228.403137207
0.999123096 0.002401407 -0.041799299 -1.568984985 -0.002200388 0.999985754 0.004854491 -3.282029629 0.041810364 -0.004758260 0.999114275 229.207641602
0.999127150 0.002857358 -0.041674748 -1.602560520 -0.002601811 0.999977529 0.006184888 -3.300068855 0.041691490 -0.006071059 0.999112070 229.990432739
0.999138176 0.002700575 -0.041418727 -1.635877132 -0.002428946 0.999975324 0.006607038 -3.311371326 0.041435543 -0.006500741 0.999119997 230.751312256
0.999155462 0.002363221 -0.041021477 -1.670089722 -0.002094492 0.999976158 0.006592696 -3.328153610 0.041036081 -0.006501210 0.999136508 231.494018555
0.999177575 0.003289796 -0.040414505 -1.705683231 -0.003105473 0.999984503 0.004622753 -3.338837385 0.040429100 -0.004493445 0.999172270 232.233047485
0.999210715 0.003111499 -0.039599214 -1.735190868 -0.003012652 0.999992192 0.002555607 -3.351054192 0.039606851 -0.002434292 0.999212325 232.963150024
0.999261975 0.003383918 -0.038262602 -1.768442631 -0.003338990 0.999993742 0.001238024 -3.365698099 0.038266547 -0.001109352 0.999266922 233.689056396
0.999311626 0.003754885 -0.036904942 -1.799348354 -0.003736716 0.999992907 0.000561296 -3.374865294 0.036906775 -0.000423006 0.999318659 234.420303345
0.999379814 0.003320895 -0.035054762 -1.827211380 -0.003304158 0.999994397 0.000535364 -3.388238430 0.035056341 -0.000419205 0.999385297 235.140686035
0.999445081 0.003199149 -0.033155516 -1.854812145 -0.003187621 0.999994874 0.000400546 -3.403086424 0.033156626 -0.000294637 0.999450088 235.847747803
0.999501228 0.003172284 -0.031418618 -1.879024982 -0.003163151 0.999994934 0.000340360 -3.417670250 0.031419542 -0.000240808 0.999506295 236.575683594
0.999554455 0.002721075 -0.029724281 -1.895967007 -0.002719237 0.999996245 0.000102258 -3.431844711 0.029724453 -0.000021385 0.999558210 237.283950806
0.999650061 0.003005542 -0.026278812 -1.926369667 -0.002990149 0.999995291 0.000625003 -3.445439100 0.026280567 -0.000546206 0.999654472 237.991622925
0.999726772 0.001842755 -0.023297746 -1.937207699 -0.001811761 0.999997437 0.001351319 -3.459516048 0.023300169 -0.001308741 0.999727666 238.697448730
0.999794185 0.001276135 -0.020246767 -1.957680225 -0.001251175 0.999998450 0.001245389 -3.467444181 0.020248324 -0.001219800 0.999794185 239.397430420
0.999846697 0.000778269 -0.017490398 -1.967126131 -0.000752093 0.999998629 0.001503126 -3.482223988 0.017491542 -0.001489741 0.999845862 240.096817017
0.999898255 0.000453581 -0.014258070 -1.981704235 -0.000437759 0.999999344 0.001112791 -3.493561268 0.014258562 -0.001106436 0.999897718 240.780746460
0.999938905 0.000698336 -0.011030653 -1.994888186 -0.000690069 0.999999464 0.000753209 -3.506122828 0.011031171 -0.000745551 0.999938905 241.467376709
0.999964595 0.001650528 -0.008261868 -2.000735044 -0.001653994 0.999998569 -0.000412643 -3.515087843 0.008261175 0.000426293 0.999965727 242.157836914
0.999985099 0.002019207 -0.005077188 -2.007658958 -0.002023153 0.999997675 -0.000772042 -3.528289080 0.005075620 0.000782302 0.999986768 242.849899292
0.999994457 0.002185872 -0.002495028 -2.009087086 -0.002184661 0.999997497 0.000487793 -3.544759512 0.002496089 -0.000482340 0.999996722 243.557861328
0.999997079 0.002378492 -0.000338149 -2.009378433 -0.002378121 0.999996603 0.001093564 -3.556148529 0.000340748 -0.001092757 0.999999344 244.261840820
0.999995172 0.002245648 0.002155525 -2.012121677 -0.002246571 0.999997377 0.000426037 -3.564949751 -0.002154563 -0.000430877 0.999997616 244.965255737
0.999987185 0.002067554 0.004616255 -2.012612343 -0.002063822 0.999997556 -0.000812937 -3.578836679 -0.004617927 0.000803400 0.999988973 245.667663574
0.999974549 0.002308849 0.006734683 -2.013748646 -0.002286426 0.999991894 -0.003335265 -3.588974476 -0.006742330 0.003319782 0.999971807 246.374923706
0.999970913 0.001022204 0.007547726 -2.008443356 -0.000984605 0.999987125 -0.004983530 -3.600498676 -0.007552725 0.004975954 0.999959111 247.092163086
0.999973834 0.001185670 0.007123569 -1.998311281 -0.001147708 0.999985158 -0.005330824 -3.615141153 -0.007129784 0.005322509 0.999960423 247.811859131
0.999975383 -0.000392773 0.006992782 -1.992896795 0.000432676 0.999983609 -0.005705730 -3.631411314 -0.006990427 0.005708616 0.999959290 248.540405273
0.999971628 0.002031771 0.007254796 -1.990469217 -0.001986226 0.999978304 -0.006279580 -3.643113613 -0.007267396 0.006264992 0.999953926 249.273391724
0.999968350 0.002423881 0.007583803 -1.987550139 -0.002372561 0.999974251 -0.006768814 -3.657307148 -0.007600014 0.006750606 0.999948263 250.013977051
0.999966919 0.001315580 0.008023445 -1.988275051 -0.001246554 0.999962151 -0.008601951 -3.674558163 -0.008034461 0.008591664 0.999930799 250.760040283
0.999960124 -0.002482743 0.008571914 -1.982668161 0.002574232 0.999939561 -0.010678574 -3.693670273 -0.008544886 0.010700217 0.999906182 251.510299683
0.999943674 -0.005724237 0.008928330 -1.971909285 0.005827096 0.999916494 -0.011537346 -3.709312916 -0.008861540 0.011588723 0.999893606 252.277267456
0.999947906 -0.003084346 0.009723132 -1.971612215 0.003159666 0.999965072 -0.007740594 -3.722255707 -0.009698919 0.007770914 0.999922752 253.054077148
0.999948442 0.000685571 0.010129866 -1.971139908 -0.000669813 0.999998510 -0.001558936 -3.735140562 -0.010130921 0.001552070 0.999947369 253.838378906
0.999941945 -0.000072386 0.010773172 -1.961771011 0.000051524 0.999998093 0.001936715 -3.751323938 -0.010773295 -0.001936047 0.999939978 254.621932983
0.999906600 -0.001094228 0.013619033 -1.954642773 0.001100753 0.999999285 -0.000471643 -3.759804487 -0.013618507 0.000486590 0.999907076 255.416519165
0.999850512 -0.000221493 0.017291583 -1.942251682 0.000335010 0.999978364 -0.006562276 -3.773095131 -0.017289756 0.006567089 0.999828935 256.223693848
0.999771118 0.002060568 0.021298563 -1.936557770 -0.001843862 0.999946296 -0.010189291 -3.785456181 -0.021318421 0.010147687 0.999721289 257.029937744
0.999687850 0.003673915 0.024712767 -1.924008846 -0.003433669 0.999946535 -0.009756943 -3.803001881 -0.024747293 0.009669041 0.999647021 257.842529297
0.999625504 0.002345749 0.027265208 -1.891934395 -0.002140682 0.999969244 -0.007547936 -3.820145607 -0.027282080 0.007486745 0.999599755 258.682159424
0.999542654 -0.000771827 0.030230936 -1.862128735 0.000900647 0.999990642 -0.004247804 -3.837768555 -0.030227371 0.004273090 0.999533951 259.519165039
0.999448657 -0.003905843 0.032973334 -1.835495949 0.004002518 0.999987900 -0.002866389 -3.854460478 -0.032961741 0.002996786 0.999452174 260.356079102
0.999341905 -0.002933930 0.036154136 -1.806849480 0.003025676 0.999992251 -0.002483188 -3.865616560 -0.036146581 0.002590945 0.999343097 261.217559814
0.999265373 -0.000776342 0.038313314 -1.774257660 0.000949832 0.999989331 -0.004510221 -3.881193638 -0.038309406 0.004543300 0.999255538 262.056488037
0.999152005 -0.000305074 0.041171376 -1.753700256 0.000580308 0.999977529 -0.006673294 -3.902523994 -0.041168418 0.006691528 0.999129832 262.893737793
0.999051511 -0.000063366 0.043546896 -1.711342812 0.000375255 0.999974310 -0.007154008 -3.913621426 -0.043545332 0.007163562 0.999025762 263.758026123
0.998921096 0.000857725 0.046432346 -1.678646088 -0.000629720 0.999987662 -0.004924888 -3.934487104 -0.046435997 0.004890334 0.998909295 264.598144531
0.998766959 0.002437424 0.049585983 -1.643655777 -0.002275990 0.999991894 -0.003311841 -3.952790499 -0.049593657 0.003194900 0.998764277 265.444580078
0.998623788 0.003215309 0.052349683 -1.596779823 -0.003027361 0.999988616 -0.003669162 -3.965492725 -0.052360896 0.003505630 0.998622060 266.317657471
0.998490036 0.003419543 0.054826472 -1.552138329 -0.003195915 0.999986231 -0.004166009 -3.981822968 -0.054839950 0.003984498 0.998487234 267.163085938
0.998354852 0.001713655 0.057313148 -1.504097939 -0.001464800 0.999989212 -0.004383758 -3.999248266 -0.057320062 0.004292593 0.998346627 267.997833252
0.998239815 -0.001590248 0.059283428 -1.453855515 0.001830261 0.999990344 -0.003994478 -4.012993813 -0.059276517 0.004095951 0.998233140 268.870086670
0.998201966 -0.001912407 0.059909560 -1.396314621 0.002145891 0.999990344 -0.003833185 -4.031395912 -0.059901662 0.003954852 0.998196423 269.721954346
0.998154521 -0.002562732 0.060670264 -1.355289459 0.002798889 0.999988735 -0.003807810 -4.050561428 -0.060659837 0.003970591 0.998150587 270.568359375
0.998133957 -0.003535937 0.060958866 -1.299011230 0.003770971 0.999985814 -0.003740994 -4.071060658 -0.060944781 0.003963887 0.998133183 271.455474854
0.998148501 -0.003150827 0.060742050 -1.252105713 0.003352984 0.999989033 -0.003226481 -4.087472916 -0.060731225 0.003424174 0.998148263 272.319702148
0.998187721 -0.002709038 0.060113970 -1.203508377 0.002883992 0.999991894 -0.002823803 -4.103430748 -0.060105830 0.002992054 0.998187423 273.169250488
0.998266816 -0.003220227 0.058760852 -1.150993347 0.003448981 0.999986827 -0.003791961 -4.121235847 -0.058747880 0.003988055 0.998264849 274.040496826
0.998356283 -0.003124579 0.057226576 -1.106577873 0.003396910 0.999983370 -0.004662165 -4.139966965 -0.057211053 0.004848896 0.998350322 274.893280029
0.998456955 -0.002703151 0.055464569 -1.058772087 0.003010870 0.999980509 -0.005465213 -4.157200813 -0.055448733 0.005623777 0.998445570 275.761657715
0.998539090 -0.001122660 0.054022502 -1.023592949 0.001428465 0.999983132 -0.005622428 -4.179738045 -0.054015275 0.005691384 0.998523831 276.601959229
0.998655140 0.000103356 0.051845890 -0.978607178 0.000202930 0.999982536 -0.005902324 -4.197244644 -0.051845599 0.005904907 0.998637676 277.463470459
0.998740971 0.000813397 0.050157063 -0.943312645 -0.000554400 0.999986470 -0.005177428 -4.218810081 -0.050160598 0.005143103 0.998727918 278.318878174
0.998888910 0.000760184 0.047120653 -0.909063339 -0.000590327 0.999993265 -0.003618536 -4.238306046 -0.047123089 0.003586700 0.998882651 279.172210693
0.999076724 -0.000763875 0.042955212 -0.871552467 0.000820015 0.999998748 -0.001289341 -4.256256580 -0.042954169 0.001323374 0.999076188 280.023040771
0.999273956 -0.002278809 0.038030460 -0.844766617 0.002265227 0.999997318 0.000400224 -4.274127483 -0.038031265 -0.000313786 0.999276519 280.856201172
0.999451220 -0.002485980 0.033031534 -0.817238808 0.002435303 0.999995768 0.001574322 -4.286674500 -0.033035308 -0.001493016 0.999453127 281.692993164
0.999579310 -0.002272906 0.028913129 -0.804135323 0.002205406 0.999994695 0.002366243 -4.301522255 -0.028918348 -0.002301482 0.999579132 282.520629883
0.999704063 -0.002767314 0.024171028 -0.787429333 0.002705575 0.999992967 0.002586618 -4.312224388 -0.024178013 -0.002520456 0.999704480 283.330963135
0.999803364 -0.004260805 0.019362941 -0.774171352 0.004202257 0.999986470 0.003063408 -4.332021236 -0.019375734 -0.002981438 0.999807835 284.143310547
0.999874651 -0.004112848 0.015285118 -0.769084454 0.004072027 0.999988139 0.002700725 -4.345651627 -0.015296042 -0.002638145 0.999879599 284.921905518
0.999927223 -0.004043152 0.011356233 -0.762815714 0.004014115 0.999988556 0.002578520 -4.360200405 -0.011366528 -0.002532747 0.999932170 285.687500000
