1.000000000 -0.000000000 0.000000000 0.000000000 -0.000000000 1.000000000 0.000000000 0.000000000 0.000000000 0.000000000 1.000000000 0.000000000
0.999978960 0.000420853 -0.006473001 -0.008220525 -0.000418198 0.999999821 0.000411424 -0.002099499 0.006473173 -0.000408709 0.999978960 0.091714330
0.999907494 0.000930963 -0.013569988 -0.016490696 -0.000928835 0.999999583 0.000163122 -0.001747744 0.013570135 -0.000150503 0.999907911 0.188316256
0.999772668 0.001375277 -0.021276662 -0.026180813 -0.001387469 0.999998868 -0.000558306 -0.002130849 0.021275871 0.000587700 0.999773443 0.285271198
0.999541879 0.001708025 -0.030217320 -0.043008741 -0.001768169 0.999996483 -0.001963776 -0.002114557 0.030213861 0.002016305 0.999541402 0.390561372
0.999125659 0.001924820 -0.041764371 -0.059078917 -0.002069592 0.999992013 -0.003423449 -0.004954678 0.041757446 0.003506890 0.999121606 0.501144052
0.998479605 0.001741860 -0.055094421 -0.084377475 -0.001967971 0.999989867 -0.004050076 -0.007822990 0.055086806 0.004152343 0.998472929 0.626058161
0.997427940 0.001825100 -0.071653254 -0.108624816 -0.002147887 0.999987900 -0.004428057 -0.004253255 0.071644306 0.004570571 0.997419775 0.761435747
0.995905459 0.000207208 -0.090400338 -0.134693787 -0.000586951 0.999991119 -0.004174111 -0.009312155 0.090398669 0.004210081 0.995896757 0.917141020
0.993913472 -0.000750666 -0.110161230 -0.176213637 0.000271262 0.999990404 -0.004366765 -0.012631463 0.110163450 0.004310304 0.993904114 1.075297117
0.991251409 -0.000889877 -0.131983742 -0.220422611 0.000299290 0.999989867 -0.004494459 -0.015063844 0.131986424 0.004415638 0.991241693 1.226664066
0.987739801 0.002670011 -0.156086087 -0.275695562 -0.003634680 0.999975979 -0.005895278 -0.019197892 0.156066611 0.006390323 0.987725794 1.396592259
0.983356476 0.007035858 -0.181549922 -0.341986120 -0.008489433 0.999937773 -0.007230621 -0.026259208 0.181487754 0.008651535 0.983355165 1.571014881
0.977967680 0.009977591 -0.208517760 -0.414719731 -0.011985536 0.999893129 -0.008368313 -0.029034937 0.208411947 0.010683138 0.977982759 1.752573609
0.971285641 0.010685850 -0.237676308 -0.494236648 -0.013127540 0.999875903 -0.008692767 -0.029962983 0.237553969 0.011563265 0.971305490 1.938769698
0.963218212 0.012432164 -0.268432945 -0.582527936 -0.015166320 0.999852061 -0.008114319 -0.034731716 0.268292367 0.011887000 0.963264227 2.135588646
0.953824818 0.014492690 -0.300013751 -0.677153707 -0.017446419 0.999822080 -0.007168707 -0.036437489 0.299856544 0.012071856 0.953907907 2.316197395
0.942543983 0.016326899 -0.333682835 -0.776329875 -0.019475518 0.999791861 -0.006092712 -0.036545031 0.333513886 0.012241296 0.942665637 2.504206181
0.930027604 0.018397044 -0.367029160 -0.878977299 -0.021905588 0.999745488 -0.005395859 -0.042013522 0.366836488 0.013058286 0.930193722 2.682849646
0.916183889 0.021261415 -0.400193751 -1.002759576 -0.025312223 0.999667883 -0.004838402 -0.041342456 0.399957985 0.014562660 0.916417718 2.867501497
0.900095105 0.022068597 -0.435134351 -1.116051078 -0.026483689 0.999640882 -0.004084166 -0.043936156 0.434887946 0.015200101 0.900356233 3.038995743
0.881705940 0.017954331 -0.471457779 -1.240337133 -0.022768974 0.999730527 -0.004509510 -0.046810098 0.471249789 0.014710670 0.881877184 3.215147972
0.860548377 0.013536663 -0.509189069 -1.376172781 -0.018447550 0.999819219 -0.004597091 -0.052895021 0.509034872 0.013349309 0.860642374 3.388411045
0.835509837 0.015133001 -0.549267113 -1.537493229 -0.019072704 0.999816954 -0.001465949 -0.055398818 0.549144447 0.011700825 0.835645616 3.568861723
0.806353092 0.020734459 -0.591070771 -1.715822577 -0.023695230 0.999715507 0.002743893 -0.062633291 0.590959549 0.011793012 0.806614995 3.734670162
0.773758471 0.023874763 -0.633030653 -1.916424155 -0.027096795 0.999622285 0.004580145 -0.065221265 0.632900953 0.013609177 0.774113178 3.908724070
0.737984598 0.023013549 -0.674424887 -2.128987551 -0.026190588 0.999642074 0.005452127 -0.068005607 0.674308896 0.013639998 0.738323331 4.074965000
0.697933376 0.018589761 -0.715921223 -2.346619129 -0.020078486 0.999777913 0.006386440 -0.064932488 0.715881050 0.009917306 0.698151767 4.244057178
0.655013859 0.014929220 -0.755469203 -2.584523201 -0.014686284 0.999867499 0.007025457 -0.064347208 0.755473971 0.006493266 0.655146480 4.407772064
0.611369789 0.014504367 -0.791212201 -2.851063251 -0.012067433 0.999886632 0.009005247 -0.064217523 0.791253090 0.004042367 0.611475289 4.541348934
0.563073039 0.015152533 -0.826268196 -3.128330708 -0.009622267 0.999884307 0.011779154 -0.061996169 0.826351225 0.001318050 0.563153744 4.679959297
0.511939883 0.015519920 -0.858881116 -3.424266338 -0.007773940 0.999879539 0.013434063 -0.055422977 0.858986199 -0.000200542 0.511998773 4.806770325
0.459762663 0.016832611 -0.887882292 -3.729503632 -0.007438737 0.999858201 0.015103548 -0.045799978 0.888010681 -0.000339325 0.459822655 4.903021812
0.405048043 0.019007029 -0.914097786 -4.063281059 -0.006033665 0.999817729 0.018115830 -0.043578774 0.914275467 -0.001822421 0.405088902 5.001368523
0.349507868 0.020925010 -0.936699688 -4.417141914 -0.005717839 0.999779642 0.020200675 -0.036313809 0.936915994 -0.001704397 0.349550515 5.087984562
0.294092715 0.024144664 -0.955471814 -4.794196129 -0.003146924 0.999699950 0.024293682 -0.031902865 0.955771744 -0.004137798 0.294080377 5.162481785
0.240544409 0.025656866 -0.970298946 -5.136316299 0.002092159 0.999634564 0.026951231 -0.033330455 0.970635891 -0.008512986 0.240402803 5.216953278
0.189657077 0.026069099 -0.981504261 -5.524586678 0.004190481 0.999616861 0.027359910 -0.027672246 0.981841445 -0.009301974 0.189475194 5.251363754
0.142042547 0.027215732 -0.989486277 -5.937350750 0.001783328 0.999613345 0.027750274 -0.021336913 0.989858866 -0.005706300 0.141939074 5.271074772
0.099762276 0.027689071 -0.994625986 -6.361104012 0.000087128 0.999612510 0.027836634 -0.013338372 0.995011210 -0.002863707 0.099721193 5.270606995
0.061888322 0.026050270 -0.997743130 -6.803352356 -0.001143831 0.999660432 0.026029387 -0.003876999 0.998082459 -0.000469664 0.061897114 5.261219025
0.027594034 0.023175586 -0.999350488 -7.267636776 0.000108704 0.999731123 0.023187410 0.004519045 0.999619246 -0.000748468 0.027584093 5.255630016
-0.003563484 0.020577149 -0.999781907 -7.742462158 0.000358033 0.999788225 0.020576008 0.008772701 0.999993622 -0.000284633 -0.003570097 5.226282597
-0.030323451 0.018682949 -0.999365449 -8.234305382 -0.000077751 0.999825180 0.018693905 0.015830398 0.999540210 0.000644566 -0.030316707 5.188626289
-0.050771680 0.016229393 -0.998578429 -8.740688324 -0.000855254 0.999866903 0.016293824 0.026005059 0.998710036 0.001681303 -0.050751045 5.139821529
-0.067561716 0.015339290 -0.997597098 -9.260339737 0.000114982 0.999881864 0.015366632 0.037479140 0.997715116 0.000923490 -0.067555495 5.103302956
-0.080549881 0.015601784 -0.996628344 -9.798102379 0.000493318 0.999877989 0.015612784 0.046600319 0.996750414 0.000765953 -0.080547750 5.048549175
-0.090049684 0.017100645 -0.995790422 -10.353895187 0.000454473 0.999853194 0.017129317 0.048953727 0.995937169 0.001089930 -0.090044230 4.989256859
-0.097058147 0.018237446 -0.995111644 -10.928466797 -0.001150413 0.999829531 0.018436112 0.048775256 0.995278060 0.002934165 -0.097020611 4.926671028
-0.101566508 0.019241894 -0.994642675 -11.520045280 -0.000967865 0.999810636 0.019440701 0.055305243 0.994828343 0.002937204 -0.101528645 4.859453678
-0.102922730 0.019916872 -0.994489968 -12.127137184 0.001050144 0.999801159 0.019914553 0.066556588 0.994688809 0.001005303 -0.102923192 4.793308258
-0.102160223 0.022297578 -0.994518101 -12.742891312 0.003063037 0.999751151 0.022100259 0.069236606 0.994763315 -0.000788478 -0.102203101 4.736489773
-0.100372419 0.024658266 -0.994644284 -13.403673172 0.002279834 0.999695897 0.024553433 0.080359340 0.994947374 0.000196863 -0.100398116 4.664019108
-0.098763943 0.024693824 -0.994804442 -14.057272911 -0.000009048 0.999692023 0.024816044 0.086574048 0.995110869 0.002459931 -0.098733298 4.594665051
-0.097125061 0.022286981 -0.995022655 -14.722002029 -0.001264439 0.999745667 0.022516195 0.097255901 0.995271444 0.003445033 -0.097072169 4.526841164
-0.095798194 0.021862362 -0.995160580 -15.402255058 -0.002013189 0.999752462 0.022157036 0.109569356 0.995398760 0.004126051 -0.095730469 4.455995083
-0.094006017 0.024576671 -0.995268226 -16.097354889 -0.001894626 0.999688983 0.024864789 0.121767551 0.995569766 0.004223100 -0.093930230 4.387858868
-0.092044048 0.028219217 -0.995355010 -16.817964554 -0.003097117 0.999585450 0.028625553 0.131138027 0.995750070 0.005717543 -0.091918491 4.315477371
-0.090460129 0.030105343 -0.995444953 -17.547378540 -0.002834095 0.999531209 0.030486468 0.144410908 0.995896101 0.005578995 -0.090332404 4.248390675
-0.088591255 0.029256992 -0.995638311 -18.288087845 -0.004756385 0.999544680 0.029795006 0.159995794 0.996056676 0.007375216 -0.088411756 4.171832085
-0.086797893 0.026643146 -0.995869577 -19.040693283 -0.007336162 0.999598086 0.027382301 0.168664902 0.996198893 0.009682586 -0.086567551 4.099127769
-0.085200801 0.026110072 -0.996021569 -19.814266205 -0.008241141 0.999603927 0.026908934 0.183939427 0.996329606 0.010501017 -0.084951878 4.025456429
-0.083694078 0.027957708 -0.996099174 -20.598911285 -0.005909716 0.999574780 0.028551802 0.204142004 0.996473908 0.008276281 -0.083493277 3.957078934
-0.082626730 0.030365853 -0.996117830 -21.396577835 -0.003712515 0.999519408 0.030777493 0.212488949 0.996573567 0.006241146 -0.082474284 3.891709328
-0.081005305 0.032113314 -0.996196151 -22.182117462 -0.002923072 0.999468803 0.032456495 0.227053642 0.996709347 0.005541102 -0.080868401 3.814682007
-0.080547541 0.027479691 -0.996371865 -22.977178574 -0.003149122 0.999607742 0.027823515 0.235096723 0.996745765 0.005378813 -0.080429442 3.758693218
-0.080105036 0.020726534 -0.996570826 -23.785388947 -0.001854042 0.999778926 0.020942282 0.242839396 0.996784747 0.003525266 -0.080048904 3.690126419
-0.080540605 0.016028918 -0.996622324 -24.606945038 0.001543959 0.999871552 0.015956398 0.255344629 0.996750116 -0.000253606 -0.080555014 3.628254414
-0.081112809 0.016717799 -0.996564686 -25.443754196 0.002605819 0.999859512 0.016560975 0.264420033 0.996701539 -0.001253559 -0.081144966 3.556529522
-0.081093282 0.024332996 -0.996409357 -26.286916733 0.001748989 0.999703884 0.024271104 0.267907053 0.996704996 0.000225515 -0.081111833 3.480900049
-0.081378952 0.031305071 -0.996191382 -27.120607376 0.000189393 0.999507070 0.031393789 0.278327346 0.996683180 0.002366123 -0.081344761 3.413802862
-0.082059152 0.036785111 -0.995948315 -27.966642380 -0.001730109 0.999311805 0.037051890 0.289472461 0.996625900 0.004763546 -0.081939042 3.341419458
-0.082097732 0.037309222 -0.995925665 -28.806509018 -0.003509925 0.999282062 0.037724297 0.298075914 0.996618032 0.006592703 -0.081907831 3.259232759
-0.082414187 0.033470646 -0.996035874 -29.640666962 -0.003477210 0.999420226 0.033872075 0.316812158 0.996592104 0.006254965 -0.082250029 3.186285019
-0.082434304 0.030464126 -0.996130645 -30.478475571 -0.003790439 0.999515891 0.030881327 0.335621834 0.996589243 0.006321453 -0.082278922 3.103640318
-0.082539044 0.031959128 -0.996075213 -31.317638397 -0.005291533 0.999457479 0.032506127 0.350103676 0.996573806 0.007953789 -0.082325168 3.026995897
-0.082749046 0.034482367 -0.995973706 -32.161403656 -0.006130976 0.999364674 0.035109147 0.359336495 0.996551573 0.009011540 -0.082485057 2.956229448
-0.082375780 0.032934446 -0.996056974 -32.987998962 -0.007347557 0.999406576 0.033652853 0.367235959 0.996574283 0.010090765 -0.082084909 2.877333641
-0.082112968 0.027511830 -0.996243238 -33.813423157 -0.007985081 0.999568641 0.028261807 0.380740166 0.996591091 0.010275742 -0.081857875 2.806753159
-0.081838854 0.023378599 -0.996371329 -34.648700714 -0.009448777 0.999661684 0.024231896 0.393264890 0.996600807 0.011397603 -0.081590272 2.728481293
-0.081160136 0.024342570 -0.996403754 -35.474693298 -0.009279497 0.999639869 0.025177477 0.397770226 0.996657848 0.011289533 -0.080905035 2.657037735
-0.080611899 0.026841490 -0.996384203 -36.303760529 -0.008054476 0.999587119 0.027579423 0.404194534 0.996713102 0.010248579 -0.080362432 2.587951660
-0.080048338 0.031780049 -0.996284306 -37.151756287 -0.007807725 0.999440968 0.032508079 0.415470064 0.996760488 0.010380929 -0.079755478 2.510485888
-0.079581156 0.037176844 -0.996134877 -37.992259979 -0.007158655 0.999257207 0.037865274 0.435084343 0.996802688 0.010144349 -0.079255901 2.442015171
-0.079496816 0.040505722 -0.996011972 -38.823986053 -0.007736046 0.999118924 0.041249540 0.445660233 0.996805072 0.010984400 -0.079113424 2.366576910
-0.079298459 0.040446337 -0.996030033 -39.656147003 -0.007135915 0.999127924 0.041140251 0.465813875 0.996825337 0.010369944 -0.078940682 2.297361135
-0.079029672 0.036041647 -0.996220589 -40.478897095 -0.007573021 0.999295592 0.036753669 0.483178020 0.996843576 0.010449028 -0.078701064 2.226927042
-0.078632131 0.031644687 -0.996401429 -41.308052063 -0.008062127 0.999443173 0.032377526 0.500170887 0.996871114 0.010579026 -0.078333206 2.149972916
-0.078296222 0.029195447 -0.996502638 -42.141075134 -0.012512580 0.999463558 0.030265328 0.509547770 0.996851683 0.014838477 -0.077888906 2.065808058
-0.078778937 0.027192857 -0.996521175 -42.958797455 -0.015309540 0.999477029 0.028483799 0.523002863 0.996774495 0.017500203 -0.078321427 1.991199970
-0.079539001 0.025440285 -0.996507049 -43.778087616 -0.013958667 0.999547780 0.026632061 0.524856448 0.996733963 0.016028201 -0.079147935 1.933117151
-0.080793768 0.021689085 -0.996494889 -44.606987000 -0.010392534 0.999690473 0.022601245 0.533905625 0.996676564 0.012182148 -0.080543362 1.869519711
-0.081159748 0.020191869 -0.996496439 -45.429302216 -0.006040393 0.999766350 0.020750087 0.542751074 0.996682882 0.007703301 -0.081018820 1.794519186
-0.083457194 0.023442829 -0.996235490 -46.252899170 -0.005848492 0.999694467 0.024014162 0.550191104 0.996494174 0.007830633 -0.083294585 1.725540161
-0.085195810 0.030327395 -0.995902538 -47.069393158 -0.003570520 0.999520838 0.030743025 0.547131181 0.996357918 0.006175068 -0.085046716 1.651752949
-0.086709335 0.034095623 -0.995650053 -47.862525940 -0.001625783 0.999408007 0.034365904 0.556104898 0.996232331 0.004598555 -0.086602591 1.583677769
-0.088026918 0.033136442 -0.995566785 -48.671829224 -0.001567020 0.999440730 0.033403926 0.566840410 0.996116817 0.004500519 -0.087925769 1.504997253
-0.089441963 0.028994437 -0.995569885 -49.468776703 -0.005016806 0.999550343 0.029561063 0.578630924 0.995979369 0.007638582 -0.089256279 1.428134918
-0.090382002 0.025497383 -0.995580733 -50.255718231 -0.009926007 0.999599516 0.026501413 0.583335340 0.995857716 0.012277391 -0.090092726 1.339252472
-0.092140652 0.024508253 -0.995444357 -51.042350769 -0.013881566 0.999568343 0.025894688 0.588236153 0.995649278 0.016204283 -0.091760658 1.257610321
-0.092817083 0.025307393 -0.995361507 -51.839138031 -0.015652241 0.999516249 0.026872596 0.597310066 0.995560110 0.018073874 -0.092376083 1.177065372
-0.093786158 0.026832564 -0.995230615 -52.626449585 -0.015655492 0.999473333 0.028422251 0.604418755 0.995469153 0.018246442 -0.093316711 1.098017216
-0.094739854 0.026319375 -0.995154083 -53.409870148 -0.017363543 0.999454618 0.028086144 0.611208797 0.995350599 0.019940276 -0.094231196 1.016335964
-0.095191106 0.026183804 -0.995114625 -54.187957764 -0.018025957 0.999444723 0.028022075 0.618947029 0.995295703 0.020605344 -0.094666272 0.933849812
-0.095899247 0.028058706 -0.994995534 -54.962524414 -0.016489090 0.999420822 0.029772742 0.626047969 0.995254517 0.019261759 -0.095381029 0.858938694
-0.096063115 0.030768532 -0.994899571 -55.734832764 -0.015811929 0.999348938 0.032432862 0.638132572 0.995249748 0.018846886 -0.095514037 0.781480312
-0.096345834 0.035139076 -0.994727433 -56.513656616 -0.015462190 0.999203205 0.036794797 0.647915602 0.995227814 0.018925695 -0.095725745 0.701657295
-0.096891582 0.037236534 -0.994598091 -57.274562836 -0.015801501 0.999116421 0.038945042 0.661002398 0.995169580 0.019489588 -0.096217588 0.625154018
-0.097687274 0.037118308 -0.994524598 -58.027988434 -0.015301872 0.999130130 0.038793217 0.672880054 0.995099545 0.019007696 -0.097034313 0.550210953
-0.097958736 0.035467271 -0.994558215 -58.767829895 -0.014865591 0.999201179 0.037097026 0.678951740 0.995079517 0.018418677 -0.097353250 0.475549698
-0.097959802 0.031515189 -0.994691193 -59.497409821 -0.014042777 0.999355197 0.033045925 0.697098374 0.995091319 0.017205400 -0.097454086 0.397572041
-0.097734302 0.028674388 -0.994799316 -60.229042053 -0.014800379 0.999432445 0.030262001 0.705148578 0.995102644 0.017681042 -0.097254410 0.317359924
-0.096655920 0.026326934 -0.994969547 -60.935367584 -0.015226408 0.999494076 0.027925815 0.714751780 0.995201409 0.017849011 -0.096206136 0.247465611
-0.094165862 0.025639918 -0.995226324 -61.630039215 -0.018245669 0.999455988 0.027475245 0.717042029 0.995389342 0.020745803 -0.093646809 0.172790051
-0.089501590 0.026326304 -0.995638609 -62.324325562 -0.017917253 0.999446273 0.028037630 0.725980163 0.995825589 0.020348521 -0.088980325 0.099655628
-0.084063098 0.028267516 -0.996059418 -62.976406097 -0.017826822 0.999394953 0.029866682 0.724985361 0.996300936 0.020267261 -0.083508313 0.050240517
-0.077141196 0.029933836 -0.996570766 -63.614067078 -0.016714897 0.999369919 0.031311762 0.730212688 0.996880054 0.019073004 -0.076592252 0.009862900
-0.068188936 0.031043930 -0.997189283 -64.251663208 -0.017958883 0.999315619 0.032338172 0.736510038 0.997510731 0.020113517 -0.067584753 -0.035526752
-0.056249518 0.032906819 -0.997874320 -64.877426147 -0.019910350 0.999221027 0.034073565 0.743251920 0.998218119 0.021784648 -0.055550519 -0.076725960
-0.041344780 0.034373462 -0.998553514 -65.480331421 -0.022865137 0.999113798 0.035339475 0.751051903 0.998883247 0.024293162 -0.040522177 -0.102397680
-0.023207691 0.035760671 -0.999090910 -66.074768066 -0.024179310 0.999047637 0.036320783 0.758046627 0.999438226 0.025000248 -0.022320926 -0.108282447
-0.001230612 0.036270432 -0.999341309 -66.638298035 -0.025299590 0.999020994 0.036289960 0.772614956 0.999679148 0.025327580 -0.000311792 -0.093107127
0.024683040 0.036656462 -0.999023020 -67.150573730 -0.025119336 0.999034762 0.036036268 0.778571963 0.999379635 0.024205312 0.025580000 -0.072408915
0.054199152 0.036064517 -0.997878611 -67.676033020 -0.023745202 0.999111533 0.034819365 0.787613630 0.998247802 0.021807646 0.055007346 -0.027984858
0.088458084 0.035724659 -0.995438993 -68.180068970 -0.022407398 0.999175072 0.033867542 0.797089577 0.995827913 0.019309338 0.089185618 0.038124084
0.125820592 0.035838533 -0.991405487 -68.653274536 -0.022047620 0.999201477 0.033322256 0.805853605 0.991807997 0.017665504 0.126510277 0.127201080
0.167129084 0.035969276 -0.985278606 -69.102684021 -0.021936150 0.999222577 0.032757379 0.803672671 0.985690951 0.016138511 0.167788178 0.217826843
0.212249324 0.037025131 -0.976513803 -69.527069092 -0.021499377 0.999217033 0.033212952 0.810505986 0.976979077 0.013945008 0.212879181 0.330482483
0.260203451 0.035382528 -0.964905322 -69.962158203 -0.017581444 0.999336302 0.031903949 0.809890151 0.965393722 0.008662914 0.260652840 0.492485046
0.310345471 0.030771669 -0.950125515 -70.356300354 -0.010032879 0.999526322 0.029094499 0.803990006 0.950570881 0.000503150 0.310507208 0.662891388
0.361948848 0.026152611 -0.931831002 -70.718933105 -0.005391688 0.999648333 0.025961680 0.797205508 0.932182372 -0.004372658 0.361962616 0.836471558
0.414113253 0.021564150 -0.909969866 -71.101776123 -0.000552303 0.999725044 0.023439791 0.803585947 0.910225272 -0.009204149 0.414011270 1.054449081
0.465448052 0.020501208 -0.884837747 -71.482505798 -0.000844722 0.999741554 0.022719115 0.819133103 0.885074854 -0.009827127 0.465344995 1.290197372
0.513399303 0.019589486 -0.857926190 -71.847106934 0.000959101 0.999725699 0.023401210 0.818339765 0.858149230 -0.012837003 0.513239741 1.549451828
0.558114707 0.014744474 -0.829632819 -72.201171875 0.008935837 0.999677360 0.023777915 0.830870688 0.829715729 -0.020684265 0.557802856 1.844055176
0.602023005 0.008354183 -0.798435032 -72.522300720 0.019334696 0.999499559 0.025036393 0.828415692 0.798244536 -0.030509984 0.601560295 2.146930695
0.644420087 0.003138806 -0.764665186 -72.842468262 0.020760542 0.999551177 0.021598866 0.832140446 0.764389753 -0.029793605 0.644065619 2.462818146
0.686891139 -0.000345642 -0.726760209 -73.116920471 0.017041437 0.999732554 0.015631102 0.818714738 0.726560473 -0.023121903 0.686713398 2.740833282
0.727641821 -0.007382302 -0.685917437 -73.401138306 0.013959035 0.999894321 0.004046635 0.823609352 0.685815215 -0.012519244 0.727668107 3.080410004
0.766620815 -0.009874888 -0.642024040 -73.671401978 0.009385633 0.999947190 -0.004172970 0.826245964 0.642031491 -0.002826716 0.766673088 3.451145172
0.803542137 -0.010661868 -0.595152259 -73.924049377 0.007585900 0.999941766 -0.007671404 0.827724695 0.595199406 0.001649535 0.803576350 3.843864441
0.837344885 -0.011148998 -0.546561122 -74.160240173 0.007865701 0.999934077 -0.008346655 0.808510661 0.546618223 0.002689947 0.837377667 4.267478943
0.867924154 -0.009758920 -0.496600837 -74.403686523 0.004862101 0.999925971 -0.011152346 0.806626618 0.496673048 0.007264866 0.867907345 4.717668533
0.893695951 -0.008374031 -0.448594868 -74.611167908 0.004439590 0.999941826 -0.009821560 0.794905841 0.448651135 0.006785910 0.893681288 5.196187973
0.914558053 -0.002423438 -0.404447317 -74.800941467 -0.001314655 0.999958992 -0.008964499 0.785132527 0.404452503 0.008730264 0.914517403 5.692384720
0.931947827 0.001936809 -0.362586975 -74.987083435 -0.006145831 0.999926388 -0.010455222 0.776983261 0.362540126 0.011972123 0.931891263 6.205987930
0.945235372 0.007124356 -0.326311827 -75.160049438 -0.010703651 0.999900520 -0.009174732 0.768466353 0.326214135 0.012165008 0.945217669 6.745630264
0.955179751 0.007722120 -0.295925617 -75.325477600 -0.010394217 0.999918163 -0.007457482 0.759506404 0.295843869 0.010199149 0.955181837 7.291070938
0.962391794 0.006943055 -0.271576554 -75.473190308 -0.008931474 0.999941587 -0.006086417 0.749561906 0.271518439 0.008283097 0.962397575 7.872877121
0.968113959 0.007262718 -0.250404596 -75.614730835 -0.008507216 0.999956310 -0.003887930 0.738357186 0.250365406 0.005894207 0.968133450 8.470077515
0.972698390 0.010061453 -0.231854677 -75.764427185 -0.010653161 0.999942362 -0.001300133 0.729575634 0.231828272 0.003734622 0.972749472 9.093339920
0.976200104 0.014975996 -0.216353834 -75.909751892 -0.015330046 0.999882460 0.000041790 0.727490723 0.216329038 0.003275917 0.976314962 9.726578712
0.978893220 0.018209603 -0.203559443 -76.034767151 -0.018306712 0.999831378 0.001406044 0.717196524 0.203550726 0.002350136 0.979061544 10.367527008
0.981571019 0.016886340 -0.190349922 -76.167922974 -0.016928319 0.999855697 0.001405611 0.704063952 0.190346196 0.001842597 0.981715262 11.041958809
0.984115124 0.016821111 -0.176732555 -76.282287598 -0.016897915 0.999856532 0.001070581 0.696891546 0.176725209 0.001932837 0.984258354 11.721692085
0.986671329 0.017014746 -0.161833182 -76.395332336 -0.016989568 0.999854445 0.001539544 0.694597721 0.161835805 0.001230451 0.986817062 12.418502808
0.988842309 0.018322976 -0.147834867 -76.496452332 -0.018225718 0.999831796 0.002012645 0.689103484 0.147846878 0.000704208 0.989010096 13.124738693
0.990661323 0.018983845 -0.135017097 -76.604499817 -0.019217968 0.999815166 -0.000430780 0.675466120 0.134983972 0.003021511 0.990843236 13.859012604
0.992066860 0.019562282 -0.124179542 -76.697982788 -0.020431433 0.999774814 -0.005729385 0.657590389 0.124039531 0.008221100 0.992243230 14.595045090
0.993283570 0.017764125 -0.114334121 -76.783859253 -0.019244350 0.999744594 -0.011855668 0.648213744 0.114094332 0.013976324 0.993371606 15.335213661
0.994189858 0.017517468 -0.106206283 -76.864601135 -0.018926848 0.999745488 -0.012276801 0.639497280 0.105964184 0.014215620 0.994268358 16.091411591
0.994887352 0.019227676 -0.099143401 -76.948326111 -0.019912483 0.999784172 -0.005922271 0.623743117 0.099008135 0.007866182 0.995055497 16.861862183
0.995259941 0.024184041 -0.094195604 -77.023857117 -0.024106286 0.999707460 0.001963428 0.604871869 0.094215542 0.000316585 0.995551765 17.632707596
0.995658636 0.024964577 -0.089668743 -77.115676880 -0.024555070 0.999682546 0.005667209 0.593660176 0.089781739 -0.003440782 0.995955646 18.422952652
0.995985448 0.023914171 -0.086261094 -77.181533813 -0.023601724 0.999710798 0.004640273 0.582550406 0.086347103 -0.002585733 0.996261716 19.191951752
0.996245384 0.024012340 -0.083177581 -77.247352600 -0.023793953 0.999710381 0.003615972 0.572009742 0.083240293 -0.001623271 0.996528268 19.958372116
0.996545196 0.022994634 -0.079805627 -77.318389893 -0.022597732 0.999727368 0.005873104 0.563932657 0.079918914 -0.004049387 0.996793091 20.733325958
0.996788085 0.020608606 -0.077386148 -77.385894775 -0.020002214 0.999762952 0.008602919 0.550392628 0.077545099 -0.007027393 0.996964097 21.515867233
0.997031391 0.017753797 -0.074920803 -77.432662964 -0.017052673 0.999804735 0.009987578 0.547326803 0.075083494 -0.008680327 0.997139454 22.273946762
0.997262299 0.017103486 -0.071939394 -77.491157532 -0.016699731 0.999841213 0.006210234 0.538099051 0.072034188 -0.004991866 0.997389674 23.032165527
0.997304142 0.020181695 -0.070549749 -77.545783997 -0.020276723 0.999794245 -0.000631014 0.522575498 0.070522495 0.002059828 0.997508049 23.783048630
0.997421324 0.021136940 -0.068585843 -77.605323792 -0.021755101 0.999729156 -0.008278536 0.507763088 0.068392277 0.009749278 0.997610867 24.531488419
0.997464776 0.021850577 -0.067724563 -77.657699585 -0.022734830 0.999665618 -0.012313368 0.490665704 0.067432866 0.013821855 0.997628033 25.286289215
0.997584343 0.023509137 -0.065365806 -77.715805054 -0.024272745 0.999645829 -0.010912487 0.472103119 0.065086119 0.012472735 0.997801661 26.046621323
0.997628391 0.026970949 -0.063325778 -77.773582458 -0.027439365 0.999602079 -0.006538782 0.446948647 0.063124239 0.008260895 0.997971475 26.815731049
0.997708797 0.029731108 -0.060771994 -77.828430176 -0.029869368 0.999552906 -0.001367690 0.430860400 0.060704142 0.003179777 0.998150706 27.555130005
0.997929692 0.027474754 -0.058150247 -77.875961304 -0.027507653 0.999621630 0.000234788 0.419332176 0.058134701 0.001365275 0.998307765 28.315292358
0.998104990 0.024818394 -0.056306962 -77.930397034 -0.024824794 0.999691606 0.000585905 0.400539160 0.056304134 0.000813014 0.998413265 29.079929352
0.998207271 0.022703575 -0.055379152 -77.969459534 -0.022701319 0.999742091 0.000669825 0.385305047 0.055380076 0.000588556 0.998465180 29.831825256
0.998253226 0.022439694 -0.054652225 -78.012329102 -0.022543026 0.999745071 -0.001274790 0.371091515 0.054609690 0.002504590 0.998504639 30.579689026
0.998344064 0.020285742 -0.053827945 -78.054183960 -0.020454433 0.999787450 -0.002584741 0.360001981 0.053764068 0.003681482 0.998546958 31.336761475
0.998396397 0.018979985 -0.053332135 -78.094589233 -0.019142173 0.999813616 -0.002531907 0.347259849 0.053274136 0.003548740 0.998573601 32.095882416
0.998377919 0.022912223 -0.052120786 -78.152488708 -0.023031401 0.999733329 -0.001686916 0.335533977 0.052068241 0.002884595 0.998639345 32.876411438
0.998375714 0.022658026 -0.052273832 -78.191322327 -0.022812713 0.999736965 -0.002364313 0.323272526 0.052206501 0.003552980 0.998629987 33.651363373
0.998293042 0.022121133 -0.054052807 -78.233749390 -0.022281110 0.999749005 -0.002358709 0.308884978 0.053987063 0.003559040 0.998535335 34.427780151
0.998252511 0.019672221 -0.055721343 -78.285789490 -0.019804604 0.999802232 -0.001824541 0.296465784 0.055674426 0.002924892 0.998444676 35.214870453
0.998048127 0.021618392 -0.058588073 -78.347518921 -0.021768214 0.999761164 -0.001920156 0.285106450 0.058532558 0.003191766 0.998280346 36.018154144
0.997768998 0.025428632 -0.061728183 -78.396430969 -0.025598867 0.999670327 -0.001968357 0.264677197 0.061657798 0.003544137 0.998091042 36.792659760
0.997594237 0.025786508 -0.064350240 -78.458618164 -0.026279580 0.999631226 -0.006827539 0.250327200 0.064150445 0.008502211 0.997904003 37.589778900
0.997422695 0.026244188 -0.066776648 -78.522148132 -0.027003903 0.999580145 -0.010499740 0.240535229 0.066473037 0.012275910 0.997712672 38.381797791
0.997304916 0.026457699 -0.068432413 -78.591445923 -0.027349073 0.999552429 -0.012121555 0.226554871 0.068081081 0.013960448 0.997582078 39.176353455
0.997177958 0.026746137 -0.070147395 -78.663085938 -0.027559748 0.999563277 -0.010656400 0.206973523 0.069831736 0.012559572 0.997479677 39.996273041
0.997039735 0.025167430 -0.072652780 -78.720474243 -0.025972219 0.999611020 -0.010153620 0.189862013 0.072368987 0.012010515 0.997305572 40.820716858
0.996914625 0.024676677 -0.074513435 -78.783256531 -0.025347268 0.999646127 -0.008067248 0.169193000 0.074288003 0.009931070 0.997187376 41.647842407
0.996890247 0.024231700 -0.074982747 -78.861068726 -0.024647031 0.999685526 -0.004618515 0.157455191 0.074847251 0.006452254 0.997174144 42.472309113
0.996799946 0.024179775 -0.076191656 -78.928672791 -0.024245128 0.999706030 0.000067290 0.143539473 0.076170869 0.001780201 0.997093141 43.351760864
0.996875107 0.023812003 -0.075319424 -78.997070312 -0.023706339 0.999716341 0.002296719 0.128879130 0.075352736 -0.000503994 0.997156799 44.204574585
0.996941686 0.027153285 -0.073279962 -79.067451477 -0.027054954 0.999631166 0.002334348 0.116233036 0.073316306 -0.000344623 0.997308731 45.057861328
0.997074187 0.026589895 -0.071665280 -79.133964539 -0.026569977 0.999646187 0.001231428 0.106552728 0.071672685 0.000676320 0.997427940 45.925315857
0.997237206 0.024334157 -0.070183858 -79.194099426 -0.024473947 0.999699831 -0.001132406 0.093817621 0.070135228 0.002846953 0.997533381 46.784267426
0.997421384 0.020153495 -0.068878464 -79.247497559 -0.020386657 0.999788523 -0.002683746 0.079252422 0.068809830 0.004081028 0.997621357 47.656402588
0.997604489 0.019108439 -0.066485025 -79.316253662 -0.019348608 0.999808311 -0.002970289 0.066999137 0.066415533 0.004249566 0.997783005 48.531337738
0.997704566 0.016812304 -0.065597922 -79.374290466 -0.016869429 0.999857545 -0.000316999 0.050453961 0.065583259 0.001422870 0.997846067 49.406536102
0.997821331 0.014344225 -0.064397857 -79.436286926 -0.014251629 0.999896586 0.001897018 0.040652238 0.064418435 -0.000975111 0.997922540 50.283638000
0.997857392 0.014047048 -0.063902013 -79.490478516 -0.013920578 0.999900103 0.002423892 0.021025956 0.063929684 -0.001529146 0.997953355 51.160327911
0.997919381 0.015843172 -0.062496722 -79.551895142 -0.015933963 0.999872565 -0.000954626 0.005952138 0.062473636 0.001948460 0.998044670 52.031349182
0.997937918 0.018212322 -0.061547477 -79.617523193 -0.018637598 0.999806166 -0.006342643 -0.016406000 0.061420023 0.007476660 0.998083949 52.889022827
0.997956812 0.020114554 -0.060642842 -79.674835205 -0.020866396 0.999712706 -0.011790119 -0.036302924 0.060388267 0.013031428 0.998089910 53.747669220
0.997908056 0.025094308 -0.059580922 -79.742179871 -0.026199875 0.999497294 -0.017847475 -0.057715178 0.059103113 0.019371150 0.998063922 54.598186493
0.997981250 0.024896190 -0.058426142 -79.800529480 -0.026011465 0.999492109 -0.018406305 -0.088833809 0.057938226 0.019888895 0.998121977 55.452037811
0.998039603 0.021388572 -0.058817495 -79.846534729 -0.022166403 0.999674857 -0.012603903 -0.107015789 0.058528796 0.013882966 0.998189092 56.296791077
0.998000920 0.021214353 -0.059533324 -79.900863647 -0.021473415 0.999762595 -0.003715117 -0.129562616 0.059440382 0.004986076 0.998219371 57.155136108
0.997968495 0.019995049 -0.060489144 -79.959373474 -0.019764565 0.999795020 0.004406240 -0.154627889 0.060564846 -0.003201747 0.998159111 58.007804871
0.997880042 0.017338367 -0.062729001 -80.016624451 -0.017257459 0.999849498 0.001831369 -0.165764168 0.062751301 -0.000744942 0.998028874 58.839336395
0.997824132 0.013102158 -0.064616665 -80.070709229 -0.013227827 0.999911427 -0.001517393 -0.184309065 0.064591072 0.002368829 0.997908950 59.681427002
0.997675121 0.011431156 -0.067183435 -80.131088257 -0.011645695 0.999928236 -0.002802538 -0.205590039 0.067146569 0.003578420 0.997736692 60.498111725
0.997463465 0.013411031 -0.069905356 -80.195335388 -0.013813755 0.999890625 -0.005280731 -0.222547114 0.069826894 0.006232992 0.997539639 61.321228027
0.997210443 0.014930360 -0.073132016 -80.266685486 -0.015587355 0.999843001 -0.008421202 -0.246767879 0.072994806 0.009537647 0.997286737 62.134906769
0.996907890 0.016061239 -0.076919101 -80.339569092 -0.017014841 0.999786079 -0.011758146 -0.265401602 0.076713808 0.013030557 0.996967971 62.952915192
0.996626854 0.018018575 -0.080064096 -80.409484863 -0.019309504 0.999695182 -0.015378744 -0.294792056 0.079762593 0.016872868 0.996671021 63.749347687
0.996280134 0.022441935 -0.083200060 -80.502235413 -0.023816917 0.999595046 -0.015570584 -0.319755018 0.082816936 0.017494235 0.996411204 64.555107117
0.995892704 0.025946779 -0.086744010 -80.583030701 -0.027249550 0.999532402 -0.013868114 -0.340492547 0.086343616 0.016174888 0.996134102 65.358963013
0.995493293 0.028906155 -0.090318695 -80.670364380 -0.029716723 0.999529064 -0.007642457 -0.365079343 0.090055250 0.010291994 0.995883524 66.160522461
0.995106041 0.029409053 -0.094334751 -80.755500793 -0.029722555 0.999556363 -0.001919611 -0.386075675 0.094236434 0.004714087 0.995538652 66.976440430
0.994640589 0.028703459 -0.099328056 -80.837570190 -0.028691411 0.999587119 0.001549979 -0.401648313 0.099331528 0.001308190 0.995053530 67.763328552
0.993984640 0.028123822 -0.105846368 -80.927207947 -0.027990904 0.999604523 0.002741353 -0.414686531 0.105881602 0.000237873 0.994378746 68.553779602
0.993464530 0.025752001 -0.111198485 -81.023315430 -0.025195995 0.999662042 0.006402688 -0.426575035 0.111325786 -0.003559086 0.993777573 69.332878113
0.992648005 0.026862295 -0.118018076 -81.116065979 -0.026333643 0.999634922 0.006036780 -0.437469244 0.118137151 -0.002884550 0.992993176 70.115280151
0.991790116 0.031685345 -0.123888783 -81.226821899 -0.031281371 0.999497056 0.005205126 -0.448451251 0.123991393 -0.001286981 0.992282450 70.886543274
0.991012692 0.033954125 -0.129387259 -81.345512390 -0.034002129 0.999420047 0.001838599 -0.461229593 0.129374653 0.002577367 0.991592407 71.648429871
0.990211189 0.032489277 -0.135743424 -81.454437256 -0.032969121 0.999455452 -0.001287744 -0.467645258 0.135627702 0.005750480 0.990743339 72.408843994
0.989415228 0.033795469 -0.141122401 -81.571365356 -0.034444585 0.999404252 -0.002158826 -0.483867049 0.140965417 0.006996877 0.989989817 73.173156738
0.988708138 0.035690889 -0.145541802 -81.694824219 -0.035662360 0.999359846 0.002805952 -0.491551965 0.145548806 0.002416096 0.989348114 73.940986633
0.987794518 0.036229338 -0.151490524 -81.823089600 -0.035588011 0.999342442 0.006943452 -0.500911534 0.151642486 -0.001467456 0.988434315 74.711235046
0.986829877 0.035764378 -0.157758519 -81.949760437 -0.034712512 0.999352992 0.009418743 -0.518846750 0.157993317 -0.003818502 0.987432778 75.469039917
0.985744476 0.033520281 -0.164876685 -82.081710815 -0.033024166 0.999437988 0.005750082 -0.526854515 0.164976746 -0.000223197 0.986297429 76.218139648
0.984416246 0.030784991 -0.173138708 -82.227668762 -0.031555101 0.999500632 -0.001696586 -0.531162918 0.173000008 0.007133557 0.984895945 76.969978333
0.982759297 0.028212277 -0.182724565 -82.354888916 -0.029277749 0.999566376 -0.003135564 -0.545554161 0.182556868 0.008431273 0.983159125 77.693756104
0.980786860 0.027514352 -0.193132490 -82.512664795 -0.028093833 0.999605179 -0.000261863 -0.556873441 0.193049029 0.005682664 0.981172621 78.435653687
0.978547215 0.028072452 -0.204101548 -82.676673889 -0.027416736 0.999605775 0.006040216 -0.566219985 0.204190657 -0.000314837 0.978931129 79.177917480
0.975986302 0.029377798 -0.215841562 -82.857269287 -0.027122507 0.999542177 0.013404049 -0.567754507 0.216136515 -0.007228006 0.976336360 79.912658691
0.973395884 0.030396527 -0.227104142 -83.022987366 -0.027190369 0.999481738 0.017233370 -0.579291344 0.227510273 -0.010599849 0.973717928 80.621383667
0.970498979 0.033517729 -0.238764361 -83.214973450 -0.031379141 0.999426186 0.012753475 -0.586532474 0.239054829 -0.004885012 0.970993817 81.335121155
0.967530310 0.033530850 -0.250520855 -83.416381836 -0.033669028 0.999426067 0.003735404 -0.592624068 0.250502348 0.004820675 0.968103945 82.037391663
0.964317799 0.031152315 -0.262908459 -83.621109009 -0.032531083 0.999470353 -0.000891903 -0.596448898 0.262741387 0.009412772 0.964820385 82.742729187
0.961121738 0.030025266 -0.274487764 -83.840988159 -0.029960668 0.999541283 0.004428772 -0.610981107 0.274494827 0.003967247 0.961580396 83.453750610
0.957687557 0.030623915 -0.286176175 -84.054557800 -0.028599689 0.999527633 0.011251420 -0.609789848 0.286385566 -0.002590797 0.958110988 84.185424805
0.954070508 0.030601131 -0.298015416 -84.290023804 -0.026882555 0.999501288 0.016569668 -0.613861203 0.298373818 -0.007797215 0.954417229 84.901977539
0.950043857 0.028295564 -0.310831457 -84.527450562 -0.024902860 0.999579072 0.014878968 -0.618644595 0.311121672 -0.006395078 0.950348616 85.609115601
0.946288228 0.025936743 -0.322282404 -84.773452759 -0.023723911 0.999660313 0.010792627 -0.623163700 0.322452873 -0.002567136 0.946582079 86.307014465
0.943495810 0.021879643 -0.330661505 -85.041397095 -0.021788791 0.999754667 0.003981846 -0.630099058 0.330667496 0.003447858 0.943741024 86.985816956
0.940525115 0.017834561 -0.339256078 -85.282646179 -0.019618399 0.999805868 -0.001828998 -0.640322566 0.339157671 0.008375880 0.940692246 87.709564209
0.937892258 0.017585814 -0.346480936 -85.551498413 -0.020101130 0.999791324 -0.003667015 -0.650077105 0.346344113 0.010403924 0.938049853 88.416992188
0.934935331 0.023075618 -0.354067057 -85.840126038 -0.025986873 0.999656260 -0.003469287 -0.667895257 0.353865325 0.012444655 0.935213506 89.120864868
0.931869030 0.023423262 -0.362037778 -86.119010925 -0.025614452 0.999671161 -0.001253358 -0.681909025 0.361889303 0.010441368 0.932162583 89.822364807
0.928881466 0.024203502 -0.369585425 -86.409904480 -0.023876997 0.999699950 0.005458391 -0.685884297 0.369606674 0.003754391 0.929180741 90.531982422
0.926145017 0.025889376 -0.376277655 -86.699401855 -0.022401860 0.999655902 0.013641769 -0.689981222 0.376501381 -0.004204940 0.926406562 91.241882324
0.923536658 0.036169853 -0.381800622 -87.017761230 -0.030596491 0.999318302 0.020660561 -0.700798035 0.382287592 -0.007399027 0.924013793 91.946929932
0.920779824 0.042843193 -0.387722701 -87.332618713 -0.039080080 0.999081314 0.017589077 -0.700773954 0.388120115 -0.001043435 0.921608150 92.643951416
0.918465316 0.039633010 -0.393510699 -87.624755859 -0.038611472 0.999199033 0.010515511 -0.708335519 0.393612266 0.005535894 0.919259906 93.311767578
0.916545451 0.031254295 -0.398707449 -87.924026489 -0.033006601 0.999451995 0.002470798 -0.701244652 0.398566157 0.010895380 0.917074859 94.024658203
0.914948702 0.031514425 -0.402337879 -88.240646362 -0.033696037 0.999430716 0.001656171 -0.702364504 0.402161062 0.012041884 0.915489674 94.720085144
0.912802219 0.037728544 -0.406655639 -88.575477600 -0.038125496 0.999247551 0.007129184 -0.712285280 0.406618595 0.008996412 0.913553774 95.420394897
0.910323024 0.040528208 -0.411909491 -88.899108887 -0.039142188 0.999164045 0.011804271 -0.722076893 0.412043512 0.005377336 0.911148250 96.116325378
0.908129990 0.037103180 -0.417041153 -89.214523315 -0.036277123 0.999292612 0.009909328 -0.735422850 0.417113811 0.006130095 0.908833683 96.794265747
0.905952334 0.035619669 -0.421878695 -89.561233521 -0.037659541 0.999284446 0.003499664 -0.741456747 0.421701491 0.012717230 0.906645536 97.510131836
0.903811872 0.033115178 -0.426646829 -89.896392822 -0.037945054 0.999275804 -0.002821988 -0.750869155 0.426244378 0.018739678 0.904413998 98.201637268
