1.000000000 0.000000000 0.000000030 0.000015259 0.000000000 1.000000000 0.000000000 0.000000000 0.000000030 0.000000000 1.000000000 0.000015259
0.999991357 -0.002494996 -0.003332525 -0.003983638 0.002487700 0.999994516 -0.002191790 -0.004838754 0.003338035 0.002183480 0.999992073 0.666413128
0.999971509 -0.001253758 -0.007444590 -0.009995265 0.001227796 0.999993205 -0.003491390 -0.011560194 0.007448941 0.003482148 0.999966145 1.370338440
0.999935389 -0.001042735 -0.011320651 -0.025075585 0.000986181 0.999986947 -0.005000308 -0.012941042 0.011325717 0.004988823 0.999923468 2.072212934
0.999867082 0.000216011 -0.016298961 -0.044073205 -0.000310578 0.999983191 -0.005799904 -0.014535674 0.016297434 0.005804197 0.999850333 2.802836657
0.999790132 -0.000784818 -0.020478278 -0.060314469 0.000666682 0.999983072 -0.005775079 -0.028235566 0.020482542 0.005760211 0.999773622 3.535748482
0.999687791 0.000921222 -0.024968391 -0.085754640 -0.001102031 0.999973238 -0.007228757 -0.030473307 0.024961140 0.007254014 0.999662101 4.290260315
0.999549627 0.003584455 -0.029793827 -0.116572738 -0.003817747 0.999962449 -0.007777026 -0.040699016 0.029764893 0.007887267 0.999525785 5.056774616
0.999410450 0.003963664 -0.034101490 -0.149282187 -0.004170218 0.999973357 -0.005988081 -0.049798153 0.034076903 0.006126760 0.999400377 5.840451241
0.999244750 0.003217589 -0.038723260 -0.181476682 -0.003349307 0.999988794 -0.003337174 -0.059041500 0.038712151 0.003464349 0.999244332 6.642960072
0.999117970 0.003176142 -0.041870296 -0.219411641 -0.003214413 0.999994457 -0.000846859 -0.065316975 0.041867435 0.000980699 0.999122739 7.446158886
0.999002635 0.004499709 -0.044422209 -0.263076156 -0.004570289 0.999988437 -0.001487496 -0.072965175 0.044415057 0.001689034 0.999011815 8.261123657
0.998903811 0.003755796 -0.046659835 -0.308971196 -0.003842974 0.999991000 -0.001778883 -0.077721819 0.046652798 0.001956244 0.998909295 9.087317467
0.998823106 0.000974078 -0.048490047 -0.342419267 -0.001087390 0.999996781 -0.002310597 -0.085456826 0.048487660 0.002360603 0.998821020 9.917057037
0.998708129 0.000767952 -0.050807826 -0.384042621 -0.000852574 0.999998331 -0.001643992 -0.090912156 0.050806500 0.001685184 0.998707056 10.757683754
0.998649597 -0.000897939 -0.051941954 -0.436793506 0.000791218 0.999997497 -0.002075260 -0.096089922 0.051943708 0.002031358 0.998647988 11.599510193
0.998543739 0.001429131 -0.053928465 -0.488332689 -0.001653152 0.999990165 -0.004109761 -0.111068204 0.053922087 0.004192927 0.998536348 12.459523201
0.998461902 0.001460813 -0.055421948 -0.534823298 -0.001831230 0.999976337 -0.006633325 -0.117924467 0.055410918 0.006724608 0.998440981 13.330660820
0.998370886 0.005315680 -0.056808084 -0.596851289 -0.005796188 0.999948859 -0.008296990 -0.129363865 0.056761041 0.008612741 0.998350620 14.205566406
0.998285234 0.006307245 -0.058194123 -0.649036646 -0.006774746 0.999946356 -0.007839622 -0.142134801 0.058141526 0.008220427 0.998274505 15.098571777
0.998195052 0.005451080 -0.059807297 -0.701209664 -0.005837209 0.999963224 -0.006283557 -0.156369597 0.059770852 0.006621325 0.998190105 15.988624573
0.998120546 0.006257435 -0.060961850 -0.764024734 -0.006589938 0.999964535 -0.005254871 -0.163938805 0.060926802 0.005646731 0.998126328 16.886226654
0.998064637 0.006058700 -0.061890401 -0.824435294 -0.006389310 0.999966323 -0.005145445 -0.181380212 0.061857160 0.005530925 0.998069704 17.793338776
0.997938454 0.005687673 -0.063925765 -0.877841115 -0.006063781 0.999965429 -0.005691104 -0.194125772 0.063891195 0.006067000 0.997938395 18.693151474
0.997891843 0.004264143 -0.064758450 -0.942913651 -0.004671168 0.999970257 -0.006135226 -0.208811954 0.064730376 0.006424787 0.997882187 19.606531143
0.997844934 0.003858322 -0.065504789 -0.999722362 -0.004168881 0.999980688 -0.004605050 -0.217558712 0.065485768 0.004868203 0.997841716 20.527580261
0.997838497 0.005756747 -0.065462656 -1.065925837 -0.005875662 0.999981463 -0.001624163 -0.225341767 0.065452091 0.002005288 0.997853756 21.445487976
0.997889459 0.006748656 -0.064585291 -1.127961397 -0.006626266 0.999975920 0.002109019 -0.235156029 0.064597979 -0.001676609 0.997910023 22.375085831
0.998007357 0.006039440 -0.062808968 -1.196197867 -0.005751888 0.999972165 0.004757992 -0.239571244 0.062835969 -0.004387240 0.998014271 23.309122086
0.998090029 0.005543484 -0.061527077 -1.248640418 -0.005188514 0.999969125 0.005927589 -0.248761430 0.061558001 -0.005597036 0.998087704 24.254716873
0.998167813 0.006015277 -0.060207598 -1.305240631 -0.005839153 0.999978185 0.003100801 -0.256418109 0.060224917 -0.002743562 0.998180985 25.199316025
0.998207986 0.006510143 -0.059484668 -1.364047050 -0.006621077 0.999976754 -0.001668033 -0.261012793 0.059472412 0.002058891 0.998227715 26.138256073
0.998282850 0.006233245 -0.058245718 -1.417466283 -0.006502269 0.999969006 -0.004430383 -0.276434392 0.058216304 0.004801508 0.998292446 27.091382980
0.998323023 0.003469636 -0.057784002 -1.468225479 -0.003685611 0.999986529 -0.003631448 -0.284262568 0.057770636 0.003838331 0.998322487 28.047975540
0.998339832 0.001851184 -0.057568833 -1.534534574 -0.001776866 0.999997556 0.001342099 -0.295183599 0.057571173 -0.001237576 0.998340607 29.027734756
0.998290241 -0.001635548 -0.058429305 -1.584633350 0.001927163 0.999985993 0.004934935 -0.308400780 0.058420386 -0.005039101 0.998279333 29.995485306
0.998176754 -0.009004537 -0.059682611 -1.633466005 0.009282638 0.999947369 0.004384066 -0.315502226 0.059639964 -0.004930087 0.998207748 30.972419739
0.998073757 -0.011381615 -0.060984552 -1.690724254 0.011437485 0.999934375 0.000567097 -0.324242562 0.060974088 -0.001263512 0.998138547 31.943181992
0.997991621 -0.011260604 -0.062336870 -1.754932165 0.011061168 0.999932468 -0.003543560 -0.330375224 0.062372558 0.002846928 0.998048842 32.922370911
0.997873366 -0.009974257 -0.064417042 -1.824173927 0.009732347 0.999944329 -0.004068013 -0.343254805 0.064454138 0.003432432 0.997914791 33.905948639
0.997820914 -0.010127632 -0.065199092 -1.888609648 0.009967742 0.999946415 -0.002777110 -0.354029834 0.065223828 0.002121170 0.997868359 34.902179718
0.997746825 -0.007052880 -0.066719711 -1.958454967 0.007074773 0.999974966 0.000091815 -0.368233651 0.066717386 -0.000563638 0.997771740 35.896572113
0.997680187 -0.006748098 -0.067740157 -2.026269197 0.006857739 0.999975502 0.001386080 -0.380693972 0.067729138 -0.001847411 0.997702062 36.882411957
0.997601807 -0.005814645 -0.068970561 -2.097647905 0.006105445 0.999973297 0.004006188 -0.387661994 0.068945497 -0.004417675 0.997610629 37.892086029
0.997623324 -0.005121970 -0.068714865 -2.159941196 0.005626301 0.999958634 0.007147889 -0.402240336 0.068675481 -0.007517509 0.997610748 38.867664337
0.997611225 0.000316106 -0.069077946 -2.248413801 0.000330660 0.999956250 0.009351197 -0.403665096 0.069077961 -0.009351700 0.997567475 39.878128052
0.997599959 0.000568911 -0.069238253 -2.322495699 0.000024364 0.999963284 0.008567440 -0.408224434 0.069240689 -0.008548566 0.997563422 40.869400024
0.997595549 0.000318759 -0.069304235 -2.388819218 0.000153839 0.999976754 0.006813715 -0.408499449 0.069304898 -0.006807995 0.997572303 41.854984283
0.997576535 0.002716407 -0.069524594 -2.457078218 -0.002394211 0.999985993 0.004717171 -0.420834303 0.069536470 -0.004539281 0.997569084 42.853588104
0.997514248 0.002287273 -0.070428513 -2.527731895 -0.001948365 0.999986231 0.004880388 -0.429073066 0.070438765 -0.004731035 0.997504890 43.849124908
0.997415543 0.000202965 -0.071849369 -2.601571321 0.000240790 0.999980867 0.006167441 -0.437326580 0.071849316 -0.006168801 0.997396350 44.842071533
0.997373581 0.000852026 -0.072423920 -2.676948786 -0.000339620 0.999974906 0.007087030 -0.442446172 0.072428189 -0.007043824 0.997348905 45.819873810
0.997341812 0.003152656 -0.072795980 -2.749798536 -0.002894381 0.999989152 0.003653064 -0.455326557 0.072806776 -0.003432657 0.997340202 46.793605804
0.997303128 0.003854148 -0.073290691 -2.836940765 -0.003914441 0.999992192 -0.000679110 -0.462554812 0.073287562 0.000964167 0.997310340 47.760173798
0.997239530 0.004448548 -0.074119478 -2.901883364 -0.004618431 0.999987125 -0.002120802 -0.467740566 0.074109174 0.002457263 0.997247100 48.726451874
0.997256517 0.003341265 -0.073947586 -2.980161905 -0.003207447 0.999993026 0.001928296 -0.485092729 0.073953591 -0.001685823 0.997260213 49.707347870
0.997273386 0.001272055 -0.073783480 -3.056159258 -0.000912046 0.999987543 0.004912723 -0.494722247 0.073788889 -0.004832035 0.997262180 50.676231384
0.997207999 -0.000369463 -0.074672699 -3.114527464 0.000771809 0.999985337 0.005359365 -0.503842831 0.074669600 -0.005402038 0.997193694 51.623939514
0.997178078 -0.003659363 -0.074982725 -3.186874866 0.003969999 0.999984205 0.003994142 -0.511691928 0.074966908 -0.004280556 0.997176826 52.581901550
0.997143507 -0.006589502 -0.075243235 -3.257226229 0.006825366 0.999972582 0.002877887 -0.523437560 0.075222284 -0.003383227 0.997161031 53.529342651
0.997067392 -0.007833545 -0.076127566 -3.333510876 0.008145487 0.999959648 0.003787897 -0.532290936 0.076094903 -0.004396882 0.997090816 54.480640411
0.996921062 -0.011396089 -0.077579677 -3.396967411 0.012069986 0.999893367 0.008223058 -0.538863301 0.077477723 -0.009134122 0.996952295 55.422386169
0.996888101 -0.012006498 -0.077910893 -3.476385593 0.013052167 0.999831259 0.012925930 -0.540215194 0.077742592 -0.013902609 0.996876597 56.364776611
0.996848464 -0.010268461 -0.078661956 -3.556145191 0.011503126 0.999817431 0.015258718 -0.542240620 0.078490943 -0.016115488 0.996784627 57.315063477
0.996730924 -0.009548541 -0.080226742 -3.627104044 0.010502748 0.999878943 0.011480265 -0.547575831 0.080107488 -0.012285340 0.996710539 58.250366211
0.996677935 -0.007416163 -0.081104599 -3.712576628 0.007736871 0.999963462 0.003640660 -0.552642703 0.081074692 -0.004256064 0.996698976 59.158218384
0.996607244 -0.005637022 -0.082111485 -3.791705132 0.005552426 0.999983788 -0.001258617 -0.561667919 0.082117304 0.000798428 0.996622443 60.068420410
0.996540010 -0.001451179 -0.083102286 -3.871309280 0.001437243 0.999998987 -0.000227584 -0.570220292 0.083102614 0.000107355 0.996541023 60.971431732
0.996456802 0.001415406 -0.084093794 -3.960251093 -0.001236196 0.999996901 0.002183047 -0.586278021 0.084096715 -0.002071358 0.996455431 61.859283447
0.996324599 0.003609128 -0.085582986 -4.031902313 -0.003315225 0.999988139 0.003575947 -0.598779917 0.085594960 -0.003279079 0.996324718 62.734455109
0.996255577 0.004711311 -0.086328536 -4.113317490 -0.004436498 0.999984503 0.003374944 -0.610674143 0.086343043 -0.002979308 0.996261001 63.596405029
0.996096909 0.006281704 -0.088043153 -4.195118904 -0.005938253 0.999973774 0.004162353 -0.619419098 0.088066950 -0.003623283 0.996107936 64.447448730
0.995986044 0.007178551 -0.089219630 -4.274353981 -0.006773970 0.999965429 0.004836598 -0.632117331 0.089251332 -0.004212815 0.996000230 65.284484863
0.995849431 0.006768907 -0.090763479 -4.348984718 -0.006329239 0.999966979 0.005131043 -0.637714148 0.090795271 -0.004535284 0.995859265 66.109207153
0.995747209 0.006859019 -0.091872327 -4.428471565 -0.006301682 0.999960065 0.006355163 -0.650090814 0.091912277 -0.005749183 0.995750546 66.914520264
0.995604932 0.009532993 -0.093165755 -4.511970997 -0.008731025 0.999921441 0.009011797 -0.656403840 0.093244359 -0.008158754 0.995609879 67.711647034
0.995453954 0.011328317 -0.094569832 -4.589675426 -0.010117644 0.999860704 0.013271652 -0.664511740 0.094706997 -0.012254494 0.995429814 68.502212524
0.995252967 0.014441418 -0.096245714 -4.672091484 -0.013083366 0.999805868 0.014726502 -0.665362716 0.096439689 -0.013397374 0.995248735 69.276641846
0.995092750 0.017262883 -0.097429305 -4.752791405 -0.016284226 0.999808729 0.010831119 -0.675854683 0.097597651 -0.009191402 0.995183468 70.019371033
0.994943321 0.017506834 -0.098900601 -4.828164101 -0.017232096 0.999844968 0.003631537 -0.684345007 0.098948851 -0.001908903 0.995090723 70.743408203
0.994810939 0.016282795 -0.100429177 -4.901402473 -0.016601441 0.999859333 -0.002337818 -0.689890385 0.100376956 0.003992954 0.994941413 71.453323364
0.994764447 0.016969653 -0.100776039 -4.976970673 -0.017423812 0.999841452 -0.003628094 -0.694751024 0.100698464 0.005364999 0.994902492 72.144515991
0.994631529 0.019729629 -0.101581365 -5.052412987 -0.019820347 0.999803603 0.000116276 -0.708195865 0.101563722 0.001897724 0.994827271 72.816215515
0.994486451 0.020084923 -0.102923162 -5.126744270 -0.019939661 0.999798298 0.002440165 -0.724415481 0.102951422 -0.000374460 0.994686365 73.471488953
0.994459152 0.016970603 -0.103745498 -5.191849232 -0.017148314 0.999852598 -0.000821155 -0.736868858 0.103716381 0.002595665 0.994603515 74.098930359
0.994552314 0.008963438 -0.103852421 -5.241595268 -0.009640511 0.999935389 -0.006019464 -0.750365674 0.103791863 0.006987862 0.994574428 74.703010559
0.994712830 0.004865909 -0.102579184 -5.308554173 -0.006009036 0.999923289 -0.010837802 -0.759999096 0.102518678 0.011396903 0.994665802 75.301170349
0.994967461 0.007270273 -0.099934787 -5.356600761 -0.008415613 0.999903619 -0.011044079 -0.773181021 0.099844933 0.011829511 0.994932652 75.883720398
0.995328844 0.012318292 -0.095754407 -5.418059349 -0.013131163 0.999882936 -0.007863585 -0.789532661 0.095646404 0.009084221 0.995373905 76.454910278
0.995784223 0.010743923 -0.091096006 -5.468715668 -0.011228040 0.999925494 -0.004803495 -0.798777223 0.091037676 0.005806073 0.995830536 77.011100769
0.996306837 0.007393507 -0.085544944 -5.502458096 -0.007477260 0.999971807 -0.000658690 -0.810430229 0.085537717 0.001295898 0.996334016 77.556289673
0.997023165 0.002721094 -0.077053785 -5.539659500 -0.002527307 0.999993443 0.002612295 -0.821214676 0.077060357 -0.002409780 0.997023523 78.080490112
0.997778416 0.006366816 -0.066314846 -5.575994968 -0.006204616 0.999977231 0.002651529 -0.832863212 0.066330217 -0.002234181 0.997795284 78.595718384
0.998614073 0.011543304 -0.051350549 -5.600321770 -0.011446260 0.999932170 0.002183460 -0.841598272 0.051372245 -0.001592663 0.998678446 79.098945618
0.999321401 0.016556824 -0.032902341 -5.619965553 -0.016483784 0.999861181 0.002489861 -0.843970835 0.032938965 -0.001945817 0.999455631 79.594078064
0.999821484 0.015147952 -0.011293709 -5.601373196 -0.015114282 0.999881089 0.003061032 -0.850449204 0.011338680 -0.002889789 0.999931574 80.067382812
0.999817848 0.011804226 0.015001555 -5.572395325 -0.011863661 0.999922097 0.003878786 -0.856374085 -0.014954653 -0.004056054 0.999879956 80.534751892
0.998958349 0.010565145 0.044392843 -5.527697563 -0.010819887 0.999926329 0.005501946 -0.865086854 -0.044331495 -0.005976540 0.998999000 80.991722107
0.996941090 0.010287929 0.077477716 -5.472084999 -0.010853459 0.999917507 0.006881659 -0.871847093 -0.077400565 -0.007701509 0.996970415 81.445114136
0.993322670 0.009802449 0.114952497 -5.399612427 -0.010762904 0.999912083 0.007737542 -0.882821739 -0.114866465 -0.008923098 0.993340850 81.863082886
0.987628341 0.010084044 0.156488746 -5.305178642 -0.011422901 0.999905467 0.007658655 -0.886545360 -0.156396627 -0.009351463 0.987650037 82.286827087
0.979450583 0.009468437 0.201461896 -5.186876297 -0.011232768 0.999907851 0.007616223 -0.894211709 -0.201371163 -0.009722692 0.979466796 82.708816528
0.968058705 0.011655591 0.250452846 -5.058500290 -0.013476078 0.999893785 0.005555070 -0.902929306 -0.250361383 -0.008752758 0.968112886 83.104766846
0.952740610 0.012635950 0.303522229 -4.909051895 -0.014186260 0.999895096 0.002903254 -0.916067243 -0.303453624 -0.007071896 0.952820003 83.476966858
0.932969689 0.012797958 0.359727383 -4.742347717 -0.014036985 0.999901116 0.000832270 -0.921102166 -0.359681129 -0.005825972 0.933057070 83.829353333
0.908934057 0.013145921 0.416732609 -4.539239883 -0.014009906 0.999901354 -0.000985147 -0.927718520 -0.416704416 -0.004942953 0.909028530 84.175918579
0.879825354 0.013582770 0.475103110 -4.324569702 -0.013637915 0.999901474 -0.003330742 -0.930412173 -0.475101411 -0.003548945 0.879923880 84.508117676
0.846553862 0.012287085 0.532161355 -4.079490662 -0.011017205 0.999923825 -0.005561263 -0.936903834 -0.532189071 -0.001155023 0.846624732 84.813812256
0.809297740 0.013078191 0.587253213 -3.826248169 -0.010231211 0.999914289 -0.008168495 -0.933545768 -0.587309599 0.000602432 0.809362173 85.104919434
0.769889414 0.010667848 0.638088107 -3.538810730 -0.008614696 0.999942899 -0.006323379 -0.951978683 -0.638119042 -0.000628634 0.769937396 85.377914429
0.729554296 0.010480902 0.683842480 -3.242557526 -0.009996887 0.999939144 -0.004660420 -0.954253912 -0.683849633 -0.003436269 0.729614794 85.579437256
0.684253395 0.009460460 0.729182959 -2.941158295 -0.009138838 0.999948561 -0.004397652 -0.960901916 -0.729187012 -0.003654781 0.684304655 85.810943604
0.637900352 0.008260706 0.770074606 -2.618545532 -0.005995830 0.999965429 -0.005760062 -0.967602313 -0.770095468 -0.000942895 0.637927711 86.018249512
0.590974689 0.005673144 0.806670129 -2.284725189 -0.000240977 0.999976456 -0.006856086 -0.974958658 -0.806689978 0.003857382 0.590962350 86.206222534
0.544671774 0.007330331 0.838617206 -1.950588226 -0.002125231 0.999970615 -0.007360403 -0.988851190 -0.838646650 0.002226747 0.544671416 86.372207642
0.497633666 0.010637285 0.867322087 -1.615768433 -0.005263679 0.999943495 -0.009243740 -0.991666079 -0.867371202 0.000034688 0.497661531 86.529235840
0.452371776 0.012851153 0.891736805 -1.276832581 -0.006430629 0.999917209 -0.011147967 -1.001495123 -0.891806185 -0.000691405 0.452417076 86.661972046
0.408027023 0.010959589 0.912904143 -0.926717758 0.000069763 0.999927580 -0.012035503 -1.008455992 -0.912969828 0.004974502 0.407996625 86.800987244
0.368711978 0.002889281 0.929539323 -0.557956696 0.015264105 0.999841511 -0.009162481 -1.016682267 -0.929418325 0.017566904 0.368609399 86.887138367
0.333657861 -0.000577471 0.942694128 -0.188858032 0.019505987 0.999789894 -0.006291518 -1.018137217 -0.942492425 0.020487394 0.333599031 86.976593018
0.300516605 0.003867527 0.953768730 0.176483154 0.016923003 0.999812722 -0.009386394 -1.024051666 -0.953626454 0.018961402 0.300394893 87.074302673
0.269321233 0.011086254 0.962986708 0.539770126 0.005965338 0.999895334 -0.013179506 -1.040785074 -0.963032007 0.009294063 0.269226849 87.176170349
0.240445182 0.015959615 0.970531583 0.930442810 0.001899854 0.999855161 -0.016912501 -1.052831411 -0.970660925 0.005910392 0.240380123 87.271888733
0.214867160 0.017524855 0.976486206 1.320938110 0.003298381 0.999820292 -0.018669412 -1.067975521 -0.976637781 0.007232263 0.214770794 87.336082458
0.191155046 0.018995583 0.981376052 1.729965210 0.010553591 0.999715149 -0.021406215 -1.077607632 -0.981503189 0.014448944 0.190900147 87.394569397
0.171322107 0.025029469 0.984897137 2.139904022 0.017421683 0.999443948 -0.028429642 -1.081524372 -0.985061109 0.022029188 0.170790851 87.432800293
0.151941001 0.032469288 0.987856209 2.565284729 0.018961046 0.999180555 -0.035757884 -1.077210426 -0.988207757 0.024163876 0.151200891 87.479118347
0.134024993 0.032724410 0.990437508 3.018120766 0.016918954 0.999233365 -0.035304479 -1.093031883 -0.990833461 0.021488851 0.133368641 87.543136597
0.118614271 0.028258756 0.992538214 3.474083900 0.014768755 0.999434114 -0.030220045 -1.118536472 -0.992830575 0.018243084 0.118129857 87.591072083
0.103841648 0.025033141 0.994278789 3.943664551 0.015014777 0.999529719 -0.026733480 -1.139618158 -0.994480371 0.017704921 0.103417002 87.638580322
0.090899967 0.023023078 0.995593846 4.431007385 0.018146981 0.999528408 -0.024770921 -1.149748087 -0.995694697 0.020318698 0.090439320 87.665748596
0.079143234 0.022045262 0.996619463 4.925062656 0.021810504 0.999477863 -0.023840496 -1.166870594 -0.996624649 0.023623586 0.078621104 87.693855286
0.068909399 0.022757286 0.997363329 5.442939281 0.025078619 0.999384344 -0.024536120 -1.180867672 -0.997307658 0.026703266 0.068296246 87.724288940
0.061182700 0.023447443 0.997851253 5.979189396 0.027147029 0.999315143 -0.025146347 -1.194849253 -0.997757316 0.028627211 0.060504287 87.747367859
0.055825327 0.023531074 0.998163223 6.531027794 0.028810754 0.999268055 -0.025168451 -1.213992119 -0.998024821 0.030162871 0.055106547 87.770683289
0.050413251 0.024555655 0.998426437 7.091192722 0.030195907 0.999203205 -0.026099430 -1.230060577 -0.998271883 0.031464148 0.049631640 87.791557312
0.044416826 0.025160117 0.998696148 7.676020145 0.030352943 0.999187350 -0.026522430 -1.249981999 -0.998551846 0.031491406 0.043617085 87.815338135
0.039729718 0.025335021 0.998889208 8.281562805 0.032921586 0.999102533 -0.026649853 -1.264455080 -0.998667955 0.033943810 0.038859989 87.836196899
0.037073761 0.025339870 0.998991251 8.905103683 0.034298100 0.999057233 -0.026614387 -1.282639027 -0.998723745 0.035250194 0.036169704 87.852287292
0.034130633 0.024699351 0.999112189 9.541537285 0.035465728 0.999034941 -0.025908982 -1.304807067 -0.998787940 0.036318522 0.033221692 87.865562439
0.031757690 0.024060840 0.999206007 10.197158813 0.037720028 0.998969078 -0.025253993 -1.325971127 -0.998783648 0.038492087 0.030817354 87.883171082
0.031149119 0.023748271 0.999232531 10.873545647 0.041811381 0.998811662 -0.025041658 -1.344877481 -0.998639882 0.042559315 0.030119151 87.895515442
0.032328520 0.023372287 0.999203980 11.563081741 0.045546427 0.998653591 -0.024833031 -1.363493800 -0.998439074 0.046313003 0.031220462 87.912506104
0.034483004 0.023098538 0.999138296 12.270561218 0.047228917 0.998578250 -0.024715589 -1.387840509 -0.998288751 0.048040502 0.033343058 87.940292358
0.038340062 0.023342378 0.998992085 12.993221283 0.049572185 0.998451769 -0.025232270 -1.405279756 -0.998034358 0.050489634 0.037123591 87.962928772
0.042793464 0.022784671 0.998824060 13.731333733 0.049944248 0.998441160 -0.024915736 -1.427138329 -0.997834802 0.050951757 0.041588813 87.993087769
0.046895694 0.021098915 0.998676956 14.492431641 0.051701456 0.998385608 -0.023520546 -1.449309587 -0.997560859 0.052736070 0.045729160 88.028945923
0.050596640 0.019644804 0.998525918 15.256834030 0.050763976 0.998463571 -0.022215847 -1.471506357 -0.997428238 0.051813200 0.049521673 88.075302124
0.054994222 0.017718887 0.998329341 16.037643433 0.048162527 0.998631656 -0.020377332 -1.486877203 -0.997324347 0.049202714 0.054065581 88.114204407
0.058701403 0.016600277 0.998137534 16.832311630 0.047452476 0.998685062 -0.019400101 -1.508584023 -0.997147083 0.048502911 0.057836492 88.174331665
0.063016102 0.017446516 0.997859895 17.639347076 0.044821452 0.998788774 -0.020293280 -1.531219959 -0.997005522 0.046004336 0.062157795 88.230934143
0.066286296 0.021376079 0.997571647 18.432832718 0.042139940 0.998818517 -0.024202904 -1.563464880 -0.996910453 0.043641929 0.065307230 88.270545959
0.067723557 0.027005009 0.997338593 19.234508514 0.036297206 0.998905122 -0.029512163 -1.585397720 -0.997043669 0.038199272 0.066669248 88.334327698
0.067520306 0.029759996 0.997273862 20.042980194 0.033626921 0.998919189 -0.032085799 -1.617882848 -0.997151136 0.035701688 0.066446625 88.396049500
0.067696601 0.029630978 0.997265875 20.864961624 0.031002551 0.999013901 -0.031787429 -1.647442222 -0.997224152 0.033069681 0.066711277 88.459754944
0.067680150 0.027932940 0.997315943 21.678131104 0.028041257 0.999159992 -0.029887525 -1.681055069 -0.997312903 0.029988779 0.066840082 88.522254944
0.067686699 0.026653303 0.997350574 22.495067596 0.029149408 0.999163568 -0.028680025 -1.715164423 -0.997280657 0.031013429 0.066853233 88.578544617
0.067782670 0.025808485 0.997366250 23.328186035 0.026661344 0.999261498 -0.027669478 -1.754342079 -0.997343898 0.028466634 0.067044497 88.644187927
0.068035938 0.025985330 0.997344375 24.141674042 0.024979148 0.999303043 -0.027740363 -1.789165735 -0.997370183 0.026800156 0.067339398 88.704483032
0.067696579 0.026865352 0.997344196 24.949760437 0.022017036 0.999353766 -0.028413931 -1.819871783 -0.997463107 0.023882087 0.067061298 88.771339417
0.066892505 0.028198376 0.997361660 25.769334793 0.019225422 0.999378562 -0.029544841 -1.855451584 -0.997574925 0.021151025 0.066308826 88.824295044
0.063920155 0.027903147 0.997564912 26.582736969 0.016097361 0.999450207 -0.028987341 -1.887939453 -0.997825205 0.017911037 0.063435853 88.886138916
0.059865091 0.026709897 0.997849107 27.392135620 0.013511377 0.999528706 -0.027565464 -1.921775341 -0.998115003 0.015132526 0.059476011 88.944190979
0.055325951 0.024369765 0.998170972 28.219226837 0.011955380 0.999614298 -0.025067661 -1.950773239 -0.998396695 0.013320407 0.055013239 88.988822937
0.049166173 0.022191774 0.998544157 29.030624390 0.009849448 0.999693751 -0.022702290 -1.982951283 -0.998742104 0.010951293 0.048932511 89.032203674
0.041550789 0.022717034 0.998878121 29.839141846 0.009460652 0.999687791 -0.023128983 -2.011356354 -0.999091506 0.010411072 0.041322879 89.067710876
0.033319417 0.023173198 0.999176145 30.650156021 0.008506226 0.999688447 -0.023468733 -2.048995972 -0.999408722 0.009281179 0.033111934 89.083862305
0.022980412 0.023858927 0.999451280 31.452896118 0.008933428 0.999670446 -0.024069563 -2.073075294 -0.999696076 0.009481651 0.022759708 89.107101440
0.012765784 0.022755908 0.999659598 32.252918243 0.010840033 0.999679267 -0.022894775 -2.104225636 -0.999859750 0.011128612 0.012515031 89.115119934
0.002349168 0.021968395 0.999755979 33.063583374 0.009691220 0.999711275 -0.021990180 -2.130310535 -0.999950349 0.009740511 0.002135635 89.109428406
-0.008722762 0.021225877 0.999736667 33.851253510 0.011189271 0.999714255 -0.021127770 -2.157256126 -0.999899447 0.011002029 -0.008957724 89.100234985
-0.019654898 0.021628922 0.999572873 34.643905640 0.011502413 0.999704659 -0.021405594 -2.185692072 -0.999740660 0.011076770 -0.019897910 89.078674316
-0.030776594 0.022272883 0.999278069 35.423141479 0.011874192 0.999689281 -0.021916332 -2.212242126 -0.999455750 0.011191106 -0.031031532 89.054298401
-0.040989369 0.023290096 0.998888135 36.206447601 0.011365103 0.999674439 -0.022842064 -2.244024277 -0.999094963 0.010416185 -0.041240722 89.010940552
-0.051406980 0.024385000 0.998380065 36.969886780 0.011947999 0.999645293 -0.023800693 -2.269487858 -0.998606384 0.010705123 -0.051680103 88.972534180
-0.060660556 0.024958866 0.997846365 37.729297638 0.013151400 0.999620497 -0.024203751 -2.301586151 -0.998071849 0.011654862 -0.060965791 88.918167114
-0.070657186 0.025583806 0.997172534 38.507240295 0.013556471 0.999603271 -0.024685599 -2.329912901 -0.997408509 0.011773922 -0.070975997 88.866401672
-0.080046572 0.025997672 0.996452034 39.247932434 0.014226328 0.999587774 -0.024936663 -2.358500481 -0.996689618 0.012179757 -0.080383427 88.807502747
-0.088717237 0.025625955 0.995727122 39.979476929 0.015761262 0.999579906 -0.024320818 -2.383121252 -0.995932102 0.013536239 -0.089083858 88.737236023
-0.095758706 0.024111515 0.995112538 40.723850250 0.017125487 0.999598444 -0.022572244 -2.418454170 -0.995257258 0.014880299 -0.096133173 88.656990051
-0.100896053 0.022410059 0.994644642 41.444210052 0.019973520 0.999590337 -0.020495396 -2.446498871 -0.994696498 0.017798649 -0.101302333 88.580039978
-0.104588576 0.021158263 0.994290471 42.152973175 0.023347903 0.999550223 -0.018814247 -2.469074249 -0.994241536 0.021246841 -0.105035543 88.499153137
-0.107329875 0.019949518 0.994023263 42.867179871 0.024886664 0.999539316 -0.017373074 -2.492977858 -0.993911982 0.022873273 -0.107776850 88.419013977
-0.109125078 0.018896313 0.993848324 43.553413391 0.024844524 0.999558866 -0.016276939 -2.518944263 -0.993717551 0.022915464 -0.109546341 88.345672607
-0.109861955 0.019489618 0.993755817 44.226875305 0.025901821 0.999524236 -0.016739240 -2.539027691 -0.993609428 0.023901081 -0.110314488 88.267501831
-0.108804889 0.020512762 0.993851483 44.879508972 0.026555473 0.999490201 -0.017721899 -2.560267687 -0.993708372 0.024463974 -0.109294131 88.197212219
-0.105720669 0.022097366 0.994150460 45.501899719 0.027495770 0.999435723 -0.019290872 -2.585136890 -0.994015694 0.025295489 -0.106268585 88.130905151
-0.100684702 0.022506114 0.994663775 46.121990204 0.027570903 0.999423265 -0.019822950 -2.609822273 -0.994536281 0.025427908 -0.101247124 88.070800781
-0.092645966 0.023452643 0.995423019 46.720626831 0.027353732 0.999405265 -0.021000601 -2.627366781 -0.995323300 0.025282912 -0.093232356 88.019554138
-0.081451550 0.023361146 0.996403515 47.302680969 0.025688265 0.999442279 -0.021332489 -2.653225660 -0.996346176 0.023858313 -0.082006223 87.982109070
-0.067850024 0.023391705 0.997421384 47.856800079 0.025227336 0.999445677 -0.021723077 -2.679004431 -0.997376502 0.023688370 -0.068402514 87.954254150
-0.050821450 0.024734713 0.998401344 48.410846710 0.023675660 0.999442220 -0.023555335 -2.707644939 -0.998427033 0.022440698 -0.051378608 87.940933228
-0.029407971 0.027174953 0.999197960 48.942592621 0.021796072 0.999410331 -0.026539225 -2.730539322 -0.999329746 0.020998128 -0.029982826 87.941886902
-0.005014747 0.030063996 0.999535382 49.461326599 0.019493077 0.999361038 -0.029960953 -2.758351326 -0.999797344 0.019333772 -0.005597483 87.960365295
0.023188278 0.031770296 0.999226093 49.982295990 0.017678821 0.999325693 -0.032183718 -2.782496214 -0.999574721 0.018411426 0.022611082 87.994041443
0.056412790 0.031174764 0.997920752 50.487075806 0.015277361 0.999368370 -0.032083627 -2.805276394 -0.998290658 0.017055521 0.055900838 88.041587830
0.094658822 0.028723812 0.995095432 50.988193512 0.014109134 0.999444544 -0.030191489 -2.827085972 -0.995409846 0.016897824 0.094200924 88.108085632
0.136619091 0.024898136 0.990310729 51.480392456 0.012012674 0.999568939 -0.026788121 -2.849353313 -0.990550816 0.015556050 0.136261061 88.202270508
0.182255879 0.020957105 0.983027816 51.967926025 0.008943122 0.999696136 -0.022970537 -2.869648933 -0.983210504 0.012977852 0.182013020 88.313789368
0.230654567 0.017787235 0.972873151 52.455093384 0.004561290 0.999802113 -0.019361001 -2.889518023 -0.973025024 0.008903259 0.230527744 88.463012695
0.282374233 0.015897768 0.959172606 52.912475586 0.000735194 0.999858797 -0.016788555 -2.912894249 -0.959304035 0.005445828 0.282322735 88.616638184
0.337796807 0.015606829 0.941089690 53.366626740 -0.000088081 0.999863029 -0.016549898 -2.927873850 -0.941219032 0.005507605 0.337752014 88.806022644
0.395624459 0.016010547 0.918272853 53.806591034 0.002019354 0.999830425 -0.018302554 -2.941431522 -0.918410182 0.009095252 0.395525128 89.025505066
0.453193188 0.019387323 0.891201496 54.204109192 0.003072370 0.999723554 -0.023310483 -2.959069729 -0.891407013 0.013302253 0.453008443 89.288421631
0.512891531 0.022185273 0.858166635 54.598495483 0.004618078 0.999580204 -0.028601119 -2.979201794 -0.858440936 0.018632356 0.512574017 89.559982300
0.571719527 0.026680341 0.820015252 54.968788147 0.000637936 0.999456346 -0.032963470 -2.987106323 -0.820448875 0.019368973 0.571391761 89.850967407
0.627525270 0.028884754 0.778060257 55.317981720 -0.003601305 0.999408603 -0.034197550 -3.013251305 -0.778587878 0.018657796 0.627258182 90.179115295
0.678562701 0.030630130 0.733903527 55.608131409 -0.005847212 0.999323905 -0.036301386 -3.023104668 -0.734519124 0.020341480 0.678283095 90.528228760
0.728621662 0.028000886 0.684343874 55.922687531 -0.005899654 0.999383450 -0.034609813 -3.047053337 -0.684890985 0.021180067 0.728337705 90.885726929
0.773438513 0.024834331 0.633384645 56.177703857 -0.008118273 0.999538302 -0.029277440 -3.061318159 -0.633819342 0.017502312 0.773283184 91.264076233
0.813823223 0.022297263 0.580684543 56.411636353 -0.010170755 0.999657094 -0.024130870 -3.053401232 -0.581023395 0.013732260 0.813771129 91.683135986
0.850155115 0.019423837 0.526174009 56.621089935 -0.012503354 0.999782264 -0.016705144 -3.072990417 -0.526383877 0.007623025 0.850212872 92.099250793
0.881229460 0.016334921 0.472406447 56.807037354 -0.013412557 0.999864399 -0.009553557 -3.079584122 -0.472498477 0.002082700 0.881329060 92.532928467
0.906548560 0.017387191 0.421743393 56.967658997 -0.017399454 0.999841273 -0.003819804 -3.092448473 -0.421742916 -0.003875266 0.906707227 92.975547791
0.926379144 0.018725568 0.376126856 57.089752197 -0.020401249 0.999791682 0.000472238 -3.109451771 -0.376039684 -0.008110927 0.926568091 93.396133423
0.941250026 0.024961442 0.336786866 57.197067261 -0.027719308 0.999610007 0.003382241 -3.121725321 -0.336571038 -0.012519034 0.941574872 93.829284668
0.952929020 0.029530821 0.301752269 57.303920746 -0.031764049 0.999492288 0.002495613 -3.123420954 -0.301525265 -0.011963014 0.953383148 94.279731750
0.962211967 0.030889077 0.270543903 57.423763275 -0.032808833 0.999458373 0.002575196 -3.120319366 -0.270317763 -0.011354112 0.962704241 94.741264343
0.968245387 0.026001167 0.248646319 57.534713745 -0.027467068 0.999619782 0.002427447 -3.122874260 -0.248488605 -0.009179949 0.968591332 95.212112427
0.972171605 0.022989148 0.233139068 57.638526917 -0.024488743 0.999693871 0.003539319 -3.134014606 -0.232986286 -0.009150110 0.972436965 95.697227478
0.974914372 0.027570691 0.220866442 57.726455688 -0.028985526 0.999574840 0.003166769 -3.133908510 -0.220685169 -0.009489258 0.975298941 96.198120117
0.976893902 0.033247080 0.211123079 57.815608978 -0.034847178 0.999385238 0.003861981 -3.136730194 -0.210864797 -0.011129788 0.977451921 96.710723877
0.977894962 0.041219026 0.204993814 57.910377502 -0.042623572 0.999088287 0.002438741 -3.137931347 -0.204706371 -0.011122403 0.978760183 97.208480835
0.978255153 0.046985079 0.202013254 58.006355286 -0.047802489 0.998856544 -0.000833209 -3.143848181 -0.201821327 -0.008841645 0.979382455 97.713851929
0.978259563 0.048589431 0.201612294 58.099929810 -0.049002431 0.998794377 -0.002945121 -3.156849623 -0.201512262 -0.006998396 0.979461014 98.244216919
0.978045404 0.046018660 0.203247547 58.237014771 -0.045584068 0.998937130 -0.006821570 -3.158598900 -0.203345418 -0.002593043 0.979103684 98.762786865
0.977322459 0.044920098 0.206937686 58.358825684 -0.043080408 0.998981833 -0.013390148 -3.164419651 -0.207328454 0.004171536 0.978262544 99.308914185
0.976481557 0.044902746 0.210873380 58.482322693 -0.041977927 0.998950422 -0.018328276 -3.167234421 -0.211475030 0.009045199 0.977341592 99.861770630
0.975242078 0.049967512 0.215421006 58.598491669 -0.047304269 0.998727143 -0.017504325 -3.184804916 -0.216021419 0.006880624 0.976364374 100.448051453
0.973771989 0.053093553 0.221244678 58.725395203 -0.051244907 0.998586714 -0.014091440 -3.189296246 -0.221680135 0.002384190 0.975116551 101.046493530
0.972842991 0.049691364 0.226069361 58.864593506 -0.048861708 0.998762548 -0.009267528 -3.204608917 -0.226249963 -0.002030279 0.974067152 101.641845703
0.972178459 0.045443125 0.229791164 59.016281128 -0.045817357 0.998942912 -0.003709614 -3.215378523 -0.229716703 -0.006922015 0.973232925 102.256927490
0.971352875 0.042990740 0.233721271 59.166770935 -0.044477690 0.999009788 0.001092563 -3.224942923 -0.233442739 -0.011456641 0.972303033 102.885284424
0.970911086 0.037737776 0.236448094 59.326011658 -0.039255690 0.999227643 0.001713450 -3.232291698 -0.236200735 -0.010945537 0.971642673 103.511993408
0.970866442 0.034544345 0.237118319 59.478645325 -0.035168875 0.999380171 -0.001596886 -3.238647699 -0.237026364 -0.006788818 0.971479475 104.162193298
0.971070170 0.034291949 0.236319572 59.647552490 -0.033205360 0.999411762 -0.008577603 -3.245738029 -0.236474663 0.000482379 0.971637607 104.802810669
0.971226513 0.036446095 0.235352829 59.803016663 -0.033804893 0.999312162 -0.015248681 -3.254411459 -0.235746637 0.006853846 0.971790493 105.462272644
0.971722960 0.039614718 0.232777208 59.956039429 -0.036126241 0.999162138 -0.019232262 -3.259583712 -0.233344018 0.010279064 0.972339928 106.144035339
0.972328484 0.037899576 0.230523586 60.117473602 -0.035424434 0.999261796 -0.014868011 -3.269677639 -0.230916828 0.006290425 0.972953260 106.837440491
0.972821534 0.033715170 0.229089037 60.286750793 -0.032960616 0.999431252 -0.007120411 -3.285209894 -0.229198799 -0.000624029 0.973379433 107.546081543
0.973373950 0.034144409 0.226665363 60.445655823 -0.034874029 0.999391317 -0.000785947 -3.304696798 -0.226554245 -0.007139715 0.973972440 108.243370056
0.973620117 0.037623592 0.225051910 60.601951599 -0.038284421 0.999265969 -0.001428520 -3.314473629 -0.224940404 -0.007225146 0.974345803 108.972785950
0.973892987 0.043177430 0.222863391 60.756034851 -0.042883743 0.999061108 -0.006159435 -3.321930408 -0.222920045 -0.003558585 0.974830270 109.706077576
0.974778414 0.043767072 0.218841240 60.918022156 -0.042288072 0.999039948 -0.011440053 -3.330607414 -0.219131842 0.001897141 0.975693464 110.444473267
0.975729227 0.042394023 0.214837730 61.083843231 -0.040213380 0.999085665 -0.014512786 -3.339364767 -0.215256542 0.005521196 0.976541936 111.201309204
0.976647079 0.040083874 0.211078018 61.248237610 -0.038224775 0.999186099 -0.012882120 -3.352905989 -0.211422563 0.004512870 0.977384388 111.969573975
0.977481961 0.036716737 0.207800448 61.412620544 -0.035262041 0.999320865 -0.010701622 -3.369067430 -0.208052218 0.003133175 0.978112698 112.751037598
0.977928877 0.035343710 0.205926627 61.577758789 -0.034456532 0.999374986 -0.007894018 -3.383040428 -0.206076875 0.000624271 0.978535593 113.545364380
0.978246987 0.032755278 0.204841033 61.741565704 -0.032280102 0.999462783 -0.005661846 -3.394155264 -0.204916403 -0.001073604 0.978778839 114.344123840
0.978440702 0.027330497 0.204711467 61.906196594 -0.027015381 0.999625564 -0.004334444 -3.406602383 -0.204753250 -0.001289361 0.978812754 115.133583069
0.978529394 0.028239079 0.204163581 62.068550110 -0.028263139 0.999596536 -0.002798595 -3.416575909 -0.204160213 -0.003031795 0.978932738 115.936737061
0.978343725 0.033192459 0.204308167 62.231887817 -0.032916307 0.999446869 -0.004750835 -3.426057816 -0.204352781 -0.002077118 0.978895068 116.761344910
0.978044331 0.038802885 0.204752460 62.393653870 -0.037956893 0.999246895 -0.008059112 -3.440129757 -0.204910949 0.000110400 0.978780627 117.569641113
0.977461278 0.047597837 0.205678940 62.553237915 -0.046608914 0.998866558 -0.009653259 -3.450244904 -0.205905274 -0.000150786 0.978571892 118.403442383
0.976548612 0.053493757 0.208545402 62.717185974 -0.052699428 0.998566449 -0.009367349 -3.461309195 -0.208747551 -0.001842554 0.977967799 119.228668213
0.975727975 0.056107122 0.211676300 62.886215210 -0.055856507 0.998413146 -0.007168117 -3.484233379 -0.211742580 -0.004829369 0.977313519 120.066352844
0.975198328 0.056402564 0.214025304 63.065456390 -0.056038093 0.998398423 -0.007774622 -3.505498886 -0.214120984 -0.004411768 0.976797223 120.900909424
0.974853098 0.054747049 0.216019034 63.244636536 -0.053669602 0.998499811 -0.010855222 -3.515068054 -0.216289163 -0.001011407 0.976328850 121.734130859
0.974867046 0.048619833 0.217417493 63.435329437 -0.047665756 0.998816848 -0.009633718 -3.529546976 -0.217628568 -0.000971773 0.976031244 122.582290649
0.975156426 0.042130481 0.217474103 63.634765625 -0.040722217 0.999110460 -0.010955187 -3.554547787 -0.217742130 0.001826993 0.976004601 123.400566101
0.974894702 0.041367818 0.218789414 63.811786652 -0.039966580 0.999142408 -0.010828367 -3.574924469 -0.219049707 0.001812254 0.975712061 124.236183167
0.974334955 0.043982428 0.220764562 63.995941162 -0.043232564 0.999031246 -0.008229673 -3.588076115 -0.220912680 -0.001525759 0.975292385 125.084403992
0.973914564 0.046180733 0.222166315 64.176055908 -0.046842527 0.998899698 -0.002292443 -3.605070591 -0.222027749 -0.008174185 0.975006104 125.928771973
0.973514080 0.049937405 0.223106712 64.358825684 -0.051604737 0.998666346 0.001645563 -3.620590687 -0.222726971 -0.013115339 0.974792659 126.767417908
0.973286867 0.049374908 0.224220559 64.543655396 -0.049669370 0.998756409 -0.004330342 -3.642734051 -0.224155515 -0.006922228 0.974528849 127.598968506
0.973607898 0.044641629 0.223818541 64.732803345 -0.041448243 0.998960972 -0.018947959 -3.660385132 -0.224431843 0.009170999 0.974446654 128.396362305
