0.562897742 0.034921560 -0.825788438 193.790039062 -0.005347343 0.999239981 0.038611595 -8.913472176 0.826509237 -0.017318605 0.562656701 203.520294189
0.553180695 0.028374368 -0.832577884 193.260864258 -0.001725603 0.999456644 0.032915086 -8.889680862 0.833059490 -0.016771290 0.552929103 203.864089966
0.542415559 0.025265258 -0.839730263 192.710220337 0.000047153 0.999546766 0.030104168 -8.868189812 0.840110302 -0.016368564 0.542168617 204.212997437
0.531967700 0.020239579 -0.846522748 192.143005371 0.004866541 0.999624729 0.026958320 -8.850719452 0.846750617 -0.018460594 0.531669617 204.564208984
0.521264136 0.015113537 -0.853261471 191.561111450 0.010574572 0.999651968 0.024166588 -8.834245682 0.853329837 -0.021620054 0.520922840 204.922637939
0.511716485 0.011593082 -0.859076083 190.965270996 0.019025816 0.999510825 0.024821116 -8.817880630 0.858943701 -0.029046001 0.511245549 205.280426025
0.502266169 0.009825957 -0.864657223 190.350158691 0.023974152 0.999392867 0.025283312 -8.805483818 0.864380538 -0.033428382 0.501725674 205.646423340
0.493972123 0.010000054 -0.869420350 189.721221924 0.025884641 0.999321699 0.026200859 -8.788563728 0.869092405 -0.035447128 0.493378103 205.997833252
0.486616403 0.013238251 -0.873515487 189.068939209 0.026672488 0.999193907 0.030001584 -8.772151947 0.873208463 -0.037898097 0.485871017 206.354187012
0.480866730 0.016513007 -0.876638234 188.415084839 0.033010077 0.998772860 0.036920805 -8.750279427 0.876172125 -0.046691880 0.479731500 206.715728760
0.476387858 0.019763196 -0.879013181 187.745697021 0.038455382 0.998322308 0.043286856 -8.728679657 0.878393948 -0.054424122 0.474828571 207.089324951
0.473881751 0.021231966 -0.880332470 187.072555542 0.039551791 0.998187125 0.045365080 -8.705528259 0.879699826 -0.056316417 0.472182900 207.445251465
0.472007811 0.018590355 -0.881398320 186.392440796 0.040025841 0.998294711 0.042490628 -8.679029465 0.880685329 -0.055334616 0.470458835 207.809799194
0.470597565 0.014092431 -0.882235467 185.704727173 0.041114632 0.998436153 0.037879724 -8.652334213 0.881389558 -0.054098889 0.469282150 208.174468994
0.469526917 0.014751066 -0.882794917 185.003646851 0.039495293 0.998508692 0.037690714 -8.623394012 0.882034302 -0.052563045 0.468244046 208.541519165
0.468970597 0.018072531 -0.883028984 184.290771484 0.036992997 0.998511255 0.040082786 -8.599229813 0.882438660 -0.051463529 0.467603981 208.915039062
0.468224376 0.021312436 -0.883352578 183.572219849 0.033138976 0.998582065 0.041657995 -8.575135231 0.882987976 -0.048778687 0.466854274 209.284011841
0.467372119 0.021299314 -0.883804142 182.836090088 0.028028775 0.998850346 0.038894016 -8.550655365 0.883616269 -0.042949930 0.466237694 209.665405273
0.467179358 0.018476587 -0.883969545 182.105270386 0.025962323 0.999063969 0.034603402 -8.530121803 0.883781254 -0.039115898 0.466262281 210.044311523
0.466417551 0.013845035 -0.884456336 181.362442017 0.024658946 0.999285340 0.028646423 -8.501073837 0.884220898 -0.035170954 0.465742856 210.435882568
0.466640383 0.013029642 -0.884351194 180.611129761 0.024004703 0.999336481 0.027390212 -8.483249664 0.884121299 -0.034009967 0.466018081 210.820831299
0.466974974 0.014704719 -0.884148180 179.841094971 0.024642337 0.999256909 0.029634343 -8.467770576 0.883926988 -0.035625979 0.466265678 211.217498779
0.466850430 0.018803127 -0.884136438 179.080062866 0.026119370 0.999044597 0.035038710 -8.446051598 0.883950531 -0.039450925 0.465913206 211.633880615
0.466867149 0.023388658 -0.884018183 178.310272217 0.027975313 0.998759270 0.041198689 -8.424263000 0.883884907 -0.043965004 0.465633512 212.045349121
0.467576981 0.026908457 -0.883542836 177.531555176 0.027655069 0.998601973 0.045047857 -8.395702362 0.883519709 -0.045497775 0.466179073 212.448608398
0.467920929 0.028189437 -0.883320630 176.744796753 0.023870073 0.998723567 0.044516958 -8.375322342 0.883447886 -0.041915346 0.466650665 212.859252930
0.468877107 0.028148733 -0.882814765 175.963897705 0.018882670 0.998944223 0.041880433 -8.346349716 0.883061409 -0.036306672 0.467850596 213.262695312
0.469193429 0.024276188 -0.882761717 175.186889648 0.019577194 0.999090552 0.037880663 -8.317659378 0.882878423 -0.035055354 0.468291372 213.677917480
0.469355315 0.024518922 -0.882668853 174.419952393 0.019448901 0.999084830 0.038094610 -8.295621872 0.882795095 -0.035046849 0.468448907 214.081420898
0.469147950 0.024891872 -0.882768750 173.646743774 0.019810166 0.999054492 0.038698968 -8.273855209 0.882897317 -0.035643335 0.468211293 214.489578247
0.468720436 0.026025983 -0.882963061 172.872283936 0.021373082 0.998939157 0.040790346 -8.250493050 0.883087993 -0.037990909 0.467666924 214.904907227
0.468110740 0.025611445 -0.883298576 172.094787598 0.022186322 0.998924196 0.040721841 -8.226876259 0.883391321 -0.038659468 0.467038870 215.320037842
0.468118548 0.028221510 -0.883214891 171.317352295 0.019207727 0.998928845 0.042099345 -8.203149796 0.883457005 -0.036672037 0.467074990 215.720413208
0.468214840 0.029493470 -0.883122325 170.545318604 0.020302847 0.998819768 0.044121590 -8.178964615 0.883381426 -0.038588274 0.467063457 216.130447388
0.468274832 0.027862998 -0.883143425 169.781097412 0.024889849 0.998690009 0.044705976 -8.154737473 0.883232355 -0.042915985 0.466967881 216.541748047
0.467750072 0.023668252 -0.883543789 169.016372681 0.025663637 0.998856246 0.040343605 -8.136591911 0.883488178 -0.041545674 0.466607630 216.945220947
0.466983706 0.015520962 -0.884129643 168.260162354 0.025951421 0.999174774 0.031247722 -8.115717888 0.883885205 -0.037536599 0.466195524 217.341491699
0.465649128 0.010787289 -0.884903729 167.497543335 0.028510068 0.999223888 0.027183296 -8.092136383 0.884510219 -0.037886545 0.464980125 217.739730835
0.464561045 0.012457444 -0.885453522 166.750640869 0.032580692 0.998983681 0.031148452 -8.077419281 0.884941757 -0.043319058 0.463682950 218.138900757
0.463979244 0.019362850 -0.885634482 165.996322632 0.030458612 0.998821199 0.037794594 -8.069778442 0.885322332 -0.044511113 0.462842584 218.529495239
0.463633865 0.021177690 -0.885773778 165.255767822 0.026573371 0.998932302 0.037792262 -8.052394867 0.885628402 -0.041059777 0.462576061 218.902679443
0.462837666 0.017851425 -0.886263192 164.528594971 0.027762996 0.999014795 0.034621309 -8.035140038 0.886008203 -0.040629376 0.461886019 219.282257080
0.461711377 0.014820728 -0.886906326 163.820648193 0.032686349 0.998897016 0.033708226 -8.017944336 0.886427879 -0.044553209 0.460717648 219.660308838
0.460750014 0.016897233 -0.887369096 163.127822876 0.032571148 0.998823285 0.035931513 -8.006967545 0.886932135 -0.045458071 0.459657520 220.015396118
0.459418505 0.019503083 -0.888005793 162.449920654 0.032920841 0.998697996 0.038966112 -7.993627548 0.887609720 -0.047135636 0.458178282 220.363647461
0.456629395 0.017714843 -0.889480591 161.792892456 0.035278220 0.998654842 0.037999798 -7.980146885 0.888957322 -0.048731122 0.455390155 220.704574585
0.453281254 0.017438408 -0.891196907 161.154022217 0.036112376 0.998628557 0.037908062 -7.966159821 0.890635788 -0.049366262 0.452029765 221.026870728
0.448916525 0.020228950 -0.893344760 160.535537720 0.033002011 0.998686314 0.039198216 -7.952241898 0.892964065 -0.047078893 0.447659105 221.330337524
0.443122208 0.020687021 -0.896222591 159.928909302 0.031945039 0.998734415 0.038847938 -7.932721615 0.895891786 -0.045844242 0.441900492 221.621231079
0.435562819 0.024762390 -0.899817765 159.345748901 0.028842388 0.998724461 0.041445583 -7.921898842 0.899696052 -0.044005051 0.434292942 221.896194458
0.427976936 0.027069690 -0.903384209 158.770614624 0.027299982 0.998708010 0.042859375 -7.913918972 0.903377235 -0.043005198 0.426685005 222.150711060
0.418477535 0.025595397 -0.907866478 158.220916748 0.025011724 0.998898864 0.039690930 -7.903722763 0.907882690 -0.039317071 0.417376578 222.391479492
0.406855345 0.019149888 -0.913291931 157.679809570 0.027587824 0.999066591 0.033238310 -7.896401882 0.913075864 -0.038718920 0.405947387 222.626220703
0.391466171 0.010921534 -0.920127690 157.144485474 0.032839879 0.999126792 0.025830869 -7.885137558 0.919606268 -0.040328793 0.390765637 222.853851318
0.371611536 0.007103043 -0.928361177 156.605194092 0.036048722 0.999106228 0.022074174 -7.877632141 0.927688181 -0.041669246 0.371023268 223.057525635
0.345955074 0.008716574 -0.938210666 156.056030273 0.035133615 0.999135256 0.022237739 -7.866079330 0.937593102 -0.040655985 0.345349610 223.244583130
0.316502869 0.014973475 -0.948473454 155.484512329 0.032010619 0.999137342 0.026455147 -7.854908943 0.948051333 -0.038734339 0.315750539 223.413253784
0.285040557 0.020953253 -0.958286464 154.931579590 0.028871983 0.999119759 0.030434001 -7.846404076 0.958080590 -0.036342554 0.284184545 223.571304321
0.251176655 0.025572188 -0.967603505 154.375656128 0.026413992 0.999097645 0.033261240 -7.833573818 0.967580855 -0.033912715 0.250274450 223.694580078
0.216380566 0.030783772 -0.975823700 153.832244873 0.022506600 0.999079883 0.036508068 -7.833031654 0.976049721 -0.029862108 0.215488568 223.779769897
0.180883676 0.033647310 -0.982928813 153.281326294 0.020367727 0.999072194 0.037948094 -7.819732666 0.983293533 -0.026884215 0.180030495 223.861740112
0.145872787 0.035626035 -0.988661706 152.732269287 0.018310152 0.999082983 0.038703144 -7.809193611 0.989133775 -0.023748282 0.145086706 223.910934448
0.111085236 0.037409093 -0.993106604 152.182525635 0.016786564 0.999078214 0.039511714 -7.797371864 0.993669093 -0.021060014 0.110354878 223.940795898
0.075814210 0.038921081 -0.996362090 151.632385254 0.014762560 0.999084592 0.040150724 -7.786785126 0.997012675 -0.017752850 0.075170219 223.964431763
0.041018248 0.037809633 -0.998442829 151.062866211 0.010175506 0.999216139 0.038256951 -7.772352695 0.999106586 -0.011728894 0.040601343 223.959228516
0.009361789 0.037565388 -0.999250352 150.490875244 0.002438974 0.999290287 0.037589736 -7.748706818 0.999953330 -0.002789051 0.009263508 223.922760010
-0.017855762 0.039534703 -0.999058664 149.921432495 -0.001768977 0.999215305 0.039572507 -7.728773117 0.999838948 0.002473902 -0.017771870 223.889038086
-0.040336311 0.043875031 -0.998222411 149.326766968 -0.001448763 0.999031842 0.043969147 -7.701862812 0.999185085 0.003219739 -0.040233683 223.849822998
-0.058200594 0.051058322 -0.996998310 148.719039917 -0.002890983 0.998678386 0.051313128 -7.679913521 0.998300731 0.005868760 -0.057976030 223.797363281
-0.071941838 0.057762340 -0.995734870 148.096603394 -0.005490174 0.998283625 0.058306858 -7.655277252 0.997393787 0.009661458 -0.071501248 223.741638184
-0.083398312 0.058548160 -0.994794846 147.459304810 -0.010453173 0.998166263 0.059622921 -7.625636578 0.996461511 0.015371213 -0.082633287 223.671585083
-0.092694879 0.059221718 -0.993931830 146.823760986 -0.014545070 0.998042583 0.060823139 -7.589780807 0.995588362 0.020094806 -0.091651998 223.595764160
-0.097450130 0.059903968 -0.993435919 146.164703369 -0.013567580 0.998014271 0.061510935 -7.556015015 0.995147943 0.019472770 -0.096443824 223.523559570
-0.099943116 0.059555236 -0.993209124 145.495574951 -0.009840930 0.998099148 0.060838696 -7.516616821 0.994944513 0.015854513 -0.099167049 223.455078125
-0.101868421 0.059591059 -0.993011475 144.786636353 -0.004610782 0.998165250 0.060373336 -7.478208542 0.994787216 0.010728701 -0.101406783 223.386383057
-0.102989204 0.056999125 -0.993048131 144.082000732 -0.002643366 0.998337507 0.057576887 -7.438855648 0.994679034 0.008554791 -0.102667339 223.311828613
-0.103166647 0.052706260 -0.993266702 143.364440918 0.001208524 0.998600960 0.052863799 -7.406269073 0.994663417 0.004253400 -0.103086054 223.235946655
-0.103490889 0.048613377 -0.993441701 142.619003296 0.006017940 0.998817205 0.048249513 -7.373046875 0.994612217 -0.000985086 -0.103661031 223.169525146
-0.103086598 0.046603128 -0.993580103 141.868392944 0.008615559 0.998906255 0.045959055 -7.334701061 0.994635165 -0.003822484 -0.103375450 223.092971802
-0.102177948 0.048714880 -0.993572652 141.097976685 0.008658674 0.998806000 0.048081022 -7.297572136 0.994728386 -0.003690202 -0.102477841 223.009643555
-0.100710452 0.054328628 -0.993431449 140.302368164 0.009084988 0.998516560 0.053685732 -7.258976460 0.994874239 -0.003618599 -0.101054713 222.929534912
-0.099075601 0.057139136 -0.993438065 139.492736816 0.010033078 0.998356700 0.056421436 -7.219484329 0.995029271 -0.004377253 -0.099486142 222.851318359
-0.096238226 0.052804329 -0.993956685 138.681640625 0.007433702 0.998602211 0.052331362 -7.184073925 0.995330453 -0.002352502 -0.096496210 222.766632080
-0.092269480 0.044214085 -0.994751930 137.871170044 0.005573413 0.999020994 0.043886863 -7.147474766 0.995718479 -0.001494745 -0.092425615 222.677230835
-0.088108152 0.038437061 -0.995368958 137.027282715 0.009528171 0.999242008 0.037743203 -7.105320930 0.996065259 -0.006158559 -0.088407733 222.605407715
-0.083641186 0.039497063 -0.995712817 136.168502808 0.014955628 0.999151349 0.038377166 -7.074331284 0.996383667 -0.011681595 -0.084160961 222.535644531
-0.078895032 0.042417545 -0.995980144 135.274734497 0.020431910 0.998953283 0.040925689 -7.047524929 0.996673584 -0.017120939 -0.079679161 222.472930908
-0.074777998 0.045473784 -0.996162951 134.371994019 0.021362375 0.998803556 0.043990746 -7.012619495 0.996971369 -0.017990861 -0.075659953 222.407592773
-0.070407577 0.047230341 -0.996399581 133.459396362 0.022771249 0.998694301 0.045730051 -6.966443062 0.997258484 -0.019469513 -0.071391165 222.345718384
-0.066463262 0.051405951 -0.996463776 132.542007446 0.025384724 0.998435736 0.049814556 -6.933006763 0.997465968 -0.021984117 -0.067664176 222.290145874
-0.063416891 0.052860595 -0.996586144 131.607818604 0.023576075 0.998396933 0.051456392 -6.892663002 0.997708619 -0.020232385 -0.064561509 222.227264404
-0.060458511 0.049112242 -0.996961772 130.648162842 0.030634269 0.998409629 0.047325820 -6.848720074 0.997700512 -0.027679944 -0.061867028 222.172607422
-0.059100870 0.044782408 -0.997247040 129.687133789 0.039748278 0.998306572 0.042474344 -6.807170391 0.997460425 -0.037128579 -0.060780883 222.128143311
-0.058818847 0.036597494 -0.997597516 128.724792480 0.038936272 0.998651385 0.034340449 -6.777011871 0.997509122 -0.036822863 -0.060164560 222.072341919
-0.058790445 0.031084463 -0.997786283 127.728538513 0.042600676 0.998682618 0.028602323 -6.745184898 0.997360945 -0.040824823 -0.060037285 222.015029907
-0.058832966 0.029531954 -0.997830927 126.734230042 0.045418035 0.998606384 0.026877020 -6.714990139 0.997234106 -0.043738265 -0.060092323 221.958328247
-0.057957262 0.037314806 -0.997621417 125.703483582 0.038903587 0.998626590 0.035092279 -6.693969727 0.997560740 -0.036777198 -0.059329301 221.884735107
-0.057955522 0.049051102 -0.997113347 124.673263550 0.035475098 0.998262763 0.047045700 -6.659890652 0.997688651 -0.032646134 -0.059594914 221.809555054
-0.059815466 0.058578223 -0.996489167 123.646423340 0.033404525 0.997834980 0.056652185 -6.619848251 0.997650385 -0.029898571 -0.061642766 221.741821289
-0.062093262 0.058505267 -0.996354103 122.627105713 0.034542426 0.997808397 0.056437954 -6.578313351 0.997472465 -0.030912073 -0.063978136 221.671264648
-0.064764164 0.048356660 -0.996728301 121.619911194 0.038171761 0.998214245 0.045948468 -6.534038544 0.997170269 -0.035071060 -0.066494405 221.603210449
-0.067520134 0.039582320 -0.996932447 120.602989197 0.039637450 0.998530328 0.036961198 -6.504699230 0.996930182 -0.037020233 -0.068989873 221.539794922
-0.070432737 0.036723502 -0.996840358 119.583099365 0.040884852 0.998588622 0.033899151 -6.480792999 0.996678293 -0.038368054 -0.071834795 221.467285156
-0.072974682 0.038440544 -0.996592760 118.557258606 0.041238673 0.998518705 0.035495162 -6.451116085 0.996480942 -0.038507916 -0.074451774 221.388687134
-0.075232632 0.042409152 -0.996263802 117.540214539 0.039221596 0.998447955 0.039540313 -6.427338600 0.996394396 -0.036100339 -0.076779209 221.299316406
-0.077458024 0.049419545 -0.995769978 116.505004883 0.039520226 0.998137951 0.046462897 -6.390382290 0.996212065 -0.035754137 -0.079266936 221.224441528
-0.078671902 0.057495840 -0.995241165 115.482467651 0.038575254 0.997763276 0.054592248 -6.353294373 0.996153951 -0.034096807 -0.080713779 221.140426636
-0.079926476 0.057827920 -0.995122015 114.469635010 0.036309190 0.997822106 0.055068549 -6.314362049 0.996139169 -0.031730637 -0.081851982 221.053573608
-0.080750585 0.051055733 -0.995425940 113.474220276 0.033897858 0.998250127 0.048450746 -6.279016018 0.996157765 -0.029830376 -0.082340032 220.958419800
-0.081908308 0.043694392 -0.995681643 112.479255676 0.036217093 0.998509049 0.040839128 -6.241266251 0.995981634 -0.032715630 -0.083368622 220.878387451
-0.081983298 0.042617943 -0.995722115 111.478530884 0.035656843 0.998571038 0.039804064 -6.210554600 0.995995641 -0.032241035 -0.083385766 220.788055420
-0.081048302 0.047327347 -0.995585859 110.475227356 0.037991848 0.998292804 0.044363193 -6.183656216 0.995985746 -0.034228593 -0.082707994 220.699615479
-0.081015944 0.054113917 -0.995242715 109.474296570 0.037428964 0.997985959 0.051216230 -6.143815041 0.996009827 -0.033101570 -0.082878202 220.615509033
-0.080574356 0.056312647 -0.995156527 108.486190796 0.039151475 0.997811139 0.053292893 -6.113027096 0.995979309 -0.034667809 -0.082602650 220.533233643
-0.079578489 0.053266454 -0.995404422 107.489456177 0.039013959 0.997972608 0.050284877 -6.077305794 0.996064901 -0.034833066 -0.081495434 220.453582764
-0.078958251 0.047788098 -0.995731831 106.521499634 0.039606765 0.998212039 0.044766441 -6.042774677 0.996090829 -0.035903029 -0.080709912 220.380264282
-0.076920390 0.044174187 -0.996058226 105.551605225 0.040990632 0.998313487 0.041108713 -6.019827366 0.996194363 -0.037666958 -0.078601360 220.291534424
-0.076340429 0.036408976 -0.996416926 104.591827393 0.044126086 0.998477399 0.033103552 -5.996231556 0.996105015 -0.041440841 -0.077830762 220.220672607
-0.075453959 0.035196714 -0.996527970 103.617431641 0.045728687 0.998447537 0.031802081 -5.971137047 0.996100128 -0.043170325 -0.076946348 220.149383545
-0.074259222 0.040697489 -0.996408165 102.640975952 0.048741452 0.998120844 0.037134890 -5.941981792 0.996047139 -0.045808770 -0.076103359 220.080184937
-0.073055908 0.048340924 -0.996155620 101.672035217 0.053015858 0.997600615 0.044522971 -5.919185162 0.995917797 -0.049559377 -0.075443514 220.013549805
-0.071404427 0.048484515 -0.996268392 100.701126099 0.051859342 0.997647464 0.044834778 -5.892869949 0.996098399 -0.048464425 -0.073750854 219.939926147
-0.070789814 0.047276963 -0.996370196 99.738739014 0.051946085 0.997695506 0.043649197 -5.859024048 0.996137798 -0.048667617 -0.073082596 219.870178223
-0.070626751 0.045786377 -0.996451378 98.785453796 0.057373393 0.997478783 0.041767057 -5.829730511 0.995851517 -0.054219935 -0.073075630 219.804275513
-0.071317025 0.044347782 -0.996467352 97.830841064 0.059911136 0.997397780 0.040101375 -5.803512573 0.995652914 -0.056839570 -0.073788285 219.747299194
-0.072253019 0.043063648 -0.996456325 96.886985779 0.060268227 0.997430205 0.038735710 -5.778882980 0.995563745 -0.057255875 -0.074662708 219.676742554
-0.073513031 0.046739776 -0.996198416 95.937728882 0.064350665 0.997041762 0.042030696 -5.747793198 0.995216012 -0.061016217 -0.076303296 219.607635498
-0.074965321 0.052866813 -0.995783746 94.988342285 0.067594275 0.996566236 0.047819674 -5.716720581 0.994892538 -0.063724466 -0.078281432 219.539459229
-0.077118672 0.053746618 -0.995572209 94.059341431 0.066317782 0.996611059 0.048665620 -5.685455322 0.994813859 -0.062271114 -0.080421664 219.460144043
-0.079535216 0.052564487 -0.995445192 93.132804871 0.066816397 0.996644020 0.047289215 -5.656873226 0.994590223 -0.062750906 -0.082780540 219.381530762
-0.083058633 0.053656228 -0.995099127 92.212295532 0.066184677 0.996641815 0.048215128 -5.620815277 0.994344473 -0.061855622 -0.086331010 219.304779053
-0.086212993 0.057773400 -0.994600296 91.293663025 0.063797846 0.996588409 0.052358821 -5.591579437 0.994231939 -0.058939345 -0.089604706 219.220153809
-0.089288943 0.058402833 -0.994292080 90.395042419 0.060677283 0.996744215 0.053097952 -5.557697773 0.994155765 -0.055589888 -0.092541970 219.126922607
-0.092136756 0.056120623 -0.994163752 89.511428833 0.058505349 0.996990800 0.050858073 -5.523784161 0.994026124 -0.053478006 -0.095142879 219.031692505
-0.094948560 0.054027781 -0.994014859 88.638999939 0.059696041 0.997038245 0.048489913 -5.486401081 0.993690610 -0.054734718 -0.097892568 218.952224731
-0.097019248 0.052895118 -0.993875921 87.777404785 0.059389517 0.997115076 0.047270082 -5.459823608 0.993508935 -0.054439697 -0.099880710 218.861694336
-0.098227620 0.052444767 -0.993781149 86.933380127 0.057363335 0.997248411 0.046957824 -5.431755543 0.993509293 -0.052394036 -0.100965738 218.775604248
-0.098932609 0.051253196 -0.993773401 86.114845276 0.055695437 0.997392476 0.045895223 -5.406398296 0.993534207 -0.050808106 -0.101529233 218.690246582
-0.099212885 0.052456599 -0.993682623 85.302833557 0.054780699 0.997383058 0.047182441 -5.382425785 0.993557155 -0.049753517 -0.101826906 218.606567383
-0.098709054 0.054557443 -0.993619621 84.520874023 0.052565761 0.997387767 0.049542304 -5.357689857 0.993726969 -0.047340095 -0.101319171 218.523574829
-0.097228080 0.055740938 -0.993699908 83.762855530 0.049133353 0.997481823 0.051145643 -5.338494301 0.994048595 -0.043851018 -0.099722020 218.443557739
-0.094593517 0.056618776 -0.993904591 83.024749756 0.048354723 0.997464240 0.052219454 -5.313735962 0.994340956 -0.043120362 -0.097091489 218.371658325
-0.090289861 0.057986323 -0.994225979 82.311698914 0.049064688 0.997350216 0.053712770 -5.287483215 0.994706154 -0.043931667 -0.092895776 218.313873291
-0.083880708 0.059203979 -0.994715512 81.616851807 0.048005138 0.997314513 0.055310573 -5.260473728 0.995318830 -0.043111965 -0.086497553 218.253540039
-0.075673118 0.059393574 -0.995362282 80.935653687 0.046167161 0.997362673 0.056003045 -5.236176014 0.996063292 -0.041715126 -0.078215644 218.197540283
-0.065265298 0.058913350 -0.996127367 80.279396057 0.044210766 0.997446179 0.056094710 -5.213745117 0.996888161 -0.040378511 -0.067703217 218.161911011
-0.051258579 0.056141634 -0.997106254 79.641204834 0.043717954 0.997587800 0.053921320 -5.185820580 0.997728109 -0.040827509 -0.053589448 218.129699707
-0.034128092 0.053365283 -0.997991741 79.021011353 0.044355005 0.997670352 0.051831305 -5.161459446 0.998432815 -0.042497013 -0.036415700 218.112396240
-0.013431054 0.052590851 -0.998525798 78.424613953 0.046858110 0.997551978 0.051909272 -5.146233559 0.998811305 -0.046091832 -0.015862525 218.109420776
0.009471409 0.052149672 -0.998594403 77.825828552 0.046709977 0.997525990 0.052536912 -5.118885517 0.998863697 -0.047141913 0.007012017 218.119537354
0.033934802 0.052325211 -0.998053372 77.249801636 0.045244601 0.997524261 0.053835843 -5.090898514 0.998399436 -0.046983436 0.031483442 218.167968750
0.062575720 0.053736228 -0.996592581 76.660247803 0.041276257 0.997555852 0.056379896 -5.066236019 0.997186303 -0.044663623 0.060204774 218.209182739
0.093370363 0.054335915 -0.994147658 76.076515198 0.038451694 0.997567952 0.058134239 -5.045423985 0.994888723 -0.043654680 0.091053948 218.279937744
0.127875447 0.052619819 -0.990393400 75.500289917 0.037487756 0.997621536 0.057844117 -5.021353722 0.991081595 -0.044524465 0.125598654 218.366744995
0.166813985 0.049008481 -0.984769702 74.920814514 0.032221876 0.997959495 0.055123094 -4.994152069 0.985461831 -0.040926434 0.164894402 218.452178955
0.207403332 0.045897961 -0.977178216 74.354209900 0.024292884 0.998349130 0.052048448 -4.977468014 0.977953970 -0.034533501 0.205945835 218.564102173
0.247395262 0.042933401 -0.967962980 73.834587097 0.017852189 0.998646259 0.048857063 -4.952564240 0.968750179 -0.029367268 0.246293902 218.731094360
0.292009145 0.041852590 -0.955499351 73.293144226 0.010021671 0.998853385 0.046814285 -4.935998917 0.956363082 -0.023245903 0.291254818 218.908752441
0.340691239 0.041913945 -0.939240515 72.755172729 0.000324692 0.999000430 0.044698540 -4.921567917 0.940175235 -0.015533363 0.340337127 219.103179932
0.390951514 0.041120533 -0.919492304 72.239959717 -0.011499950 0.999141812 0.039792962 -4.890776157 0.920339465 -0.004983006 0.391088903 219.332504272
0.442886859 0.041708387 -0.895606935 71.739494324 -0.011150081 0.999096453 0.041014064 -4.875405788 0.896508336 -0.008178500 0.442951739 219.607086182
0.495196790 0.045396078 -0.867594004 71.251968384 -0.015074234 0.998932481 0.043664329 -4.871997833 0.868650138 -0.008544119 0.495352507 219.913650513
0.548058867 0.048668668 -0.835022748 70.826492310 -0.018094782 0.998762071 0.046335761 -4.844106674 0.836244106 -0.010285173 0.548260987 220.232086182
0.599024653 0.049978469 -0.799169481 70.381523132 -0.018601324 0.998649478 0.048510760 -4.829209328 0.800514460 -0.014193531 0.599145293 220.602554321
0.646500587 0.047897030 -0.761408567 69.963401794 -0.017784573 0.998702347 0.047723565 -4.813031197 0.762706161 -0.017311983 0.646513343 221.005340576
0.689997017 0.043600690 -0.722497821 69.571701050 -0.017803876 0.998904526 0.043278046 -4.804108143 0.723593116 -0.016998461 0.690017343 221.423797607
0.731454730 0.039683320 -0.680734396 69.188385010 -0.022836929 0.999170780 0.033708058 -4.778753281 0.681507587 -0.009110032 0.731754303 221.839965820
0.768475711 0.038308647 -0.638731241 68.837066650 -0.032147814 0.999257028 0.021253653 -4.763077736 0.639070928 0.004200902 0.769136190 222.294738770
0.802871585 0.031873703 -0.595299363 68.510444641 -0.031214070 0.999447584 0.011414761 -4.749474525 0.595334411 0.009417128 0.803422809 222.775390625
0.834581256 0.022890445 -0.550409138 68.216110229 -0.022901442 0.999714255 0.006850889 -4.741975784 0.550408721 0.006887543 0.834866881 223.302185059
0.864491224 0.017443538 -0.502345085 67.930320740 -0.016986599 0.999840677 0.005486250 -4.737164497 0.502360702 0.003790319 0.864649892 223.837112427
0.890446007 0.017457716 -0.454753935 67.676971436 -0.016060282 0.999846995 0.006936120 -4.737803459 0.454805315 0.001127237 0.890590191 224.398529053
0.912722707 0.017985707 -0.408183515 67.443847656 -0.016956378 0.999837279 0.006140160 -4.742562771 0.408227503 0.001317049 0.912879288 224.984924316
0.931944549 0.015205767 -0.362281978 67.239013672 -0.013842217 0.999884009 0.006359212 -4.743683338 0.362336457 -0.000911645 0.932046950 225.586822510
0.948307157 0.014550273 -0.317020267 67.044418335 -0.013398919 0.999893188 0.005811727 -4.746515274 0.317071021 -0.001263572 0.948400974 226.208343506
0.962014973 0.018338168 -0.272379994 66.878463745 -0.017900938 0.999831319 0.004090264 -4.750636101 0.272409171 0.000940958 0.962181032 226.845687866
0.972946048 0.017514259 -0.230367795 66.741874695 -0.017960222 0.999838591 0.000161082 -4.759830475 0.230333537 0.003980731 0.973103642 227.501235962
0.981116414 0.006689347 -0.193302304 66.630706787 -0.008756604 0.999913216 -0.009842021 -4.763017654 0.193219870 0.011348833 0.981089830 228.167831421
0.986675501 0.000727072 -0.162699163 66.541534424 -0.003782380 0.999822259 -0.018469932 -4.772229195 0.162656814 0.018839216 0.986502826 228.842376709
0.990827084 -0.000869241 -0.135133237 66.459022522 -0.002022160 0.999772012 -0.021257859 -4.782637596 0.135120869 0.021336120 0.990599334 229.527694702
0.993630528 -0.000430363 -0.112686224 66.388015747 -0.001458667 0.999859810 -0.016680634 -4.793047905 0.112677589 0.016738761 0.993490577 230.236206055
0.995516121 0.000045236 -0.094591379 66.333641052 -0.000643566 0.999980032 -0.006295005 -4.808421612 0.094589226 0.006327653 0.995496392 230.968414307
0.996921241 0.002847434 -0.078356273 66.269134521 -0.002569482 0.999990106 0.003647774 -4.820732117 0.078365892 -0.003435208 0.996918857 231.698791504
0.997820973 -0.000485306 -0.065976411 66.228958130 0.000970831 0.999972761 0.007327117 -4.826951981 0.065971062 -0.007375205 0.997794390 232.445281982
0.998277843 -0.009483799 -0.057890266 66.195915222 0.009882364 0.999929428 0.006602224 -4.826212406 0.057823587 -0.007162950 0.998301268 233.209747314
0.998471200 -0.014949840 -0.053215086 66.172576904 0.015141036 0.999880314 0.003191526 -4.831516266 0.053161085 -0.003992381 0.998577952 233.959640503
0.998618484 -0.017852811 -0.049422197 66.134452820 0.017846530 0.999840617 -0.000568368 -4.836662292 0.049424499 -0.000314437 0.998777747 234.721191406
0.998623967 -0.019623384 -0.048631512 66.103996277 0.019463854 0.999803543 -0.003751807 -4.843983650 0.048695620 0.002800078 0.998809755 235.504943848
0.998613477 -0.020853745 -0.048336394 66.063018799 0.020740543 0.999780893 -0.002842408 -4.847000599 0.048385084 0.001835950 0.998827219 236.272262573
0.998649478 -0.021748014 -0.047185630 66.022422791 0.021788368 0.999762654 0.000341087 -4.850813389 0.047167048 -0.001368725 0.998886228 237.072647095
0.998504519 -0.026947090 -0.047566459 65.992195129 0.027102992 0.999629259 0.002635532 -4.862992287 0.047477793 -0.003920785 0.998864651 237.877822876
0.998350501 -0.029775184 -0.049090326 65.961303711 0.029650807 0.999555111 -0.003259822 -4.872911930 0.049165517 0.001798883 0.998789072 238.673248291
0.998280942 -0.032185245 -0.048983667 65.917816162 0.031672422 0.999435544 -0.011209901 -4.881273270 0.049316846 0.009639197 0.998736739 239.481933594
0.997847438 -0.042223293 -0.050178163 65.885009766 0.041390527 0.998989463 -0.017521873 -4.894292831 0.050867338 0.015407253 0.998586655 240.314208984
0.997275054 -0.052249320 -0.052080512 65.867912292 0.051255353 0.998480380 -0.020242384 -4.912168503 0.053059071 0.017517824 0.998437762 241.114028931
0.996684074 -0.061207626 -0.053612679 65.835632324 0.060199976 0.997981608 -0.020214245 -4.935441017 0.054741703 0.016919741 0.998357236 241.955169678
0.996241271 -0.066216603 -0.055845145 65.791900635 0.065445401 0.997735262 -0.015529201 -4.950681686 0.056747079 0.011816019 0.998318672 242.824172974
0.996075392 -0.065755837 -0.059244916 65.753448486 0.065375030 0.997825861 -0.008345236 -4.964642525 0.059664942 0.004439343 0.998208702 243.690765381
0.996157765 -0.062272042 -0.061578721 65.691238403 0.062402416 0.998051047 0.000194339 -4.982892513 0.061446697 -0.004036263 0.998102307 244.553207397
0.996462286 -0.055172622 -0.063394286 65.623870850 0.055544738 0.998447776 0.004121078 -4.985772133 0.063068606 -0.007627720 0.997980118 245.426208496
0.996746421 -0.048436917 -0.064423919 65.555290222 0.049076956 0.998759747 0.008388449 -4.994410038 0.063937724 -0.011522884 0.997887373 246.312377930
0.996978700 -0.041260734 -0.065811276 65.489074707 0.041956220 0.999076903 0.009220310 -4.999941826 0.065370120 -0.011953647 0.997789562 247.215728760
0.997008145 -0.040056333 -0.066107184 65.425476074 0.040374588 0.999178469 0.003484582 -4.999739170 0.065913200 -0.006143197 0.997806430 248.103591919
0.997027457 -0.038898669 -0.066505067 65.361297607 0.038594484 0.999237835 -0.005853171 -5.006744862 0.066682085 0.003269046 0.997768998 249.003692627
0.997089922 -0.037531927 -0.066355564 65.301002502 0.036835670 0.999252975 -0.011686066 -5.014810562 0.066744603 0.009207807 0.997727573 249.913238525
0.997130215 -0.036607105 -0.066266350 65.244750977 0.035902765 0.999285758 -0.011789162 -5.024236679 0.066650681 0.009376172 0.997732222 250.839370728
0.997303605 -0.032716122 -0.065689482 65.179946899 0.032385662 0.999456882 -0.006089506 -5.037904263 0.065853015 0.003945685 0.997821510 251.783355713
0.997571290 -0.027568553 -0.063966081 65.109291077 0.027531715 0.999619842 -0.001457210 -5.055166721 0.063981920 -0.000307433 0.997950971 252.734634399
0.997723103 -0.024861218 -0.062693328 65.044471741 0.025144380 0.999676824 0.003731558 -5.057291031 0.062580347 -0.005299449 0.998025894 253.699584961
0.997852027 -0.022612927 -0.061480183 64.983650208 0.023168132 0.999696791 0.008332821 -5.056381702 0.061273076 -0.009739302 0.998073518 254.669830322
0.998019516 -0.019742554 -0.059726369 64.912811279 0.020323422 0.999751747 0.009133764 -5.062755585 0.059531219 -0.010329518 0.998173118 255.654327393
0.998050451 -0.020122241 -0.059079498 64.858200073 0.020278718 0.999792278 0.002050128 -5.072198868 0.059026062 -0.003244188 0.998251200 256.631256104
0.998040199 -0.021260770 -0.058853269 64.789215088 0.020770308 0.999744475 -0.008933034 -5.074748039 0.059028208 0.007693128 0.998226643 257.634246826
0.997900665 -0.024571491 -0.059920728 64.734512329 0.023944799 0.999651134 -0.011154403 -5.083758354 0.060173988 0.009696197 0.998140752 258.637634277
0.997836828 -0.022317436 -0.061834246 64.669448853 0.022270432 0.999750912 -0.001449459 -5.095105171 0.061851200 0.000069246 0.998085380 259.669586182
0.997750819 -0.022571845 -0.063116997 64.601837158 0.023154821 0.999695539 0.008520078 -5.105078697 0.062905587 -0.009962372 0.997969747 260.710998535
0.997727990 -0.021195110 -0.063950963 64.525024414 0.021861695 0.999713540 0.009741581 -5.108712673 0.063726187 -0.011117518 0.997905612 261.765838623
0.997621655 -0.022321446 -0.065213792 64.458984375 0.022632420 0.999735773 0.004033598 -5.105215073 0.065106541 -0.005499946 0.997863233 262.791259766
0.997498333 -0.025099419 -0.066084869 64.390289307 0.025080865 0.999684751 -0.001110439 -5.111375332 0.066091873 -0.000549803 0.997813404 263.849853516
0.997464418 -0.023272358 -0.067253977 64.316024780 0.023155160 0.999728680 -0.002521822 -5.126565933 0.067294389 0.000958156 0.997732699 264.880371094
0.997411370 -0.023236642 -0.068049103 64.239234924 0.023260221 0.999729455 -0.000445851 -5.140704632 0.068041146 -0.001138141 0.997681916 265.944763184
0.997380257 -0.022890594 -0.068619594 64.164772034 0.023060400 0.999732673 0.001683493 -5.148495197 0.068562753 -0.003261478 0.997641444 267.006072998
0.997411966 -0.019361533 -0.069242269 64.089202881 0.019699123 0.999797165 0.004195966 -5.160401344 0.069147110 -0.005549125 0.997591138 268.066619873
0.997390032 -0.018328635 -0.069836162 64.009300232 0.018896667 0.999793470 0.007481809 -5.168070316 0.069684669 -0.008781953 0.997530460 269.138519287
0.997385263 -0.017992761 -0.069991179 63.931938171 0.018738257 0.999774277 0.010009393 -5.175698757 0.069795333 -0.011294729 0.997497499 270.190765381
0.997364044 -0.018505927 -0.070160925 63.859706879 0.019202117 0.999772727 0.009261357 -5.181423187 0.069973528 -0.010584187 0.997492671 271.262298584
0.997263551 -0.022136437 -0.070537299 63.789295197 0.022505026 0.999736845 0.004435053 -5.184554100 0.070420489 -0.006010366 0.997499228 272.333465576
0.997267246 -0.022325534 -0.070424967 63.705993652 0.022324050 0.999750435 -0.000808274 -5.186987877 0.070425391 -0.000766109 0.997516751 273.382019043
0.997182846 -0.022135755 -0.071668714 63.632644653 0.022193793 0.999753654 0.000013478 -5.212292671 0.071650565 -0.001604032 0.997428536 274.442321777
0.997029603 -0.024828553 -0.072907381 63.558494568 0.024774544 0.999691725 -0.001645130 -5.227532387 0.072925664 -0.000165996 0.997337401 275.497375488
0.996945143 -0.024392098 -0.074198462 63.476051331 0.024000075 0.999692917 -0.006170652 -5.248168468 0.074326083 0.004371037 0.997224510 276.536254883
0.996880174 -0.023963882 -0.075204365 63.390331268 0.023470610 0.999696851 -0.007436136 -5.257587433 0.075359747 0.005647849 0.997140348 277.595245361
0.996842265 -0.022384854 -0.076186478 63.315307617 0.022457998 0.999747932 0.000103358 -5.272185326 0.076164931 -0.001814019 0.997093558 278.622009277
0.996818304 -0.021687590 -0.076700903 63.231147766 0.022440463 0.999708056 0.008967377 -5.284094334 0.076484047 -0.010660047 0.997013807 279.677490234
0.996853769 -0.020281715 -0.076623157 63.142349243 0.021036301 0.999737799 0.009053660 -5.287985802 0.076419413 -0.010637036 0.997019053 280.728057861
0.996950984 -0.018777922 -0.075737387 63.068367004 0.019054629 0.999814212 0.002932513 -5.300887108 0.075668246 -0.004366722 0.997123480 281.751617432
0.997072756 -0.015901284 -0.074787512 62.983848572 0.015876738 0.999873579 -0.000922760 -5.308338165 0.074792825 -0.000267329 0.997198999 282.791137695
0.997225463 -0.013789310 -0.073152609 62.893074036 0.013632170 0.999903560 -0.002646885 -5.317542076 0.073182046 0.001642310 0.997317255 283.828979492
0.997336745 -0.010887097 -0.072118253 62.816772461 0.010985024 0.999939322 0.000961282 -5.340802670 0.072103471 -0.001750940 0.997395635 284.861846924
0.997411311 -0.009143289 -0.071324483 62.736900330 0.009339549 0.999953568 0.002418568 -5.350662231 0.071299061 -0.003078443 0.997450292 285.904693604
0.997466147 -0.005565366 -0.070926905 62.659004211 0.005932981 0.999970019 0.004973364 -5.355910778 0.070897095 -0.005381566 0.997469068 286.940093994
0.997500956 -0.005546249 -0.070435077 62.578842163 0.005754698 0.999979675 0.002756875 -5.374519348 0.070418470 -0.003155325 0.997512579 287.959838867
0.997482121 -0.005428362 -0.070710979 62.504222870 0.005389699 0.999985218 -0.000737564 -5.383969307 0.070714019 0.000354594 0.997496605 288.985321045
0.997490406 -0.003060443 -0.070736580 62.422107697 0.002812416 0.999989569 -0.003605710 -5.395050526 0.070746876 0.003397719 0.997488558 290.008056641
0.997513652 -0.001622353 -0.070454508 62.342868805 0.001591962 0.999998510 -0.000487546 -5.409922123 0.070455216 0.000374172 0.997514844 291.032165527
0.997561932 -0.000128601 -0.069787897 62.261978149 0.000318388 0.999996245 0.002708374 -5.421179771 0.069787331 -0.002723988 0.997558117 292.068664551
0.997584581 0.002316345 -0.069424652 62.184375763 -0.001821929 0.999972522 0.007184155 -5.431616783 0.069439411 -0.007040314 0.997561336 293.095825195
0.997535110 0.003702522 -0.070071340 62.109199524 -0.003234933 0.999971688 0.006785367 -5.439978600 0.070094466 -0.006541966 0.997518778 294.110290527
0.997528911 -0.000782831 -0.070253067 62.045860291 0.001236295 0.999978721 0.006411468 -5.443509579 0.070246607 -0.006482482 0.997508585 295.106567383
0.997365057 -0.006894101 -0.072217733 61.984771729 0.007209299 0.999965668 0.004104714 -5.454295158 0.072186999 -0.004614539 0.997380435 296.111450195
0.997241259 -0.006810333 -0.073916808 61.904701233 0.007061691 0.999970138 0.003139748 -5.460713387 0.073893286 -0.003653071 0.997259498 297.118835449
0.997061193 -0.004122131 -0.076498032 61.815380096 0.004110958 0.999991536 -0.000303384 -5.478116989 0.076498620 -0.000011988 0.997069716 298.140441895
0.996902287 -0.007890090 -0.078253001 61.734313965 0.008039970 0.999966443 0.001600457 -5.477616310 0.078237720 -0.002224651 0.996932268 299.172088623
0.996681094 -0.003009039 -0.081350207 61.640151978 0.003913009 0.999932349 0.010954969 -5.489515305 0.081311710 -0.011236936 0.996625423 300.196624756
0.996450782 0.000790093 -0.084174827 61.541717529 0.000757465 0.999831319 0.018351583 -5.497398376 0.084175006 -0.018350208 0.996282101 301.225646973
0.996171117 0.002126632 -0.087399125 61.466583252 -0.000512466 0.999829054 0.018487101 -5.499709129 0.087423563 -0.018371530 0.996001899 302.199035645
0.995893121 -0.000341346 -0.090535916 61.374984741 0.001607367 0.999902070 0.013911039 -5.497401714 0.090522312 -0.013999434 0.995796144 303.192810059
0.995575428 -0.005629940 -0.093797773 61.284309387 0.006128491 0.999968648 0.005027917 -5.499634743 0.093766667 -0.005580515 0.995578647 304.186920166
0.995245934 -0.009370006 -0.096941590 61.189857483 0.009290907 0.999955952 -0.001267284 -5.515016556 0.096949272 0.000360584 0.995289266 305.173187256
0.994843245 -0.012343692 -0.100670621 61.093582153 0.012377689 0.999923348 -0.000286892 -5.524118900 0.100666545 -0.000960659 0.994919777 306.160858154
0.994378150 -0.013199440 -0.105061390 60.984367371 0.013528445 0.999905527 0.002419482 -5.537727356 0.105019636 -0.003827197 0.994462848 307.159576416
0.993817568 -0.012449040 -0.110325664 60.875797272 0.012314167 0.999922335 -0.001903832 -5.551350117 0.110340923 0.000533491 0.993893623 308.127258301
0.993248224 -0.013775798 -0.115188166 60.759735107 0.013053152 0.999890029 -0.007025602 -5.562325478 0.115272380 0.005474600 0.993318915 309.107208252
0.992736697 -0.009434137 -0.119937025 60.631225586 0.008672146 0.999938846 -0.006873644 -5.570718765 0.119994521 0.005783610 0.992757678 310.095458984
