0.999999940 0.000000000 0.000000002 0.000000954 0.000000000 0.999999940 0.000000000 0.000000000 0.000000002 0.000000000 1.000000000 0.000000000
0.999996305 -0.002355772 -0.001325901 -0.006399819 0.002359613 0.999993026 0.002902539 -0.016171847 0.001319053 -0.002905658 0.999994934 1.521683335
0.999991715 -0.002835943 -0.002902128 -0.008426681 0.002846931 0.999988735 0.003788925 -0.035600521 0.002891351 -0.003797156 0.999988675 3.043148756
0.999989390 -0.001835487 -0.004210306 -0.025855772 0.001850588 0.999991775 0.003585594 -0.050535347 0.004203690 -0.003593346 0.999984741 4.557855129
0.999982238 -0.001053775 -0.005880926 -0.037268374 0.001074684 0.999993086 0.003553355 -0.067525938 0.005877143 -0.003559611 0.999976397 6.065287113
0.999972224 -0.001371669 -0.007329321 -0.050545260 0.001399130 0.999991953 0.003742957 -0.080651641 0.007324127 -0.003753109 0.999966085 7.568375111
0.999956012 -0.001502909 -0.009260966 -0.071261339 0.001542389 0.999989748 0.004257489 -0.095308572 0.009254472 -0.004271586 0.999947965 9.064399719
0.999939144 -0.003299036 -0.010513041 -0.094540387 0.003334952 0.999988616 0.003400665 -0.114748269 0.010501703 -0.003435521 0.999938905 10.561458588
0.999920428 -0.004520809 -0.011766487 -0.123089783 0.004563312 0.999983072 0.003587865 -0.129850507 0.011750067 -0.003641275 0.999924302 12.052536011
0.999904454 -0.004294289 -0.013133674 -0.138949171 0.004340657 0.999984384 0.003503843 -0.144006446 0.013118426 -0.003560519 0.999907613 13.534665108
0.999890745 -0.004127810 -0.014184652 -0.170095310 0.004177842 0.999985158 0.003499340 -0.156812087 0.014170000 -0.003558221 0.999893308 15.021007538
0.999881029 -0.002720034 -0.015175174 -0.182735845 0.002782695 0.999987662 0.004109569 -0.174263149 0.015163809 -0.004151308 0.999876380 16.484178543
0.999873757 -0.001597400 -0.015798103 -0.215630680 0.001672687 0.999987304 0.004753497 -0.187292606 0.015790306 -0.004779323 0.999863982 17.957118988
0.999865294 -0.000185293 -0.016411895 -0.242754459 0.000281096 0.999982893 0.005835296 -0.205997735 0.016410541 -0.005839122 0.999848247 19.435434341
0.999857664 -0.000103035 -0.016869294 -0.272894204 0.000198904 0.999983966 0.005681453 -0.214349315 0.016868442 -0.005684001 0.999841630 20.893022537
0.999847054 0.000597397 -0.017476588 -0.303509712 -0.000497513 0.999983549 0.005719047 -0.223007724 0.017479718 -0.005709477 0.999830961 22.351753235
0.999844253 0.001261058 -0.017597148 -0.337700844 -0.001149504 0.999979317 0.006348005 -0.236638024 0.017604792 -0.006326790 0.999825060 23.797090530
0.999845088 0.001980327 -0.017487234 -0.365902126 -0.001848745 0.999969840 0.007537375 -0.247206703 0.017501635 -0.007503878 0.999818683 25.246496201
0.999842286 0.002480934 -0.017584139 -0.394750446 -0.002372140 0.999977946 0.006205250 -0.258704841 0.017599147 -0.006162559 0.999826133 26.682722092
0.999842405 0.002743988 -0.017537467 -0.427353621 -0.002676115 0.999988794 0.003892455 -0.264285237 0.017547952 -0.003844909 0.999838710 28.109724045
0.999849558 0.001035899 -0.017311677 -0.453650296 -0.000969977 0.999992132 0.003815952 -0.282116830 0.017315499 -0.003798586 0.999842882 29.539777756
0.999855220 0.000299530 -0.017010286 -0.483974159 -0.000185492 0.999977469 0.006705299 -0.298923761 0.017011914 -0.006701174 0.999832928 30.947921753
0.999856412 -0.001370192 -0.016888928 -0.510840237 0.001502379 0.999968350 0.007816646 -0.309414923 0.016877677 -0.007840898 0.999826789 32.381370544
0.999853969 -0.001728195 -0.016997423 -0.540048540 0.001847213 0.999973893 0.006988906 -0.317470968 0.016984897 -0.007019282 0.999831140 33.779243469
0.999862611 -0.002262464 -0.016422691 -0.562744439 0.002348579 0.999983490 0.005226241 -0.330343038 0.016410602 -0.005264094 0.999851525 35.172264099
0.999876916 -0.000894522 -0.015664555 -0.596838355 0.000963006 0.999989927 0.004364917 -0.343197972 0.015660500 -0.004379465 0.999867797 36.526397705
0.999885142 -0.000559476 -0.015143308 -0.615997434 0.000613957 0.999993384 0.003593273 -0.362875164 0.015141197 -0.003602158 0.999878824 37.897335052
0.999904215 -0.000196921 -0.013835154 -0.641496181 0.000262249 0.999988914 0.004720216 -0.380753100 0.013834069 -0.004723393 0.999893129 39.226882935
0.999922216 0.000252733 -0.012463838 -0.665679276 -0.000167787 0.999976754 0.006815931 -0.396149337 0.012465271 -0.006813311 0.999899089 40.559494019
0.999942720 -0.000386431 -0.010692391 -0.687064111 0.000470833 0.999968767 0.007892210 -0.411259085 0.010689007 -0.007896794 0.999911666 41.853187561
0.999963701 0.000017266 -0.008522865 -0.697292984 0.000056231 0.999962807 0.008623132 -0.427522063 0.008522696 -0.008623296 0.999926448 43.136226654
0.999987364 -0.000174620 -0.005022686 -0.715848088 0.000215723 0.999966502 0.008184215 -0.439331025 0.005021090 -0.008185192 0.999953866 44.409584045
0.999998331 -0.001129746 -0.001429807 -0.723423958 0.001138844 0.999978960 0.006377826 -0.454418480 0.001422574 -0.006379442 0.999978542 45.655311584
0.999997377 -0.001116555 0.001994701 -0.723805666 0.001107296 0.999988616 0.004636581 -0.466400981 -0.001999855 -0.004634360 0.999987245 46.880363464
0.999984503 -0.000718469 0.005510441 -0.715795517 0.000688828 0.999985278 0.005379171 -0.481948912 -0.005514224 -0.005375292 0.999970376 48.090320587
0.999938428 -0.000866000 0.011065943 -0.712956309 0.000807532 0.999985754 0.005286964 -0.495878369 -0.011070363 -0.005277702 0.999924839 49.321788788
0.999842644 0.000893568 0.017713243 -0.695103765 -0.000967688 0.999990702 0.004176263 -0.505764723 -0.017709352 -0.004192748 0.999834359 50.518608093
0.999677896 0.002253732 0.025280841 -0.676765680 -0.002357675 0.999988794 0.004082470 -0.517095029 -0.025271360 -0.004140759 0.999671996 51.719738007
0.999435127 0.003492638 0.033425465 -0.637765527 -0.003659345 0.999981046 0.004927547 -0.525529742 -0.033407621 -0.005047079 0.999429107 52.914798737
0.999020398 0.005831941 0.043867283 -0.594555378 -0.006098464 0.999963641 0.005944281 -0.541202724 -0.043831028 -0.006205980 0.999019742 54.082710266
0.998363316 0.007944322 0.056634743 -0.542100430 -0.008277036 0.999949813 0.005642577 -0.552001894 -0.056587085 -0.006102109 0.998378932 55.219554901
0.997421265 0.009669323 0.071114302 -0.466710329 -0.010114910 0.999931395 0.005908317 -0.561798334 -0.071052305 -0.006612395 0.997450650 56.354763031
0.996084452 0.012243194 0.087555014 -0.383540630 -0.012938267 0.999889076 0.007375586 -0.577434361 -0.087455004 -0.008479516 0.996132314 57.471858978
0.994361460 0.012284548 0.105329812 -0.274542332 -0.013215899 0.999879479 0.008148810 -0.587677360 -0.105217025 -0.009494890 0.994403899 58.580089569
0.992144406 0.012209546 0.124500833 -0.145374775 -0.013241502 0.999884427 0.007464595 -0.598192215 -0.124395318 -0.009054535 0.992191434 59.690017700
0.989419580 0.011311552 0.144639730 0.013944626 -0.012324953 0.999905288 0.006112223 -0.597676575 -0.144556925 -0.007830231 0.989465475 60.789569855
0.986160934 0.008233794 0.165586382 0.183528900 -0.009385345 0.999936879 0.006173133 -0.617751002 -0.165525123 -0.007641787 0.986175954 61.833118439
0.982351482 0.003291711 0.187015459 0.383827209 -0.004924615 0.999953628 0.008267459 -0.623329937 -0.186979622 -0.009042528 0.982322097 62.870410919
0.977621138 -0.002081473 0.210362673 0.601176262 0.000012919 0.999951661 0.009834170 -0.636771917 -0.210372999 -0.009611377 0.977573931 63.900802612
0.972174823 -0.006860177 0.234156072 0.850769997 0.004813428 0.999945104 0.009311346 -0.645379305 -0.234207094 -0.007925166 0.972154379 64.912322998
0.965709507 -0.013137677 0.259292454 1.121989250 0.011533247 0.999903738 0.007708077 -0.657629728 -0.259368688 -0.004453280 0.965767980 65.903297424
0.958257198 -0.016788902 0.285414219 1.421640396 0.015011229 0.999851882 0.008415135 -0.661396623 -0.285513163 -0.003779446 0.958367229 66.881782532
0.949663281 -0.019218266 0.312682390 1.732765198 0.016659137 0.999802291 0.010854118 -0.671639144 -0.312829167 -0.005098738 0.949795723 67.837425232
0.940017462 -0.023742460 0.340298831 2.077766418 0.020351674 0.999701262 0.013530566 -0.672792137 -0.340518504 -0.005793318 0.940219998 68.783027649
0.929106891 -0.026610827 0.368852586 2.444740295 0.023349287 0.999638736 0.013304035 -0.680235684 -0.369073451 -0.003748426 0.929392576 69.699653625
0.916975737 -0.025585322 0.398121774 2.829656601 0.023724262 0.999672294 0.009601001 -0.683440328 -0.398236990 0.000641261 0.917282224 70.595314026
0.904006481 -0.027419768 0.426638454 3.249187469 0.028272234 0.999590814 0.004336854 -0.692673922 -0.426582724 0.008141480 0.904411852 71.460914612
0.889918029 -0.029372199 0.455173522 3.692981720 0.031904761 0.999488592 0.002119092 -0.701195836 -0.455002993 0.012636386 0.890400171 72.308837891
0.874262869 -0.029926660 0.484529346 4.161296844 0.031220507 0.999497950 0.005400513 -0.710280120 -0.484447718 0.010405784 0.874758244 73.152290344
0.856647313 -0.028806403 0.515097439 4.661870956 0.027188262 0.999573171 0.010684118 -0.715974748 -0.515185356 0.004852082 0.857065082 73.983840942
0.836985588 -0.028993314 0.546456277 5.173454285 0.024981400 0.999578774 0.014771582 -0.724587858 -0.546654403 0.001287645 0.837357283 74.781433105
0.815916598 -0.022823472 0.577719033 5.710016251 0.020838875 0.999732196 0.010064707 -0.729060173 -0.577794075 0.003827054 0.816173613 75.550804138
0.794087410 -0.016122214 0.607589543 6.277301788 0.018153034 0.999831200 0.002805176 -0.731615484 -0.607532382 0.008802038 0.794246197 76.296508789
0.771589577 -0.013642867 0.635974348 6.865737915 0.017119832 0.999853134 0.000678297 -0.734147608 -0.635890365 0.010364407 0.771709740 77.013603210
0.748159647 -0.016071478 0.663324118 7.488815308 0.018085714 0.999829054 0.003825783 -0.740331292 -0.663272262 0.009134390 0.748322368 77.714569092
0.723733366 -0.016721211 0.689877033 8.121337891 0.018536020 0.999816656 0.004787824 -0.760826468 -0.689830661 0.009322468 0.723910689 78.381896973
0.698437274 -0.014424184 0.715525866 8.772998810 0.019040061 0.999817371 0.001569840 -0.763883114 -0.715417922 0.012527224 0.698584437 79.015426636
0.672271907 -0.012445869 0.740199625 9.448860168 0.019010611 0.999819160 -0.000454852 -0.777965426 -0.740060151 0.014377432 0.672387004 79.628036499
0.645328283 -0.010015460 0.763839602 10.138793945 0.017175801 0.999851465 -0.001400894 -0.786249459 -0.763712227 0.014023593 0.645404577 80.213470459
0.617196202 -0.008464921 0.786763787 10.864624023 0.016974742 0.999852598 -0.002558671 -0.801319182 -0.786626339 0.014934313 0.617248893 80.785522461
0.588610768 -0.002271626 0.808413386 11.601688385 0.015679073 0.999840021 -0.008606497 -0.817713141 -0.808264613 0.017741047 0.588552177 81.319389343
0.558402121 0.007384406 0.829537570 12.371780396 0.014405274 0.999723256 -0.018596260 -0.829143643 -0.829445362 0.022333907 0.558141232 81.850448608
0.527680695 0.015690571 0.849297941 13.151039124 0.013403739 0.999551117 -0.026794393 -0.850206375 -0.849337101 0.025522651 0.527233541 82.331825256
0.495785266 0.020686638 0.868198633 13.957405090 0.010518304 0.999499798 -0.029821649 -0.881849110 -0.868381321 0.023917118 0.495319813 82.805397034
0.463251293 0.020317961 0.885994077 14.787363052 0.008478294 0.999589801 -0.027355952 -0.912238061 -0.886186302 0.020184407 0.462889016 83.243301392
0.430050373 0.019130180 0.902602136 15.638343811 0.004242260 0.999721587 -0.023209829 -0.937675595 -0.902794957 0.013810471 0.429849535 83.658660889
0.395741105 0.020055192 0.918143034 16.492429733 0.000014991 0.999761343 -0.021844458 -0.972649038 -0.918362141 0.008658514 0.395646334 84.032829285
0.360377222 0.023240225 0.932517111 17.377069473 -0.007068095 0.999728858 -0.022183778 -0.999099910 -0.932779908 0.001403408 0.360443860 84.397674561
0.325281233 0.025247131 0.945280194 18.276357651 -0.012125899 0.999672651 -0.022527225 -1.025921583 -0.945539653 -0.004134689 0.325480908 84.697219849
0.288203031 0.024562202 0.957254171 19.193473816 -0.014793082 0.999665856 -0.021196648 -1.055136919 -0.957455099 -0.008051802 0.288470060 85.013336182
0.252064794 0.024210200 0.967407405 20.125364304 -0.015434784 0.999660432 -0.020995712 -1.081612349 -0.967587352 -0.009639446 0.252352923 85.256515503
0.216429010 0.023557004 0.976014018 21.074491501 -0.014765494 0.999673426 -0.020853825 -1.110270023 -0.976186693 -0.009897956 0.216706216 85.461448669
0.180745691 0.022383505 0.983275056 22.034938812 -0.012912354 0.999708831 -0.020384055 -1.137394428 -0.983445108 -0.009012069 0.180982083 85.643707275
0.146314919 0.021480191 0.989004791 23.000141144 -0.004590330 0.999768257 -0.021034861 -1.164269924 -0.989227474 -0.001462145 0.146379590 85.773307800
0.112504356 0.024778318 0.993342161 23.954002380 -0.002225280 0.999692738 -0.024684699 -1.198233843 -0.993648827 0.000566672 0.112524927 85.875076294
0.079736225 0.029782087 0.996370971 24.951927185 -0.001468419 0.999556065 -0.029759778 -1.230663300 -0.996814907 0.000909844 0.079744585 85.962715149
0.050762206 0.033627890 0.998144507 25.926206589 0.005377250 0.999409378 -0.033943973 -1.265524745 -0.998696387 0.007090343 0.050551392 86.001037598
0.025396820 0.032048788 0.999163449 26.910818100 0.007193563 0.999454200 -0.032240953 -1.300622344 -0.999651551 0.008006365 0.025152419 86.019844055
0.003047051 0.028820427 0.999579966 27.945199966 0.008797421 0.999545157 -0.028846243 -1.342298985 -0.999956608 0.008881624 0.002792118 86.026733398
-0.015868878 0.026411427 0.999525130 28.934713364 0.008942797 0.999614894 -0.026271811 -1.376585245 -0.999834061 0.008521649 -0.016098958 86.010887146
-0.032532409 0.029384268 0.999038577 29.931261063 0.011049010 0.999517202 -0.029038545 -1.418032408 -0.999409616 0.010093695 -0.032841377 85.979141235
-0.047161821 0.033798996 0.998315215 30.957138062 0.013426919 0.999358654 -0.033199999 -1.452266216 -0.998796940 0.011838526 -0.047585387 85.932357788
-0.059291366 0.039181668 0.997471452 31.950613022 0.017321233 0.999119401 -0.038216792 -1.491147757 -0.998090386 0.015011508 -0.059917826 85.872138977
-0.067890078 0.042455003 0.996788979 32.958747864 0.023048503 0.998894274 -0.040974859 -1.538995981 -0.997426510 0.020192716 -0.068793543 85.791923523
-0.074062236 0.047727779 0.996110737 33.961341858 0.026526257 0.998594880 -0.045874536 -1.587293744 -0.996900797 0.023025531 -0.075224213 85.714485168
-0.077437207 0.052609619 0.995608211 34.967781067 0.028661408 0.998311520 -0.050523221 -1.643086433 -0.996585131 0.024623154 -0.078814350 85.629013062
-0.080181606 0.056535818 0.995175719 35.976718903 0.030921407 0.998050749 -0.054207809 -1.703217387 -0.996300519 0.026425764 -0.081773482 85.544776917
-0.082688466 0.059362184 0.994805813 36.990058899 0.031726051 0.997875094 -0.056908254 -1.767645597 -0.996070325 0.026855612 -0.084396094 85.451438904
-0.085376166 0.062796250 0.994367838 37.998672485 0.032736480 0.997649670 -0.060192760 -1.832716703 -0.995810866 0.027413078 -0.087231249 85.367744446
-0.086866073 0.066748239 0.993981183 39.003227234 0.034076691 0.997368038 -0.063997619 -1.897947311 -0.995637000 0.028312366 -0.088912018 85.264976501
-0.089389041 0.068425074 0.993643522 40.018196106 0.036619533 0.997188628 -0.065374859 -1.965631485 -0.995323360 0.030542972 -0.091643445 85.172302246
-0.091818690 0.066661760 0.993541837 41.037105560 0.036869347 0.997300148 -0.063506596 -2.046696186 -0.995092928 0.030800149 -0.094028562 85.089920044
-0.093595952 0.066559993 0.993382871 42.059806824 0.036411360 0.997324049 -0.063393429 -2.113606691 -0.994944215 0.030237049 -0.095769063 84.989662170
-0.095796324 0.067749768 0.993092537 43.090896606 0.036110021 0.997260869 -0.064550869 -2.184129238 -0.994745731 0.029676858 -0.097980373 84.883338928
-0.097956806 0.070037648 0.992723167 44.117214203 0.035633482 0.997127771 -0.066832267 -2.261136055 -0.994552493 0.028827509 -0.100171126 84.778259277
-0.100419857 0.071950346 0.992340147 45.150909424 0.034028251 0.997046769 -0.068848111 -2.342826128 -0.994363010 0.026853889 -0.102571607 84.672050476
-0.103053913 0.075720340 0.991789460 46.180873871 0.031314887 0.996850967 -0.072852954 -2.419851780 -0.994182706 0.023549993 -0.105100572 84.570716858
-0.105374120 0.079914764 0.991216421 47.220920563 0.027671698 0.996615410 -0.077408344 -2.498600960 -0.994047582 0.019271813 -0.107228845 84.469047546
-0.108100459 0.082539462 0.990707576 48.260429382 0.025334645 0.996452391 -0.080253705 -2.579703569 -0.993817031 0.016423760 -0.109808087 84.356018066
-0.111230724 0.080931306 0.990493774 49.298866272 0.023214201 0.996618152 -0.078824803 -2.667566776 -0.993523419 0.014225780 -0.112733319 84.249496460
-0.113575995 0.076676406 0.990566075 50.362876892 0.021115437 0.996978581 -0.074751735 -2.756794930 -0.993304968 0.012426234 -0.114851907 84.119338989
-0.116048634 0.075278699 0.990386665 51.414031982 0.021133155 0.997085094 -0.073311575 -2.838535547 -0.993018746 0.012422287 -0.117301263 84.001457214
-0.118138254 0.075332262 0.990135550 52.454216003 0.020567190 0.997089922 -0.073407397 -2.928903580 -0.992784142 0.011692086 -0.119343840 83.885536194
-0.119197518 0.078449816 0.989766479 53.507247925 0.021507736 0.996843696 -0.076420598 -3.005669594 -0.992637575 0.012178495 -0.120508581 83.758316040
-0.120147794 0.081186563 0.989430726 54.560672760 0.022017021 0.996623218 -0.079103179 -3.092770815 -0.992511868 0.012280251 -0.121529564 83.633026123
-0.120362066 0.081903331 0.989345610 55.617420197 0.020590089 0.996582329 -0.079997472 -3.180813551 -0.992516577 0.010742060 -0.121637121 83.506851196
-0.120352082 0.080426656 0.989467978 56.688056946 0.017640220 0.996728659 -0.078871176 -3.273155212 -0.992574453 0.007962123 -0.121377133 83.377799988
-0.120697446 0.079731807 0.989482164 57.756523132 0.014009018 0.996806622 -0.078613184 -3.366609097 -0.992590427 0.004373265 -0.121429004 83.260688782
-0.120382018 0.080968156 0.989420176 58.818992615 0.010335870 0.996716499 -0.080307677 -3.455598831 -0.992673814 0.000558913 -0.120823614 83.133613586
-0.120667689 0.081130214 0.989372075 59.899852753 0.006150524 0.996696651 -0.080980688 -3.546375275 -0.992673814 -0.003686597 -0.120768078 83.010643005
-0.121057540 0.080395333 0.989384472 60.981323242 0.002682965 0.996737719 -0.080664568 -3.641808033 -0.992641866 -0.007110571 -0.120878324 82.885223389
-0.121028394 0.075367428 0.989783645 62.074043274 0.003474452 0.997139513 -0.075502701 -3.733452797 -0.992642939 -0.005699017 -0.120944083 82.753814697
-0.121347830 0.067041434 0.990343332 63.168281555 0.006357037 0.997748613 -0.066763796 -3.815479755 -0.992589653 -0.001805993 -0.121500827 82.624694824
-0.120871738 0.061465777 0.990763247 64.263389587 0.012396709 0.998096764 -0.060408354 -3.900233030 -0.992590725 0.004980540 -0.121403672 82.486045837
-0.120397069 0.063787133 0.990674376 65.358078003 0.020799397 0.997876585 -0.061723087 -3.972915649 -0.992507875 0.013174149 -0.121468157 82.340438843
-0.119160950 0.069252707 0.990456820 66.443725586 0.026436489 0.997432113 -0.066559859 -4.047251701 -0.992522895 0.018252864 -0.120685764 82.205291748
-0.118304148 0.075253464 0.990121722 67.550041199 0.030220680 0.996935189 -0.072160400 -4.126299381 -0.992517412 0.021385269 -0.120215781 82.066352844
-0.118271150 0.079345025 0.989806056 68.636276245 0.030373842 0.996625066 -0.076262303 -4.213899612 -0.992516696 0.021044586 -0.120281979 81.948898315
-0.117736496 0.076448984 0.990097702 69.754432678 0.027236721 0.996905804 -0.073735848 -4.299301147 -0.992671311 0.018285625 -0.119454406 81.819869995
-0.117522001 0.072203994 0.990441799 70.855636597 0.026807485 0.997220576 -0.069517300 -4.386990547 -0.992708445 0.018381447 -0.119130939 81.699157715
-0.117093839 0.069801822 0.990664721 72.013870239 0.024876149 0.997420073 -0.067337498 -4.473545551 -0.992809236 0.016759120 -0.118528172 81.546279907
-0.117039457 0.070808366 0.990599692 73.141906738 0.022775428 0.997384131 -0.068602376 -4.550849915 -0.992866039 0.014532150 -0.118345998 81.419502258
-0.116863549 0.075788938 0.990251958 74.268119812 0.024227237 0.997004747 -0.073446602 -4.639544010 -0.992852449 0.015407839 -0.118349709 81.287574768
-0.115937270 0.078725591 0.990131676 75.413459778 0.023819298 0.996787548 -0.076465756 -4.723919868 -0.992970943 0.014719012 -0.117440030 81.145622253
-0.115438588 0.077382341 0.990295887 76.557907104 0.023846380 0.996889412 -0.075117789 -4.814004898 -0.993028343 0.014943478 -0.116924830 81.011947632
-0.114706293 0.071011320 0.990858138 77.711425781 0.025563577 0.997322440 -0.068515241 -4.901525497 -0.993070483 0.017470751 -0.116214477 80.876342773
-0.115599915 0.069098316 0.990889490 78.862487793 0.024649596 0.997469842 -0.066681497 -4.988849640 -0.992989898 0.016716652 -0.117010668 80.746788025
-0.114948526 0.071910888 0.990765154 80.002311707 0.022488978 0.997309148 -0.069776691 -5.075500011 -0.993116796 0.014260573 -0.116256408 80.620330811
-0.115019448 0.075241268 0.990509570 81.158752441 0.021363148 0.997083962 -0.073259965 -5.157092094 -0.993133485 0.012734086 -0.116291441 80.493904114
-0.114656836 0.074481450 0.990609050 82.328575134 0.020301722 0.997152686 -0.072623655 -5.247278214 -0.993197620 0.011784273 -0.115842484 80.359169006
-0.114271544 0.071497165 0.990873277 83.506469727 0.020137148 0.997368634 -0.069643520 -5.332584381 -0.993245423 0.011995093 -0.115410589 80.223403931
-0.113864139 0.070054904 0.991023302 84.670875549 0.019759402 0.997473240 -0.068240568 -5.425364971 -0.993299723 0.011811879 -0.114960663 80.094192505
-0.112732895 0.070417494 0.991126895 85.857452393 0.021255841 0.997428358 -0.068447486 -5.514069080 -0.993397951 0.013350957 -0.113939762 79.962524414
-0.111545019 0.070940942 0.991223931 87.051330566 0.023621010 0.997356296 -0.068721659 -5.599564552 -0.993478596 0.015748151 -0.112925813 79.821975708
-0.110257901 0.070178390 0.991422236 88.241859436 0.023779970 0.997404754 -0.067957237 -5.688241959 -0.993618429 0.016083168 -0.111640610 79.679405212
-0.109211005 0.071316808 0.991456807 89.441390991 0.024717053 0.997309387 -0.069015145 -5.771278858 -0.993711174 0.016968684 -0.110679895 79.551849365
-0.107796639 0.069398575 0.991747677 90.633979797 0.024096709 0.997449934 -0.067178428 -5.861260414 -0.993880868 0.016656252 -0.109194025 79.423660278
-0.106543750 0.068074778 0.991974890 91.847160339 0.023091285 0.997553825 -0.065977484 -5.953505039 -0.994039893 0.015876479 -0.107855067 79.285629272
-0.104862779 0.067901552 0.992165864 93.060493469 0.024195051 0.997545183 -0.065712489 -6.034317970 -0.994192362 0.017114706 -0.106248252 79.158004761
-0.102457695 0.068501443 0.992375851 94.288566589 0.022310477 0.997533381 -0.066553988 -6.125592709 -0.994487226 0.015321409 -0.103733256 79.024948120
-0.102461971 0.070948049 0.992203534 95.503112793 0.021989308 0.997371078 -0.069046780 -6.209237099 -0.994493842 0.014743202 -0.103752702 78.916778564
-0.101450659 0.069785595 0.992389858 96.725654602 0.019411203 0.997485578 -0.068159558 -6.294750690 -0.994651079 0.012348651 -0.102550216 78.798980713
-0.100936599 0.068360500 0.992541373 97.969177246 0.016128138 0.997617900 -0.067069992 -6.391463757 -0.994762063 0.009238025 -0.101798676 78.680427551
-0.100939989 0.069393404 0.992469490 99.208427429 0.013270779 0.997569621 -0.068400286 -6.478016853 -0.994803965 0.006266515 -0.101615600 78.561042786
-0.100996345 0.068823621 0.992503405 100.429229736 0.010310462 0.997623086 -0.068129458 -6.569605350 -0.994833350 0.003352342 -0.101465896 78.438201904
-0.102121547 0.066214234 0.992565751 101.674949646 0.007464665 0.997805178 -0.065795735 -6.660539627 -0.994743943 0.000690009 -0.102391697 78.316116333
-0.103303902 0.064748906 0.992540061 102.932945251 0.005571845 0.997900903 -0.064518712 -6.751487255 -0.994634211 -0.001134757 -0.103447847 78.190116882
-0.105323590 0.064197987 0.992363513 104.193855286 0.003202859 0.997930646 -0.064218201 -6.837133884 -0.994432747 -0.003585294 -0.105311275 78.074813843
-0.106344797 0.063993104 0.992267907 105.446693420 0.003640162 0.997945130 -0.063969105 -6.930928230 -0.994322658 -0.003190767 -0.106359228 77.936447144
-0.108581029 0.062624298 0.992113113 106.704231262 0.003082624 0.998030245 -0.062660418 -7.018065453 -0.994082868 -0.003745422 -0.108560175 77.804031372
-0.112082958 0.057823759 0.992015004 107.971176147 -0.000164108 0.998304486 -0.058208913 -7.105676651 -0.993698835 -0.006687026 -0.111883424 77.675506592
-0.116617605 0.057745114 0.991496742 109.227943420 -0.001085298 0.998300314 -0.058269005 -7.187644005 -0.993176341 -0.007871261 -0.116356730 77.536857605
-0.121567436 0.063710660 0.990536332 110.458656311 -0.004994350 0.997886002 -0.064796358 -7.272215843 -0.992570639 -0.012824212 -0.120992266 77.384819031
-0.129092753 0.066775337 0.989381671 111.679855347 -0.004320520 0.997682750 -0.067899354 -7.359008789 -0.991623163 -0.013039958 -0.128505126 77.240432739
-0.137462512 0.062977709 0.988502741 112.929611206 -0.002129613 0.997955501 -0.063876092 -7.448818207 -0.990504742 -0.010885698 -0.137047350 77.056465149
-0.148210734 0.060955543 0.987075448 114.158920288 0.000157747 0.998100102 -0.061612673 -7.538289070 -0.988955796 -0.008975950 -0.147938758 76.875419617
-0.161290735 0.061890464 0.984964311 115.374298096 0.000378200 0.998035431 -0.062649854 -7.625033379 -0.986906886 -0.009732330 -0.160997257 76.686157227
-0.175034568 0.061751846 0.982623816 116.593185425 0.002551919 0.998056173 -0.062267113 -7.714796543 -0.984559000 -0.008391323 -0.174851924 76.468338013
-0.189820334 0.059982572 0.979984820 117.822265625 0.002694014 0.998160005 -0.060573205 -7.797821045 -0.981815159 -0.008857934 -0.189632699 76.246200562
-0.204898357 0.062573344 0.976781011 119.021080017 0.007018841 0.998022616 -0.062461764 -7.885886669 -0.978758156 -0.005942440 -0.204932421 75.992218018
-0.220615238 0.065707438 0.973145068 120.196556091 0.006777209 0.997807384 -0.065836221 -7.976115227 -0.975337327 -0.007929268 -0.220576838 75.741500854
-0.235809296 0.069537863 0.969308317 121.365440369 0.006534325 0.997527480 -0.069972649 -8.064751625 -0.971777380 -0.010166427 -0.235680670 75.464118958
-0.251415104 0.067505568 0.965522289 122.533699036 0.003245434 0.997617841 -0.068904489 -8.161718369 -0.967873871 -0.014190090 -0.251035303 75.161590576
-0.267750174 0.061729018 0.961508811 123.695953369 -0.002558642 0.997896433 -0.064777605 -8.253166199 -0.963484883 -0.019804372 -0.267028987 74.861022949
-0.283449888 0.057714134 0.957248807 124.878479004 -0.006502226 0.998048723 -0.062099408 -8.339138031 -0.958964884 -0.023826316 -0.282521605 74.530715942
-0.298975646 0.059149258 0.952425838 126.028610229 -0.008608531 0.997869313 -0.064673774 -8.423651695 -0.954221845 -0.027534867 -0.297829449 74.189369202
-0.312809706 0.061341383 0.947832882 127.176025391 -0.008014369 0.997706354 -0.067213997 -8.509128571 -0.949781954 -0.028621487 -0.311600596 73.813064575
-0.326823205 0.063543215 0.942946851 128.312164307 -0.006615185 0.997558832 -0.069516197 -8.599704742 -0.945062339 -0.028957279 -0.325605094 73.431190491
-0.341109782 0.063188322 0.937897325 129.441696167 -0.004281635 0.997623384 -0.068769433 -8.698779106 -0.940013885 -0.027473653 -0.340028435 73.031204224
-0.355213851 0.061169971 0.932781637 130.565658569 -0.004818113 0.997723579 -0.067263536 -8.789775848 -0.934772730 -0.028387183 -0.354110479 72.617248535
-0.369555593 0.059911784 0.927275062 131.680770874 -0.004396407 0.997795403 -0.066220276 -8.885760307 -0.929198205 -0.028548755 -0.368477464 72.178390503
-0.384438783 0.061433591 0.921104074 132.781707764 -0.005830755 0.997601688 -0.068969227 -8.975065231 -0.923132062 -0.031885177 -0.383158624 71.731201172
-0.399585515 0.063210525 0.914513946 133.872955322 -0.005137397 0.997449696 -0.071187697 -9.067891121 -0.916681528 -0.033143803 -0.398241699 71.273818970
-0.414238751 0.065149277 0.907833517 134.967773438 -0.003814928 0.997301757 -0.073310576 -9.159074783 -0.910160184 -0.033831399 -0.412872583 70.783386230
-0.428685516 0.067786418 0.900907099 136.055023193 -0.001084381 0.997141898 -0.075543337 -9.254434586 -0.903453112 -0.033361275 -0.427386850 70.268081665
-0.443813652 0.070928812 0.893307567 137.129302979 -0.001468671 0.996803761 -0.079876095 -9.354284286 -0.896117866 -0.036762089 -0.442291021 69.754516602
-0.458404630 0.072989769 0.885741174 138.196975708 -0.001049410 0.996576667 -0.082666308 -9.457318306 -0.888742924 -0.038824126 -0.456758857 69.200286865
-0.473821133 0.070356861 0.877806008 139.269622803 -0.002400295 0.996696353 -0.081181653 -9.558483124 -0.880617857 -0.040572580 -0.472087055 68.636795044
-0.490115076 0.065764971 0.869173229 140.336318970 -0.005400259 0.996901453 -0.078474507 -9.661934853 -0.871641040 -0.043155298 -0.488241315 68.060401917
-0.506323874 0.066096656 0.859806538 141.399047852 -0.005839009 0.996772587 -0.080064237 -9.760559082 -0.862323582 -0.045558859 -0.504303873 67.450630188
-0.522012889 0.065349214 0.850430429 142.455688477 -0.006630489 0.996719599 -0.080660388 -9.861955643 -0.852911770 -0.047744542 -0.519867301 66.813369751
-0.537951291 0.064463817 0.840507388 143.495910645 -0.007212273 0.996683240 -0.081058018 -9.962045670 -0.842944980 -0.049667250 -0.535702348 66.158721924
-0.553453624 0.063734636 0.830437779 144.528869629 -0.008461296 0.996586084 -0.082125358 -10.072515488 -0.832837045 -0.052479148 -0.551024973 65.487350464
-0.568941832 0.063048609 0.819957256 145.545196533 -0.008880867 0.996527672 -0.082787685 -10.178764343 -0.822329760 -0.054383319 -0.566406429 64.793838501
-0.583638966 0.060840607 0.809730709 146.567291260 -0.008676297 0.996664882 -0.081139959 -10.286267281 -0.811966896 -0.054381903 -0.581164598 64.059127808
-0.598626316 0.057315670 0.798975110 147.571105957 -0.008578767 0.996920884 -0.077943176 -10.393188477 -0.800982416 -0.053513069 -0.596291423 63.322315216
-0.613938987 0.055521436 0.787398398 148.596084595 -0.008036884 0.997031808 -0.076569609 -10.494201660 -0.789312482 -0.053337302 -0.611670554 62.543460846
-0.628539979 0.054004036 0.775900126 149.571594238 -0.008673391 0.997037888 -0.076421738 -10.595432281 -0.777728856 -0.054763813 -0.626209736 61.766792297
-0.643393338 0.055091415 0.763550818 150.541870117 -0.009585667 0.996749222 -0.079994246 -10.705037117 -0.765475690 -0.058786914 -0.640773773 60.969821930
-0.658642352 0.054407720 0.750486493 151.499603271 -0.011914449 0.996503413 -0.082699463 -10.807622910 -0.752361655 -0.063411005 -0.655691087 60.151630402
-0.674690425 0.051060412 0.736332476 152.454376221 -0.013832963 0.996554375 -0.081780232 -10.917708397 -0.737971067 -0.065362029 -0.671659470 59.314754486
-0.690945268 0.043702293 0.721584857 153.384628296 -0.017096361 0.996903896 -0.076747254 -11.025533676 -0.722704828 -0.065364622 -0.688058972 58.452728271
-0.707900107 0.041163154 0.705111921 154.310852051 -0.018097857 0.996915460 -0.076367535 -11.131471634 -0.706080616 -0.066821612 -0.704971671 57.555873871
-0.725330114 0.038725350 0.687311113 155.198028564 -0.019582732 0.996851683 -0.076831862 -11.232749939 -0.688122571 -0.069187887 -0.722288251 56.648124695
-0.742698848 0.034940060 0.668713331 156.076934814 -0.022821337 0.996736825 -0.077425443 -11.335556030 -0.669236541 -0.072764724 -0.739477992 55.705329895
-0.759554625 0.033375077 0.649586558 156.930587769 -0.022065863 0.996785700 -0.077015184 -11.440004349 -0.650069058 -0.072830945 -0.756376743 54.743789673
-0.775294244 0.034865182 0.630637109 157.744064331 -0.020389566 0.996573210 -0.080162793 -11.556644440 -0.631270885 -0.075008161 -0.771926701 53.759197235
-0.790511608 0.034296356 0.611486077 158.551513672 -0.017279247 0.996784449 -0.078244664 -11.659984589 -0.612203300 -0.072419323 -0.787377000 52.748432159
-0.805288196 0.035533488 0.591817677 159.332946777 -0.013047125 0.996898592 -0.077608310 -11.778801918 -0.592739880 -0.070218585 -0.802327037 51.719615936
-0.819410264 0.036545482 0.572041214 160.070571899 -0.011511641 0.996715128 -0.080165870 -11.886927605 -0.573091805 -0.072273895 -0.816297889 50.654434204
-0.833374262 0.037896805 0.551408231 160.791625977 -0.010718193 0.996350944 -0.084675528 -12.000059128 -0.552605093 -0.076476514 -0.829927087 49.603122711
-0.846036732 0.038517676 0.531731367 161.483474731 -0.007779135 0.996388495 -0.084553979 -12.114800453 -0.533067822 -0.075672187 -0.842681587 48.507438660
-0.857656181 0.036457002 0.512929320 162.152664185 -0.006790439 0.996593714 -0.082188055 -12.228260040 -0.514178574 -0.073972121 -0.854487240 47.407150269
-0.868220389 0.038291626 0.494698703 162.795715332 -0.003782812 0.996477902 -0.083770327 -12.351748466 -0.496164173 -0.074602470 -0.865017712 46.285739899
-0.877592981 0.041059975 0.477644920 163.408996582 -0.001094572 0.996151268 -0.087643623 -12.464525223 -0.479405284 -0.077438235 -0.874170482 45.166835785
-0.886606157 0.038458902 0.460923344 164.014160156 -0.003088394 0.996022522 -0.089047603 -12.586481094 -0.462514818 -0.080373682 -0.882960975 44.032081604
-0.894980669 0.035663914 0.444676936 164.604431152 -0.004213132 0.996079087 -0.088366963 -12.709163666 -0.446084946 -0.080960207 -0.891321301 42.890350342
-0.902131438 0.033696398 0.430143088 165.171203613 -0.005081039 0.996046782 -0.088684335 -12.831725121 -0.431430966 -0.082190529 -0.898394108 41.732738495
-0.908694386 0.031950913 0.416237414 165.712310791 -0.005367587 0.996090114 -0.088179179 -12.954604149 -0.417427510 -0.082362130 -0.904969990 40.566608429
-0.915025532 0.029325468 0.402328551 166.240615845 -0.006520188 0.996148527 -0.087437652 -13.075397491 -0.403343201 -0.082630940 -0.911310256 39.405639648
-0.920585752 0.024501845 0.389770925 166.759628296 -0.008839926 0.996466935 -0.083518773 -13.204044342 -0.390440226 -0.080331728 -0.917116821 38.191822052
-0.925669551 0.021007404 0.377749413 167.260940552 -0.010132128 0.996722519 -0.080258377 -13.317694664 -0.378197342 -0.078120142 -0.922422826 37.005016327
-0.930008352 0.021844048 0.366888523 167.742156982 -0.007138353 0.996970356 -0.077452943 -13.424148560 -0.367468923 -0.074650854 -0.927034914 35.796577454
-0.933293462 0.025774987 0.358188212 168.210250854 -0.002878162 0.996851921 -0.079232119 -13.532289505 -0.359102935 -0.074977756 -0.930281281 34.600685120
-0.935583591 0.030894337 0.351751268 168.669540405 0.002568202 0.996734083 -0.080712348 -13.644034386 -0.353096128 -0.074609779 -0.932607412 33.389945984
-0.937473118 0.034040086 0.346389353 169.112701416 0.005496994 0.996529877 -0.083053015 -13.757241249 -0.348014504 -0.075955868 -0.934407055 32.193069458
-0.939341366 0.031337045 0.341549128 169.565246582 0.003599517 0.996663213 -0.081544101 -13.879199982 -0.342964858 -0.075368315 -0.936319768 30.977703094
-0.941189468 0.024147138 0.337015331 170.015350342 -0.002300753 0.996961772 -0.077857658 -13.992528915 -0.337871581 -0.074054174 -0.938274384 29.766891479
-0.943118930 0.018040311 0.331965506 170.466888428 -0.007732949 0.997066081 -0.076153889 -14.096542358 -0.332365423 -0.074389264 -0.940212429 28.553178787
-0.944545329 0.011432042 0.328181893 170.895538330 -0.014962737 0.996857524 -0.077789471 -14.200793266 -0.328039944 -0.078386180 -0.941406071 27.339784622
-0.946018577 0.009376297 0.323976904 171.337982178 -0.017695924 0.996596277 -0.080515146 -14.308797836 -0.323629200 -0.081901900 -0.942632556 26.123037338
-0.946834803 0.009436999 0.321581483 171.759384155 -0.018111251 0.996421039 -0.082565665 -14.423247337 -0.321209699 -0.084000319 -0.943275273 24.920539856
-0.946919084 0.010455979 0.321301788 172.174987793 -0.017669983 0.996267080 -0.084496863 -14.541914940 -0.320985883 -0.085689090 -0.943199575 23.694774628
-0.946750700 0.012916387 0.321708232 172.587738037 -0.015582042 0.996186078 -0.085852444 -14.661973953 -0.321590126 -0.086293727 -0.942938566 22.489540100
-0.946374476 0.014141244 0.322762012 173.006500244 -0.015085384 0.996017635 -0.087870784 -14.777561188 -0.322719276 -0.088027664 -0.942392409 21.276504517
-0.946112752 0.015212229 0.323479593 173.428436279 -0.014589422 0.995879471 -0.089504227 -14.901963234 -0.323508322 -0.089400470 -0.941992581 20.073738098
-0.945260227 0.016615720 0.325894088 173.847457886 -0.013314638 0.995907128 -0.089395650 -15.020532608 -0.326045632 -0.088841334 -0.941170275 18.865779877
-0.944404423 0.016187344 0.328387290 174.272293091 -0.013970197 0.995909512 -0.089268543 -15.148192406 -0.328489095 -0.088893235 -0.940315366 17.655094147
-0.943154156 0.014791671 0.332026154 174.699996948 -0.015912686 0.995853603 -0.089566626 -15.270265579 -0.331974357 -0.089758582 -0.939008176 16.468936920
-0.941678464 0.013561483 0.336240500 175.139801025 -0.016676949 0.996079028 -0.086880177 -15.395546913 -0.336100399 -0.087420680 -0.937760174 15.283138275
-0.939533293 0.011255520 0.342272878 175.584259033 -0.018796459 0.996258199 -0.084357545 -15.514144897 -0.341941684 -0.085690238 -0.935806155 14.079811096
-0.937200427 0.009185683 0.348670304 176.035705566 -0.020351078 0.996509850 -0.080955163 -15.633216858 -0.348197103 -0.082967035 -0.933742642 12.900466919
-0.934394658 0.010982065 0.356070459 176.480102539 -0.019351045 0.996484160 -0.081514671 -15.740478516 -0.355713844 -0.083057202 -0.930896938 11.730857849
-0.931359529 0.011221407 0.363927841 176.947311401 -0.019884821 0.996465504 -0.081614166 -15.853078842 -0.363557339 -0.083248772 -0.927844584 10.576114655
-0.927370667 0.014087696 0.373878539 177.413772583 -0.018657651 0.996306300 -0.083819233 -15.969785690 -0.373678356 -0.084707186 -0.923682392 9.402378082
-0.923222125 0.014901195 0.383977562 177.890396118 -0.018204113 0.996429980 -0.082438231 -16.084348679 -0.383835196 -0.083098777 -0.919654906 8.275474548
-0.918385208 0.017319893 0.395308197 178.388610840 -0.017159276 0.996358395 -0.083518758 -16.198719025 -0.395315200 -0.083485603 -0.914743662 7.140930176
-0.912522018 0.019628789 0.408556223 178.905105591 -0.016519262 0.996264338 -0.084761046 -16.311014175 -0.408693761 -0.084095374 -0.908788979 5.963016510
-0.906472147 0.022105865 0.421686620 179.445465088 -0.014972405 0.996318281 -0.084414668 -16.425914764 -0.422000110 -0.082833230 -0.902803719 4.807510376
-0.900080323 0.021520719 0.435192138 179.997894287 -0.015670711 0.996534646 -0.081690423 -16.547515869 -0.435442060 -0.080347724 -0.896623909 3.654418945
-0.893381894 0.023844179 0.448664844 180.558441162 -0.014653854 0.996513188 -0.082138211 -16.659904480 -0.449059069 -0.079955466 -0.889917433 2.535804749
-0.886242449 0.026052248 0.462488383 181.130432129 -0.013081907 0.996611297 -0.081207901 -16.770061493 -0.463036805 -0.078020118 -0.882898450 1.411895752
-0.878956735 0.027633617 0.476099998 181.734558105 -0.011441277 0.996810496 -0.078978933 -16.880796432 -0.476764083 -0.074866265 -0.875837326 0.306152344
-0.871237636 0.029629365 0.489966273 182.347030640 -0.008939032 0.997053266 -0.076189056 -16.987144470 -0.490779966 -0.070758604 -0.868405581 -0.787963867
-0.862744689 0.032174531 0.504615128 182.970153809 -0.006551738 0.997178376 -0.074782200 -17.090656281 -0.505597353 -0.067824058 -0.860099435 -1.871253967
-0.854285479 0.035129741 0.518615782 183.621566772 -0.003844223 0.997259319 -0.073884241 -17.188055038 -0.519789875 -0.065111905 -0.851809263 -2.910469055
-0.843117416 0.038681302 0.536336422 184.248352051 -0.000151819 0.997392178 -0.072171904 -17.288572311 -0.537729442 -0.060930822 -0.840912819 -3.952423096
-0.832504272 0.041487664 0.552463055 184.912200928 0.002797552 0.997494221 -0.070692003 -17.390018463 -0.554011583 -0.057305850 -0.830534220 -4.946456909
-0.820782185 0.043032128 0.569618165 185.601257324 0.004250598 0.997591019 -0.069238767 -17.500101089 -0.571225405 -0.054408725 -0.818987906 -5.962203979
-0.809443891 0.044780742 0.585487068 186.319213867 0.004615196 0.997542202 -0.069916032 -17.590311050 -0.587178946 -0.053890970 -0.807661176 -6.936691284
-0.796323955 0.047441591 0.603006959 187.053482056 0.007123010 0.997585773 -0.069078527 -17.689701080 -0.604828358 -0.050713666 -0.794739425 -7.919258118
-0.782532096 0.048370086 0.620728493 187.807479858 0.008660555 0.997726738 -0.066829495 -17.782630920 -0.622549891 -0.046920367 -0.781172216 -8.875617981
-0.766899943 0.050817024 0.639751554 188.574554443 0.011163246 0.997765541 -0.065873057 -17.865127563 -0.641669571 -0.043376327 -0.765753686 -9.818565369
