-0.993533313 -0.012440377 -0.112857036 140.372039795 -0.007567959 0.999024808 -0.043499503 -23.865430832 0.113288127 -0.042364113 -0.992658615 454.157012939
-0.993552029 -0.011803350 -0.112760566 140.236801147 -0.006878600 0.999009430 -0.043964054 -23.939601898 0.113167793 -0.042904943 -0.992649078 452.868713379
-0.993636847 -0.011944341 -0.111996487 140.099670410 -0.007050017 0.999006867 -0.043995325 -24.006349564 0.112410754 -0.042925797 -0.992734253 451.576934814
-0.993715405 -0.011300822 -0.111363709 139.960113525 -0.006569142 0.999063611 -0.042764209 -24.077590942 0.111742698 -0.041763894 -0.992859185 450.287261963
-0.993860662 -0.009837770 -0.110200293 139.818145752 -0.005095303 0.999051988 -0.043234192 -24.148290634 0.110521153 -0.042407271 -0.992968619 449.006469727
-0.993933439 -0.009677160 -0.109557837 139.686401367 -0.004616343 0.998914421 -0.046352852 -24.223922729 0.109887488 -0.045565888 -0.992899060 447.728576660
-0.994107306 -0.009844694 -0.107952096 139.552810669 -0.004553444 0.998780966 -0.049152169 -24.293752670 0.108304374 -0.048370983 -0.992940366 446.457183838
-0.994277894 -0.007883016 -0.106532931 139.415206909 -0.002780097 0.998845220 -0.047963791 -24.366872787 0.106788009 -0.047393166 -0.993151665 445.182830811
-0.994455040 -0.006213658 -0.104977958 139.284225464 -0.001448703 0.998967588 -0.045405470 -24.442144394 0.105151720 -0.045001615 -0.993437469 443.914245605
-0.994646013 -0.005441784 -0.103197142 139.158721924 -0.000659989 0.998926699 -0.046314146 -24.512592316 0.103338413 -0.045998074 -0.993582070 442.649993896
-0.994843781 -0.004924272 -0.101298891 139.036895752 -0.000026291 0.998833060 -0.048296366 -24.582506180 0.101418503 -0.048044685 -0.993682981 441.388061523
-0.995046198 -0.005004434 -0.099286921 138.914733887 -0.000190800 0.998826563 -0.048432417 -24.658727646 0.099412784 -0.048173562 -0.993879497 440.113342285
-0.995244801 -0.005859410 -0.097228751 138.790130615 -0.001184268 0.998843133 -0.048072148 -24.735824585 0.097397953 -0.047728416 -0.994100451 438.844604492
-0.995412052 -0.006627244 -0.095449574 138.674758911 -0.002150392 0.998895884 -0.046929486 -24.811412811 0.095655203 -0.046508934 -0.994327307 437.581329346
-0.995599806 -0.008781376 -0.093294106 138.568191528 -0.004644509 0.999000072 -0.044467140 -24.880493164 0.093591303 -0.043838181 -0.994645119 436.309783936
-0.995749056 -0.011266484 -0.091416225 138.452285767 -0.007535222 0.999128282 -0.041059162 -24.953123093 0.091799125 -0.040195778 -0.994965971 435.015350342
-0.995893896 -0.014185707 -0.089410074 138.352783203 -0.010551455 0.999103844 -0.040989418 -25.020654678 0.089911401 -0.039877705 -0.995151162 433.751922607
-0.996097684 -0.015157616 -0.086946309 138.248901367 -0.011370230 0.998971701 -0.043891095 -25.085718155 0.087522171 -0.042731218 -0.995245695 432.474029541
-0.996297717 -0.015441109 -0.084571987 138.155654907 -0.011532107 0.998850882 -0.046516068 -25.149314880 0.085193068 -0.045368556 -0.995331049 431.179229736
-0.996532619 -0.014722113 -0.081890181 138.062103271 -0.010959676 0.998871744 -0.046206139 -25.220092773 0.082478046 -0.045148432 -0.995569646 429.901947021
-0.996805549 -0.013049189 -0.078793056 137.962463379 -0.009430362 0.998891056 -0.046126928 -25.294940948 0.079307586 -0.045236532 -0.995823324 428.633300781
-0.996998310 -0.012335242 -0.076434761 137.870452881 -0.008695005 0.998820126 -0.047776490 -25.368997574 0.076933920 -0.046968471 -0.995929301 427.363433838
-0.997214854 -0.013288940 -0.073387340 137.784133911 -0.009613608 0.998692334 -0.050209336 -25.441465378 0.073958606 -0.049363982 -0.996038854 426.082366943
-0.997470260 -0.015093001 -0.069463342 137.699371338 -0.011540497 0.998618543 -0.051262222 -25.519113541 0.070141084 -0.050330907 -0.996266544 424.809051514
-0.997700334 -0.019034846 -0.065050766 137.627960205 -0.015480951 0.998382449 -0.054706581 -25.596410751 0.065986879 -0.053573735 -0.996381223 423.531341553
-0.997940898 -0.021317113 -0.060492966 137.554779053 -0.018152898 0.998462081 -0.052382998 -25.674642563 0.061516587 -0.051177021 -0.996793151 422.248077393
-0.998118281 -0.024665317 -0.056138102 137.492385864 -0.022185715 0.998768747 -0.044372305 -25.748197556 0.057163443 -0.043043356 -0.997436464 420.963500977
-0.998277605 -0.026922042 -0.052122153 137.432113647 -0.024640573 0.998730600 -0.043930110 -25.816488266 0.053238671 -0.042570136 -0.997674048 419.674499512
-0.998504698 -0.026192222 -0.047981322 137.373962402 -0.023952642 0.998623013 -0.046670951 -25.882682800 0.049137671 -0.045451891 -0.997757316 418.395263672
-0.998695493 -0.025860589 -0.044028144 137.334213257 -0.023523828 0.998328447 -0.052789584 -25.958549500 0.045319729 -0.051685020 -0.997634590 417.124389648
-0.998915911 -0.025040423 -0.039241165 137.269317627 -0.022798585 0.998138368 -0.056571405 -26.043327332 0.040584676 -0.055615447 -0.997627079 415.839904785
-0.999086499 -0.024243109 -0.035190318 137.230758667 -0.022253759 0.998190522 -0.055862192 -26.124057770 0.036480915 -0.055028051 -0.997818112 414.557678223
-0.999194086 -0.024545750 -0.031757951 137.190933228 -0.022919418 0.998456001 -0.050598416 -26.210947037 0.032950900 -0.049829770 -0.998213947 413.256439209
-0.999268055 -0.025140742 -0.028830575 137.170364380 -0.023760915 0.998600721 -0.047242831 -26.284070969 0.029977953 -0.046523213 -0.998467267 411.971313477
-0.999399900 -0.023837294 -0.025138572 137.140975952 -0.022633590 0.998632431 -0.047126569 -26.357143402 0.026227586 -0.046529308 -0.998572528 410.685363770
-0.999478817 -0.024100857 -0.021478264 137.123229980 -0.023027681 0.998538852 -0.048884999 -26.429725647 0.022625044 -0.048364922 -0.998573482 409.404205322
-0.999573946 -0.023179267 -0.017738469 137.103424072 -0.022271726 0.998513043 -0.049754526 -26.508188248 0.018865369 -0.049338259 -0.998603940 408.115051270
-0.999621511 -0.023594746 -0.014151232 137.089157104 -0.022860544 0.998488784 -0.049974967 -26.584943771 0.015308992 -0.049632538 -0.998650253 406.826141357
-0.999644101 -0.024592057 -0.010337869 137.082519531 -0.024032241 0.998400450 -0.051174484 -26.664339066 0.011579820 -0.050907828 -0.998636186 405.547668457
-0.999629200 -0.026467204 -0.006397373 137.079833984 -0.026100529 0.998313546 -0.051852521 -26.744363785 0.007758969 -0.051666319 -0.998634219 404.279632568
-0.999558806 -0.029504612 -0.003413975 137.091674805 -0.029284103 0.998182535 -0.052668128 -26.823699951 0.004961729 -0.052544918 -0.998606205 403.004547119
-0.999446094 -0.033277381 -0.000403320 137.102478027 -0.033212818 0.998129070 -0.051334206 -26.908039093 0.002110837 -0.051292375 -0.998681366 401.757934570
-0.999263585 -0.038278550 0.002681164 137.121643066 -0.038365088 0.997990727 -0.050424851 -26.992168427 -0.000745577 -0.050490577 -0.998724163 400.507812500
-0.999072969 -0.042719442 0.005330984 137.147140503 -0.042938307 0.997738659 -0.051709156 -27.065567017 -0.003109925 -0.051890120 -0.998647928 399.246551514
-0.999033570 -0.043249004 0.007831958 137.167556763 -0.043612190 0.997563839 -0.054444127 -27.158735275 -0.005458224 -0.054733090 -0.998486042 398.008605957
-0.999032676 -0.042745363 0.010315541 137.193496704 -0.043275692 0.997361362 -0.058286615 -27.235876083 -0.007796836 -0.058676653 -0.998246610 396.772796631
-0.999116898 -0.039413858 0.014551755 137.208770752 -0.040199298 0.997486770 -0.058343802 -27.321752548 -0.012215633 -0.058877267 -0.998190463 395.540039062
-0.999255836 -0.033978537 0.018252365 137.217071533 -0.034975506 0.997738004 -0.057406712 -27.409276962 -0.016260456 -0.058002383 -0.998183966 394.310272217
-0.999252379 -0.032447282 0.021017950 137.251647949 -0.033603471 0.997796059 -0.057216942 -27.494169235 -0.019115094 -0.057880446 -0.998140454 393.090270996
-0.999167502 -0.032569446 0.024563909 137.280731201 -0.033947431 0.997742593 -0.057940487 -27.578407288 -0.022621399 -0.058726136 -0.998017848 391.871826172
-0.999036670 -0.034428213 0.027207851 137.326995850 -0.035956722 0.997677803 -0.057844345 -27.659442902 -0.025153218 -0.058766939 -0.997954845 390.670562744
-0.998924196 -0.035586182 0.029731441 137.369613647 -0.037199020 0.997761011 -0.055580754 -27.745189667 -0.027686967 -0.056626953 -0.998011351 389.456665039
-0.998854339 -0.034781177 0.032863971 137.409759521 -0.036521453 0.997876763 -0.053928126 -27.826568604 -0.030918509 -0.055066593 -0.998003781 388.260620117
-0.998848975 -0.032899894 0.034902815 137.458038330 -0.034727983 0.997983396 -0.053132206 -27.911228180 -0.033084422 -0.054283161 -0.997977257 387.072906494
-0.998763740 -0.032594420 0.037530422 137.508300781 -0.034600470 0.997935593 -0.054104611 -27.989023209 -0.035689436 -0.055336293 -0.997829676 385.900299072
-0.998699009 -0.032256190 0.039495166 137.566223145 -0.034448363 0.997828245 -0.056143895 -28.065252304 -0.037598401 -0.057431400 -0.997641146 384.730560303
-0.998604834 -0.032147918 0.041890167 137.620483398 -0.034503620 0.997790217 -0.056781888 -28.143505096 -0.039972201 -0.058148034 -0.997507393 383.562683105
-0.998482525 -0.033110432 0.044001762 137.681503296 -0.035577986 0.997766674 -0.056532174 -28.222427368 -0.042031702 -0.058011886 -0.997430742 382.403778076
-0.998345792 -0.033867259 0.046458825 137.744110107 -0.036493003 0.997713506 -0.056885559 -28.305019379 -0.044426035 -0.058486890 -0.997299194 381.248229980
-0.998256743 -0.033446223 0.048627783 137.811096191 -0.036169957 0.997760952 -0.056255516 -28.380517960 -0.046637356 -0.057916310 -0.997231603 380.102172852
-0.998170614 -0.032220196 0.051159378 137.872543335 -0.034961056 0.997949362 -0.053616308 -28.462963104 -0.049326941 -0.055306807 -0.997250199 378.963745117
-0.998109519 -0.030159120 0.053553212 137.942276001 -0.033015184 0.998034120 -0.053272996 -28.537067413 -0.051841270 -0.054940347 -0.997142971 377.829437256
-0.998028696 -0.027461451 0.056430824 138.006484985 -0.030672090 0.997912109 -0.056839794 -28.608613968 -0.054752119 -0.058458600 -0.996787310 376.713562012
-0.997941375 -0.023801958 0.059549741 138.062286377 -0.027321696 0.997883618 -0.059007309 -28.690055847 -0.058019225 -0.060512844 -0.996479809 375.616180420
-0.997838378 -0.022469513 0.061753783 138.142333984 -0.026035104 0.998002887 -0.057554208 -28.765880585 -0.060337216 -0.059037574 -0.996430576 374.506103516
-0.997679889 -0.021263827 0.064674206 138.218643188 -0.024742402 0.998262882 -0.053469665 -28.846460342 -0.063424900 -0.054945804 -0.996472895 373.411987305
-0.997457385 -0.020773970 0.068171419 138.301239014 -0.024338135 0.998356938 -0.051875316 -28.915668488 -0.066981770 -0.053402580 -0.996324003 372.314666748
-0.997146726 -0.021526014 0.072352432 138.379852295 -0.025413511 0.998258054 -0.053246073 -28.990562439 -0.071080223 -0.054932885 -0.995956779 371.233764648
-0.996856868 -0.022398738 0.075989455 138.469650269 -0.026725871 0.998049736 -0.056413274 -29.061553955 -0.074577659 -0.058266845 -0.995511591 370.166259766
-0.996553659 -0.024039418 0.079390205 138.565292358 -0.028708808 0.997891545 -0.058207892 -29.135330200 -0.077823535 -0.060286492 -0.995142758 369.111480713
-0.996177435 -0.024275895 0.083911583 138.658493042 -0.029208006 0.997885764 -0.058058575 -29.210563660 -0.082324751 -0.060287535 -0.994780421 368.059570312
-0.995728850 -0.024093727 0.089127399 138.757827759 -0.029273314 0.997929394 -0.057271313 -29.287464142 -0.087562956 -0.059635755 -0.994372368 367.012908936
-0.995242000 -0.021863746 0.094948456 138.861663818 -0.027222136 0.998086870 -0.055511106 -29.357517242 -0.093553133 -0.057831686 -0.993933260 365.986389160
-0.994536698 -0.018357527 0.102760300 138.963211060 -0.023813123 0.998356938 -0.052117970 -29.429239273 -0.101634711 -0.054280281 -0.993339896 364.954467773
-0.993658006 -0.017406452 0.111088991 139.086517334 -0.022997700 0.998521686 -0.049249958 -29.496328354 -0.110067517 -0.051492415 -0.992589355 363.941650391
-0.992564261 -0.016012741 0.120664284 139.214782715 -0.022136351 0.998524785 -0.049580783 -29.563917160 -0.119692355 -0.051883180 -0.991454482 362.944702148
-0.991133511 -0.014261267 0.132101581 139.350280762 -0.021130377 0.998488069 -0.050743677 -29.622867584 -0.131178200 -0.053085122 -0.989936590 361.953002930
-0.989506900 -0.013212684 0.143879607 139.505584717 -0.020847626 0.998445690 -0.051687133 -29.691488266 -0.142973065 -0.054144330 -0.988244593 360.974731445
-0.987422943 -0.013417886 0.157530576 139.660308838 -0.021948470 0.998377681 -0.052537762 -29.755004883 -0.156570062 -0.055334546 -0.986115575 359.988220215
-0.984957099 -0.012724515 0.172330052 139.835693359 -0.022318430 0.998299539 -0.053849079 -29.817083359 -0.171351835 -0.056885168 -0.983566225 359.026031494
-0.982075870 -0.012133896 0.188094899 140.027786255 -0.022688618 0.998279750 -0.054062720 -29.881336212 -0.187115297 -0.057361312 -0.980661750 358.075714111
-0.978877604 -0.011606338 0.204117313 140.229461670 -0.023052206 0.998286128 -0.053786896 -29.945253372 -0.203143299 -0.057356134 -0.977467656 357.116821289
-0.975476205 -0.012267253 0.219762802 140.450790405 -0.024691673 0.998242080 -0.053878311 -30.006904602 -0.218715563 -0.057983324 -0.974064291 356.177093506
-0.971892059 -0.011784104 0.235131428 140.676773071 -0.025126990 0.998233736 -0.053831313 -30.070516586 -0.234081760 -0.058226373 -0.970471680 355.241149902
-0.968225300 -0.013426139 0.249718651 140.925354004 -0.028064668 0.998083353 -0.055152126 -30.127962112 -0.248499572 -0.060407955 -0.966746509 354.321411133
-0.964562178 -0.014490486 0.263457507 141.184402466 -0.030108949 0.998013258 -0.055341959 -30.191045761 -0.262132138 -0.061313190 -0.963082254 353.398498535
-0.961300671 -0.017544016 0.274942368 141.462570190 -0.034165721 0.997858167 -0.055782922 -30.252754211 -0.273374885 -0.063017763 -0.959841132 352.482910156
-0.958055317 -0.020134743 0.285875559 141.743789673 -0.037677497 0.997719765 -0.055997387 -30.314273834 -0.284096241 -0.064419664 -0.956629276 351.572296143
-0.954918981 -0.023151305 0.295962214 142.049865723 -0.041500703 0.997575283 -0.055867434 -30.373376846 -0.293951094 -0.065631516 -0.953564584 350.639434814
-0.951969504 -0.024761582 0.305189997 142.343078613 -0.043438070 0.997565329 -0.054557554 -30.439117432 -0.303096056 -0.065193996 -0.950727344 349.729187012
-0.949025512 -0.027672414 0.313982278 142.663543701 -0.046744991 0.997479677 -0.053377267 -30.501834869 -0.311713934 -0.065333493 -0.947927177 348.819274902
-0.945914507 -0.029037630 0.323113829 142.976196289 -0.048521344 0.997446239 -0.052407414 -30.561824799 -0.320766926 -0.065250859 -0.944907844 347.920776367
-0.942450523 -0.030728271 0.332930475 143.301879883 -0.050386894 0.997448385 -0.050572980 -30.625478745 -0.330526978 -0.064437859 -0.941594124 347.002624512
-0.938771129 -0.031493653 0.343098849 143.639038086 -0.051380545 0.997475028 -0.049025055 -30.684562683 -0.340688586 -0.063651912 -0.938018918 346.115295410
-0.934387028 -0.031884219 0.354829788 143.971649170 -0.052132137 0.997502744 -0.047648169 -30.743476868 -0.352424562 -0.063019864 -0.933715880 345.237518311
-0.930343568 -0.032193448 0.365273118 144.323333740 -0.052705150 0.997535169 -0.046320934 -30.799938202 -0.362881601 -0.062346164 -0.929747164 344.360778809
-0.925904453 -0.033586536 0.376261890 144.681671143 -0.054015648 0.997575760 -0.043874256 -30.853305817 -0.373876095 -0.060947403 -0.925473869 343.493591309
-0.921819210 -0.034482002 0.386083186 145.054107666 -0.054470100 0.997675300 -0.040949069 -30.909046173 -0.383773625 -0.058777619 -0.921554744 342.647521973
-0.917284071 -0.033218101 0.396845162 145.414886475 -0.053017214 0.997830808 -0.039022297 -30.956233978 -0.394688159 -0.056834165 -0.917055607 341.795410156
-0.912171662 -0.032283295 0.408534676 145.791213989 -0.051979128 0.997955143 -0.037197847 -31.000755310 -0.406498432 -0.055166095 -0.911984444 340.964294434
-0.906405866 -0.031857669 0.421204656 146.182739258 -0.050831657 0.998131931 -0.033893172 -31.050773621 -0.419338018 -0.052131496 -0.906332135 340.135314941
-0.900008619 -0.030244151 0.434821486 146.580215454 -0.049416982 0.998237789 -0.032852214 -31.087800980 -0.433061659 -0.051054843 -0.899917126 339.301391602
-0.893478155 -0.027669651 0.448253363 146.997192383 -0.048157644 0.998248219 -0.034370329 -31.128980637 -0.446517199 -0.052295960 -0.893245518 338.502349854
-0.885981083 -0.024286639 0.463084936 147.413116455 -0.046363845 0.998263001 -0.036349781 -31.166767120 -0.461397767 -0.053675611 -0.885568202 337.704711914
-0.877838016 -0.020380860 0.478523821 147.836791992 -0.043215528 0.998389542 -0.036755111 -31.205608368 -0.477004111 -0.052944694 -0.877304971 336.921264648
-0.869174361 -0.017286414 0.494203389 148.280395508 -0.039889652 0.998582959 -0.035226680 -31.244134903 -0.492894232 -0.050331730 -0.868632197 336.144256592
-0.859316945 -0.013137942 0.511274457 148.736663818 -0.034666538 0.998867214 -0.032597940 -31.292823792 -0.510266900 -0.045736086 -0.858799040 335.362823486
-0.848141611 -0.009678616 0.529681087 149.207580566 -0.031085040 0.999019623 -0.031519715 -31.330039978 -0.528856695 -0.043198343 -0.847611129 334.602172852
-0.836228192 -0.005171186 0.548357129 149.692108154 -0.026684117 0.999154866 -0.031270139 -31.366374969 -0.547731817 -0.040781405 -0.835659504 333.840179443
-0.824529946 -0.000731222 0.565817833 150.200775146 -0.022289209 0.999264836 -0.031189259 -31.404243469 -0.565379143 -0.038328107 -0.823940217 333.104919434
-0.812079728 0.002232875 0.583542228 150.728439331 -0.018510496 0.999390781 -0.029584005 -31.436651230 -0.583252847 -0.034826227 -0.811543822 332.371582031
-0.799093068 0.001632483 0.601205289 151.275772095 -0.017524363 0.999508142 -0.026006555 -31.468021393 -0.600952089 -0.031317398 -0.798671365 331.641967773
-0.785920382 0.003207593 0.618319333 151.832763672 -0.014563603 0.999613106 -0.023696795 -31.502630234 -0.618156075 -0.027628753 -0.785569608 330.938812256
-0.772167683 0.005305139 0.635396540 152.414001465 -0.012426239 0.999647856 -0.023447420 -31.530586243 -0.635297179 -0.026000934 -0.771829844 330.234924316
-0.757668674 0.007770846 0.652593136 153.014450073 -0.010692745 0.999647141 -0.024317853 -31.552272797 -0.652551770 -0.025402889 -0.757318139 329.536071777
-0.742701709 0.009164657 0.669559598 153.632110596 -0.008824684 0.999685407 -0.023471974 -31.584146500 -0.669564068 -0.023341326 -0.742387354 328.852722168
-0.726523995 0.011088939 0.687051654 154.273345947 -0.005671519 0.999738872 -0.022133043 -31.612117767 -0.687117577 -0.019976813 -0.726271510 328.177032471
-0.709389210 0.011841451 0.704717398 154.940887451 -0.003271458 0.999792635 -0.020092782 -31.641416550 -0.704809368 -0.016559053 -0.709203482 327.512664795
-0.691695511 0.013628028 0.722060561 155.612915039 0.000665818 0.999833524 -0.018232839 -31.659257889 -0.722188890 -0.012130813 -0.691589475 326.848052979
-0.673900127 0.012604641 0.738714874 156.315582275 0.001868811 0.999880254 -0.015356050 -31.685165405 -0.738820016 -0.008967927 -0.673843026 326.209045410
-0.656780839 0.012144012 0.753983676 157.032379150 0.001600072 0.999890566 -0.014710910 -31.711132050 -0.754079700 -0.008455418 -0.656728387 325.597839355
-0.638780057 0.015529340 0.769232690 157.757751465 0.003654102 0.999846220 -0.017150579 -31.736913681 -0.769380748 -0.008144595 -0.638738573 324.986480713
-0.620942593 0.015283030 0.783707082 158.519500732 0.002874006 0.999847531 -0.017220860 -31.757915497 -0.783850849 -0.008440789 -0.620891869 324.391967773
-0.601936460 0.013828303 0.798424363 159.296981812 0.002794924 0.999880314 -0.015210316 -31.784116745 -0.798539162 -0.006924106 -0.601903081 323.807952881
-0.582332551 0.009170851 0.812898993 160.070938110 0.001325255 0.999945700 -0.010331684 -31.814228058 -0.812949598 -0.004939180 -0.582313120 323.245941162
-0.562666774 0.008044841 0.826644778 160.808639526 0.001514261 0.999961138 -0.008700845 -31.827482224 -0.826682389 -0.003643927 -0.562656999 322.779052734
-0.541213572 0.005913155 0.840864360 161.630187988 -0.000425052 0.999973178 -0.007305626 -31.848516464 -0.840885043 -0.004311321 -0.541196525 322.263458252
-0.517395377 0.005614863 0.855728030 162.465118408 -0.002462904 0.999964535 -0.008050407 -31.865022659 -0.855742991 -0.006272822 -0.517363071 321.753417969
-0.493304551 0.003248322 0.869850695 163.308532715 -0.000463676 0.999991775 -0.003997273 -31.877504349 -0.869856477 -0.002375209 -0.493299186 321.284423828
-0.466780871 -0.003614193 0.884365618 164.181411743 -0.000975266 0.999993086 0.003571970 -31.888122559 -0.884372354 0.000804830 -0.466781318 320.833343506
-0.438918084 -0.009004995 0.898481905 165.045700073 0.002328021 0.999935031 0.011159068 -31.897083282 -0.898523927 0.006989603 -0.438868701 320.413848877
-0.410398215 -0.008191863 0.911869526 165.950225830 0.005768616 0.999916255 0.011579078 -31.896751404 -0.911888123 0.010012264 -0.410316676 320.008514404
-0.382460773 -0.007590093 0.923940480 166.821151733 0.007788535 0.999904156 0.011438153 -31.894222260 -0.923938811 0.011570789 -0.382365078 319.646514893
-0.355666637 -0.009457779 0.934565008 167.723815918 0.007078463 0.999892771 0.012812744 -31.882873535 -0.934586108 0.011172349 -0.355561584 319.301605225
-0.330413550 -0.012690611 0.943750918 168.673934937 0.007365801 0.999844372 0.016023720 -31.881645203 -0.943807602 0.012245932 -0.330268681 318.984893799
-0.305002898 -0.016826833 0.952202737 169.609100342 0.006785848 0.999780059 0.019841194 -31.883470535 -0.952327251 0.012513124 -0.304821670 318.696075439
-0.280623406 -0.019221548 0.959625423 170.578430176 0.006416454 0.999739528 0.021901412 -31.872606277 -0.959796667 0.012303447 -0.280426949 318.423767090
-0.257735074 -0.021035267 0.965986609 171.565948486 0.005471047 0.999715090 0.023229472 -31.860391617 -0.966200113 0.011272008 -0.257546514 318.170440674
-0.237174064 -0.021388227 0.971231580 172.556381226 0.005528628 0.999711692 0.023365496 -31.849201202 -0.971451461 0.010911271 -0.236987442 317.936401367
-0.219084501 -0.022003658 0.975457728 173.573028564 0.004275525 0.999714434 0.023511086 -31.831110001 -0.975696504 0.009321510 -0.218927890 317.721160889
-0.202755943 -0.022734324 0.978965342 174.586029053 0.003992232 0.999702990 0.024042750 -31.817695618 -0.979221165 0.008783069 -0.202604964 317.517120361
-0.188776657 -0.023806274 0.981731474 175.612976074 0.004138981 0.999677956 0.025037345 -31.798379898 -0.982011259 0.008789825 -0.188617349 317.331817627
-0.176683471 -0.025116544 0.983947098 176.655731201 0.003403632 0.999652743 0.026128629 -31.783443451 -0.984261811 0.007965488 -0.176536620 317.154418945
-0.166145295 -0.025929483 0.985760212 177.702514648 0.002266956 0.999641538 0.026676701 -31.764263153 -0.986098588 0.006666877 -0.166026950 316.993286133
-0.156623036 -0.027882999 0.987264752 178.769622803 0.002900296 0.999584079 0.028691042 -31.747068405 -0.987654150 0.007357037 -0.156477034 316.826477051
-0.148112610 -0.028471362 0.988560498 179.848541260 0.003459856 0.999564469 0.029306656 -31.726671219 -0.988964379 0.007760962 -0.147949606 316.673522949
-0.140863150 -0.029091906 0.989601433 180.930816650 0.005008716 0.999534428 0.030096862 -31.699687958 -0.990016401 0.009196165 -0.140651837 316.518280029
-0.134972557 -0.029899284 0.990398049 182.017730713 0.006292724 0.999498606 0.031031597 -31.672946930 -0.990829408 0.010420717 -0.134716734 316.377258301
-0.129993707 -0.031165887 0.991024852 183.125854492 0.007248531 0.999449313 0.032381613 -31.649059296 -0.991488397 0.011392879 -0.129696220 316.231292725
-0.125834808 -0.032231707 0.991527498 184.240798950 0.007166602 0.999416411 0.033397671 -31.621191025 -0.992025375 0.011308465 -0.125530392 316.096923828
-0.122053050 -0.033403531 0.991961241 185.359527588 0.007695422 0.999371588 0.034599926 -31.588775635 -0.992493749 0.011856586 -0.121719308 315.959960938
-0.119581573 -0.036253124 0.992162228 186.493545532 0.006644445 0.999281466 0.037314095 -31.557939529 -0.992802203 0.011054437 -0.119254783 315.830810547
-0.118632704 -0.040482800 0.992112577 187.631301880 0.004728984 0.999134004 0.041334789 -31.523899078 -0.992926955 0.009595348 -0.118338540 315.703125000
-0.118237898 -0.045199730 0.991955936 188.786804199 0.003146126 0.998941422 0.045893032 -31.483810425 -0.992980361 0.008547114 -0.117970519 315.568023682
-0.118313827 -0.049031258 0.991764903 189.946166992 0.002100028 0.998765528 0.049627881 -31.436599731 -0.992974102 0.007954406 -0.118064791 315.441711426
-0.118496567 -0.052990228 0.991539419 191.111160278 0.002615378 0.998554826 0.053677708 -31.386539459 -0.992951035 0.008953874 -0.118186742 315.304138184
-0.119037285 -0.054434929 0.991396427 192.290176392 0.001232951 0.998487115 0.054972291 -31.334384918 -0.992888987 0.007766095 -0.118790075 315.171630859
-0.120283373 -0.052734122 0.991338015 193.461608887 0.000436254 0.998585224 0.053172573 -31.285781860 -0.992739618 0.006828258 -0.120090187 315.036987305
-0.121911392 -0.051043250 0.991227627 194.632720947 0.000635160 0.998672545 0.051504750 -31.233013153 -0.992540777 0.006908603 -0.121717148 314.898590088
-0.124247991 -0.053258538 0.990820825 195.808746338 0.000639169 0.998553932 0.053754356 -31.185207367 -0.992250979 0.007312182 -0.124034286 314.756408691
-0.126804650 -0.057620414 0.990252733 196.989852905 0.001030287 0.998303115 0.058220778 -31.128871918 -0.991927147 0.008402912 -0.126530126 314.615875244
-0.129641026 -0.063735023 0.989510417 198.178802490 0.003152230 0.997900486 0.064688407 -31.071670532 -0.991555870 0.011505440 -0.129167944 314.454284668
-0.134055823 -0.070228577 0.988482177 199.376770020 0.004251022 0.997435689 0.071441226 -31.016960144 -0.990964651 0.013779172 -0.133413538 314.289154053
-0.138814688 -0.074679375 0.987498522 200.568267822 0.006688944 0.997059226 0.076342687 -30.942687988 -0.990295768 0.017202809 -0.137906924 314.117950439
-0.144252390 -0.077571101 0.986495733 201.749328613 0.008076739 0.996797144 0.079562172 -30.870096207 -0.989508033 0.019444702 -0.143163845 313.953247070
-0.149401143 -0.078671001 0.985641897 202.941513062 0.008765519 0.996685207 0.080881082 -30.790145874 -0.988737881 0.020723393 -0.148216307 313.782623291
-0.154996857 -0.078771636 0.984769464 204.124374390 0.011050564 0.996615410 0.081458487 -30.711145401 -0.987853289 0.023508066 -0.153601781 313.598815918
-0.160609469 -0.080080099 0.983764052 205.321411133 0.011412716 0.996485949 0.082978919 -30.632053375 -0.986952066 0.024554620 -0.159131125 313.395263672
-0.166911900 -0.083527647 0.982427299 206.508743286 0.010323015 0.996202409 0.086452693 -30.544338226 -0.985917807 0.024571601 -0.165415779 313.202484131
-0.173531055 -0.088673912 0.980828166 207.706298828 0.009361035 0.995744586 0.091678657 -30.462104797 -0.984783888 0.025090655 -0.171962559 312.987792969
-0.181043848 -0.092650488 0.979101121 208.887512207 0.008554648 0.995366514 0.095771484 -30.368553162 -0.983437836 0.025714699 -0.179412425 312.778503418
-0.188574880 -0.093189143 0.977627337 210.075683594 0.008300643 0.995300770 0.096474938 -30.268682480 -0.982023776 0.026307685 -0.186915204 312.550048828
-0.196548194 -0.096356690 0.975747883 211.259552002 0.007926580 0.994970679 0.099851653 -30.168939590 -0.980462134 0.027360007 -0.194795936 312.316040039
-0.205307618 -0.098012283 0.973777413 212.457000732 0.007946585 0.994773030 0.101800963 -30.066211700 -0.978665352 0.028638724 -0.203455612 312.064086914
-0.214311779 -0.100484692 0.971582830 213.645828247 0.007787095 0.994486868 0.104571201 -29.959575653 -0.976734281 0.029976657 -0.212347776 311.808197021
-0.223536894 -0.100847669 0.969464242 214.829071045 0.007924386 0.994412065 0.105270028 -29.857849121 -0.974663198 0.031214152 -0.221488655 311.540252686
-0.233046666 -0.100975111 0.967209041 216.005050659 0.008035854 0.994360626 0.105745926 -29.748668671 -0.972432315 0.032416083 -0.230921045 311.264587402
-0.242228404 -0.097439960 0.965313852 217.172119141 0.006289253 0.994765580 0.101991005 -29.647785187 -0.970198810 0.030776225 -0.240347639 310.979583740
-0.252133429 -0.091277018 0.963378072 218.315856934 0.008500815 0.995294273 0.096525796 -29.547101974 -0.967655063 0.032526884 -0.250171006 310.675811768
-0.262274295 -0.087160788 0.961048961 219.464019775 0.009140666 0.995643497 0.092792824 -29.452693939 -0.964950025 0.033121787 -0.260334969 310.366333008
-0.273772031 -0.086795159 0.957870245 220.597091675 0.011640381 0.995547891 0.093536206 -29.362297058 -0.961724222 0.036757566 -0.271542817 310.047821045
-0.284828335 -0.089862689 0.954357028 221.703704834 0.010291581 0.995252132 0.096784905 -29.274959564 -0.958523273 0.037388925 -0.282551169 309.716796875
-0.297642440 -0.089172207 0.950503647 222.838653564 0.009783685 0.995290875 0.096437633 -29.175224304 -0.954627275 0.038003378 -0.295368373 309.372711182
-0.312351227 -0.087083012 0.945966780 223.948410034 0.010015309 0.995432258 0.094943635 -29.082065582 -0.949913919 0.039129920 -0.310052365 309.010894775
-0.327149421 -0.086885087 0.940969765 225.040527344 0.007393857 0.995498300 0.094490640 -28.993015289 -0.944943726 0.037869964 -0.325034261 308.632324219
-0.342474014 -0.085698351 0.935610652 226.108551025 0.006847965 0.995577216 0.093697689 -28.900356293 -0.939502299 0.038496070 -0.340372473 308.252014160
-0.357034534 -0.084637135 0.930248857 227.172088623 0.006927191 0.995619237 0.093243465 -28.820354462 -0.934065461 0.039735146 -0.354884207 307.839904785
-0.371931106 -0.083500013 0.924497187 228.209304810 0.005939994 0.995711565 0.092321761 -28.733276367 -0.928241313 0.039828844 -0.369840056 307.427032471
-0.387575597 -0.084143959 0.917989612 229.234680176 0.002557414 0.995723486 0.092348874 -28.647542953 -0.921834290 0.038139850 -0.385702938 307.015869141
-0.402303189 -0.083959863 0.911648452 230.262817383 0.000865270 0.995750546 0.092087246 -28.557538986 -0.915506065 0.037835825 -0.400521010 306.568481445
-0.417345315 -0.083980635 0.904859245 231.270812988 -0.001665683 0.995789707 0.091651723 -28.474695206 -0.908746421 0.036743201 -0.415728092 306.111236572
-0.432097226 -0.083066165 0.897993386 232.273437500 -0.003611409 0.995900333 0.090385035 -28.391792297 -0.901819766 0.035812106 -0.430625796 305.641113281
-0.446557313 -0.081414148 0.891043246 233.241821289 -0.003464975 0.996001542 0.089267612 -28.314239502 -0.894748330 0.036775663 -0.445053875 305.148742676
-0.461115718 -0.079675928 0.883755624 234.216110229 -0.002523453 0.996074200 0.088485479 -28.235076904 -0.887336373 0.038571939 -0.459506601 304.644836426
-0.475456089 -0.077036858 0.876359940 235.170654297 -0.001433082 0.996224999 0.086796142 -28.159038544 -0.879738271 0.040011864 -0.473771751 304.129669189
-0.489369005 -0.073820189 0.868946791 236.119842529 0.000941819 0.996365547 0.085175291 -28.085170746 -0.872076273 0.042500541 -0.487520933 303.596099854
-0.502893806 -0.070214473 0.861491561 237.043121338 0.003480914 0.996522546 0.083251916 -28.014089584 -0.864341199 0.044865657 -0.500900447 303.055328369
-0.516146004 -0.067970410 0.853799403 237.949859619 0.004974860 0.996591508 0.082345441 -27.946165085 -0.856486201 0.046749797 -0.514048517 302.512390137
-0.528615654 -0.066197135 0.846276164 238.856903076 0.005572862 0.996662438 0.081441663 -27.872934341 -0.848842978 0.047767531 -0.526482582 301.944458008
-0.541011333 -0.063719571 0.838597894 239.736907959 0.005576217 0.996831894 0.079340197 -27.816196442 -0.840996683 0.047600158 -0.538942218 301.377685547
-0.553397179 -0.060047921 0.830750108 240.606628418 0.005131430 0.997133017 0.075492606 -27.748306274 -0.832901776 0.046040326 -0.551502585 300.804260254
-0.565308452 -0.057390418 0.822880685 241.460372925 0.003110192 0.997421265 0.071700118 -27.693943024 -0.824873745 0.043092001 -0.563672245 300.232910156
-0.577123702 -0.052266348 0.814982414 242.289291382 0.003990281 0.997757435 0.066813745 -27.633674622 -0.816646993 0.041811809 -0.575620949 299.646026611
-0.588639140 -0.047437511 0.807002842 243.103942871 0.006303580 0.997977078 0.063261330 -27.583862305 -0.808371484 0.042325109 -0.587149262 299.048309326
-0.600477517 -0.048743375 0.798154533 243.899719238 0.006323565 0.997819722 0.065694362 -27.542058945 -0.799616694 0.044495173 -0.598860204 298.452789307
-0.612347066 -0.051091574 0.788936496 244.677902222 0.005122363 0.997632325 0.068582527 -27.490156174 -0.790572524 0.046037525 -0.610635519 297.854522705
-0.623771608 -0.052873451 0.779816210 245.428329468 0.002629574 0.997561634 0.069740504 -27.452030182 -0.781602263 0.045552742 -0.622111678 297.258178711
-0.635428786 -0.047373232 0.770704925 246.152023315 0.001536891 0.998036563 0.062613837 -27.404106140 -0.772157967 0.040971138 -0.634108365 296.657958984
-0.647353828 -0.046015419 0.760799289 246.857650757 -0.001392008 0.998245537 0.059192453 -27.361402512 -0.762188256 0.037259422 -0.646282136 296.061645508
-0.658547401 -0.047603294 0.751032174 247.548263550 -0.005498096 0.998274982 0.058453448 -27.322204590 -0.752519190 0.034365125 -0.657673061 295.471862793
-0.669217348 -0.049664050 0.741405070 248.217773438 -0.006074961 0.998096228 0.061375380 -27.285362244 -0.743041873 0.036569469 -0.668245077 294.871154785
-0.679696798 -0.048649453 0.731878102 248.850265503 -0.005749923 0.998120666 0.061007198 -27.253726959 -0.733470678 0.037258141 -0.678699315 294.279724121
-0.690685332 -0.047719821 0.721579313 249.467559814 -0.006485208 0.998189032 0.059805166 -27.218692780 -0.723126411 0.036626942 -0.689744055 293.693756104
-0.701503158 -0.046836056 0.711125612 250.054336548 -0.007620683 0.998274028 0.058230620 -27.185440063 -0.712625444 0.035429697 -0.700649500 293.115722656
-0.712725878 -0.046176236 0.699921072 250.625976562 -0.008016262 0.998301804 0.057698529 -27.157497406 -0.701396823 0.035512492 -0.711885750 292.539611816
-0.724694848 -0.045231983 0.687583685 251.159622192 -0.005934872 0.998215854 0.059411395 -27.126089096 -0.689044297 0.038974419 -0.723670483 291.967376709
-0.737060308 -0.042871289 0.674465716 251.668640137 -0.001669224 0.998098373 0.061618321 -27.099544525 -0.675824761 0.044290598 -0.735730350 291.399810791
-0.749678552 -0.039553005 0.660619020 252.148040771 0.003890610 0.997931838 0.064163908 -27.070596695 -0.661790609 0.050672527 -0.747974157 290.825866699
-0.762618303 -0.035253357 0.645887315 252.588668823 0.009194654 0.997822046 0.065318830 -27.040897369 -0.646783352 0.055752065 -0.760633290 290.282836914
-0.775141537 -0.030409977 0.631055176 253.004653931 0.012172981 0.997936666 0.063042067 -27.014541626 -0.631670237 0.056548357 -0.773172021 289.742706299
-0.788864374 -0.022611510 0.614151120 253.404785156 0.016405281 0.998192072 0.057823218 -26.990913391 -0.614348233 0.055689983 -0.787067235 289.210388184
-0.803206682 -0.013464108 0.595548153 253.776580811 0.021704644 0.998419344 0.051844906 -26.968334198 -0.595304906 0.054568335 -0.801644802 288.676727295
-0.818510652 -0.005464170 0.574465275 254.126159668 0.026590385 0.998522818 0.047384243 -26.946247101 -0.573875666 0.054059766 -0.817156255 288.135772705
-0.834825277 -0.001156800 0.550513685 254.446960449 0.028861491 0.998530567 0.045865152 -26.925548553 -0.549757779 0.054178037 -0.833565235 287.633483887
-0.851224244 0.004087274 0.524785995 254.746887207 0.033833567 0.998316824 0.047104083 -26.907978058 -0.523710012 0.057851523 -0.849929810 287.109466553
-0.867454588 0.010766135 0.497399896 255.010696411 0.039518639 0.998097897 0.047316015 -26.889726639 -0.495944262 0.060701050 -0.866229951 286.592803955
-0.884242296 0.017225880 0.466710597 255.251251221 0.043806460 0.997972965 0.046162583 -26.880323410 -0.464969277 0.061263833 -0.883204460 286.076660156
-0.901314020 0.022955192 0.432557553 255.489944458 0.045898899 0.998034120 0.042674687 -26.858699799 -0.430727631 0.058317214 -0.900595725 285.532775879
-0.918147147 0.029283825 0.395155758 255.676437378 0.048287213 0.998101592 0.038229339 -26.848129272 -0.393286049 0.054181136 -0.917818189 285.033447266
-0.933757186 0.035765562 0.356115490 255.832885742 0.051273800 0.998098791 0.034201633 -26.838054657 -0.354215145 0.050195422 -0.933815837 284.513336182
-0.948597491 0.043435868 0.313490063 255.974670410 0.056051470 0.997935951 0.031337760 -26.818630219 -0.311481804 0.047298495 -0.949074209 283.975769043
-0.961779714 0.048929591 0.269416958 256.096557617 0.058800310 0.997857511 0.028684849 -26.808189392 -0.267436147 0.043430306 -0.962596297 283.433532715
-0.973496675 0.048925236 0.223406583 256.197631836 0.056197222 0.998073041 0.026305677 -26.803974152 -0.221689090 0.038163312 -0.974370360 282.888000488
-0.983732760 0.048543271 0.172954440 256.276184082 0.053552680 0.998266518 0.024413401 -26.793008804 -0.171469495 0.033278443 -0.984627187 282.347686768
-0.991594255 0.047164861 0.120483696 256.308837891 0.050187733 0.998493493 0.022177754 -26.773305893 -0.119256154 0.028038131 -0.992467582 281.816162109
-0.996727169 0.049006481 0.064290211 256.321899414 0.050512828 0.998480618 0.022017056 -26.763660431 -0.063113555 0.025192475 -0.997688413 281.258117676
-0.998884141 0.046765652 0.006588377 256.301910400 0.046917215 0.998582959 0.025116157 -26.757856369 -0.005404465 0.025397241 -0.999662817 280.689147949
-0.997523010 0.045475941 -0.053662397 256.265045166 0.043950230 0.998604596 0.029277794 -26.742584229 0.054918952 0.026846796 -0.998129845 280.126281738
-0.992388070 0.046188451 -0.114160359 256.186035156 0.042724516 0.998554587 0.032606751 -26.717979431 0.115501426 0.027481103 -0.992927194 279.547698975
-0.983642817 0.047175068 -0.173842490 256.038330078 0.041115064 0.998420119 0.038298979 -26.703239441 0.175374597 0.030524971 -0.984028399 278.966308594
-0.970492423 0.046273481 -0.236649692 255.880004883 0.036474921 0.998292863 0.045619518 -26.694217682 0.238356665 0.035641618 -0.970523417 278.387207031
-0.953377128 0.046481825 -0.298179984 255.659515381 0.031946324 0.998060048 0.053440019 -26.661125183 0.300085485 0.041422743 -0.953012407 277.812683105
-0.931831896 0.040496167 -0.360623479 255.429031372 0.019742591 0.997939408 0.061049681 -26.636749268 0.362352729 0.049768414 -0.930711269 277.226318359
-0.906429231 0.038186461 -0.420627832 255.141311646 0.011194777 0.997726738 0.066453956 -26.601905823 0.422209322 0.055526976 -0.904796124 276.656890869
-0.878168941 0.037296195 -0.476894379 254.807525635 0.003736586 0.997460306 0.071127124 -26.565437317 0.478335977 0.060679685 -0.876078010 276.099822998
-0.846949041 0.038704056 -0.530263245 254.447433472 -0.001420448 0.997178495 0.075053096 -26.528902054 0.531672001 0.064319372 -0.844504535 275.552642822
-0.814138532 0.038483296 -0.579393983 254.032760620 -0.006386980 0.997147560 0.075205117 -26.485958099 0.580635607 0.064927988 -0.811570585 275.009033203
-0.781595349 0.033559851 -0.622882366 253.583236694 -0.014549297 0.997299254 0.071989290 -26.439582825 0.623616219 0.065329008 -0.778996170 274.470672607
-0.750480592 0.031703647 -0.660131454 253.116744995 -0.019587576 0.997342825 0.070167072 -26.398256302 0.660602152 0.065589413 -0.747865617 273.956756592
-0.721584022 0.034803618 -0.691451490 252.591812134 -0.019182658 0.997347176 0.070219211 -26.347700119 0.692061126 0.063932948 -0.719002008 273.442901611
-0.694678485 0.039015610 -0.718261421 252.031738281 -0.018040491 0.997268856 0.071619332 -26.296382904 0.719094038 0.062710203 -0.692077339 272.931793213
-0.670769513 0.041545615 -0.740501344 251.463928223 -0.017974665 0.997225821 0.072231106 -26.253320694 0.741448104 0.061760683 -0.668161988 272.424194336
-0.651316404 0.043959390 -0.757531822 250.852783203 -0.016936995 0.997229517 0.072431214 -26.200218201 0.758617222 0.060005955 -0.648767471 271.916168213
-0.636792958 0.048543952 -0.769505203 250.217498779 -0.009410776 0.997452378 0.070711687 -26.147790909 0.770977437 0.052270349 -0.634713769 271.410186768
-0.627335668 0.054598469 -0.776832700 249.560485840 -0.000743106 0.997496843 0.070707612 -26.103752136 0.778748631 0.044934675 -0.625724733 270.901062012
-0.622301280 0.057366822 -0.780672729 248.887573242 0.003955819 0.997528672 0.070148885 -26.046108246 0.782767773 0.040565562 -0.620990396 270.367950439
-0.620690346 0.060002413 -0.781756282 248.202178955 0.006528274 0.997428358 0.071372703 -25.988159180 0.784028530 0.039196841 -0.619486034 269.834228516
