1.000000000 -0.000000004 -0.000000007 0.000000000 -0.000000004 1.000000119 -0.000000003 0.000000000 -0.000000007 -0.000000003 1.000000000 -0.000015259
0.999997556 -0.001677619 -0.001434229 -0.002483068 0.001676343 0.999998331 -0.000885235 -0.008486163 0.001435696 0.000882823 0.999998569 0.564119756
0.999995470 -0.001800914 -0.002403586 -0.008004924 0.001794745 0.999995232 -0.002563274 -0.017784100 0.002408175 0.002558943 0.999993801 1.119318366
0.999986589 -0.002514934 -0.004522749 -0.009343885 0.002498849 0.999990642 -0.003557029 -0.035150826 0.004531637 0.003545674 0.999983430 1.684706092
0.999970376 -0.004337253 -0.006357220 -0.020509930 0.004302005 0.999975502 -0.005546557 -0.041264858 0.006381105 0.005519038 0.999964416 2.251276493
0.999944448 -0.006916970 -0.007960795 -0.021412713 0.006855697 0.999946833 -0.007697607 -0.053094275 0.008013606 0.007642601 0.999938607 2.812520504
0.999922037 -0.008134495 -0.009466947 -0.027514232 0.008055996 0.999933124 -0.008300434 -0.066517383 0.009533837 0.008223521 0.999920726 3.385273695
0.999908805 -0.008056782 -0.010834881 -0.039119083 0.007974449 0.999939203 -0.007620471 -0.079594217 0.010895625 0.007533372 0.999912202 3.968768597
0.999893486 -0.008628838 -0.011763709 -0.050856613 0.008535187 0.999931693 -0.007987984 -0.094118476 0.011831837 0.007886725 0.999898911 4.561549664
0.999882817 -0.007967055 -0.013075708 -0.059093792 0.007824373 0.999909699 -0.010927570 -0.108123213 0.013161570 0.010823980 0.999854743 5.154158592
0.999878705 -0.006334645 -0.014233680 -0.076271273 0.006125422 0.999873221 -0.014695368 -0.124107867 0.014324947 0.014606395 0.999790609 5.756536961
0.999865055 -0.005230946 -0.015572876 -0.091431871 0.004945989 0.999820650 -0.018281206 -0.137869760 0.015665688 0.018201714 0.999711633 6.370728970
0.999853730 -0.003130999 -0.016816523 -0.107220143 0.002822717 0.999828160 -0.018325038 -0.152043462 0.016870987 0.018274887 0.999690711 6.997632504
0.999834955 -0.001161493 -0.018131213 -0.118312903 0.000952441 0.999933004 -0.011534255 -0.160188258 0.018143384 0.011515082 0.999769151 7.639297962
0.999828637 -0.000069971 -0.018510491 -0.139794692 0.000051697 0.999999464 -0.000987620 -0.173226714 0.018510541 0.000986492 0.999828279 8.298592567
0.999808192 0.000723460 -0.019575296 -0.155184358 -0.000614390 0.999984145 0.005577322 -0.183933467 0.019579016 -0.005564228 0.999792933 8.984926224
0.999779582 0.003068694 -0.020773666 -0.177157119 -0.002971526 0.999984443 0.004706766 -0.200466216 0.020787781 -0.004644000 0.999773204 9.674624443
0.999756098 0.005009666 -0.021510562 -0.198959276 -0.005062100 0.999984384 -0.002383654 -0.209616289 0.021498272 0.002491962 0.999765754 10.357126236
0.999732971 0.004611366 -0.022642085 -0.219209701 -0.004798449 0.999954760 -0.008215059 -0.212209046 0.022603162 0.008321513 0.999709785 11.068693161
0.999717891 0.002267189 -0.023643520 -0.240409106 -0.002431825 0.999973059 -0.006936707 -0.212078780 0.023627140 0.006992247 0.999696374 11.808582306
0.999708772 0.001808024 -0.024062775 -0.262591541 -0.001755735 0.999996126 0.002194063 -0.220523700 0.024066634 -0.002151174 0.999707997 12.577054977
0.999695599 0.001482677 -0.024629464 -0.281406075 -0.001241051 0.999950945 0.009822886 -0.229198560 0.024642812 -0.009789329 0.999648333 13.352370262
0.999683201 0.000541657 -0.025165133 -0.302926391 -0.000230366 0.999923468 0.012371265 -0.232343972 0.025169896 -0.012361547 0.999606609 14.138398170
0.999679983 -0.001046323 -0.025279883 -0.323800236 0.001329245 0.999936640 0.011177419 -0.232756361 0.025266571 -0.011207443 0.999617875 14.938679695
0.999692917 -0.001442154 -0.024741801 -0.348501384 0.001663315 0.999958813 0.008920569 -0.235569447 0.024727905 -0.008958981 0.999653935 15.764820099
0.999698460 0.000975437 -0.024539232 -0.374960750 -0.000842777 0.999984980 0.005415856 -0.234493911 0.024544133 -0.005393540 0.999684155 16.611701965
0.999723852 -0.002503950 -0.023370059 -0.397417009 0.002496541 0.999996841 -0.000346375 -0.236430496 0.023370860 0.000287932 0.999726772 17.481746674
0.999729216 -0.005396399 -0.022634046 -0.414996475 0.005249044 0.999964714 -0.006564828 -0.246031672 0.022668686 0.006444240 0.999722242 18.351541519
0.999755263 -0.004141532 -0.021730402 -0.435172290 0.003885743 0.999922872 -0.011800246 -0.261504889 0.021777617 0.011712916 0.999694169 19.244020462
0.999760032 -0.002890831 -0.021717476 -0.459745556 0.002616693 0.999916732 -0.012640904 -0.275957674 0.021752218 0.012581038 0.999684215 20.154743195
0.999754786 -0.002745844 -0.021972762 -0.489458650 0.002482799 0.999924958 -0.011989912 -0.300551534 0.022004049 0.011932415 0.999686658 21.101560593
0.999758065 -0.001234986 -0.021962360 -0.507489622 0.000934511 0.999905944 -0.013686110 -0.321451753 0.021977186 0.013662270 0.999665141 22.048557281
0.999762118 0.001369039 -0.021764226 -0.535565853 -0.001713654 0.999873400 -0.015823010 -0.341953576 0.021739796 0.015856538 0.999637961 23.002103806
0.999746084 0.004966178 -0.021981163 -0.566359937 -0.005333385 0.999846756 -0.016678287 -0.363865674 0.021894954 0.016791284 0.999619246 23.966138840
0.999737322 0.007170192 -0.021767145 -0.604261875 -0.007527455 0.999837577 -0.016375333 -0.396864861 0.021646187 0.016534880 0.999628901 24.946847916
0.999723315 0.007708993 -0.022219824 -0.626217604 -0.008079961 0.999828637 -0.016653981 -0.423121899 0.022087619 0.016828908 0.999614358 25.925907135
0.999719381 0.007746222 -0.022389006 -0.647381365 -0.008111937 0.999834359 -0.016289890 -0.455185026 0.022259105 0.016466936 0.999616504 26.914741516
0.999696255 0.009379474 -0.022791769 -0.680237055 -0.009725549 0.999838412 -0.015120861 -0.486395299 0.022646252 0.015337933 0.999625802 27.914787292
0.999689817 0.009359904 -0.023082359 -0.700385690 -0.009667053 0.999865711 -0.013231006 -0.514103174 0.022955419 0.013450036 0.999646008 28.939348221
0.999680221 0.010106247 -0.023186110 -0.733743787 -0.010386296 0.999874234 -0.011989583 -0.543330014 0.023062021 0.012226565 0.999659240 29.960054398
0.999674201 0.009765769 -0.023585169 -0.759363115 -0.010072843 0.999865532 -0.012936014 -0.573754013 0.023455666 0.013169367 0.999638140 30.981388092
0.999658287 0.011330890 -0.023556065 -0.788610995 -0.011666503 0.999831617 -0.014159178 -0.595615089 0.023391666 0.014429158 0.999622226 32.038146973
0.999657452 0.010999676 -0.023746820 -0.821358263 -0.011315750 0.999848485 -0.013217166 -0.623087525 0.023597838 0.013481351 0.999630630 33.076183319
0.999639392 0.010821315 -0.024573922 -0.848790526 -0.011086862 0.999881327 -0.010695674 -0.647765517 0.024455260 0.010964262 0.999640822 34.127750397
0.999626279 0.010859762 -0.025085591 -0.877687275 -0.011037914 0.999914765 -0.006974199 -0.675751388 0.025007706 0.007248481 0.999660969 35.202629089
0.999606073 0.010962018 -0.025835868 -0.907960176 -0.011089477 0.999927044 -0.004795178 -0.696195781 0.025781410 0.005079791 0.999654710 36.263843536
0.999597371 0.010426731 -0.026390539 -0.938053310 -0.010530106 0.999937415 -0.003781071 -0.724456310 0.026349457 0.004057438 0.999644578 37.329887390
0.999588668 0.010344148 -0.026750378 -0.977103233 -0.010495504 0.999929667 -0.005523693 -0.740309417 0.026691359 0.005802175 0.999626875 38.404998779
0.999570608 0.010727361 -0.027266882 -1.014007330 -0.010898665 0.999921739 -0.006141596 -0.761410952 0.027198859 0.006436133 0.999609292 39.518329620
0.999553740 0.010506500 -0.027961103 -1.049602032 -0.010655774 0.999929726 -0.005194926 -0.776814699 0.027904551 0.005490555 0.999595523 40.603767395
0.999542415 0.010583666 -0.028335551 -1.102457643 -0.010677932 0.999937892 -0.003177434 -0.801141083 0.028300159 0.003478546 0.999593437 41.700435638
0.999511719 0.010449291 -0.029448941 -1.130100131 -0.010458498 0.999945343 -0.000158539 -0.830417693 0.029445672 0.000466456 0.999566257 42.789813995
0.999481857 0.011970721 -0.029878326 -1.159218907 -0.011993743 0.999927878 -0.000591285 -0.849190354 0.029869085 0.000949328 0.999553323 43.867015839
0.999454021 0.013131851 -0.030320233 -1.199508667 -0.013264840 0.999903262 -0.004189034 -0.872929454 0.030262284 0.004588936 0.999531507 44.940647125
0.999441564 0.014532971 -0.030088359 -1.245726824 -0.014799919 0.999852955 -0.008668443 -0.891171575 0.029957948 0.009108904 0.999509633 46.022743225
0.999433339 0.014981044 -0.030145159 -1.290308356 -0.015257939 0.999843299 -0.008976269 -0.916000724 0.030005954 0.009431129 0.999505222 47.098426819
0.999426723 0.015414516 -0.030142454 -1.317114353 -0.015602957 0.999859989 -0.006026426 -0.945705652 0.030045336 0.006493277 0.999527335 48.222640991
0.999427557 0.015926970 -0.029849308 -1.355833530 -0.016050382 0.999863505 -0.003899361 -0.970741272 0.029783126 0.004376216 0.999546707 49.309932709
0.999442577 0.014348399 -0.030144410 -1.394104838 -0.014443472 0.999891281 -0.002938509 -0.988560140 0.030098962 0.003372256 0.999541163 50.393604279
0.999444723 0.014743849 -0.029879384 -1.429946303 -0.014863220 0.999882340 -0.003776959 -1.013456821 0.029820172 0.004218962 0.999546409 51.489128113
0.999473572 0.013825543 -0.029351147 -1.470729232 -0.013992019 0.999887168 -0.005474207 -1.039178610 0.029272133 0.005882008 0.999554336 52.592857361
0.999478340 0.013903636 -0.029153647 -1.503003716 -0.014146828 0.999866664 -0.008152268 -1.056447268 0.029036399 0.008560447 0.999541759 53.687801361
0.999499738 0.012808673 -0.028917400 -1.540892720 -0.013098644 0.999865592 -0.009860603 -1.096336126 0.028787196 0.010234452 0.999533236 54.781402588
0.999528050 0.011256515 -0.028583169 -1.579642177 -0.011640262 0.999843776 -0.013294636 -1.127532244 0.028429054 0.013621077 0.999503016 55.870296478
0.999539137 0.009555526 -0.028813133 -1.607301950 -0.009994194 0.999835670 -0.015118989 -1.158789992 0.028663931 0.015399983 0.999470532 56.957870483
0.999578059 0.008045680 -0.027911561 -1.646383047 -0.008400778 0.999884903 -0.012628118 -1.194857121 0.027806750 0.012857267 0.999530613 58.038265228
0.999582648 0.006719224 -0.028093159 -1.675273538 -0.006924223 0.999949992 -0.007206231 -1.214716196 0.028043328 0.007397744 0.999579310 59.159233093
0.999602854 0.005205148 -0.027694046 -1.709101796 -0.005234289 0.999985754 -0.000979852 -1.240064859 0.027688546 0.001124420 0.999615908 60.251979828
0.999611497 0.003682513 -0.027633617 -1.739732862 -0.003700633 0.999993026 -0.000604337 -1.259617686 0.027631165 0.000706366 0.999617875 61.354087830
0.999612510 0.000415844 -0.027835138 -1.765561819 -0.000519696 0.999993026 -0.003723590 -1.275691628 0.027833357 0.003736614 0.999605536 62.449913025
0.999625087 -0.000982118 -0.027363932 -1.805685997 0.000787842 0.999974489 -0.007109316 -1.296605110 0.027370181 0.007085092 0.999600232 63.536781311
0.999622703 0.001452878 -0.027429162 -1.841594458 -0.001748495 0.999940634 -0.010756738 -1.331551552 0.027411900 0.010800638 0.999565780 64.639999390
0.999618769 0.001555479 -0.027565572 -1.871825218 -0.001973403 0.999883473 -0.015140550 -1.356930256 0.027538804 0.015189175 0.999505222 65.733665466
0.999624670 0.004651772 -0.026996983 -1.909126520 -0.005071784 0.999866843 -0.015510367 -1.392488003 0.026921231 0.015641466 0.999515176 66.829940796
0.999634802 0.008219145 -0.025740493 -1.961773038 -0.008531585 0.999890983 -0.012051811 -1.423484802 0.025638640 0.012267015 0.999596179 67.946853638
0.999628544 0.009516221 -0.025536038 -1.998028517 -0.009775093 0.999901891 -0.010031853 -1.450036883 0.025438078 0.010277742 0.999623656 69.039512634
0.999628305 0.008857539 -0.025781473 -2.027456284 -0.009101189 0.999914944 -0.009348601 -1.478240252 0.025696484 0.009579769 0.999623895 70.140258789
0.999639809 0.007668395 -0.025718316 -2.058996201 -0.007886909 0.999933660 -0.008405635 -1.508978367 0.025652133 0.008605446 0.999633908 71.253349304
0.999641657 0.006624045 -0.025936808 -2.090585470 -0.006803368 0.999953568 -0.006831485 -1.538362980 0.025890335 0.007005493 0.999640286 72.345008850
0.999643207 0.005129287 -0.026214972 -2.126486540 -0.005259090 0.999974251 -0.004884758 -1.565661907 0.026189223 0.005020881 0.999644399 73.448989868
0.999627054 0.004148540 -0.026993871 -2.153133869 -0.004239865 0.999985635 -0.003326934 -1.590926528 0.026979668 0.003440144 0.999629974 74.551246643
0.999622345 0.003608875 -0.027245099 -2.190106869 -0.003727752 0.999983847 -0.004313821 -1.619032025 0.027229078 0.004413755 0.999619424 75.635398865
0.999597013 0.003556192 -0.028164275 -2.219393015 -0.003787495 0.999959469 -0.008163712 -1.646844864 0.028134098 0.008267093 0.999569893 76.724708557
0.999564230 0.004177213 -0.029221516 -2.249275446 -0.004482229 0.999936044 -0.010380507 -1.671248913 0.029176282 0.010506957 0.999519050 77.803344727
0.999543369 0.006135202 -0.029587243 -2.292016745 -0.006394263 0.999941945 -0.008669086 -1.699997902 0.029532328 0.008854313 0.999524534 78.889183044
0.999517977 0.007455847 -0.030138060 -2.332662821 -0.007595851 0.999960840 -0.004533491 -1.722023487 0.030103069 0.004760229 0.999535441 79.961257935
0.999495685 0.008473954 -0.030604510 -2.373408556 -0.008484621 0.999963880 -0.000218526 -1.754229069 0.030601541 0.000478083 0.999531567 81.045890808
0.999467134 0.009539026 -0.031216448 -2.414420366 -0.009535191 0.999954462 0.000271821 -1.772960305 0.031217599 0.000025978 0.999512613 82.115837097
0.999453962 0.009676322 -0.031593278 -2.458225012 -0.009742015 0.999950707 -0.001925977 -1.791892648 0.031573065 0.002232707 0.999499023 83.185447693
0.999434531 0.009300257 -0.032311164 -2.494354725 -0.009384553 0.999952912 -0.002458229 -1.818031430 0.032286759 0.002760061 0.999474883 84.261329651
0.999423206 0.008566208 -0.032858487 -2.532158375 -0.008653347 0.999959469 -0.002510739 -1.843117714 0.032835629 0.002793623 0.999456942 85.316902161
0.999403298 0.007325677 -0.033754159 -2.570160866 -0.007408826 0.999969840 -0.002338998 -1.860018253 0.033735983 0.002587677 0.999427497 86.353942871
0.999394715 0.006425198 -0.034189954 -2.605816603 -0.006464138 0.999978542 -0.001028476 -1.886604190 0.034182608 0.001248864 0.999414802 87.388595581
0.999384820 0.006710120 -0.034422986 -2.648854256 -0.006655459 0.999976337 0.001702303 -1.908394575 0.034433592 -0.001472153 0.999405921 88.392547607
0.999353886 0.005616993 -0.035500623 -2.690687656 -0.005514830 0.999980390 0.002975117 -1.933675408 0.035516627 -0.002777413 0.999365151 89.367790222
0.999272406 0.004638594 -0.037856769 -2.727786303 -0.004530136 0.999985337 0.002950222 -1.952338576 0.037869882 -0.002776583 0.999278784 90.344795227
0.999137104 0.003706635 -0.041368131 -2.767654896 -0.003633377 0.999991655 0.001845916 -1.969878435 0.041374616 -0.001694021 0.999142230 91.277610779
0.999001920 0.003447640 -0.044533711 -2.817658901 -0.003400387 0.999993503 0.001136764 -1.992698193 0.044537336 -0.000984201 0.999007165 92.196968079
0.998858809 0.003561527 -0.047627751 -2.866795778 -0.003490306 0.999992728 0.001578478 -2.011095047 0.047633022 -0.001410441 0.998863876 93.097648621
0.998699665 0.004735101 -0.050759565 -2.916778803 -0.004615689 0.999986410 0.002469494 -2.027785301 0.050770558 -0.002231992 0.998707891 93.963851929
0.998545825 0.005338814 -0.053645372 -2.973702908 -0.005143978 0.999979615 0.003769325 -2.047348022 0.053664394 -0.003487893 0.998552918 94.807426453
0.998362124 0.006807692 -0.056805693 -3.025134802 -0.006516458 0.999964654 0.005310495 -2.062006474 0.056839824 -0.004931627 0.998371124 95.623443604
0.998220921 0.007941056 -0.059094012 -3.085296631 -0.007601443 0.999953270 0.005969530 -2.076729059 0.059138648 -0.005509712 0.998234510 96.409797668
0.998029768 0.010188730 -0.061909348 -3.132525921 -0.009785652 0.999928951 0.006810574 -2.099525690 0.061974332 -0.006191332 0.998058498 97.174057007
0.997820437 0.011804787 -0.064925507 -3.183785200 -0.011458184 0.999918163 0.005708321 -2.114660978 0.064987555 -0.004951949 0.997873724 97.903717041
0.997654736 0.013349106 -0.067134097 -3.245754242 -0.013236137 0.999910235 0.002127320 -2.134212971 0.067156442 -0.001233734 0.997741699 98.595451355
0.997444451 0.015947934 -0.069644660 -3.305041313 -0.016098866 0.999869227 -0.001606356 -2.145174265 0.069609910 0.002723450 0.997570574 99.269912720
0.997261226 0.017260758 -0.071917802 -3.351648808 -0.017632654 0.999834180 -0.004539367 -2.160855293 0.071827494 0.005795035 0.997400284 99.911239624
0.997154355 0.019332055 -0.072866298 -3.401786089 -0.019779814 0.999789596 -0.005428226 -2.177120447 0.072746001 0.006854059 0.997326970 100.527107239
0.997177243 0.021733791 -0.071868084 -3.454464674 -0.022139814 0.999743164 -0.004857668 -2.194639683 0.071743995 0.006435100 0.997402430 101.109596252
0.997352600 0.025448687 -0.068119101 -3.518711805 -0.025748592 0.999662280 -0.003528048 -2.208658457 0.068006270 0.005272677 0.997670949 101.682403564
0.997594774 0.027971521 -0.063422211 -3.540457726 -0.028157767 0.999601424 -0.002044374 -2.226082802 0.063339725 0.003825281 0.997984767 102.225845337
0.998027086 0.028586889 -0.055899628 -3.572702885 -0.028617868 0.999590397 0.000246489 -2.242766857 0.055883739 0.001353722 0.998436391 102.739898682
0.998527050 0.028834632 -0.045959588 -3.597909451 -0.028746685 0.999583364 0.002573597 -2.252665281 0.046014618 -0.001248623 0.998940051 103.238220215
0.999009967 0.028412841 -0.034232304 -3.600880623 -0.028296856 0.999592125 0.003868340 -2.268914700 0.034328226 -0.002895847 0.999406576 103.711311340
0.999403358 0.027530279 -0.020856526 -3.601357698 -0.027452009 0.999615073 0.004030344 -2.280472040 0.020959437 -0.003455388 0.999774456 104.169151306
0.999606490 0.027495833 -0.005568296 -3.596982956 -0.027480023 0.999618232 0.002897399 -2.288690329 0.005645825 -0.002743246 0.999980330 104.608573914
0.999585986 0.026110167 0.012086846 -3.569748163 -0.026110640 0.999659121 -0.000119314 -2.300996780 -0.012085859 -0.000196334 0.999926984 105.031822205
0.999102294 0.025727421 0.033656988 -3.548896790 -0.025588989 0.999662280 -0.004537577 -2.315033674 -0.033762377 0.003672252 0.999423206 105.450393677
0.998074353 0.023447189 0.057426929 -3.496061802 -0.022928160 0.999690294 -0.009680615 -2.322195530 -0.057636134 0.008345277 0.998302877 105.858520508
0.996158004 0.021499410 0.084894262 -3.438275337 -0.020502575 0.999710500 -0.012596694 -2.334100246 -0.085140526 0.010807744 0.996310413 106.270034790
0.993259072 0.018573983 0.114418618 -3.365884781 -0.017136214 0.999761522 -0.013536845 -2.348603249 -0.114642777 0.011484888 0.993340433 106.652389526
0.989022613 0.016280148 0.146864697 -3.278933525 -0.014182615 0.999782145 -0.015317988 -2.365164757 -0.147082075 0.013066908 0.989037991 107.010139465
0.983020484 0.013967794 0.182963699 -3.183368683 -0.011097259 0.999799013 -0.016703600 -2.380810738 -0.183160231 0.014389584 0.982977808 107.381736755
0.975157142 0.010532296 0.221263677 -3.068284988 -0.006859337 0.999825776 -0.017361766 -2.395252705 -0.221407995 0.015412724 0.975059450 107.740859985
0.965170264 0.008716610 0.261477560 -2.944450378 -0.004084943 0.999825120 -0.018251732 -2.409713507 -0.261590958 0.016547905 0.965036988 108.091949463
0.952889860 0.009030326 0.303182214 -2.816091537 -0.003468032 0.999815822 -0.018879771 -2.431092739 -0.303296804 0.016938897 0.952745497 108.413887024
0.937705636 0.011431887 0.347242624 -2.668624878 -0.004864084 0.999792576 -0.019779932 -2.441173553 -0.347396702 0.016858734 0.937566698 108.739883423
0.920184314 0.011612260 0.391313255 -2.492633820 -0.004599793 0.999811769 -0.018852964 -2.450836182 -0.391458482 0.015548239 0.920064330 109.053482056
0.899805427 0.010162996 0.436172962 -2.317306519 -0.002888156 0.999845505 -0.017338641 -2.465508223 -0.436281800 0.014341666 0.899695814 109.358825684
0.876659811 0.009339906 0.481020093 -2.123500824 -0.000872023 0.999840736 -0.017824519 -2.479664326 -0.481109917 0.015206577 0.876528323 109.637344360
0.851347744 0.010533449 0.524495959 -1.908775330 0.000259015 0.999789953 -0.020499194 -2.490195990 -0.524601638 0.017587792 0.851166070 109.926483154
0.823784530 0.011851008 0.566779315 -1.695972443 0.001473526 0.999733388 -0.023045516 -2.518391132 -0.566901088 0.019819697 0.823547304 110.173454285
0.792681277 0.016470518 0.609413803 -1.463058472 -0.000148871 0.999640167 -0.026823463 -2.539195538 -0.609636188 0.021171730 0.792398512 110.439727783
0.758820832 0.022659451 0.650905252 -1.209487915 -0.003425876 0.999519706 -0.030801633 -2.550397873 -0.651290476 0.021142999 0.758534014 110.691955566
0.721400797 0.027539030 0.691969991 -0.938762665 -0.005114551 0.999393702 -0.034441799 -2.552977085 -0.692498803 0.021307230 0.721104264 110.937149048
0.682233393 0.027552944 0.730615139 -0.643863678 -0.003042582 0.999388099 -0.034847807 -2.572621822 -0.731128097 0.021551380 0.681899786 111.162681580
0.641532421 0.025064275 0.766686320 -0.330883026 0.001120037 0.999434471 -0.033610404 -2.586248875 -0.767095149 0.022420883 0.641141534 111.362022400
0.596945643 0.023164516 0.801947236 -0.005165100 0.003093489 0.999509215 -0.031173861 -2.592220306 -0.802275717 0.021089917 0.596580982 111.574035645
0.553071558 0.021971911 0.832843959 0.325824738 0.004329683 0.999562919 -0.029245488 -2.601060390 -0.833122611 0.019780798 0.552734613 111.693946838
0.505033612 0.019540364 0.862878501 0.684112549 0.006270414 0.999634266 -0.026307276 -2.611222744 -0.863077104 0.018696660 0.504726291 111.860359192
0.454207718 0.015734352 0.890756845 1.055385590 0.009572035 0.999700248 -0.022539617 -2.621696472 -0.890844524 0.018764026 0.453920931 112.010795593
0.401768208 0.016124418 0.915599346 1.412372589 0.006009805 0.999777019 -0.020243971 -2.644496918 -0.915721774 0.013635959 0.401581705 112.142028809
0.350360662 0.020916274 0.936381340 1.802707672 0.002769493 0.999723196 -0.023367403 -2.656157494 -0.936610937 0.010780321 0.350205541 112.262542725
0.300149292 0.026387306 0.953527212 2.216335297 0.001386124 0.999604225 -0.028098736 -2.670656681 -0.953891218 0.009755523 0.299993902 112.359207153
0.253523052 0.028406698 0.966912150 2.624074936 0.003289381 0.999537647 -0.030227669 -2.684243679 -0.967323780 0.010843950 0.253312290 112.431114197
0.212472707 0.028199770 0.976760030 3.043960571 0.010154966 0.999465823 -0.031064298 -2.701329231 -0.977114260 0.016519278 0.212072819 112.479469299
0.177283734 0.028127067 0.983757734 3.475183487 0.018680848 0.999315262 -0.031938374 -2.710710764 -0.983982503 0.024039580 0.176636875 112.519874573
0.146822587 0.029398952 0.988725841 3.927259445 0.022859156 0.999190509 -0.033104621 -2.726692200 -0.988898695 0.027461944 0.146031648 112.558387756
0.118635952 0.027432108 0.992558777 4.400570869 0.021133441 0.999322116 -0.030145017 -2.750205994 -0.992712915 0.024552464 0.117975801 112.605079651
0.093141600 0.024284016 0.995356679 4.916707993 0.015034009 0.999554217 -0.025793253 -2.761774540 -0.995539486 0.017366622 0.092734963 112.652320862
0.069559418 0.020254483 0.997372210 5.401493073 0.009787169 0.999731898 -0.020984994 -2.781888008 -0.997529745 0.011221154 0.069342516 112.680534363
0.046950214 0.017763849 0.998739302 5.926325321 0.013952107 0.999732554 -0.018437402 -2.801506281 -0.998799741 0.014800156 0.046689801 112.687454224
0.026915681 0.018589979 0.999464929 6.463833809 0.021582928 0.999583185 -0.019173412 -2.818628311 -0.999404609 0.022087442 0.026503220 112.672706604
0.009623926 0.021084022 0.999731362 7.017862320 0.027061742 0.999406040 -0.021337671 -2.835428953 -0.999587417 0.027259821 0.009047620 112.654823303
-0.005565420 0.026406772 0.999635875 7.626192093 0.026038339 0.999316216 -0.026253361 -2.853978634 -0.999645352 0.025882741 -0.006249204 112.670585632
-0.015725061 0.031039983 0.999394476 8.221153259 0.024616443 0.999227166 -0.030647453 -2.864654541 -0.999573231 0.024119606 -0.016477019 112.649406433
-0.022384448 0.030691933 0.999278247 8.841038704 0.026454018 0.999196947 -0.030096848 -2.884005308 -0.999399364 0.025761221 -0.023178410 112.634712219
-0.025026094 0.028027007 0.999293864 9.494452477 0.033021402 0.999084651 -0.027194157 -2.897405148 -0.999141216 0.032317519 -0.025928691 112.616950989
-0.024371698 0.026016466 0.999364436 10.136924744 0.034110185 0.999100983 -0.025177754 -2.927322626 -0.999120831 0.033474877 -0.025237229 112.589385986
-0.022219123 0.025643943 0.999424160 10.828972816 0.032626148 0.999157071 -0.024911754 -2.953130245 -0.999220610 0.032053843 -0.023037052 112.577217102
-0.020732017 0.026191324 0.999441922 11.515209198 0.029510355 0.999237180 -0.025573814 -2.972383022 -0.999349475 0.028963681 -0.021489115 112.569396973
-0.019645117 0.027350860 0.999432802 12.225827217 0.028616745 0.999231517 -0.026782861 -2.994123220 -0.999397337 0.028074360 -0.020412713 112.565292358
-0.018612757 0.027977383 0.999435246 12.953333855 0.028043894 0.999229729 -0.027449353 -3.024417400 -0.999433398 0.027517144 -0.019383026 112.551933289
-0.018229315 0.027741877 0.999448955 13.702268600 0.027183343 0.999259174 -0.027240803 -3.045656443 -0.999464214 0.026671778 -0.018969940 112.551651001
-0.017591581 0.026312120 0.999498963 14.458944321 0.026456386 0.999315917 -0.025841653 -3.072976589 -0.999495149 0.025988534 -0.018275678 112.542579651
-0.016803632 0.024798600 0.999551177 15.212144852 0.027246555 0.999332488 -0.024335137 -3.107407808 -0.999487638 0.026825400 -0.017468095 112.522575378
-0.017585587 0.022690021 0.999587774 16.002952576 0.027459240 0.999376476 -0.022202138 -3.132688522 -0.999468327 0.027057478 -0.018197674 112.517608643
-0.019083429 0.020956174 0.999598145 16.782993317 0.024529891 0.999489188 -0.020485587 -3.163861990 -0.999516964 0.024129100 -0.019587735 112.512458801
-0.019399079 0.019884072 0.999614120 17.578697205 0.024968535 0.999499977 -0.019397255 -3.185893774 -0.999500155 0.024582608 -0.019885860 112.483367920
-0.020604296 0.017576691 0.999633253 18.378004074 0.027166745 0.999486089 -0.017014151 -3.204396009 -0.999418557 0.026806220 -0.021071214 112.467208862
-0.022139154 0.015874775 0.999628961 19.191385269 0.028674288 0.999472618 -0.015237238 -3.229899168 -0.999343634 0.028326310 -0.022582682 112.454368591
-0.023816526 0.014809525 0.999606729 20.013559341 0.026421946 0.999550343 -0.014179168 -3.260705709 -0.999367177 0.026073860 -0.024197118 112.437622070
-0.024513071 0.019615890 0.999507010 20.828210831 0.022965809 0.999554813 -0.019053584 -3.287374020 -0.999435604 0.022487424 -0.024952656 112.420707703
-0.025614204 0.024274524 0.999377131 21.664030075 0.024281368 0.999425352 -0.023653362 -3.311914206 -0.999376953 0.023660373 -0.026188904 112.406936646
-0.026747636 0.026151342 0.999300063 22.502525330 0.024327854 0.999378800 -0.025502231 -3.336810589 -0.999346077 0.023628706 -0.027367231 112.385871887
-0.028561261 0.023942415 0.999305248 23.348939896 0.020782767 0.999511242 -0.023353357 -3.369935513 -0.999375939 0.020101324 -0.029044893 112.376289368
-0.029175058 0.019311504 0.999387741 24.187707901 0.018066600 0.999660432 -0.018789349 -3.405513525 -0.999411047 0.017507359 -0.029514045 112.356613159
-0.029760929 0.014168014 0.999456644 25.041696548 0.016606085 0.999768555 -0.013677955 -3.431958675 -0.999419093 0.016189992 -0.029989319 112.339752197
-0.030068057 0.008649263 0.999510467 25.889558792 0.012948220 0.999882102 -0.008262958 -3.455424309 -0.999463975 0.012693428 -0.030176507 112.323036194
-0.029772274 0.006535710 0.999535322 26.741601944 0.010419085 0.999926388 -0.006227923 -3.489895821 -0.999502361 0.010228824 -0.029838186 112.308509827
-0.028844332 0.013762170 0.999489129 27.585035324 0.012392518 0.999833465 -0.013409270 -3.516102076 -0.999507129 0.011999409 -0.029010080 112.278259277
-0.027195606 0.025007350 0.999317229 28.391918182 0.015805231 0.999572933 -0.024583621 -3.541852474 -0.999505162 0.015125876 -0.027579257 112.247520447
-0.026713818 0.030483650 0.999178171 29.227998734 0.017728278 0.999392211 -0.030016202 -3.566249371 -0.999485970 0.016911862 -0.027238023 112.228584290
-0.025811633 0.024771590 0.999359846 30.068689346 0.019455804 0.999516189 -0.024272956 -3.601843596 -0.999477446 0.018816827 -0.026281109 112.214385986
-0.024936292 0.017243141 0.999540269 30.894504547 0.022795372 0.999601126 -0.016675496 -3.630393028 -0.999429047 0.022369072 -0.025319424 112.190025330
-0.024961531 0.014270338 0.999586582 31.730226517 0.023993557 0.999618769 -0.013671632 -3.661703825 -0.999400377 0.023642374 -0.025294425 112.178367615
-0.024530416 0.015113895 0.999584854 32.545494080 0.022768300 0.999634802 -0.014555904 -3.683391809 -0.999439716 0.022401782 -0.024865584 112.156196594
-0.025305841 0.016073361 0.999550521 33.362342834 0.019699944 0.999684572 -0.015576773 -3.709853411 -0.999485612 0.019296907 -0.025614509 112.141403198
-0.027473053 0.016310545 0.999489486 34.180541992 0.017909007 0.999714375 -0.015821952 -3.736829519 -0.999462068 0.017465184 -0.027757321 112.130210876
-0.029580798 0.015970528 0.999434769 34.982353210 0.017297564 0.999730766 -0.015463298 -3.767269611 -0.999412715 0.016830370 -0.029849093 112.109306335
-0.031969659 0.016135391 0.999358535 35.795005798 0.015523496 0.999757111 -0.015645221 -3.799139738 -0.999368250 0.015013365 -0.032212380 112.091598511
-0.034149092 0.016393205 0.999282300 36.599620819 0.013626571 0.999780118 -0.015935700 -3.826487541 -0.999323845 0.013072598 -0.034364980 112.070449829
-0.036661468 0.015806710 0.999202609 37.399459839 0.011952530 0.999810398 -0.015377769 -3.849587440 -0.999256313 0.011379226 -0.036843453 112.050041199
-0.038369592 0.014632030 0.999156356 38.196289062 0.012464851 0.999822080 -0.014163099 -3.876633406 -0.999185920 0.011910904 -0.038545169 112.021080017
-0.040005874 0.014324489 0.999096751 38.996757507 0.011509491 0.999837458 -0.013874248 -3.909006596 -0.999133170 0.010944041 -0.040164255 111.990272522
-0.041877780 0.015385511 0.999004245 39.783683777 0.011580552 0.999821723 -0.014912651 -3.932510138 -0.999055743 0.010944509 -0.042048499 111.962837219
-0.043096259 0.015696289 0.998947680 40.576164246 0.012256865 0.999809623 -0.015181053 -3.957983017 -0.998995900 0.011589716 -0.043280456 111.938453674
-0.043742441 0.014947621 0.998931050 41.344051361 0.014213841 0.999796152 -0.014338155 -3.978273392 -0.998941839 0.013571458 -0.043946002 111.897506714
-0.045877807 0.014174937 0.998846412 42.139053345 0.015150800 0.999794245 -0.013492499 -4.003016472 -0.998832226 0.014514315 -0.046083141 111.877670288
-0.046950098 0.013320605 0.998808444 42.869159698 0.012809826 0.999836922 -0.012732183 -4.037259579 -0.998815060 0.012196786 -0.047113094 111.839614868
-0.048336338 0.012419404 0.998753965 43.624023438 0.011088712 0.999867797 -0.011896598 -4.059663296 -0.998769462 0.010499858 -0.048467681 111.812713623
-0.049355645 0.010717477 0.998723745 44.362518311 0.009895920 0.999898612 -0.010241039 -4.087838173 -0.998732209 0.009377839 -0.049456708 111.787826538
-0.049855199 0.010628184 0.998699963 45.073375702 0.010187602 0.999896765 -0.010132354 -4.110408783 -0.998704433 0.009669207 -0.049958345 111.750701904
-0.050088555 0.013283857 0.998656452 45.777458191 0.010397795 0.999864280 -0.012778411 -4.132968426 -0.998690665 0.009743772 -0.050219890 111.722236633
-0.050122831 0.016310412 0.998609781 46.483692169 0.010213467 0.999822736 -0.015817590 -4.151644230 -0.998690784 0.009406445 -0.050280530 111.688034058
-0.050323986 0.018224474 0.998566628 47.181221008 0.008547134 0.999804795 -0.017816331 -4.173649788 -0.998696327 0.007638293 -0.050469924 111.660095215
-0.050444342 0.018818354 0.998549461 47.875160217 0.008610191 0.999793470 -0.018406840 -4.201179028 -0.998689830 0.007669178 -0.050595947 111.626571655
-0.050519992 0.018449606 0.998552620 48.574928284 0.010020383 0.999788344 -0.017965486 -4.227673531 -0.998672724 0.009098261 -0.050694183 111.593978882
-0.050755922 0.017837066 0.998551786 49.263023376 0.009991620 0.999799609 -0.017351488 -4.254051685 -0.998661160 0.009096458 -0.050923977 111.561042786
-0.051334064 0.018327342 0.998513341 49.954521179 0.006655172 0.999815702 -0.018009102 -4.273736954 -0.998659313 0.005720796 -0.051446587 111.538162231
-0.051307697 0.018378846 0.998513818 50.638168335 0.004029136 0.999826372 -0.018195976 -4.302278519 -0.998674750 0.003089552 -0.051372845 111.514488220
-0.051064227 0.016748901 0.998554945 51.309864044 0.006124371 0.999845803 -0.016457370 -4.328303337 -0.998676538 0.005275135 -0.051158935 111.480735779
-0.051882200 0.016567910 0.998515725 51.981246948 0.006884852 0.999844551 -0.016232233 -4.346648693 -0.998629510 0.006032469 -0.051988192 111.442550659
-0.055277668 0.015838329 0.998345375 52.648227692 0.003297482 0.999871671 -0.015679969 -4.372428417 -0.998465598 0.002425273 -0.055322785 111.409255981
-0.060546920 0.015258366 0.998048723 53.319087982 -0.000437801 0.999882698 -0.015312971 -4.398344517 -0.998165250 -0.001364100 -0.060533118 111.377952576
-0.065975718 0.019416803 0.997632265 53.967758179 0.003691322 0.999808609 -0.019215051 -4.417297363 -0.997814417 0.002414854 -0.066034757 111.324455261
-0.071968399 0.022299577 0.997157514 54.650173187 0.006721225 0.999738336 -0.021872196 -4.438329697 -0.997384310 0.005128013 -0.072099425 111.263351440
-0.080152400 0.023187473 0.996512890 55.350654602 0.004038471 0.999728858 -0.022937484 -4.471734524 -0.996774375 0.002185894 -0.080224283 111.223976135
-0.086300686 0.022376837 0.996017814 55.995708466 0.000460774 0.999748528 -0.022420727 -4.499934196 -0.996268988 -0.001475983 -0.086289309 111.165748596
-0.091582693 0.021410873 0.995567262 56.685085297 0.000559832 0.999769747 -0.021449752 -4.521582127 -0.995797336 -0.001407073 -0.091573603 111.104476929
-0.096341968 0.022052435 0.995103955 57.378173828 -0.001891165 0.999748647 -0.022338463 -4.545384884 -0.995346487 -0.004034037 -0.096276060 111.044494629
-0.100413188 0.021266330 0.994718552 58.067382812 -0.004192662 0.999753535 -0.021797210 -4.569143295 -0.994936943 -0.006359245 -0.100299299 110.981437683
-0.102697656 0.017724678 0.994554758 58.771263123 -0.004177008 0.999824703 -0.018249910 -4.596797466 -0.994703829 -0.006028485 -0.102605633 110.905120850
-0.104282841 0.014965588 0.994435072 59.492828369 -0.001662843 0.999882817 -0.015221946 -4.619625568 -0.994546294 -0.003240975 -0.104245737 110.828948975
-0.106107883 0.012325771 0.994278252 60.194869995 -0.001954696 0.999918640 -0.012604300 -4.641801357 -0.994352698 -0.003280931 -0.106075168 110.756622314
-0.107397333 0.012249222 0.994140804 60.921619415 -0.002725912 0.999916732 -0.012614876 -4.658613682 -0.994212508 -0.004064749 -0.107354999 110.684036255
-0.107790314 0.016049895 0.994044185 61.653076172 -0.001098850 0.999867141 -0.016263071 -4.678031445 -0.994173110 -0.002845311 -0.107758358 110.609085083
-0.108134620 0.020033672 0.993934453 62.393741608 0.004728077 0.999795914 -0.019637432 -4.703752041 -0.994125009 0.002575908 -0.108207278 110.526695251
-0.108907044 0.024401724 0.993752360 63.133380890 0.011363992 0.999663830 -0.023301486 -4.736739159 -0.993986964 0.008755296 -0.109147735 110.436637878
-0.109382473 0.025667403 0.993668318 63.883857727 0.012854554 0.999619424 -0.024406107 -4.758863449 -0.993916571 0.010103560 -0.109670796 110.352584839
-0.109576032 0.022940814 0.993713677 64.634696960 0.010468475 0.999704778 -0.021924777 -4.788367271 -0.993923247 0.008000235 -0.109783843 110.276855469
-0.109612733 0.018268108 0.993806481 65.384063721 0.011253084 0.999789774 -0.017136926 -4.813824177 -0.993910611 0.009304961 -0.109795243 110.197692871
-0.109568290 0.016326010 0.993845284 66.133491516 0.012925618 0.999803960 -0.014998891 -4.839288235 -0.993895233 0.011202660 -0.109757826 110.113281250
-0.110543862 0.016121302 0.993740499 66.867752075 0.013780512 0.999797165 -0.014686618 -4.864572048 -0.993775606 0.012070736 -0.110743597 110.026901245
-0.112166785 0.016712027 0.993548810 67.614074707 0.012112185 0.999807298 -0.015449897 -4.890635014 -0.993615508 0.010301081 -0.112347603 109.950019836
-0.114459492 0.017596008 0.993272126 68.350280762 0.011185565 0.999802470 -0.016422741 -4.913241863 -0.993364871 0.009230568 -0.114633732 109.871337891
-0.116789542 0.018001955 0.992993534 69.089958191 0.012799065 0.999779820 -0.016619643 -4.936828136 -0.993074238 0.010768384 -0.116994232 109.784980774
-0.118653849 0.018127782 0.992770195 69.833763123 0.012910511 0.999776900 -0.016712686 -4.960051060 -0.992851794 0.010834141 -0.118861422 109.698814392
-0.120510384 0.017870571 0.992551148 70.580024719 0.012719521 0.999783695 -0.016456453 -4.984606266 -0.992630541 0.010641600 -0.120711632 109.606079102
-0.122242041 0.018031308 0.992336452 71.329177856 0.010491196 0.999802530 -0.016874598 -5.009131432 -0.992444813 0.008348008 -0.122407012 109.519989014
-0.123282135 0.019715639 0.992175758 72.079734802 0.010658881 0.999771237 -0.018542165 -5.034173965 -0.992314339 0.008289566 -0.123464085 109.430305481
-0.124218315 0.019922411 0.992054939 72.843849182 0.009829456 0.999774039 -0.018846657 -5.057681084 -0.992206216 0.007410259 -0.124386072 109.341918945
-0.125635892 0.020152036 0.991871715 73.609588623 0.009120999 0.999774873 -0.019157296 -5.082255363 -0.992034435 0.006640016 -0.125791416 109.249809265
-0.126776740 0.018851018 0.991752148 74.391914368 0.009601974 0.999795794 -0.017776486 -5.100045681 -0.991884708 0.007269133 -0.126931861 109.157775879
-0.127751350 0.016532235 0.991668403 75.175071716 0.007597184 0.999847949 -0.015689898 -5.123306274 -0.991777062 0.005529481 -0.127857536 109.063980103
-0.129830703 0.014604885 0.991428673 75.962875366 0.003995211 0.999890983 -0.014206368 -5.143680573 -0.991528094 0.002116543 -0.129874930 108.972999573
-0.131599694 0.013825337 0.991206586 76.741279602 0.005569904 0.999897242 -0.013207059 -5.169091225 -0.991287291 0.003782881 -0.131663129 108.863082886
-0.133169994 0.014652365 0.990984976 77.535842896 0.006848486 0.999880493 -0.013863584 -5.189865589 -0.991069496 0.004940534 -0.133254424 108.759239197
-0.135402277 0.016189575 0.990658462 78.329338074 0.006356370 0.999860048 -0.015471172 -5.208357811 -0.990770280 0.004202160 -0.135486290 108.651550293
-0.137252033 0.019206597 0.990349948 79.129966736 0.007233649 0.999804735 -0.018387455 -5.240467548 -0.990509748 0.004640128 -0.137364209 108.548767090
-0.137327492 0.023031039 0.990257978 79.929771423 0.009782990 0.999712348 -0.021894241 -5.269142628 -0.990477324 0.006681003 -0.137513340 108.433120728
-0.138673514 0.026661085 0.989979267 80.745697021 0.010479430 0.999621093 -0.025452821 -5.307775021 -0.990282655 0.006844782 -0.138900384 108.320426941
-0.138767913 0.028230181 0.989922583 81.572326660 0.012801340 0.999561191 -0.026710559 -5.334035873 -0.990242124 0.008965762 -0.139068425 108.209777832
-0.138056368 0.027167201 0.990051746 82.404464722 0.016158618 0.999552488 -0.025174692 -5.370397091 -0.990292549 0.012522338 -0.138433561 108.092628479
-0.138050348 0.025126055 0.990106523 83.233200073 0.016812399 0.999593496 -0.023022667 -5.402821541 -0.990282476 0.013467774 -0.138416678 107.975646973
-0.136766404 0.023677388 0.990320325 84.080215454 0.015992036 0.999636829 -0.021691587 -5.432946205 -0.990474284 0.012870556 -0.137095392 107.860137939
-0.135500416 0.021220921 0.990550041 84.928283691 0.015206595 0.999697387 -0.019336734 -5.463402748 -0.990660548 0.012442755 -0.135782123 107.761146545
-0.134222418 0.018146522 0.990785122 85.785331726 0.015666990 0.999746263 -0.016188229 -5.489618778 -0.990827262 0.013349798 -0.134472668 107.655838013
-0.132339761 0.014563316 0.991097450 86.633499146 0.015837675 0.999795556 -0.012576348 -5.519258499 -0.991077781 0.014032328 -0.132543355 107.540992737
-0.130567789 0.014607145 0.991331756 87.484100342 0.014318070 0.999815047 -0.012846318 -5.545472145 -0.991335988 0.012516644 -0.130752772 107.436721802
-0.129293621 0.018749557 0.991429090 88.338577271 0.015023523 0.999743581 -0.016947560 -5.574650764 -0.991492510 0.012703547 -0.129542157 107.330505371
-0.127457336 0.024856821 0.991532564 89.189987183 0.015813880 0.999609888 -0.023026504 -5.603627682 -0.991717994 0.012745081 -0.127800673 107.226150513
-0.125883177 0.028373074 0.991639256 90.030593872 0.013689223 0.999545515 -0.026861517 -5.631506920 -0.991950691 0.010193359 -0.126214400 107.124198914
-0.124634497 0.025830550 0.991866469 90.893096924 0.012214641 0.999625325 -0.024497757 -5.663896084 -0.992127538 0.009062029 -0.124903344 107.023773193
