0.141209915 0.053999595 -0.988505840 145.272415161 -0.040515494 0.997989953 0.048729975 -8.873976707 0.989150286 0.033168647 0.143113896 161.705245972
0.139942542 0.049502745 -0.988921404 144.322174072 -0.039692622 0.998227119 0.044351652 -8.835814476 0.989363730 0.033046205 0.141659334 161.836486816
0.139512852 0.048577640 -0.989028037 143.370056152 -0.040507209 0.998239875 0.043316126 -8.809937477 0.989391446 0.034019601 0.141235039 161.961212158
0.136988118 0.048891086 -0.989365399 142.403930664 -0.042539153 0.998150170 0.043435201 -8.781424522 0.989658773 0.036136664 0.138814524 162.085418701
0.133895591 0.049524777 -0.989757180 141.429672241 -0.042044319 0.998135090 0.044256181 -8.751296997 0.990103185 0.035687961 0.135728121 162.215133667
0.129778653 0.050157849 -0.990273535 140.458282471 -0.040936377 0.998139203 0.045191400 -8.725517273 0.990697563 0.034673333 0.131590441 162.336166382
0.124763906 0.049779695 -0.990936875 139.477325439 -0.038668800 0.998225749 0.045277253 -8.694227219 0.991432607 0.032669377 0.126467451 162.459228516
0.119421460 0.050120667 -0.991577685 138.474548340 -0.039335407 0.998179615 0.045716979 -8.666298866 0.992064118 0.033544529 0.121175565 162.567749023
0.114370525 0.050204284 -0.992168844 137.472137451 -0.040143013 0.998140037 0.045879029 -8.631912231 0.992626846 0.034581430 0.116173171 162.675369263
0.109377913 0.051837612 -0.992647707 136.469085693 -0.041452136 0.998008370 0.047550034 -8.595359802 0.993135691 0.035946444 0.111308850 162.775482178
0.104808979 0.053035636 -0.993077219 135.460830688 -0.042958785 0.997886360 0.048758619 -8.565418243 0.993564248 0.037551049 0.106865801 162.876892090
0.100989707 0.052135471 -0.993520498 134.448684692 -0.043762077 0.997892201 0.047916539 -8.532674789 0.993924558 0.038639437 0.103058413 162.969619751
0.098373316 0.048569307 -0.993963599 133.431030273 -0.043262545 0.998072684 0.044488370 -8.498210907 0.994208872 0.038624920 0.100284964 163.063278198
0.096348755 0.044940848 -0.994332492 132.407730103 -0.044265576 0.998185277 0.040825736 -8.467277527 0.994362891 0.040081192 0.098163240 163.155670166
0.094884560 0.043496456 -0.994537592 131.363128662 -0.043099944 0.998287678 0.039548486 -8.441272736 0.994554818 0.039111976 0.096596792 163.248703003
0.093443878 0.043364447 -0.994679749 130.320693970 -0.040322959 0.998396158 0.039738383 -8.413594246 0.994807601 0.036395121 0.095042616 163.346374512
0.093470342 0.044694770 -0.994618356 129.270202637 -0.038113471 0.998420238 0.041283861 -8.385892868 0.994892240 0.034049537 0.095026165 163.438735962
0.093311980 0.047769833 -0.994490325 128.212173462 -0.037195843 0.998318374 0.044463664 -8.352876663 0.994941890 0.032841910 0.094931893 163.532653809
0.092694193 0.050716095 -0.994402230 127.148986816 -0.036050707 0.998218119 0.047550220 -8.318029404 0.995041788 0.031441275 0.094357386 163.628448486
0.092214786 0.052400813 -0.994359255 126.092170715 -0.036066152 0.998134851 0.049255073 -8.282028198 0.995085776 0.031320672 0.093932681 163.720016479
0.091568902 0.053441707 -0.994363725 125.014297485 -0.038521215 0.998001635 0.050089885 -8.248518944 0.995053411 0.033717424 0.093444563 163.812393188
0.091049969 0.054228183 -0.994368792 123.945693970 -0.038882978 0.997948468 0.050863054 -8.208743095 0.995086908 0.034032941 0.092971750 163.908355713
0.090181045 0.054754898 -0.994419098 122.873542786 -0.040721305 0.997855365 0.051251199 -8.174689293 0.995092511 0.035872158 0.092217349 164.005905151
0.090803348 0.054175779 -0.994394124 121.814544678 -0.040801656 0.997883201 0.050640047 -8.143533707 0.995032609 0.035974644 0.092821591 164.087280273
0.090945780 0.052677687 -0.994461656 120.745521545 -0.042373881 0.997900248 0.048984647 -8.101032257 0.994953871 0.037684251 0.092986979 164.178573608
0.091493137 0.052095793 -0.994442046 119.666893005 -0.043803249 0.997874618 0.048245508 -8.066452026 0.994841874 0.039145663 0.093580626 164.270965576
0.091993801 0.052046519 -0.994398415 118.597557068 -0.043634232 0.997884452 0.048192292 -8.043046951 0.994803011 0.038956419 0.094070211 164.366638184
0.092554361 0.052193187 -0.994338810 117.525848389 -0.044047486 0.997862220 0.048278145 -8.005655289 0.994732857 0.039329767 0.094655491 164.459823608
0.093051456 0.051958434 -0.994304657 116.461952209 -0.042884421 0.997919798 0.048134040 -7.976802349 0.994737267 0.038161233 0.095086105 164.553955078
0.093183532 0.051728308 -0.994304299 115.388351440 -0.042871770 0.997931778 0.047899194 -7.943912506 0.994725585 0.038164165 0.095208496 164.649215698
0.094165012 0.051277444 -0.994235218 114.318473816 -0.042731248 0.997960567 0.047422461 -7.909315586 0.994639218 0.038019370 0.096164130 164.741943359
0.094368711 0.051466372 -0.994206131 113.247413635 -0.043490689 0.997922659 0.047530677 -7.874986172 0.994587004 0.038753297 0.096410967 164.836013794
0.094017342 0.053054571 -0.994155943 112.178436279 -0.043484055 0.997844994 0.049139153 -7.847041607 0.994620621 0.038609989 0.096121766 164.944076538
0.094181977 0.053336568 -0.994125247 111.098823547 -0.043909580 0.997814655 0.049374584 -7.816990852 0.994586170 0.039001428 0.096318156 165.034652710
0.093903288 0.052234422 -0.994210124 110.031372070 -0.044306912 0.997852504 0.048241001 -7.784922123 0.994594932 0.039520390 0.096015990 165.128799438
0.093538761 0.052091118 -0.994252026 108.957992554 -0.044590905 0.997847438 0.048084404 -7.750441074 0.994616568 0.039836846 0.095660225 165.228118896
0.092780098 0.053778961 -0.994233251 107.901206970 -0.045442253 0.997728527 0.049727436 -7.713979244 0.994649112 0.040566485 0.095013194 165.318878174
0.092435203 0.056180168 -0.994132519 106.810035706 -0.045193553 0.997614861 0.052174821 -7.681939602 0.994692504 0.040105592 0.094753735 165.416397095
0.091525465 0.056501199 -0.994198501 105.742034912 -0.046387877 0.997547150 0.052421048 -7.643468380 0.994721651 0.041320905 0.093921944 165.511352539
0.091728039 0.055561192 -0.994232774 104.671905518 -0.047127351 0.997565627 0.051399454 -7.602903366 0.994668365 0.042140789 0.094123185 165.600173950
0.091722131 0.055575397 -0.994232535 103.602005005 -0.047648400 0.997542620 0.051364653 -7.570180893 0.994643986 0.042662311 0.094144806 165.692581177
0.092967406 0.057508487 -0.994006932 102.529495239 -0.051367588 0.997278035 0.052893437 -7.530928135 0.994343221 0.046142370 0.095668428 165.783401489
0.094950415 0.056907550 -0.993854105 101.465774536 -0.055758633 0.997101367 0.051766444 -7.494737148 0.993919313 0.050500695 0.097848266 165.868118286
0.097049743 0.053026419 -0.993865907 100.402946472 -0.057692468 0.997200370 0.047570728 -7.457940102 0.993606031 0.052721847 0.099837266 165.974121094
0.100723147 0.048558664 -0.993728757 99.343070984 -0.061357260 0.997210264 0.042509682 -7.426424980 0.993020654 0.056690767 0.103421584 166.075881958
0.104237281 0.047694743 -0.993408144 98.268936157 -0.063669063 0.997120678 0.041192252 -7.395325184 0.992512524 0.058955595 0.106973812 166.171859741
0.108020708 0.050197445 -0.992880523 97.193954468 -0.063321687 0.997043967 0.043518838 -7.365788460 0.992130041 0.058169931 0.110879987 166.282684326
0.111284614 0.053178210 -0.992364764 96.125213623 -0.061713226 0.997009993 0.046506554 -7.335388660 0.991870522 0.056066576 0.114233665 166.406387329
0.114180721 0.054878913 -0.991943002 95.048400879 -0.059755739 0.997044623 0.048282783 -7.302733421 0.991661251 0.053761330 0.117122598 166.530487061
0.117478684 0.056840766 -0.991447389 93.981895447 -0.058218937 0.997037709 0.050262786 -7.266324997 0.991367459 0.051816203 0.120439880 166.657302856
0.120742857 0.057663709 -0.991007566 92.892456055 -0.057552774 0.997038722 0.051002510 -7.230587959 0.991014063 0.050877038 0.123704009 166.791061401
0.123893321 0.058201034 -0.990587294 91.822731018 -0.058897071 0.996949852 0.051208567 -7.197227478 0.990546107 0.051998287 0.126943290 166.917404175
0.126349986 0.057020649 -0.990345657 90.747009277 -0.057680890 0.997079849 0.050049350 -7.159967422 0.990307391 0.050800275 0.129270017 167.054367065
0.128456295 0.053758666 -0.990257084 89.662513733 -0.057365984 0.997260630 0.046697345 -7.122209072 0.990054667 0.050808504 0.131188303 167.191711426
0.130569130 0.050297406 -0.990162611 88.581504822 -0.056194820 0.997482300 0.043259017 -7.092887878 0.989845335 0.049993720 0.133066848 167.327957153
0.131570488 0.048526809 -0.990118384 87.490219116 -0.054887999 0.997625589 0.041601028 -7.059454441 0.989785969 0.048872158 0.133921638 167.477111816
0.131563216 0.049453262 -0.990073442 86.408607483 -0.053267565 0.997664630 0.042754114 -7.032949448 0.989875615 0.047113936 0.133890212 167.618637085
0.131210908 0.050657026 -0.990059316 85.323913574 -0.048595387 0.997821689 0.044613920 -7.002761841 0.990162730 0.042258494 0.133386776 167.767211914
0.130987093 0.051102526 -0.990066171 84.220550537 -0.045429677 0.997930884 0.045498066 -6.976149082 0.990342498 0.039018724 0.133037657 167.911361694
0.130032331 0.050282117 -0.990234017 83.131683350 -0.043124259 0.998055041 0.045016408 -6.945708275 0.990571439 0.036849517 0.131947815 168.057525635
0.129010037 0.051200002 -0.990320623 82.027099609 -0.041360535 0.998075008 0.046212830 -6.906835556 0.990780354 0.034998275 0.130879357 168.195526123
0.127070144 0.055504579 -0.990339577 80.925369263 -0.039621707 0.997920334 0.050845601 -6.865217209 0.991101980 0.032777995 0.129005089 168.340881348
0.124839336 0.060013805 -0.990360260 79.805442810 -0.038529210 0.997709274 0.055602368 -6.830287457 0.991428614 0.031216433 0.126865655 168.476928711
0.121435188 0.057790615 -0.990915596 78.700241089 -0.036096014 0.997900486 0.053774469 -6.786442757 0.991942823 0.029237987 0.123266250 168.615905762
0.118291371 0.050009750 -0.991718769 77.595550537 -0.034558296 0.998333335 0.046221219 -6.758920670 0.992377400 0.028804544 0.119822465 168.737136841
0.115363389 0.044210088 -0.992339015 76.474777222 -0.033580981 0.998611569 0.040585615 -6.720052242 0.992755532 0.028641623 0.116687834 168.859786987
0.111683443 0.045328233 -0.992709517 75.334991455 -0.033283245 0.998569191 0.041851319 -6.681385994 0.993186295 0.028366491 0.113032334 168.992218018
0.108877830 0.049432501 -0.992825389 74.198776245 -0.032599945 0.998403072 0.046135161 -6.646408081 0.993520498 0.027342951 0.110315464 169.103332520
0.105459660 0.051455136 -0.993091464 73.079483032 -0.033134557 0.998287737 0.048205707 -6.615778923 0.993871331 0.027821889 0.106984034 169.224700928
0.102865964 0.051789559 -0.993346035 71.942504883 -0.034874957 0.998217523 0.048432060 -6.575111389 0.994083583 0.029660886 0.104488760 169.330871582
0.100669324 0.053161196 -0.993498683 70.803459167 -0.036059048 0.998110414 0.049754176 -6.537865639 0.994266272 0.030815896 0.102396049 169.440689087
0.098372295 0.054250527 -0.993669987 69.650985718 -0.035253838 0.998076200 0.051001009 -6.493274689 0.994525015 0.030013591 0.100095622 169.553970337
0.096022151 0.054233078 -0.993900657 68.496551514 -0.033755809 0.998117685 0.051201988 -6.452283859 0.994806588 0.028633399 0.097672120 169.667129517
0.094678462 0.052716315 -0.994111121 67.345092773 -0.032179490 0.998237193 0.049870353 -6.411495209 0.994987607 0.027268348 0.096207954 169.764480591
0.092197903 0.051967084 -0.994383693 66.192436218 -0.030849850 0.998306811 0.049311761 -6.372056007 0.995262623 0.026130149 0.093644984 169.877243042
0.090217829 0.050700061 -0.994630754 65.031028748 -0.030882858 0.998365462 0.048089221 -6.330019474 0.995443046 0.026378537 0.091636144 169.978546143
0.088199228 0.050807837 -0.994806290 63.855453491 -0.031959169 0.998328388 0.048154246 -6.293030739 0.995590031 0.027546013 0.089675575 170.069061279
0.085806310 0.052692525 -0.994917512 62.684658051 -0.031981155 0.998231590 0.050109841 -6.253236771 0.995798409 0.027518870 0.087339737 170.169189453
0.082710594 0.056086108 -0.994994164 61.514350891 -0.031758565 0.998056352 0.053618737 -6.215221882 0.996067464 0.027164748 0.084331051 170.266540527
0.079624481 0.056242973 -0.995237052 60.346576691 -0.032035798 0.998035729 0.053838089 -6.172694683 0.996310055 0.027596381 0.081269860 170.355194092
0.077378117 0.055611856 -0.995449543 59.154140472 -0.033218559 0.998032629 0.053174015 -6.128831387 0.996448278 0.028952898 0.079073206 170.433929443
0.075662166 0.055134907 -0.995607972 57.983440399 -0.033509523 0.998046815 0.052723370 -6.083871841 0.996570230 0.029373193 0.077361926 170.517868042
0.074164584 0.055040855 -0.995725870 56.822322845 -0.033339970 0.998054445 0.052686311 -6.051883698 0.996688604 0.029290011 0.075855345 170.596603394
0.072374143 0.054914985 -0.995864570 55.649372101 -0.033813197 0.998044252 0.052577820 -6.009244919 0.996804237 0.029868085 0.074089423 170.679183960
0.070992827 0.056350876 -0.995883822 54.493221283 -0.034405958 0.997947156 0.054014962 -5.980510235 0.996883214 0.030429658 0.072785899 170.753646851
0.069754660 0.056349047 -0.995971382 53.335723877 -0.033738524 0.997965455 0.054098923 -5.938185692 0.996993423 0.029828949 0.071513891 170.827850342
0.068646580 0.055885017 -0.996074557 52.183273315 -0.033097696 0.998007774 0.053712483 -5.897236824 0.997091889 0.029280594 0.070359483 170.908767700
0.067438900 0.055169158 -0.996196926 51.033164978 -0.034261044 0.998009205 0.052950174 -5.857587337 0.997135043 0.030559842 0.069194786 170.979476929
0.066391833 0.054405242 -0.996309400 49.886928558 -0.033139940 0.998081863 0.052293658 -5.822912216 0.997243106 0.029545764 0.068067513 171.050598145
0.064970501 0.052004501 -0.996531129 48.739822388 -0.034168117 0.998171508 0.049862448 -5.781000137 0.997302055 0.030810004 0.066628598 171.122222900
0.064623006 0.047220826 -0.996791959 47.598140717 -0.031731188 0.998471916 0.045243260 -5.748066425 0.997405171 0.028705632 0.066022649 171.191207886
0.063359953 0.044599142 -0.996993721 46.454757690 -0.031558290 0.998590887 0.042665035 -5.724984169 0.997491658 0.028760159 0.064678155 171.250671387
0.062271990 0.044499338 -0.997066677 45.307189941 -0.029639678 0.998647392 0.042718735 -5.692766190 0.997619033 0.026892556 0.063506722 171.322540283
0.060660236 0.048802074 -0.996964753 44.172466278 -0.027364336 0.998509943 0.047212739 -5.666980267 0.997783303 0.024417343 0.061905310 171.386383057
0.059408344 0.051377594 -0.996910751 43.050231934 -0.026682360 0.998399556 0.049864255 -5.632385731 0.997877061 0.023637576 0.060684148 171.451126099
0.058104761 0.052549589 -0.996926486 41.926639557 -0.027020009 0.998330593 0.051048771 -5.598517895 0.997944713 0.023970779 0.059427656 171.513900757
0.056576032 0.052535512 -0.997015119 40.801616669 -0.027807502 0.998310149 0.051025797 -5.561963081 0.998010993 0.024837662 0.057941310 171.576065063
0.055372197 0.054401573 -0.996982694 39.698627472 -0.029659968 0.998163521 0.052818708 -5.528495312 0.998025179 0.026645780 0.056884069 171.629806519
0.054155581 0.057594225 -0.996870160 38.603008270 -0.032027341 0.997921705 0.055915080 -5.496231079 0.998018742 0.028898986 0.055887636 171.680648804
0.053441525 0.058619816 -0.996848881 37.513298035 -0.034486651 0.997788250 0.056826212 -5.454483032 0.997975349 0.031341098 0.055344939 171.720367432
0.051790051 0.058219366 -0.996959567 36.427444458 -0.035370559 0.997779906 0.056429841 -5.418646812 0.998031437 0.032340508 0.053734325 171.776550293
0.050216835 0.057777707 -0.997065783 35.363822937 -0.036309700 0.997770905 0.055989850 -5.377697468 0.998078048 0.033391517 0.052202806 171.830017090
0.049057309 0.058487482 -0.997082055 34.324893951 -0.038128000 0.997666001 0.056645811 -5.338082790 0.998067915 0.035237849 0.051172823 171.860412598
0.047332164 0.059206758 -0.997123003 33.284725189 -0.038694642 0.997601151 0.057398368 -5.307079792 0.998129427 0.035866529 0.049509622 171.910018921
0.044768438 0.060249787 -0.997178972 32.266914368 -0.039178167 0.997517645 0.058511350 -5.265294075 0.998228908 0.036448173 0.047017790 171.959991455
0.043490868 0.060342439 -0.997229874 31.271516800 -0.040649135 0.997454524 0.058583260 -5.230693817 0.998226523 0.037988693 0.045833040 171.984603882
0.041850932 0.060538195 -0.997288108 30.285552979 -0.040532395 0.997443855 0.058846716 -5.200383186 0.998301387 0.037959687 0.044197731 172.023544312
0.039579488 0.059940867 -0.997416854 29.317226410 -0.041155927 0.997449875 0.058309693 -5.162355423 0.998368561 0.038741753 0.041945487 172.057693481
0.038555633 0.059252951 -0.997498155 28.369316101 -0.041129425 0.997488618 0.057662629 -5.131900787 0.998409629 0.038803309 0.040895853 172.077713013
0.036269620 0.059081983 -0.997594059 27.426815033 -0.041307393 0.997486353 0.057573792 -5.098323345 0.998487949 0.039119825 0.038618959 172.113113403
0.034438144 0.058568895 -0.997689247 26.502338409 -0.041927051 0.997487128 0.057109807 -5.061921120 0.998526990 0.039863400 0.036807224 172.143707275
0.033648714 0.059374299 -0.997668505 25.605083466 -0.043256707 0.997384906 0.057898492 -5.033768654 0.998497188 0.041207634 0.036129061 172.167282104
0.033762682 0.059877571 -0.997634530 24.723030090 -0.044526342 0.997302711 0.058350753 -5.003801823 0.998437464 0.042450946 0.036337737 172.187622070
0.034379970 0.059007995 -0.997665286 23.853733063 -0.046674337 0.997261107 0.057375658 -4.970341206 0.998318315 0.044592801 0.037039977 172.215316772
0.037395667 0.058799673 -0.997569144 22.996780396 -0.049027853 0.997173131 0.056938432 -4.942958355 0.998097122 0.046779424 0.040172782 172.236480713
0.041687422 0.057876319 -0.997452974 22.152273178 -0.051023152 0.997141540 0.055725794 -4.915984154 0.997826993 0.048570130 0.044521295 172.262390137
0.047417510 0.057147607 -0.997238994 21.332527161 -0.051812626 0.997158825 0.054679379 -4.888685226 0.997530401 0.049076814 0.050243746 172.298400879
0.054066192 0.056660015 -0.996928513 20.519752502 -0.054165166 0.997085214 0.053731404 -4.859521866 0.997067213 0.051093735 0.056977607 172.341735840
0.062988885 0.056543998 -0.996411145 19.716030121 -0.055146515 0.997065663 0.053095005 -4.834951401 0.996489525 0.051604200 0.065922253 172.390411377
0.073470183 0.055933915 -0.995727599 18.928251266 -0.054902665 0.997138739 0.051962167 -4.810483932 0.995784998 0.050850436 0.076330900 172.452041626
0.084820576 0.055764209 -0.994834542 18.141567230 -0.054646686 0.997190297 0.051237028 -4.784222603 0.994896650 0.050018460 0.087629586 172.517929077
0.096252389 0.054390986 -0.993869662 17.382171631 -0.052339915 0.997401059 0.049515322 -4.760713577 0.993979931 0.047253095 0.098849043 172.604827881
0.107587919 0.054850623 -0.992681324 16.609121323 -0.050095484 0.997507691 0.049687903 -4.740146160 0.992932737 0.044383030 0.110067546 172.687881470
0.119106390 0.055779044 -0.991313517 15.877861977 -0.048827630 0.997541785 0.050262857 -4.717707634 0.991680145 0.042416856 0.121537164 172.776367188
0.129804000 0.056918371 -0.989904702 15.148069382 -0.046951048 0.997583985 0.051203344 -4.694720268 0.990427375 0.039830662 0.132162780 172.878982544
0.139917016 0.057441335 -0.988495708 14.426570892 -0.044347286 0.997677624 0.051697750 -4.675248146 0.989169598 0.036603708 0.142139450 172.987030029
0.149823323 0.056702930 -0.987085521 13.707409859 -0.039447132 0.997902036 0.051336862 -4.661704540 0.987925589 0.031246232 0.151745766 173.106140137
0.158140227 0.055913649 -0.985832334 13.009431839 -0.036655590 0.998039663 0.050725993 -4.641488075 0.986736059 0.028114442 0.159879774 173.229309082
0.165235534 0.055806302 -0.984673977 12.318552017 -0.033845112 0.998130679 0.050889496 -4.615593433 0.985673308 0.024917640 0.166815400 173.348815918
0.169509068 0.055941742 -0.983939648 11.635620117 -0.029093938 0.998236597 0.051742408 -4.595401764 0.985099077 0.019855868 0.170837730 173.485275269
0.172293022 0.056507625 -0.983423650 10.982240677 -0.025296513 0.998277843 0.052929271 -4.578437328 0.984720945 0.015757842 0.173425749 173.591857910
0.172814891 0.056751166 -0.983318090 10.331718445 -0.021299407 0.998320580 0.053873718 -4.553610802 0.984724104 0.011633907 0.173733428 173.707885742
0.171916708 0.056670498 -0.983480096 9.698881149 -0.017054209 0.998365521 0.054547086 -4.539768219 0.984963775 0.007394922 0.172602206 173.817337036
0.169047013 0.056552842 -0.983984172 9.071784973 -0.015035126 0.998384237 0.054797459 -4.514201641 0.985493243 0.005530979 0.169624165 173.926147461
0.165271834 0.057397116 -0.984576523 8.466573715 -0.011987075 0.998348296 0.056187805 -4.500206470 0.986175358 0.002515927 0.165686861 174.028350830
0.160843462 0.057750545 -0.985288978 7.878610611 -0.009959574 0.998330951 0.056889124 -4.476379395 0.986929774 0.000662816 0.161150157 174.125228882
0.156509429 0.058651686 -0.985933542 7.308206558 -0.007642142 0.998277307 0.058172870 -4.457562447 0.987646937 -0.001569952 0.156688035 174.213043213
0.152062893 0.059530821 -0.986576319 6.756374359 -0.005179194 0.998218715 0.059435055 -4.434674263 0.988357186 -0.003928196 0.152100369 174.291824341
0.147707283 0.060072202 -0.987204969 6.227893829 -0.003563582 0.998179615 0.060206816 -4.415627003 0.989024639 -0.005375001 0.147652477 174.368637085
0.142930418 0.059999015 -0.987912416 5.717006683 -0.002055909 0.998176694 0.060324945 -4.396328449 0.989730656 -0.006591211 0.142793149 174.440841675
0.138460621 0.060041446 -0.988546193 5.236671448 -0.001769793 0.998174131 0.060378317 -4.385080338 0.990366518 -0.006610490 0.138314053 174.495727539
0.134248123 0.058233906 -0.989235163 4.763177872 -0.001068013 0.998279750 0.058621399 -4.365721703 0.990947127 -0.006813301 0.134079367 174.560684204
0.130142465 0.055897132 -0.989918351 4.326004028 -0.001211875 0.998417735 0.056217745 -4.351281643 0.991494477 -0.006116661 0.130004272 174.610443115
0.125979856 0.053881440 -0.990568459 3.910734177 -0.002126243 0.998536348 0.054044437 -4.338122845 0.992030382 -0.004702326 0.125910044 174.655776978
0.122042708 0.053211711 -0.991097450 3.523876190 -0.002570299 0.998575449 0.053296700 -4.331434727 0.992521465 -0.003957056 0.122005627 174.695358276
0.118478574 0.051927507 -0.991597950 3.162012100 -0.001928676 0.998641908 0.052065939 -4.315233707 0.992954612 -0.004256227 0.118417822 174.735641479
0.115382023 0.050744038 -0.992024243 2.824625015 -0.002315719 0.998705387 0.050816454 -4.302441597 0.993318439 -0.003566056 0.115350164 174.771102905
0.112486213 0.050300881 -0.992379308 2.510513306 -0.003650653 0.998732090 0.050209094 -4.296613693 0.993646562 -0.002025000 0.112527221 174.795867920
0.109685965 0.050305776 -0.992692530 2.238590240 -0.005367703 0.998733938 0.050018840 -4.290830612 0.993951678 -0.000157888 0.109817132 174.817947388
0.106630445 0.050332911 -0.993023932 1.969863892 -0.006376631 0.998731971 0.049937516 -4.283978462 0.994278252 0.001007287 0.106816202 174.854003906
0.104290187 0.050068513 -0.993285835 1.720096588 -0.006634621 0.998744786 0.049647085 -4.277850151 0.994524777 0.001412366 0.104491480 174.874496460
0.101859383 0.049376480 -0.993572652 1.483240128 -0.006641519 0.998778939 0.048954338 -4.273592472 0.994776607 0.001612368 0.102062948 174.899353027
0.100155838 0.047555052 -0.993834674 1.259378433 -0.006149218 0.998867631 0.047176190 -4.267144203 0.994952738 0.001386328 0.100334875 174.919219971
0.098106265 0.045034476 -0.994156539 1.042688370 -0.006589261 0.998983026 0.044602878 -4.258257389 0.995154202 0.002174934 0.098303266 174.936416626
0.096161775 0.043960795 -0.994394541 0.829066277 -0.006258347 0.999031186 0.043560579 -4.259589195 0.995346010 0.002034399 0.096343756 174.956863403
0.093942806 0.043535691 -0.994625211 0.626914024 -0.005261890 0.999051094 0.043232433 -4.253129959 0.995563626 0.001172232 0.094082773 174.978912354
0.092081219 0.042159714 -0.994858563 0.423372269 -0.004248274 0.999110818 0.041946717 -4.243811131 0.995742440 0.000363927 0.092178449 174.992538452
0.090461090 0.040729862 -0.995066762 0.219042778 -0.005158672 0.999169052 0.040428821 -4.245815277 0.995886624 0.001475981 0.090596050 174.996002197
0.088132955 0.039488759 -0.995325625 0.016716003 -0.005843447 0.999217093 0.039125741 -4.237728596 0.996091545 0.002367864 0.088294737 175.016159058
0.086206153 0.039810590 -0.995481610 -0.188970566 -0.005604960 0.999204755 0.039474122 -4.235739708 0.996261477 0.002176719 0.086360767 175.023315430
0.084313639 0.040259950 -0.995625615 -0.395553589 -0.003780319 0.999189258 0.040083915 -4.226820946 0.996432006 0.000384161 0.084397495 175.039703369
0.082311586 0.040513635 -0.995782852 -0.583077431 -0.002341180 0.999178410 0.040458277 -4.220387936 0.996603847 -0.000998886 0.082338825 175.057388306
0.080746017 0.041174445 -0.995883942 -0.791630745 -0.001448388 0.999150157 0.041192058 -4.218716145 0.996733606 -0.001883674 0.080737062 175.065979004
0.078690261 0.041476555 -0.996035874 -0.944674492 -0.000939448 0.999136806 0.041531462 -4.211660862 0.996898711 -0.002332393 0.078661300 175.080490112
0.076708227 0.042089097 -0.996164799 -1.142191887 -0.001265650 0.999112010 0.042116161 -4.209137917 0.997052789 -0.001969854 0.076693378 175.082916260
0.073869266 0.042920846 -0.996343791 -1.346184731 -0.002646413 0.999078453 0.042842437 -4.203174114 0.997264504 -0.000527999 0.073914781 175.097625732
0.070987478 0.042830653 -0.996557176 -1.545317650 -0.006358353 0.999076843 0.042486019 -4.196376801 0.997456908 0.003320490 0.071194284 175.101501465
0.067747757 0.038871977 -0.996944904 -1.765820503 -0.010425272 0.999213815 0.038251992 -4.189543724 0.997648120 0.007801936 0.068099737 175.105178833
0.064168185 0.035023853 -0.997324228 -1.990795135 -0.012480878 0.999333918 0.034291409 -4.193891525 0.997861028 0.010247064 0.064562589 175.116882324
0.061237723 0.032546632 -0.997592390 -2.239708900 -0.012948185 0.999410033 0.031811107 -4.184155941 0.998039246 0.010968968 0.061623015 175.124954224
0.057703521 0.032964915 -0.997789323 -2.515447617 -0.013634295 0.999387562 0.032229222 -4.183466434 0.998240709 0.011744415 0.058117650 175.136917114
0.053881165 0.032476842 -0.998018980 -2.801969528 -0.013396326 0.999404490 0.031798683 -4.177547455 0.998457491 0.011656433 0.054284148 175.146560669
0.050143458 0.030888965 -0.998264194 -3.106856346 -0.013008055 0.999457061 0.030272469 -4.170551300 0.998657286 0.011467503 0.050518036 175.160369873
0.046811990 0.028864378 -0.998486578 -3.424291611 -0.012888681 0.999516785 0.028289901 -4.163402557 0.998820543 0.011544867 0.047161397 175.171493530
0.044652730 0.026324356 -0.998655617 -3.761685848 -0.015218328 0.999554753 0.025667597 -4.152519703 0.998886704 0.014051738 0.045033477 175.169662476
0.042722873 0.024386115 -0.998789310 -4.121870518 -0.018501732 0.999549925 0.023613283 -4.142706394 0.998915613 0.017470507 0.043154836 175.185226440
0.042943038 0.022664359 -0.998820364 -4.512115479 -0.022124015 0.999519050 0.021729017 -4.131468296 0.998832524 0.021164808 0.043423820 175.192611694
0.043957997 0.022635804 -0.998776913 -4.936023235 -0.025332211 0.999447048 0.021536076 -4.126903534 0.998712182 0.024354547 0.044507127 175.202301025
0.044922177 0.025062414 -0.998676121 -5.374333858 -0.026358580 0.999366939 0.023894101 -4.119637489 0.998642683 0.025250308 0.045554381 175.220230103
0.045963034 0.029274823 -0.998514056 -5.840083122 -0.025678305 0.999274790 0.028115116 -4.114495277 0.998613060 0.024347894 0.046681460 175.239440918
0.047429707 0.034396544 -0.998282194 -6.325164795 -0.027277159 0.999078870 0.033128016 -4.100681782 0.998502076 0.025659049 0.048324287 175.255661011
0.048355073 0.038631275 -0.998082936 -6.843486786 -0.029571606 0.998869181 0.037229024 -4.081784248 0.998392344 0.027714703 0.049442805 175.280517578
0.049205143 0.043873381 -0.997824550 -7.368388176 -0.029433878 0.998664498 0.042458858 -4.059449196 0.998354852 0.027280651 0.050430804 175.304901123
0.049749788 0.048508041 -0.997582972 -7.915926933 -0.020955632 0.998650610 0.047514893 -4.044833660 0.998541892 0.018541122 0.050699193 175.344558716
0.051194385 0.048029531 -0.997533023 -8.476469040 -0.011674987 0.998803496 0.047491517 -4.025978088 0.998620450 0.009214886 0.051693879 175.385406494
0.051049575 0.047132868 -0.997583210 -9.056041718 -0.005080567 0.998885036 0.046934385 -4.007056236 0.998683274 0.002672305 0.051232129 175.424652100
0.049688149 0.045162145 -0.997743130 -9.654678345 -0.007876469 0.998963773 0.044825140 -3.985254765 0.998733759 0.005631410 0.049992394 175.442871094
0.048301928 0.043567285 -0.997882128 -10.278837204 -0.010737677 0.999013305 0.043096915 -3.955243587 0.998775065 0.008633271 0.048722066 175.468215942
0.046429198 0.044196717 -0.997943282 -10.917066574 -0.005950075 0.999015272 0.043967362 -3.926440001 0.998903871 0.003896464 0.046646442 175.501602173
0.043979734 0.047586866 -0.997898400 -11.579929352 0.003114655 0.998853505 0.047769684 -3.899155617 0.999027550 -0.005209015 0.043781105 175.536361694
0.040881671 0.048618995 -0.997980356 -12.256697655 0.004828149 0.998794138 0.048856419 -3.870396614 0.999152303 -0.006815731 0.040597644 175.571334839
0.038631011 0.045598902 -0.998212516 -12.965866089 0.004377854 0.998940945 0.045801599 -3.853061914 0.999243975 -0.006139394 0.038390473 175.590637207
0.034725729 0.037584499 -0.998689890 -13.670259476 0.000283363 0.999292195 0.037617017 -3.836038828 0.999396861 -0.001589271 0.034690499 175.603805542
0.032763496 0.026358142 -0.999115646 -14.388136864 -0.001524134 0.999652326 0.026322337 -3.810122728 0.999461949 0.000660366 0.032792296 175.620727539
0.032297958 0.021491816 -0.999247193 -15.134717941 -0.003713063 0.999764442 0.021382932 -3.787232876 0.999471307 0.003019637 0.032370169 175.639343262
0.031034702 0.025985301 -0.999180496 -15.901367188 -0.001836036 0.999661803 0.025940796 -3.770834923 0.999516606 0.001029465 0.031071933 175.662048340
0.030739220 0.032678641 -0.998993099 -16.685009003 -0.000294988 0.999465644 0.032685027 -3.756818533 0.999527335 -0.000710024 0.030732442 175.670974731
0.029209331 0.037073895 -0.998885512 -17.517322540 0.001059736 0.999310136 0.037120648 -3.736069202 0.999572754 -0.002142825 0.029149873 175.704254150
0.027201954 0.034780666 -0.999024630 -18.333656311 -0.003022637 0.999392807 0.034711175 -3.713127851 0.999625444 0.002075478 0.027290570 175.722686768
0.026662661 0.030258406 -0.999186397 -19.167194366 -0.005600267 0.999530613 0.030119387 -3.689904690 0.999628723 0.004792643 0.026819602 175.727401733
0.025462892 0.027503131 -0.999297321 -20.016557693 -0.005822049 0.999608636 0.027363347 -3.667116880 0.999658823 0.005121207 0.025613042 175.746063232
0.024878124 0.029244993 -0.999262571 -20.891216278 -0.006796769 0.999553859 0.029084299 -3.644995689 0.999667406 0.006068188 0.025065796 175.760391235
0.024162389 0.032725096 -0.999172151 -21.783121109 -0.008528163 0.999434352 0.032527450 -3.626664639 0.999671698 0.007735159 0.024427816 175.780258179
0.023268288 0.035817508 -0.999087393 -22.695819855 -0.007769596 0.999334335 0.035645403 -3.603849888 0.999698997 0.006933106 0.023531107 175.805130005
0.022450428 0.038344730 -0.999012291 -23.594776154 -0.007252640 0.999244153 0.038190641 -3.580739498 0.999721646 0.006388083 0.022711564 175.821334839
0.022472968 0.040548187 -0.998924792 -24.508596420 -0.008539115 0.999148548 0.040365160 -3.559553862 0.999710977 0.007622811 0.022800075 175.837371826
0.022678912 0.041486681 -0.998881638 -25.444011688 -0.008135565 0.999113262 0.041311588 -3.533234596 0.999709725 0.007189556 0.022996321 175.857131958
0.023687365 0.038836081 -0.998964787 -26.377086639 -0.010441158 0.999200404 0.038597655 -3.504176617 0.999664962 0.009516066 0.024073932 175.871002197
0.025488136 0.036446042 -0.999010623 -27.321100235 -0.010419291 0.999290645 0.036190432 -3.481358051 0.999620795 0.009486553 0.025849819 175.890823364
0.026940782 0.035728220 -0.998998463 -28.278480530 -0.012079129 0.999299765 0.035413254 -3.449744225 0.999564111 0.011112968 0.027353473 175.910552979
0.028669385 0.038322974 -0.998854041 -29.264442444 -0.011067417 0.999215662 0.038019188 -3.428465843 0.999527574 0.009964747 0.029071026 175.934188843
0.030306146 0.039588623 -0.998756349 -30.252428055 -0.011588737 0.999162018 0.039253052 -3.398537874 0.999473393 0.010384715 0.030739546 175.965576172
0.032100026 0.040281717 -0.998672605 -31.247455597 -0.011037545 0.999140859 0.039945826 -3.375337124 0.999423683 0.009740631 0.032517053 175.990814209
0.033496134 0.040611565 -0.998613358 -32.243259430 -0.010374887 0.999134302 0.040284753 -3.349637508 0.999384940 0.009011111 0.033888508 176.022842407
0.033847135 0.040062465 -0.998623788 -33.254333496 -0.008087147 0.999174416 0.039810464 -3.324582577 0.999394298 0.006728542 0.034143195 176.066070557
0.035272717 0.039496798 -0.998596966 -34.257427216 -0.008202855 0.999196529 0.039230768 -3.295914650 0.999344051 0.006807573 0.035568357 176.084899902
0.034948982 0.038430359 -0.998650014 -35.280563354 -0.007402086 0.999242961 0.038194131 -3.268871784 0.999361694 0.006057253 0.035206996 176.125976562
0.034341048 0.039158318 -0.998642743 -36.302284241 -0.007779539 0.999212265 0.038913131 -3.244859219 0.999379873 0.006432665 0.034618642 176.155242920
0.033834811 0.040140204 -0.998621047 -37.332275391 -0.006767791 0.999179423 0.039933354 -3.217926979 0.999404430 0.005407316 0.034078717 176.185882568
0.032790750 0.040833488 -0.998627782 -38.369113922 -0.009706204 0.999131024 0.040535357 -3.192453146 0.999415100 0.008363698 0.033158593 176.213165283
0.031495195 0.038960017 -0.998744309 -39.411514282 -0.011390386 0.999189079 0.038618185 -3.169977188 0.999438941 0.010159791 0.031913426 176.240707397
0.030880421 0.037219368 -0.998829842 -40.458370209 -0.011227011 0.999256313 0.036888156 -3.146915913 0.999460042 0.010074752 0.031275332 176.267517090
0.030359201 0.038428105 -0.998800039 -41.502872467 -0.013197888 0.999188960 0.038041905 -3.117403269 0.999451935 0.012027128 0.030841740 176.289291382
0.029609092 0.041167598 -0.998713374 -42.564525604 -0.014742851 0.999060810 0.040744834 -3.094367504 0.999452829 0.013517463 0.030188216 176.315628052
0.029202193 0.042609181 -0.998664975 -43.628612518 -0.013961270 0.999011040 0.042215701 -3.071736813 0.999475956 0.012709840 0.029768184 176.346343994
0.029480787 0.042800818 -0.998648643 -44.689563751 -0.012062929 0.999025345 0.042460866 -3.040455580 0.999492526 0.010794844 0.029968347 176.379745483
0.029794559 0.044270087 -0.998575211 -45.747055054 -0.011858952 0.998964071 0.043933500 -3.008785963 0.999485672 0.010533070 0.030288672 176.405853271
0.030308677 0.045623586 -0.998498857 -46.806213379 -0.010289002 0.998919070 0.045330472 -2.986188173 0.999487519 0.008899648 0.030745342 176.429382324
0.030554444 0.045603219 -0.998492360 -47.867744446 -0.011313422 0.998910427 0.045276124 -2.948661327 0.999468982 0.009912978 0.031037096 176.452346802
0.029900387 0.045051362 -0.998537183 -48.940475464 -0.012378147 0.998923898 0.044698156 -2.921868801 0.999476194 0.011023544 0.030425875 176.482833862
0.029773705 0.043879546 -0.998593032 -50.014663696 -0.015741499 0.998932540 0.043425132 -2.892372847 0.999432683 0.014426414 0.030432664 176.510101318
0.030003807 0.040949937 -0.998710573 -51.073871613 -0.017640634 0.999026418 0.040432926 -2.866615057 0.999394119 0.016404737 0.030696973 176.531311035
0.030022597 0.039822508 -0.998755634 -52.130084991 -0.021190276 0.999006748 0.039195549 -2.840002537 0.999324620 0.019987151 0.030836636 176.548751831
0.029551014 0.043803591 -0.998603046 -53.212768555 -0.024163352 0.998778701 0.043096248 -2.812210798 0.999271214 0.022856057 0.030573361 176.575500488
0.029719146 0.051673662 -0.998221755 -54.284854889 -0.023890637 0.998414338 0.050972350 -2.777920246 0.999272704 0.022333298 0.030906539 176.594421387
0.028735502 0.058355954 -0.997882247 -55.364170074 -0.023943907 0.998048246 0.057676159 -2.738923550 0.999300301 0.022235842 0.030076684 176.630950928
0.028577223 0.057456873 -0.997938931 -56.416160583 -0.026947642 0.998027980 0.056690339 -2.698935986 0.999228358 0.025272040 0.030069217 176.647628784
0.028178887 0.051390961 -0.998281062 -57.468482971 -0.028798504 0.998304784 0.050579280 -2.658689260 0.999188066 0.027323725 0.029611094 176.671386719
0.028310193 0.044004817 -0.998630106 -58.531890869 -0.028825657 0.998650968 0.043188564 -2.628375530 0.999183476 0.027563488 0.029540475 176.698532104
0.029372402 0.038991064 -0.998807728 -59.584331512 -0.028514186 0.998864949 0.038154759 -2.602267981 0.999161839 0.027359491 0.030450856 176.717880249
0.029926548 0.040289082 -0.998739779 -60.646545410 -0.027305899 0.998847365 0.039475210 -2.577649355 0.999179125 0.026090128 0.030992189 176.746505737
0.029727684 0.040914942 -0.998720229 -61.721786499 -0.026198221 0.998850524 0.040140457 -2.551686287 0.999214768 0.024971409 0.030765412 176.777587891
0.030555448 0.042613279 -0.998624325 -62.774375916 -0.024517247 0.998822153 0.041871559 -2.521777630 0.999232292 0.023204118 0.031564206 176.805816650
0.030337339 0.042132966 -0.998651326 -63.838138580 -0.022972496 0.998876750 0.041444600 -2.492889881 0.999275684 0.021684192 0.031271163 176.835388184
0.030023925 0.041517440 -0.998686552 -64.898300171 -0.020857634 0.998945475 0.040901154 -2.470066547 0.999331534 0.019602226 0.030858211 176.865524292
0.028743681 0.038904287 -0.998829484 -65.963417053 -0.019905679 0.999066412 0.038340691 -2.443819761 0.999388635 0.018780325 0.029491279 176.896697998
0.027966332 0.038456380 -0.998868883 -67.031761169 -0.019639768 0.999087930 0.037914939 -2.418569088 0.999415994 0.018557210 0.028696105 176.923522949
0.027363019 0.040805154 -0.998792410 -68.097221375 -0.017652197 0.999030352 0.040331274 -2.395112514 0.999469638 0.016527291 0.028056780 176.946060181
0.026168413 0.044892907 -0.998649001 -69.185317993 -0.016180361 0.998879194 0.044479270 -2.364653826 0.999526620 0.014994548 0.026865475 176.973129272
0.025819920 0.048103824 -0.998508513 -70.254829407 -0.017167734 0.998715639 0.047669869 -2.335207701 0.999519110 0.015911296 0.026612602 176.991195679
0.025075043 0.045156796 -0.998665094 -71.321006775 -0.016985586 0.998854339 0.044738866 -2.306221962 0.999541163 0.015841085 0.025813337 177.012619019
0.023976259 0.040361617 -0.998897433 -72.393531799 -0.019621242 0.999011159 0.039895251 -2.277937889 0.999519944 0.018643063 0.024744496 177.032485962
0.023385810 0.037258826 -0.999031961 -73.461875916 -0.021296004 0.999097109 0.036762748 -2.250965595 0.999499619 0.020415656 0.024158170 177.050765991
0.022979936 0.038871605 -0.998979986 -74.560623169 -0.021869043 0.999024272 0.038370270 -2.227465868 0.999496639 0.020964989 0.023807622 177.067962646
0.022804569 0.043633677 -0.998787284 -75.651008606 -0.022205312 0.998822808 0.043128230 -2.195406199 0.999493301 0.021194862 0.023746639 177.085250854
0.022092389 0.046815876 -0.998659134 -76.738838196 -0.021816904 0.998687744 0.046334572 -2.164756775 0.999518037 0.020764001 0.023084773 177.103698730
0.021246234 0.045909874 -0.998719633 -77.821975708 -0.021963462 0.998725474 0.045442898 -2.131593943 0.999533117 0.020969840 0.022227500 177.125381470
0.020437323 0.043061428 -0.998863339 -78.899177551 -0.023660835 0.998813212 0.042575143 -2.098523140 0.999511123 0.022763822 0.021431930 177.138870239
0.018403281 0.041957032 -0.998949885 -79.972801208 -0.027013348 0.998775244 0.041452043 -2.065364599 0.999465644 0.026222127 0.019514151 177.152816772
0.016702361 0.041587230 -0.998995245 -81.061576843 -0.031211460 0.998669386 0.041051842 -2.040797472 0.999373257 0.030494438 0.017978150 177.158645630
0.015003479 0.042172432 -0.998997688 -82.145378113 -0.030895917 0.998652637 0.041693855 -2.015473843 0.999409914 0.030239396 0.016286217 177.171096802
0.011533594 0.038864635 -0.999177933 -83.221870422 -0.030830985 0.998783112 0.038493391 -1.988138199 0.999458015 0.030361671 0.012717781 177.179260254
0.008261174 0.039524592 -0.999184370 -84.307174683 -0.029047245 0.998806357 0.039269477 -1.964397430 0.999543846 0.028699139 0.009399373 177.187088013
0.005580663 0.037978131 -0.999262989 -85.386665344 -0.024358599 0.998987198 0.037831616 -1.941800833 0.999687850 0.024129512 0.006500084 177.190811157
0.004376471 0.034496546 -0.999395251 -86.462326050 -0.023758879 0.999126315 0.034383222 -1.920703411 0.999708176 0.023594031 0.005192243 177.180450439
