1.000000000 0.000000000 0.000000000 0.000000000 0.000000000 1.000000000 0.000000000 0.000000000 0.000000000 0.000000000 1.000000000 0.000000000
0.999997318 0.001039006 0.002066517 -0.009280416 -0.001036778 0.999998868 -0.001078757 -0.016977478 -0.002067636 0.001076611 0.999997258 1.205656886
0.999994814 0.000978363 0.003055820 -0.002842204 -0.000977127 0.999999583 -0.000405875 -0.043815650 -0.003056215 0.000402887 0.999995232 2.403688431
0.999990761 0.000440516 0.004271074 -0.005304604 -0.000440138 0.999999881 -0.000089373 -0.063461311 -0.004271112 0.000087493 0.999990880 3.599040508
0.999986172 0.000170365 0.005254481 -0.004132487 -0.000169335 0.999999940 -0.000196477 -0.082722127 -0.005254514 0.000195584 0.999986112 4.796487808
0.999982893 -0.000117639 0.005850024 0.002472334 0.000117386 1.000000000 0.000043572 -0.106586002 -0.005850029 -0.000042885 0.999982893 6.001210690
0.999978483 0.000282931 0.006563604 0.006886166 -0.000277406 0.999999642 -0.000842664 -0.128475934 -0.006563840 0.000840825 0.999978125 7.201633930
0.999972820 0.000020020 0.007372424 0.011994634 -0.000012270 0.999999464 -0.001051147 -0.152505308 -0.007372441 0.001051028 0.999972284 8.384739876
0.999972403 -0.000402091 0.007415893 0.020025399 0.000398536 0.999999821 0.000480902 -0.175872326 -0.007416085 -0.000477933 0.999972403 9.580072403
0.999980688 -0.001011245 0.006135480 0.020737611 0.001000918 0.999998152 0.001686089 -0.200230971 -0.006137174 -0.001679915 0.999979794 10.774475098
0.999989986 -0.002333015 0.003811833 0.019256707 0.002329020 0.999996722 0.001052214 -0.218656987 -0.003814276 -0.001043325 0.999992192 11.969450951
0.999995887 -0.002013467 0.002017224 0.011441020 0.002012589 0.999997795 0.000437132 -0.234757528 -0.002018100 -0.000433070 0.999997914 13.164928436
0.999997556 -0.002118743 0.000475954 0.010247729 0.002118592 0.999997616 0.000316976 -0.256948411 -0.000476625 -0.000315967 0.999999821 14.360997200
0.999999642 -0.000655450 -0.000332229 0.003744482 0.000655544 0.999999702 0.000281507 -0.278376698 0.000332044 -0.000281725 0.999999881 15.553861618
0.999999285 -0.000826712 -0.000801403 -0.003207437 0.000826934 0.999999642 0.000276610 -0.297426105 0.000801174 -0.000277273 0.999999583 16.755027771
0.999997377 -0.001554296 -0.001671582 -0.006226175 0.001555429 0.999998510 0.000676971 -0.314896405 0.001670528 -0.000679570 0.999998391 17.939865112
0.999996722 -0.001802613 -0.001820144 -0.015254179 0.001804552 0.999997795 0.001064134 -0.339004159 0.001818222 -0.001067415 0.999997795 19.148706436
0.999994457 -0.001643544 -0.002904518 -0.022186756 0.001644204 0.999998569 0.000224698 -0.361446202 0.002904145 -0.000229473 0.999995768 20.344923019
0.999993682 -0.001897708 -0.002995276 -0.032575224 0.001895551 0.999997914 -0.000722571 -0.382204741 0.002996641 0.000716888 0.999995172 21.549148560
0.999992311 -0.000981116 -0.003794356 -0.042445444 0.000980393 0.999999464 -0.000192352 -0.401113570 0.003794543 0.000188631 0.999992728 22.745769501
0.999990344 -0.001240985 -0.004215627 -0.062006161 0.001239456 0.999999166 -0.000365342 -0.426227808 0.004216076 0.000360113 0.999991059 23.938489914
0.999986649 -0.001216804 -0.005022466 -0.075809568 0.001211749 0.999998808 -0.001009517 -0.447105467 0.005023687 0.001003417 0.999986887 25.134328842
0.999980688 -0.000861862 -0.006143308 -0.088840038 0.000861485 0.999999642 -0.000064020 -0.474336952 0.006143362 0.000058727 0.999981046 26.328548431
0.999973536 -0.002393353 -0.006874826 -0.101897761 0.002404097 0.999995947 0.001555094 -0.492311716 0.006871076 -0.001571580 0.999975085 27.529867172
0.999966145 -0.002788887 -0.007732257 -0.114059158 0.002800848 0.999994814 0.001536446 -0.513647079 0.007727932 -0.001558051 0.999968946 28.721372604
0.999956787 -0.003517882 -0.008604292 -0.129622713 0.003524678 0.999993563 0.000774804 -0.533812761 0.008601509 -0.000805099 0.999962747 29.920547485
0.999947548 -0.003767410 -0.009523418 -0.140953228 0.003765901 0.999992847 -0.000176312 -0.553403318 0.009524017 0.000140439 0.999954641 31.111051559
0.999943256 -0.002959849 -0.010230385 -0.161195487 0.002958745 0.999995530 -0.000123072 -0.573305845 0.010230705 0.000092796 0.999947667 32.305294037
0.999936283 -0.003351117 -0.010781551 -0.177951798 0.003355161 0.999994278 0.000357011 -0.594246507 0.010780293 -0.000393162 0.999941766 33.506378174
0.999924958 -0.003805295 -0.011648529 -0.190399542 0.003808949 0.999992609 0.000291579 -0.613004148 0.011647333 -0.000335925 0.999932170 34.696880341
0.999920607 -0.004343819 -0.011827319 -0.215969756 0.004350518 0.999990344 0.000540679 -0.637955189 0.011824856 -0.000592091 0.999929845 35.909446716
0.999916732 -0.004309850 -0.012162692 -0.238592297 0.004315931 0.999990642 0.000473779 -0.656855345 0.012160536 -0.000526233 0.999925911 37.115272522
0.999906600 -0.005570815 -0.012479222 -0.252019376 0.005588229 0.999983549 0.001361056 -0.686822295 0.012471434 -0.001430666 0.999921203 38.301559448
0.999909699 -0.005200044 -0.012391933 -0.267073512 0.005231504 0.999983132 0.002507696 -0.700440407 0.012378685 -0.002572299 0.999920070 39.504318237
0.999912083 -0.004579867 -0.012437606 -0.287885725 0.004620616 0.999984026 0.003249560 -0.722290218 0.012422526 -0.003306744 0.999917388 40.711868286
0.999910951 -0.003865486 -0.012769667 -0.306254864 0.003901594 0.999988437 0.002803789 -0.740254343 0.012758682 -0.002853362 0.999914587 41.919986725
0.999921501 -0.002744577 -0.012222541 -0.329057634 0.002777860 0.999992490 0.002706961 -0.753772080 0.012215018 -0.002740701 0.999921620 43.102363586
0.999928296 -0.000198302 -0.011967599 -0.344453841 0.000254965 0.999988794 0.004733350 -0.771266341 0.011966525 -0.004736062 0.999917209 44.306282043
0.999947906 -0.000173236 -0.010205091 -0.364139885 0.000252181 0.999970019 0.007735065 -0.786776662 0.010203446 -0.007737237 0.999917924 45.510543823
0.999965012 0.000204280 -0.008363612 -0.384818017 -0.000117967 0.999946773 0.010319360 -0.795244455 0.008365275 -0.010318013 0.999911726 46.708900452
0.999974906 0.000427454 -0.007070691 -0.391798884 -0.000328290 0.999901712 0.014019985 -0.805331349 0.007075988 -0.014017312 0.999876678 47.908657074
0.999986172 -0.000286107 -0.005236564 -0.412555337 0.000364963 0.999886453 0.015063960 -0.809316576 0.005231659 -0.015065661 0.999872744 49.122486115
0.999989688 -0.002154727 -0.003977294 -0.416289181 0.002208591 0.999905229 0.013588517 -0.811851978 0.003947637 -0.013597162 0.999899745 50.331024170
0.999995589 -0.000949999 -0.002794219 -0.424543500 0.000982834 0.999930203 0.011773161 -0.813005507 0.002782839 -0.011775857 0.999926746 51.538627625
0.999997318 -0.000661899 -0.002241548 -0.431507170 0.000687419 0.999934793 0.011403359 -0.818897188 0.002233854 -0.011404870 0.999932408 52.747093201
0.999997199 -0.000962856 -0.002159289 -0.440310925 0.000986620 0.999938607 0.011031479 -0.830209076 0.002148535 -0.011033580 0.999936759 53.937629700
0.999994636 -0.001654715 -0.002832198 -0.455688387 0.001682244 0.999951124 0.009745317 -0.834269404 0.002815934 -0.009750028 0.999948502 55.154327393
0.999987900 -0.001932025 -0.004512971 -0.456724048 0.001979526 0.999942422 0.010544839 -0.846156240 0.004492338 -0.010553645 0.999934196 56.353080750
0.999980330 -0.002112517 -0.005904964 -0.467019081 0.002178655 0.999934733 0.011216569 -0.849313438 0.005880883 -0.011229212 0.999919653 57.561187744
0.999974549 -0.001837952 -0.006898029 -0.481714606 0.001920354 0.999926567 0.011958233 -0.861202538 0.006875544 -0.011971176 0.999904633 58.763973236
0.999967217 -0.001163889 -0.008008705 -0.493222237 0.001254623 0.999934971 0.011333778 -0.863169253 0.007994993 -0.011343456 0.999903679 59.962123871
0.999963045 -0.000753279 -0.008556254 -0.510640740 0.000855173 0.999928713 0.011911335 -0.880900919 0.008546669 -0.011918215 0.999892473 61.174217224
0.999959826 -0.001897543 -0.008757395 -0.522339523 0.001995165 0.999935865 0.011152158 -0.885206759 0.008735671 -0.011169183 0.999899507 62.371959686
0.999957025 -0.002634232 -0.008888637 -0.537972987 0.002725166 0.999943852 0.010233758 -0.895059586 0.008861181 -0.010257543 0.999908090 63.591426849
0.999953568 -0.002839132 -0.009208994 -0.550800681 0.002945637 0.999928713 0.011572530 -0.903722048 0.009175481 -0.011599122 0.999890625 64.798217773
0.999951243 -0.003305635 -0.009311466 -0.571137190 0.003426258 0.999910057 0.012968197 -0.910467625 0.009267760 -0.012999471 0.999872506 66.000541687
0.999947786 -0.002701211 -0.009852954 -0.583048820 0.002812773 0.999931872 0.011326520 -0.920772254 0.009821688 -0.011353643 0.999887288 67.199081421
0.999955952 -0.000802977 -0.009353587 -0.608212233 0.000899339 0.999946594 0.010302541 -0.930525005 0.009344815 -0.010310500 0.999903083 68.396781921
0.999951184 0.000987096 -0.009831151 -0.624137223 -0.000881393 0.999941826 0.010750381 -0.940847158 0.009841192 -0.010741193 0.999893844 69.587593079
0.999948680 0.003059990 -0.009663046 -0.644201458 -0.002954576 0.999936163 0.010904423 -0.947767556 0.009695795 -0.010875314 0.999893904 70.778450012
0.999944508 0.004520388 -0.009531201 -0.664097130 -0.004412257 0.999925971 0.011335731 -0.957613766 0.009581739 -0.011293044 0.999890327 71.975250244
0.999951959 0.005165206 -0.008334993 -0.684211731 -0.005061026 0.999909461 0.012472181 -0.966377139 0.008398661 -0.012429399 0.999887466 73.169265747
0.999955058 0.006904878 -0.006511028 -0.696002245 -0.006818144 0.999889016 0.013250435 -0.971999586 0.006601799 -0.013205445 0.999891043 74.361869812
0.999974728 0.005560676 -0.004425424 -0.694350719 -0.005511743 0.999924362 0.010993689 -0.985204935 0.004486222 -0.010969022 0.999929786 75.544692993
0.999993443 0.002846935 -0.002220329 -0.698207378 -0.002833521 0.999977887 0.006021244 -0.995463550 0.002237422 -0.006014914 0.999979436 76.720458984
0.999992192 0.003895449 0.000813513 -0.706229508 -0.003899870 0.999977231 0.005504723 -1.006047368 -0.000792052 -0.005507851 0.999984503 77.896064758
0.999990344 0.002585321 0.003567946 -0.706293821 -0.002618300 0.999953628 0.009269362 -1.020006657 -0.003543816 -0.009278614 0.999950707 79.076797485
0.999971211 0.003307794 0.006819530 -0.703759313 -0.003377206 0.999942362 0.010192114 -1.028220773 -0.006785423 -0.010214851 0.999924719 80.258071899
0.999934077 0.003447449 0.010946049 -0.697747469 -0.003539893 0.999958217 0.008437312 -1.037804365 -0.010916504 -0.008475505 0.999904454 81.426651001
0.999895334 0.002101581 0.014308689 -0.681681752 -0.002179448 0.999982834 0.005428549 -1.051634789 -0.014297035 -0.005459166 0.999882877 82.588119507
0.999842346 0.001023884 0.017726220 -0.664295316 -0.001059877 0.999997497 0.002021257 -1.066775322 -0.017724110 -0.002039726 0.999840796 83.745162964
0.999766171 0.000779823 0.021611502 -0.646560907 -0.000803556 0.999999106 0.001089521 -1.084180236 -0.021610634 -0.001106632 0.999765873 84.898742676
0.999694884 -0.000144108 0.024700519 -0.616988659 0.000069455 0.999995410 0.003023167 -1.107907414 -0.024700841 -0.003020528 0.999690354 86.072959900
0.999589503 0.001008976 0.028632935 -0.598342657 -0.001116772 0.999992251 0.003749015 -1.129996777 -0.028628936 -0.003779452 0.999582946 87.235099792
0.999484122 0.000428150 0.032112282 -0.556503057 -0.000470091 0.999999046 0.001298535 -1.143941760 -0.032111697 -0.001312960 0.999483407 88.373924255
0.999377489 0.000306771 0.035278317 -0.518566847 -0.000275093 0.999999642 -0.000902797 -1.163376451 -0.035278581 0.000892531 0.999377131 89.520797729
0.999256194 0.000432290 0.038559843 -0.477360249 -0.000388523 0.999999285 -0.001142532 -1.185185671 -0.038560316 0.001126701 0.999255657 90.682716370
0.999147177 -0.001110966 0.041276090 -0.429111004 0.001119357 0.999999344 -0.000180181 -1.203956366 -0.041275863 0.000226230 0.999147773 91.836273193
0.999032199 -0.001571709 0.043957625 -0.383125782 0.001514437 0.999998033 0.001336143 -1.222619534 -0.043959633 -0.001268279 0.999032497 92.995613098
0.998900831 -0.002628740 0.046799067 -0.333284855 0.002483965 0.999991953 0.003151443 -1.239694357 -0.046806972 -0.003031732 0.998899460 94.168243408
0.998783886 -0.004055373 0.049135014 -0.275552750 0.003853366 0.999983728 0.004205290 -1.259185672 -0.049151260 -0.004010840 0.998783290 95.315902710
0.998677135 -0.005174343 0.051158719 -0.216992855 0.005085629 0.999985278 0.001864117 -1.275274038 -0.051167607 -0.001601477 0.998688817 96.471298218
0.998533070 -0.006370517 0.053769026 -0.162843227 0.006466374 0.999977827 -0.001608959 -1.292159796 -0.053757574 0.001954290 0.998552084 97.642776489
0.998440444 -0.005746248 0.055530943 -0.103739738 0.005993633 0.999972820 -0.004289374 -1.311679125 -0.055504784 0.004615516 0.998447776 98.802490234
0.998336315 -0.005600711 0.057386421 -0.038002014 0.005905377 0.999969363 -0.005140804 -1.336396217 -0.057355873 0.005471141 0.998338759 99.985809326
0.998319626 -0.005442444 0.057690132 0.028522491 0.005721044 0.999972761 -0.004665185 -1.355160713 -0.057663169 0.004987395 0.998323560 101.167556763
0.998353243 -0.005519512 0.057099551 0.082037449 0.005687499 0.999979973 -0.002779928 -1.381549001 -0.057083055 0.003100104 0.998364627 102.347389221
0.998429477 -0.005830688 0.055718940 0.143928051 0.005927376 0.999981225 -0.001570158 -1.397767305 -0.055708732 0.001897959 0.998445213 103.551994324
0.998524666 -0.005614920 0.054008808 0.194980145 0.005652980 0.999983966 -0.000551979 -1.419846535 -0.054004829 0.000856475 0.998540401 104.724990845
0.998666227 -0.005485785 0.051338226 0.252991199 0.005500408 0.999984860 -0.000143554 -1.436798811 -0.051336668 0.000425744 0.998681247 105.927963257
0.998818159 -0.005037165 0.048342206 0.304692745 0.005042971 0.999987245 0.000001870 -1.461081743 -0.048341610 0.000241921 0.998830795 107.119407654
0.998986304 -0.003370641 0.044888943 0.340193748 0.003399954 0.999994040 -0.000576672 -1.474655747 -0.044886738 0.000728708 0.998991847 108.309402466
0.999178946 -0.003168973 0.040389832 0.400540829 0.003176487 0.999994934 -0.000121876 -1.494278550 -0.040389232 0.000250074 0.999184012 109.547149658
0.999334395 -0.002690240 0.036380909 0.443867445 0.002647790 0.999995768 0.001214948 -1.514874339 -0.036384016 -0.001117810 0.999337256 110.776771545
0.999480307 -0.002186522 0.032159772 0.466564894 0.002130357 0.999996066 0.001780599 -1.539315462 -0.032163538 -0.001711162 0.999481142 111.960533142
0.999610066 -0.002172150 0.027838126 0.494075060 0.002109160 0.999995291 0.002291837 -1.553180218 -0.027842969 -0.002232228 0.999609828 113.178520203
0.999735713 -0.001606251 0.022933930 0.517302275 0.001554432 0.999996126 0.002277170 -1.568633080 -0.022937503 -0.002240920 0.999734402 114.402877808
0.999836862 -0.001028524 0.018029591 0.527488828 0.000990698 0.999997258 0.002106800 -1.581422448 -0.018031709 -0.002088594 0.999835312 115.622215271
0.999915719 -0.000515263 0.012968105 0.546532035 0.000492744 0.999998391 0.001739609 -1.602478147 -0.012968982 -0.001733072 0.999914408 116.852828979
0.999967217 0.000452957 0.008079159 0.550421119 -0.000463271 0.999999106 0.001274803 -1.622786522 -0.008078574 -0.001278504 0.999966502 118.082473755
0.999986112 0.002359717 0.004711352 0.547863305 -0.002365670 0.999996543 0.001258437 -1.641970754 -0.004708366 -0.001269566 0.999988139 119.321441650
0.999987841 0.004291969 0.002420818 0.547102928 -0.004295140 0.999990046 0.001306117 -1.660492301 -0.002415188 -0.001316499 0.999996185 120.562187195
0.999983191 0.005627061 0.001380525 0.538981497 -0.005628310 0.999983668 0.000902927 -1.680251360 -0.001375422 -0.000910681 0.999998629 121.802536011
0.999968469 0.007932249 0.000111595 0.534395754 -0.007932377 0.999967933 0.001209262 -1.697849393 -0.000101999 -0.001210109 0.999999285 123.046134949
0.999958038 0.009141492 -0.000600818 0.519058228 -0.009140210 0.999956012 0.002102131 -1.718202233 0.000620009 -0.002096551 0.999997616 124.292610168
0.999957502 0.009159835 -0.000958199 0.502565801 -0.009157599 0.999955356 0.002311036 -1.731380701 0.000979325 -0.002302163 0.999996901 125.538642883
0.999914885 0.012896491 -0.001954642 0.494750619 -0.012887628 0.999906898 0.004481818 -1.750200987 0.002012260 -0.004456245 0.999988019 126.799858093
0.999900103 0.014005270 -0.001882713 0.476686478 -0.013990192 0.999871790 0.007796426 -1.762049437 0.001991662 -0.007769308 0.999967813 128.050033569
0.999917388 0.012334467 -0.003600191 0.482473403 -0.012307949 0.999897659 0.007296279 -1.776149273 0.003689817 -0.007251365 0.999966919 129.311706543
0.999916136 0.012236383 -0.004245937 0.471291721 -0.012211392 0.999908209 0.005862662 -1.784553885 0.004317285 -0.005810320 0.999973774 130.563125610
0.999936700 0.009791231 -0.005531335 0.470446467 -0.009750525 0.999925494 0.007338530 -1.802710176 0.005602776 -0.007284132 0.999957800 131.819641113
0.999955714 0.007466356 -0.005720853 0.456971645 -0.007417401 0.999936104 0.008531515 -1.808263898 0.005784187 -0.008488702 0.999947250 133.093719482
0.999974847 0.003990154 -0.005863431 0.443184614 -0.003927980 0.999936342 0.010577279 -1.818915248 0.005905263 -0.010553981 0.999926865 134.367919922
0.999977887 0.002319074 -0.006225273 0.437107384 -0.002247025 0.999930680 0.011555745 -1.826110601 0.006251641 -0.011541503 0.999913871 135.644302368
0.999980032 -0.002006663 -0.005992584 0.427130699 0.002065927 0.999948859 0.009899779 -1.836169124 0.005972412 -0.009911964 0.999933004 136.912429810
0.999972343 -0.004451377 -0.005947009 0.420376241 0.004502676 0.999952674 0.008640613 -1.838109612 0.005908264 -0.008667153 0.999944985 138.193115234
0.999967694 -0.005690946 -0.005686282 0.407035530 0.005738706 0.999948084 0.008418335 -1.847476840 0.005638078 -0.008450696 0.999948382 139.471771240
0.999967873 -0.005956786 -0.005360181 0.398273826 0.006004684 0.999941766 0.008964629 -1.863679171 0.005306467 -0.008996528 0.999945462 140.748962402
0.999974132 -0.005360067 -0.004806048 0.383925021 0.005412802 0.999924481 0.011027398 -1.874069095 0.004746578 -0.011053126 0.999927700 142.026107788
0.999988139 -0.002853948 -0.003949425 0.366312325 0.002902848 0.999918461 0.012431665 -1.879859090 0.003913623 -0.012442983 0.999914885 143.296569824
0.999990106 -0.003036635 -0.003266254 0.355538487 0.003071823 0.999936640 0.010822860 -1.887735009 0.003233182 -0.010832786 0.999936044 144.571975708
0.999991894 -0.002680765 -0.002999241 0.346857637 0.002707739 0.999955595 0.009025954 -1.899300337 0.002974911 -0.009034001 0.999954700 145.841430664
0.999992371 -0.002872097 -0.002657710 0.340050876 0.002888821 0.999975860 0.006310381 -1.907347441 0.002639522 -0.006318009 0.999976516 147.115890503
0.999991119 -0.003683246 -0.002068777 0.328995615 0.003688515 0.999989927 0.002548696 -1.928848863 0.002059368 -0.002556305 0.999994576 148.373062134
0.999993265 -0.003462600 -0.001220470 0.319204092 0.003461377 0.999993503 -0.001002391 -1.949232817 0.001223933 0.000998160 0.999998748 149.653854370
0.999990225 -0.004156727 -0.001503972 0.317622542 0.004153590 0.999989271 -0.002082452 -1.969524622 0.001512612 0.002076185 0.999996722 150.926757812
0.999989986 -0.004293301 -0.001243549 0.306982040 0.004291101 0.999989152 -0.001766232 -1.995814800 0.001251118 0.001760878 0.999997616 152.209640503
0.999992251 -0.003515148 -0.001742336 0.302363753 0.003512981 0.999992967 -0.001245512 -2.019277811 0.001746702 0.001239381 0.999997675 153.472167969
0.999994695 -0.002835940 -0.001585594 0.293176055 0.002835650 0.999995947 -0.000185669 -2.043915272 0.001586115 0.000181172 0.999998748 154.736663818
0.999995410 -0.002360395 -0.001892304 0.283430994 0.002361450 0.999997079 0.000555663 -2.067085505 0.001890988 -0.000560129 0.999998093 156.007263184
0.999993861 -0.002464693 -0.002485681 0.278527617 0.002464732 0.999996901 0.000012891 -2.087823868 0.002485642 -0.000019017 0.999996841 157.273101807
0.999992728 -0.002000755 -0.003261275 0.265263915 0.002001710 0.999997914 0.000289475 -2.107706308 0.003260690 -0.000296001 0.999994636 158.539566040
0.999988914 -0.002477381 -0.004009512 0.262310922 0.002483948 0.999995589 0.001633700 -2.138802528 0.004005447 -0.001643642 0.999990582 159.819244385
0.999988556 -0.001559720 -0.004526173 0.243955553 0.001569478 0.999996483 0.002152904 -2.159671545 0.004522800 -0.002159983 0.999987423 161.070953369
0.999984264 -0.001498458 -0.005409822 0.240075409 0.001503255 0.999998510 0.000882874 -2.179609299 0.005408491 -0.000890993 0.999984920 162.356399536
0.999979317 -0.001250206 -0.006297363 0.228186369 0.001248644 0.999999166 -0.000251975 -2.202207565 0.006297672 0.000244107 0.999980092 163.621749878
0.999979317 -0.000136392 -0.006418337 0.203589678 0.000137192 1.000000000 0.000124237 -2.231093884 0.006418319 -0.000125115 0.999979317 164.892074585
0.999974370 -0.000355288 -0.007155837 0.184720516 0.000350230 0.999999762 -0.000708081 -2.252667904 0.007156087 0.000705556 0.999974072 166.167877197
0.999968410 -0.000266735 -0.007934168 0.169993639 0.000251408 0.999998093 -0.001932766 -2.274478912 0.007934667 0.001930711 0.999966681 167.430831909
0.999963820 0.000238453 -0.008499761 0.151075125 -0.000252138 0.999998689 -0.001608982 -2.295346498 0.008499366 0.001611067 0.999962568 168.706466675
0.999957442 0.000445750 -0.009210176 0.133346438 -0.000447998 0.999999881 -0.000241973 -2.324599743 0.009210066 0.000246089 0.999957561 169.983215332
0.999948502 -0.000111031 -0.010150583 0.117991924 0.000114175 0.999999940 0.000309101 -2.347741365 0.010150548 -0.000310245 0.999948442 171.252304077
0.999941647 0.001033187 -0.010753523 0.096561432 -0.001029998 0.999999404 0.000302147 -2.366584539 0.010753830 -0.000291054 0.999942064 172.526123047
0.999931931 0.001340006 -0.011590526 0.074328423 -0.001333316 0.999998927 0.000584889 -2.388551712 0.011591298 -0.000569395 0.999932647 173.797210693
0.999928296 0.001462364 -0.011887662 0.047018766 -0.001464675 0.999998808 -0.000185678 -2.414638519 0.011887377 0.000203076 0.999929309 175.059707642
0.999917030 0.002616424 -0.012612086 0.030918360 -0.002627267 0.999996185 -0.000843217 -2.434470892 0.012609832 0.000876282 0.999920130 176.326843262
0.999914050 0.002067986 -0.012945535 0.006798029 -0.002071023 0.999997854 -0.000221164 -2.461635590 0.012945049 0.000247955 0.999916196 177.593414307
0.999911547 0.002295162 -0.013101879 -0.016371727 -0.002314235 0.999996305 -0.001440765 -2.482754946 0.013098524 0.001470959 0.999913096 178.850967407
0.999916613 0.001278747 -0.012843635 -0.044726610 -0.001322387 0.999993443 -0.003389906 -2.500784159 0.012839216 0.003406608 0.999911845 180.116653442
0.999908090 -0.001861799 -0.013427284 -0.056439400 0.001821837 0.999993980 -0.002987811 -2.528986454 0.013432765 0.002963075 0.999905407 181.381301880
0.999894261 -0.001468665 -0.014465806 -0.072546959 0.001478621 0.999998689 0.000677534 -2.551261187 0.014464793 -0.000698851 0.999895215 182.650054932
0.999900222 -0.002509285 -0.013899297 -0.101351023 0.002579816 0.999983788 0.005058838 -2.572365046 0.013886379 -0.005094191 0.999890625 183.905227661
0.999896049 -0.001345661 -0.014348124 -0.121354818 0.001406863 0.999989927 0.004256234 -2.586963177 0.014342251 -0.004275978 0.999888003 185.163406372
0.999906957 0.000307927 -0.013639444 -0.152006865 -0.000290607 0.999999166 0.001271807 -2.609144449 0.013639825 -0.001267724 0.999906182 186.389297485
0.999905527 0.000456913 -0.013739364 -0.175879478 -0.000464784 0.999999702 -0.000569746 -2.629795074 0.013739101 0.000576078 0.999905467 187.635467529
0.999898016 0.000468469 -0.014275485 -0.198419809 -0.000470322 0.999999821 -0.000126476 -2.656150103 0.014275425 0.000133177 0.999898016 188.883789062
0.999897897 0.000582369 -0.014275369 -0.220245838 -0.000573837 0.999999642 0.000601787 -2.674750328 0.014275715 -0.000593534 0.999897897 190.129699707
0.999902546 0.000420463 -0.013952154 -0.244049311 -0.000377693 0.999995172 0.003067987 -2.697859287 0.013953378 -0.003062419 0.999897897 191.378051758
0.999909401 -0.000601611 -0.013445084 -0.264438868 0.000657580 0.999991119 0.004158766 -2.721849680 0.013442467 -0.004167230 0.999900937 192.627273560
0.999927282 -0.000474964 -0.012045972 -0.281478882 0.000516185 0.999993980 0.003419082 -2.740192175 0.012044276 -0.003425051 0.999921560 193.864318848
0.999943256 -0.001977463 -0.010461353 -0.303770065 0.001999659 0.999995768 0.002111587 -2.761562586 0.010457131 -0.002132387 0.999943078 195.097457886
0.999954939 -0.001642597 -0.009343102 -0.312941909 0.001648312 0.999998450 0.000603998 -2.785767555 0.009342095 -0.000619372 0.999956191 196.322921753
0.999963880 -0.002474467 -0.008128648 -0.325403452 0.002474674 0.999996960 0.000015327 -2.805699587 0.008128585 -0.000035442 0.999966979 197.539627075
0.999976575 -0.001949812 -0.006553475 -0.344820201 0.001953783 0.999997914 0.000599559 -2.826969624 0.006552292 -0.000612349 0.999978364 198.768127441
0.999980986 -0.002466743 -0.005655849 -0.349573731 0.002480804 0.999993920 0.002480328 -2.850614071 0.005649696 -0.002494312 0.999980927 199.984207153
0.999989331 -0.001678901 -0.004306719 -0.363577724 0.001691697 0.999994099 0.002969311 -2.876628160 0.004301709 -0.002976564 0.999986291 201.207061768
0.999994755 -0.001596535 -0.002830053 -0.377755612 0.001605136 0.999994040 0.003039706 -2.892184734 0.002825183 -0.003044232 0.999991357 202.422927856
0.999996066 -0.001679493 -0.002236182 -0.377916038 0.001686767 0.999993205 0.003255067 -2.917164803 0.002230699 -0.003258827 0.999992192 203.609573364
0.999996901 -0.002062776 -0.001367358 -0.381840348 0.002067498 0.999991834 0.003460396 -2.936282635 0.001360208 -0.003463212 0.999993026 204.802169800
0.999999285 -0.001184855 -0.000204820 -0.397326827 0.001185597 0.999992609 0.003661806 -2.961866617 0.000200480 -0.003662047 0.999993265 205.997970581
0.999998271 -0.001713732 0.000657346 -0.407834589 0.001711496 0.999992907 0.003387238 -2.976582766 -0.000663147 -0.003386107 0.999993980 207.164031982
0.999996245 -0.002601730 0.000860468 -0.408616662 0.002598993 0.999991596 0.003166874 -2.993973255 -0.000868701 -0.003164626 0.999994576 208.327209473
0.999995351 -0.002605191 0.001549088 -0.418302894 0.002598542 0.999987483 0.004278724 -3.015695810 -0.001560215 -0.004274679 0.999989629 209.479385376
0.999994218 -0.003145958 0.001258395 -0.423056483 0.003139698 0.999982893 0.004945642 -3.029586315 -0.001273932 -0.004941664 0.999987006 210.618515015
0.999994576 -0.003252582 0.000561200 -0.425679207 0.003249623 0.999981225 0.005195745 -3.052843809 -0.000578089 -0.005193893 0.999986351 211.739715576
0.999995947 -0.002823333 -0.000111365 -0.430068076 0.002823778 0.999987125 0.004221407 -3.071013212 0.000099445 -0.004221705 0.999991059 212.840194702
0.999996960 -0.002447579 -0.000379964 -0.438622683 0.002448862 0.999991179 0.003413027 -3.091070890 0.000371607 -0.003413948 0.999994099 213.928207397
0.999995768 -0.002665834 -0.001184897 -0.443512797 0.002669889 0.999990523 0.003433563 -3.109981060 0.001175732 -0.003436711 0.999993443 214.996963501
0.999993503 -0.002776458 -0.002276464 -0.452755362 0.002783806 0.999990880 0.003230898 -3.131953955 0.002267473 -0.003237214 0.999992132 216.061935425
0.999986589 -0.003302310 -0.003968831 -0.457939893 0.003318195 0.999986410 0.004002419 -3.150024414 0.003955559 -0.004015535 0.999984086 217.118515015
0.999973714 -0.004184966 -0.005925243 -0.470650673 0.004218218 0.999975383 0.005610544 -3.165677071 0.005901617 -0.005635391 0.999966681 218.156768799
0.999962807 -0.003559974 -0.007858880 -0.488040924 0.003616827 0.999967396 0.007231919 -3.179690838 0.007832877 -0.007260074 0.999942958 219.181884766
0.999940455 -0.003806994 -0.010224869 -0.502224445 0.003882701 0.999965250 0.007394509 -3.198138952 0.010196362 -0.007433769 0.999920428 220.189376831
0.999909222 -0.003448838 -0.013020115 -0.515823126 0.003542198 0.999968112 0.007154265 -3.218710899 0.012995025 -0.007199736 0.999889612 221.186447144
0.999868095 -0.003384322 -0.015880775 -0.535756111 0.003503100 0.999966085 0.007457562 -3.233651161 0.015854996 -0.007512211 0.999846041 222.154891968
0.999820113 -0.002914009 -0.018737050 -0.563212633 0.003057788 0.999966025 0.007649424 -3.246250629 0.018714124 -0.007705344 0.999795198 223.104339600
0.999767125 -0.002586791 -0.021425137 -0.588373661 0.002747554 0.999968231 0.007477395 -3.263941765 0.021405116 -0.007534521 0.999742508 224.032363892
0.999694049 -0.002627506 -0.024592947 -0.614918232 0.002790374 0.999974430 0.006590598 -3.272466898 0.024575001 -0.006657206 0.999675810 224.936187744
0.999618292 -0.003006930 -0.027460609 -0.649774551 0.003178215 0.999975741 0.006196014 -3.291349411 0.027441312 -0.006280926 0.999603689 225.812896729
0.999518454 -0.001947999 -0.030969396 -0.679696560 0.002139757 0.999978662 0.006159939 -3.309061050 0.030956740 -0.006223239 0.999501348 226.676834106
0.999426007 -0.001506931 -0.033842873 -0.716434956 0.001697531 0.999982834 0.005603887 -3.323938370 0.033833846 -0.005658120 0.999411464 227.506423950
0.999341726 -0.000007532 -0.036278129 -0.754908562 0.000204343 0.999985278 0.005421354 -3.339414835 0.036277555 -0.005425199 0.999327004 228.326126099
0.999304533 0.000667287 -0.037284851 -0.785393238 -0.000448858 0.999982655 0.005866451 -3.350876093 0.037288126 -0.005845635 0.999287426 229.128387451
0.999322295 0.001282497 -0.036787700 -0.819159508 -0.001034101 0.999976516 0.006770386 -3.363618612 0.036795512 -0.006727756 0.999300182 229.910568237
0.999333024 0.001022263 -0.036504105 -0.849063396 -0.000752215 0.999972284 0.007410727 -3.376264811 0.036510661 -0.007378324 0.999306023 230.669677734
0.999342918 0.000619153 -0.036242999 -0.878601551 -0.000357860 0.999973893 0.007215523 -3.391303062 0.036246520 -0.007197811 0.999316931 231.415390015
0.999359071 0.001680462 -0.035757698 -0.907903671 -0.001491596 0.999984801 0.005307860 -3.401959419 0.035766073 -0.005251123 0.999346375 232.153884888
0.999390483 0.001639373 -0.034869511 -0.934490204 -0.001528685 0.999993742 0.003200798 -3.413044930 0.034874536 -0.003145543 0.999386728 232.884994507
0.999431074 0.001326275 -0.033699911 -0.963048935 -0.001254495 0.999996960 0.002151047 -3.430866480 0.033702657 -0.002107546 0.999429643 233.610168457
0.999476135 0.002215962 -0.032289010 -0.990428448 -0.002172779 0.999996722 0.001372388 -3.439229012 0.032291945 -0.001301512 0.999477565 234.342468262
0.999537468 0.001879657 -0.030352898 -1.015609741 -0.001842721 0.999997497 0.001244796 -3.450999022 0.030355157 -0.001188289 0.999538422 235.061294556
0.999592781 0.001557369 -0.028489936 -1.039452076 -0.001520628 0.999998033 0.001311224 -3.467760086 0.028491914 -0.001267368 0.999593139 235.772949219
0.999645412 0.001591679 -0.026579861 -1.061491966 -0.001561931 0.999998152 0.001139928 -3.481538057 0.026581632 -0.001098008 0.999646008 236.496932983
0.999687970 0.001215475 -0.024950195 -1.073785305 -0.001188313 0.999998748 0.001103481 -3.496512175 0.024951506 -0.001073488 0.999688148 237.202880859
0.999765813 0.001353622 -0.021596573 -1.102916718 -0.001319807 0.999997914 0.001579980 -3.508307457 0.021598667 -0.001551106 0.999765515 237.912231445
0.999825478 0.000168322 -0.018678229 -1.110082150 -0.000124936 0.999997318 0.002323945 -3.521850586 0.018678572 -0.002321206 0.999822915 238.619796753
0.999877930 -0.000363353 -0.015615037 -1.123856068 0.000395348 0.999997854 0.002045909 -3.527562141 0.015614258 -0.002051833 0.999875963 239.316741943
0.999918520 -0.000846752 -0.012734694 -1.131467223 0.000875011 0.999997258 0.002213616 -3.541037083 0.012732782 -0.002224579 0.999916434 240.014266968
0.999954939 -0.001063214 -0.009432943 -1.143885374 0.001080307 0.999997795 0.001807219 -3.551831245 0.009431001 -0.001817328 0.999953866 240.700271606
0.999978542 -0.001236902 -0.006451702 -1.150282145 0.001247488 0.999997795 0.001636860 -3.566587925 0.006449665 -0.001644873 0.999977767 241.393447876
0.999993324 -0.000278170 -0.003639575 -1.153379440 0.000280170 0.999999762 0.000549013 -3.574381590 0.003639423 -0.000550029 0.999993205 242.086624146
0.999999762 -0.000059487 -0.000694272 -1.155392289 0.000059622 1.000000000 0.000194166 -3.587069750 0.000694260 -0.000194207 0.999999762 242.778747559
0.999997675 0.000199081 0.002140499 -1.156208277 -0.000201668 0.999999225 0.001208592 -3.600197315 -0.002140257 -0.001209021 0.999996960 243.480972290
0.999990880 0.000325468 0.004272673 -1.153046727 -0.000333125 0.999998391 0.001791377 -3.610320568 -0.004272083 -0.001792784 0.999989271 244.183364868
0.999976099 0.000351398 0.006899752 -1.152812719 -0.000360433 0.999999046 0.001308406 -3.620227337 -0.006899285 -0.001310862 0.999975324 244.888290405
0.999957442 0.000212529 0.009218914 -1.149032831 -0.000211757 1.000000000 -0.000084786 -3.632243395 -0.009218933 0.000082830 0.999957502 245.593276978
0.999935985 0.000397253 0.011306203 -1.146821737 -0.000369263 0.999996841 -0.002477611 -3.642314434 -0.011307151 0.002473278 0.999933064 246.301391602
0.999927282 -0.000825298 0.012032754 -1.135926008 0.000877413 0.999990225 -0.004326520 -3.652456760 -0.012029066 0.004336763 0.999918222 247.019653320
0.999928176 -0.000853384 0.011955304 -1.126727104 0.000906399 0.999989808 -0.004429652 -3.668187380 -0.011951401 0.004440172 0.999918640 247.738128662
0.999930441 -0.001916458 0.011644143 -1.115900755 0.001974664 0.999985576 -0.004989280 -3.682438850 -0.011634412 0.005011926 0.999919713 248.467895508
0.999927819 -0.000497533 0.012001463 -1.111844778 0.000559644 0.999986410 -0.005172440 -3.696529627 -0.011998727 0.005178784 0.999914527 249.199371338
0.999922037 0.000026440 0.012487674 -1.110067129 0.000043712 0.999984205 -0.005617376 -3.711271763 -0.012487625 0.005617482 0.999906182 249.922363281
0.999917746 -0.001155406 0.012772470 -1.101636648 0.001251333 0.999971032 -0.007504990 -3.725499153 -0.012763428 0.007520355 0.999890268 250.676269531
0.999900043 -0.004861135 0.013274061 -1.092811108 0.004989925 0.999940634 -0.009686605 -3.742613316 -0.013226188 0.009751877 0.999864936 251.421707153
0.999872148 -0.008062166 0.013807968 -1.079535723 0.008207127 0.999911487 -0.010474079 -3.757341146 -0.013722303 0.010586067 0.999849737 252.189071655
0.999880850 -0.005433147 0.014449554 -1.072906971 0.005532625 0.999961317 -0.006853552 -3.768553257 -0.014411759 0.006932680 0.999872088 252.968078613
0.999888480 -0.001643832 0.014838446 -1.069458961 0.001651539 0.999998450 -0.000507151 -3.783445120 -0.014837589 0.000531600 0.999889791 253.747665405
0.999875307 -0.002476940 0.015591320 -1.058021069 0.002429314 0.999992251 0.003072856 -3.799140453 -0.015598812 -0.003034596 0.999873757 254.534851074
0.999828160 -0.003583122 0.018183306 -1.044777393 0.003571278 0.999993384 0.000683770 -3.806858063 -0.018185634 -0.000618715 0.999834359 255.329574585
0.999754071 -0.002749501 0.022005007 -1.029215336 0.002870479 0.999980927 -0.005468032 -3.816468716 -0.021989550 0.005529852 0.999742866 256.129882812
0.999658644 -0.000604851 0.026120696 -1.020797253 0.000843173 0.999958098 -0.009113838 -3.828212261 -0.026114091 0.009132751 0.999617219 256.937255859
0.999568939 0.001171532 0.029336559 -1.001533508 -0.000920296 0.999962807 -0.008575933 -3.845894814 -0.029345514 0.008545238 0.999532819 257.749816895
0.999487281 -0.000214495 0.032017697 -0.968932152 0.000429565 0.999977410 -0.006710509 -3.855421305 -0.032015529 0.006720822 0.999464691 258.591156006
0.999384582 -0.003339012 0.034920759 -0.936085701 0.003459657 0.999988198 -0.003394955 -3.872737408 -0.034909017 0.003513679 0.999384284 259.427673340
0.999265373 -0.006168070 0.037826732 -0.906352043 0.006252088 0.999978304 -0.002103244 -3.886859655 -0.037812937 0.002338194 0.999282002 260.265625000
0.999145746 -0.004987304 0.041021150 -0.875946045 0.005048334 0.999986291 -0.001384304 -3.901811838 -0.041013673 0.001590210 0.999157310 261.109863281
0.999051332 -0.002798937 0.043457091 -0.842982292 0.002951029 0.999989688 -0.003436041 -3.917274952 -0.043447033 0.003561024 0.999049366 261.951660156
0.998936296 -0.002104441 0.046064038 -0.813668251 0.002369343 0.999980986 -0.005696898 -3.935403824 -0.046051174 0.005799979 0.998922229 262.787994385
0.998812497 -0.001623064 0.048690945 -0.776885986 0.001912234 0.999980807 -0.005892906 -3.947275162 -0.048680443 0.005979017 0.998796523 263.637603760
0.998676598 -0.000839987 0.051422875 -0.738938332 0.001026591 0.999993026 -0.003602514 -3.967982292 -0.051419485 0.003650537 0.998670578 264.475067139
0.998508215 0.000716130 0.054594889 -0.697671890 -0.000596378 0.999997318 -0.002209726 -3.982442141 -0.054596324 0.002173871 0.998506129 265.324066162
0.998356760 0.001494422 0.057283707 -0.647448540 -0.001341883 0.999995470 -0.002701239 -3.994238377 -0.057287481 0.002619932 0.998354316 266.188537598
0.998212099 0.001711254 0.059745878 -0.598575592 -0.001539058 0.999994516 -0.002928038 -4.012476444 -0.059750561 0.002830851 0.998209357 267.033660889
0.998055220 -0.000352047 0.062335338 -0.547283173 0.000558026 0.999994457 -0.003286992 -4.028420448 -0.062333830 0.003315385 0.998049855 267.869689941
0.997925460 -0.003972745 0.064259343 -0.490079880 0.004145863 0.999988079 -0.002560923 -4.046104431 -0.064248413 0.002822020 0.997929931 268.738739014
0.997890711 -0.004506232 0.064760387 -0.428815842 0.004677870 0.999985933 -0.002498958 -4.063099384 -0.064748220 0.002796628 0.997897685 269.586608887
0.997849941 -0.005290306 0.065326579 -0.379606247 0.005442858 0.999982893 -0.002157473 -4.084355354 -0.065314054 0.002508397 0.997861564 270.434906006
0.997821093 -0.005428880 0.065753855 -0.320547104 0.005614701 0.999980688 -0.002641549 -4.092136383 -0.065738268 0.003004981 0.997832358 271.313232422
0.997849882 -0.004982981 0.065349430 -0.267904282 0.005133845 0.999984443 -0.002140866 -4.106875896 -0.065337747 0.002471757 0.997860134 272.175506592
0.997877002 -0.004645584 0.064960778 -0.217243195 0.004769148 0.999987125 -0.001747183 -4.121238708 -0.064951815 0.002053282 0.997886240 273.027587891
0.997955382 -0.004970121 0.063719921 -0.160768509 0.005128860 0.999984145 -0.002327886 -4.142560482 -0.063707337 0.002649938 0.997965097 273.895782471
0.998074174 -0.004841842 0.061842673 -0.108659744 0.005064309 0.999981284 -0.003441074 -4.158058167 -0.061824847 0.003747637 0.998079956 274.747955322
0.998157740 -0.004389230 0.060513563 -0.063390732 0.004636223 0.999981463 -0.003941811 -4.178103924 -0.060495138 0.004215104 0.998159528 275.611480713
0.998261154 -0.003256835 0.058856957 -0.017297745 0.003517767 0.999984384 -0.004330250 -4.194816589 -0.058841944 0.004529765 0.998256981 276.463195801
0.998359919 -0.002062415 0.057212178 0.023078918 0.002314196 0.999987841 -0.004334916 -4.219340801 -0.057202552 0.004460207 0.998352587 277.312438965
0.998474777 -0.001463658 0.055190392 0.062845230 0.001680539 0.999991059 -0.003883493 -4.233811855 -0.055184208 0.003970318 0.998468280 278.161437988
0.998645842 -0.001828206 0.051990695 0.099853516 0.001946890 0.999995589 -0.002232238 -4.254101276 -0.051986381 0.002330436 0.998645067 279.013488770
0.998843312 -0.002822394 0.047999799 0.145200729 0.002828997 0.999996006 -0.000069642 -4.267523289 -0.047999412 0.000205353 0.998847306 279.864532471
0.999069095 -0.004019850 0.042950541 0.179471970 0.003957872 0.999991059 0.001527977 -4.282159328 -0.042956289 -0.001356561 0.999076009 280.700836182
0.999266505 -0.004577287 0.038018659 0.210955620 0.004469851 0.999985814 0.002910400 -4.298611164 -0.038031444 -0.002738328 0.999272823 281.534210205
0.999416769 -0.004245471 0.033884421 0.225763321 0.004126704 0.999985099 0.003574233 -4.309450150 -0.033899091 -0.003432318 0.999419391 282.359039307
0.999562383 -0.004755060 0.029200507 0.245659828 0.004641125 0.999981403 0.003968350 -4.321342945 -0.029218834 -0.003831090 0.999565661 283.167724609
0.999684691 -0.006197752 0.024332764 0.264854908 0.006096050 0.999972403 0.004251612 -4.338985920 -0.024358446 -0.004101937 0.999694884 283.976165771
0.999775827 -0.006268418 0.020221489 0.274490833 0.006188784 0.999972880 0.003998284 -4.353807926 -0.020246003 -0.003872241 0.999787569 284.757171631
0.999848783 -0.006135235 0.016272444 0.285085678 0.006075349 0.999974608 0.003726996 -4.364629745 -0.016294902 -0.003627571 0.999860585 285.521148682
0.999906182 -0.005996726 0.012309724 0.291579962 0.005951939 0.999975681 0.003671812 -4.376884460 -0.012331443 -0.003598201 0.999917507 286.272369385
