-0.998223066 0.058341052 -0.012123329 -13.060091019 0.057916407 0.997781217 0.032838468 1.260611176 0.014012259 0.032077979 -0.999387145 16.973775864
-0.998280466 0.057245512 -0.012608451 -13.066694260 0.056847535 0.997933984 0.029937228 1.282203555 0.014296172 0.029168991 -0.999472260 15.582844734
-0.998398721 0.055010919 -0.013192238 -13.080921173 0.054655701 0.998168647 0.025924629 1.292366982 0.014594220 0.025162082 -0.999576807 14.217958450
-0.998596132 0.051298451 -0.013197820 -13.088024139 0.050968476 0.998406231 0.024229545 1.304438114 0.014419725 0.023522856 -0.999619305 12.840593338
-0.998737216 0.048533544 -0.012978719 -13.094800949 0.048178367 0.998489618 0.026405901 1.315210342 0.014240690 0.025747260 -0.999567032 11.473802567
-0.998788059 0.047573343 -0.012618110 -13.103394508 0.047194291 0.998470306 0.028805697 1.324005365 0.013969191 0.028175283 -0.999505401 10.091000557
-0.998735487 0.048674289 -0.012575955 -13.113540649 0.048271310 0.998366296 0.030572994 1.343124032 0.014043527 0.029927278 -0.999453425 8.723923683
-0.998518825 0.053002939 -0.012281853 -13.130558014 0.052570753 0.998065770 0.033181664 1.355214596 0.014016823 0.032486849 -0.999373853 7.350362301
-0.998243511 0.058024969 -0.011955931 -13.146520615 0.057580847 0.997739792 0.034636769 1.374422312 0.013938706 0.033887498 -0.999328434 5.967963696
-0.998112261 0.060263745 -0.011837131 -13.160269737 0.059837822 0.997644663 0.033533294 1.397250533 0.013830094 0.032761682 -0.999367476 4.601740837
-0.998066306 0.061047550 -0.011700122 -13.177674294 0.060658958 0.997673869 0.031101190 1.419688225 0.013571558 0.030331330 -0.999447763 3.240413666
-0.998146474 0.059660878 -0.012001729 -13.185667038 0.059292462 0.997818947 0.029012030 1.438511014 0.013706435 0.028246647 -0.999506950 1.868705750
-0.998267710 0.057472359 -0.012583802 -13.191117287 0.057104688 0.997979641 0.027850967 1.460067153 0.014159040 0.027084131 -0.999532819 0.489543498
-0.998347461 0.055953804 -0.013090123 -13.196803093 0.055568118 0.998057306 0.028174523 1.483357310 0.014641165 0.027400574 -0.999517322 -0.884935379
-0.998362541 0.055658113 -0.013205945 -13.210972786 0.055271797 0.998078346 0.028008319 1.489892125 0.014739459 0.027232541 -0.999520421 -2.245448112
-0.998349428 0.055806156 -0.013564818 -13.220058441 0.055435076 0.998114705 0.026344758 1.507192254 0.015009442 0.025549309 -0.999560952 -3.630193710
-0.998404264 0.054849371 -0.013431657 -13.237300873 0.054488175 0.998177826 0.025923511 1.519906998 0.014829069 0.025150279 -0.999573708 -4.999956131
-0.998408854 0.054685559 -0.013762820 -13.245203018 0.054306611 0.998171329 0.026546802 1.534377456 0.015189379 0.025757149 -0.999552846 -6.385954380
-0.998485208 0.053168662 -0.014157672 -13.252988815 0.052791312 0.998271823 0.025812319 1.548551083 0.015505614 0.025025815 -0.999566555 -7.765439987
-0.998589516 0.051081177 -0.014479687 -13.263348579 0.050688241 0.998367727 0.026316404 1.565622807 0.015800323 0.025545336 -0.999548852 -9.161970139
-0.998691082 0.049023844 -0.014587897 -13.275011063 0.048584867 0.998396158 0.029061431 1.576877117 0.015989205 0.028314643 -0.999471128 -10.574765205
-0.998782039 0.047089212 -0.014729878 -13.286839485 0.046649661 0.998493612 0.028882397 1.596184015 0.016067740 0.028160077 -0.999474287 -11.971906662
-0.998778939 0.046977956 -0.015281780 -13.301658630 0.046575658 0.998584270 0.025694195 1.611473203 0.016467204 0.024951065 -0.999553025 -13.377505302
-0.998838365 0.045681689 -0.015327965 -13.315249443 0.045285981 0.998655200 0.025239920 1.627624512 0.016460355 0.024516463 -0.999563873 -14.780043602
-0.998856187 0.045389634 -0.015037462 -13.330124855 0.044987563 0.998647153 0.026076242 1.634849429 0.016200712 0.025369918 -0.999546766 -16.175802231
-0.998912632 0.044118214 -0.015066708 -13.340917587 0.043755043 0.998762667 0.023638070 1.648998499 0.016090933 0.022953127 -0.999607027 -17.586038589
-0.998970687 0.042885266 -0.014778825 -13.353541374 0.042585053 0.998891413 0.020062836 1.660045266 0.015622842 0.019412829 -0.999689400 -18.996812820
-0.998984814 0.042587142 -0.014681550 -13.369514465 0.042301029 0.998918951 0.019276476 1.668979406 0.015486607 0.018635863 -0.999706388 -20.403940201
-0.998940349 0.043731809 -0.014342742 -13.384495735 0.043423932 0.998833537 0.021117164 1.673927307 0.015249504 0.020471970 -0.999674082 -21.821985245
-0.998803914 0.046963751 -0.013603037 -13.403328896 0.046663754 0.998677254 0.021590292 1.685038567 0.014599005 0.020929702 -0.999674320 -23.242242813
-0.998765469 0.047930591 -0.013042462 -13.420627594 0.047649708 0.998642087 0.021056175 1.692823410 0.014033986 0.020408710 -0.999693215 -24.679876328
-0.998779476 0.047709137 -0.012780816 -13.435792923 0.047431238 0.998648822 0.021229694 1.698389888 0.013776398 0.020597572 -0.999692917 -26.107749939
-0.998820364 0.046779282 -0.013019840 -13.444007874 0.046526838 0.998735189 0.019059852 1.708239794 0.013894977 0.018431596 -0.999733567 -27.538063049
-0.998872876 0.045742601 -0.012673528 -13.450297356 0.045472372 0.998748004 0.020847484 1.714246988 0.013611278 0.020247690 -0.999702334 -28.963209152
-0.998887181 0.045699015 -0.011661851 -13.467092514 0.045408990 0.998679459 0.024027975 1.725942373 0.012744507 0.023471685 -0.999643207 -30.407024384
-0.998787761 0.047951061 -0.011122986 -13.477540016 0.047667746 0.998563290 0.024473542 1.738985300 0.012280539 0.023913667 -0.999638617 -31.850801468
-0.998698592 0.049972843 -0.010188086 -13.495361328 0.049725343 0.998492301 0.023249485 1.747925997 0.011334569 0.022712626 -0.999677718 -33.276836395
-0.998596489 0.052103050 -0.009516010 -13.509869576 0.051864233 0.998369932 0.023822686 1.757221699 0.010741734 0.023295704 -0.999670923 -34.706058502
-0.998539865 0.053226184 -0.009228014 -13.516124725 0.052983403 0.998287022 0.024813332 1.766949177 0.010532926 0.024288166 -0.999649525 -36.144584656
-0.998437822 0.055141047 -0.009033192 -13.524311066 0.054901190 0.998180270 0.024940331 1.776375771 0.010391991 0.024405437 -0.999648094 -37.566173553
-0.998301208 0.057624284 -0.008605333 -13.539829254 0.057388477 0.998025894 0.025511712 1.787474394 0.010058439 0.024974529 -0.999637425 -38.992927551
-0.998181880 0.059742607 -0.007981394 -13.552926064 0.059509821 0.997868776 0.026768524 1.797589660 0.009563605 0.026244886 -0.999609828 -40.406787872
-0.998060882 0.061793514 -0.007484737 -13.564390182 0.061564039 0.997717023 0.027760413 1.808312774 0.009183063 0.027245792 -0.999586582 -41.826274872
-0.997914493 0.064152308 -0.007154442 -13.577250481 0.063964561 0.997664750 0.023948930 1.817794323 0.008674116 0.023441354 -0.999687552 -43.236038208
-0.997821212 0.065569416 -0.007316458 -13.583433151 0.065415315 0.997665167 0.019619452 1.824784994 0.008585812 0.019098094 -0.999780774 -44.634670258
-0.997781038 0.066207170 -0.007049982 -13.593441963 0.066066146 0.997641027 0.018644402 1.831362724 0.008267744 0.018137259 -0.999801397 -46.034637451
-0.997756720 0.066563003 -0.007131812 -13.593416214 0.066398427 0.997566819 0.021251706 1.825798869 0.008529036 0.020730492 -0.999748707 -47.445274353
-0.997808814 0.065787882 -0.007031487 -13.599058151 0.065618351 0.997599959 0.022101989 1.834892988 0.008468654 0.021592166 -0.999731004 -48.839527130
-0.997842371 0.065280043 -0.007009978 -13.603722572 0.065117233 0.997648716 0.021372097 1.837600589 0.008388669 0.020869516 -0.999746978 -50.260272980
-0.997831821 0.065417826 -0.007223976 -13.607100487 0.065251172 0.997641504 0.021297714 1.847534180 0.008600190 0.020780165 -0.999747097 -51.668773651
-0.997866869 0.064922132 -0.006846206 -13.615377426 0.064757615 0.997658432 0.022002779 1.851639032 0.008258643 0.021512499 -0.999734461 -53.071460724
-0.997844517 0.065178417 -0.007626839 -13.621660233 0.065016620 0.997687221 0.019824682 1.858108521 0.008901342 0.019286076 -0.999774456 -54.474369049
-0.997878492 0.064544290 -0.008514133 -13.625801086 0.064367227 0.997732759 0.019648368 1.859997988 0.009763020 0.019058650 -0.999770701 -55.872852325
-0.997869134 0.064567067 -0.009396179 -13.635462761 0.064366661 0.997720599 0.020262638 1.869688034 0.010683061 0.019614661 -0.999750555 -57.280033112
-0.997814238 0.065262802 -0.010370770 -13.644509315 0.065042242 0.997675002 0.020346081 1.869443059 0.011674500 0.019627066 -0.999739230 -58.678894043
-0.997754931 0.066052139 -0.011052737 -13.660060883 0.065833196 0.997647405 0.019122252 1.875141144 0.012289801 0.018351685 -0.999755979 -60.080856323
-0.997758746 0.065841399 -0.011925903 -13.671546936 0.065604299 0.997659266 0.019288113 1.871333241 0.013167946 0.018462492 -0.999742746 -61.470989227
-0.997801781 0.065047503 -0.012668089 -13.678204536 0.064788081 0.997700274 0.019913213 1.879889488 0.013934261 0.019048696 -0.999721467 -62.889820099
-0.997830629 0.064401463 -0.013658104 -13.690431595 0.064115703 0.997733533 0.020420104 1.884177208 0.014942233 0.019500105 -0.999698222 -64.287216187
-0.997908890 0.063086398 -0.014067855 -13.711318016 0.062784739 0.997807324 0.020942809 1.881924152 0.015358215 0.020015769 -0.999681711 -65.690246582
-0.997925282 0.062775776 -0.014295691 -13.731622696 0.062468965 0.997826338 0.020982550 1.886223674 0.015581814 0.020045983 -0.999677598 -67.093864441
-0.997910023 0.062909245 -0.014760190 -13.749638557 0.062587179 0.997811079 0.021351680 1.888780832 0.016071096 0.020383259 -0.999663055 -68.500267029
-0.997843504 0.063947827 -0.014798905 -13.762943268 0.063648969 0.997774780 0.019854646 1.891080856 0.016035635 0.018869894 -0.999693334 -69.891433716
-0.997844994 0.063918568 -0.014823954 -13.776700974 0.063653819 0.997815192 0.017692093 1.894038677 0.015922420 0.016710367 -0.999733508 -71.282722473
-0.997886062 0.063288689 -0.014760366 -13.788813591 0.063032210 0.997862637 0.017238038 1.893383861 0.015819790 0.016271224 -0.999742448 -72.669738770
-0.997757137 0.065481819 -0.013883385 -13.808853149 0.065221898 0.997700870 0.018413864 1.891071081 0.015057237 0.017467065 -0.999734044 -74.056205750
-0.997671962 0.066966608 -0.012886323 -13.823933601 0.066699699 0.997569978 0.020134198 1.893167615 0.014203326 0.019227808 -0.999714255 -75.448181152
-0.997658908 0.067357637 -0.011816458 -13.839592934 0.067082152 0.997497380 0.022338422 1.893312216 0.013291550 0.021493455 -0.999680579 -76.844970703
-0.997623503 0.068057947 -0.010744538 -13.853017807 0.067811839 0.997459650 0.021813195 1.897847533 0.012201805 0.021032749 -0.999704301 -78.218185425
-0.997661769 0.067593426 -0.010108021 -13.867511749 0.067407116 0.997567475 0.017759526 1.904242992 0.011283861 0.017036647 -0.999791145 -79.581771851
-0.997769833 0.066055827 -0.009589135 -13.879776955 0.065902136 0.997705102 0.015544336 1.900571108 0.010593923 0.014877729 -0.999833167 -80.953582764
-0.997841716 0.064902902 -0.009968466 -13.881274223 0.064726740 0.997756720 0.017080888 1.901418090 0.011054706 0.016398797 -0.999804378 -82.309425354
-0.997829139 0.065169290 -0.009485448 -13.889895439 0.064949922 0.997649610 0.021840813 1.897253275 0.010886502 0.021177322 -0.999716461 -83.685493469
-0.997790515 0.065789677 -0.009255726 -13.894288063 0.065552838 0.997562706 0.023909817 1.909001827 0.010806183 0.023250254 -0.999671221 -85.045982361
-0.997766793 0.066132970 -0.009376053 -13.908627510 0.065890066 0.997533441 0.024201900 1.914681315 0.010953468 0.023530066 -0.999663115 -86.387298584
-0.997771502 0.065994985 -0.009841966 -13.916043282 0.065762691 0.997585893 0.022305878 1.917823195 0.011290281 0.021608928 -0.999702811 -87.722602844
-0.997802317 0.065390319 -0.010716151 -13.926893234 0.065157600 0.997658253 0.020792549 1.921028495 0.012050692 0.020048611 -0.999726355 -89.068428040
-0.997855783 0.064350851 -0.011953607 -13.933913231 0.064110786 0.997752488 0.019484429 1.924753428 0.013180582 0.018676292 -0.999738693 -90.398849487
-0.997906566 0.063410677 -0.012709375 -13.944143295 0.063138820 0.997788846 0.020758471 1.923903942 0.013997582 0.019912560 -0.999703705 -91.747436523
-0.997912943 0.063181154 -0.013337724 -13.958783150 0.062875614 0.997774363 0.022203887 1.929013252 0.014710906 0.021318927 -0.999664485 -93.077903748
-0.997922659 0.062848993 -0.014154371 -13.969844818 0.062539928 0.997814894 0.021311246 1.927222490 0.015462833 0.020381762 -0.999672711 -94.395713806
-0.997895479 0.063109212 -0.014896143 -13.983381271 0.062798142 0.997815669 0.020500919 1.929979444 0.016157404 0.019522322 -0.999678910 -95.718505859
-0.997913241 0.062744476 -0.015235888 -14.003743172 0.062408585 0.997816861 0.021602539 1.938455701 0.016558064 0.020606613 -0.999650538 -97.042228699
-0.997878909 0.063069820 -0.016121199 -14.016826630 0.062692448 0.997769415 0.022930562 1.937165737 0.017531468 0.021871248 -0.999607086 -98.348541260
-0.997893214 0.062564641 -0.017168768 -14.031850815 0.062173225 0.997812688 0.022456391 1.950824499 0.018536193 0.021341646 -0.999600351 -99.664436340
-0.997865438 0.062819771 -0.017840886 -14.062544823 0.062411051 0.997794390 0.022610327 1.945513725 0.019221911 0.021448595 -0.999585152 -100.979927063
-0.997846723 0.062852904 -0.018750543 -14.078945160 0.062428717 0.997797728 0.022410942 1.948781490 0.020117845 0.021192111 -0.999572933 -102.298500061
-0.997853935 0.062616862 -0.019148821 -14.104906082 0.062182572 0.997811258 0.022492103 1.954047680 0.020515297 0.021253107 -0.999563575 -103.590660095
-0.997840226 0.062665768 -0.019695641 -14.129339218 0.062225204 0.997814298 0.022238506 1.961749434 0.021046190 0.020964909 -0.999558628 -104.883140564
-0.997864008 0.062075127 -0.020350620 -14.147750854 0.061628029 0.997858763 0.021907013 1.968013287 0.021666927 0.020606048 -0.999552846 -106.180191040
-0.997837961 0.062213536 -0.021186898 -14.167020798 0.061775271 0.997874379 0.020748040 1.967064619 0.022432674 0.019394357 -0.999560177 -107.474105835
-0.997799754 0.062763549 -0.021365523 -14.191960335 0.062354796 0.997867525 0.019289451 1.970132828 0.022530643 0.017914761 -0.999585629 -108.772895813
-0.997798383 0.062553316 -0.022029836 -14.215660095 0.062105525 0.997859895 0.020456448 1.973362923 0.023262309 0.019043237 -0.999548018 -110.045928955
-0.997780323 0.062889367 -0.021891609 -14.237930298 0.062387608 0.997789443 0.022894751 1.976365328 0.023283049 0.021478174 -0.999498188 -111.329292297
-0.997742236 0.063524149 -0.021794509 -14.269171715 0.063051261 0.997773409 0.021739444 1.979504824 0.023126964 0.020316191 -0.999526024 -112.621086121
-0.997782409 0.062957212 -0.021604076 -14.289662361 0.062502325 0.997821212 0.021122390 1.980786562 0.022886816 0.019725243 -0.999543428 -113.890693665
-0.997732460 0.063676164 -0.021799626 -14.313493729 0.063214451 0.997773647 0.021252148 1.988487720 0.023104349 0.019825909 -0.999536395 -115.174949646
-0.997676373 0.064799160 -0.021046542 -14.342684746 0.064338163 0.997687995 0.021889197 1.990273476 0.022416288 0.020484237 -0.999538779 -116.431945801
-0.997713685 0.064361371 -0.020614039 -14.370629311 0.063886702 0.997694075 0.022912372 1.991102219 0.022041177 0.021543028 -0.999524891 -117.689552307
-0.997705460 0.064541392 -0.020450013 -14.389358521 0.064054072 0.997666121 0.023651060 1.996471405 0.021928757 0.022286886 -0.999511003 -118.957862854
-0.997687936 0.064869836 -0.020265035 -14.412715912 0.064395212 0.997653425 0.023256442 2.000876904 0.021726124 0.021897702 -0.999524117 -120.205558777
-0.997728407 0.064266160 -0.020196890 -14.433498383 0.063792028 0.997691035 0.023303814 2.006469250 0.021647906 0.021962475 -0.999524415 -121.467239380
-0.997689545 0.064771160 -0.020504713 -14.456878662 0.064302072 0.997670770 0.022765221 2.013225079 0.021931484 0.021394122 -0.999530554 -122.693916321
-0.997750342 0.063555539 -0.021329165 -14.467077255 0.063079700 0.997759640 0.022286754 2.019271374 0.022697827 0.020891180 -0.999523997 -123.920326233
-0.997799516 0.062224448 -0.022896565 -14.484091759 0.061701473 0.997832477 0.022879584 2.020064354 0.024270602 0.021416485 -0.999475956 -125.134674072
-0.997796237 0.062044803 -0.023518713 -14.521554947 0.061483033 0.997821927 0.023901179 2.026458502 0.024950434 0.022402506 -0.999437571 -126.373573303
-0.997829556 0.061124921 -0.024492163 -14.548465729 0.060524110 0.997864485 0.024564397 2.028044224 0.025941357 0.023028718 -0.999398112 -127.567642212
-0.997861981 0.059765011 -0.026450731 -14.568596840 0.059141450 0.997966766 0.023760967 2.026207685 0.027817026 0.022145832 -0.999367714 -128.757675171
-0.997800410 0.060269132 -0.027603615 -14.594587326 0.059665591 0.997971714 0.022190703 2.028316736 0.028885042 0.020494908 -0.999372602 -129.941452026
-0.997756958 0.060834944 -0.027932333 -14.630543709 0.060236506 0.997946262 0.021789009 2.034058571 0.029200500 0.020057587 -0.999372303 -131.114929199
-0.997701526 0.061777480 -0.027844418 -14.661970139 0.061118700 0.997843862 0.023920804 2.035089970 0.029262146 0.022164010 -0.999325931 -132.269012451
-0.997678220 0.062366027 -0.027360553 -14.692052841 0.061657395 0.997758090 0.026021790 2.028529882 0.028922088 0.024274396 -0.999286830 -133.434555054
-0.997496068 0.065265574 -0.027236547 -14.723487854 0.064550012 0.997565925 0.026373630 2.038472891 0.028891541 0.024549479 -0.999281049 -134.551300049
-0.997412980 0.066528939 -0.027226584 -14.750061035 0.065825582 0.997493327 0.025963159 2.045314312 0.028885636 0.024103785 -0.999292076 -135.667495728
-0.997488499 0.065425068 -0.027133375 -14.777290344 0.064673923 0.997522056 0.027694764 2.051552773 0.028878074 0.025870387 -0.999248087 -136.751434326
-0.997463882 0.065655641 -0.027477473 -14.811935425 0.064836331 0.997453332 0.029716345 2.059171200 0.029358540 0.027859446 -0.999180555 -137.839675903
-0.997466505 0.064930230 -0.029062491 -14.830347061 0.064083196 0.997517705 0.029185832 2.073097229 0.030885398 0.027249474 -0.999151349 -138.887008667
-0.997515678 0.063221417 -0.031071955 -14.855746269 0.062355541 0.997658670 0.028088367 2.077993393 0.032774992 0.026081078 -0.999122381 -139.906356812
-0.997508347 0.062544018 -0.032640155 -14.883037567 0.061640911 0.997706175 0.027978711 2.084192038 0.034315187 0.025897028 -0.999075472 -140.902008057
-0.997403085 0.063758552 -0.033494066 -14.917554855 0.062807702 0.997612536 0.028713467 2.091331959 0.035244834 0.026535217 -0.999026358 -141.868774414
-0.997288048 0.065189183 -0.034160357 -14.947830200 0.064202979 0.997509301 0.029213266 2.093287230 0.035979658 0.026940849 -0.998989344 -142.820541382
-0.997259200 0.065955088 -0.033526648 -14.977077484 0.064986490 0.997458816 0.029203411 2.098365307 0.035367567 0.026944594 -0.999011099 -143.734512329
-0.997144401 0.068629704 -0.031512700 -15.009776115 0.067739576 0.997295976 0.028496191 2.095036268 0.033383176 0.026280159 -0.999097049 -144.623367310
-0.997090995 0.071969047 -0.025101600 -15.032332420 0.071282499 0.997083843 0.027250499 2.098952770 0.026989598 0.025381923 -0.999313354 -145.464401245
-0.997007012 0.076174095 -0.013205731 -15.049502373 0.075813860 0.996785104 0.025916608 2.098272085 0.015137450 0.024837865 -0.999576867 -146.274490356
-0.996802330 0.079767033 0.004722261 -15.044025421 0.079859912 0.996499538 0.024718679 2.100203037 -0.002733995 0.025016757 -0.999683321 -147.054214478
-0.996392310 0.080348350 0.027321007 -15.015308380 0.081023365 0.996409357 0.024567902 2.098138332 -0.025248922 0.026692910 -0.999324739 -147.801071167
-0.995405853 0.079538964 0.053298745 -14.961238861 0.081034020 0.996358931 0.026499044 2.095526695 -0.050996978 0.030696312 -0.998226941 -148.524276733
-0.993627608 0.077444114 0.081893981 -14.888897896 0.080000259 0.996390164 0.028401457 2.099178076 -0.079398826 0.034772012 -0.996236205 -149.215759277
-0.990624607 0.076557480 0.113145009 -14.798988342 0.080126040 0.996410012 0.027329423 2.091729164 -0.110646546 0.036139060 -0.993202567 -149.867034912
-0.985759079 0.077924564 0.149019524 -14.693340302 0.082262367 0.996341527 0.023160677 2.089571953 -0.146669552 0.035089545 -0.988563120 -150.486770630
-0.978709936 0.079217903 0.189344287 -14.559423447 0.084050454 0.996305883 0.017617559 2.082267523 -0.187249154 0.033156957 -0.981752694 -151.066436768
-0.969128728 0.079835758 0.233271763 -14.398628235 0.085060224 0.996298671 0.012406403 2.078619957 -0.231417850 0.031865556 -0.972332418 -151.627716064
-0.956649721 0.078790016 0.280380607 -14.216957092 0.084643915 0.996372223 0.008810862 2.072317600 -0.278669298 0.032161422 -0.959848464 -152.159851074
-0.940458715 0.079441018 0.330494136 -14.010036469 0.086218327 0.996258914 0.005872892 2.054610014 -0.328791171 0.034017865 -0.943789780 -152.653900146
-0.919957876 0.080077060 0.383751273 -13.779495239 0.087554365 0.996157706 0.002024636 2.038641930 -0.382114619 0.035461683 -0.923434258 -153.134155273
-0.895487309 0.078592867 0.438093185 -13.516025543 0.086389527 0.996259153 -0.002141412 2.022995472 -0.436622679 0.035929058 -0.898926914 -153.578735352
-0.866683066 0.077206157 0.492848575 -13.232070923 0.085503921 0.996321380 -0.005716477 2.005610704 -0.491476893 0.037186105 -0.870096326 -153.997863770
-0.833143234 0.075184867 0.547922790 -12.933319092 0.084118508 0.996416688 -0.008820010 1.986369133 -0.546622455 0.038742114 -0.836482406 -154.390579224
-0.794989765 0.074011043 0.602090955 -12.600784302 0.083401658 0.996439278 -0.012363652 1.966675758 -0.600862086 0.040386405 -0.798331797 -154.773742676
-0.752193391 0.071890213 0.655009031 -12.245193481 0.081802964 0.996529043 -0.015433424 1.943870068 -0.653845072 0.041972764 -0.755463421 -155.117523193
-0.703541636 0.069100097 0.707286596 -11.877395630 0.080152027 0.996626556 -0.017640233 1.923651814 -0.706119537 0.044279817 -0.706706822 -155.432830811
-0.650365829 0.064903043 0.756843388 -11.511047363 0.077023521 0.996842504 -0.019296790 1.900562525 -0.755706072 0.045744766 -0.653311372 -155.708053589
-0.594435990 0.058808323 0.801989675 -11.124114990 0.071010284 0.997264981 -0.020494550 1.876952529 -0.801001489 0.044766814 -0.596986234 -155.955322266
-0.536439002 0.054596525 0.842171311 -10.705329895 0.065855980 0.997570336 -0.022722414 1.855237365 -0.841365695 0.043272823 -0.538731217 -156.164749146
-0.475896746 0.050880596 0.878028154 -10.270229340 0.060902208 0.997835279 -0.024813892 1.815459132 -0.877390087 0.041664999 -0.477965206 -156.349304199
-0.413181543 0.050074752 0.909270883 -9.799365997 0.058826242 0.997869313 -0.028222756 1.800457835 -0.908746660 0.041827872 -0.415246844 -156.508422852
-0.348171949 0.049866710 0.936103463 -9.363952637 0.057342887 0.997847080 -0.031827863 1.771091819 -0.935675204 0.042597309 -0.350281835 -156.629516602
-0.283733070 0.050923113 0.957550228 -8.893764496 0.054345474 0.997837961 -0.036962450 1.747604012 -0.957362115 0.041551057 -0.285887063 -156.685302734
-0.216308326 0.050891098 0.974997878 -8.447038651 0.050497815 0.997887015 -0.040882625 1.725029707 -0.975018322 0.040392008 -0.218421146 -156.742874146
-0.148278445 0.047100175 0.987823427 -7.970105171 0.044249311 0.998180926 -0.040951919 1.698963284 -0.987955153 0.037638225 -0.150092825 -156.753494263
-0.077877790 0.039253645 0.996189892 -7.509354115 0.041647311 0.998480439 -0.036088090 1.674609661 -0.996092677 0.038678166 -0.079394244 -156.751510620
-0.006393641 0.028494928 0.999573469 -7.073341846 0.040465940 0.998782516 -0.028213544 1.649116635 -0.999160409 0.040268291 -0.007538915 -156.735900879
0.065429434 0.016032981 0.997728407 -6.614295006 0.037913498 0.999109030 -0.018541463 1.622171164 -0.997136712 0.039040528 0.064763248 -156.686920166
0.137983978 0.004721340 0.990423203 -6.080373764 0.034988441 0.999341190 -0.009638387 1.605180979 -0.989816248 0.035983302 0.137727886 -156.590988159
0.209066615 -0.004090851 0.977892816 -5.619800568 0.030765850 0.999523818 -0.002396176 1.583872199 -0.977417350 0.030586662 0.209092885 -156.445831299
0.279987037 -0.008723099 0.959964156 -5.165599823 0.030298648 0.999540865 0.000245702 1.570331573 -0.959525526 0.029016823 0.280122787 -156.273986816
0.349987924 -0.012055201 0.936676681 -4.695735931 0.030170944 0.999543488 0.001590976 1.557043314 -0.936268210 0.027703596 0.350191891 -156.064804077
0.416594565 -0.017663827 0.908920765 -4.244274139 0.031965986 0.999477565 0.004772415 1.553423166 -0.908530116 0.027066385 0.416941524 -155.807189941
0.481108427 -0.022700645 0.876367152 -3.793266296 0.032151803 0.999449015 0.008238157 1.565500975 -0.876071453 0.024213329 0.481573224 -155.518234253
0.543568790 -0.027322598 0.838919759 -3.335655212 0.032504119 0.999405622 0.011488754 1.565481544 -0.838735104 0.021023419 0.544133782 -155.182220459
0.602486014 -0.028701060 0.797613204 -2.889396667 0.031612720 0.999427140 0.012084047 1.564137816 -0.797503114 0.017934255 0.603048146 -154.812606812
0.655761421 -0.028430693 0.754432738 -2.495338440 0.030800361 0.999466240 0.010892715 1.551370978 -0.754339635 0.016093776 0.656287074 -154.404342651
0.704361260 -0.028352946 0.709275246 -2.146690369 0.032668121 0.999438047 0.007510263 1.537029505 -0.709089577 0.017880753 0.704891682 -153.984497070
0.750129938 -0.027249992 0.660728753 -1.750839233 0.034270607 0.999409914 0.002310324 1.552603483 -0.660401821 0.020910520 0.750621200 -153.534362793
0.790957212 -0.028092179 0.611226201 -1.386512756 0.035195556 0.999380350 0.000387072 1.554561615 -0.610858381 0.021206293 0.791455865 -153.019836426
0.828409016 -0.028795224 0.559383035 -1.045249939 0.034075178 0.999418736 0.000983761 1.558497310 -0.559086263 0.018246120 0.828908682 -152.455612183
0.863282561 -0.030141693 0.503820121 -0.738616943 0.032843612 0.999454260 0.003516977 1.533596992 -0.503651261 0.013511138 0.863801420 -151.870620728
0.894809842 -0.032850228 0.445237309 -0.483577728 0.034616143 0.999391913 0.004167174 1.524334192 -0.445103467 0.011683564 0.895402849 -151.309005737
0.921399057 -0.032369945 0.387267232 -0.256027222 0.033146303 0.999439538 0.004675913 1.517620325 -0.387201548 0.008528098 0.921955585 -150.671676636
0.942642272 -0.031324886 0.332331777 -0.059886932 0.031458601 0.999492705 0.004979322 1.509062052 -0.332319140 0.005760978 0.943149447 -150.010086060
0.959232748 -0.026752826 0.281347990 0.121070862 0.026970036 0.999631405 0.003100867 1.501666784 -0.281327218 0.004613515 0.959600806 -149.344268799
0.971558094 -0.020899247 0.235877186 0.260005951 0.021304982 0.999772668 0.000828737 1.496635795 -0.235840872 0.004220197 0.971782565 -148.618255615
0.980384767 -0.015978817 0.196444303 0.370565414 0.016386036 0.999865651 -0.000447670 1.494964123 -0.196410716 0.003657833 0.980514824 -147.868148804
0.986994088 -0.016396232 0.159918040 0.490776062 0.016507186 0.999863565 0.000634604 1.485612273 -0.159906626 0.002013445 0.987130105 -147.114944458
0.991868734 -0.016577316 0.126180321 0.578420639 0.016495613 0.999862552 0.001692517 1.480379462 -0.126191020 0.000402668 0.992005944 -146.317459106
0.995260000 -0.015656445 0.095980138 0.646115303 0.015488072 0.999877036 0.002499055 1.478225589 -0.096007459 -0.001000660 0.995380044 -145.488815308
0.997459531 -0.012349508 0.070156775 0.681633949 0.012228584 0.999922931 0.002152846 1.468771100 -0.070177957 -0.001289458 0.997533679 -144.645263672
0.998784423 -0.007548587 0.048711188 0.700510025 0.007498223 0.999971092 0.001216654 1.464015484 -0.048718974 -0.000849932 0.998812199 -143.766555786
0.999456465 -0.002430907 0.032876607 0.716269493 0.002430302 0.999996960 0.000058124 1.459299326 -0.032876655 0.000021815 0.999459386 -142.885177612
0.999717712 0.002248852 0.023652755 0.720100880 -0.002225492 0.999997020 -0.001013896 1.450832248 -0.023654960 0.000960969 0.999719799 -141.974212646
0.999789596 0.005929705 0.019642649 0.726315498 -0.005907625 0.999981821 -0.001182675 1.445515275 -0.019649308 0.001066385 0.999806345 -141.035400391
0.999818385 0.005780000 0.018161053 0.742128134 -0.005770781 0.999983251 -0.000559910 1.439523697 -0.018163985 0.000455009 0.999834895 -140.073928833
0.999836385 0.005207391 0.017319616 0.754114866 -0.005224945 0.999985874 0.000968462 1.429602861 -0.017314326 -0.001058805 0.999849558 -139.106018066
0.999869943 0.004542320 0.015474001 0.768945217 -0.004574595 0.999987483 0.002050860 1.421518326 -0.015464493 -0.002121382 0.999878168 -138.114913940
0.999895155 0.003004977 0.014164957 0.773498535 -0.003022624 0.999994695 0.001224222 1.417984366 -0.014161204 -0.001266909 0.999898911 -137.090698242
0.999924242 0.003626285 0.011765521 0.783151031 -0.003634483 0.999993205 0.000676133 1.414036989 -0.011762991 -0.000718845 0.999930561 -136.057785034
0.999944866 0.003268659 0.009977261 0.786434889 -0.003287971 0.999992788 0.001921037 1.408103585 -0.009970911 -0.001953735 0.999948323 -135.000656128
0.999961555 0.003642554 0.007974477 0.793996692 -0.003678757 0.999982953 0.004529721 1.399708390 -0.007957843 -0.004558876 0.999957860 -133.930816650
0.999980867 0.002332065 0.005715342 0.798647344 -0.002361322 0.999984145 0.005118146 1.397255659 -0.005703315 -0.005131540 0.999970615 -132.841079712
0.999989033 0.001681856 0.004350998 0.798675954 -0.001698956 0.999990821 0.003928700 1.387557745 -0.004344350 -0.003936050 0.999982834 -131.728103638
0.999994218 0.000392185 0.003383301 0.788806796 -0.000401297 0.999996364 0.002692028 1.377887011 -0.003382234 -0.002693374 0.999990702 -130.612609863
0.999998033 0.000478087 0.001918090 0.796999037 -0.000482852 0.999996781 0.002480825 1.377380848 -0.001916896 -0.002481746 0.999995112 -129.442062378
0.999998689 0.001391306 0.000862812 0.799282372 -0.001393023 0.999997020 0.001991969 1.372576475 -0.000860039 -0.001993166 0.999997675 -128.271316528
0.999998093 0.001722991 0.001043379 0.787974119 -0.001723944 0.999998093 0.000914168 1.360554814 -0.001041802 -0.000915964 0.999999166 -127.076858521
0.999997973 0.001622485 0.001240342 0.783018291 -0.001622641 0.999998689 0.000122680 1.354646087 -0.001240141 -0.000124693 0.999999285 -125.875808716
0.999995053 0.002436470 0.001996826 0.779534698 -0.002438539 0.999996483 0.001035982 1.338264585 -0.001994297 -0.001040854 0.999997616 -124.660995483
0.999992788 0.002586480 0.002782228 0.777806938 -0.002590701 0.999995470 0.001513233 1.326714516 -0.002778301 -0.001520431 0.999995053 -123.430404663
0.999984324 0.003196582 0.004600462 0.774446666 -0.003194875 0.999994755 -0.000376386 1.313598037 -0.004601640 0.000361675 0.999989331 -122.185615540
0.999973714 0.003531611 0.006323332 0.773590267 -0.003506616 0.999985993 -0.003959347 1.299535990 -0.006337225 0.003937067 0.999972165 -120.933258057
0.999961197 0.002700936 0.008382755 0.779217601 -0.002646963 0.999975741 -0.006443250 1.286709070 -0.008399955 0.006420814 0.999944091 -119.660827637
0.999958396 0.000577390 0.009107865 0.793751717 -0.000512352 0.999974489 -0.007141701 1.266957879 -0.009111755 0.007136738 0.999933064 -118.391677856
0.999958754 0.000190875 0.009079066 0.798190355 -0.000136880 0.999982238 -0.005947209 1.247402191 -0.009080041 0.005945717 0.999941111 -117.068283081
0.999967277 -0.000868274 0.008040394 0.806611240 0.000919878 0.999978900 -0.006416335 1.228661895 -0.008034655 0.006423519 0.999947071 -115.730644226
0.999977946 -0.000538334 0.006606657 0.804577529 0.000594986 0.999963105 -0.008575432 1.200200796 -0.006601796 0.008579176 0.999941409 -114.388450623
0.999988317 -0.001458231 0.004611704 0.802176535 0.001504694 0.999948084 -0.010087077 1.170355678 -0.004596753 0.010093902 0.999938488 -113.057502747
0.999998569 -0.001392224 0.000975238 0.806378663 0.001401577 0.999952435 -0.009657131 1.151651740 -0.000961746 0.009658486 0.999952912 -111.683532715
0.999997556 -0.001965217 -0.000974438 0.794546783 0.001958085 0.999971628 -0.007267608 1.123538375 0.000988691 0.007265686 0.999973059 -110.336807251
0.999997437 -0.000911965 -0.002064537 0.778118134 0.000896532 0.999971807 -0.007465853 1.090825081 0.002071286 0.007463985 0.999969959 -108.953132629
0.999992430 -0.001744220 -0.003508264 0.770531297 0.001714985 0.999963880 -0.008318255 1.074282646 0.003522644 0.008312173 0.999959230 -107.553535461
0.999984860 -0.002688643 -0.004797384 0.757756710 0.002642426 0.999950230 -0.009615389 1.048639417 0.004822997 0.009602564 0.999942243 -106.148345947
0.999979258 -0.002583884 -0.005891487 0.749761403 0.002520778 0.999939620 -0.010695125 1.021270871 0.005918765 0.010680052 0.999925435 -104.721664429
0.999973416 -0.001103599 -0.007205697 0.735573232 0.001028722 0.999945581 -0.010387173 0.991624653 0.007216769 0.010379485 0.999920070 -103.276664734
0.999975860 -0.001750031 -0.006746438 0.708527207 0.001687787 0.999956191 -0.009221326 0.954575360 0.006762281 0.009209716 0.999934733 -101.813369751
0.999981642 -0.000033187 -0.006076357 0.687385082 -0.000005980 0.999979198 -0.006445577 0.936344683 0.006076447 0.006445492 0.999960721 -100.328414917
0.999983132 -0.000091708 -0.005794588 0.669196129 0.000064580 0.999988973 -0.004681716 0.907502949 0.005794954 0.004681263 0.999972224 -98.833473206
0.999982297 -0.000926077 -0.005868894 0.657674730 0.000918326 0.999998689 -0.001323531 0.883731127 0.005870113 0.001318119 0.999981880 -97.332382202
0.999987900 -0.000411757 -0.004931068 0.638459086 0.000432462 0.999991059 0.004199624 0.871693134 0.004929295 -0.004201706 0.999979019 -95.822601318
0.999989152 0.000242392 -0.004664391 0.626880169 -0.000197539 0.999953866 0.009612965 0.860337973 0.004666502 -0.009611940 0.999942958 -94.311485291
0.999986947 0.001720851 -0.004798526 0.611263216 -0.001660031 0.999918580 0.012649373 0.850874901 0.004819899 -0.012641235 0.999908507 -92.778244019
0.999983370 0.003010470 -0.004917063 0.594761431 -0.002940313 0.999894679 0.014214410 0.845912337 0.004959333 -0.014199707 0.999886870 -91.276618958
0.999986112 0.002353410 -0.004717067 0.578979373 -0.002282466 0.999884963 0.014989306 0.838819981 0.004751805 -0.014978323 0.999876499 -89.763092041
0.999985099 0.002279178 -0.004976674 0.566575706 -0.002213665 0.999911368 0.013130247 0.832877159 0.005006157 -0.013119029 0.999901354 -88.263145447
0.999989629 0.001246867 -0.004387139 0.553592622 -0.001199564 0.999941289 0.010767386 0.824669659 0.004400307 -0.010762012 0.999932408 -86.758872986
0.999994457 0.000375703 -0.003304040 0.537813067 -0.000339571 0.999940217 0.010927953 0.810833752 0.003307952 -0.010926763 0.999934852 -85.252044678
0.999997079 0.000668303 -0.002292063 0.528424621 -0.000638492 0.999915540 0.012983064 0.805425048 0.002300546 -0.012981564 0.999913096 -83.740036011
0.999998331 -0.000912255 -0.001577761 0.519584298 0.000932407 0.999917269 0.012826253 0.795750022 0.001565928 -0.012827702 0.999916494 -82.235893250
0.999999404 -0.000429707 -0.000929655 0.511442423 0.000440003 0.999938250 0.011107910 0.791307390 0.000924824 -0.011108310 0.999937832 -80.730094910
0.999998331 -0.001755573 -0.000332853 0.504134417 0.001759298 0.999931633 0.011553817 0.778783739 0.000312549 -0.011554383 0.999933302 -79.217742920
0.999996603 -0.002599028 0.000138974 0.497928858 0.002596964 0.999908745 0.013257456 0.768777728 -0.000173420 -0.013257051 0.999912083 -77.719337463
0.999995530 -0.002944857 0.000493592 0.496391952 0.002936857 0.999875724 0.015488500 0.760981798 -0.000539144 -0.015486983 0.999879837 -76.213081360
0.999993563 -0.003549611 0.000466625 0.491440594 0.003541082 0.999846578 0.017150812 0.752137423 -0.000527432 -0.017149048 0.999852717 -74.716384888
0.999993443 -0.003647962 0.000081641 0.486220449 0.003646204 0.999867320 0.015874377 0.749173403 -0.000139540 -0.015873967 0.999873936 -73.213088989
0.999994934 -0.003139082 -0.000572560 0.483050495 0.003145411 0.999929845 0.011415217 0.745266378 0.000536688 -0.011416967 0.999934614 -71.720748901
0.999999285 0.000319256 -0.001157704 0.466034472 -0.000308422 0.999956369 0.009344539 0.736569524 0.001160637 -0.009344179 0.999955654 -70.230300903
0.999998748 0.001098084 -0.001135582 0.453352779 -0.001085717 0.999940574 0.010844305 0.721768856 0.001147423 -0.010843059 0.999940515 -68.720542908
0.999996006 0.002309462 -0.001676779 0.443458855 -0.002289286 0.999926150 0.011939993 0.712403178 0.001704229 -0.011936105 0.999927223 -67.229156494
0.999997675 -0.000619026 -0.002069260 0.439969122 0.000639229 0.999951959 0.009780879 0.699538052 0.002063108 -0.009782180 0.999949992 -65.739227295
0.999995053 -0.001302674 -0.002843938 0.430723190 0.001333718 0.999939263 0.010941694 0.690055370 0.002829514 -0.010945433 0.999936044 -64.255462646
0.999989331 -0.002468809 -0.003896737 0.428837717 0.002520914 0.999906719 0.013424962 0.676138759 0.003863230 -0.013434635 0.999902308 -62.749523163
0.999982536 -0.003036582 -0.005062802 0.416720390 0.003095880 0.999926209 0.011745994 0.671433985 0.005026761 -0.011761460 0.999918222 -61.268203735
0.999971151 -0.003986544 -0.006463925 0.403779805 0.004041644 0.999955356 0.008533784 0.654123247 0.006429616 -0.008559662 0.999942720 -59.797916412
0.999957800 -0.004536601 -0.007982504 0.389269829 0.004609867 0.999947190 0.009184020 0.642853379 0.007940418 -0.009220440 0.999925971 -58.322490692
0.999951780 -0.004273346 -0.008836665 0.363923073 0.004396738 0.999892414 0.013991525 0.630218387 0.008775922 -0.014029711 0.999863088 -56.845829010
0.999931991 -0.004936602 -0.010568962 0.353129655 0.005083091 0.999890745 0.013878582 0.623625576 0.010499295 -0.013931365 0.999847829 -55.366893768
0.999931335 -0.003739097 -0.011099104 0.329587668 0.003883292 0.999907970 0.012998037 0.615898371 0.011049484 -0.013040246 0.999853909 -53.909633636
0.999931931 -0.002554820 -0.011378823 0.300358862 0.002700198 0.999914706 0.012779097 0.608863473 0.011345207 -0.012808947 0.999853611 -52.442508698
0.999933422 -0.001961785 -0.011364101 0.273903966 0.002108624 0.999914289 0.012923589 0.597983181 0.011337777 -0.012946700 0.999851882 -50.981830597
0.999931395 -0.002031883 -0.011534586 0.247843534 0.002172607 0.999923289 0.012200352 0.591149509 0.011508912 -0.012224579 0.999859035 -49.520931244
0.999930620 -0.002685716 -0.011471639 0.228507757 0.002820352 0.999927104 0.011737541 0.574960291 0.011439281 -0.011769080 0.999865294 -48.060783386
0.999932706 -0.003236665 -0.011140971 0.209073901 0.003370193 0.999922514 0.011987667 0.565064669 0.011101312 -0.012024409 0.999866009 -46.606868744
0.999935687 -0.004003129 -0.010612454 0.187040418 0.004131141 0.999918580 0.012068240 0.551775336 0.010563280 -0.012111304 0.999870837 -45.146625519
0.999931991 -0.005503374 -0.010285910 0.167787373 0.005632319 0.999905348 0.012549697 0.539206326 0.010215871 -0.012606775 0.999868333 -43.695072174
0.999934494 -0.006514262 -0.009410270 0.149221480 0.006643851 0.999882638 0.013805635 0.529406130 0.009319234 -0.013867253 0.999860346 -42.246597290
0.999944150 -0.006155022 -0.008589786 0.129234552 0.006271070 0.999888539 0.013550279 0.524122238 0.008505426 -0.013603389 0.999871314 -40.809234619
0.999955893 -0.005385691 -0.007697040 0.108596355 0.005479968 0.999909580 0.012280235 0.513923883 0.007630207 -0.012321881 0.999894977 -39.368473053
0.999963641 -0.005057787 -0.006854794 0.094184071 0.005127585 0.999934733 0.010202426 0.503485680 0.006802749 -0.010237210 0.999924481 -37.938224792
0.999976456 -0.003276575 -0.006029401 0.076149464 0.003335166 0.999947071 0.009732059 0.497626483 0.005997198 -0.009751940 0.999934435 -36.504390717
0.999985158 -0.002159677 -0.005004565 0.058569551 0.002220718 0.999922752 0.012224753 0.479544222 0.004977777 -0.012235679 0.999912679 -35.059116364
0.999990225 -0.001249292 -0.004227819 0.045693047 0.001306882 0.999906003 0.013647676 0.472232550 0.004210375 -0.013653061 0.999897957 -33.618808746
0.999995410 -0.000107206 -0.003026979 0.032867722 0.000148712 0.999905944 0.013713033 0.464989483 0.003025226 -0.013713420 0.999901414 -32.187377930
0.999998450 -0.000058667 -0.001760435 0.019737877 0.000079311 0.999931157 0.011730779 0.461499095 0.001759624 -0.011730892 0.999929667 -30.756559372
0.999998510 -0.001713717 -0.000505430 0.015952924 0.001718552 0.999951243 0.009722039 0.442840040 0.000488745 -0.009722885 0.999952614 -29.342390060
0.999998748 -0.001344707 0.000826354 0.009642582 0.001335430 0.999937236 0.011128083 0.432850808 -0.000841267 -0.011126958 0.999937713 -27.915021896
0.999995828 -0.001245234 0.002585758 -0.005107954 0.001213450 0.999924123 0.012259155 0.418958038 -0.002600825 -0.012255967 0.999921441 -26.507064819
