1.000000000 0.000000000 0.000000000 0.000000000 0.000000000 1.000000000 0.000000000 0.000000000 0.000000000 0.000000000 1.000000000 0.000000000
0.999978900 0.000356236 -0.006483169 -0.008000228 -0.000353460 0.999999821 0.000429214 -0.002480439 0.006483321 -0.000426913 0.999978900 0.092252955
0.999907076 0.000960632 -0.013596998 -0.016255792 -0.000958853 0.999999523 0.000137313 -0.001649663 0.013597123 -0.000124262 0.999907553 0.188524663
0.999772549 0.001368404 -0.021282692 -0.026099773 -0.001380587 0.999998868 -0.000557743 -0.002152780 0.021281904 0.000586999 0.999773324 0.285308212
0.999541759 0.001703617 -0.030222265 -0.042940035 -0.001763642 0.999996543 -0.001959562 -0.002141722 0.030218821 0.002011965 0.999541283 0.390484184
0.999125540 0.001925344 -0.041766364 -0.059060201 -0.002070248 0.999992013 -0.003426426 -0.004931468 0.041759431 0.003509897 0.999121547 0.501149535
0.998479664 0.001742920 -0.055094108 -0.084370717 -0.001969060 0.999989867 -0.004050609 -0.007826653 0.055086490 0.004152935 0.998472929 0.626039326
0.997428238 0.001851991 -0.071647964 -0.108770482 -0.002175204 0.999987781 -0.004433359 -0.004099330 0.071638875 0.004577806 0.997420132 0.761308730
0.995905519 0.000207424 -0.090400159 -0.134803697 -0.000587234 0.999991119 -0.004174854 -0.009330030 0.090398490 0.004210846 0.995896757 0.916847110
0.993913174 -0.000752276 -0.110163786 -0.176068455 0.000272836 0.999990404 -0.004367073 -0.012659566 0.110166013 0.004310435 0.993903875 1.075418830
0.991243839 -0.000834899 -0.132042244 -0.218997985 0.000197005 0.999988377 -0.004843972 -0.011614253 0.132044762 0.004775544 0.991232276 1.226640344
0.987722933 0.002762592 -0.156192228 -0.274158329 -0.003784621 0.999973476 -0.006246391 -0.015147280 0.156170860 0.006760831 0.987706900 1.395659208
0.983342528 0.007134144 -0.181621999 -0.340902954 -0.008664235 0.999933362 -0.007632564 -0.021910910 0.181555420 0.009079039 0.983338773 1.570112824
0.977953792 0.010057651 -0.208579093 -0.413861364 -0.012152387 0.999887705 -0.008763819 -0.024749380 0.208467558 0.011105344 0.977966189 1.751437426
0.971264720 0.010807686 -0.237756446 -0.493105739 -0.013334514 0.999870420 -0.009022080 -0.026402643 0.237628102 0.011933194 0.971282840 1.937344790
0.963241100 0.012427433 -0.268350363 -0.582321465 -0.015258147 0.999847710 -0.008465554 -0.031352282 0.268204331 0.012248900 0.963284194 2.130820513
0.953790605 0.014484942 -0.300122648 -0.674827397 -0.017511927 0.999819279 -0.007398270 -0.033632152 0.299961299 0.012312126 0.953871906 2.313601494
0.942513347 0.016292471 -0.333771110 -0.775148213 -0.019530455 0.999789178 -0.006347697 -0.033587426 0.333597273 0.012501489 0.942632735 2.504717588
0.929965675 0.018452210 -0.367183179 -0.877031982 -0.022070851 0.999740362 -0.005658506 -0.038883500 0.366983414 0.013366260 0.930131376 2.682154179
0.916119039 0.021198807 -0.400345355 -0.998435616 -0.025342477 0.999665976 -0.005058127 -0.038536783 0.400104463 0.014779588 0.916350305 2.862193346
0.900073111 0.022057645 -0.435180187 -1.116115928 -0.026594006 0.999636829 -0.004335935 -0.040440887 0.434926540 0.015475841 0.900332928 3.038598537
0.881700695 0.017969267 -0.471466750 -1.238974333 -0.022893298 0.999726832 -0.004710156 -0.044528879 0.471253306 0.014946377 0.881871164 3.212892294
0.860417783 0.013490847 -0.509410679 -1.370285511 -0.018506743 0.999817312 -0.004780330 -0.052311994 0.509253144 0.013540616 0.860510230 3.384162426
0.835363448 0.015007531 -0.549493194 -1.531154633 -0.019022986 0.999817729 -0.001612960 -0.055732727 0.549368799 0.011800410 0.835496604 3.564720631
0.806156099 0.020799069 -0.591337264 -1.706412315 -0.023841340 0.999712229 0.002660478 -0.064166971 0.591222405 0.011953512 0.806419909 3.727659464
0.773675561 0.023939971 -0.633129597 -1.909035921 -0.027295657 0.999617517 0.004442741 -0.065980926 0.632993817 0.013844450 0.774033070 3.900145054
0.737732410 0.022741338 -0.674710095 -2.122337103 -0.026078716 0.999646485 0.005178794 -0.066765472 0.674589396 0.013775012 0.738064647 4.071064472
0.697653532 0.018430984 -0.716198206 -2.339725494 -0.020125518 0.999778748 0.006124376 -0.064248145 0.716152549 0.010141164 0.697870076 4.239454746
0.654727280 0.014730117 -0.755721629 -2.578016758 -0.014704976 0.999869108 0.006749093 -0.062815547 0.755722165 0.006694055 0.654858291 4.402765274
0.610633254 0.014116300 -0.791787684 -2.840462446 -0.011899426 0.999891818 0.008649524 -0.061950147 0.791824102 0.004140132 0.610735178 4.541862965
0.562196493 0.014718129 -0.826872706 -3.119268417 -0.009377490 0.999890804 0.011421988 -0.059713971 0.826950610 0.001332588 0.562273145 4.683090210
0.511144936 0.015408906 -0.859356403 -3.414810181 -0.007681038 0.999881208 0.013359942 -0.055772826 0.859460235 -0.000228117 0.511202574 4.807374001
0.458509386 0.016493324 -0.888536513 -3.721273899 -0.007185009 0.999863863 0.014852157 -0.045567408 0.888660669 -0.000425711 0.458565414 4.912459373
0.403775930 0.018654596 -0.914667666 -4.055157661 -0.005682037 0.999823987 0.017883042 -0.043684646 0.914840281 -0.002023566 0.403810889 5.010520935
0.348266959 0.020510972 -0.937170923 -4.408066273 -0.005534731 0.999788105 0.019824620 -0.035507701 0.937379122 -0.001717272 0.348306656 5.094048500
0.292939901 0.023885356 -0.955832422 -4.777044773 -0.002960083 0.999705732 0.024074513 -0.034866795 0.956126332 -0.004223042 0.292924404 5.165838718
0.239315137 0.025440330 -0.970608532 -5.134569168 0.002049358 0.999641180 0.026706584 -0.033802703 0.970939755 -0.008380415 0.239177123 5.223457813
0.188448787 0.025821231 -0.981743574 -5.524475574 0.004253271 0.999623477 0.027107930 -0.027997270 0.982073784 -0.009284076 0.188267991 5.257169247
0.140695333 0.026992222 -0.989684880 -5.940595627 0.001804333 0.999619722 0.027519686 -0.022493497 0.990051210 -0.005657613 0.140593112 5.278999329
0.098304465 0.027298575 -0.994781911 -6.373114586 0.000490826 0.999622285 0.027479904 -0.011317566 0.995156229 -0.003189662 0.098253950 5.281853199
0.060543284 0.025895068 -0.997829676 -6.807953358 -0.001349297 0.999664664 0.025860820 -0.005286500 0.998164594 -0.000219331 0.060557932 5.266405106
0.026078278 0.023071639 -0.999393642 -7.275072098 0.000353980 0.999733269 0.023088722 0.002356350 0.999659836 -0.000955880 0.026063157 5.264416695
-0.004966592 0.020462727 -0.999778271 -7.750706673 0.000687719 0.999790430 0.020459561 0.006438196 0.999987423 -0.000585953 -0.004979623 5.233436584
-0.031860188 0.018509794 -0.999320984 -8.245536804 0.000165390 0.999828577 0.018513924 0.014478490 0.999492228 0.000424579 -0.031857777 5.197572708
-0.052255873 0.016139349 -0.998503387 -8.748746872 -0.000716741 0.999868572 0.016198926 0.023330182 0.998633564 0.001562157 -0.052237436 5.147679329
-0.069061130 0.015218903 -0.997496367 -9.267111778 0.000234529 0.999883771 0.015239093 0.034376889 0.997612417 0.000818488 -0.069056697 5.109279156
-0.082083665 0.015464568 -0.996505499 -9.804690361 0.000454438 0.999880075 0.015479503 0.043617278 0.996625304 0.000817764 -0.082080856 5.053805828
-0.091664344 0.016939264 -0.995645940 -10.361076355 0.000595858 0.999856114 0.016956033 0.045954995 0.995789707 0.000961000 -0.091661245 4.994058609
-0.098564573 0.018118845 -0.994965672 -10.936159134 -0.001157172 0.999831438 0.018322088 0.044831172 0.995130002 0.002957255 -0.098527014 4.928323269
-0.102966711 0.019160189 -0.994500220 -11.528299332 -0.001079459 0.999811709 0.019374283 0.051072717 0.994684279 0.003068428 -0.102926649 4.859598160
-0.104311861 0.019879298 -0.994346023 -12.133361816 0.001143045 0.999801993 0.019868467 0.062042594 0.994544089 0.000935934 -0.104313925 4.792628765
-0.103540294 0.022016721 -0.994381547 -12.753340721 0.003017785 0.999757349 0.021821523 0.067939743 0.994620681 -0.000741423 -0.103581615 4.736690521
-0.101992980 0.024433490 -0.994485021 -13.390276909 0.002404243 0.999701440 0.024315078 0.074326187 0.994782150 0.000088984 -0.102021284 4.669253826
-0.100359239 0.024539972 -0.994648576 -14.041199684 0.000102176 0.999696076 0.024654193 0.078454047 0.994951248 0.002372647 -0.100331247 4.598906040
-0.098609485 0.022012137 -0.994882703 -14.700254440 -0.001115507 0.999752223 0.022230443 0.089310974 0.995125592 0.003301931 -0.098560497 4.527406216
-0.097316466 0.021774786 -0.995015383 -15.410984039 -0.002319588 0.999752879 0.022105329 0.100194499 0.995250762 0.004459239 -0.097241916 4.449764252
-0.095627531 0.024460943 -0.995116591 -16.112884521 -0.001703737 0.999692619 0.024737146 0.116076142 0.995415747 0.004060969 -0.095556453 4.382328033
-0.093565978 0.028084813 -0.995216906 -16.830551147 -0.002995137 0.999589622 0.028489793 0.123519063 0.995608509 0.005646487 -0.093443468 4.308616638
-0.091939740 0.030073324 -0.995310366 -17.564308167 -0.003282029 0.999529302 0.030503964 0.132448673 0.995759070 0.006071164 -0.091797762 4.238669395
-0.090114065 0.029476654 -0.995495141 -18.288133621 -0.005563930 0.999531269 0.030099824 0.145731062 0.995915890 0.008251281 -0.089907810 4.171844482
-0.088462181 0.026221450 -0.995734334 -19.046884537 -0.008031110 0.999602139 0.027036799 0.162739545 0.996047199 0.010388585 -0.088216409 4.096936226
-0.086797372 0.025772125 -0.995892644 -19.819368362 -0.009111105 0.999602914 0.026662230 0.178383142 0.996184349 0.011387892 -0.086528108 4.022146225
-0.085513398 0.027889933 -0.995946586 -20.586683273 -0.006713276 0.999569237 0.028567791 0.193806678 0.996314406 0.009128992 -0.085289337 3.959164143
-0.084220864 0.030452309 -0.995981693 -21.374588013 -0.003926534 0.999514997 0.030892374 0.197026014 0.996439338 0.006512539 -0.084060431 3.891040802
-0.082853377 0.031966235 -0.996048927 -22.170219421 -0.003379869 0.999470592 0.032357190 0.213489681 0.996555984 0.006047416 -0.082701497 3.824219465
-0.082104340 0.027242050 -0.996251285 -22.974523544 -0.003295407 0.999613464 0.027605576 0.226123989 0.996618330 0.005549592 -0.081982836 3.751782894
-0.081921071 0.020412762 -0.996429861 -23.777910233 -0.001971542 0.999785006 0.020643588 0.231785834 0.996636927 0.003655648 -0.081863210 3.686118126
-0.082056157 0.015739324 -0.996503413 -24.596294403 0.001137724 0.999876142 0.015698908 0.244251460 0.996627152 0.000154446 -0.082063898 3.618036747
-0.082479097 0.016807172 -0.996451080 -25.421512604 0.001946496 0.999858618 0.016703535 0.248251662 0.996590912 -0.000561896 -0.082500152 3.548493147
-0.082471989 0.024341218 -0.996296108 -26.263153076 0.001574384 0.999703646 0.024294145 0.253699958 0.996592224 0.000435035 -0.082485884 3.469891310
-0.083058402 0.031415462 -0.996049464 -27.103281021 0.000294443 0.999503732 0.031499863 0.265444338 0.996544659 0.002323049 -0.083026432 3.402218342
-0.083423682 0.036817208 -0.995833814 -27.942119598 -0.001695950 0.999310613 0.037087820 0.276673198 0.996512711 0.004782887 -0.083303727 3.325724363
-0.083573826 0.037058495 -0.995812297 -28.791437149 -0.003771427 0.999289334 0.037504420 0.285523415 0.996494412 0.006890020 -0.083374664 3.241014004
-0.083909810 0.033495948 -0.995910227 -29.630861282 -0.003690362 0.999417543 0.033924844 0.301714480 0.996466458 0.006521897 -0.083737336 3.165596724
-0.084249243 0.030601364 -0.995974720 -30.466583252 -0.003522239 0.999512851 0.031008027 0.319551229 0.996438563 0.006120463 -0.084100433 3.090103388
-0.084307067 0.031682704 -0.995936036 -31.299148560 -0.005052046 0.999467969 0.032222729 0.335852504 0.996427000 0.007748118 -0.084102161 3.011689901
-0.083992451 0.034418076 -0.995871782 -32.139308929 -0.006518056 0.999362886 0.035088480 0.340180039 0.996445060 0.009438314 -0.083714589 2.932647467
-0.083998270 0.032862578 -0.995923877 -32.971107483 -0.006930311 0.999412596 0.033562209 0.353367150 0.996441841 0.009721229 -0.083721168 2.859245300
-0.083658375 0.027617645 -0.996111691 -33.807659149 -0.007763619 0.999567568 0.028365480 0.366258562 0.996464193 0.010106442 -0.083407767 2.779541492
-0.083452828 0.023443382 -0.996235967 -34.632095337 -0.009578635 0.999658167 0.024326295 0.374411881 0.996465743 0.011572679 -0.083199747 2.706219196
-0.082915336 0.024142342 -0.996264100 -35.466949463 -0.008522904 0.999652803 0.024933787 0.387574762 0.996520162 0.010558457 -0.082680792 2.631043911
-0.082234025 0.026733935 -0.996254563 -36.290664673 -0.008060664 0.999589622 0.027488790 0.388528585 0.996580422 0.010290988 -0.081984796 2.557629585
-0.081885293 0.031512372 -0.996143460 -37.133804321 -0.007160166 0.999455631 0.032205734 0.406239152 0.996616066 0.009769729 -0.081615090 2.487231731
-0.080981947 0.037034150 -0.996027291 -37.972389221 -0.006903149 0.999264657 0.037715785 0.420213103 0.996691644 0.009930022 -0.080666736 2.412635803
-0.080932476 0.040272377 -0.995905638 -38.825889587 -0.007610925 0.999129295 0.041021243 0.433715105 0.996690512 0.010899715 -0.080555499 2.329765320
-0.080852099 0.040545989 -0.995901108 -39.628036499 -0.006902881 0.999125481 0.041237671 0.445120096 0.996702194 0.010208739 -0.080501512 2.270627022
-0.081108361 0.036109857 -0.996051073 -40.449375153 -0.006458917 0.999303460 0.036753725 0.466644168 0.996684372 0.009414445 -0.080818631 2.205120802
-0.080469050 0.031895179 -0.996246755 -41.264423370 -0.007582874 0.999439478 0.032609876 0.478573143 0.996728241 0.010178500 -0.080182090 2.128941059
-0.080287024 0.029297091 -0.996341169 -42.070323944 -0.011706492 0.999471366 0.030332465 0.486990929 0.996703029 0.014098963 -0.079901606 2.054250479
-0.080655232 0.027574183 -0.996360600 -42.912391663 -0.015556321 0.999460876 0.028919261 0.499775052 0.996620655 0.017832194 -0.080182791 1.969152451
-0.081352994 0.025481991 -0.996359527 -43.715034485 -0.013107377 0.999559343 0.026634049 0.509605110 0.996599138 0.015226418 -0.080983140 1.901163340
-0.082587786 0.021732267 -0.996346831 -44.541290283 -0.009289583 0.999701917 0.022575466 0.515768588 0.996540487 0.011120103 -0.082361303 1.843039036
-0.083255164 0.020099785 -0.996325612 -45.369720459 -0.004677398 0.999777675 0.020560281 0.526699781 0.996517241 0.006371960 -0.083142638 1.771421671
-0.085143045 0.023758845 -0.996085405 -46.188964844 -0.004725609 0.999694765 0.024248870 0.530114770 0.996357501 0.006771733 -0.085004769 1.696426630
-0.086463250 0.030272514 -0.995795012 -46.998542786 -0.002591007 0.999528050 0.030610971 0.530171931 0.996251702 0.005226836 -0.086344011 1.619750977
-0.088635892 0.034067202 -0.995481312 -47.822376251 -0.000154673 0.999414563 0.034215569 0.538260698 0.996063948 0.003186702 -0.088578708 1.547069550
-0.090175740 0.033118550 -0.995375037 -48.613029480 -0.001241046 0.999442399 0.033366311 0.545629621 0.995925188 0.004244138 -0.090084352 1.479243279
-0.090857849 0.029183347 -0.995436251 -49.411888123 -0.004532249 0.999548018 0.029717574 0.555212319 0.995853543 0.007211639 -0.090684541 1.391693115
-0.092065081 0.025674280 -0.995421886 -50.202327728 -0.009258057 0.999602258 0.026638363 0.561699569 0.995709956 0.011668137 -0.091790743 1.304593563
-0.093652092 0.024392076 -0.995306134 -50.990043640 -0.013309184 0.999579728 0.025749121 0.569274664 0.995515943 0.015658172 -0.093288101 1.219917297
-0.094575703 0.025297998 -0.995196104 -51.783691406 -0.015283883 0.999522328 0.026860433 0.575827718 0.995400369 0.017750807 -0.094143890 1.136031628
-0.095613956 0.026933998 -0.995053947 -52.571121216 -0.015221770 0.999477506 0.028516378 0.582927346 0.995302141 0.017873049 -0.095154010 1.056928635
-0.096460693 0.026302265 -0.994989216 -53.353507996 -0.016932594 0.999462783 0.028062072 0.590018213 0.995192766 0.019554634 -0.095963493 0.972219467
-0.097113848 0.026114678 -0.994930625 -54.130779266 -0.017704908 0.999452233 0.027961506 0.597579181 0.995115876 0.020330604 -0.096598290 0.890260696
-0.097630091 0.028010812 -0.994828522 -54.907608032 -0.016089026 0.999428809 0.029719273 0.605183959 0.995092809 0.018907314 -0.097123645 0.813240528
-0.097850069 0.030854868 -0.994722724 -55.674102783 -0.015385209 0.999352932 0.032511920 0.616810322 0.995082259 0.018485311 -0.097312056 0.738782406
-0.098132402 0.035131056 -0.994553030 -56.456581116 -0.015162146 0.999207914 0.036791522 0.624945045 0.995057881 0.018689999 -0.097521991 0.654449940
-0.098743632 0.037209973 -0.994417012 -57.218769073 -0.015305717 0.999125540 0.038905986 0.638342619 0.994995236 0.019061979 -0.098087750 0.577814102
-0.099450015 0.037163444 -0.994348288 -57.972515106 -0.014958552 0.999133527 0.038838372 0.649650455 0.994930208 0.018736485 -0.098807916 0.500323772
-0.099678561 0.035345174 -0.994391680 -58.713546753 -0.014564278 0.999210000 0.036976367 0.657048106 0.994913042 0.018168351 -0.099085040 0.423257828
-0.099758334 0.031490289 -0.994513273 -59.441436768 -0.013927500 0.999356925 0.033040714 0.673382163 0.994914174 0.017147169 -0.099255614 0.347182751
-0.099605523 0.028482033 -0.994619310 -60.182231903 -0.014247665 0.999446929 0.030047106 0.686200261 0.994925022 0.017163860 -0.099144615 0.265292645
-0.098458767 0.026324546 -0.994792938 -60.888252258 -0.014957419 0.999498010 0.027929453 0.693404794 0.995028734 0.017629433 -0.098015599 0.193404198
-0.096104458 0.025488898 -0.995044887 -61.580974579 -0.017623372 0.999471784 0.027304418 0.697301507 0.995215297 0.020160122 -0.095604494 0.119600773
-0.091540657 0.026349090 -0.995452702 -62.278205872 -0.017499020 0.999452889 0.028064162 0.702715993 0.995647550 0.019988460 -0.091029495 0.044857979
-0.086004265 0.028117636 -0.995897889 -62.929958344 -0.017142225 0.999411941 0.029697228 0.705554843 0.996147335 0.019625995 -0.085471682 -0.007172585
-0.078980148 0.029766662 -0.996431589 -63.578784943 -0.016071998 0.999386132 0.031128829 0.709327698 0.996746600 0.018473202 -0.078453235 -0.052668095
-0.070070185 0.030922122 -0.997062624 -64.215583801 -0.017313594 0.999331176 0.032209214 0.715137482 0.997391701 0.019519640 -0.069487944 -0.098819733
-0.058242999 0.032886583 -0.997760534 -64.839050293 -0.019320186 0.999232948 0.034062900 0.721002579 0.998115480 0.021260845 -0.057562962 -0.138255596
-0.043372545 0.034353323 -0.998468101 -65.444610596 -0.022385942 0.999124229 0.035348322 0.728487134 0.998808146 0.023884796 -0.042565539 -0.167048216
-0.025101768 0.035379160 -0.999058664 -66.023834229 -0.023908995 0.999066472 0.035980161 0.739971280 0.999399066 0.024789648 -0.024232451 -0.172129750
-0.002727881 0.036477651 -0.999330699 -66.596466064 -0.025151312 0.999015868 0.036534812 0.745932817 0.999679983 0.025234142 -0.001807736 -0.167283133
0.022875978 0.036948424 -0.999055326 -67.140991211 -0.024320018 0.999041736 0.036391050 0.750030279 0.999442577 0.023464564 0.023752637 -0.140342474
0.051843114 0.036049027 -0.998004377 -67.655128479 -0.022663951 0.999133408 0.034912486 0.763307333 0.998398066 0.020808754 0.052615188 -0.085155964
0.085966207 0.035789467 -0.995655060 -68.160003662 -0.021422526 0.999189913 0.034066889 0.770671010 0.996067643 0.018400846 0.086663261 -0.018082142
0.122889876 0.035659518 -0.991779506 -68.628967285 -0.021508226 0.999215186 0.033261821 0.784757376 0.992187262 0.017243871 0.123560399 0.078474045
0.164355099 0.036354717 -0.985731065 -69.048088074 -0.021209680 0.999219775 0.033315811 0.772379398 0.986173153 0.015431419 0.164997935 0.150638580
0.209746256 0.037235335 -0.977046609 -69.503662109 -0.020440608 0.999223173 0.033692427 0.780483723 0.977542222 0.012904567 0.210344434 0.270966530
0.258445233 0.035910849 -0.965358198 -69.937080383 -0.017274460 0.999320805 0.032549519 0.783378601 0.965871394 0.008263773 0.258890063 0.418430328
0.307771891 0.030957038 -0.950956404 -70.338920593 -0.009428884 0.999520719 0.029486362 0.781003714 0.951413512 -0.000108616 0.307916284 0.603950500
0.359282434 0.025903225 -0.932869256 -70.734687805 -0.004330366 0.999650240 0.026089758 0.780745208 0.933218777 -0.005333929 0.359268963 0.792051315
0.411148190 0.021562528 -0.911313415 -71.094963074 0.000657699 0.999712944 0.023950864 0.779453278 0.911568284 -0.010446726 0.411015987 1.004566193
0.462058008 0.020479165 -0.886613131 -71.458763123 0.000972452 0.999720991 0.023598544 0.791449487 0.886849165 -0.011766084 0.461909175 1.233224869
0.510636151 0.019196374 -0.859582484 -71.829963684 0.002147866 0.999719083 0.023601875 0.801276505 0.859794199 -0.013898239 0.510451555 1.488727570
0.555991232 0.015053059 -0.831051886 -72.181900024 0.009920334 0.999644578 0.024743734 0.804033756 0.831129014 -0.022001609 0.555644274 1.770534515
0.599402487 0.007980642 -0.800407946 -72.504974365 0.020840593 0.999455690 0.025572212 0.810719609 0.800176322 -0.032009020 0.598909974 2.085006714
0.641721725 0.003393771 -0.766929984 -72.813346863 0.021725943 0.999508440 0.022601945 0.810993612 0.766629755 -0.031166434 0.641332626 2.397922516
0.682947338 -0.000544709 -0.730467379 -73.082229614 0.018490147 0.999692202 0.016541814 0.799393117 0.730233550 -0.024803631 0.682747185 2.693706512
0.723607898 -0.007799982 -0.690167129 -73.365264893 0.015525573 0.999867022 0.004977755 0.806918621 0.690036595 -0.014317185 0.723632932 3.033561707
0.762857795 -0.010241551 -0.646485269 -73.639610291 0.010635682 0.999938011 -0.003290728 0.809690714 0.646478891 -0.004365453 0.762919486 3.404285431
0.800047278 -0.011056660 -0.599835098 -73.897026062 0.008910445 0.999938905 -0.006547140 0.810773194 0.599870741 -0.000106771 0.800096929 3.797451019
0.834148407 -0.011374283 -0.551422715 -74.139663696 0.008695597 0.999934256 -0.007471796 0.795126259 0.551471472 0.001437638 0.834192514 4.218658447
0.864846349 -0.010161116 -0.501933634 -74.363731384 0.005925054 0.999932110 -0.010033521 0.792906582 0.502001524 0.005703470 0.864847898 4.666395187
0.890867949 -0.008700562 -0.454178929 -74.575302124 0.005426443 0.999949038 -0.008511784 0.780063868 0.454229772 0.005118300 0.890869796 5.141870499
0.911961317 -0.003043636 -0.410264790 -74.766403198 0.000006204 0.999972522 -0.007404720 0.770178676 0.410276026 0.006750274 0.911936343 5.635631561
0.929742098 0.002356747 -0.368203849 -74.966072083 -0.006094774 0.999940991 -0.008989478 0.760666728 0.368160963 0.010602016 0.929701626 6.144361496
0.943274498 0.007095960 -0.331937909 -75.138412476 -0.010240040 0.999917686 -0.007723706 0.755820096 0.331855834 0.010684634 0.943269610 6.683212280
0.953406692 0.007930359 -0.301583946 -75.304344177 -0.010173498 0.999930978 -0.005867913 0.745420694 0.301516652 0.008662671 0.953421652 7.239952087
0.960635722 0.007486631 -0.277710229 -75.447319031 -0.009038393 0.999949813 -0.004307901 0.732528090 0.277664095 0.006648378 0.960655212 7.815488815
0.966684580 0.007958369 -0.255846769 -75.621032715 -0.008966857 0.999955952 -0.002775512 0.732149124 0.255813420 0.004977186 0.966713369 8.424688339
0.971319556 0.010206304 -0.237558708 -75.765937805 -0.010555999 0.999944329 -0.000200013 0.725657523 0.237543434 0.002701947 0.971373200 9.038694382
0.974895418 0.015345083 -0.222133905 -75.911087036 -0.015434456 0.999879956 0.001333711 0.719031215 0.222127751 0.002128287 0.975015163 9.669817924
0.977769673 0.018882569 -0.208829701 -76.048049927 -0.018737134 0.999820948 0.002674839 0.711263537 0.208842844 0.001297493 0.977948368 10.311230659
0.980516136 0.017178224 -0.195685938 -76.175086975 -0.017052775 0.999851882 0.002325965 0.707121015 0.195696935 0.001056343 0.980663836 10.969997406
0.983164072 0.017588185 -0.181876332 -76.310119629 -0.017513931 0.999844611 0.002014466 0.699875116 0.181883529 0.001204819 0.983319342 11.670002937
0.985725462 0.018057408 -0.167389438 -76.422897339 -0.017871151 0.999836862 0.002619133 0.696532488 0.167409420 0.000409695 0.985887408 12.368564606
0.987965226 0.019498724 -0.153442055 -76.533134460 -0.019283826 0.999809921 0.002888821 0.694122732 0.153469205 0.000104896 0.988153458 13.082222939
0.989886284 0.020303831 -0.140402049 -76.638717651 -0.020434868 0.999791086 0.000508472 0.676104367 0.140383020 0.002365768 0.990094364 13.799283981
0.991329134 0.020513965 -0.129790843 -76.728981018 -0.021297162 0.999762475 -0.004649085 0.662770569 0.129664645 0.007372949 0.991530418 14.540634155
0.992530942 0.019312644 -0.120454751 -76.812973022 -0.020798927 0.999722064 -0.011093809 0.650667548 0.120207034 0.013516279 0.992656767 15.289652824
0.993501604 0.019141080 -0.112197340 -76.897994995 -0.020551808 0.999723375 -0.011430450 0.644092083 0.111947536 0.013662028 0.993620217 16.049461365
0.994212627 0.020960405 -0.105365328 -76.982635498 -0.021612750 0.999753654 -0.005053177 0.626239777 0.105233446 0.007301166 0.994420767 16.815090179
0.994648278 0.025694389 -0.100072756 -77.075233459 -0.025515426 0.999669671 0.003068053 0.609907985 0.100118525 -0.000498233 0.994975388 17.597591400
0.995078027 0.025905818 -0.095648646 -77.160034180 -0.025357986 0.999654233 0.006938851 0.601837397 0.095795348 -0.004479241 0.995390952 18.370668411
0.995369971 0.025344167 -0.092716180 -77.227485657 -0.024909601 0.999672651 0.005841486 0.586296737 0.092833877 -0.003504916 0.995675445 19.142526627
0.995680809 0.025096830 -0.089385539 -77.301544189 -0.024754925 0.999681413 0.004931775 0.577435493 0.089480840 -0.002697742 0.995984852 19.907722473
0.995964885 0.023715178 -0.086553976 -77.367721558 -0.023170941 0.999704957 0.007287262 0.568696618 0.086701259 -0.005252320 0.996220529 20.677253723
0.996223807 0.021327393 -0.084162623 -77.440185547 -0.020602809 0.999742866 0.009468624 0.563945532 0.084342912 -0.007698882 0.996407092 21.462293625
0.996519029 0.019046102 -0.081160523 -77.502593994 -0.018190475 0.999771059 0.011268882 0.554985762 0.081356578 -0.009753305 0.996637344 22.223236084
0.996770680 0.018429702 -0.078156911 -77.566406250 -0.017899921 0.999811828 0.007473662 0.547544420 0.078279935 -0.006050527 0.996913075 22.981378555
0.996815443 0.021533124 -0.076780714 -77.624748230 -0.021543801 0.999767661 0.000689276 0.531329632 0.076777741 0.000967065 0.997047722 23.728542328
0.996945024 0.022544863 -0.074781224 -77.691192627 -0.023141336 0.999706805 -0.007119297 0.518684804 0.074598804 0.008828086 0.997174501 24.477386475
0.997008681 0.023440823 -0.073649585 -77.749450684 -0.024324799 0.999642193 -0.011128414 0.501743078 0.073362358 0.012886635 0.997222066 25.230823517
0.997136474 0.024877375 -0.071412757 -77.810508728 -0.025641317 0.999623179 -0.009800661 0.486560464 0.071142040 0.011603715 0.997398674 25.988838196
0.997218609 0.028401418 -0.068908572 -77.877502441 -0.028846145 0.999568880 -0.005467210 0.461803555 0.068723597 0.007439751 0.997607946 26.758144379
0.997296453 0.031377289 -0.066449419 -77.936981201 -0.031458147 0.999505043 -0.000170523 0.443845749 0.066411197 0.002260438 0.997789741 27.500984192
0.997531295 0.029168094 -0.063880257 -77.988784790 -0.029130042 0.999574482 0.001527251 0.432222009 0.063897632 0.000337354 0.997956395 28.261409760
0.997690380 0.026374584 -0.062596850 -78.041191101 -0.026334293 0.999652088 0.001468766 0.418097019 0.062613823 0.000183070 0.998037875 29.023921967
0.997810721 0.024419371 -0.061461408 -78.088768005 -0.024370044 0.999701798 0.001552070 0.402308941 0.061480992 -0.000050855 0.998108268 29.776844025
0.997869611 0.024408631 -0.060501724 -78.135620117 -0.024465604 0.999700606 -0.000200919 0.389556676 0.060478710 0.001680702 0.998168051 30.522500992
0.997965574 0.022098128 -0.059801824 -78.180480957 -0.022233535 0.999751508 -0.001599741 0.380073547 0.059751615 0.002926092 0.998208940 31.279083252
0.998023689 0.020806866 -0.059294309 -78.225669861 -0.020931505 0.999779820 -0.001481627 0.367722690 0.059250429 0.002719818 0.998239338 32.036613464
0.997991681 0.024926201 -0.058232822 -78.286537170 -0.025003435 0.999687195 -0.000597993 0.356346399 0.058199693 0.002052813 0.998302817 32.817520142
0.997997582 0.024540735 -0.058299359 -78.328536987 -0.024662646 0.999694824 -0.001372394 0.344908893 0.058247890 0.002807461 0.998298228 33.583507538
0.997906089 0.023859270 -0.060118098 -78.374755859 -0.023981024 0.999711633 -0.001304511 0.331302464 0.060069628 0.002743473 0.998190463 34.358840942
0.997859716 0.021661624 -0.061698314 -78.432601929 -0.021748440 0.999763250 -0.000735878 0.318657935 0.061667763 0.002076145 0.998094618 35.146224976
0.997629344 0.023278039 -0.064759202 -78.496429443 -0.023380205 0.999726295 -0.000820196 0.307431102 0.064722389 0.002332335 0.997900546 35.949733734
0.997324347 0.027280550 -0.067822680 -78.551139832 -0.027393444 0.999624372 -0.000734932 0.287526190 0.067777142 0.002590862 0.997697115 36.726409912
0.997133911 0.027551955 -0.070461757 -78.617797852 -0.028020609 0.999591172 -0.005671293 0.274509698 0.070276700 0.007629422 0.997498393 37.521713257
0.996957719 0.028043600 -0.072725005 -78.690093994 -0.028789779 0.999542832 -0.009232150 0.264933884 0.072432861 0.011297800 0.997309268 38.315536499
0.996822476 0.027830029 -0.074634828 -78.759483337 -0.028725009 0.999527395 -0.010944701 0.251815349 0.074294962 0.013053812 0.997150898 39.106685638
0.996660829 0.028324997 -0.076582327 -78.829872131 -0.029126599 0.999531806 -0.009370372 0.231612533 0.076281056 0.011569665 0.997019172 39.931083679
0.996518552 0.026762258 -0.078958593 -78.895088196 -0.027541632 0.999581993 -0.008797975 0.215015680 0.078690141 0.010941995 0.996839046 40.756031036
0.996384501 0.026294362 -0.080786824 -78.962951660 -0.026926573 0.999614596 -0.006746001 0.195913017 0.080578312 0.008896923 0.996708572 41.582256317
0.996332705 0.025791956 -0.081582762 -79.040550232 -0.026148127 0.999652565 -0.003300229 0.186179593 0.081469312 0.005421364 0.996661127 42.406162262
0.996239543 0.025568534 -0.082783058 -79.112274170 -0.025542485 0.999672711 0.001373922 0.171379358 0.082791083 0.000745729 0.996566653 43.279338837
0.996308029 0.025363518 -0.082018003 -79.185699463 -0.025146352 0.999676883 0.003679844 0.157056302 0.082084857 -0.001603805 0.996624053 44.129932404
0.996398866 0.028591126 -0.079824440 -79.263244629 -0.028392844 0.999590218 0.003618119 0.146985561 0.079895176 -0.001338647 0.996802390 44.983016968
0.996545851 0.027935959 -0.078206316 -79.333045959 -0.027816417 0.999609590 0.002617801 0.136143625 0.078248933 -0.000433339 0.996933699 45.850482941
0.996719122 0.025663739 -0.076762334 -79.397613525 -0.025723325 0.999669135 0.000212606 0.124987692 0.076742388 0.001762673 0.997049391 46.710430145
0.996925831 0.021534959 -0.075332634 -79.458160400 -0.021691490 0.999763906 -0.001260175 0.110617071 0.075287715 0.002890378 0.997157693 47.581600189
0.997119129 0.020379394 -0.073062629 -79.531959534 -0.020541903 0.999787867 -0.001473412 0.099231161 0.073017091 0.002970012 0.997326255 48.454692841
0.997230887 0.018075636 -0.072137557 -79.596733093 -0.018033134 0.999836624 0.001240407 0.083367884 0.072148189 0.000063894 0.997393906 49.330173492
0.997362137 0.015576463 -0.070895255 -79.663650513 -0.015370854 0.999875844 0.003444825 0.074261591 0.070940115 -0.002346017 0.997477770 50.206230164
0.997409523 0.014941154 -0.070363857 -79.721862793 -0.014674758 0.999882996 0.004301413 0.052244991 0.070419893 -0.003257699 0.997512102 51.079242706
0.997450113 0.017432157 -0.069205530 -79.786926270 -0.017434616 0.999847829 0.000568542 0.041043542 0.069204926 0.000639480 0.997602284 51.967655182
0.997464418 0.019812951 -0.068354137 -79.857093811 -0.020194517 0.999784112 -0.004895625 0.020950973 0.068242364 0.006263589 0.997649133 52.825241089
0.997479677 0.021715811 -0.067548089 -79.918411255 -0.022474103 0.999692440 -0.010486246 0.003933132 0.067299590 0.011977899 0.997660935 53.684192657
0.997423649 0.026481986 -0.066668928 -79.989356995 -0.027625771 0.999485493 -0.016292930 -0.018584728 0.066203155 0.018092733 0.997642159 54.532913208
0.997490525 0.026694637 -0.065575898 -80.052192688 -0.027874112 0.999464571 -0.017137652 -0.045788169 0.065083303 0.018922515 0.997700453 55.378547668
0.997542620 0.023579802 -0.065975644 -80.102630615 -0.024388738 0.999636650 -0.011482540 -0.063163638 0.065680899 0.013063384 0.997755110 56.246520996
0.997538865 0.023017263 -0.066229060 -80.170623779 -0.023237135 0.999726653 -0.002551348 -0.087122038 0.066152222 0.004084042 0.997801304 57.097953796
0.997491539 0.021588411 -0.067414172 -80.230445862 -0.021261290 0.999758482 0.005566204 -0.109407991 0.067518055 -0.004118929 0.997709513 57.950534821
0.997377455 0.019625898 -0.069664359 -80.293586731 -0.019414125 0.999804556 0.003715841 -0.125478074 0.069723681 -0.002353624 0.997563481 58.789638519
0.997333944 0.015095194 -0.071394883 -80.359855652 -0.015124192 0.999885678 0.000134483 -0.139779493 0.071388744 0.000945666 0.997448146 59.629947662
0.997127414 0.013186635 -0.074585222 -80.413978577 -0.013349650 0.999909401 -0.001687483 -0.153829947 0.074556217 0.002678322 0.997213185 60.443202972
0.996883690 0.015199092 -0.077408031 -80.483261108 -0.015568865 0.999870062 -0.004175649 -0.169957280 0.077334516 0.005367791 0.996990800 61.265335083
0.996630192 0.016682826 -0.080311522 -80.563934326 -0.017336216 0.999822021 -0.007445243 -0.191831708 0.080173030 0.008812452 0.996742129 62.077808380
0.996308267 0.017670637 -0.084010728 -80.645790100 -0.018627468 0.999770045 -0.010619177 -0.211211801 0.083803773 0.012144880 0.996408284 62.892257690
0.995976627 0.019464366 -0.087474033 -80.717697144 -0.020812972 0.999677837 -0.014531602 -0.235597134 0.087162994 0.016293729 0.996060908 63.700687408
0.995617092 0.024419999 -0.090277456 -80.816024780 -0.025849557 0.999557734 -0.014699893 -0.258919716 0.089878552 0.016969100 0.995808184 64.503616333
0.995197594 0.028088003 -0.093770653 -80.902519226 -0.029419724 0.999484539 -0.012849542 -0.280007541 0.093361400 0.015546538 0.995510936 65.307846069
0.994757950 0.030984372 -0.097450584 -80.995307922 -0.031801861 0.999470711 -0.006846276 -0.301841736 0.097186878 0.009909496 0.995216846 66.108634949
0.994326890 0.031349864 -0.101642996 -81.084899902 -0.031631425 0.999498904 -0.001159135 -0.322402000 0.101555727 0.004367668 0.994820297 66.923667908
0.993810356 0.030872699 -0.106715217 -81.168426514 -0.030794764 0.999522865 0.002378514 -0.336273015 0.106737740 0.000922479 0.994286716 67.716217041
0.993096411 0.030475162 -0.113272712 -81.263412476 -0.030291244 0.999535501 0.003344819 -0.346825689 0.113322034 0.000109444 0.993558228 68.505615234
0.992561221 0.027882243 -0.118510820 -81.366172791 -0.027214466 0.999603331 0.007249640 -0.359207511 0.118665949 -0.003970502 0.992926300 69.284164429
0.991665900 0.029388558 -0.125439361 -81.461662292 -0.028795814 0.999563932 0.006536352 -0.365579545 0.125576749 -0.002869748 0.992079735 70.068176270
0.990749836 0.034190908 -0.131322965 -81.578186035 -0.033723600 0.999414444 0.005781454 -0.376160145 0.131443739 -0.001299292 0.991322815 70.839263916
0.989922881 0.036179356 -0.136907697 -81.701644897 -0.036224127 0.999341369 0.002165174 -0.386006385 0.136895865 0.002816007 0.990581393 71.599884033
0.989045024 0.035327889 -0.143325046 -81.812973022 -0.035795610 0.999359012 -0.000685400 -0.394900143 0.143208936 0.005808301 0.989675462 72.354789734
0.988207817 0.036523033 -0.148699239 -81.936111450 -0.037199367 0.999306202 -0.001768714 -0.408659816 0.148531511 0.007279374 0.988880932 73.118652344
0.987465858 0.038616747 -0.153035030 -82.065376282 -0.038539886 0.999250948 0.003469767 -0.417432159 0.153054416 0.002471677 0.988214672 73.884933472
0.986485898 0.039269645 -0.159070745 -82.200111389 -0.038588770 0.999228001 0.007368120 -0.424838066 0.159237266 -0.001130202 0.987239718 74.655082703
0.985477090 0.038873516 -0.165299222 -82.332641602 -0.037758436 0.999237955 0.009884072 -0.442565203 0.165557519 -0.003499086 0.986193955 75.411705017
0.984346509 0.036523152 -0.172418088 -82.470764160 -0.035993788 0.999332845 0.006196708 -0.450659752 0.172529399 0.000106272 0.985004425 76.160926819
0.982895911 0.033953536 -0.181004614 -82.614242554 -0.034740075 0.999395669 -0.001176042 -0.453833401 0.180855289 0.007444042 0.983481526 76.908737183
0.981222153 0.031213017 -0.190338671 -82.763305664 -0.032364927 0.999471724 -0.002945611 -0.463592231 0.190146208 0.009050597 0.981714070 77.651870728
0.979080856 0.031054664 -0.201087683 -82.918159485 -0.031678014 0.999498129 0.000118033 -0.478606105 0.200990453 0.006254495 0.979573190 78.386192322
0.976698756 0.031087436 -0.212350994 -83.086746216 -0.030421931 0.999516606 0.006401373 -0.485305130 0.212447375 0.000207915 0.977172554 79.126914978
0.974145830 0.032283515 -0.223601654 -83.260696411 -0.029853860 0.999452770 0.014238910 -0.495073080 0.223938957 -0.007195400 0.974576592 79.843505859
0.971499801 0.032972038 -0.234736085 -83.447952271 -0.029638024 0.999403656 0.017717928 -0.501456857 0.235180303 -0.010255848 0.971897662 80.568740845
0.968558908 0.036289148 -0.246123403 -83.648513794 -0.033944923 0.999328971 0.013761937 -0.513333201 0.246457607 -0.004974605 0.969140768 81.285728455
0.965457737 0.035751823 -0.258095324 -83.853973389 -0.035792328 0.999348879 0.004543141 -0.516619086 0.258089721 0.004851625 0.966108739 81.984779358
0.962157369 0.033399310 -0.270439893 -84.062362671 -0.034802340 0.999394178 -0.000392910 -0.517740190 0.270262867 0.009789983 0.962736726 82.688392639
0.958678126 0.032291234 -0.282654464 -84.268402100 -0.032292195 0.999467611 0.004656671 -0.520348072 0.282654434 0.004663286 0.959210455 83.416160583
0.955257893 0.033558898 -0.293864369 -84.499740601 -0.031407297 0.999434114 0.012039023 -0.526221275 0.294102043 -0.002270884 0.955771387 84.137664795
0.951510310 0.033483878 -0.305789232 -84.738059998 -0.029598422 0.999411523 0.017335378 -0.528747559 0.306189775 -0.007443909 0.951941371 84.847244263
0.947359383 0.031111859 -0.318656862 -84.981315613 -0.027596205 0.999498248 0.015542512 -0.530391574 0.318980575 -0.005930624 0.947742701 85.555839539
0.943581164 0.029726390 -0.329804450 -85.238128662 -0.027448962 0.999556363 0.011561010 -0.537009478 0.330001831 -0.001855960 0.943978488 86.251564026
0.940502882 0.025063448 -0.338859826 -85.491455078 -0.024974644 0.999677420 0.004623265 -0.541075826 0.338866353 0.004114711 0.940825522 86.941665649
0.937697291 0.021100577 -0.346811920 -85.754028320 -0.022906195 0.999736965 -0.001107368 -0.547851086 0.346697390 0.008982517 0.937934041 87.643493652
0.935071766 0.020455414 -0.353867680 -86.029266357 -0.023187449 0.999725044 -0.003481921 -0.552517712 0.353699118 0.011461136 0.935289025 88.345657349
0.931995869 0.026188688 -0.361521751 -86.324630737 -0.029248277 0.999567628 -0.002992622 -0.570450187 0.361287117 0.013362998 0.932358861 89.053771973
0.928806543 0.026395189 -0.369623631 -86.597579956 -0.028692346 0.999588013 -0.000717832 -0.581579685 0.369452387 0.011272097 0.929181278 89.746871948
0.925680041 0.026640929 -0.377368182 -86.888801575 -0.026386268 0.999634743 0.005845638 -0.583316624 0.377386063 0.004546148 0.926044881 90.451187134
0.922821701 0.028685749 -0.384157896 -87.182968140 -0.025184255 0.999582767 0.014143148 -0.589936733 0.384403408 -0.003376869 0.923159003 91.159751892
0.920261621 0.039161354 -0.389339149 -87.513992310 -0.033634923 0.999213457 0.021003848 -0.597821951 0.389855444 -0.006233639 0.920854926 91.859451294
0.917528331 0.045599040 -0.395047367 -87.831069946 -0.041908894 0.998959839 0.017970024 -0.595552206 0.395455897 0.000067994 0.918484926 92.548858643
0.915186703 0.042114563 -0.400823683 -88.139923096 -0.041324396 0.999089360 0.010619814 -0.595998883 0.400905907 0.006844684 0.916093647 93.234992981
0.913250148 0.034321059 -0.405951113 -88.445167542 -0.036130838 0.999341965 0.003207240 -0.599026322 0.405794054 0.011738341 0.913889229 93.922973633
0.911297262 0.034694523 -0.410284877 -88.756256104 -0.036962282 0.999313772 0.002405859 -0.600211263 0.410086870 0.012972611 0.911954165 94.618385315
0.909294665 0.040993847 -0.414128900 -89.101226807 -0.041647267 0.999104500 0.007455408 -0.606075764 0.414063692 0.010468175 0.910187781 95.308212280
0.906800270 0.043713301 -0.419288069 -89.439079285 -0.042641409 0.999019206 0.011932561 -0.612988949 0.419398367 0.007058586 0.907774985 96.028320312
0.904592097 0.039918818 -0.424405068 -89.768020630 -0.039443590 0.999172688 0.009909018 -0.620847344 0.424449503 0.007776438 0.905418277 96.724578857
0.902319491 0.038312152 -0.429361939 -90.106826782 -0.040616777 0.999167621 0.003798540 -0.630488038 0.429150075 0.014011803 0.903124511 97.409317017
0.900162816 0.035406508 -0.434112012 -90.450653076 -0.040705808 0.999166965 -0.002913638 -0.633109689 0.433647186 0.020293623 0.900854230 98.101356506
