-0.975708663 0.047300734 0.213904679 -151.730422974 0.052899748 0.998388886 0.020524157 1.276740313 -0.212589249 0.031341102 -0.976638913 2.150569916
-0.979736745 0.046185702 0.194892034 -151.564102173 0.051512755 0.998422205 0.022351384 1.289376497 -0.193552211 0.031937897 -0.980570018 1.288503647
-0.983352959 0.043194018 0.176496759 -151.416931152 0.048954513 0.998396814 0.028412949 1.300766706 -0.174986526 0.036580268 -0.983891070 0.406873703
-0.986504614 0.043059707 0.157969907 -151.274398804 0.048514668 0.998346329 0.030837821 1.317495346 -0.156380802 0.038085513 -0.986962259 -0.466310501
-0.989150226 0.043229893 0.140402660 -151.154525757 0.047979806 0.998378813 0.030622154 1.339164495 -0.138851225 0.037026405 -0.989620805 -1.354085922
-0.991337180 0.043048009 0.124086931 -151.043930054 0.046695184 0.998553991 0.026633764 1.354289770 -0.122760966 0.032197297 -0.991913855 -2.242033005
-0.992859304 0.046639312 0.109795757 -150.944091797 0.049550019 0.998484910 0.023931315 1.363166332 -0.108513258 0.029200811 -0.993666053 -3.139276505
-0.993627965 0.052475423 0.099748544 -150.860321045 0.055454772 0.998087049 0.027332542 1.386078000 -0.098123416 0.032689910 -0.994637251 -4.057835579
-0.993971348 0.057730094 0.093210258 -150.790985107 0.061388053 0.997432947 0.036863625 1.403413892 -0.090842836 0.042363383 -0.994963884 -4.985523224
-0.994072139 0.060353696 0.090431549 -150.716064453 0.064688958 0.996853948 0.045799140 1.428412199 -0.087382913 0.051377572 -0.994849026 -5.932562828
-0.994299650 0.058754813 0.088972315 -150.627838135 0.063023269 0.996953726 0.045948990 1.462764859 -0.086001582 0.051294390 -0.994973600 -6.867359638
-0.994555652 0.055603411 0.088132046 -150.541732788 0.059606023 0.997275829 0.043452702 1.487684011 -0.085475862 0.048469327 -0.995160580 -7.806451321
-0.994922936 0.050634690 0.086974189 -150.447570801 0.054171734 0.997777462 0.038799267 1.518177986 -0.084816314 0.043313820 -0.995454729 -8.765664101
-0.995375991 0.042080924 0.086346269 -150.349456787 0.045409281 0.998284817 0.036950830 1.543204188 -0.084643237 0.040700894 -0.995579720 -9.747434616
-0.995593369 0.036975723 0.086178318 -150.250274658 0.040275607 0.998508036 0.036872026 1.570918560 -0.084686384 0.040180430 -0.995597184 -10.732275963
-0.995584428 0.035109922 0.087057926 -150.160018921 0.038647369 0.998480320 0.039285880 1.594184399 -0.085546330 0.042476967 -0.995428264 -11.727301598
-0.995646298 0.032279223 0.087443925 -150.053344727 0.035942566 0.998526812 0.040647939 1.622009754 -0.086003006 0.043613926 -0.995339930 -12.729585648
-0.995522559 0.032074586 0.088915989 -149.969589233 0.035868835 0.998498201 0.041407771 1.649993420 -0.087454289 0.044411682 -0.995178163 -13.739654541
-0.995487869 0.029871527 0.090063825 -149.868347168 0.033594184 0.998630583 0.040104717 1.681471348 -0.088742502 0.042949382 -0.995128214 -14.761898041
-0.995456040 0.028194012 0.090952590 -149.770828247 0.031806637 0.998751521 0.038517751 1.703203201 -0.089753106 0.041235626 -0.995110095 -15.778845787
-0.995485902 0.025739515 0.091352381 -149.661682129 0.029181529 0.998905778 0.036544703 1.728718042 -0.090311781 0.039045542 -0.995147824 -16.822072983
-0.995543063 0.023980131 0.091208100 -149.562530518 0.027304130 0.999001145 0.035372518 1.754508972 -0.090268753 0.037705217 -0.995203555 -17.864349365
-0.995738447 0.021162016 0.089760967 -149.459671021 0.024441075 0.999067605 0.035590481 1.777207494 -0.088924102 0.037632667 -0.995327234 -18.914419174
-0.995906293 0.019367494 0.088291802 -149.361816406 0.022671206 0.999073923 0.036570162 1.797672987 -0.087501764 0.038422141 -0.995423079 -19.964462280
-0.996042967 0.019590994 0.086688444 -149.266571045 0.022849763 0.999062777 0.036760408 1.822412014 -0.085887074 0.038595751 -0.995556951 -21.023395538
-0.996178865 0.018738834 0.085302949 -149.170059204 0.021969363 0.999070346 0.037091322 1.843693495 -0.084528580 0.038823642 -0.995664418 -22.074150085
-0.996281266 0.018364178 0.084180735 -149.080154419 0.021706084 0.999005079 0.038957279 1.861929059 -0.083381601 0.040639646 -0.995688617 -23.128908157
-0.996325433 0.017988438 0.083738782 -148.990554810 0.021486921 0.998925328 0.041066483 1.886265993 -0.082910053 0.042714864 -0.995641172 -24.179920197
-0.996442735 0.017121585 0.082516164 -148.896652222 0.020697499 0.998874426 0.042677071 1.912260771 -0.081692569 0.044233132 -0.995675504 -25.234054565
-0.996525288 0.015972260 0.081744440 -148.808914185 0.019417914 0.998948455 0.041531611 1.933531284 -0.080995113 0.042974606 -0.995787680 -26.280197144
-0.996618271 0.015799636 0.080635689 -148.712341309 0.018973690 0.999068797 0.038749654 1.957715034 -0.079948373 0.040148575 -0.995990098 -27.318696976
-0.996705949 0.015101081 0.079683125 -148.626785278 0.018161630 0.999119341 0.037825026 1.975348711 -0.079041764 0.039147597 -0.996102333 -28.346002579
-0.996806920 0.014802192 0.078465328 -148.539321899 0.017836699 0.999114275 0.038114574 1.995119572 -0.077831626 0.039392438 -0.996187985 -29.385723114
-0.996949911 0.014149508 0.076750182 -148.452301025 0.017168939 0.999098480 0.038824916 2.018239498 -0.076131649 0.040024213 -0.996294141 -30.423372269
-0.997155011 0.013667557 0.074130245 -148.370971680 0.016699150 0.999042749 0.040431015 2.036265135 -0.073506691 0.041553892 -0.996428788 -31.457126617
-0.997371554 0.013161183 0.071250744 -148.291595459 0.016068891 0.999054790 0.040391389 2.057917595 -0.070651792 0.041430149 -0.996640265 -32.488521576
-0.997629702 0.011624043 0.067823261 -148.209854126 0.014318294 0.999121964 0.039374717 2.080796242 -0.067306027 0.040252503 -0.996920049 -33.503067017
-0.997820854 0.011159394 0.065030791 -148.143310547 0.013695898 0.999157310 0.038690291 2.099721193 -0.064544238 0.039496630 -0.997132897 -34.538078308
-0.998042524 0.010067517 0.061724275 -148.072998047 0.012547315 0.999124110 0.039920326 2.122458458 -0.061268326 0.040616650 -0.997294605 -35.555625916
-0.998187959 0.010345142 0.059276629 -148.008666992 0.012825485 0.999051273 0.041616961 2.143694878 -0.058789890 0.042301800 -0.997373700 -36.582771301
-0.998331547 0.010912601 0.056700069 -147.949539185 0.013348293 0.998996377 0.042757824 2.167283535 -0.056176580 0.043443341 -0.997475207 -37.596965790
-0.998441637 0.012122805 0.054472651 -147.893157959 0.014468758 0.998975515 0.042880774 2.193342209 -0.053897001 0.043602105 -0.997594118 -38.621864319
-0.998544872 0.012274536 0.052511845 -147.840118408 0.014500890 0.999002755 0.042228535 2.217889786 -0.051941138 0.042928554 -0.997727096 -39.633674622
-0.998634994 0.013003264 0.050586876 -147.782302856 0.015105113 0.999028742 0.041391321 2.239200592 -0.049999516 0.042098939 -0.997861564 -40.636627197
-0.998731852 0.012165185 0.048854057 -147.727035522 0.014211737 0.999026418 0.041764662 2.258995056 -0.048298415 0.042406000 -0.997932374 -41.658149719
-0.998808384 0.011129202 0.047518708 -147.670425415 0.013151804 0.999011397 0.042466011 2.283958197 -0.046999112 0.043040365 -0.997967243 -42.664257050
-0.998845696 0.010927749 0.046774991 -147.615768433 0.012845229 0.999081016 0.040891454 2.305893421 -0.046285186 0.041445088 -0.998068154 -43.665607452
-0.998879135 0.010378974 0.046181578 -147.566040039 0.012075576 0.999256611 0.036611643 2.325932503 -0.045767263 0.037128273 -0.998261929 -44.656097412
-0.998897910 0.009547821 0.045954492 -147.509918213 0.011115781 0.999360502 0.033985969 2.340188503 -0.045600642 0.034459334 -0.998365223 -45.648761749
-0.998881400 0.010079312 0.046199687 -147.461853027 0.011595912 0.999398708 0.032677427 2.357720852 -0.045842543 0.033176601 -0.998397529 -46.634868622
-0.998842418 0.011203506 0.046781328 -147.407058716 0.012794085 0.999345362 0.033840187 2.373940229 -0.046371609 0.034399536 -0.998331726 -47.637847900
-0.998770475 0.012857963 0.047877137 -147.364807129 0.014534614 0.999287248 0.034838043 2.387580395 -0.047395054 0.035491083 -0.998245478 -48.616172791
-0.998717189 0.014837162 0.048412804 -147.311767578 0.016574185 0.999225855 0.035677541 2.406504631 -0.047845956 0.036434177 -0.998189986 -49.593891144
-0.998654127 0.015495938 0.049495012 -147.258010864 0.017311851 0.999184668 0.036473393 2.423083067 -0.048889469 0.037281156 -0.998108149 -50.580879211
-0.998607874 0.015806979 0.050323550 -147.204772949 0.017695999 0.999146819 0.037315890 2.438560247 -0.049690764 0.038154468 -0.998035550 -51.554840088
-0.998586714 0.014523938 0.051121965 -147.148834229 0.016458679 0.999156177 0.037630316 2.457489729 -0.050532278 0.038418539 -0.997983158 -52.517669678
-0.998539388 0.014489437 0.052048955 -147.092010498 0.016416730 0.999188006 0.036793899 2.468595982 -0.051473539 0.037594631 -0.997966468 -53.487594604
-0.998417258 0.016727127 0.053693365 -147.034835815 0.018638540 0.999202967 0.035297617 2.487403393 -0.053060126 0.036242519 -0.997933388 -54.452911377
-0.998247385 0.017525034 0.056522090 -146.970260620 0.019471601 0.999229550 0.034074236 2.502741575 -0.055881374 0.035115093 -0.997819662 -55.409172058
-0.998099506 0.016556250 0.059357323 -146.908462524 0.018600909 0.999246597 0.034061097 2.508944035 -0.058748644 0.035100456 -0.997655630 -56.367912292
-0.997953117 0.016341612 0.061825994 -146.845520020 0.018382329 0.999299943 0.032583855 2.521644354 -0.061250240 0.033653665 -0.997554958 -57.322059631
-0.997831345 0.016859081 0.063626111 -146.771133423 0.018918063 0.999312103 0.031898182 2.533159971 -0.063044570 0.033032693 -0.997463822 -58.254989624
-0.997800052 0.015779892 0.064390019 -146.704437256 0.017889837 0.999317288 0.032324277 2.547021866 -0.063835956 0.033405088 -0.997401178 -59.200607300
-0.997784138 0.014245656 0.064991996 -146.639938354 0.016509729 0.999270558 0.034433149 2.558759212 -0.064454049 0.035429846 -0.997291565 -60.132404327
-0.997859895 0.013341154 0.064012051 -146.570037842 0.015711287 0.999203920 0.036667008 2.569705963 -0.063471928 0.037594240 -0.997275293 -61.047027588
-0.997908711 0.012950923 0.063327804 -146.514297485 0.015352338 0.999175608 0.037582122 2.580618382 -0.062788866 0.038475759 -0.997284889 -61.966205597
-0.998002052 0.011912334 0.062048942 -146.454254150 0.014274370 0.999184728 0.037764221 2.596341610 -0.061548468 0.038574480 -0.997358382 -62.862403870
-0.998173594 0.009676309 0.059630603 -146.393081665 0.011950474 0.999210060 0.037899677 2.609370232 -0.059216801 0.038543072 -0.997500777 -63.744110107
-0.998398781 0.008723114 0.055892542 -146.344604492 0.010864534 0.999213934 0.038124442 2.624615669 -0.055516049 0.038670640 -0.997708678 -64.615524292
-0.998678148 0.009454278 0.050522782 -146.301513672 0.011391749 0.999205232 0.038199253 2.638840914 -0.050121479 0.038724303 -0.997992098 -65.469177246
-0.999002516 0.010510687 0.043399077 -146.264083862 0.012175572 0.999192953 0.038277756 2.650430679 -0.042961698 0.038767986 -0.998324275 -66.298568726
-0.999286592 0.012425155 0.035663668 -146.238281250 0.013806442 0.999153554 0.038749434 2.665410042 -0.035152014 0.039214179 -0.998612344 -67.111305237
-0.999505818 0.014865282 0.027696561 -146.217285156 0.015969684 0.999068379 0.040090080 2.679710627 -0.027074780 0.040512569 -0.998812139 -67.901870728
-0.999632657 0.018320287 0.019971078 -146.208358765 0.019121099 0.998989463 0.040674120 2.688897133 -0.019205704 0.041041050 -0.998972833 -68.674461365
-0.999721646 0.020051891 0.012442027 -146.202499390 0.020545410 0.998952329 0.040894419 2.706503868 -0.011608952 0.041138660 -0.999086022 -69.417320251
-0.999752104 0.021586703 0.005454977 -146.210433960 0.021795470 0.998894274 0.041656926 2.720522165 -0.004549703 0.041765500 -0.999117076 -70.143722534
-0.999744296 0.022542713 -0.001772658 -146.208663940 0.022449486 0.998881578 0.041609302 2.730378866 0.002708663 0.041558865 -0.999132395 -70.834762573
-0.999676764 0.024155065 -0.007929638 -146.217742920 0.023809418 0.998870492 0.041119371 2.741195440 0.008913923 0.040917277 -0.999122798 -71.499069214
-0.999576569 0.025597146 -0.013835576 -146.225646973 0.025012949 0.998851478 0.040865302 2.748580933 0.014865719 0.040501934 -0.999068856 -72.127738953
-0.999469161 0.026385557 -0.019109182 -146.244201660 0.025597639 0.998857021 0.040365249 2.762491226 0.020152401 0.039854672 -0.999002218 -72.741165161
-0.999297917 0.028933324 -0.023799704 -146.265029907 0.027971858 0.998816669 0.039784726 2.770805597 0.024922654 0.039091073 -0.998924792 -73.324577332
-0.999136925 0.030343086 -0.028367288 -146.281204224 0.029160388 0.998724699 0.041215349 2.779576302 0.029581683 0.040352579 -0.998747528 -73.875915527
-0.998984516 0.031355441 -0.032353640 -146.298934937 0.029940426 0.998612106 0.043330416 2.783105373 0.033667386 0.042317741 -0.998536825 -74.397918701
-0.998818040 0.032078002 -0.036516085 -146.309036255 0.030450365 0.998554587 0.044288959 2.790403366 0.037884004 0.043124687 -0.998351157 -74.895248413
-0.998698294 0.032430898 -0.039370552 -146.330764771 0.030659385 0.998525620 0.044795025 2.799726725 0.040765259 0.043529641 -0.998220086 -75.365913391
-0.998524666 0.034234919 -0.042147543 -146.353088379 0.032310739 0.998440862 0.045517985 2.810019493 0.043640133 0.044089016 -0.998073995 -75.810531616
-0.998350859 0.037548017 -0.043425817 -146.385589600 0.035589438 0.998351574 0.045028053 2.819944620 0.045044944 0.043408297 -0.998041391 -76.214004517
-0.998274982 0.037356701 -0.045293011 -146.400695801 0.035249904 0.998298228 0.046453781 2.832004070 0.046951324 0.044777073 -0.997893035 -76.602912903
-0.998280466 0.036853593 -0.045584105 -146.417190552 0.034680199 0.998264968 0.047584228 2.844977617 0.047258679 0.045921538 -0.997826517 -76.948646545
-0.998301506 0.035290789 -0.046353441 -146.418807983 0.033092923 0.998329759 0.047356263 2.856422663 0.047947261 0.045741856 -0.997802079 -77.238143921
-0.998332918 0.034460839 -0.046303336 -146.413955688 0.032220062 0.998313129 0.048298173 2.841608047 0.047889624 0.046725761 -0.997759104 -77.501243591
-0.998556912 0.032002486 -0.043126784 -146.423446655 0.029935544 0.998410642 0.047749482 2.846645355 0.044586282 0.046389546 -0.997927904 -77.799179077
-0.998735547 0.029132666 -0.040968936 -146.419158936 0.027217217 0.998544633 0.046558894 2.851509571 0.042265646 0.045384962 -0.998075068 -78.032524109
-0.998874068 0.027817799 -0.038427431 -146.426849365 0.026071308 0.998636484 0.045225948 2.851230621 0.039633099 0.044173170 -0.998237431 -78.230766296
-0.998998523 0.026983475 -0.035689510 -146.428817749 0.025456097 0.998768747 0.042579703 2.853955030 0.036794506 0.041628543 -0.998455465 -78.434837341
-0.999067366 0.027588394 -0.033213913 -146.435058594 0.026239799 0.998839974 0.040376466 2.860630751 0.034289327 0.039467290 -0.998632371 -78.626205444
-0.999126196 0.028110968 -0.030931138 -146.436096191 0.026851071 0.998821974 0.040420201 2.859094620 0.032030948 0.039554343 -0.998703957 -78.820220947
-0.999221802 0.026966881 -0.028785679 -146.425399780 0.025756260 0.998801112 0.041629612 2.861237288 0.029873757 0.040855803 -0.998718321 -79.004325867
-0.999353945 0.025464725 -0.025357993 -146.442626953 0.024394151 0.998833656 0.041668490 2.873489141 0.026389470 0.041022986 -0.998809636 -79.175712585
-0.999457479 0.023834381 -0.022727756 -146.429901123 0.022883378 0.998887837 0.041223321 2.871856928 0.023685005 0.040680863 -0.998891473 -79.335327148
-0.999518812 0.024376241 -0.019180337 -146.425216675 0.023587521 0.998908162 0.040325284 2.876594305 0.020142375 0.039853469 -0.999002457 -79.479507446
-0.999572039 0.025368001 -0.014565546 -146.421157837 0.024774875 0.998910367 0.039551198 2.877628326 0.015552986 0.039173417 -0.999111295 -79.618499756
-0.999636352 0.025458906 -0.008880101 -146.424514771 0.025091164 0.998911679 0.039318420 2.872647285 0.009871453 0.039081316 -0.999187231 -79.753517151
-0.999697387 0.024429904 -0.002877247 -146.400634766 0.024296552 0.998916209 0.039699778 2.869473696 0.003844012 0.039617859 -0.999207497 -79.871414185
-0.999737203 0.022234524 0.005586445 -146.401428223 0.022437263 0.998974860 0.039315201 2.869848251 -0.004706584 0.039430209 -0.999211311 -79.993324280
-0.999709368 0.019869253 0.013647452 -146.405975342 0.020388564 0.999029934 0.039030299 2.882903814 -0.012858693 0.039297201 -0.999144852 -80.107917786
-0.999614716 0.018568944 0.020629041 -146.392028809 0.019380338 0.999017417 0.039854918 2.889313459 -0.019868717 0.040239356 -0.998992503 -80.207397461
-0.999482930 0.016984569 0.027301766 -146.388946533 0.018092856 0.999000490 0.040873103 2.882987022 -0.026580282 0.041345939 -0.998791218 -80.283660889
-0.999349177 0.016510617 0.032069054 -146.374633789 0.017817372 0.999004483 0.040899429 2.887465477 -0.031361852 0.041444205 -0.998648405 -80.339591980
-0.999213338 0.016873039 0.035888106 -146.359191895 0.018288050 0.999053240 0.039472446 2.894685984 -0.035188161 0.040097717 -0.998575985 -80.388961792
-0.999093354 0.016567979 0.039215006 -146.361145020 0.018118527 0.999054551 0.039520331 2.891772509 -0.038523156 0.040195018 -0.998448968 -80.418769836
-0.999021769 0.016931443 0.040848959 -146.354156494 0.018545464 0.999048889 0.039462086 2.892436981 -0.040141981 0.040181052 -0.998385727 -80.423652649
-0.998940289 0.016304435 0.043038618 -146.345199585 0.017996058 0.999068737 0.039214376 2.886637449 -0.042359125 0.039947346 -0.998303473 -80.457351685
-0.998927295 0.015732843 0.043551721 -146.349243164 0.017450057 0.999073684 0.039334029 2.885991812 -0.042892586 0.040051810 -0.998276591 -80.454559326
-0.998927951 0.015921501 0.043466356 -146.352050781 0.017631602 0.999073982 0.039247438 2.889931202 -0.042801224 0.039971743 -0.998283684 -80.455894470
-0.998926938 0.016755378 0.043176137 -146.349792480 0.018419493 0.999091208 0.038437407 2.894696951 -0.042492859 0.039191440 -0.998327792 -80.437545776
-0.998883069 0.017630799 0.043838628 -146.360519409 0.019262642 0.999126494 0.037084412 2.895318508 -0.043146506 0.037887432 -0.998350143 -80.433349609
-0.998919785 0.017139321 0.043191317 -146.345932007 0.018723704 0.999156356 0.036549356 2.895278931 -0.042528439 0.037318572 -0.998398066 -80.453636169
-0.998894215 0.017148819 0.043775391 -146.343673706 0.018767999 0.999144495 0.036849320 2.899158955 -0.043106031 0.037630141 -0.998361588 -80.468711853
-0.998923838 0.016910776 0.043188296 -146.327087402 0.018486368 0.999168158 0.036346842 2.897063732 -0.042537745 0.037106119 -0.998405576 -80.464424133
-0.998949111 0.016950931 0.042584222 -146.316299438 0.018509740 0.999162793 0.036481723 2.896669388 -0.041930173 0.037231605 -0.998426557 -80.477310181
-0.998927057 0.016717926 0.043186501 -146.326873779 0.018368721 0.999104440 0.038114995 2.871340752 -0.042510651 0.038867384 -0.998339713 -80.469169617
-0.998936415 0.016809233 0.042934969 -146.324523926 0.018434931 0.999117017 0.037753176 2.870513201 -0.042262446 0.038504519 -0.998364270 -80.469795227
-0.998923421 0.016830495 0.043229386 -146.329467773 0.018454609 0.999127984 0.037449494 2.875009775 -0.042561393 0.038206954 -0.998363018 -80.471115112
-0.998877645 0.017095383 0.044170935 -146.354583740 0.018750777 0.999126673 0.037338473 2.882188797 -0.043494072 0.038124803 -0.998325944 -80.468727112
-0.998900414 0.018324153 0.043151595 -146.352462769 0.019926151 0.999116898 0.036992207 2.901232719 -0.042435631 0.037811380 -0.998383462 -80.412361145
-0.998889625 0.018324841 0.043402474 -146.354125977 0.019938288 0.999114990 0.037037600 2.900846004 -0.042685356 0.037861850 -0.998370886 -80.410736084
-0.998879731 0.018676139 0.043480452 -146.352676392 0.020287683 0.999112189 0.036922198 2.900755882 -0.042752296 0.037762955 -0.998371780 -80.410354614
-0.998861372 0.018678201 0.043898866 -146.356536865 0.020308686 0.999109089 0.036994189 2.899518013 -0.043168768 0.037843596 -0.998350739 -80.409988403
-0.998864472 0.018684294 0.043825280 -146.354995728 0.020312935 0.999108255 0.037015986 2.899995089 -0.043094568 0.037864171 -0.998353243 -80.411109924
-0.998868108 0.018544694 0.043802921 -146.352539062 0.020169906 0.999113381 0.036956996 2.900897264 -0.043078739 0.037798665 -0.998356342 -80.412567139
-0.998857200 0.018710259 0.043978907 -146.352645874 0.020346124 0.999106407 0.037048005 2.899692059 -0.043246407 0.037900470 -0.998345256 -80.409240723
-0.998848438 0.018606717 0.044221122 -146.353393555 0.020251732 0.999108315 0.037047662 2.900349855 -0.043492347 0.037900560 -0.998334587 -80.410560608
-0.998827934 0.018925177 0.044548780 -146.352325439 0.020577731 0.999105752 0.036933765 2.899858236 -0.043809976 0.037807185 -0.998324275 -80.409774780
-0.998816192 0.018883491 0.044827294 -146.351745605 0.020549767 0.999103785 0.037006024 2.900453091 -0.044088311 0.037883412 -0.998309076 -80.410911560
-0.998799503 0.018944269 0.045173328 -146.350357056 0.020623764 0.999102235 0.037007421 2.899361134 -0.044431698 0.037894644 -0.998293400 -80.411399841
-0.998773932 0.019224614 0.045617014 -146.349395752 0.020912332 0.999103367 0.036813490 2.901261091 -0.044868417 0.037722316 -0.998280406 -80.408447266
-0.998749137 0.019335749 0.046112403 -146.354125977 0.021050723 0.999093473 0.037000291 2.899235249 -0.045355152 0.037924711 -0.998250782 -80.411361694
-0.998750448 0.019379687 0.046062868 -146.352218628 0.021092320 0.999092996 0.036989812 2.899016619 -0.045304239 0.037915170 -0.998253405 -80.408409119
-0.998746514 0.019470667 0.046112109 -146.354049683 0.021181088 0.999094605 0.036899216 2.901256561 -0.045351926 0.037829675 -0.998254478 -80.412376404
-0.998740494 0.019490708 0.046232298 -146.351318359 0.021207450 0.999092460 0.036937740 2.900935888 -0.045470409 0.037871689 -0.998247564 -80.408645630
-0.998737991 0.019553490 0.046260238 -146.350585938 0.021266384 0.999095321 0.036829736 2.901974440 -0.045498222 0.037767053 -0.998250246 -80.410461426
-0.998722434 0.019859368 0.046466790 -146.350845337 0.021583365 0.999085963 0.036898926 2.900840521 -0.045691505 0.037854694 -0.998238146 -80.412864685
-0.998713493 0.019838562 0.046664912 -146.348281860 0.021572700 0.999084055 0.036956251 2.899724960 -0.045888990 0.037915405 -0.998226702 -80.409530640
-0.998708963 0.019930666 0.046724319 -146.347366333 0.021674251 0.999076068 0.037111618 2.897186518 -0.045941509 0.038076423 -0.998218179 -80.410278320
-0.998720884 0.019861765 0.046498872 -146.337722778 0.021600777 0.999074340 0.037200205 2.895211697 -0.045716986 0.038157035 -0.998225391 -80.408622742
-0.998698056 0.019661382 0.047068946 -146.351501465 0.021409580 0.999088526 0.036929756 2.899650574 -0.046299975 0.037889406 -0.998208761 -80.407722473
-0.998695552 0.019682370 0.047114585 -146.350112915 0.021444686 0.999077916 0.037196469 2.896309853 -0.046339046 0.038158305 -0.998196721 -80.406265259
-0.998683512 0.019801723 0.047318660 -146.352432251 0.021566544 0.999079585 0.037081793 2.897663593 -0.046540827 0.038053475 -0.998191297 -80.408203125
-0.998665154 0.020119786 0.047571652 -146.354171753 0.021887066 0.999078393 0.036925472 2.900073767 -0.046784889 0.037917390 -0.998185098 -80.408432007
-0.998664856 0.020004380 0.047627114 -146.348495483 0.021777505 0.999077737 0.037006214 2.898600101 -0.046842918 0.037994001 -0.998179436 -80.409812927
-0.998641491 0.020199833 0.048031777 -146.354644775 0.021987408 0.999074042 0.036984157 2.899407148 -0.047240220 0.037990008 -0.998160899 -80.405899048
-0.998644531 0.020298192 0.047928225 -146.352645874 0.022078285 0.999074817 0.036908206 2.901508570 -0.047134731 0.037916359 -0.998168647 -80.409431458
-0.998629451 0.020364240 0.048211485 -146.354095459 0.022159765 0.999069273 0.037005823 2.900139093 -0.047413033 0.038023464 -0.998151362 -80.413421631
-0.998640120 0.020246224 0.048042648 -146.353683472 0.022032322 0.999074459 0.036943767 2.901462078 -0.047250211 0.037952021 -0.998161793 -80.410278320
-0.998643756 0.020113323 0.048022248 -146.352630615 0.021898424 0.999077559 0.036940318 2.902041197 -0.047234971 0.037941828 -0.998162925 -80.410919189
-0.998642981 0.020270281 0.047970720 -146.349411011 0.022059621 0.999069214 0.037069984 2.898285151 -0.047174670 0.038077898 -0.998160660 -80.411933899
-0.998647392 0.020127285 0.047938913 -146.348526001 0.021915101 0.999072611 0.037064712 2.898771048 -0.047148459 0.038065173 -0.998162329 -80.408843994
-0.998649359 0.020138975 0.047893859 -146.348785400 0.021922847 0.999074221 0.037017468 2.899767876 -0.047104031 0.038017448 -0.998166203 -80.411666870
-0.998632848 0.020203577 0.048210908 -146.355789185 0.021995911 0.999075413 0.036940679 2.901718378 -0.047419976 0.037950616 -0.998153865 -80.410690308
-0.998645544 0.020168293 0.047959700 -146.348587036 0.021955170 0.999073148 0.037027836 2.899924994 -0.047168456 0.038030654 -0.998162687 -80.408981323
-0.998638093 0.020138571 0.048128106 -146.353851318 0.021928860 0.999076068 0.036964543 2.901419163 -0.047339216 0.037969600 -0.998156965 -80.412933350
-0.998640656 0.020245129 0.048031468 -146.351379395 0.022038152 0.999068618 0.037099041 2.898911715 -0.047235690 0.038107138 -0.998156548 -80.410263062
-0.998644948 0.020154227 0.047978327 -146.350708008 0.021939879 0.999074996 0.036986984 2.900850058 -0.047188487 0.037989508 -0.998163342 -80.409004211
-0.998633742 0.020268066 0.048164316 -146.353164673 0.022060303 0.999072731 0.036975306 2.899991274 -0.047370244 0.037987310 -0.998154759 -80.412742615
-0.998637736 0.020195074 0.048111934 -146.352920532 0.021983881 0.999075472 0.036945648 2.901440382 -0.047321353 0.037953012 -0.998158336 -80.410865784
-0.998601317 0.020081619 0.048909258 -146.352188110 0.021900937 0.999077141 0.036950432 2.899303913 -0.048122101 0.037969910 -0.998119473 -80.407730103
-0.998485684 0.019984370 0.051254813 -146.350219727 0.021871090 0.999093711 0.036517762 2.898760796 -0.050478593 0.037583459 -0.998017669 -80.412994385
-0.998400867 0.019286213 0.053137626 -146.349075317 0.021223847 0.999121189 0.036144741 2.899873734 -0.052393816 0.037214730 -0.997932851 -80.422470093
-0.998219848 0.018916918 0.056562852 -146.345718384 0.020976949 0.999129772 0.036051001 2.898182869 -0.055831667 0.037173346 -0.997747898 -80.435485840
-0.997911394 0.019425981 0.061607782 -146.340484619 0.021654202 0.999127626 0.035708796 2.904634953 -0.060860366 0.036968280 -0.997461438 -80.450927734
-0.997563601 0.019079098 0.067102730 -146.330123901 0.021510687 0.999131024 0.035702929 2.902534962 -0.066363230 0.037059378 -0.997107089 -80.473770142
-0.997149646 0.018373979 0.073176652 -146.315505981 0.021060193 0.999126017 0.036107775 2.895510674 -0.072449252 0.037545979 -0.996665120 -80.503997803
-0.996542811 0.018317979 0.081036165 -146.301315308 0.021264134 0.999138296 0.035643633 2.905191898 -0.080313414 0.037243571 -0.996073663 -80.531517029
-0.995801747 0.017680237 0.089811839 -146.283569336 0.020987213 0.999131024 0.036011238 2.895241499 -0.089097105 0.037744962 -0.995307505 -80.566688538
-0.994915366 0.017705403 0.099145725 -146.262680054 0.021352597 0.999129117 0.035846654 2.898354530 -0.098424703 0.037781410 -0.994427025 -80.599723816
-0.993754089 0.017164337 0.110264093 -146.257446289 0.021237765 0.999130666 0.035874765 2.898927450 -0.109552488 0.037992459 -0.993254602 -80.636085510
-0.992357135 0.016837887 0.122244537 -146.241531372 0.021338759 0.999138176 0.035603210 2.902076244 -0.121539705 0.037939649 -0.991861165 -80.682807922
-0.990622997 0.016533807 0.135619864 -146.226272583 0.021492466 0.999149859 0.035180513 2.905292749 -0.134922922 0.037765428 -0.990136087 -80.735221863
-0.988597989 0.016146248 0.149710670 -146.202758789 0.021509232 0.999181032 0.034272511 2.904240847 -0.149034679 0.037101898 -0.988135755 -80.787292480
-0.986020386 0.015389482 0.165913045 -146.175277710 0.020987814 0.999266207 0.032042213 2.910770416 -0.165298179 0.035076428 -0.985619664 -80.852890015
-0.983060420 0.014285481 0.182724088 -146.135223389 0.020114290 0.999344885 0.030086011 2.907392979 -0.182174578 0.033251729 -0.982703805 -80.923568726
-0.979696810 0.012663420 0.200084448 -146.086318970 0.018890955 0.999393642 0.029245965 2.907133102 -0.199592799 0.032431968 -0.979342103 -81.015808105
-0.975857079 0.011792089 0.218091667 -146.039794922 0.018795574 0.999371171 0.030065894 2.908838749 -0.217599988 0.033439174 -0.975465059 -81.114036560
-0.971494913 0.012379912 0.236736804 -145.985687256 0.020366224 0.999301910 0.031319238 2.910511971 -0.236183807 0.035247918 -0.971068919 -81.243728638
-0.966116071 0.013377964 0.257760972 -145.936141968 0.022495158 0.999220133 0.032454129 2.912126064 -0.257125765 0.037152831 -0.965663493 -81.383468628
-0.959976971 0.012036039 0.279820114 -145.857009888 0.022381902 0.999177694 0.033807315 2.914994717 -0.279183120 0.038717151 -0.959456980 -81.528167725
-0.953043878 0.009695786 0.302676976 -145.774337769 0.021884181 0.999079287 0.036903139 2.911977053 -0.302040428 0.041794147 -0.952378511 -81.676132202
-0.945169568 0.009098652 0.326453298 -145.686065674 0.022925625 0.998994410 0.038532630 2.918069839 -0.325774372 0.043904014 -0.944427609 -81.841224670
-0.935995281 0.009557121 0.351882637 -145.610794067 0.024925040 0.998921692 0.039169047 2.922014713 -0.351128876 0.045432735 -0.935224235 -82.035873413
-0.925653994 0.009560443 0.378250420 -145.514648438 0.027061937 0.998793364 0.040980976 2.929312706 -0.377402246 0.048170388 -0.924795687 -82.212753296
-0.913309991 0.009706239 0.407149404 -145.440399170 0.029963953 0.998607993 0.043408245 2.938942909 -0.406161338 0.051844992 -0.912329435 -82.333305359
-0.898799300 0.009202674 0.438263834 -145.314300537 0.031769712 0.998518050 0.044186980 2.946106911 -0.437207699 0.053638741 -0.897759676 -82.526657104
-0.881409585 0.009374461 0.472259790 -145.177490234 0.033533361 0.998522341 0.042764623 2.952219725 -0.471161038 0.053529613 -0.880421400 -82.723281860
-0.860843062 0.008368047 0.508801639 -145.024948120 0.033327758 0.998645246 0.039963033 2.963860035 -0.507777929 0.051359124 -0.859955668 -82.924278259
-0.837154984 0.005608596 0.546937048 -144.856063843 0.031355415 0.998795152 0.037751149 2.963013411 -0.546066344 0.048753005 -0.836322129 -83.117057800
-0.809138954 0.004486251 0.587600291 -144.668090820 0.031939674 0.998828351 0.036355730 2.956045389 -0.586748719 0.048184596 -0.808334231 -83.331573486
-0.777126908 0.007846070 0.629295111 -144.434204102 0.036699750 0.998785734 0.032868236 2.962054729 -0.628273010 0.048637774 -0.776471078 -83.571548462
-0.741743982 0.012719705 0.670562565 -144.176177979 0.041689150 0.998761117 0.027169315 2.987345695 -0.669386268 0.048107862 -0.741355240 -83.827354431
-0.705195189 0.013888742 0.708877206 -143.878540039 0.042646557 0.998828828 0.022855403 3.002355337 -0.707729518 0.046348698 -0.704961538 -84.075706482
-0.666246831 0.013330479 0.745612144 -143.530548096 0.043078147 0.998858631 0.020634605 3.015215874 -0.744486034 0.045867331 -0.666060567 -84.358421326
-0.625942349 0.013678892 0.779749393 -143.137664795 0.045398645 0.998789787 0.018922225 3.027546406 -0.778546929 0.047243789 -0.625805736 -84.626625061
-0.581543684 0.013288485 0.813406646 -142.719482422 0.046851952 0.998754025 0.017180247 3.067538738 -0.812164903 0.048100747 -0.581441760 -84.933380127
-0.536511004 0.009426096 0.843840718 -142.263427734 0.047150951 0.998710394 0.018822344 3.075746059 -0.842575133 0.049886286 -0.536263585 -85.193611145
-0.489565194 0.005114545 0.871951699 -141.778747559 0.049604882 0.998526692 0.021994125 3.082889795 -0.870554507 0.054020621 -0.489097655 -85.435302734
-0.440154016 0.002304188 0.897919297 -141.261062622 0.055101939 0.998181403 0.024449129 3.099175930 -0.896230042 0.060238484 -0.439480484 -85.670692444
-0.389531732 -0.001586905 0.921011746 -140.715881348 0.059280969 0.997881651 0.026791587 3.104894400 -0.919103265 0.065034643 -0.388612568 -85.879562378
-0.340902805 -0.005958375 0.940079629 -140.152404785 0.061757084 0.997677982 0.028718533 3.109008551 -0.938067794 0.067846812 -0.339743257 -86.034446716
-0.290686876 -0.010151878 0.956764340 -139.548950195 0.064471491 0.997463405 0.030171625 3.115601778 -0.954643667 0.070454530 -0.289294988 -86.190536499
-0.241840541 -0.012708040 0.970232785 -138.923995972 0.066954352 0.997312367 0.029751789 3.126366377 -0.968003273 0.072156481 -0.240339667 -86.324279785
-0.196722999 -0.012486906 0.980379581 -138.259384155 0.070811711 0.997126698 0.026909292 3.136086702 -0.977898657 0.074716032 -0.195273519 -86.436294556
-0.156796277 -0.011647385 0.987562299 -137.564178467 0.070061363 0.997280180 0.022885701 3.157055140 -0.985142827 0.072778359 -0.155553743 -86.531837463
-0.123284265 -0.011102639 0.992309272 -136.859802246 0.070017748 0.997348070 0.019857997 3.162061214 -0.989898205 0.071927443 -0.122179940 -86.594146729
-0.095570914 -0.008974735 0.995382190 -136.117691040 0.068927974 0.997499466 0.015611896 3.173172474 -0.993033290 0.070101723 -0.094713308 -86.650878906
-0.073724180 -0.007240475 0.997252345 -135.355346680 0.069528140 0.997503161 0.012382322 3.177713394 -0.994852006 0.070249997 -0.073036686 -86.698829651
-0.056150958 -0.006949463 0.998398185 -134.550262451 0.069770955 0.997503817 0.010867233 3.182910442 -0.995981336 0.070269398 -0.055525921 -86.741943359
-0.041950472 -0.005522488 0.999104440 -133.729751587 0.071339101 0.997415781 0.008508552 3.186365604 -0.996569574 0.071632147 -0.041448124 -86.769081116
-0.027477693 -0.003590833 0.999616027 -132.896728516 0.072888821 0.997324467 0.005586185 3.185083151 -0.996961534 0.073014326 -0.027142439 -86.790092468
-0.012785375 -0.000316625 0.999918222 -132.031188965 0.074212447 0.997241735 0.001264687 3.179839849 -0.997160494 0.074222557 -0.012726624 -86.796295166
0.001305656 0.002861226 0.999994993 -131.163528442 0.074354701 0.997227490 -0.002950390 3.171266794 -0.997231007 0.074358180 0.001089290 -86.788040161
0.013883385 0.003440029 0.999897659 -130.256027222 0.070820011 0.997479379 -0.004415034 3.167193413 -0.997392535 0.070874065 0.013604756 -86.767936707
0.023316415 0.003243764 0.999722898 -129.327255249 0.066743590 0.997758746 -0.004794035 3.154794693 -0.997497678 0.066836879 0.023047656 -86.739074707
0.028914630 0.003396068 0.999576032 -128.377746582 0.062440187 0.998035133 -0.005197031 3.143905640 -0.997629702 0.062563986 0.028645772 -86.703247070
0.030935360 0.003732659 0.999514401 -127.408065796 0.059640843 0.998204291 -0.005573675 3.129449368 -0.997740448 0.059784301 0.030657193 -86.658973694
0.031717978 0.002788317 0.999493003 -126.408981323 0.058822080 0.998257697 -0.004651542 3.122413635 -0.997764468 0.058939792 0.031498704 -86.623107910
0.033005811 0.001751680 0.999453664 -125.389511108 0.059011836 0.998250425 -0.003698370 3.113736629 -0.997711480 0.059101656 0.032844704 -86.588096619
0.035798166 0.000667255 0.999358773 -124.355361938 0.060517870 0.998163104 -0.002834259 3.090227842 -0.997524977 0.060580522 0.035691991 -86.544876099
0.040759832 0.000547637 0.999168813 -123.290016174 0.061179467 0.998122156 -0.003042801 3.085358381 -0.997294247 0.061252639 0.040649734 -86.511566162
0.044942662 0.001118456 0.998988867 -122.221389771 0.061036598 0.998128116 -0.003863411 3.072475672 -0.997123241 0.061148521 0.044790238 -86.452842712
0.049268432 0.001719475 0.998784006 -121.121719360 0.060461067 0.998159587 -0.004700838 3.065529823 -0.996953905 0.060619164 0.049073759 -86.395576477
0.054682426 0.001452663 0.998502672 -120.018928528 0.059590191 0.998211741 -0.004715652 3.053889990 -0.996724069 0.059758831 0.054498088 -86.334823608
0.059674170 -0.000872034 0.998217523 -118.897399902 0.060000591 0.998194635 -0.002714860 3.043557882 -0.996412992 0.060055654 0.059618771 -86.267395020
0.064199798 -0.004987912 0.997924626 -117.747314453 0.062383845 0.998051763 0.000975192 3.025273323 -0.995985270 0.062191769 0.064385884 -86.185592651
0.068656392 -0.007169697 0.997614563 -116.590019226 0.062717550 0.998027265 0.002856403 3.016633749 -0.995667040 0.062371831 0.068970628 -86.107223511
0.070166692 -0.006559751 0.997513771 -115.413879395 0.062605843 0.998035967 0.002159388 3.009054184 -0.995568752 0.062298667 0.070439562 -86.014671326
0.070231497 -0.004645363 0.997519910 -114.245758057 0.060710937 0.998155296 0.000373898 3.001685381 -0.995681643 0.060534101 0.070383959 -85.936187744
0.069386981 -0.004248606 0.997580826 -113.046257019 0.060709186 0.998155475 0.000028412 2.995251417 -0.995740891 0.060560342 0.069516934 -85.856483459
0.068290770 -0.006619682 0.997643530 -111.855682373 0.061567925 0.998099983 0.002408265 2.983222246 -0.995763838 0.061258379 0.068568565 -85.772453308
0.067185327 -0.008969841 0.997700214 -110.635871887 0.062674835 0.998022676 0.004752204 2.964127541 -0.995770037 0.062211420 0.067614637 -85.679367065
0.066634744 -0.010465220 0.997722566 -109.435531616 0.064251810 0.997914553 0.006176056 2.951191664 -0.995706499 0.063693941 0.067168184 -85.603645325
0.065990105 -0.010836119 0.997761369 -108.238838196 0.064024702 0.997926474 0.006603429 2.939631701 -0.995764077 0.063445613 0.066547044 -85.517791748
0.065292142 -0.011061717 0.997804821 -107.044914246 0.064796038 0.997875214 0.006822527 2.926713228 -0.995760202 0.064208344 0.065870129 -85.435272217
0.065169871 -0.009515950 0.997828841 -105.852928162 0.064261064 0.997918904 0.005319809 2.911009550 -0.995802879 0.063774861 0.065645762 -85.361740112
0.064042941 -0.007240135 0.997920871 -104.672653198 0.063803434 0.997957528 0.003145717 2.892705917 -0.995905340 0.063469328 0.064374089 -85.272323608
0.063414827 -0.006763849 0.997964323 -103.478240967 0.063208245 0.997996628 0.002747553 2.881104946 -0.995983481 0.062905349 0.063715316 -85.192718506
0.063283235 -0.009099735 0.997954071 -102.277534485 0.062927052 0.998005092 0.005109805 2.864413977 -0.996009648 0.062474955 0.063729636 -85.118247986
0.062437586 -0.011180719 0.997986257 -101.101928711 0.062674075 0.998007774 0.007259840 2.851018667 -0.996079087 0.062094584 0.063013963 -85.035461426
0.062400565 -0.009638618 0.998004615 -99.919357300 0.061471574 0.998092055 0.005795930 2.838116407 -0.996156335 0.060987245 0.062874004 -84.963737488
0.061943755 -0.007888579 0.998048484 -98.728782654 0.062356409 0.998045862 0.004018417 2.819068432 -0.996129870 0.061985802 0.062314615 -84.885978699
0.061368663 -0.006060419 0.998096704 -97.549659729 0.062899247 0.998017430 0.002192532 2.804479837 -0.996131361 0.062644973 0.061628189 -84.805809021
0.061065238 -0.008039955 0.998101413 -96.362350464 0.061203070 0.998116016 0.004295585 2.790178061 -0.996255577 0.060824566 0.061442267 -84.736900330
0.061365869 -0.011399544 0.998050213 -95.182083130 0.060330637 0.998148859 0.007691196 2.778563499 -0.996290326 0.059741039 0.061939999 -84.668060303
0.060182597 -0.013681645 0.998093665 -93.999008179 0.058761198 0.998220444 0.010140230 2.764620543 -0.996456265 0.058038913 0.060879454 -84.590827942
0.059707645 -0.012047227 0.998143137 -92.846588135 0.055859048 0.998400688 0.008708919 2.753335953 -0.996651769 0.055235334 0.060285065 -84.507057190
0.059669752 -0.010765119 0.998160064 -91.682960510 0.055304043 0.998441756 0.007462100 2.738832712 -0.996685028 0.054757033 0.060172122 -84.437072754
0.059221983 -0.009990212 0.998194873 -90.526527405 0.054318517 0.998500705 0.006770601 2.728178024 -0.996765852 0.053819500 0.059675850 -84.356071472
0.059364196 -0.010582428 0.998180330 -89.367256165 0.053137764 0.998559654 0.007426219 2.718814373 -0.996821046 0.052600224 0.059841011 -84.285514832
0.058690730 -0.012241297 0.998201072 -88.219650269 0.054059524 0.998496473 0.009066408 2.704868317 -0.996811390 0.053430170 0.059264246 -84.203781128
0.058485173 -0.012082957 0.998215139 -87.065887451 0.054357778 0.998481750 0.008901376 2.690399170 -0.996807277 0.053740159 0.059053212 -84.131683350
0.058371115 -0.009616188 0.998248637 -85.934005737 0.056989986 0.998354852 0.006284808 2.682282925 -0.996666968 0.056523327 0.058823105 -84.065536499
0.059377830 -0.008499583 0.998199403 -84.777465820 0.059708733 0.998203576 0.004947844 2.668260574 -0.996448278 0.059307422 0.059778694 -84.007476807
0.060614139 -0.009064117 0.998120129 -83.632125854 0.062140804 0.998053372 0.005289804 2.652298689 -0.996225059 0.061703350 0.061059412 -83.932014465
0.063306600 -0.010163467 0.997942388 -82.499526978 0.062464766 0.998027921 0.006201752 2.640611172 -0.996037424 0.061943628 0.063816637 -83.855125427
