1.000000000 0.000000000 0.000000030 0.000000000 0.000000000 1.000000000 0.000000002 -0.000000954 0.000000030 0.000000002 1.000000000 0.000015259
0.999991357 -0.002494996 -0.003332525 -0.003998897 0.002487700 0.999994516 -0.002191788 -0.004839707 0.003338035 0.002183482 0.999992073 0.666413128
0.999971628 -0.001535099 -0.007371813 -0.013234902 0.001510244 0.999993145 -0.003375832 -0.013550796 0.007376969 0.003364606 0.999967217 1.368645668
0.999934793 -0.001460366 -0.011320083 -0.026630895 0.001406100 0.999987543 -0.004799966 -0.016448867 0.011327059 0.004783736 0.999924481 2.075490713
0.999867141 -0.000245193 -0.016289016 -0.045446962 0.000153822 0.999984324 -0.005610134 -0.017825685 0.016290240 0.005606885 0.999851644 2.804673910
0.999794185 -0.001096304 -0.020252049 -0.070816778 0.000982396 0.999983668 -0.005633589 -0.031345062 0.020257948 0.005612533 0.999779046 3.548535824
0.999692857 0.000676118 -0.024771433 -0.095581621 -0.000852351 0.999974430 -0.007104470 -0.033339690 0.024766054 0.007123401 0.999667883 4.303369999
0.999561846 0.003407444 -0.029400537 -0.130019799 -0.003631898 0.999964654 -0.007584310 -0.045485210 0.029373709 0.007687766 0.999538958 5.064424992
0.999404907 0.003427285 -0.034322023 -0.150080621 -0.003628899 0.999976516 -0.005813642 -0.052917816 0.034301370 0.005934733 0.999393940 5.862733841
0.999237180 0.002989417 -0.038934492 -0.184292212 -0.003123265 0.999989390 -0.003377435 -0.057597600 0.038924064 0.003496462 0.999236166 6.662992001
0.999106884 0.002363620 -0.042186793 -0.226609290 -0.002384588 0.999997079 -0.000446749 -0.066825055 0.042185694 0.000546949 0.999109626 7.471431732
0.999002874 0.003943494 -0.044469789 -0.273518234 -0.004001841 0.999991238 -0.001223175 -0.073617041 0.044464663 0.001399918 0.999010086 8.279058456
0.998906612 0.003555085 -0.046613149 -0.319729447 -0.003641684 0.999991775 -0.001773031 -0.080892652 0.046606481 0.001940845 0.998911440 9.111631393
0.998842418 0.000701520 -0.048098050 -0.364320159 -0.000811484 0.999997020 -0.002266747 -0.087015271 0.048096329 0.002303155 0.998840153 9.945115089
0.998720407 0.000259911 -0.050571218 -0.402543187 -0.000325467 0.999999046 -0.001288083 -0.095398620 0.050570842 0.001302895 0.998719692 10.795035362
0.998609900 -0.001488095 -0.052689817 -0.444118798 0.001389880 0.999997139 -0.001900615 -0.102463216 0.052692510 0.001824741 0.998609185 11.647055626
0.998540223 0.000778142 -0.054006424 -0.494766116 -0.000986055 0.999992192 -0.003823183 -0.113729805 0.054002970 0.003870856 0.998533368 12.490403175
0.998481870 0.001176014 -0.055068627 -0.553107738 -0.001540171 0.999977171 -0.006570784 -0.121029422 0.055059582 0.006645625 0.998461008 13.356020927
0.998406529 0.005156534 -0.056194656 -0.620861888 -0.005644440 0.999947608 -0.008527136 -0.131697252 0.056147680 0.008830735 0.998383522 14.224884987
0.998298347 0.005539323 -0.058049418 -0.661789954 -0.005996383 0.999952376 -0.007702377 -0.147783428 0.058003925 0.008037359 0.998283982 15.125268936
0.998215079 0.005314045 -0.059486866 -0.719788611 -0.005676158 0.999966323 -0.005919915 -0.167143479 0.059453521 0.006247002 0.998211443 16.010335922
0.998134375 0.006022407 -0.060757734 -0.780645907 -0.006320595 0.999968946 -0.004716786 -0.176461875 0.060727548 0.005092008 0.998141408 16.908313751
0.998109996 0.005846511 -0.061173182 -0.847941816 -0.006118572 0.999972284 -0.004260953 -0.196877107 0.061146684 0.004627191 0.998118043 17.808576584
0.997978687 0.005420968 -0.063318096 -0.898882568 -0.005761553 0.999969900 -0.005197695 -0.204539329 0.063288040 0.005552001 0.997979879 18.712522507
0.997918248 0.003987005 -0.064368501 -0.960278392 -0.004367407 0.999973834 -0.005770208 -0.217507184 0.064343840 0.006039322 0.997909486 19.626310349
0.997866452 0.003545307 -0.065191835 -1.015575409 -0.003817402 0.999984503 -0.004049756 -0.227997690 0.065176472 0.004289980 0.997864604 20.546688080
0.997875512 0.005502490 -0.064916223 -1.084477305 -0.005571365 0.999984086 -0.000880016 -0.239535585 0.064910412 0.001239821 0.997890413 21.464651108
0.997932732 0.006490829 -0.063937701 -1.147241592 -0.006321692 0.999975920 0.002847278 -0.248403579 0.063954689 -0.002437195 0.997949958 22.394405365
0.998058498 0.005808986 -0.062011443 -1.216227531 -0.005489841 0.999970794 0.005315688 -0.250672281 0.062040567 -0.004964932 0.998061359 23.327440262
0.998132288 0.005260684 -0.060862057 -1.265705585 -0.004860600 0.999965727 0.006719772 -0.261985093 0.060895383 -0.006411393 0.998123527 24.269580841
0.998223543 0.005746419 -0.059302963 -1.324219823 -0.005518326 0.999976695 0.004009254 -0.270143867 0.059324689 -0.003674876 0.998232007 25.211580276
0.998257518 0.006218750 -0.058679298 -1.382386684 -0.006275494 0.999979913 -0.000782784 -0.273876131 0.058673315 0.001149666 0.998276651 26.152122498
0.998342872 0.005971069 -0.057235900 -1.439538002 -0.006195762 0.999973893 -0.003749004 -0.283336371 0.057212029 0.004097408 0.998353779 27.094717026
0.998376310 0.003223037 -0.056873228 -1.489725113 -0.003391388 0.999990106 -0.002863773 -0.291774213 0.056863453 0.003051999 0.998377323 28.055843353
0.998393297 0.002009484 -0.056628466 -1.551883221 -0.001882214 0.999995708 0.002300670 -0.305210829 0.056632876 -0.002190385 0.998392701 29.024782181
0.998354912 -0.001804153 -0.057308801 -1.609008908 0.002138498 0.999981046 0.005773304 -0.315509021 0.057297338 -0.005886359 0.998339832 29.997417450
0.998245060 -0.008978137 -0.058533102 -1.654073715 0.009282310 0.999944866 0.004926721 -0.318600953 0.058485657 -0.005461393 0.998273253 30.964668274
0.998140752 -0.011110099 -0.059930399 -1.709098577 0.011199333 0.999936640 0.001153187 -0.326226264 0.059913803 -0.001822219 0.998201787 31.935304642
0.998044133 -0.011189357 -0.061503172 -1.767631888 0.011033319 0.999934971 -0.002876110 -0.331347823 0.061531335 0.002191901 0.998102784 32.912570953
0.997923672 -0.009669768 -0.063676566 -1.835247755 0.009459384 0.999948800 -0.003604572 -0.340566069 0.063708134 0.002994747 0.997964144 33.896167755
0.997878194 -0.010035860 -0.064331107 -1.899240255 0.009915758 0.999948382 -0.002185968 -0.351814985 0.064349771 0.001543440 0.997926235 34.880092621
0.997818351 -0.006905844 -0.065657087 -1.970824361 0.006955488 0.999975681 0.000527558 -0.364251256 0.065651879 -0.000983083 0.997842133 35.876071930
0.997735858 -0.006625430 -0.066928111 -2.037682772 0.006770213 0.999975204 0.001936775 -0.378814995 0.066913694 -0.002385508 0.997755826 36.870704651
0.997669578 -0.005981995 -0.067969784 -2.107496023 0.006306357 0.999969780 0.004558700 -0.384894788 0.067940533 -0.004976719 0.997676909 37.844589233
0.997690082 -0.005782080 -0.067682996 -2.180841684 0.006303400 0.999952018 0.007491290 -0.390788704 0.067636497 -0.007900619 0.997678697 38.858478546
0.997667015 -0.000030381 -0.068268314 -2.258986712 0.000691336 0.999953091 0.009658068 -0.391843647 0.068264864 -0.009682732 0.997620225 39.843238831
0.997670650 0.000108617 -0.068214051 -2.342437983 0.000501559 0.999959946 0.008927790 -0.395115048 0.068212338 -0.008941207 0.997630835 40.842567444
0.997654080 0.000018489 -0.068457015 -2.397524357 0.000482544 0.999973178 0.007302409 -0.400248915 0.068455301 -0.007318309 0.997627378 41.830398560
0.997649908 0.002278829 -0.068480060 -2.477675200 -0.001939658 0.999985516 0.005018944 -0.404247701 0.068490498 -0.004874318 0.997639954 42.825008392
0.997596383 0.001854090 -0.069267631 -2.546132803 -0.001503471 0.999985814 0.005113522 -0.411653548 0.069276184 -0.004997088 0.997585058 43.803348541
0.997502089 0.000078714 -0.070636928 -2.616083145 0.000372463 0.999979615 0.006374003 -0.420655489 0.070636064 -0.006384389 0.997481704 44.789386749
0.997456491 0.000790953 -0.071273588 -2.687917709 -0.000254036 0.999971628 0.007541867 -0.431121290 0.071277589 -0.007504578 0.997428298 45.765827179
0.997429192 0.002461817 -0.071616821 -2.759519100 -0.002173437 0.999989271 0.004104327 -0.438391656 0.071626157 -0.003938116 0.997423708 46.747386932
0.997356355 0.002837293 -0.072610192 -2.837521553 -0.002846762 0.999996066 -0.000026964 -0.446363926 0.072609834 0.000233601 0.997360408 47.714809418
0.997298777 0.003817955 -0.073351339 -2.913210630 -0.003949231 0.999990880 -0.001644775 -0.449573398 0.073344387 0.001930018 0.997304797 48.668304443
0.997296929 0.002042576 -0.073447436 -2.983454466 -0.001874320 0.999995410 0.002359759 -0.468419522 0.073451988 -0.002215715 0.997296333 49.656276703
0.997289598 0.000331690 -0.073574282 -3.056559086 0.000058062 0.999986053 0.005295253 -0.476985991 0.073575072 -0.005285172 0.997275710 50.626728058
0.997287333 -0.001087858 -0.073599786 -3.133421898 0.001548247 0.999979675 0.006198600 -0.492614836 0.073591612 -0.006295734 0.997268558 51.586338043
0.997247815 -0.004516374 -0.074001610 -3.197684765 0.004883844 0.999976635 0.004785523 -0.496712148 0.073978327 -0.005133764 0.997246623 52.537559509
0.997215748 -0.007344438 -0.074207596 -3.270540237 0.007635490 0.999964237 0.003639203 -0.507574797 0.074178286 -0.004195682 0.997236133 53.490955353
0.997099221 -0.008980992 -0.075581260 -3.340960979 0.009372941 0.999944448 0.004832685 -0.515071094 0.075533740 -0.005527084 0.997127831 54.448478699
0.996974766 -0.012539743 -0.076708078 -3.402426243 0.013267623 0.999871612 0.008986726 -0.521060288 0.076585591 -0.009977272 0.997013152 55.394271851
0.996955693 -0.013225988 -0.076841146 -3.482878208 0.014327826 0.999801993 0.013805600 -0.523521066 0.076643385 -0.014864534 0.996947825 56.332668304
0.996945798 -0.011335265 -0.077269025 -3.566174984 0.012604576 0.999793231 0.015959315 -0.522444606 0.077072203 -0.016884515 0.996882498 57.276157379
0.996793866 -0.010890504 -0.079268627 -3.632202864 0.011878381 0.999857426 0.012001561 -0.524253011 0.079126686 -0.012904663 0.996780992 58.226287842
0.996713698 -0.008791030 -0.080525897 -3.707954407 0.009164837 0.999948800 0.004273626 -0.530021906 0.080484293 -0.004997588 0.996743381 59.132156372
0.996674538 -0.006638868 -0.081214651 -3.791548252 0.006589427 0.999977887 -0.000876808 -0.534344137 0.081218757 0.000338736 0.996696293 60.045127869
0.996603608 -0.002005440 -0.082324177 -3.873000145 0.002020875 0.999997914 0.000104153 -0.546406150 0.082323872 -0.000270164 0.996605694 60.945339203
0.996503472 0.000491917 -0.083550066 -3.952565670 -0.000283649 0.999996781 0.002504576 -0.559761226 0.083551079 -0.002472119 0.996500492 61.844219208
0.996417105 0.003107201 -0.084517159 -4.032508373 -0.002784893 0.999988437 0.003931140 -0.572251081 0.084528439 -0.003681684 0.996414304 62.728965759
0.996314228 0.004033456 -0.085682839 -4.110328674 -0.003713114 0.999985576 0.003897700 -0.586372137 0.085697375 -0.003565185 0.996314883 63.597309113
0.996173084 0.005602751 -0.087221481 -4.195167542 -0.005221868 0.999975979 0.004594375 -0.593028843 0.087245181 -0.004121335 0.996178448 64.454071045
0.996044040 0.006748959 -0.088604137 -4.268336296 -0.006306821 0.999966264 0.005269011 -0.605120063 0.088636704 -0.004689356 0.996052980 65.285392761
0.995915473 0.006196700 -0.090077363 -4.343070030 -0.005696660 0.999966979 0.005807218 -0.613898039 0.090110347 -0.005270357 0.995917857 66.107185364
0.995815873 0.006127053 -0.091176607 -4.422729492 -0.005524239 0.999961317 0.006862466 -0.622641325 0.091215186 -0.006330070 0.995811164 66.917076111
0.995658755 0.008804630 -0.092660606 -4.502852440 -0.007942931 0.999921739 0.009664285 -0.628931999 0.092738524 -0.008886332 0.995650947 67.717231750
0.995527089 0.010573982 -0.093882285 -4.581479549 -0.009323913 0.999862075 0.013743953 -0.635969818 0.094014764 -0.012807126 0.995488405 68.502609253
0.995341241 0.013939937 -0.095400997 -4.664700031 -0.012529672 0.999803424 0.015365599 -0.637881398 0.095596537 -0.014098670 0.995320320 69.276466370
0.995170832 0.016639918 -0.096737355 -4.744908333 -0.015612142 0.999813437 0.011371695 -0.647573650 0.096908540 -0.009806499 0.995244980 70.020812988
0.995031536 0.016870596 -0.098120302 -4.820721626 -0.016552266 0.999854684 0.004057523 -0.654819369 0.098174520 -0.002413247 0.995166242 70.744216919
0.994892597 0.015555101 -0.099733621 -4.889657974 -0.015810898 0.999873459 -0.001774866 -0.661725461 0.099693447 0.003342681 0.995012581 71.450500488
0.994841814 0.015967727 -0.100173354 -4.965165138 -0.016354974 0.999861658 -0.003045690 -0.665395796 0.100110911 0.004668314 0.994965315 72.142684937
0.994732559 0.019032465 -0.100721300 -5.046872616 -0.019075276 0.999817908 0.000538046 -0.676958919 0.100713283 0.001386079 0.994914532 72.818267822
0.994591892 0.019406974 -0.102030329 -5.118529320 -0.019221088 0.999811411 0.002804715 -0.692814350 0.102065593 -0.000828409 0.994777322 73.471466064
0.994549334 0.015951935 -0.103039205 -5.182085991 -0.016080175 0.999870658 -0.000414005 -0.705956340 0.103019357 0.002068640 0.994677186 74.099388123
0.994636536 0.007976209 -0.103123643 -5.232011795 -0.008599302 0.999947250 -0.005599012 -0.718827963 0.103073530 0.006455776 0.994652808 74.710411072
0.994763434 0.004042954 -0.102124006 -5.286200047 -0.005156958 0.999929965 -0.010646679 -0.724784911 0.102073796 0.011117579 0.994714737 75.308540344
0.995060086 0.006122688 -0.099085510 -5.347602844 -0.007241710 0.999913931 -0.010937781 -0.736212730 0.099009998 0.011601301 0.995018840 75.892578125
0.995415807 0.011398192 -0.094960123 -5.408523560 -0.012168377 0.999897540 -0.007535462 -0.754619777 0.094864547 0.008656427 0.995452523 76.456199646
0.995871663 0.009910060 -0.090230107 -5.459090233 -0.010338690 0.999937296 -0.004284251 -0.767088056 0.090182044 0.005199421 0.995911717 77.013725281
0.996391773 0.006265409 -0.084640510 -5.495008469 -0.006330714 0.999979794 -0.000503181 -0.770990908 0.084635712 0.001037197 0.996411383 77.562347412
0.997072577 0.001668366 -0.076442331 -5.524968147 -0.001415197 0.999993205 0.003365947 -0.790899515 0.076447472 -0.003247917 0.997068405 78.089248657
0.997811437 0.005492605 -0.065893710 -5.553827763 -0.005305985 0.999981403 0.003006775 -0.796395302 0.065908991 -0.002650565 0.997822106 78.602859497
0.998646855 0.010721760 -0.050888222 -5.580579281 -0.010603365 0.999940395 0.002595916 -0.804565251 0.050913028 -0.002052818 0.998700857 79.108413696
0.999348462 0.015628483 -0.032530963 -5.599413872 -0.015532795 0.999874353 0.003192022 -0.812098384 0.032576758 -0.002684646 0.999465585 79.603515625
0.999843717 0.014261885 -0.010443624 -5.588184834 -0.014223784 0.999891937 0.003713114 -0.816897511 0.010495447 -0.003563987 0.999938548 80.084228516
0.999820173 0.010755874 0.015616300 -5.554958820 -0.010829676 0.999930501 0.004648976 -0.822435975 -0.015565185 -0.004817257 0.999867320 80.533134460
0.998939991 0.009645158 0.045010895 -5.510046959 -0.009938265 0.999930739 0.006292637 -0.831109941 -0.044947073 -0.006733293 0.998966873 80.991500854
0.996880054 0.009305846 0.078379855 -5.457184315 -0.009964314 0.999918163 0.008014070 -0.840415597 -0.078298852 -0.008770064 0.996891439 81.442764282
0.993240416 0.009396459 0.115692921 -5.377596855 -0.010362877 0.999916196 0.007754620 -0.835906565 -0.115610346 -0.008901112 0.993254781 81.883514404
0.987481117 0.008963006 0.157481804 -5.294118881 -0.010398814 0.999911487 0.008295706 -0.850007236 -0.157393426 -0.009829477 0.987487078 82.285209656
0.979190528 0.008605772 0.202760205 -5.180995941 -0.010526785 0.999909401 0.008397805 -0.857218683 -0.202669472 -0.010357467 0.979192495 82.701644897
0.967797816 0.010766938 0.251498044 -5.046321869 -0.012722110 0.999900162 0.006149442 -0.863388658 -0.251406670 -0.009151004 0.967838347 83.100433350
0.952280164 0.011873594 0.304994285 -4.898452759 -0.013527009 0.999903083 0.003308463 -0.870302796 -0.304925382 -0.007276245 0.952348530 83.485244751
0.932583332 0.012582200 0.360735238 -4.716363907 -0.013805274 0.999904394 0.000813828 -0.870945692 -0.360690504 -0.005739013 0.932667971 83.856735229
0.908314109 0.012148335 0.418112397 -4.529851913 -0.013216271 0.999912620 -0.000341403 -0.885954559 -0.418079972 -0.005215787 0.908395290 84.191925049
0.879682720 0.012548789 0.475395292 -4.310535431 -0.012956397 0.999913096 -0.002419419 -0.891096294 -0.475384384 -0.004031088 0.879769027 84.495513916
0.846122563 0.011434006 0.532865644 -4.071479797 -0.010605711 0.999933064 -0.004615628 -0.894981503 -0.532882810 -0.001746030 0.846187294 84.801177979
0.809302151 0.010919077 0.587291002 -3.810085297 -0.009337920 0.999939978 -0.005723266 -0.906012893 -0.587318301 -0.000852223 0.809355676 85.089019775
0.769431770 0.009714239 0.638655066 -3.533218384 -0.008590139 0.999951184 -0.004860594 -0.914836287 -0.638671219 -0.001746238 0.769477844 85.358657837
0.727347791 0.009527661 0.686202884 -3.239372253 -0.009991803 0.999944627 -0.003292931 -0.915909171 -0.686196327 -0.004461298 0.727402806 85.597152710
0.682584584 0.008421273 0.730758011 -2.937294006 -0.008577067 0.999957025 -0.003511885 -0.918491006 -0.730756342 -0.003870601 0.682627559 85.815368652
0.637076199 0.006690913 0.770771861 -2.602657318 -0.005276234 0.999976695 -0.004319563 -0.931372344 -0.770782828 -0.001314881 0.637096763 86.014328003
0.590332985 0.003983260 0.807150006 -2.278316498 0.000963044 0.999983668 -0.005639235 -0.934904575 -0.807159185 0.004106349 0.590319574 86.192092896
0.543691993 0.005871448 0.839264333 -1.944778442 -0.001194553 0.999980032 -0.006221951 -0.946229398 -0.839283943 0.002380281 0.543688178 86.360168457
0.496936798 0.009263967 0.867737293 -1.606357574 -0.004418287 0.999957085 -0.008145274 -0.947126150 -0.867775440 0.000213775 0.496956468 86.514305115
0.451578408 0.010761222 0.892166495 -1.268863678 -0.005087585 0.999942183 -0.009486070 -0.962410986 -0.892216802 -0.000255266 0.451607108 86.645423889
0.408345997 0.009025478 0.912782669 -0.914821625 0.001228627 0.999944866 -0.010436968 -0.965948820 -0.912826419 0.005383366 0.408312500 86.769828796
0.368578494 0.001113595 0.929596066 -0.539751053 0.015983498 0.999843895 -0.007535093 -0.973995626 -0.929459155 0.017635455 0.368503273 86.869888306
0.333316296 -0.002309676 0.942812264 -0.173313141 0.019987917 0.999789655 -0.004617153 -0.975957036 -0.942603171 0.020383820 0.333292425 86.959632874
0.299930751 0.001464244 0.953959882 0.190380096 0.017341377 0.999825299 -0.006986877 -0.985265553 -0.953803301 0.018638551 0.299852997 87.057319641
0.269075781 0.009105120 0.963075876 0.561199188 0.006494516 0.999915481 -0.011267925 -0.998980820 -0.963097036 0.009286635 0.268994033 87.156784058
0.240630820 0.013749854 0.970519304 0.941259384 0.001811189 0.999891460 -0.014615055 -1.015042067 -0.970614970 0.005274628 0.240579844 87.245513916
0.214905977 0.015318972 0.976514578 1.332693100 0.003182200 0.999860704 -0.016385537 -1.029218197 -0.976629555 0.006628816 0.214827314 87.311485291
0.191418484 0.016744457 0.981365561 1.741970062 0.010468611 0.999762714 -0.019100294 -1.037954807 -0.981452703 0.013929686 0.191197783 87.367889404
0.171683460 0.022728138 0.984889925 2.152622223 0.017283536 0.999510407 -0.026078356 -1.040310144 -0.985000551 0.021499606 0.171206594 87.406288147
0.151750013 0.029782996 0.987970054 2.575047493 0.019487944 0.999261498 -0.033116687 -1.036909938 -0.988226771 0.024278969 0.151057601 87.460205078
0.134112135 0.030403465 0.990499675 3.013545990 0.017123077 0.999308884 -0.032992311 -1.050314903 -0.990818143 0.021385077 0.133498892 87.515182495
0.118878245 0.026255831 0.992561638 3.474294662 0.015103989 0.999486804 -0.028248010 -1.072111487 -0.992793918 0.018349722 0.118420742 87.564086914
0.104113549 0.022953134 0.994300485 3.945671082 0.015347552 0.999577522 -0.024681995 -1.091642141 -0.994446993 0.017829807 0.103717387 87.609756470
0.090879373 0.020389458 0.995653093 4.429726601 0.017659990 0.999600172 -0.022082217 -1.107494473 -0.995705307 0.019590039 0.090483047 87.642456055
0.079214402 0.019501790 0.996666908 4.920731068 0.021233842 0.999548674 -0.021245830 -1.122992516 -0.996631444 0.022846038 0.078764662 87.667732239
0.068973675 0.020256439 0.997412682 5.439987659 0.024172796 0.999466240 -0.021969751 -1.138538837 -0.997325659 0.025625592 0.068447292 87.699729919
0.061425030 0.020922838 0.997892380 5.967271805 0.026382891 0.999396861 -0.022578375 -1.147833824 -0.997762918 0.027714161 0.060836047 87.720420837
0.055796795 0.021073444 0.998219728 6.517011642 0.028059512 0.999349356 -0.022665709 -1.163989663 -0.998047769 0.029274233 0.055169240 87.747177124
0.050148372 0.022040511 0.998498499 7.079705715 0.029674465 0.999282181 -0.023548177 -1.180811882 -0.998300850 0.030810812 0.049458407 87.772651672
0.044359300 0.022858512 0.998754084 7.671009064 0.030003019 0.999256790 -0.024202593 -1.193702698 -0.998565018 0.031039244 0.043640520 87.793563843
0.039889839 0.022829469 0.998943269 8.273939133 0.032582901 0.999177635 -0.024135929 -1.210153461 -0.998672605 0.033511251 0.039113205 87.812873840
0.036977142 0.022886485 0.999053895 8.894047737 0.034189288 0.999123514 -0.024153493 -1.228098869 -0.998731196 0.035050072 0.036162317 87.831298828
0.033867396 0.022546217 0.999171972 9.533679962 0.035204727 0.999098182 -0.023737833 -1.244409323 -0.998806059 0.035979521 0.033043183 87.849243164
0.031535953 0.021723829 0.999266505 10.193428993 0.037204973 0.999045372 -0.022893175 -1.265232682 -0.998809934 0.037899639 0.030697674 87.868232727
0.031014556 0.021339588 0.999291122 10.868297577 0.041940801 0.998863697 -0.022632161 -1.283181906 -0.998638570 0.042613000 0.030084375 87.880088806
0.031973779 0.020945152 0.999269247 11.565775871 0.044969209 0.998737872 -0.022372900 -1.300619483 -0.998476624 0.045651700 0.030991584 87.898979187
0.034321394 0.021091567 0.999188244 12.270649910 0.046492696 0.998661220 -0.022677435 -1.316178083 -0.998328924 0.047233280 0.033294894 87.922332764
0.038155165 0.020890737 0.999053419 12.994103432 0.049210474 0.998529136 -0.022759190 -1.337248325 -0.998059392 0.050032284 0.037071049 87.948432922
0.042646736 0.020223036 0.998885512 13.739858627 0.049694993 0.998514712 -0.022337217 -1.361659050 -0.997853577 0.050592199 0.041578412 87.978034973
0.046433527 0.018738456 0.998745561 14.495199203 0.051289763 0.998460531 -0.021117659 -1.379525900 -0.997603834 0.052205984 0.045400962 88.017982483
0.050361894 0.016945276 0.998587251 15.266068459 0.051220451 0.998496473 -0.019526938 -1.401528239 -0.997416794 0.052131496 0.049418233 88.062004089
0.054666761 0.014978209 0.998392284 16.049709320 0.048141450 0.998685241 -0.017618570 -1.418960452 -0.997343540 0.049027197 0.053873815 88.112312317
0.058350619 0.014003851 0.998197913 16.841537476 0.046889178 0.998759627 -0.016752686 -1.438960791 -0.997194350 0.047782205 0.057621632 88.163291931
0.062475242 0.014878103 0.997935593 17.642774582 0.044223499 0.998865485 -0.017660562 -1.460148096 -0.997066259 0.045235548 0.061746426 88.223312378
0.065489553 0.018692398 0.997678161 18.436435699 0.042085353 0.998883069 -0.021477543 -1.488992453 -0.996965349 0.043394186 0.064629748 88.278282166
0.066885754 0.024172826 0.997467875 19.233848572 0.035979703 0.998997808 -0.026622549 -1.513798714 -0.997111678 0.037669264 0.065949008 88.345062256
0.066949368 0.027403155 0.997379959 20.075258255 0.033685047 0.998990893 -0.029708521 -1.539232731 -0.997187555 0.035585761 0.065958820 88.403862000
0.066813461 0.027214782 0.997394204 20.885639191 0.031644437 0.999067307 -0.029380228 -1.564685941 -0.997263551 0.033524971 0.065890044 88.472702026
0.066637680 0.025254723 0.997457504 21.700170517 0.028500391 0.999223530 -0.027203472 -1.600887299 -0.997370183 0.030240702 0.065866254 88.536170959
0.066531233 0.024029618 0.997494936 22.521179199 0.029116593 0.999237478 -0.026013618 -1.636322141 -0.997359455 0.030774370 0.065780938 88.591636658
0.066992171 0.023170067 0.997484505 23.363212585 0.026613683 0.999333084 -0.025000410 -1.670315266 -0.997398496 0.028221568 0.066330872 88.657081604
0.067248233 0.023560032 0.997458100 24.176845551 0.025037631 0.999366462 -0.025293134 -1.699821234 -0.997422040 0.026674910 0.066615783 88.716835022
0.067247905 0.024301292 0.997440338 24.990398407 0.021922441 0.999426007 -0.025827689 -1.729687572 -0.997495353 0.023603186 0.066676587 88.780197144
0.066215158 0.025560346 0.997478008 25.791646957 0.019051244 0.999457240 -0.026875734 -1.764014721 -0.997623503 0.020782787 0.065692283 88.835174561
0.063043475 0.025332281 0.997689247 26.629680634 0.016452186 0.999515533 -0.026418265 -1.794516563 -0.997875214 0.018079663 0.062596135 88.902091980
0.059396666 0.024066798 0.997944295 27.441204071 0.013885147 0.999592721 -0.024932986 -1.826224089 -0.998137832 0.015337538 0.059038278 88.955200195
0.053937387 0.021417055 0.998314619 28.253313065 0.012149181 0.999681830 -0.022102792 -1.857875347 -0.998470485 0.013320872 0.053659990 89.008918762
0.048640668 0.019526491 0.998625398 29.073045731 0.010632899 0.999742091 -0.020066231 -1.883326054 -0.998759747 0.011594320 0.048420459 89.042343140
0.040934261 0.019932268 0.998962998 29.877578735 0.010388675 0.999738455 -0.020373439 -1.909113407 -0.999107838 0.011211878 0.040716443 89.078994751
0.032380760 0.020728141 0.999260604 30.681777954 0.009776952 0.999730527 -0.021054709 -1.939270735 -0.999427795 0.010451492 0.032169331 89.102935791
0.022308858 0.021177985 0.999526739 31.482688904 0.010286887 0.999717832 -0.021411628 -1.964540362 -0.999698222 0.010759692 0.022084771 89.119926453
0.012226218 0.020181179 0.999721467 32.281585693 0.011571098 0.999726534 -0.020322787 -1.990140438 -0.999858320 0.011816352 0.011989421 89.125762939
0.001168862 0.019462472 0.999809861 33.073638916 0.010406821 0.999756277 -0.019473590 -2.017505169 -0.999945164 0.010427606 0.000966100 89.130210876
-0.009870945 0.018610904 0.999778032 33.869762421 0.012506668 0.999750853 -0.018486915 -2.042196989 -0.999872983 0.012321411 -0.010101199 89.116302490
-0.020710200 0.018773193 0.999609232 34.650764465 0.012637792 0.999748766 -0.018513976 -2.068988800 -0.999705613 0.012249426 -0.020942202 89.095924377
-0.031639725 0.019601762 0.999307036 35.430709839 0.012969893 0.999731541 -0.019199435 -2.094394922 -0.999415159 0.012353440 -0.031885445 89.068885803
-0.042223182 0.020727808 0.998893142 36.204738617 0.012578691 0.999716520 -0.020213189 -2.120990276 -0.999029040 0.011711303 -0.042471923 89.034713745
-0.052889913 0.021694267 0.998364687 36.983367920 0.012838475 0.999696076 -0.021043068 -2.146248579 -0.998517811 0.011704516 -0.053152349 89.001502991
-0.062372655 0.022554282 0.997798085 37.742618561 0.013712150 0.999669552 -0.021739440 -2.169696093 -0.997958779 0.012326012 -0.062661305 88.951980591
-0.072132558 0.022904497 0.997132063 38.493511200 0.014193368 0.999658585 -0.021935789 -2.196111679 -0.997294128 0.012570378 -0.072433017 88.897872925
-0.081446052 0.023425845 0.996402442 39.258960724 0.015241000 0.999636054 -0.022256073 -2.219794989 -0.996561229 0.013373503 -0.081773371 88.837203979
-0.089979701 0.022780543 0.995683074 39.991252899 0.016499333 0.999635220 -0.021379925 -2.246091127 -0.995806932 0.014504349 -0.090322666 88.765563965
-0.097289443 0.021606574 0.995021701 40.713802338 0.018207662 0.999635637 -0.019926488 -2.274191380 -0.995089650 0.016178383 -0.097647324 88.687271118
-0.102495462 0.020231400 0.994527817 41.446651459 0.021478433 0.999604940 -0.018121133 -2.296966314 -0.994501531 0.019503569 -0.102889456 88.611770630
-0.105759241 0.018771725 0.994214594 42.157875061 0.024102909 0.999576449 -0.016309028 -2.315795422 -0.994099617 0.022238638 -0.106166862 88.518272400
-0.108593345 0.017483704 0.993932486 42.856590271 0.025778379 0.999558568 -0.014766226 -2.338889122 -0.993752062 0.024018457 -0.108996101 88.441925049
-0.110530384 0.016622435 0.993733823 43.546550751 0.025590727 0.999576271 -0.013873779 -2.362563848 -0.993543267 0.023896888 -0.110908933 88.366546631
-0.111289442 0.017265858 0.993637979 44.209362030 0.026806712 0.999537408 -0.014365965 -2.380576611 -0.993426502 0.025037384 -0.111700810 88.295242310
-0.110095263 0.018117679 0.993755758 44.866981506 0.027156346 0.999515414 -0.015214115 -2.404082298 -0.993550003 0.025311785 -0.110533886 88.215217590
-0.107173681 0.019910466 0.994040847 45.504772186 0.028559631 0.999448538 -0.016939592 -2.422941208 -0.993830144 0.026573967 -0.107683182 88.151100159
-0.102094471 0.020155404 0.994570494 46.113571167 0.028176228 0.999452055 -0.017361991 -2.448725700 -0.994375587 0.026250683 -0.102606423 88.093528748
-0.094198897 0.021009861 0.995331645 46.719799042 0.028171482 0.999433219 -0.018430267 -2.467185259 -0.995154738 0.026303856 -0.094737388 88.038322449
-0.082810886 0.020937162 0.996345282 47.298069000 0.026916262 0.999461710 -0.018765507 -2.488580227 -0.996201694 0.025263904 -0.083329819 87.996940613
-0.069575816 0.021170381 0.997352064 47.856559753 0.026096324 0.999471366 -0.019394873 -2.513442039 -0.997235298 0.024677809 -0.070091486 87.972312927
-0.052372180 0.022146476 0.998382032 48.395816803 0.024714900 0.999476671 -0.020874284 -2.538051128 -0.998321712 0.023581687 -0.052892093 87.956085205
-0.031057207 0.024876688 0.999207973 48.930427551 0.023148866 0.999440014 -0.024162956 -2.558777809 -0.999249518 0.022380097 -0.031615615 87.956565857
-0.006198481 0.027931320 0.999590576 49.457641602 0.021005010 0.999392927 -0.027795544 -2.582012177 -0.999760211 0.020824119 -0.006781349 87.968223572
0.021980606 0.029475365 0.999323785 49.973167419 0.019405304 0.999364436 -0.029903395 -2.604430199 -0.999570072 0.020049479 0.021394730 88.004730225
0.054914907 0.028986277 0.998070121 50.477020264 0.016657179 0.999412835 -0.029941769 -2.625826597 -0.998352230 0.018269284 0.054399911 88.056579590
0.094276100 0.026260005 0.995199800 50.933788300 0.015944600 0.999484062 -0.027883502 -2.652995586 -0.995418429 0.018496811 0.093808800 88.092010498
0.136091232 0.022924345 0.990430951 51.484779358 0.014046825 0.999586999 -0.025066396 -2.666916847 -0.990596712 0.017323731 0.135713071 88.198104858
0.181078017 0.018715959 0.983290553 51.970939636 0.011549775 0.999709427 -0.021155426 -2.686765194 -0.983400881 0.015187573 0.180809289 88.317070007
0.229994133 0.015225552 0.973072767 52.458129883 0.006932260 0.999826491 -0.017282665 -2.706577778 -0.973167360 0.010720512 0.229848742 88.456336975
0.281974465 0.013678204 0.959324360 52.920429230 0.003160234 0.999879658 -0.015185339 -2.724565983 -0.959416687 0.007313572 0.281897366 88.620262146
0.336397022 0.013397285 0.941624820 53.370250702 0.001931709 0.999886870 -0.014916334 -2.740651846 -0.941718221 0.006836762 0.336333156 88.817741394
0.390877038 0.015227939 0.920316935 53.785064697 0.004722323 0.999816835 -0.018549040 -2.737995386 -0.920430839 0.011596430 0.390733540 89.065414429
0.451526642 0.017690223 0.892082334 54.203590393 0.005734632 0.999725223 -0.022727389 -2.762438297 -0.892239213 0.015377787 0.451301217 89.302902222
0.511952579 0.021619417 0.858741701 54.605487823 0.006335359 0.999561012 -0.028941564 -2.775269032 -0.858990431 0.020257147 0.511590898 89.567077637
0.570664704 0.026231162 0.820764005 54.957054138 0.002772068 0.999422491 -0.033868358 -2.778716326 -0.821178555 0.021602694 0.570262432 89.852279663
0.623017013 0.028475216 0.781689823 55.277370453 -0.000950295 0.999363959 -0.035647206 -2.801173687 -0.782207727 0.021465980 0.622647762 90.208694458
0.676330268 0.028716996 0.736038506 55.602760315 -0.002582067 0.999326050 -0.036616720 -2.825456619 -0.736594081 0.022864496 0.675948560 90.551719666
0.725795507 0.025653897 0.687431991 55.903266907 -0.002460851 0.999394834 -0.034697685 -2.854035616 -0.687906146 0.023491763 0.725419283 90.908996582
0.769308746 0.024270192 0.638415933 56.129447937 -0.006201007 0.999514818 -0.030525437 -2.859620094 -0.638847053 0.019524667 0.769085884 91.288497925
0.811758578 0.021568313 0.583594739 56.402400970 -0.008222997 0.999640822 -0.025506532 -2.852387905 -0.583935201 0.015906248 0.811644375 91.698745728
0.848508000 0.019797314 0.528812170 56.622291565 -0.011176703 0.999747455 -0.019494239 -2.860311508 -0.529064536 0.010630638 0.848515034 92.123245239
0.879418135 0.016367044 0.475768745 56.803993225 -0.012101323 0.999854386 -0.012027983 -2.872303247 -0.475896388 0.004820192 0.879488111 92.556274414
0.905395210 0.017410032 0.424212694 56.969654083 -0.016238121 0.999847710 -0.006377619 -2.886542559 -0.424259067 -0.001114152 0.905540049 92.983924866
0.924783587 0.019125987 0.380012661 57.064327240 -0.019776095 0.999801934 -0.002193596 -2.911116838 -0.379979372 -0.005486568 0.924978733 93.369018555
0.939887762 0.024971301 0.340569377 57.184967041 -0.026708420 0.999643147 0.000412621 -2.916765451 -0.340437531 -0.009483887 0.940219343 93.823753357
0.951803505 0.029294387 0.305306226 57.296722412 -0.030618183 0.999531031 -0.000452512 -2.919677734 -0.305176318 -0.008917218 0.952254236 94.284042358
0.960916221 0.031766918 0.275010884 57.399406433 -0.032968145 0.999456286 -0.000254627 -2.921194553 -0.274869502 -0.008821922 0.961441040 94.747138977
0.967036545 0.026621139 0.253242254 57.508804321 -0.027546603 0.999620497 0.000108741 -2.929237604 -0.253143251 -0.007081121 0.967402935 95.215438843
0.970960557 0.023777591 0.238055229 57.612457275 -0.024712291 0.999694109 0.000942402 -2.939885139 -0.237959981 -0.006797925 0.971251249 95.706504822
0.973842561 0.028076844 0.225482523 57.703762054 -0.028941417 0.999580920 0.000529099 -2.944246054 -0.225373179 -0.007041043 0.974247158 96.203575134
0.975864887 0.033290733 0.215822995 57.795616150 -0.034498818 0.999403059 0.001831708 -2.950073004 -0.215633154 -0.009233139 0.976430774 96.701286316
0.977098525 0.039272420 0.209132433 57.902877808 -0.040029582 0.999198318 -0.000612527 -2.934024096 -0.208988756 -0.007772980 0.977887213 97.186241150
0.977433920 0.045145970 0.206360787 57.996200562 -0.045257334 0.998966694 -0.004183274 -2.940174580 -0.206336275 -0.005250462 0.978467047 97.704505920
0.977490842 0.046755549 0.205732033 58.101459503 -0.046303108 0.998902857 -0.007015857 -2.947058678 -0.205834210 -0.002668092 0.978583276 98.243751526
0.976969063 0.045608301 0.208450481 58.214897156 -0.044407506 0.998959005 -0.010439317 -2.959807873 -0.208709478 0.000942129 0.977977216 98.774887085
0.976243436 0.044096302 0.212141916 58.339237213 -0.041425973 0.998996615 -0.017017970 -2.965832710 -0.212679401 0.007825503 0.977090776 99.331565857
0.975516438 0.043748461 0.215530887 58.476669312 -0.040013064 0.998964190 -0.021666208 -2.972070932 -0.216255456 0.012511699 0.976256669 99.874946594
0.974307775 0.048222926 0.219997272 58.599521637 -0.044531822 0.998772025 -0.021709401 -2.978256464 -0.220773965 0.011354770 0.975258887 100.454330444
0.972813487 0.051632248 0.225760818 58.726314545 -0.048932739 0.998648107 -0.017540731 -2.996197224 -0.226361215 0.006016773 0.974024832 101.046958923
0.971853197 0.048220385 0.230599687 58.871376038 -0.046465650 0.998834789 -0.013037349 -3.007820606 -0.230959624 0.001955431 0.972961366 101.642669678
0.971122742 0.044271432 0.234436497 59.023292542 -0.043762662 0.999014735 -0.007374656 -3.021844387 -0.234531924 -0.003097864 0.972103417 102.267494202
0.970348120 0.041934863 0.238046214 59.177284241 -0.042610645 0.999089122 -0.002308397 -3.037927151 -0.237926111 -0.007903351 0.971251130 102.881256104
0.969746709 0.037215091 0.241259903 59.334049225 -0.037926935 0.999279082 -0.001694194 -3.046133041 -0.241148934 -0.007507304 0.970459044 103.518013000
0.969781637 0.033717941 0.241633236 59.496234894 -0.033493467 0.999426246 -0.005037563 -3.052637577 -0.241664365 -0.003207796 0.970354617 104.160316467
0.969935179 0.033045359 0.241109475 59.660442352 -0.031115195 0.999446094 -0.011809310 -3.065750122 -0.241366073 0.003952102 0.970426083 104.805175781
0.970116973 0.035631847 0.240007058 59.818595886 -0.032183595 0.999315083 -0.018272690 -3.081045389 -0.240493640 0.010002358 0.970599174 105.442604065
0.970713377 0.038367301 0.237156987 59.977661133 -0.034092616 0.999174297 -0.022101231 -3.090575218 -0.237809062 0.013368660 0.971219897 106.119911194
0.971282542 0.037123930 0.235014617 60.137405396 -0.033855833 0.999265969 -0.017926976 -3.102065086 -0.235507563 0.009455546 0.971826553 106.814193726
0.971694589 0.033163827 0.233900994 60.305122375 -0.031653848 0.999446750 -0.010207783 -3.120280743 -0.234110087 0.002514981 0.972206771 107.521881104
0.972279787 0.033576123 0.231396943 60.474559784 -0.033489842 0.999429822 -0.004302029 -3.137001038 -0.231409401 -0.003566671 0.972849965 108.243515015
0.972521007 0.037022725 0.229852155 60.634323120 -0.036834814 0.999308407 -0.005109712 -3.148143530 -0.229882285 -0.003497259 0.973212242 108.975288391
0.972901881 0.042362586 0.227304354 60.794082642 -0.041257292 0.999102235 -0.009613780 -3.160900116 -0.227507532 -0.000024698 0.973776400 109.699310303
0.973695278 0.043461792 0.223670200 60.955879211 -0.041167352 0.999040902 -0.014913256 -3.172606945 -0.224103749 0.005313064 0.974550843 110.437637329
0.974656820 0.041981276 0.219730332 61.124298096 -0.039020460 0.999079883 -0.017799485 -3.186218739 -0.220275268 0.008774420 0.975398302 111.192970276
0.975627482 0.039886903 0.215777412 61.295597076 -0.037225462 0.999172509 -0.016385958 -3.199938774 -0.216252312 0.007954185 0.976305127 111.966346741
0.976484776 0.036214452 0.212522879 61.462028503 -0.033993036 0.999322653 -0.014098443 -3.220905781 -0.212889478 0.006542618 0.977054477 112.737022400
0.976940036 0.034831941 0.210653976 61.631626129 -0.033189859 0.999384880 -0.011326733 -3.236792564 -0.210918888 0.004073963 0.977495253 113.531860352
0.977273107 0.032021847 0.209551796 61.799285889 -0.030814774 0.999484360 -0.009023527 -3.251284122 -0.209732637 0.002361158 0.977756083 114.328430176
0.977467179 0.027275993 0.209317967 61.968734741 -0.026213214 0.999625564 -0.007850373 -3.264953613 -0.209453687 0.002186586 0.977816105 115.117034912
0.977583885 0.028048839 0.208669588 62.135681152 -0.027350664 0.999606609 -0.006231067 -3.277821302 -0.208762184 0.000384140 0.977966368 115.921012878
0.977361023 0.033401497 0.208925426 62.302940369 -0.032398324 0.999441206 -0.008222904 -3.292149782 -0.209083274 0.001267914 0.977897048 116.741302490
0.977087080 0.039170068 0.209204718 62.469711304 -0.037537128 0.999225855 -0.011771735 -3.299358368 -0.209503844 0.003649067 0.977801025 117.547386169
0.976468861 0.047404371 0.210383743 62.629737854 -0.045649771 0.998870373 -0.013191369 -3.321146727 -0.210771382 0.003276997 0.977529943 118.380905151
0.975493312 0.053597707 0.213400692 62.794372559 -0.052080605 0.998561680 -0.012728784 -3.338516951 -0.213775948 0.001302813 0.976881862 119.202735901
0.974701047 0.056065042 0.216367021 62.965744019 -0.055050798 0.998426020 -0.010716642 -3.358713627 -0.216627285 -0.001465652 0.976253271 120.041725159
0.974078417 0.057156261 0.218870699 63.146938324 -0.055993792 0.998364747 -0.011515670 -3.381055832 -0.219170928 -0.001038231 0.975686014 120.875808716
0.973733068 0.054933529 0.220966280 63.325958252 -0.053028222 0.998486996 -0.014550040 -3.391079903 -0.221431181 0.002450410 0.975172997 121.715560913
0.973766088 0.048810046 0.222254440 63.526466370 -0.047101758 0.998805821 -0.012983529 -3.415905476 -0.222622678 0.002174349 0.974902272 122.546669006
0.974036813 0.042308215 0.222401440 63.722579956 -0.040095929 0.999091387 -0.014455192 -3.438264132 -0.222810894 0.005162496 0.974848032 123.378265381
0.973814607 0.041585784 0.223507822 63.910701752 -0.039327912 0.999120474 -0.014545877 -3.461698294 -0.223916113 0.005374893 0.974593699 124.205009460
0.973161876 0.044336930 0.225809738 64.094604492 -0.042793587 0.999015093 -0.011727445 -3.479372025 -0.226107284 0.001749497 0.974100888 125.040077209
0.972645104 0.046696458 0.227553815 64.272445679 -0.046588838 0.998897135 -0.005847168 -3.501568556 -0.227575839 -0.004914247 0.973747969 125.878913879
0.972453952 0.049618788 0.227752507 64.470443726 -0.050574206 0.998718977 -0.001642733 -3.521329880 -0.227542251 -0.009920917 0.973717690 126.701499939
0.972187221 0.049098402 0.229000553 64.657737732 -0.048583873 0.998787940 -0.007887622 -3.542929649 -0.229110241 -0.003457486 0.973394454 127.527938843
0.972440302 0.044707723 0.228825644 64.852043152 -0.040674847 0.998923421 -0.022312742 -3.565301180 -0.229576811 0.012390360 0.973211706 128.336471558
