0.578007579 0.039655328 -0.815067291 194.715789795 -0.012417377 0.999130309 0.039804693 -9.090972900 0.815936863 -0.012886416 0.577997327 202.144409180
0.568508148 0.034980338 -0.821933627 194.205734253 -0.007565619 0.999275684 0.037294846 -9.068361282 0.822642744 -0.014983987 0.568361044 202.495315552
0.558770359 0.028178992 -0.828843594 193.679672241 -0.003458781 0.999493062 0.031648967 -9.044908524 0.829315245 -0.014817713 0.558584511 202.843719482
0.548251688 0.025148489 -0.835935175 193.128250122 -0.002221756 0.999588072 0.028614715 -9.022583961 0.836310387 -0.013830822 0.548081696 203.194671631
0.537864149 0.020372543 -0.842785299 192.563842773 0.002641937 0.999662280 0.025850795 -9.009108543 0.843027532 -0.016130803 0.537628651 203.550018311
0.527308822 0.015166125 -0.849538326 191.985000610 0.008382527 0.999699175 0.023049861 -8.993680954 0.849632442 -0.019275675 0.527023017 203.910217285
0.517829776 0.011638369 -0.855404496 191.392669678 0.016791428 0.999576509 0.023764834 -8.978494644 0.855318844 -0.026669601 0.517415106 204.271652222
0.508346200 0.009681976 -0.861098349 190.783905029 0.021965852 0.999465644 0.024205200 -8.967800140 0.860872626 -0.031219382 0.507861853 204.641174316
0.500048697 0.009879969 -0.865940928 190.157333374 0.023893226 0.999396861 0.025200084 -8.951661110 0.865667641 -0.033291388 0.499511003 204.998001099
0.492755294 0.013065260 -0.870069742 189.507705688 0.024751488 0.999272227 0.029023163 -8.936924934 0.869815826 -0.035836838 0.492073298 205.358718872
0.486893386 0.016289718 -0.873309433 188.852935791 0.030940451 0.998877048 0.035882037 -8.915960312 0.872913241 -0.044491321 0.485842615 205.728424072
0.482443959 0.019506868 -0.875709534 188.186019897 0.036339384 0.998445511 0.042260878 -8.895194054 0.875172853 -0.052211259 0.480985165 206.106643677
0.480113894 0.021032587 -0.876953900 187.514190674 0.037551038 0.998303294 0.044501394 -8.874483109 0.876402140 -0.054296274 0.478509516 206.464538574
0.478099614 0.018289143 -0.878115118 186.835052490 0.037990019 0.998416901 0.041478839 -8.847544670 0.877483845 -0.053190626 0.476647824 206.838653564
0.476588488 0.013702553 -0.879019678 186.149124146 0.039015457 0.998563766 0.036719523 -8.817577362 0.878260374 -0.051795453 0.475369334 207.211761475
0.475677669 0.014132879 -0.879506111 185.443832397 0.037780583 0.998619974 0.036480427 -8.790826797 0.878807843 -0.050581176 0.474487275 207.584533691
0.475182712 0.017477648 -0.879713595 184.728668213 0.035275172 0.998620450 0.038894139 -8.766021729 0.879179716 -0.049513873 0.473910719 207.965225220
0.474279195 0.020835731 -0.880127907 184.006484985 0.031398833 0.998683572 0.040562421 -8.743625641 0.879814386 -0.046872899 0.473000586 208.345428467
0.473679096 0.020755876 -0.880452871 183.286010742 0.026392344 0.998938680 0.037748024 -8.720502853 0.880301893 -0.041117668 0.472628623 208.719955444
0.473291010 0.018134540 -0.880719423 182.558074951 0.024282195 0.999139607 0.033621926 -8.702757835 0.880571365 -0.037298754 0.472443432 209.105560303
0.472848356 0.013483252 -0.881040633 181.812744141 0.022532163 0.999370873 0.027387008 -8.671218872 0.880855680 -0.032801647 0.472247005 209.498413086
0.472847313 0.012566539 -0.881054699 181.062301636 0.021913659 0.999421418 0.026015501 -8.652322769 0.880871713 -0.031608496 0.472298235 209.895095825
0.473286927 0.014268496 -0.880792737 180.296020508 0.022731885 0.999338031 0.028403675 -8.640099525 0.880614936 -0.033465162 0.472649246 210.294754028
0.473211855 0.018420508 -0.880756021 179.545928955 0.024263134 0.999129593 0.033932295 -8.620385170 0.880614400 -0.037427064 0.472353041 210.711013794
0.473497599 0.022925487 -0.880496681 178.778594971 0.025795707 0.998871446 0.039879560 -8.597627640 0.880417347 -0.041595906 0.472371846 211.124923706
0.473845869 0.026596203 -0.880205989 177.998504639 0.025817286 0.998694599 0.044074789 -8.572728157 0.880229294 -0.043609187 0.472540677 211.541595459
0.474305838 0.027787767 -0.879921377 177.208892822 0.022212408 0.998805761 0.043515317 -8.553006172 0.880080044 -0.040184747 0.473122060 211.957534790
0.474983424 0.027850220 -0.879553854 176.429763794 0.017272798 0.999011517 0.040960524 -8.524810791 0.879825175 -0.034647930 0.474032819 212.371887207
0.475489348 0.024119115 -0.879390717 175.655883789 0.017842803 0.999154150 0.037051536 -8.499292374 0.879540503 -0.033308409 0.474656761 212.788970947
0.475808233 0.024037153 -0.879220545 174.885055542 0.017658917 0.999163866 0.036872793 -8.473039627 0.879371703 -0.033070456 0.474985927 213.199890137
0.475602031 0.024434611 -0.879321158 174.116180420 0.018113915 0.999130130 0.037561219 -8.452939987 0.879474044 -0.033792134 0.474745661 213.612213135
0.475114435 0.025746202 -0.879547179 173.345703125 0.019424275 0.999021471 0.039736081 -8.431598663 0.879709542 -0.035963755 0.474149317 214.033401489
0.474676847 0.025216982 -0.879798830 172.570281982 0.019972177 0.999023616 0.039409794 -8.406772614 0.879933536 -0.036278415 0.473709613 214.453918457
0.474603444 0.027800025 -0.879760623 171.796951294 0.017236957 0.999015927 0.040867243 -8.384803772 0.880031049 -0.034560129 0.473657131 214.857849121
0.474741638 0.029255319 -0.879638851 171.030426025 0.018235330 0.998905838 0.043063566 -8.363924026 0.879936278 -0.036484566 0.473688781 215.272384644
0.474809557 0.027594134 -0.879655838 170.269165039 0.022843117 0.998785257 0.043661103 -8.340553284 0.879792035 -0.040824786 0.473602444 215.689437866
0.474140435 0.023313673 -0.880140543 169.504776001 0.023838680 0.998943031 0.039302718 -8.323399544 0.880126417 -0.039616395 0.473083436 216.103530884
0.473373502 0.014973733 -0.880734563 168.751312256 0.024263240 0.999254644 0.030029643 -8.302137375 0.880527556 -0.035584711 0.472657263 216.506301880
0.472012103 0.010324857 -0.881531656 167.992034912 0.026764808 0.999302804 0.026035337 -8.280340195 0.881185651 -0.035883013 0.471406579 216.910354614
0.470821559 0.011945716 -0.882147610 167.249694824 0.030733839 0.999079287 0.029932482 -8.266361237 0.881693006 -0.041204631 0.470020860 217.314758301
0.470361888 0.019043000 -0.882268190 166.497299194 0.028552892 0.998915255 0.036783073 -8.261090279 0.882011652 -0.042492665 0.469307870 217.710449219
0.469988674 0.020812644 -0.882427037 165.758956909 0.024545889 0.999027193 0.036636099 -8.243424416 0.882331133 -0.038878504 0.469020545 218.088790894
0.469298393 0.017427148 -0.882867634 165.037353516 0.025793137 0.999108255 0.033432290 -8.225326538 0.882662892 -0.038461659 0.468430370 218.469818115
0.468007922 0.014240946 -0.883609533 164.335571289 0.030741187 0.999002695 0.032382928 -8.208058357 0.883189559 -0.042318668 0.467103392 218.852981567
0.467225611 0.016416168 -0.883985698 163.642929077 0.030609753 0.998927951 0.034729328 -8.199264526 0.883608043 -0.043285020 0.466222197 219.212432861
0.465959579 0.019001072 -0.884602010 162.967407227 0.030904055 0.998809993 0.037732787 -8.186603546 0.884266198 -0.044919744 0.464817762 219.564819336
0.463187903 0.017147286 -0.886094153 162.312927246 0.033446636 0.998762369 0.036811143 -8.174419403 0.885628760 -0.046687350 0.462041080 219.911041260
0.459755987 0.016950214 -0.887883544 161.676391602 0.034180351 0.998739183 0.036765486 -8.160651207 0.887387276 -0.047251318 0.458596945 220.239059448
0.455463111 0.019672943 -0.890037298 161.058212280 0.031258453 0.998785973 0.038072702 -8.148416519 0.889706016 -0.045161884 0.454295099 220.547027588
0.449700713 0.020114448 -0.892952740 160.456054688 0.030180028 0.998833358 0.037698478 -8.130359650 0.892669320 -0.043902375 0.448569000 220.840133667
0.442097455 0.024329521 -0.896636963 159.874389648 0.027271328 0.998805344 0.040548228 -8.121511459 0.896552444 -0.042378750 0.440905780 221.121002197
0.434371442 0.026482809 -0.900344431 159.300964355 0.025599862 0.998800933 0.041729473 -8.111638069 0.900369942 -0.041174784 0.433172613 221.382873535
0.424807012 0.024962347 -0.904939771 158.752716064 0.023271512 0.998988330 0.038481008 -8.100637436 0.904984891 -0.037406314 0.423796266 221.629684448
0.413167596 0.018448438 -0.910468161 158.213058472 0.025829822 0.999155164 0.031966954 -8.093680382 0.910288632 -0.036724940 0.412341952 221.869125366
0.398093700 0.010286052 -0.917287111 157.680389404 0.031004259 0.999215007 0.024660306 -8.083107948 0.916820765 -0.038256925 0.397462219 222.095993042
0.378110588 0.006675080 -0.925736368 157.143692017 0.034183506 0.999191403 0.021166746 -8.078523636 0.925129116 -0.039648287 0.377576649 222.305343628
0.352668911 0.008354873 -0.935710907 156.600021362 0.033180986 0.999219716 0.021427825 -8.067600250 0.935159862 -0.038604733 0.352116376 222.493560791
0.323261529 0.014681633 -0.946195841 156.027725220 0.029834433 0.999224484 0.025697188 -8.056650162 0.945839405 -0.036536127 0.322572768 222.669479370
0.291977912 0.020665983 -0.956201732 155.472839355 0.026471674 0.999208868 0.029678648 -8.047886848 0.956058681 -0.033977769 0.291199833 222.827789307
0.258358300 0.025352076 -0.965716422 154.920135498 0.023694118 0.999188483 0.032569680 -8.034903526 0.965758502 -0.031296447 0.257547945 222.951766968
0.223449990 0.030360145 -0.974242389 154.374313354 0.019908736 0.999164045 0.035702996 -8.032318115 0.974512041 -0.027373767 0.222658768 223.043350220
0.187977821 0.033109352 -0.981615067 153.830780029 0.017699264 0.999155164 0.037090357 -8.016921997 0.982013822 -0.024346026 0.187232941 223.128890991
0.153049737 0.035234820 -0.987590194 153.281509399 0.015573081 0.999154150 0.038060803 -8.007601738 0.988095880 -0.021205015 0.152371436 223.182067871
0.118160285 0.036799677 -0.992312431 152.732498169 0.014131003 0.999149561 0.038735893 -7.994059563 0.992893994 -0.018599411 0.117539734 223.218154907
0.083049811 0.038318306 -0.995808423 152.180557251 0.011974928 0.999149978 0.039445590 -7.981739998 0.996473610 -0.015200680 0.082520396 223.242019653
0.048341036 0.037026159 -0.998144388 151.613265991 0.007064105 0.999275029 0.037410222 -7.964026928 0.998806000 -0.008859446 0.048044350 223.238906860
0.016253956 0.037105080 -0.999179125 151.041946411 -0.000160486 0.999311328 0.037107375 -7.945728302 0.999867916 -0.000442784 0.016248696 223.212509155
-0.010810494 0.039030891 -0.999179542 150.467590332 -0.004698153 0.999224842 0.039083503 -7.923571587 0.999930501 0.005116810 -0.010618776 223.180816650
-0.033222698 0.043453522 -0.998502910 149.870574951 -0.004472667 0.999037921 0.043625627 -7.897000313 0.999437869 0.005915333 -0.032996435 223.145263672
-0.050912306 0.050406784 -0.997430265 149.263946533 -0.005999094 0.998692036 0.050776765 -7.873774529 0.998685002 0.008568844 -0.050543372 223.095886230
-0.064639442 0.057293907 -0.996262610 148.642745972 -0.008702056 0.998280168 0.057974547 -7.850812435 0.997870684 0.012416977 -0.064029731 223.042892456
-0.076398820 0.058130458 -0.995381355 148.007217407 -0.013693098 0.998143733 0.059342775 -7.820900917 0.996983349 0.018163577 -0.075461060 222.982803345
-0.085870147 0.058822393 -0.994568348 147.372360229 -0.017611042 0.998009920 0.060546473 -7.785140514 0.996150792 0.022714527 -0.084663376 222.914001465
-0.090304412 0.059294995 -0.994147480 146.712371826 -0.016900811 0.997991025 0.061059449 -7.749447346 0.995770872 0.022315839 -0.089120895 222.842254639
-0.093082190 0.058666784 -0.993928552 146.038452148 -0.013031213 0.998105228 0.060133711 -7.705971718 0.995573282 0.018549476 -0.092141412 222.782470703
-0.094933867 0.059220165 -0.993720472 145.331405640 -0.008115332 0.998149693 0.060259413 -7.677155972 0.995450497 0.013785033 -0.094277613 222.715881348
-0.096075036 0.056729641 -0.993756115 144.626434326 -0.006155249 0.998321593 0.057585347 -7.639375687 0.995355010 0.011649332 -0.095564574 222.646881104
-0.096148558 0.052392758 -0.993987143 143.908401489 -0.002141908 0.998600483 0.052843116 -7.606796741 0.995364666 0.007209821 -0.095901720 222.575088501
-0.096404850 0.047964215 -0.994185925 143.175201416 0.002719853 0.998847127 0.047925368 -7.571419716 0.995338500 0.001916201 -0.096424103 222.512039185
-0.096003033 0.045933921 -0.994320750 142.425201416 0.005387589 0.998943985 0.045627337 -7.533593178 0.995366514 -0.000976627 -0.096149094 222.440902710
-0.095110759 0.048127785 -0.994302750 141.654342651 0.005480942 0.998840630 0.047823176 -7.497144699 0.995451629 -0.000901214 -0.095264286 222.363357544
-0.093819588 0.053837508 -0.994132519 140.856414795 0.005941575 0.998549342 0.053515978 -7.461549759 0.995571494 -0.000885862 -0.094003469 222.287811279
-0.092081107 0.056622986 -0.994140387 140.048385620 0.006857123 0.998394191 0.056230158 -7.422673702 0.995727956 -0.001639200 -0.092321604 222.214340210
-0.089149736 0.052287471 -0.994644821 139.235855103 0.004555111 0.998632014 0.052088808 -7.386414528 0.996007860 0.000112991 -0.089265987 222.133666992
-0.085445009 0.043816037 -0.995378971 138.415985107 0.002711644 0.999039054 0.043744385 -7.350456715 0.996339142 0.001038630 -0.085481822 222.054687500
-0.081269056 0.037909251 -0.995971024 137.573562622 0.006646220 0.999274790 0.037492685 -7.308049202 0.996670008 -0.003572443 -0.081462137 221.987838745
-0.076779857 0.038822513 -0.996291935 136.710815430 0.012052250 0.999204755 0.038007203 -7.275144577 0.996975243 -0.009089369 -0.077186808 221.924087524
-0.071995229 0.041697919 -0.996532977 135.808776855 0.017235430 0.999028563 0.040557157 -7.248359680 0.997256041 -0.014255750 -0.072643906 221.867431641
-0.067695908 0.044813432 -0.996699154 134.907501221 0.018122336 0.998881161 0.043680679 -7.214979172 0.997541368 -0.015105510 -0.068432271 221.805648804
-0.063438274 0.046538439 -0.996900082 133.995834351 0.019394819 0.998780966 0.045392044 -7.170384407 0.997797310 -0.016455103 -0.064263538 221.750900269
-0.059571713 0.050850656 -0.996927917 133.079071045 0.022152867 0.998523057 0.049608260 -7.139037132 0.997978210 -0.019129561 -0.060610261 221.703933716
-0.056587808 0.052265227 -0.997028649 132.144531250 0.020368690 0.998481512 0.051185329 -7.098099232 0.998189807 -0.017411700 -0.057566468 221.648406982
-0.053493440 0.048239227 -0.997402251 131.184310913 0.027340356 0.998528779 0.046827365 -7.050920963 0.998193860 -0.024764378 -0.054733571 221.597579956
-0.052127864 0.043743953 -0.997681856 130.223602295 0.036420979 0.998458743 0.041875057 -7.008949757 0.997976005 -0.034153689 -0.053640671 221.559707642
-0.051509775 0.035539575 -0.998039901 129.256546021 0.035738170 0.998792052 0.033721883 -6.978662014 0.998032928 -0.033931110 -0.052717671 221.506713867
-0.051649630 0.030070703 -0.998212457 128.263717651 0.039200701 0.998837233 0.028061196 -6.948581219 0.997895658 -0.037681274 -0.052768469 221.458114624
-0.051843818 0.028549548 -0.998247087 127.267524719 0.042155128 0.998762846 0.026374973 -6.919448376 0.997765183 -0.040713850 -0.052983262 221.409606934
-0.050889730 0.036172304 -0.998049021 126.238418579 0.035465583 0.998778939 0.034390401 -6.896802902 0.998074293 -0.033646274 -0.052110612 221.344619751
-0.050850175 0.047845401 -0.997559547 125.209281921 0.031966250 0.998417974 0.046257105 -6.862645149 0.998194516 -0.029536052 -0.052299235 221.276702881
-0.052620314 0.057192124 -0.996975541 124.174377441 0.029422943 0.998013973 0.055698760 -6.819641590 0.998180985 -0.026403060 -0.054198604 221.213684082
-0.055302948 0.057920761 -0.996788204 123.164443970 0.031224592 0.997928083 0.056254625 -6.789553165 0.997981310 -0.028013259 -0.056997031 221.159561157
-0.058074020 0.047319278 -0.997190118 122.155509949 0.035289884 0.998349011 0.045319073 -6.742923737 0.997688353 -0.032558866 -0.059648097 221.100265503
-0.060349964 0.038532645 -0.997433186 121.138587952 0.036403809 0.998674810 0.036377996 -6.711878300 0.997513294 -0.034114957 -0.061672699 221.035583496
-0.063241690 0.035510305 -0.997366250 120.120613098 0.037754484 0.998736560 0.033165131 -6.687491894 0.997283816 -0.035557631 -0.064502478 220.972305298
-0.066408500 0.037506476 -0.997087300 119.094230652 0.038489688 0.998645782 0.035001591 -6.663008213 0.997049809 -0.036053177 -0.067762218 220.905120850
-0.068670362 0.041480850 -0.996776640 118.072563171 0.035902765 0.998590946 0.039082911 -6.637717247 0.996993184 -0.033103202 -0.070062928 220.823547363
-0.070170648 0.048674800 -0.996346712 117.049507141 0.036846358 0.998253763 0.046172943 -6.604885578 0.996854246 -0.033471763 -0.071841598 220.747695923
-0.071475476 0.056744900 -0.995826900 116.014266968 0.036185242 0.997870684 0.054264173 -6.567480564 0.996785760 -0.032155678 -0.073376566 220.670639038
-0.072932698 0.057275765 -0.995690823 115.003150940 0.033340443 0.997931480 0.054962542 -6.529471397 0.996779442 -0.029188199 -0.074691400 220.591156006
-0.073764294 0.050760474 -0.995983005 114.015533447 0.031749625 0.998317003 0.048528001 -6.499553680 0.996770263 -0.028042452 -0.075251758 220.509857178
-0.074891090 0.043563265 -0.996239603 113.024436951 0.034010362 0.998575628 0.041108724 -6.464288235 0.996611595 -0.030803798 -0.076266110 220.436874390
-0.075299479 0.042233132 -0.996266186 112.023513794 0.033266872 0.998652935 0.039819941 -6.430834770 0.996605933 -0.030144243 -0.076603092 220.355438232
-0.074080229 0.046503238 -0.996167421 111.006004333 0.035074599 0.998415589 0.043999862 -6.402109146 0.996635318 -0.031680655 -0.075593919 220.270965576
-0.074308634 0.053798947 -0.995783031 110.007102966 0.034761645 0.998076618 0.051328834 -6.367412090 0.996629298 -0.030800886 -0.076035790 220.195144653
-0.073885910 0.055673018 -0.995711505 109.011726379 0.036535989 0.997921407 0.053085458 -6.334547997 0.996597111 -0.032457035 -0.075766385 220.120574951
-0.072350919 0.052519459 -0.995995522 108.034439087 0.035821084 0.998105228 0.050028600 -6.295239449 0.996735692 -0.032058023 -0.074095212 220.041595459
-0.071010619 0.047063302 -0.996364713 107.053855896 0.035891309 0.998360038 0.044599593 -6.262183189 0.996829629 -0.032593787 -0.072583444 219.968444824
-0.070049137 0.043379340 -0.996599913 106.086311340 0.037969057 0.998445928 0.040790930 -6.235292435 0.996820688 -0.034982581 -0.071587443 219.901870728
-0.069560379 0.035575960 -0.996943176 105.123535156 0.041210815 0.998613119 0.032760136 -6.211513519 0.996726096 -0.038806029 -0.070930161 219.838119507
-0.068271995 0.034358308 -0.997074902 104.149726868 0.042657353 0.998593271 0.031489789 -6.187467575 0.996754408 -0.040382702 -0.069641650 219.769302368
-0.067120612 0.039875377 -0.996947765 103.170936584 0.045583043 0.998280287 0.036859754 -6.158217907 0.996703029 -0.042969856 -0.068822861 219.708755493
-0.065741353 0.047421068 -0.996709287 102.200942993 0.049757365 0.997783363 0.044190250 -6.134574890 0.996595263 -0.046688497 -0.067955256 219.647048950
-0.064426512 0.047673672 -0.996783137 101.231437683 0.048637461 0.997821271 0.044579659 -6.109685421 0.996736526 -0.045608893 -0.066605009 219.583938599
-0.063798040 0.046481177 -0.996879816 100.271057129 0.048646823 0.997872114 0.043414161 -6.077153683 0.996776462 -0.045725297 -0.065923542 219.520797729
-0.063661657 0.045043427 -0.996954560 99.318412781 0.053951379 0.997675478 0.041630872 -6.049031258 0.996512175 -0.051136784 -0.065943964 219.462326050
-0.064149320 0.043774389 -0.996979713 98.362777710 0.056593657 0.997589290 0.040159710 -6.025101662 0.996334255 -0.053846512 -0.066472113 219.407745361
-0.065141499 0.042372152 -0.996976018 97.418205261 0.056983467 0.997625649 0.038676519 -5.999981880 0.996247649 -0.054291710 -0.067401342 219.344390869
-0.066422917 0.045929488 -0.996733904 96.467712402 0.061183915 0.997247696 0.041875839 -5.967025280 0.995913863 -0.058202580 -0.069050245 219.283279419
-0.067553520 0.051771507 -0.996371508 95.515686035 0.063245237 0.996866465 0.047509234 -5.934003353 0.995709181 -0.059806332 -0.070616096 219.216308594
-0.069727443 0.052716538 -0.996172130 94.586135864 0.062198855 0.996889472 0.048400864 -5.904154301 0.995625317 -0.058585893 -0.072789580 219.144363403
-0.071998030 0.051356722 -0.996081710 93.667495728 0.062005568 0.996972203 0.046920802 -5.874449730 0.995475650 -0.058384400 -0.074964531 219.067611694
-0.075728208 0.052707613 -0.995734453 92.737274170 0.061809789 0.996929705 0.048070092 -5.839703560 0.995210946 -0.057905875 -0.078753412 219.005401611
-0.078975432 0.056525610 -0.995272696 91.831863403 0.058554970 0.996930361 0.051973391 -5.810995579 0.995155334 -0.054173551 -0.082042828 218.923599243
-0.082458556 0.057558477 -0.994930983 90.934669495 0.056046188 0.997018635 0.053034216 -5.781396866 0.995017290 -0.051388964 -0.085438639 218.844421387
-0.084724754 0.055551544 -0.994854510 90.045074463 0.054427668 0.997211993 0.051047951 -5.747507572 0.994916797 -0.049822588 -0.087512128 218.755142212
-0.087863490 0.053404287 -0.994699955 89.166732788 0.055223417 0.997287393 0.048665214 -5.710758209 0.994600654 -0.050654832 -0.090574421 218.679183960
-0.089675456 0.052461304 -0.994588375 88.305732727 0.054489098 0.997374594 0.047695354 -5.683046818 0.994479418 -0.049917124 -0.092298597 218.596939087
-0.090902582 0.052102465 -0.994495869 87.470932007 0.051915042 0.997520506 0.047515608 -5.657568932 0.994505644 -0.047310002 -0.093382113 218.514266968
-0.091761857 0.050992467 -0.994474530 86.637466431 0.050707072 0.997631550 0.046475522 -5.634930611 0.994489133 -0.046162207 -0.094130307 218.439041138
-0.092109263 0.052106090 -0.994384706 85.825920105 0.050399464 0.997593760 0.047605786 -5.608084679 0.994472682 -0.045731522 -0.094513819 218.362411499
-0.091871053 0.054198958 -0.994294763 85.036849976 0.047528528 0.997618258 0.049988564 -5.582992077 0.994636059 -0.042664863 -0.094228238 218.287292480
-0.090195313 0.055176865 -0.994394481 84.279220581 0.044591822 0.997686505 0.051314883 -5.560290813 0.994925320 -0.039713506 -0.092447102 218.212158203
-0.088000745 0.056157805 -0.994536161 83.536415100 0.043877508 0.997659087 0.052451678 -5.536464214 0.995153546 -0.039021984 -0.090258837 218.152908325
-0.083492860 0.057578024 -0.994843602 82.817855835 0.044578046 0.997545779 0.053993180 -5.509547234 0.995510817 -0.039840136 -0.085854687 218.096435547
-0.076807566 0.058724038 -0.995315135 82.121665955 0.043280307 0.997519374 0.055514198 -5.483319283 0.996106207 -0.038813621 -0.079158664 218.036437988
-0.068951949 0.058948208 -0.995876968 81.441040039 0.042189881 0.997531950 0.056125063 -5.457659721 0.996727467 -0.038145989 -0.071268804 217.994750977
-0.059259474 0.057937663 -0.996559799 80.786926270 0.039765269 0.997658908 0.055636954 -5.425465107 0.997450292 -0.036331452 -0.061424669 217.976425171
-0.045277156 0.054987326 -0.997460008 80.145317078 0.039339919 0.997807622 0.053220753 -5.395700932 0.998199463 -0.036830314 -0.047341198 217.949783325
-0.027915120 0.052350163 -0.998238623 79.525413513 0.039937701 0.997888803 0.051214997 -5.372773170 0.998812258 -0.038437679 -0.029947005 217.933563232
-0.007217076 0.051549088 -0.998644471 78.923294067 0.042523857 0.997782826 0.051197305 -5.358210087 0.999069393 -0.042096715 -0.009393204 217.932617188
0.016065244 0.051483888 -0.998544574 78.326858521 0.042159513 0.997750580 0.052121226 -5.337398529 0.998981774 -0.042935491 0.013858542 217.944183350
0.041781258 0.051814396 -0.997782409 77.735900879 0.040564220 0.997743130 0.053510942 -5.315040588 0.998303056 -0.042710017 0.039585143 217.972915649
0.071996585 0.054482300 -0.995915651 77.145423889 0.036377460 0.997699380 0.057209656 -5.309998512 0.996741354 -0.040347785 0.069848910 217.993515015
0.100085706 0.054330982 -0.993494391 76.590476990 0.033934318 0.997740686 0.057981785 -5.276689053 0.994400024 -0.039516695 0.098015815 218.110443115
0.133883774 0.052115649 -0.989625752 76.020339966 0.033323221 0.997814715 0.057055108 -5.246665001 0.990436673 -0.040616266 0.131854445 218.211105347
0.170742065 0.048376389 -0.984127462 75.452095032 0.027984338 0.998152912 0.053921003 -5.217399120 0.984918296 -0.036746733 0.169072807 218.329666138
0.210711941 0.044956554 -0.976513863 74.880462646 0.020273339 0.998526037 0.050344523 -5.195295334 0.977338076 -0.030405385 0.209489852 218.453887939
0.252861649 0.041724950 -0.966602325 74.324295044 0.013768869 0.998813152 0.046717301 -5.164681435 0.967404604 -0.025122022 0.251986951 218.601089478
0.297357619 0.040518049 -0.953906119 73.791358948 0.006346694 0.998993039 0.044411600 -5.149965763 0.954745114 -0.019260269 0.296800971 218.778793335
0.345226049 0.039668329 -0.937680900 73.253532410 -0.002525185 0.999141991 0.041338727 -5.129268169 0.938516200 -0.011903379 0.345029950 218.986663818
0.395194322 0.040147796 -0.917719841 72.738601685 -0.015167806 0.999193370 0.037180398 -5.112906933 0.918472409 -0.000773672 0.395484447 219.220581055
0.445730388 0.042258069 -0.894169271 72.297935486 -0.014786547 0.999096394 0.039846007 -5.117469788 0.895045161 -0.004538897 0.445952475 219.493682861
0.498208821 0.044090409 -0.865935266 71.811553955 -0.017634651 0.999014914 0.040720403 -5.095930576 0.866877735 -0.005016794 0.498495579 219.800170898
0.550964952 0.048296563 -0.833129704 71.347320557 -0.020749796 0.998808086 0.044178709 -5.078378677 0.834270358 -0.007053647 0.551310420 220.140350342
0.602000833 0.049399436 -0.796965957 70.898559570 -0.020970145 0.998718381 0.046064794 -5.063764095 0.798220038 -0.011018553 0.602265179 220.511108398
0.649238467 0.047997095 -0.759068966 70.483276367 -0.020523136 0.998749077 0.045598801 -5.052757263 0.760307968 -0.014026022 0.649411321 220.913818359
0.691876948 0.042623058 -0.720756173 70.105621338 -0.019491859 0.998994768 0.040366277 -5.040693760 0.721752226 -0.013879618 0.692012310 221.341079712
0.733505726 0.039340906 -0.678543806 69.742332458 -0.024901658 0.999208629 0.031013884 -5.020484924 0.679227054 -0.005851988 0.733905077 221.740280151
0.770423174 0.038106237 -0.636393011 69.391838074 -0.034076113 0.999246478 0.018580504 -5.007910252 0.636621594 0.007370958 0.771141231 222.195983887
0.804488361 0.031523719 -0.593131304 69.070686340 -0.032778874 0.999425173 0.008658079 -4.996403694 0.593063354 0.012476858 0.805059195 222.678802490
0.836094558 0.022474404 -0.548124790 68.777679443 -0.024173519 0.999699235 0.004116412 -4.992287636 0.548052549 0.009808405 0.836386561 223.206680298
0.865067899 0.017522981 -0.501348615 68.509887695 -0.018160831 0.999828517 0.003609523 -4.995862007 0.501325965 0.005982431 0.865237892 223.759918213
0.890984654 0.017602386 -0.453691989 68.252532959 -0.017285846 0.999838769 0.004844984 -4.998120308 0.453704238 0.003525648 0.891145408 224.327392578
0.914464235 0.018391825 -0.404248506 67.973144531 -0.018856114 0.999818146 0.002833014 -4.997160435 0.404227197 0.005031861 0.914644778 224.898254395
0.933495879 0.015531366 -0.358251542 67.773239136 -0.015510360 0.999875426 0.002932508 -4.998567581 0.358252496 0.002819125 0.933620393 225.500579834
0.949564159 0.014447141 -0.313239574 67.593856812 -0.014245097 0.999894321 0.002933793 -5.005637169 0.313248903 0.001676304 0.949669540 226.123870850
0.963070452 0.018083030 -0.268641829 67.429679871 -0.018463036 0.999828994 0.001112006 -5.013013840 0.268616021 0.003889003 0.963239491 226.769836426
0.973783255 0.016804963 -0.226856411 67.302169800 -0.018090455 0.999829888 -0.003588488 -5.016837597 0.226757586 0.007598349 0.973921657 227.390991211
0.981852233 0.006048964 -0.189550772 67.203781128 -0.008641818 0.999880016 -0.012855408 -5.027771950 0.189450338 0.014260177 0.981786788 228.056243896
0.987240911 0.000256386 -0.159233570 67.117355347 -0.003770075 0.999756038 -0.021764597 -5.038074970 0.159189165 0.022087224 0.987001061 228.734222412
0.991293907 -0.001469858 -0.131659776 67.037353516 -0.001782313 0.999696255 -0.024580080 -5.051256657 0.131656006 0.024600739 0.990990162 229.419067383
0.993997097 -0.000673201 -0.109404042 66.969894409 -0.001542403 0.999795437 -0.020165730 -5.060680866 0.109395310 0.020213425 0.993792772 230.136291504
0.995864034 -0.000593450 -0.090853512 66.906608582 -0.000279524 0.999953985 -0.009595580 -5.080283165 0.090855211 0.009581290 0.995818019 230.868316650
0.997196555 0.002190948 -0.074792638 66.849136353 -0.002181776 0.999997675 0.000204288 -5.092567921 0.074792989 -0.000040535 0.997198999 231.601165771
0.998046458 -0.001089742 -0.062466465 66.813644409 0.001331780 0.999991775 0.003833120 -5.099689007 0.062461898 -0.003908823 0.998039782 232.349975586
0.998455882 -0.009996072 -0.054643810 66.786712646 0.010193240 0.999942601 0.003330669 -5.105613232 0.054607451 -0.003882524 0.998500347 233.098114014
0.998659909 -0.015752627 -0.049299169 66.755119324 0.015760547 0.999875724 -0.000227902 -5.107957363 0.049296670 -0.000549382 0.998783946 233.849349976
0.998789847 -0.018636514 -0.045516361 66.717338562 0.018464182 0.999820650 -0.004203457 -5.114709377 0.045586526 0.003357951 0.998954654 234.617141724
0.998790383 -0.020326378 -0.044774164 66.688484192 0.020010618 0.999771774 -0.007489382 -5.123530388 0.044916201 0.006584366 0.998969078 235.383850098
0.998746812 -0.022078730 -0.044913828 66.663467407 0.021825632 0.999743044 -0.006117784 -5.134896278 0.045037325 0.005129848 0.998972178 236.152725220
0.998778164 -0.023118397 -0.043678563 66.625350952 0.023016788 0.999731004 -0.002827886 -5.141765118 0.043732245 0.001819093 0.999041677 236.951751709
0.998615861 -0.028348545 -0.044301257 66.598930359 0.028335659 0.999598026 -0.000918947 -5.151212215 0.044309527 -0.000337633 0.999017775 237.757629395
0.998494744 -0.030624429 -0.045499027 66.568710327 0.030353433 0.999517202 -0.006634946 -5.166068554 0.045680340 0.005243904 0.998942375 238.551376343
0.998409748 -0.033215709 -0.045548897 66.529296875 0.032583345 0.999363005 -0.014556206 -5.177744865 0.046003427 0.013048919 0.998856068 239.361053467
0.997961879 -0.043178927 -0.046983153 66.501052856 0.042232737 0.998888135 -0.020948924 -5.191420555 0.047835428 0.018922005 0.998676002 240.196746826
0.997423887 -0.052895851 -0.048451688 66.481513977 0.051799230 0.998378277 -0.023616672 -5.214946747 0.049622387 0.021046065 0.998546243 240.987762451
0.996833920 -0.061948545 -0.049844455 66.450927734 0.060835119 0.997869849 -0.023554755 -5.241239548 0.051197529 0.020447884 0.998479247 241.825149536
0.996381342 -0.066993378 -0.052306402 66.412193298 0.066081464 0.997633755 -0.018975191 -5.258050442 0.053453829 0.015450049 0.998450816 242.697784424
0.996244967 -0.066476710 -0.055467963 66.371368408 0.065933436 0.997757018 -0.011569470 -5.278255463 0.056112606 0.007868834 0.998393357 243.562377930
0.996293426 -0.063444376 -0.058088243 66.324798584 0.063377962 0.997985125 -0.002986768 -5.298986912 0.058160841 -0.000705816 0.998306990 244.394348145
0.996609628 -0.056304291 -0.059992764 66.259971619 0.056470837 0.998403668 0.001082896 -5.306210995 0.059836157 -0.004467076 0.998198211 245.270156860
0.996879399 -0.050052926 -0.061041780 66.196853638 0.050463703 0.998712301 0.005205379 -5.313960075 0.060702719 -0.008269530 0.998121679 246.151092529
0.997156501 -0.042447288 -0.062267091 66.137268066 0.042900346 0.999061644 0.005956496 -5.322556973 0.061955974 -0.008610846 0.998041689 247.040267944
0.997196138 -0.041386575 -0.062345363 66.074562073 0.041483410 0.999139130 0.000259028 -5.327055454 0.062280953 -0.002844602 0.998054743 247.923080444
0.997221231 -0.039839204 -0.062949210 66.015861511 0.039342545 0.999184310 -0.009110507 -5.337783813 0.063260853 0.006608597 0.997975230 248.821762085
0.997290909 -0.037949026 -0.063012950 65.957962036 0.037068915 0.999198914 -0.015078689 -5.349612236 0.063534752 0.012702012 0.997898757 249.742355347
0.997330070 -0.037776817 -0.062495291 65.898490906 0.036913343 0.999207139 -0.014914217 -5.361387730 0.063009113 0.012567503 0.997933865 250.665634155
0.997518063 -0.033815671 -0.061760128 65.835586548 0.033318479 0.999403596 -0.009062882 -5.379027367 0.062029790 0.006982630 0.998049915 251.611938477
0.997759044 -0.029119158 -0.060241140 65.770706177 0.028888850 0.999571681 -0.004690743 -5.395151615 0.060351919 0.002939938 0.998172879 252.563507080
0.997933388 -0.025916256 -0.058798820 65.707931519 0.026001040 0.999661684 0.000677268 -5.404796124 0.058761358 -0.002204686 0.998269677 253.525573730
0.998056173 -0.023151195 -0.057861630 65.652000427 0.023473501 0.999712408 0.004896783 -5.405905724 0.057731658 -0.006245472 0.998312712 254.494873047
0.998203695 -0.021247854 -0.056017183 65.585166931 0.021623518 0.999747515 0.006108646 -5.416751862 0.055873338 -0.007308956 0.998411238 255.480361938
0.998237848 -0.021295227 -0.055386603 65.534019470 0.021266501 0.999773264 -0.001108089 -5.426521778 0.055397689 -0.000071745 0.998464406 256.471588135
0.998224735 -0.022122348 -0.055299189 65.472854614 0.021481175 0.999695241 -0.012162139 -5.432431221 0.055551440 0.010952657 0.998395741 257.476837158
0.998091578 -0.025200980 -0.056374628 65.421455383 0.024422031 0.999597132 -0.014463916 -5.443481922 0.056716524 0.013059532 0.998304963 258.481079102
0.998036206 -0.023201071 -0.058183640 65.356323242 0.022969594 0.999725401 -0.004644145 -5.459676266 0.058275368 0.003298570 0.998295128 259.515747070
0.997984886 -0.022885496 -0.059181586 65.289871216 0.023233995 0.999716520 0.005207223 -5.473407745 0.059045665 -0.006571749 0.998233676 260.558807373
0.997925878 -0.022344580 -0.060372055 65.224708557 0.022786792 0.999718130 0.006646113 -5.481842995 0.060206562 -0.008008013 0.998153865 261.603912354
0.997851372 -0.022614839 -0.061492071 65.161155701 0.022723500 0.999741137 0.001068241 -5.483632565 0.061452132 -0.002463263 0.998107076 262.634216309
0.997729540 -0.025327247 -0.062404767 65.098007202 0.025116172 0.999675751 -0.004164470 -5.492353439 0.062490053 0.002587647 0.998042345 263.681549072
0.997666955 -0.024186647 -0.063841343 65.031204224 0.023876593 0.999699116 -0.005615250 -5.508884430 0.063957989 0.004077836 0.997944236 264.731292725
0.997627079 -0.024240332 -0.064441711 64.956283569 0.024049727 0.999703825 -0.003731998 -5.524368286 0.064513162 0.002173338 0.997914493 265.796752930
0.997593164 -0.023686286 -0.065168299 64.887886047 0.023645759 0.999719501 -0.001393161 -5.539069176 0.065183096 -0.000151150 0.997873306 266.850677490
0.997625470 -0.020286413 -0.065817624 64.816108704 0.020386703 0.999791861 0.000852444 -5.551075459 0.065786690 -0.002192225 0.997831345 267.911865234
0.997597933 -0.019416146 -0.066493340 64.741271973 0.019740684 0.999796271 0.004227093 -5.563208103 0.066397786 -0.005529569 0.997777879 268.983276367
0.997585297 -0.019062165 -0.066785693 64.668319702 0.019562909 0.999785185 0.006851722 -5.573518753 0.066640705 -0.008141701 0.997743845 270.037445068
0.997578800 -0.019742843 -0.066683263 64.596069336 0.020178620 0.999779165 0.005867682 -5.577912807 0.066552788 -0.007199050 0.997756958 271.103057861
0.997496784 -0.023236031 -0.066784211 64.526741028 0.023365088 0.999726355 0.001151955 -5.585429192 0.066739209 -0.002709484 0.997766793 272.170959473
0.997450411 -0.023756683 -0.067290887 64.452850342 0.023550399 0.999715209 -0.003857306 -5.593587399 0.067363471 0.002262745 0.997725964 273.224792480
0.997394323 -0.023260642 -0.068290204 64.381790161 0.023084611 0.999727905 -0.003365785 -5.616447926 0.068349928 0.001780562 0.997659802 274.272338867
0.997232616 -0.026039023 -0.069635332 64.311340332 0.025742142 0.999655485 -0.005157511 -5.634676933 0.069745630 0.003350678 0.997559190 275.329101562
0.997174323 -0.025286805 -0.070739396 64.229858398 0.024661424 0.999648869 -0.009700117 -5.657812595 0.070959948 0.007928166 0.997447670 276.368408203
0.997094095 -0.025086587 -0.071931235 64.151214600 0.024378609 0.999645591 -0.010703678 -5.675219536 0.072174326 0.008918995 0.997352183 277.427490234
0.997057319 -0.023557106 -0.072951496 64.076812744 0.023368899 0.999721050 -0.003432571 -5.685563087 0.073012114 0.001717668 0.997329593 278.471374512
0.997045159 -0.022967804 -0.073305331 63.994106293 0.023445064 0.999709070 0.005656612 -5.703684330 0.073154144 -0.007358547 0.997293532 279.525695801
0.997088969 -0.021367677 -0.073192410 63.907859802 0.021840699 0.999745429 0.005668380 -5.710459709 0.073052764 -0.007250451 0.997301698 280.576416016
0.997160792 -0.020178746 -0.072547883 63.841068268 0.020176593 0.999796093 -0.000762431 -5.722052574 0.072548538 -0.000703499 0.997364640 281.604949951
0.997280061 -0.017379181 -0.071627021 63.760082245 0.017096460 0.999843419 -0.004558256 -5.734330654 0.071695060 0.003321290 0.997421026 282.644561768
0.997427940 -0.015121403 -0.070062861 63.672782898 0.014717188 0.999871969 -0.006281876 -5.746713161 0.070148930 0.005234588 0.997522771 283.683593750
0.997538686 -0.012441657 -0.069005638 63.600891113 0.012276623 0.999920666 -0.002815191 -5.772533417 0.069035202 0.001961108 0.997612357 284.720947266
0.997620523 -0.010717018 -0.068105921 63.523117065 0.010664943 0.999942422 -0.001128214 -5.788338661 0.068114206 0.000399188 0.997677565 285.763946533
0.997668743 -0.007232418 -0.067858525 63.449928284 0.007325435 0.999972522 0.001122030 -5.795411587 0.067848697 -0.001616503 0.997694433 286.798522949
0.997702777 -0.006872888 -0.067394286 63.373832703 0.006819822 0.999976397 -0.001017382 -5.817646027 0.067399770 0.000555432 0.997725904 287.819854736
0.997690737 -0.006837500 -0.067577302 63.301521301 0.006563710 0.999969423 -0.004272652 -5.832933903 0.067604586 0.003819226 0.997704983 288.845977783
0.997713387 -0.004436294 -0.067441694 63.217689514 0.003952367 0.999965549 -0.007307214 -5.845161438 0.067471847 0.007023950 0.997696459 289.871520996
0.997723937 -0.003225003 -0.067353427 63.147129059 0.002950676 0.999987066 -0.004172068 -5.865941048 0.067366004 0.003963834 0.997720480 290.891357422
0.997756958 -0.001758594 -0.066916041 63.072395325 0.001688138 0.999997973 -0.001109390 -5.879733562 0.066917822 0.000993946 0.997758031 291.924987793
0.997789443 0.000510826 -0.066451669 62.996257782 -0.000287049 0.999994218 0.003377009 -5.893287182 0.066452980 -0.003350465 0.997784019 292.953826904
0.997734666 0.002131276 -0.067236803 62.926746368 -0.001926492 0.999993324 0.003110319 -5.907590866 0.067243017 -0.002973738 0.997732282 293.965789795
0.997733474 -0.001957712 -0.067262083 62.863121033 0.002138989 0.999994278 0.002623130 -5.912986755 0.067256689 -0.002761059 0.997731924 294.968994141
0.997580528 -0.008169625 -0.069039866 62.802890778 0.008219177 0.999966204 0.000433580 -5.927618027 0.069034040 -0.000999983 0.997613907 295.973846436
0.997431993 -0.008129763 -0.071157865 62.734458923 0.008114758 0.999966979 -0.000500007 -5.937342644 0.071159713 -0.000078706 0.997464955 296.976837158
0.997273028 -0.005911119 -0.073563248 62.645263672 0.005631089 0.999976099 -0.004013529 -5.956508160 0.073585153 0.003588348 0.997282505 297.988128662
0.997108161 -0.009526016 -0.075395450 62.568054199 0.009381508 0.999953508 -0.002270602 -5.959041595 0.075413525 0.001556714 0.997151136 299.019622803
0.996908545 -0.005027206 -0.078410789 62.477203369 0.005595368 0.999959707 0.007027919 -5.973443031 0.078372322 -0.007444927 0.996896446 300.042785645
0.996693671 -0.000537143 -0.081249334 62.378639221 0.001703242 0.999896526 0.014283465 -5.984197140 0.081233151 -0.014374626 0.996591449 301.076873779
0.996405661 0.000099689 -0.084709696 62.314186096 0.001144214 0.999892294 0.014635673 -5.990574837 0.084702015 -0.014679991 0.996298134 302.038818359
0.996137023 -0.002537351 -0.087775342 62.225555420 0.003423318 0.999944746 0.009944494 -5.990666389 0.087745257 -0.010206557 0.996090651 303.032806396
0.995827198 -0.007662247 -0.090937033 62.136802673 0.007809678 0.999968708 0.001265503 -5.999166012 0.090924509 -0.001970408 0.995855868 304.021972656
0.995497465 -0.011327982 -0.094110042 62.047302246 0.010872622 0.999926567 -0.005349846 -6.012350082 0.094163850 0.004302542 0.995547473 304.998779297
0.995096147 -0.014400391 -0.097858064 61.954196930 0.014048818 0.999892175 -0.004280757 -6.026089191 0.097909175 0.002884982 0.995191276 305.986846924
0.994631171 -0.015214297 -0.102358967 61.849510193 0.015142847 0.999884188 -0.001475040 -6.044538021 0.102369592 -0.000082883 0.994746506 306.984344482
0.994107306 -0.014006729 -0.107491933 61.740730286 0.013450988 0.999892116 -0.005893420 -6.060517311 0.107562929 0.004412826 0.994188428 307.966674805
0.993561089 -0.015262524 -0.112264991 61.626800537 0.014108656 0.999839187 -0.011065374 -6.074676514 0.112415887 0.009410216 0.993616700 308.947326660
