1.000000000 0.000000000 0.000000000 -0.000000954 0.000000000 0.999999940 0.000000000 -0.000000238 0.000000000 0.000000000 1.000000000 -0.000000000
0.999995887 -0.002465893 -0.001451017 -0.004584484 0.002470060 0.999992847 0.002877129 -0.013970773 0.001443910 -0.002880701 0.999994814 1.525935411
0.999990821 -0.003013240 -0.003039490 -0.006892222 0.003024402 0.999988675 0.003674633 -0.031508572 0.003028383 -0.003683792 0.999988616 3.046420336
0.999988973 -0.001925045 -0.004324108 -0.025600769 0.001939615 0.999992371 0.003367704 -0.045126319 0.004317587 -0.003376053 0.999984980 4.552099228
0.999980330 -0.001154349 -0.006164146 -0.034369733 0.001175198 0.999993563 0.003379906 -0.065146409 0.006160206 -0.003387084 0.999975324 6.056845665
0.999971867 -0.001423642 -0.007366586 -0.051802289 0.001449439 0.999992847 0.003497729 -0.076758929 0.007361554 -0.003508309 0.999966741 7.557799816
0.999955595 -0.001681072 -0.009277196 -0.075375989 0.001718690 0.999990344 0.004048429 -0.093227103 0.009270300 -0.004064193 0.999948740 9.049677849
0.999938369 -0.003153518 -0.010644567 -0.094301902 0.003186722 0.999990046 0.003103844 -0.111694455 0.010634669 -0.003137574 0.999938488 10.548029900
0.999919593 -0.004240356 -0.011947570 -0.121156275 0.004280278 0.999985397 0.003317875 -0.127594903 0.011933324 -0.003368748 0.999923050 12.036805153
0.999904573 -0.003900525 -0.013252622 -0.141667485 0.003945356 0.999986589 0.003358360 -0.143337905 0.013239343 -0.003410326 0.999906480 13.516762733
0.999891758 -0.003912407 -0.014176912 -0.174189523 0.003960627 0.999986470 0.003374869 -0.156704307 0.014163512 -0.003430654 0.999893785 15.003066063
0.999882281 -0.002490171 -0.015141750 -0.191286653 0.002550564 0.999988854 0.003970519 -0.172445923 0.015131693 -0.004008673 0.999877453 16.458852768
0.999874711 -0.001454953 -0.015764697 -0.224055648 0.001528666 0.999987960 0.004664811 -0.185972348 0.015757719 -0.004688325 0.999864757 17.931455612
0.999862969 -0.000206497 -0.016548727 -0.249135688 0.000300842 0.999983728 0.005698779 -0.204076856 0.016547279 -0.005702978 0.999846876 19.406646729
0.999857068 -0.000130683 -0.016904073 -0.280582249 0.000224738 0.999984443 0.005562280 -0.214151785 0.016903084 -0.005565285 0.999841630 20.870220184
0.999844849 0.001045036 -0.017585836 -0.312889218 -0.000948789 0.999984443 0.005480438 -0.223449290 0.017591290 -0.005462903 0.999830306 22.325662613
0.999841988 0.001123882 -0.017736072 -0.337438822 -0.001015353 0.999980688 0.006126858 -0.236390412 0.017742606 -0.006107880 0.999824107 23.787052155
0.999842346 0.002180151 -0.017624933 -0.370374858 -0.002051350 0.999971092 0.007322573 -0.247637406 0.017640386 -0.007285262 0.999817908 25.221607208
0.999841332 0.002649217 -0.017616492 -0.399554938 -0.002543333 0.999978542 0.006030111 -0.259577543 0.017632091 -0.005984347 0.999826610 26.653415680
0.999840140 0.002748744 -0.017668327 -0.432517916 -0.002680407 0.999988854 0.003890238 -0.267015934 0.017678823 -0.003842256 0.999836326 28.084716797
0.999848902 0.001221107 -0.017339226 -0.458788276 -0.001156523 0.999992371 0.003734296 -0.282680035 0.017343650 -0.003713680 0.999842763 29.518133163
0.999851286 0.000566182 -0.017234810 -0.488879502 -0.000454610 0.999978900 0.006476893 -0.298766077 0.017238114 -0.006468097 0.999830544 30.925058365
0.999856889 -0.001531512 -0.016844558 -0.519343972 0.001660227 0.999969482 0.007630032 -0.309163988 0.016832355 -0.007656907 0.999829054 32.353981018
0.999857247 -0.001828117 -0.016798904 -0.548772931 0.001944006 0.999974370 0.006884872 -0.318205893 0.016785882 -0.006916546 0.999835253 33.750888824
0.999866128 -0.002320349 -0.016192744 -0.575764716 0.002403951 0.999983788 0.005145369 -0.332172453 0.016180540 -0.005183606 0.999855638 35.139343262
0.999876738 -0.000944670 -0.015670894 -0.607889712 0.001011707 0.999990284 0.004270454 -0.344773769 0.015666705 -0.004285781 0.999868095 36.493408203
0.999886811 -0.000578033 -0.015033417 -0.625431359 0.000629904 0.999993801 0.003445841 -0.362335145 0.015031334 -0.003454920 0.999880970 37.842624664
0.999904633 -0.000164073 -0.013807489 -0.652154744 0.000230921 0.999988198 0.004839936 -0.382343203 0.013806531 -0.004842664 0.999892890 39.176738739
0.999924600 0.000158657 -0.012276135 -0.675751328 -0.000073872 0.999976099 0.006906664 -0.399879009 0.012276936 -0.006905239 0.999900818 40.506568909
0.999944091 -0.000386331 -0.010563066 -0.697677612 0.000471745 0.999967217 0.008084763 -0.416529208 0.010559592 -0.008089296 0.999911547 41.792961121
0.999964893 -0.000063709 -0.008375820 -0.706276417 0.000135554 0.999963164 0.008577259 -0.429181397 0.008374963 -0.008578097 0.999928117 43.095329285
0.999987185 -0.000268040 -0.005050377 -0.721078992 0.000308692 0.999967575 0.008049944 -0.441217065 0.005048053 -0.008051402 0.999954820 44.363693237
0.999998927 -0.000900951 -0.001149970 -0.740516365 0.000908266 0.999979258 0.006376031 -0.456514329 0.001144200 -0.006377069 0.999978960 45.601577759
0.999997079 -0.001365878 0.001989081 -0.734270096 0.001357004 0.999989152 0.004455839 -0.467767537 -0.001995146 -0.004453128 0.999988079 46.815368652
0.999983549 -0.000771892 0.005689059 -0.728329480 0.000742271 0.999986172 0.005206967 -0.483342677 -0.005693001 -0.005202659 0.999970198 48.028511047
0.999932706 -0.000568589 0.011588468 -0.725220144 0.000511535 0.999987662 0.004925785 -0.492272854 -0.011591130 -0.004919525 0.999920726 49.255950928
0.999839008 0.000897932 0.017921921 -0.712280273 -0.000970099 0.999991357 0.004018464 -0.504164934 -0.017918162 -0.004035204 0.999831259 50.450664520
0.999680042 0.002225233 0.025196288 -0.688823819 -0.002321632 0.999990106 0.003797330 -0.516201854 -0.025187593 -0.003854613 0.999675274 51.664871216
0.999423802 0.003408307 0.033772353 -0.654857039 -0.003574762 0.999981701 0.004869584 -0.528147995 -0.033755150 -0.004987506 0.999417722 52.823143005
0.999002337 0.005948807 0.044263463 -0.613736629 -0.006202312 0.999965131 0.005592078 -0.540943861 -0.044228658 -0.005861034 0.999004304 53.990863800
0.998348713 0.007530116 0.056947205 -0.552783251 -0.007865489 0.999952972 0.005667302 -0.558225572 -0.056901861 -0.006105863 0.998361111 55.136596680
0.997389495 0.009796663 0.071541682 -0.480208874 -0.010252994 0.999929309 0.006014104 -0.569751143 -0.071477711 -0.006731920 0.997419477 56.266723633
0.996060848 0.012115918 0.087840170 -0.400189400 -0.012811729 0.999890804 0.007361889 -0.581941605 -0.087741390 -0.008458273 0.996107399 57.378246307
0.994355500 0.012189645 0.105396472 -0.284300327 -0.013117660 0.999880910 0.008116242 -0.591220558 -0.105284974 -0.009452985 0.994397163 58.486949921
0.992201626 0.011589643 0.124103107 -0.150186062 -0.012611016 0.999892712 0.007447624 -0.603654146 -0.124003477 -0.008954611 0.992241442 59.571666718
0.989448130 0.011053279 0.144465268 -0.001157761 -0.012088336 0.999907076 0.006288918 -0.607709229 -0.144382372 -0.007968902 0.989489853 60.655277252
0.986188650 0.008549953 0.165405020 0.174992561 -0.009687738 0.999934554 0.006073243 -0.617727280 -0.165342331 -0.007591763 0.986207008 61.715782166
0.982353806 0.003058902 0.187006727 0.374833107 -0.004657004 0.999956250 0.008106969 -0.624990940 -0.186973765 -0.008834803 0.982325137 62.758731842
0.977687657 -0.002336097 0.210050911 0.596057892 0.000248305 0.999950290 0.009965281 -0.638406217 -0.210063756 -0.009690774 0.977639616 63.785877228
0.972194254 -0.007319062 0.234061390 0.847392082 0.005337433 0.999944270 0.009098608 -0.643148541 -0.234114960 -0.007596328 0.972179174 64.813873291
0.965664029 -0.013541577 0.259441108 1.120690346 0.012029042 0.999900162 0.007416758 -0.652009726 -0.259515613 -0.004041268 0.965730429 65.817718506
0.958302617 -0.017288808 0.285231709 1.422288895 0.015581600 0.999844432 0.008253744 -0.660741925 -0.285330087 -0.003465218 0.958422959 66.796096802
0.949589550 -0.019630166 0.312880725 1.724775314 0.017183347 0.999796391 0.010576035 -0.669140458 -0.313024700 -0.004666551 0.949733496 67.745933533
0.940035760 -0.023953844 0.340233833 2.069547653 0.020658458 0.999697983 0.013305327 -0.671134412 -0.340449780 -0.005478776 0.940246761 68.681076050
0.929003835 -0.026455387 0.369123280 2.434537888 0.023275293 0.999643624 0.013066447 -0.674612999 -0.369337499 -0.003547329 0.929288566 69.601966858
0.916888058 -0.025484147 0.398330301 2.819517136 0.023773422 0.999674678 0.009234276 -0.676877320 -0.398436010 0.001002876 0.917195559 70.496643066
0.903955281 -0.027179994 0.426762521 3.240087509 0.028163228 0.999595284 0.004008559 -0.685928106 -0.426698834 0.008395452 0.904354811 71.358955383
0.889718592 -0.028983837 0.455588281 3.680629730 0.031685285 0.999496460 0.001708235 -0.694277644 -0.455408454 0.012915597 0.890188932 72.208755493
0.874150693 -0.029894382 0.484733939 4.148340225 0.031304777 0.999496341 0.005186846 -0.706500053 -0.484644830 0.010640399 0.874646306 73.047912598
0.856525958 -0.028698107 0.515305579 4.642986298 0.026985928 0.999577284 0.010812677 -0.713600934 -0.515398026 0.004644656 0.856938362 73.870803833
0.836893857 -0.029102165 0.546591103 5.162040710 0.025283609 0.999574959 0.014508300 -0.720442891 -0.546781063 0.001677888 0.837273955 74.675735474
0.815861523 -0.022947043 0.577791929 5.700098038 0.021255910 0.999727070 0.009690170 -0.723399878 -0.577856600 0.004375658 0.816126645 75.444725037
0.793912470 -0.016078290 0.607819438 6.265033722 0.018325409 0.999828875 0.002511874 -0.727286100 -0.607755899 0.009144335 0.794071257 76.194931030
0.771515012 -0.013680397 0.636064112 6.855491638 0.017445754 0.999847710 0.000343759 -0.729630947 -0.635971844 0.010831404 0.771636188 76.910278320
0.748088598 -0.016091894 0.663403749 7.484214783 0.018445419 0.999823809 0.003452283 -0.734806061 -0.663342476 0.009654145 0.748253763 77.614685059
0.723618507 -0.016742831 0.689997077 8.109001160 0.018762959 0.999813437 0.004583322 -0.758845925 -0.689945102 0.009629813 0.723797679 78.275825500
0.698255658 -0.014520099 0.715701282 8.759960175 0.019210573 0.999814212 0.001541860 -0.763540208 -0.715590715 0.012672419 0.698404968 78.909240723
0.672128022 -0.012542845 0.740328670 9.436306000 0.019201379 0.999815524 -0.000493372 -0.777854025 -0.740185976 0.014546941 0.672244847 79.520599365
0.645216286 -0.009996167 0.763934493 10.127048492 0.017314002 0.999848783 -0.001540208 -0.785329342 -0.763803840 0.014220532 0.645291865 80.105255127
0.617190003 -0.008512531 0.786768258 10.856964111 0.017155405 0.999849319 -0.002639783 -0.800726295 -0.786627173 0.015126574 0.617243111 80.676765442
0.588468134 -0.002261580 0.808517337 11.591316223 0.015694186 0.999839604 -0.008626052 -0.817839622 -0.808368206 0.017765179 0.588409305 81.211914062
0.558505714 0.007329128 0.829468310 12.358829498 0.014489633 0.999722183 -0.018589782 -0.830780029 -0.829374135 0.022401193 0.558244407 81.732482910
0.527899086 0.015653646 0.849162817 13.135475159 0.013401981 0.999552131 -0.026757561 -0.852816582 -0.849201381 0.025505755 0.527452826 82.211853027
0.495945513 0.020578194 0.868109763 13.942649841 0.010686680 0.999498904 -0.029797951 -0.882695317 -0.868287921 0.024055375 0.495477080 82.685714722
0.463420033 0.020168237 0.885909200 14.770328522 0.008818948 0.999586523 -0.027369363 -0.913654804 -0.886094928 0.020496294 0.463050485 83.123748779
0.430217177 0.018928500 0.902526975 15.621433258 0.004437605 0.999723673 -0.023082305 -0.939980507 -0.902714491 0.013935465 0.430014372 83.538177490
0.395955443 0.019820368 0.918055952 16.478250504 0.000131615 0.999765754 -0.021641208 -0.976577699 -0.918269694 0.008689789 0.395860165 83.912391663
0.360654235 0.023013188 0.932415605 17.361276627 -0.006738735 0.999733627 -0.022068169 -1.000348806 -0.932675242 0.001675677 0.360713243 84.277038574
0.325567335 0.024908602 0.945190668 18.263179779 -0.011664930 0.999682605 -0.022326685 -1.027438879 -0.945446849 -0.003756745 0.325754553 84.577751160
0.288819611 0.024029981 0.957081974 19.166339874 -0.014419743 0.999680579 -0.020748073 -1.060628176 -0.957274973 -0.007808424 0.289073884 84.878829956
0.252307355 0.024031334 0.967348754 20.121408463 -0.014902379 0.999669611 -0.020947365 -1.080451488 -0.967532396 -0.009130621 0.252582103 85.143081665
0.216309369 0.023621019 0.976039171 21.063955307 -0.014396071 0.999675810 -0.021002598 -1.105012655 -0.976218760 -0.009508070 0.216579303 85.352691650
0.181267068 0.022244148 0.983182371 22.028495789 -0.012200629 0.999718130 -0.020368859 -1.132089376 -0.983358204 -0.008303240 0.181487352 85.522567749
0.146767303 0.021248212 0.988942802 23.005172729 -0.003866384 0.999773800 -0.020907128 -1.165661454 -0.989163458 -0.000755150 0.146816283 85.659225464
0.113158442 0.024657870 0.993270874 23.971733093 -0.001984561 0.999695480 -0.024591271 -1.196911335 -0.993574977 0.000811503 0.113172948 85.762916565
0.079619974 0.029357128 0.996392965 24.944328308 -0.001172026 0.999568284 -0.029357031 -1.233902931 -0.996824622 0.001169607 0.079620034 85.858398438
0.050773714 0.033524659 0.998147309 25.949525833 0.005742517 0.999410093 -0.033859175 -1.263611436 -0.998693645 0.007451035 0.050551239 85.904357910
0.025244618 0.031785518 0.999175847 26.933578491 0.007833225 0.999457419 -0.031992383 -1.297452927 -0.999650598 0.008634404 0.024981933 85.922775269
0.003067564 0.028621120 0.999585629 27.920084000 0.009146914 0.999547660 -0.028648101 -1.335201621 -0.999953508 0.009231004 0.002804365 85.921310425
-0.015671026 0.026148327 0.999535203 28.961357117 0.009500810 0.999616683 -0.026001500 -1.379171848 -0.999832034 0.009088924 -0.015913451 85.908157349
-0.032132037 0.029106230 0.999059737 29.956838608 0.011605401 0.999519289 -0.028746365 -1.416774988 -0.999416232 0.010670811 -0.032454379 85.872146606
-0.046939086 0.033728503 0.998328090 30.963596344 0.013666247 0.999357879 -0.033120733 -1.448438168 -0.998804212 0.012088744 -0.047369886 85.827568054
-0.059235785 0.038872834 0.997486830 31.956815720 0.017705617 0.999125242 -0.037885234 -1.488507509 -0.998086989 0.015416959 -0.059872240 85.767807007
-0.067647628 0.042308703 0.996811807 32.968414307 0.023252672 0.998895943 -0.040819149 -1.535244823 -0.997438192 0.020417219 -0.068556763 85.689788818
-0.073690519 0.047800791 0.996134996 33.969707489 0.026843293 0.998583853 -0.045932528 -1.582258224 -0.996919811 0.023354752 -0.074869305 85.611198425
-0.076990359 0.052505210 0.995648384 34.980567932 0.029239465 0.998301744 -0.050384142 -1.637590647 -0.996603012 0.025233133 -0.078394830 85.523696899
-0.079812467 0.056499422 0.995207489 35.986171722 0.031496435 0.998036683 -0.054134142 -1.697451353 -0.996312201 0.027024904 -0.081435308 85.440643311
-0.082266785 0.059073370 0.994858027 36.998313904 0.032145888 0.997879505 -0.056594573 -1.763849735 -0.996091902 0.027324740 -0.083991282 85.348495483
-0.085024580 0.062598653 0.994410515 38.005752563 0.033173982 0.997648954 -0.059966054 -1.827846050 -0.995826423 0.027889969 -0.086901315 85.266479492
-0.086566553 0.066730134 0.994008720 39.012783051 0.034348320 0.997360885 -0.063963816 -1.889352560 -0.995653808 0.028605403 -0.088630170 85.163795471
-0.088894047 0.068300009 0.993696570 40.027610779 0.037001126 0.997183919 -0.065229662 -1.958263874 -0.995353639 0.030969365 -0.091170900 85.068771362
-0.091630697 0.066566758 0.993565619 41.044906616 0.037267815 0.997293293 -0.063379526 -2.038687468 -0.995095491 0.031220512 -0.093863495 84.990852356
-0.093150258 0.066415817 0.993434489 42.075874329 0.036784291 0.997321010 -0.063226543 -2.105839252 -0.994972348 0.030653214 -0.095343776 84.887023926
-0.095396295 0.067777663 0.993129313 43.108703613 0.036526557 0.997245789 -0.064549983 -2.174700737 -0.994769037 0.030117763 -0.097609237 84.780281067
-0.097542204 0.070027620 0.992764652 44.132461548 0.036061019 0.997115254 -0.066791378 -2.251118660 -0.994577885 0.029285129 -0.099786088 84.677909851
-0.100055493 0.071934298 0.992378116 45.162998199 0.034419704 0.997036457 -0.068801634 -2.333343744 -0.994386375 0.027273377 -0.102234930 84.572204590
-0.102678590 0.075514071 0.991844237 46.192504883 0.031880677 0.996851802 -0.072594970 -2.412927151 -0.994203627 0.024166716 -0.104762793 84.472434998
-0.104923129 0.079679497 0.991283238 47.232864380 0.028314594 0.996620238 -0.077111520 -2.491615057 -0.994077265 0.019977000 -0.106824607 84.370216370
-0.107642017 0.082408883 0.990768433 48.273738861 0.025980523 0.996451497 -0.080058925 -2.571193457 -0.993850172 0.017122978 -0.109401077 84.255775452
-0.110733785 0.080708161 0.990567684 49.313964844 0.023898058 0.996625304 -0.078530185 -2.659767866 -0.993562758 0.014976696 -0.112288855 84.149795532
-0.113163032 0.076737218 0.990608692 50.378967285 0.021467537 0.996969104 -0.074777558 -2.745876074 -0.993344605 0.012803877 -0.114467397 84.020729065
-0.115550928 0.075056307 0.990461886 51.430500031 0.021601764 0.997095108 -0.073038824 -2.830565691 -0.993066609 0.012956023 -0.116836615 83.902526855
-0.117763810 0.075140506 0.990194738 52.470024109 0.021082684 0.997097492 -0.073156938 -2.921244383 -0.992817819 0.012260721 -0.119006172 83.788940430
-0.118938841 0.078187890 0.989818215 53.535629272 0.021892391 0.996858716 -0.076113395 -3.001348495 -0.992660224 0.012616652 -0.120276928 83.663787842
-0.119627506 0.081258662 0.989487946 54.603202820 0.022617992 0.996609211 -0.079109021 -3.083848715 -0.992561221 0.012916617 -0.121059790 83.533241272
-0.119908147 0.081837140 0.989406288 55.661861420 0.021450758 0.996577501 -0.079830654 -3.173876762 -0.992553294 0.011651164 -0.121253259 83.405540466
-0.120559327 0.080276392 0.989454925 56.721523285 0.018417213 0.996734262 -0.078622937 -3.266223907 -0.992535472 0.008744270 -0.121644072 83.292526245
-0.120042704 0.079676077 0.989566326 57.782142639 0.014945034 0.996806204 -0.078446046 -3.356511116 -0.992656410 0.005372224 -0.120850094 83.163825989
-0.120051906 0.080924198 0.989463925 58.858032227 0.010947343 0.996719539 -0.080189362 -3.447499275 -0.992707253 0.001205115 -0.120543987 83.039916992
-0.120027818 0.081432715 0.989425123 59.929836273 0.006685888 0.996674001 -0.081218243 -3.535160780 -0.992748022 -0.003133264 -0.120173037 82.917587280
-0.120616987 0.080601417 0.989421546 61.016677856 0.003089733 0.996724010 -0.080819637 -3.631625414 -0.992694259 -0.006691173 -0.120470867 82.791618347
-0.120880492 0.075325020 0.989805043 62.115715027 0.003952683 0.997145534 -0.075400896 -3.726729393 -0.992659211 -0.005202113 -0.120833181 82.664245605
-0.121290371 0.066762894 0.990369320 63.210777283 0.006928831 0.997768223 -0.066413082 -3.810461998 -0.992592871 -0.001193168 -0.121482268 82.535598755
-0.121230975 0.061282702 0.990730822 64.307525635 0.013154175 0.998104036 -0.060129162 -3.895243645 -0.992537141 0.005742731 -0.121807247 82.400444031
-0.120083541 0.063669823 0.990720034 65.420516968 0.021518402 0.997873783 -0.061521366 -3.967983484 -0.992530584 0.013931008 -0.121198289 82.247032166
-0.118625380 0.069408908 0.990510225 66.506996155 0.027075887 0.997409046 -0.066649675 -4.039896965 -0.992569864 0.018912602 -0.120197341 82.110008240
-0.118062332 0.074817762 0.990183651 67.608573914 0.030622574 0.996957600 -0.071678370 -4.122737408 -0.992533982 0.021859454 -0.119994253 81.976226807
-0.117688194 0.079036504 0.989900410 68.701240540 0.031021208 0.996633828 -0.075886048 -4.208399296 -0.992566109 0.021777010 -0.119743824 81.850326538
-0.117474638 0.076450519 0.990128756 69.819000244 0.027634017 0.996897876 -0.073694505 -4.290636063 -0.992691398 0.018703999 -0.119222827 81.725898743
-0.117112570 0.072301924 0.990483344 70.921005249 0.027365401 0.997202635 -0.069556773 -4.378152370 -0.992741585 0.018959001 -0.118763521 81.602836609
-0.116733715 0.069887102 0.990701258 72.073631287 0.025457568 0.997403860 -0.067360260 -4.464982986 -0.992836952 0.017357631 -0.118209831 81.453338623
-0.116944693 0.070525207 0.990631163 73.201782227 0.023483211 0.997392952 -0.068234377 -4.545966625 -0.992860794 0.015283553 -0.118295945 81.329414368
-0.116478249 0.075616188 0.990310490 74.332824707 0.024676768 0.997010052 -0.073225312 -4.633211136 -0.992886662 0.015908506 -0.117995963 81.193603516
-0.115597829 0.078598812 0.990181565 75.478233337 0.024289269 0.996789932 -0.076287754 -4.717226505 -0.992999136 0.015232086 -0.117135875 81.052749634
-0.114939809 0.077325024 0.990358353 76.619735718 0.024201047 0.996887863 -0.075026087 -4.806086540 -0.993077576 0.015344226 -0.116453446 80.916839600
-0.114512205 0.070622303 0.990908325 77.773834229 0.025789306 0.997345030 -0.068100765 -4.895567417 -0.993087053 0.017756470 -0.116029479 80.785133362
-0.115205243 0.069007449 0.990942001 78.921241760 0.025090786 0.997467875 -0.066544898 -4.980409622 -0.993024707 0.017197195 -0.116644986 80.656906128
-0.114619106 0.071868338 0.990806520 80.058624268 0.023009924 0.997304142 -0.069677792 -5.067713737 -0.993142962 0.014811978 -0.115963809 80.531555176
-0.114602022 0.075368717 0.990548313 81.221618652 0.021785632 0.997068703 -0.073344357 -5.144043922 -0.993172526 0.013174310 -0.115908049 80.402893066
-0.114246778 0.074454926 0.990658402 82.390983582 0.020675186 0.997149885 -0.072558455 -5.236330032 -0.993237197 0.012192479 -0.115460522 80.269355774
-0.114187211 0.071356989 0.990893304 83.561386108 0.020660201 0.997372031 -0.069442727 -5.323519230 -0.993244350 0.012542582 -0.115361363 80.138877869
-0.113529667 0.069998085 0.991065800 84.742362976 0.020095892 0.997472703 -0.068148561 -5.414727211 -0.993331254 0.012179471 -0.114649415 80.003829956
-0.112327516 0.070581309 0.991161346 85.928985596 0.021624703 0.997411489 -0.068575673 -5.501148224 -0.993435800 0.013730634 -0.113563061 79.871704102
-0.111042820 0.070792474 0.991290987 87.122177124 0.024231246 0.997355998 -0.068511270 -5.590244770 -0.993520141 0.016412532 -0.112464607 79.730293274
-0.109786272 0.070204154 0.991472900 88.317672729 0.024247771 0.997394800 -0.067938529 -5.675633430 -0.993659437 0.016582292 -0.111202545 79.589462280
-0.108760618 0.071209982 0.991514206 89.517425537 0.025132246 0.997309089 -0.068869382 -5.759767532 -0.993750274 0.017428707 -0.110257603 79.462326050
-0.107352354 0.069464400 0.991791487 90.705619812 0.024678316 0.997435033 -0.067188486 -5.848872185 -0.993914723 0.017262906 -0.108791269 79.334617615
-0.106198996 0.068025552 0.992015243 91.924446106 0.023728125 0.997546375 -0.065864645 -5.943214417 -0.994061768 0.016543904 -0.107552551 79.197784424
-0.104639910 0.067866176 0.992191792 93.137237549 0.024801226 0.997536659 -0.065616131 -6.023793221 -0.994200885 0.017741511 -0.106065311 79.071990967
-0.102377132 0.068453424 0.992387474 94.365692139 0.022819832 0.997528493 -0.066453882 -6.114642143 -0.994483888 0.015842762 -0.103686191 78.940681458
-0.102038965 0.070841104 0.992254794 95.595466614 0.023059405 0.997361422 -0.068834379 -6.202388763 -0.994513035 0.015857017 -0.103403293 78.828941345
-0.101090513 0.069545589 0.992443502 96.817726135 0.020483725 0.997487664 -0.067812599 -6.288369656 -0.994666338 0.013473729 -0.102261111 78.711723328
-0.100351520 0.068218544 0.992610633 98.066947937 0.017455246 0.997613847 -0.066797718 -6.385374069 -0.994798839 0.010623013 -0.101302855 78.589225769
-0.100378320 0.069230191 0.992537856 99.305206299 0.014543983 0.997571766 -0.068110436 -6.471584320 -0.994843006 0.007598644 -0.101141475 78.470306396
-0.100273721 0.068778142 0.992579818 100.532524109 0.011611291 0.997620940 -0.067954421 -6.560881138 -0.994892120 0.004711091 -0.100833751 78.345466614
-0.101474322 0.066212066 0.992632270 101.776924133 0.008847167 0.997803271 -0.065652564 -6.651594162 -0.994798779 0.002119935 -0.101837203 78.225013733
-0.102724247 0.064679779 0.992604733 103.040367126 0.006649371 0.997906029 -0.064337075 -6.741914749 -0.994687676 -0.000008780 -0.102939248 78.100616455
-0.104796305 0.064104974 0.992425382 104.301033020 0.004333143 0.997940242 -0.064003624 -6.827973843 -0.994484305 -0.002407021 -0.104858220 77.986381531
-0.105696134 0.063922614 0.992341816 105.558456421 0.004937369 0.997953117 -0.063758187 -6.920794964 -0.994386256 -0.001839436 -0.105795413 77.846900940
-0.108110949 0.062654309 0.992162585 106.816658020 0.004369052 0.998032272 -0.062548913 -7.006890297 -0.994129300 -0.002427413 -0.108171962 77.716438293
-0.111366510 0.057914443 0.992090404 108.087539673 0.001362683 0.998308420 -0.058124460 -7.093867779 -0.993778467 -0.005121212 -0.111257039 77.586906433
-0.116000861 0.057826106 0.991564333 109.346115112 0.000532909 0.998307228 -0.058157001 -7.176267624 -0.993248999 -0.006217848 -0.115835331 77.449371338
-0.121100411 0.063877538 0.990582705 110.582305908 -0.003594501 0.997892559 -0.064788342 -7.259705067 -0.992633820 -0.011406546 -0.120615594 77.300956726
-0.128676012 0.066979632 0.989422083 111.803070068 -0.002858081 0.997687280 -0.067910835 -7.345742226 -0.991682649 -0.011566344 -0.128187016 77.157524109
-0.136903241 0.063217938 0.988565028 113.057327271 -0.000816776 0.997953951 -0.063931450 -7.434368610 -0.990584075 -0.009559861 -0.136571467 76.972503662
-0.147739366 0.061218299 0.987129807 114.285697937 0.001377438 0.998094320 -0.061692111 -7.523710251 -0.989025354 -0.007754640 -0.147542119 76.792953491
-0.160667345 0.062007174 0.985058844 115.502876282 0.001546261 0.998039365 -0.062572040 -7.610828400 -0.987007558 -0.008530125 -0.160448149 76.603210449
-0.174523115 0.062038977 0.982696652 116.719207764 0.003774812 0.998048007 -0.062337730 -7.699258804 -0.984645844 -0.007169880 -0.174416602 76.388061523
-0.189192742 0.060132854 0.980097055 117.931488037 0.004135020 0.998163044 -0.060443081 -7.783573151 -0.981931269 -0.007382674 -0.189093888 76.163360596
-0.204275265 0.062531218 0.976914287 119.131698608 0.008381113 0.998032808 -0.062130481 -7.873111725 -0.978877723 -0.004504092 -0.204397485 75.910430908
-0.219903320 0.065802813 0.973299801 120.307373047 0.008126612 0.997811258 -0.065623872 -7.961368084 -0.975487828 -0.006521281 -0.219956785 75.657821655
-0.235384226 0.069656871 0.969402909 121.475967407 0.007687966 0.997530520 -0.069811247 -8.048582077 -0.971871972 -0.008979729 -0.235338509 75.383941650
-0.250828058 0.067739092 0.965658724 122.643318176 0.004475065 0.997619033 -0.068818651 -8.144159317 -0.968021333 -0.012940266 -0.250533938 75.083938599
-0.267218053 0.061879814 0.961647272 123.806755066 -0.001279047 0.997912288 -0.064568795 -8.236557007 -0.963635266 -0.018483946 -0.266581029 74.784057617
-0.282877803 0.057867967 0.957408786 124.998626709 -0.005329523 0.998068035 -0.061900195 -8.322227478 -0.959141314 -0.022612717 -0.282022893 74.451507568
-0.298344135 0.059312597 0.952613771 126.146484375 -0.007383450 0.997893929 -0.064444274 -8.406564713 -0.954429865 -0.026260147 -0.297277868 74.110450745
-0.312229306 0.061354272 0.948023498 127.303634644 -0.007116056 0.997733235 -0.066915043 -8.493603706 -0.949980140 -0.027639024 -0.311084926 73.734085083
-0.326264292 0.063615657 0.943135560 128.439147949 -0.005631347 0.997584403 -0.069236360 -8.582643509 -0.945261776 -0.027900483 -0.325117916 73.352645874
-0.340580612 0.063140184 0.938092887 129.573516846 -0.003735217 0.997643769 -0.068504468 -8.683201790 -0.940207899 -0.026835276 -0.339542240 72.953636169
-0.354720175 0.061113574 0.932973087 130.699020386 -0.004151365 0.997748554 -0.066935010 -8.774309158 -0.934963286 -0.027616311 -0.353667915 72.540367126
-0.369147837 0.059966538 0.927434027 131.822280884 -0.003756902 0.997811675 -0.066012420 -8.868052483 -0.929363132 -0.027852619 -0.368114740 72.097930908
-0.383945912 0.061401330 0.921311796 132.921661377 -0.005274652 0.997624338 -0.068685368 -8.957895279 -0.923340619 -0.031231066 -0.382709920 71.652633667
-0.399026483 0.063445084 0.914741874 134.013992310 -0.004432603 0.997458160 -0.071115747 -9.047813416 -0.916928649 -0.032431759 -0.397730947 71.193496704
-0.413809210 0.065141819 0.908030093 135.107452393 -0.003311192 0.997322202 -0.073056616 -9.140403748 -0.910357594 -0.033238165 -0.412485480 70.707931519
-0.428159624 0.067798175 0.901156366 136.192550659 -0.000312250 0.997170627 -0.075170137 -9.236339569 -0.903703034 -0.032466207 -0.426927090 70.190750122
-0.443070978 0.070987336 0.893671572 137.266769409 -0.000706899 0.996832013 -0.079532191 -9.335247040 -0.896486402 -0.035870139 -0.441617131 69.673706055
-0.457878023 0.073287256 0.885989130 138.343963623 -0.000133739 0.996590674 -0.082505092 -9.435405731 -0.889014959 -0.037895769 -0.456307113 69.119964600
-0.473377854 0.070679039 0.878019392 139.416275024 -0.001539100 0.996707797 -0.081063047 -9.535673141 -0.880858123 -0.039724808 -0.471710622 68.559387207
-0.489515722 0.066049993 0.869489372 140.480804443 -0.004323279 0.996931076 -0.078164957 -9.641408920 -0.871983767 -0.042022012 -0.487727851 67.982879639
-0.505720198 0.066309750 0.860145390 141.542404175 -0.004736184 0.996813118 -0.079630286 -9.741763115 -0.862684548 -0.044344444 -0.503794551 67.376335144
-0.521603286 0.065218955 0.850691795 142.595489502 -0.006160924 0.996760130 -0.080194980 -9.843498230 -0.853165984 -0.047071014 -0.519511521 66.746894836
-0.537522614 0.064290203 0.840794921 143.633514404 -0.006764524 0.996728539 -0.080538012 -9.943672180 -0.843222260 -0.048978578 -0.535329223 66.093429565
-0.553097188 0.063644588 0.830682039 144.669189453 -0.008068256 0.996621788 -0.081730545 -10.051189423 -0.833077610 -0.051907100 -0.550715148 65.425247192
-0.568392098 0.062885150 0.820351064 145.691909790 -0.008620756 0.996564925 -0.082366064 -10.158090591 -0.822712719 -0.053888272 -0.565897405 64.723464966
-0.583287776 0.060683392 0.809995711 146.702270508 -0.008315959 0.996707022 -0.080659866 -10.259205818 -0.812222958 -0.053783819 -0.580862284 64.001907349
-0.598228574 0.057159007 0.799284220 147.704437256 -0.008254017 0.996960282 -0.077473119 -10.365858078 -0.801282823 -0.052943956 -0.595938444 63.267803192
-0.613315523 0.055231087 0.787904739 148.705566406 -0.008027364 0.997064650 -0.076141529 -10.465488434 -0.789797187 -0.053023580 -0.611071765 62.500373840
-0.627760947 0.054010138 0.776530325 149.682479858 -0.008416889 0.997060537 -0.076153092 -10.564136505 -0.778360724 -0.054341894 -0.625461042 61.717510223
-0.642718613 0.054745138 0.764143884 150.657409668 -0.009683101 0.996783316 -0.079556420 -10.679907799 -0.766041160 -0.058531664 -0.640121043 60.917888641
-0.658117771 0.054076720 0.750970483 151.616973877 -0.011947834 0.996541679 -0.082230642 -10.783933640 -0.752820194 -0.063089915 -0.655195713 60.100818634
-0.674047410 0.050773151 0.736941159 152.566177368 -0.013840077 0.996591806 -0.081321239 -10.892332077 -0.738558412 -0.065013692 -0.671047390 59.263862610
-0.690386534 0.043177612 0.722151101 153.498153687 -0.017385019 0.996938884 -0.076227590 -11.001100540 -0.723231733 -0.065181106 -0.687522590 58.404739380
-0.707258761 0.040904243 0.705770433 154.422058105 -0.018254586 0.996935248 -0.076072328 -11.103571892 -0.706718981 -0.066686377 -0.704344630 57.508365631
-0.724737883 0.038145464 0.687967896 155.315841675 -0.019935515 0.996887505 -0.076274998 -11.207984924 -0.688736200 -0.068994373 -0.721721649 56.596958160
-0.742157757 0.034383412 0.669342637 156.195816040 -0.023143016 0.996773005 -0.076863803 -11.310636520 -0.669825494 -0.072535671 -0.738967061 55.655311584
-0.758837938 0.032076601 0.650489092 157.040222168 -0.023096804 0.996832669 -0.076099239 -11.423364639 -0.650869906 -0.072771206 -0.755693376 54.696613312
-0.774712920 0.034293782 0.631382525 157.863922119 -0.020960199 0.996586680 -0.079848342 -11.526410103 -0.631965697 -0.075093448 -0.771349609 53.702354431
-0.789691210 0.034553073 0.612530768 158.659912109 -0.016587438 0.996845245 -0.077617347 -11.638078690 -0.613280296 -0.071454071 -0.786626697 52.689472198
-0.804783165 0.034813337 0.592547297 159.460647583 -0.013735314 0.996919036 -0.077225938 -11.750607491 -0.593410075 -0.070288956 -0.801825285 51.664428711
-0.819275081 0.036063235 0.572265565 160.211685181 -0.011852996 0.996741891 -0.079782188 -11.861003876 -0.573278248 -0.072146617 -0.816178203 50.617485046
-0.833010554 0.037405211 0.551991105 160.933242798 -0.011131326 0.996376812 -0.084316909 -11.976402283 -0.553145111 -0.076381281 -0.829576015 49.560626984
-0.845908582 0.037639115 0.531998098 161.643402100 -0.008474235 0.996432006 -0.083972551 -12.099424362 -0.533260584 -0.075541377 -0.842571437 48.455131531
-0.857589424 0.035976864 0.513074934 162.314132690 -0.007037433 0.996636450 -0.081647083 -12.213592529 -0.514286637 -0.073630400 -0.854451716 47.353435516
-0.868094742 0.037643787 0.494969398 162.959487915 -0.004288724 0.996514499 -0.083309412 -12.327702522 -0.496380210 -0.074443236 -0.864907444 46.236724854
-0.877508700 0.040662214 0.477833778 163.574676514 -0.001357228 0.996184289 -0.087264709 -12.438596725 -0.479558855 -0.077224068 -0.874105036 45.118301392
-0.886554003 0.038103539 0.461053312 164.180694580 -0.003378903 0.996042371 -0.088814698 -12.557669640 -0.462612808 -0.080296889 -0.882916689 43.988407135
-0.894976318 0.035419703 0.444705397 164.773361206 -0.004247203 0.996121407 -0.087886244 -12.684640884 -0.446093500 -0.080544844 -0.891354680 42.848728180
-0.902150571 0.033234980 0.430139273 165.338790894 -0.005387961 0.996082664 -0.088263355 -12.804990768 -0.431387693 -0.081944413 -0.898437381 41.691223145
-0.908833981 0.031160049 0.415992588 165.886734009 -0.005884358 0.996149540 -0.087472647 -12.933801651 -0.417116433 -0.081945956 -0.905151188 40.522842407
-0.915101826 0.028603753 0.402206987 166.416458130 -0.006995350 0.996204376 -0.086762898 -13.054834366 -0.403162152 -0.082210459 -0.911428452 39.350513458
-0.920683265 0.023829680 0.389582425 166.927383423 -0.009403581 0.996490598 -0.083175629 -13.170031548 -0.390197217 -0.080241881 -0.917228043 38.158897400
-0.925862670 0.020353576 0.377311766 167.446395874 -0.010719604 0.996731579 -0.080071546 -13.287684441 -0.377708167 -0.078179881 -0.922618449 36.941024780
-0.930207014 0.021027138 0.366432816 167.928665161 -0.007871885 0.996985078 -0.077193499 -13.393609047 -0.366951227 -0.074690416 -0.927236974 35.727848053
-0.933468878 0.025063366 0.357781440 168.392639160 -0.003369723 0.996898413 -0.078626662 -13.510215759 -0.358642340 -0.074601203 -0.930489242 34.550495148
-0.935845017 0.030023888 0.351130396 168.851104736 0.002020481 0.996805072 -0.079848126 -13.623637199 -0.352405846 -0.074016042 -0.932915747 33.353431702
-0.937825084 0.034097936 0.345429212 169.303787231 0.005800007 0.996563733 -0.082625829 -13.730678558 -0.347059578 -0.075485095 -0.934800267 32.147941589
-0.939516842 0.031021014 0.341094762 169.756179810 0.003269986 0.996657073 -0.081634484 -13.846556664 -0.342486858 -0.075581618 -0.936477482 30.901559830
-0.941216826 0.023574725 0.336979240 170.199691772 -0.002826246 0.996977389 -0.077641517 -13.962575912 -0.337790966 -0.074029893 -0.938305259 29.692575455
-0.943121374 0.017133702 0.332006574 170.653060913 -0.008493954 0.997103095 -0.075585559 -14.072882652 -0.332339823 -0.074106410 -0.940243840 28.484214783
-0.944798410 0.010459846 0.327485114 171.095901489 -0.015770411 0.996880233 -0.077338077 -14.177610397 -0.327272415 -0.078233480 -0.941685915 27.232057571
-0.946138740 0.007623014 0.323671728 171.527404785 -0.019487768 0.996569276 -0.080436423 -14.280483246 -0.323174417 -0.082411662 -0.942744195 26.026716232
-0.946954489 0.007899847 0.321270525 171.948959351 -0.019783081 0.996368825 -0.082811370 -14.392907143 -0.320758075 -0.084774315 -0.943359733 24.821731567
-0.947348654 0.008687415 0.320086092 172.370788574 -0.019533778 0.996202111 -0.084851302 -14.506345749 -0.319607615 -0.086636260 -0.943581045 23.619392395
-0.947363257 0.011173961 0.319965661 172.786453247 -0.017550711 0.996075571 -0.086749963 -14.623875618 -0.319679320 -0.087799355 -0.943449259 22.414821625
-0.946641684 0.012142381 0.322059184 173.202438354 -0.017246371 0.995949626 -0.088242561 -14.744519234 -0.321826249 -0.089088432 -0.942598104 21.172489166
-0.946406007 0.013226276 0.322708398 173.628509521 -0.016718499 0.995815396 -0.089844011 -14.870000839 -0.322546363 -0.090424098 -0.942224681 19.965015411
-0.945666671 0.014543034 0.324812442 174.045410156 -0.015447980 0.995861292 -0.089563951 -14.989591599 -0.324770659 -0.089715362 -0.941528141 18.765953064
-0.944837213 0.014273643 0.327229381 174.470993042 -0.015958201 0.995857418 -0.089516453 -15.117892265 -0.327151597 -0.089800462 -0.940695405 17.553939819
-0.943788648 0.012650197 0.330307335 174.908187866 -0.018096477 0.995791435 -0.089844219 -15.240195274 -0.330053747 -0.090771347 -0.939587653 16.375694275
-0.942452252 0.011068105 0.334157556 175.349060059 -0.019196818 0.996011674 -0.087132685 -15.366046906 -0.333789229 -0.088533156 -0.938480914 15.193847656
-0.940298617 0.008708228 0.340239078 175.789215088 -0.021412797 0.996178627 -0.084673949 -15.484130859 -0.339676201 -0.086904272 -0.936518967 13.994560242
-0.938005388 0.006470372 0.346560150 176.241378784 -0.023168212 0.996419430 -0.081310913 -15.602384567 -0.345845371 -0.084299244 -0.934496999 12.816772461
-0.935249150 0.008510497 0.353887886 176.685974121 -0.021883927 0.996408820 -0.081796698 -15.709170341 -0.353313059 -0.084244765 -0.931704223 11.640422821
-0.932245076 0.008647262 0.361724108 177.146331787 -0.022429621 0.996410549 -0.081626073 -15.828843117 -0.361131638 -0.084208839 -0.928704977 10.495853424
-0.928494036 0.011252117 0.371176809 177.611663818 -0.021531764 0.996227920 -0.084061772 -15.940952301 -0.370722592 -0.086042963 -0.924749434 9.340328217
-0.924263060 0.012367480 0.381555915 178.096405029 -0.020705726 0.996379912 -0.082452506 -16.059869766 -0.381194353 -0.084108204 -0.920661032 8.171329498
-0.919372499 0.014542652 0.393119216 178.591033936 -0.020114025 0.996271551 -0.083894916 -16.173610687 -0.392873645 -0.085037902 -0.915652215 7.017910004
-0.914096713 0.015909567 0.405184150 179.111831665 -0.020298503 0.996181905 -0.084908627 -16.291780472 -0.404988050 -0.085839324 -0.910283625 5.894210815
-0.908058167 0.018219726 0.418447584 179.643859863 -0.018786397 0.996276140 -0.084146798 -16.409807205 -0.418422550 -0.084271304 -0.904334545 4.748573303
-0.901662827 0.017618624 0.432080626 180.193481445 -0.019752886 0.996448636 -0.081851624 -16.518552780 -0.431988299 -0.082337402 -0.898112833 3.592765808
-0.895458221 0.019994028 0.444696128 180.764678955 -0.018442705 0.996466577 -0.081939220 -16.635923386 -0.444763154 -0.081574559 -0.891925693 2.464706421
-0.888438642 0.022329733 0.458452076 181.329650879 -0.016635403 0.996593177 -0.080778763 -16.747426987 -0.458694011 -0.079393484 -0.885040462 1.346450806
-0.880824208 0.024409750 0.472813815 181.919570923 -0.015062334 0.996719778 -0.079517454 -16.841041565 -0.473203838 -0.077162586 -0.877567112 0.228630066
-0.873436689 0.025960155 0.486245185 182.530883789 -0.013112514 0.996961713 -0.076780662 -16.949104309 -0.486761153 -0.073438942 -0.870442510 -0.858619690
-0.864689410 0.028973565 0.501470745 183.152709961 -0.010251390 0.997109115 -0.075286739 -17.050548553 -0.502202272 -0.070240401 -0.861892819 -1.962707520
-0.856331766 0.031915516 0.515438974 183.788452148 -0.007398031 0.997227907 -0.074038297 -17.151636124 -0.516373038 -0.067214578 -0.853721797 -2.988761902
-0.845346749 0.034865383 0.533079147 184.420959473 -0.004386500 0.997381330 -0.072188497 -17.259536743 -0.534200132 -0.063362651 -0.842980087 -4.041351318
-0.835088253 0.037579831 0.548831046 185.083831787 -0.001800093 0.997471929 -0.071038350 -17.358413696 -0.550113261 -0.060311239 -0.832909405 -5.037338257
-0.823181093 0.039596263 0.566396654 185.765533447 0.000207262 0.997586131 -0.069439113 -17.464979172 -0.567778945 -0.057043571 -0.821202219 -6.059600830
-0.811930358 0.041461434 0.582280338 186.477188110 0.001238219 0.997594535 -0.069307446 -17.561405182 -0.583753288 -0.055551820 -0.810028553 -7.034500122
-0.799163282 0.043967664 0.599503934 187.205078125 0.003391773 0.997635245 -0.068645298 -17.657722473 -0.601104379 -0.052825417 -0.797422767 -8.010215759
-0.785821617 0.044488836 0.616851032 187.951934814 0.004056455 0.997758508 -0.066793211 -17.747520447 -0.618439972 -0.049985327 -0.784240723 -8.959022522
-0.770491302 0.046635933 0.635742366 188.719238281 0.006371774 0.997833729 -0.065475456 -17.838802338 -0.637418747 -0.046397455 -0.769119442 -9.903968811
