-0.993474901 -0.027661184 -0.110645808 141.413116455 -0.024668626 0.999294341 -0.028324630 -24.460266113 0.111351222 -0.025410334 -0.993456185 450.887451172
-0.993502736 -0.027049063 -0.110547185 141.280609131 -0.024006393 0.999297976 -0.028762849 -24.514633179 0.111247577 -0.025922136 -0.993454576 449.596893311
-0.993636072 -0.027112326 -0.109325945 141.136856079 -0.024081975 0.999290764 -0.028944474 -24.560493469 0.110033154 -0.026127489 -0.993584454 448.310729980
-0.993742526 -0.026478872 -0.108510837 140.998443604 -0.023603769 0.999337614 -0.027695507 -24.612043381 0.109172314 -0.024960941 -0.993709385 447.023101807
-0.993907988 -0.025013370 -0.107336983 140.860336304 -0.022111047 0.999359190 -0.028144978 -24.663269043 0.107972197 -0.025600186 -0.993824303 445.740844727
-0.993995965 -0.024700791 -0.106592342 140.731781006 -0.021483265 0.999281287 -0.031228874 -24.719165802 0.107287116 -0.028751425 -0.993812203 444.476226807
-0.994171798 -0.024865896 -0.104900464 140.601852417 -0.021405596 0.999193013 -0.033984493 -24.769533157 0.105660863 -0.031540968 -0.993901908 443.203674316
-0.994366109 -0.022929607 -0.103489988 140.468719482 -0.019612892 0.999264419 -0.032953367 -24.820459366 0.104169458 -0.030737976 -0.994084418 441.944061279
-0.994550109 -0.021077719 -0.102106944 140.342269897 -0.018067878 0.999377072 -0.030313112 -24.877250671 0.102682263 -0.028303055 -0.994311392 440.673095703
-0.994758010 -0.020604033 -0.100158542 140.220825195 -0.017548835 0.999356210 -0.031289607 -24.925880432 0.100738756 -0.029367926 -0.994479299 439.422180176
-0.994957387 -0.020046499 -0.098274633 140.105529785 -0.016853170 0.999306023 -0.033217113 -24.976573944 0.098872319 -0.031393372 -0.994604826 438.163513184
-0.995150328 -0.020353610 -0.096236721 139.988937378 -0.017229090 0.999300599 -0.033187285 -25.036655426 0.096844904 -0.031368271 -0.994804978 436.894470215
-0.995329261 -0.021104248 -0.094203189 139.870223999 -0.018063432 0.999291539 -0.033016190 -25.091472626 0.094833240 -0.031160347 -0.995005310 435.621093750
-0.995480776 -0.021853806 -0.092415705 139.758956909 -0.018991975 0.999315798 -0.031733930 -25.147743225 0.093046017 -0.029835360 -0.995214701 434.373443604
-0.995609403 -0.023928495 -0.090495147 139.658538818 -0.021352222 0.999341607 -0.029330507 -25.196323395 0.091137417 -0.027269453 -0.995464981 433.098999023
-0.995734930 -0.026236469 -0.088451177 139.546081543 -0.024055006 0.999381781 -0.025639430 -25.252105713 0.089069180 -0.023402382 -0.995750487 431.822235107
-0.995831788 -0.028934864 -0.086496435 139.450408936 -0.026819985 0.999314725 -0.025513567 -25.301010132 0.087175377 -0.023087390 -0.995925426 430.557464600
-0.995994806 -0.030403024 -0.084083669 139.352905273 -0.028124828 0.999208033 -0.028147660 -25.347688675 0.084872849 -0.025670083 -0.996061146 429.277496338
-0.996215224 -0.030396292 -0.081431642 139.258560181 -0.027934447 0.999122560 -0.031202825 -25.383892059 0.082308657 -0.028809987 -0.996190310 428.037078857
-0.996457577 -0.029585086 -0.078720652 139.168014526 -0.027229985 0.999153674 -0.030824523 -25.434600830 0.079565987 -0.028571770 -0.996420026 426.756164551
-0.996751130 -0.028009899 -0.075514987 139.070526123 -0.025751065 0.999196112 -0.030722084 -25.490133286 0.076314814 -0.028677685 -0.996671259 425.489532471
-0.996946812 -0.027170040 -0.073204078 138.985443115 -0.024857130 0.999168277 -0.032323431 -25.540229797 0.074021421 -0.030405104 -0.996792972 424.240386963
-0.997135639 -0.028182050 -0.070189044 138.906066895 -0.025796222 0.999065816 -0.034669235 -25.593120575 0.071100526 -0.032759313 -0.996931076 422.960388184
-0.997357845 -0.029690353 -0.066299342 138.829544067 -0.027365657 0.998987794 -0.035700865 -25.650474548 0.067292199 -0.033792220 -0.997160912 421.713043213
-0.997526407 -0.033570834 -0.061755851 138.760238647 -0.031198848 0.998752773 -0.038980693 -25.708621979 0.062987424 -0.036957566 -0.997329891 420.434234619
-0.997718513 -0.035977509 -0.057123899 138.690551758 -0.033915989 0.998752236 -0.036657158 -25.764291763 0.058371454 -0.034636114 -0.997693956 419.155395508
-0.997807860 -0.039517343 -0.053082287 138.634857178 -0.038039122 0.998867571 -0.028575562 -25.816692352 0.054151401 -0.026493713 -0.998181283 417.868865967
-0.997929990 -0.041701306 -0.048955757 138.577667236 -0.040354677 0.998787940 -0.028180936 -25.864395142 0.050071601 -0.026147008 -0.998403251 416.600036621
-0.998155773 -0.040921666 -0.044838633 138.523681641 -0.039553761 0.998737037 -0.030981405 -25.908920288 0.046049811 -0.029150730 -0.998513699 415.316680908
-0.998375177 -0.040389817 -0.040195569 138.476318359 -0.038914043 0.998563111 -0.036844134 -25.967041016 0.041625928 -0.035220090 -0.998512328 414.037811279
-0.998576760 -0.039584924 -0.035743240 138.428329468 -0.038123380 0.998444438 -0.040685222 -26.026664734 0.037298165 -0.039264664 -0.998532474 412.814086914
-0.998746276 -0.038763866 -0.031676367 138.394485474 -0.037492204 0.998503983 -0.039798744 -26.087711334 0.033171728 -0.038561225 -0.998705506 411.527923584
-0.998852253 -0.038642272 -0.028299823 138.358703613 -0.037657309 0.998693347 -0.034547579 -26.151401520 0.029597823 -0.033442225 -0.999002457 410.246154785
-0.998901308 -0.039484959 -0.025241785 138.339660645 -0.038693067 0.998766363 -0.031126574 -26.205081940 0.026439672 -0.030115696 -0.999196649 408.960479736
-0.999036074 -0.038158529 -0.021700155 138.317001343 -0.037472069 0.998810232 -0.031206414 -26.253536224 0.022865113 -0.030363183 -0.999277413 407.680725098
-0.999097288 -0.038471870 -0.018011495 138.303649902 -0.037865032 0.998741090 -0.032900155 -26.306055069 0.019254548 -0.032188453 -0.999296367 406.397277832
-0.999194920 -0.037482858 -0.014303941 138.288009644 -0.036983479 0.998747110 -0.033710737 -26.363159180 0.015549613 -0.033154588 -0.999329209 405.116241455
-0.999216139 -0.038119353 -0.010674649 138.278656006 -0.037738714 0.998714566 -0.033838637 -26.419643402 0.011950834 -0.033409268 -0.999370277 403.826721191
-0.999208272 -0.039173257 -0.006957596 138.278396606 -0.038906649 0.998628736 -0.035026338 -26.477848053 0.008320154 -0.034727905 -0.999362111 402.560363770
-0.999150872 -0.041083939 -0.003119229 138.282409668 -0.040946942 0.998525262 -0.035643578 -26.537698746 0.004579008 -0.035485581 -0.999359667 401.287170410
-0.999018669 -0.044291165 0.000103748 138.295974731 -0.044265531 0.998355091 -0.036437649 -26.595987320 0.001510294 -0.036406480 -0.999335885 400.019042969
-0.998836279 -0.048130605 0.003092071 138.310546875 -0.048209220 0.998229325 -0.034844391 -26.660472870 -0.001409527 -0.034952909 -0.999388039 398.792968750
-0.998564839 -0.053207092 0.006115685 138.334533691 -0.053385738 0.997988820 -0.034181792 -26.721323013 -0.004284671 -0.034459226 -0.999396980 397.540924072
-0.998319685 -0.057258610 0.008901184 138.362869263 -0.057538167 0.997722805 -0.035194371 -26.774877548 -0.006865735 -0.035647392 -0.999340892 396.279418945
-0.998270452 -0.057684377 0.011340942 138.386077881 -0.058077097 0.997586727 -0.038045399 -26.845466614 -0.009118933 -0.038638238 -0.999211669 395.072082520
-0.998273432 -0.057019513 0.014102664 138.413711548 -0.057562329 0.997472107 -0.041663826 -26.903518677 -0.011691368 -0.042403676 -0.999032140 393.833435059
-0.998382747 -0.053917617 0.018023333 138.437118530 -0.054628685 0.997639239 -0.041612614 -26.969465256 -0.015737128 -0.042529903 -0.998971224 392.601074219
-0.998588800 -0.048350248 0.021966130 138.445693970 -0.049212500 0.997963786 -0.040574376 -27.037101746 -0.019959623 -0.041598126 -0.998935103 391.384368896
-0.998593867 -0.046849702 0.024805333 138.484176636 -0.047830608 0.998032033 -0.040550094 -27.099809647 -0.022856742 -0.041679531 -0.998869538 390.162811279
-0.998501003 -0.046816304 0.028354490 138.517242432 -0.047956385 0.998009205 -0.040959895 -27.165910721 -0.026380451 -0.042258278 -0.998758435 388.950714111
-0.998335123 -0.048605390 0.031056801 138.567672729 -0.049851876 0.997926593 -0.040708251 -27.227329254 -0.029013764 -0.042188719 -0.998688400 387.748382568
-0.998186350 -0.049994305 0.033535708 138.613586426 -0.051278230 0.997938693 -0.038584985 -27.289745331 -0.031537548 -0.040234659 -0.998692453 386.538726807
-0.998118699 -0.049174722 0.036619294 138.659164429 -0.050522819 0.998042881 -0.036846295 -27.350780487 -0.034735702 -0.038627092 -0.998649836 385.342712402
-0.998126149 -0.047465548 0.038615022 138.710449219 -0.048867594 0.998148561 -0.036212943 -27.412197113 -0.036824677 -0.038032111 -0.998597860 384.156158447
-0.998043120 -0.046898235 0.041357487 138.763183594 -0.048441932 0.998134911 -0.037148565 -27.470703125 -0.039538179 -0.039079309 -0.998453557 382.980957031
-0.997980773 -0.046641167 0.043115981 138.829010010 -0.048337545 0.998062432 -0.039176811 -27.524702072 -0.041205212 -0.041181818 -0.998301685 381.815704346
-0.997871816 -0.046578169 0.045631945 138.886016846 -0.048406895 0.998033404 -0.039825331 -27.582309723 -0.043687187 -0.041949481 -0.998164177 380.649383545
-0.997712493 -0.047699586 0.047899332 138.949310303 -0.049613968 0.997982800 -0.039606381 -27.640626907 -0.045913488 -0.041892257 -0.998066664 379.487670898
-0.997568011 -0.048331819 0.050224304 139.018630981 -0.050352797 0.997938752 -0.039783958 -27.704196930 -0.048197925 -0.042216130 -0.997945309 378.339447021
-0.997477591 -0.047908343 0.052378405 139.089691162 -0.049982704 0.997986913 -0.039037477 -27.760992050 -0.050402734 -0.041557018 -0.997864068 377.192138672
-0.997396529 -0.046741430 0.054912366 139.157089233 -0.048785016 0.998142779 -0.036483470 -27.821487427 -0.053105112 -0.039067388 -0.997824430 376.048522949
-0.997348845 -0.044709764 0.057413109 139.229858398 -0.046833307 0.998246968 -0.036189813 -27.875198364 -0.055694394 -0.038782716 -0.997694314 374.914367676
-0.997304082 -0.041883674 0.060253296 139.296707153 -0.044316016 0.998231947 -0.039614934 -27.929761887 -0.058487516 -0.042178322 -0.997396648 373.799804688
-0.997250676 -0.038129091 0.063539915 139.355239868 -0.040836129 0.998288453 -0.041863970 -27.990051270 -0.061834902 -0.044343594 -0.997100890 372.703002930
-0.997155547 -0.036783643 0.065786727 139.439514160 -0.039486185 0.998408616 -0.040262975 -28.048192978 -0.064201020 -0.042746115 -0.997021019 371.592803955
-0.997002602 -0.035711847 0.068633787 139.519744873 -0.038263600 0.998610616 -0.036231101 -28.109195709 -0.067244552 -0.038748674 -0.996983826 370.496124268
-0.996773601 -0.035247475 0.072112031 139.606231689 -0.037823576 0.998682678 -0.034675222 -28.157266617 -0.070794821 -0.037290879 -0.996793628 369.403015137
-0.996445119 -0.035672344 0.076318420 139.688293457 -0.038496997 0.998614907 -0.035865720 -28.215858459 -0.074933261 -0.038676247 -0.996438205 368.325378418
-0.996126533 -0.036654685 0.079926133 139.783584595 -0.039875764 0.998440027 -0.039083693 -28.267494202 -0.078368805 -0.042119421 -0.996034205 367.255981445
-0.995776355 -0.038317569 0.083433397 139.881469727 -0.041818809 0.998298764 -0.040628888 -28.324714661 -0.081734672 -0.043946378 -0.995684743 366.206268311
-0.995362341 -0.038627163 0.088101007 139.977447510 -0.042318679 0.998285949 -0.040424768 -28.380950928 -0.086388506 -0.043965615 -0.995290935 365.152709961
-0.994915307 -0.038279109 0.093155950 140.083557129 -0.042130444 0.998321712 -0.039733056 -28.437856674 -0.091478676 -0.043455739 -0.994858325 364.105010986
-0.994435728 -0.036060225 0.098980978 140.189361572 -0.039967407 0.998486459 -0.037778668 -28.490669250 -0.097468823 -0.041524466 -0.994372010 363.084350586
-0.993755400 -0.032530483 0.106734872 140.294799805 -0.036376677 0.998749673 -0.034287743 -28.543998718 -0.105486028 -0.037956282 -0.993696213 362.051696777
-0.992861450 -0.031525325 0.115032174 140.422271729 -0.035343364 0.998884857 -0.031303406 -28.592866898 -0.113917038 -0.035145570 -0.992868483 361.038665771
-0.991716802 -0.030249594 0.124831170 140.550567627 -0.034441654 0.998908162 -0.031560998 -28.640718460 -0.123740159 -0.035598956 -0.991675913 360.042480469
-0.990273774 -0.028403612 0.136202738 140.691268921 -0.033112787 0.998925209 -0.032434288 -28.683303833 -0.135135040 -0.036628872 -0.990149915 359.051422119
-0.988651156 -0.027559845 0.147679999 140.853775024 -0.032860607 0.998895884 -0.033574387 -28.730556488 -0.146591634 -0.038046204 -0.988465130 358.068695068
-0.986452460 -0.027855210 0.161665007 141.009124756 -0.033782758 0.998849571 -0.034032866 -28.776184082 -0.160531029 -0.039033297 -0.986258686 357.090057373
-0.983906925 -0.027065208 0.176619947 141.186950684 -0.033729333 0.998823583 -0.034838423 -28.822944641 -0.175469205 -0.040235039 -0.983662486 356.126892090
-0.980996966 -0.026561083 0.192196026 141.386932373 -0.033934992 0.998804748 -0.035176542 -28.864952087 -0.191031948 -0.041030250 -0.980725944 355.174530029
-0.977719247 -0.026080938 0.208290100 141.589126587 -0.034060601 0.998813152 -0.034815483 -28.910072327 -0.207134888 -0.041134249 -0.977447271 354.220214844
-0.974229038 -0.026788570 0.223964468 141.814392090 -0.035442211 0.998768866 -0.034707475 -28.953382492 -0.222758919 -0.041750822 -0.973979175 353.280334473
-0.970581293 -0.026395412 0.239322767 142.041748047 -0.035671271 0.998767555 -0.034509823 -28.996150970 -0.238116905 -0.042031534 -0.970326602 352.349365234
-0.966800869 -0.027948568 0.253998071 142.292144775 -0.038245354 0.998630822 -0.035690598 -29.035327911 -0.252652794 -0.044219948 -0.966546059 351.430969238
-0.963057935 -0.028966073 0.267732292 142.556167603 -0.039956093 0.998563707 -0.035690710 -29.079523087 -0.266313970 -0.045069758 -0.962832034 350.507843018
-0.959601343 -0.031969771 0.279540837 142.829574585 -0.043740645 0.998395264 -0.035970148 -29.124572754 -0.277942240 -0.046744309 -0.959459782 349.592987061
-0.956250489 -0.034578715 0.290498018 143.114746094 -0.047030784 0.998244822 -0.035990577 -29.167984009 -0.288743645 -0.048078366 -0.956198514 348.683959961
-0.953065932 -0.037568938 0.300422966 143.425109863 -0.050628297 0.998075664 -0.035801057 -29.207145691 -0.298499852 -0.049330674 -0.953133941 347.755920410
-0.949959338 -0.039324772 0.309888482 143.717391968 -0.052547924 0.998024404 -0.034435954 -29.252847672 -0.307922095 -0.048996750 -0.950149119 346.847900391
-0.946904778 -0.042212714 0.318730950 144.040924072 -0.055614714 0.997904718 -0.033061031 -29.296779633 -0.316667557 -0.049031775 -0.947268546 345.938903809
-0.943781972 -0.043714195 0.327665210 144.361907959 -0.057394758 0.997832358 -0.032193564 -29.337099075 -0.325547665 -0.049189977 -0.944245279 345.043731689
-0.940200746 -0.045547090 0.337561786 144.688323975 -0.059142351 0.997795701 -0.030095201 -29.380208969 -0.335447043 -0.048259731 -0.940822124 344.126098633
-0.936465621 -0.046365652 0.347681463 145.030136108 -0.059949931 0.997796953 -0.028409746 -29.420537949 -0.345598221 -0.047448229 -0.937182188 343.240478516
-0.932108283 -0.046852820 0.359136492 145.368896484 -0.060528662 0.997803211 -0.026923951 -29.459192276 -0.357086062 -0.046834089 -0.932896554 342.365692139
-0.927933455 -0.046895061 0.369784176 145.724487305 -0.060742881 0.997817636 -0.025887055 -29.493339539 -0.367763191 -0.046483222 -0.928756893 341.482910156
-0.923493624 -0.048392855 0.380549163 146.089157104 -0.061885983 0.997811377 -0.023293618 -29.527671814 -0.378589034 -0.045062162 -0.924467206 340.617004395
-0.919424355 -0.048990730 0.390203446 146.466476440 -0.061823227 0.997878850 -0.020386713 -29.563846588 -0.388376981 -0.042867675 -0.920502901 339.772460938
-0.914758861 -0.048554115 0.401071817 146.830352783 -0.060944527 0.997975469 -0.018185610 -29.592786789 -0.399376839 -0.041078582 -0.915866137 338.919006348
-0.909578383 -0.047658585 0.412790388 147.209823608 -0.059684873 0.998084426 -0.016281320 -29.618223190 -0.411223710 -0.039446473 -0.910680532 338.088928223
-0.903694689 -0.047370255 0.425548822 147.605438232 -0.058414541 0.998208582 -0.012932753 -29.647766113 -0.424173921 -0.036545500 -0.904843092 337.259521484
-0.897374630 -0.045503315 0.438917041 148.000930786 -0.056394164 0.998338819 -0.011799404 -29.668275833 -0.437651098 -0.035340842 -0.898450077 336.437866211
-0.890710890 -0.042855136 0.452545404 148.419158936 -0.054730959 0.998414218 -0.013175010 -29.690519333 -0.451263130 -0.036503371 -0.891643941 335.639709473
-0.883472085 -0.039352942 0.466828048 148.847305298 -0.052386530 0.998514712 -0.014968118 -29.711341858 -0.465545744 -0.037679411 -0.884221435 334.844665527
-0.875353932 -0.036943268 0.482069194 149.285156250 -0.050498661 0.998609006 -0.015168628 -29.728790283 -0.480838150 -0.037621770 -0.876001894 334.047454834
-0.866918385 -0.034117304 0.497281194 149.740798950 -0.046933956 0.998809576 -0.013294728 -29.747480392 -0.496235669 -0.034864821 -0.867487550 333.276916504
-0.857415140 -0.029874014 0.513757706 150.203491211 -0.041353766 0.999084949 -0.010920833 -29.772195816 -0.512961388 -0.030609503 -0.857865810 332.521606445
-0.845688820 -0.026414428 0.533022285 150.671386719 -0.037631761 0.999239624 -0.010187963 -29.785327911 -0.532347918 -0.028674413 -0.846039832 331.726806641
-0.834151387 -0.021846525 0.551102757 151.162902832 -0.032751177 0.999413848 -0.009954073 -29.800785065 -0.550562263 -0.026352469 -0.834377944 330.979003906
-0.821664929 -0.017621526 0.569698513 151.661849976 -0.027815582 0.999570668 -0.009199820 -29.822298050 -0.569291711 -0.023405664 -0.821802318 330.239074707
-0.809592903 -0.014867692 0.586803496 152.194000244 -0.024102049 0.999678195 -0.007924190 -29.832876205 -0.586496770 -0.020558538 -0.809690595 329.514221191
-0.796621323 -0.015369412 0.604283392 152.745788574 -0.022362746 0.999741673 -0.004053060 -29.845687866 -0.604065001 -0.016742192 -0.796759188 328.792358398
-0.783239841 -0.014009487 0.621561885 153.310363770 -0.019007461 0.999818325 -0.001416524 -29.864969254 -0.621428967 -0.012923794 -0.783363819 328.083526611
-0.769290566 -0.011833003 0.638789594 153.883239746 -0.015781816 0.999875307 -0.000484159 -29.880172729 -0.638704121 -0.010453717 -0.769381344 327.383087158
-0.754720092 -0.009762800 0.655974269 154.485992432 -0.014152209 0.999898911 -0.001401192 -29.879278183 -0.655894279 -0.010340996 -0.754781961 326.687377930
-0.740040839 -0.008445675 0.672508955 155.115447998 -0.011629704 0.999932289 -0.000239922 -29.892084122 -0.672461450 -0.007998630 -0.740088999 326.011291504
-0.723958671 -0.006355269 0.689814091 155.754028320 -0.007611778 0.999970317 0.001224193 -29.902215958 -0.689801395 -0.004364452 -0.723985553 325.330169678
-0.706595898 -0.005424942 0.707596421 156.416748047 -0.004546252 0.999984682 0.003126771 -29.907140732 -0.707602739 -0.001007549 -0.706609905 324.668884277
-0.689067483 -0.003657653 0.724687934 157.096496582 0.000158516 0.999986470 0.005197859 -29.902679443 -0.724697113 0.003696545 -0.689057589 324.017211914
-0.670674801 -0.004560292 0.741737485 157.800155640 0.002390614 0.999962687 0.008309470 -29.909086227 -0.741747677 0.007346163 -0.670638800 323.372955322
-0.653542995 -0.005171405 0.756871760 158.514694214 0.002198440 0.999959409 0.008730633 -29.908311844 -0.756886184 0.007369792 -0.653505147 322.763092041
-0.635599136 -0.001712770 0.772017419 159.258987427 0.004748473 0.999969900 0.006127898 -29.907850266 -0.772004664 0.007560793 -0.635571837 322.154937744
-0.618062556 -0.001884069 0.786126792 160.000717163 0.004508680 0.999972165 0.005941360 -29.906265259 -0.786115944 0.007216523 -0.618036926 321.584533691
-0.599097073 -0.003748528 0.800667644 160.780502319 0.004667038 0.999955595 0.008173639 -29.911504745 -0.800662816 0.008633550 -0.599052966 320.989807129
-0.579478562 -0.007577833 0.814952195 161.572998047 0.004628279 0.999910057 0.012588633 -29.913648605 -0.814974248 0.011066661 -0.579391241 320.431671143
-0.559140980 -0.009373386 0.829019606 162.383316040 0.004787733 0.999882877 0.014534405 -29.915538788 -0.829058766 0.012095902 -0.559030592 319.905548096
-0.537423611 -0.011610664 0.843232393 163.198287964 0.003271860 0.999868929 0.015852710 -29.912406921 -0.843306065 0.011278559 -0.537315190 319.391052246
-0.513994098 -0.011662607 0.857714474 164.034820557 0.001531219 0.999893486 0.014513455 -29.899232864 -0.857792377 0.008773170 -0.513921559 318.896820068
-0.489762485 -0.014385762 0.871737242 164.893081665 0.003957588 0.999816835 0.018722851 -29.897804260 -0.871846914 0.012619723 -0.489615917 318.429870605
-0.462945759 -0.021085648 0.886135757 165.696762085 0.005952236 0.999620616 0.026895665 -29.895511627 -0.886366665 0.017725725 -0.462644577 318.011993408
-0.435233980 -0.026883138 0.899915874 166.590515137 0.008063463 0.999397635 0.033754747 -29.877090454 -0.900281310 0.021947654 -0.434755027 317.587066650
-0.407036036 -0.026184792 0.913036704 167.472106934 0.012071908 0.999347448 0.034041800 -29.857315063 -0.913332283 0.024878344 -0.406454295 317.198974609
-0.378809005 -0.025517128 0.925122917 168.392303467 0.014635187 0.999329686 0.033556569 -29.825002670 -0.925359190 0.026250873 -0.378181547 316.821990967
-0.352275908 -0.027478112 0.935492694 169.295196533 0.014509552 0.999288321 0.034815799 -29.799861908 -0.935783744 0.025838349 -0.351626545 316.487731934
-0.326600492 -0.030463733 0.944671452 170.240905762 0.015448515 0.999174953 0.037562355 -29.773935318 -0.945036232 0.026861660 -0.325860411 316.165985107
-0.301127464 -0.034652241 0.952954054 171.201141357 0.015583403 0.999027252 0.041251849 -29.748708725 -0.953456521 0.027272344 -0.300294518 315.869659424
-0.276632100 -0.037107743 0.960259140 172.177536011 0.016114375 0.998934567 0.043244530 -29.717174530 -0.960840762 0.027436802 -0.275739372 315.601745605
-0.253657758 -0.038865555 0.966512918 173.168579102 0.015294908 0.998906314 0.044182256 -29.680488586 -0.967173100 0.025989899 -0.252785921 315.347961426
-0.232880637 -0.039320271 0.971710145 174.171844482 0.015824229 0.998896718 0.044212826 -29.647197723 -0.972376585 0.025672875 -0.232001513 315.113586426
-0.214758322 -0.039833587 0.975854456 175.179595947 0.015202182 0.998910546 0.044120282 -29.606292725 -0.976548851 0.024310311 -0.213918790 314.901245117
-0.198400348 -0.040593196 0.979280114 176.198272705 0.015170066 0.998895049 0.044479709 -29.571952820 -0.980003655 0.023680532 -0.197565347 314.701568604
-0.184181035 -0.041529465 0.982014775 177.230438232 0.016021714 0.998847425 0.045246266 -29.527576447 -0.982761800 0.024067067 -0.183303386 314.514465332
-0.172035322 -0.042867746 0.984157681 178.277816772 0.015753180 0.998805165 0.046259493 -29.489423752 -0.984964848 0.023461878 -0.171154484 314.339508057
-0.161276847 -0.043685559 0.985941947 179.322418213 0.015387805 0.998787045 0.046771795 -29.449733734 -0.986789346 0.022714688 -0.160409003 314.178436279
-0.151876807 -0.045337040 0.987359047 180.409149170 0.015670080 0.998711407 0.048268706 -29.404129028 -0.988275170 0.022802895 -0.150970697 314.017517090
-0.143394485 -0.046136413 0.988589525 181.493347168 0.016083835 0.998672187 0.048939906 -29.363239288 -0.989534914 0.022918025 -0.142462015 313.869506836
-0.136221826 -0.046656281 0.989579082 182.555572510 0.017865660 0.998612344 0.049541492 -29.316093445 -0.990517259 0.024428118 -0.135199234 313.723815918
-0.130467802 -0.047516730 0.990313232 183.649871826 0.019126706 0.998544335 0.050431501 -29.267446518 -0.991268098 0.025521128 -0.129369035 313.589477539
-0.125710830 -0.048842210 0.990863860 184.758483887 0.020293130 0.998451769 0.051790815 -29.221923828 -0.991859436 0.026618399 -0.124525025 313.450286865
-0.121439241 -0.049606923 0.991358519 185.880950928 0.020265998 0.998418272 0.052442737 -29.165393829 -0.992391884 0.026459480 -0.120241821 313.324371338
-0.117837436 -0.050757222 0.991734862 186.996841431 0.021224624 0.998335958 0.053616971 -29.109683990 -0.992805958 0.027367286 -0.116564058 313.194488525
-0.115082107 -0.053382102 0.991920590 188.131698608 0.020307627 0.998219848 0.056077193 -29.052951813 -0.993148386 0.026597042 -0.113793179 313.065704346
-0.114277199 -0.057647910 0.991774917 189.265045166 0.018330358 0.998022616 0.060123179 -28.996696472 -0.993279755 0.025050292 -0.112994529 312.946350098
-0.113988593 -0.062349316 0.991523743 190.416030884 0.016812356 0.997764766 0.064674571 -28.932941437 -0.993339717 0.024042020 -0.112685576 312.820983887
-0.113992132 -0.066202641 0.991273403 191.581405640 0.015793039 0.997530341 0.068436667 -28.863636017 -0.993356049 0.023456460 -0.112665087 312.699371338
-0.114220947 -0.070158169 0.990974963 192.747177124 0.016419880 0.997233629 0.072493836 -28.791301727 -0.993319690 0.024552004 -0.112752989 312.571624756
-0.114865452 -0.071567424 0.990799665 193.925415039 0.014745461 0.997168720 0.073736928 -28.717224121 -0.993271589 0.023079632 -0.113484934 312.449676514
-0.116210483 -0.069767229 0.990771294 195.094665527 0.013926157 0.997317314 0.071861625 -28.644338608 -0.993126869 0.022148712 -0.114927158 312.323547363
-0.117899209 -0.068019040 0.990693271 196.267074585 0.014210147 0.997433484 0.070172921 -28.569036484 -0.992923796 0.022351226 -0.116630077 312.191345215
-0.120265618 -0.070080295 0.990265131 197.439285278 0.014448765 0.997276008 0.072331220 -28.496902466 -0.992636502 0.023007061 -0.118925452 312.058563232
-0.122876406 -0.074490249 0.989622474 198.625091553 0.015110365 0.996923029 0.076915950 -28.417348862 -0.992306888 0.024404714 -0.121372759 311.916259766
-0.125736818 -0.080433384 0.988797665 199.810897827 0.017065873 0.996384978 0.083220676 -28.336166382 -0.991916776 0.027338602 -0.123909615 311.765380859
-0.130318910 -0.086842582 0.987661600 201.003189087 0.017335730 0.995804727 0.089845993 -28.255023956 -0.991320550 0.028830457 -0.128266722 311.620452881
-0.135409266 -0.091644876 0.986542225 202.194976807 0.019910816 0.995260119 0.095187612 -28.162719727 -0.990589619 0.032532144 -0.132942721 311.457550049
-0.140703768 -0.094114594 0.985568345 203.372467041 0.021366253 0.994951069 0.098060898 -28.061920166 -0.989821136 0.034855444 -0.137982488 311.299743652
-0.145880371 -0.095289394 0.984702468 204.564041138 0.022001294 0.994791806 0.099525139 -27.960926056 -0.989057600 0.036183495 -0.143024087 311.134948730
-0.151663035 -0.095270731 0.983830154 205.746185303 0.024159862 0.994689405 0.100046664 -27.857563019 -0.988136947 0.038942579 -0.148555875 310.958648682
-0.157205984 -0.096576042 0.982832313 206.941879272 0.024584303 0.994515717 0.101656407 -27.754281998 -0.987259746 0.040143248 -0.153969586 310.767059326
-0.163742915 -0.099878497 0.981433928 208.128463745 0.023468507 0.994185567 0.105091698 -27.642885208 -0.986223876 0.040240813 -0.160446852 310.583221436
-0.170147479 -0.104873464 0.979822099 209.327209473 0.022311565 0.993655801 0.110228561 -27.533885956 -0.985166013 0.040616475 -0.166728124 310.374267578
-0.177752197 -0.108990982 0.978020966 210.507141113 0.021450676 0.993182480 0.114579156 -27.419183731 -0.983841538 0.041345913 -0.174202412 310.172088623
-0.185445637 -0.109694868 0.976512671 211.695465088 0.021245390 0.993069768 0.115589410 -27.298267365 -0.982424855 0.042181950 -0.181829974 309.951721191
-0.193366542 -0.112670667 0.974635780 212.879608154 0.020706141 0.992694259 0.118866377 -27.173433304 -0.980908155 0.043165728 -0.189620882 309.722534180
-0.202348739 -0.114228182 0.972628891 214.077087402 0.020172548 0.992477238 0.120755978 -27.044734955 -0.979105711 0.044055227 -0.198522255 309.482452393
-0.211372688 -0.116772190 0.970404983 215.265441895 0.019927466 0.992116392 0.123725377 -26.915630341 -0.977202356 0.045489881 -0.207379341 309.232299805
-0.220603541 -0.116967879 0.968324602 216.447326660 0.019882180 0.992037654 0.124361821 -26.789064407 -0.975160956 0.046687078 -0.216521442 308.972747803
-0.230164886 -0.117402680 0.966043830 217.622680664 0.020017652 0.991914868 0.125316083 -26.659959793 -0.972945869 0.048181299 -0.225953847 308.702667236
-0.239357382 -0.113728598 0.964248002 218.789062500 0.017966686 0.992427409 0.121512167 -26.534292221 -0.970765233 0.046409175 -0.235501498 308.424468994
-0.249278098 -0.107545741 0.962441921 219.931488037 0.019832503 0.993039310 0.116101526 -26.409603119 -0.968228877 0.048029207 -0.245410055 308.125946045
-0.259398431 -0.103028484 0.960259140 221.083923340 0.020491589 0.993482411 0.112128556 -26.287212372 -0.965552986 0.048763216 -0.255596519 307.822174072
-0.271367371 -0.102317095 0.957021952 222.225128174 0.022124302 0.993407547 0.112480566 -26.161827087 -0.962221503 0.051697012 -0.267314762 307.519012451
-0.282236874 -0.105257958 0.953553021 223.334625244 0.020835141 0.993055761 0.115785353 -26.051185608 -0.959118485 0.052546311 -0.278083920 307.195251465
-0.294591665 -0.104479402 0.949894667 224.437927246 0.020271048 0.993098557 0.115518101 -25.929748535 -0.955408216 0.053286046 -0.290440679 306.849822998
-0.309402138 -0.102775179 0.945361018 225.536499023 0.019916384 0.993223906 0.114496917 -25.821147919 -0.950722635 0.054253776 -0.305258721 306.499694824
-0.324657768 -0.102571793 0.940253377 226.636810303 0.017327227 0.993290484 0.114340454 -25.708988190 -0.945672810 0.053413492 -0.320702195 306.126434326
-0.339589685 -0.101825304 0.935045540 227.700195312 0.016401334 0.993330479 0.114129074 -25.599475861 -0.940430641 0.054093067 -0.335654706 305.749023438
-0.354685724 -0.100320093 0.929588079 228.756820679 0.015641429 0.993451357 0.113180175 -25.488000870 -0.934854686 0.054683477 -0.350793898 305.354064941
-0.369071186 -0.099305414 0.924080491 229.791046143 0.015121324 0.993502080 0.112805076 -25.381975174 -0.929278016 0.055606421 -0.365171373 304.934692383
-0.384441376 -0.099879876 0.917730331 230.841857910 0.011774407 0.993518293 0.113060512 -25.274351120 -0.923074365 0.054270867 -0.380773515 304.520385742
-0.399630219 -0.100254342 0.911177754 231.855834961 0.008162310 0.993572772 0.112899922 -25.165706635 -0.916640103 0.052555531 -0.396243364 304.085968018
-0.414507210 -0.100221761 0.904510617 232.869293213 0.005258412 0.993637025 0.112506941 -25.058080673 -0.910030842 0.051391218 -0.411342680 303.631500244
-0.429274857 -0.099661574 0.897658527 233.853637695 0.002965735 0.993732452 0.111746341 -24.957447052 -0.903168976 0.050632119 -0.426288724 303.166076660
-0.444217861 -0.097907379 0.890553057 234.835037231 0.001819513 0.993910193 0.110178068 -24.852960587 -0.895916879 0.050563443 -0.441334516 302.687744141
-0.458250165 -0.095662162 0.883660257 235.843002319 0.003541645 0.993986785 0.109442376 -24.745130539 -0.888816118 0.053281605 -0.455155939 302.163574219
-0.472709358 -0.092907920 0.876307011 236.799865723 0.004483947 0.994160175 0.107821755 -24.643852234 -0.881206989 0.054897662 -0.469532192 301.653717041
-0.486390293 -0.089428604 0.869153023 237.748779297 0.006748024 0.994334161 0.106085002 -24.540819168 -0.873715580 0.057463787 -0.483031034 301.113281250
-0.500529647 -0.086346969 0.861402512 238.679367065 0.008471529 0.994477391 0.104608878 -24.458827972 -0.865677953 0.059657253 -0.497033894 300.592346191
-0.513773680 -0.084113024 0.853792489 239.588363647 0.009787744 0.994542718 0.103869133 -24.368242264 -0.857869983 0.061721947 -0.510146618 300.049316406
-0.526479900 -0.082708463 0.846155047 240.489929199 0.009335771 0.994634330 0.103030518 -24.271903992 -0.850136340 0.062142998 -0.522882938 299.491424561
-0.538639486 -0.079911649 0.838738084 241.367553711 0.009224525 0.994873047 0.100711547 -24.195331573 -0.842485845 0.061984185 -0.535140693 298.934417725
-0.550859571 -0.076510355 0.831083536 242.233474731 0.008664798 0.995211244 0.097363293 -24.108810425 -0.834553063 0.060834680 -0.547558725 298.363983154
-0.563001215 -0.073726915 0.823160887 243.085632324 0.006204041 0.995607853 0.093415484 -24.027559280 -0.826432884 0.057699967 -0.560071051 297.800567627
-0.574569464 -0.069012888 0.815540969 243.918624878 0.006991045 0.995988488 0.089208081 -23.952604294 -0.818425894 0.056957729 -0.571782112 297.210815430
-0.586265445 -0.063653827 0.807614446 244.730102539 0.009098907 0.996327996 0.085132778 -23.872873306 -0.810068011 0.057258829 -0.583533585 296.616790771
-0.598422110 -0.065275937 0.798517466 245.523590088 0.008217981 0.996122837 0.087588154 -23.807729721 -0.801138818 0.058976892 -0.595565498 296.031738281
-0.610022783 -0.068020985 0.789458871 246.300140381 0.006377051 0.995854914 0.090732008 -23.740184784 -0.792358100 0.060383026 -0.607060432 295.435791016
-0.621149063 -0.069194242 0.780631781 247.050491333 0.003897610 0.995809555 0.091368668 -23.671264648 -0.783682764 0.059796173 -0.618276417 294.837860107
-0.633558035 -0.063778177 0.771062016 247.775466919 0.002194455 0.996444464 0.084223747 -23.606599808 -0.773692071 0.055052686 -0.631165385 294.257415771
-0.645231605 -0.062724821 0.761407733 248.491882324 -0.001205290 0.996706247 0.081087336 -23.545583725 -0.763986111 0.051402390 -0.643181980 293.655120850
-0.656310439 -0.064081863 0.751764655 249.178878784 -0.005318947 0.996754766 0.080321699 -23.485198975 -0.754472315 0.048717353 -0.654521346 293.064666748
-0.667603374 -0.066424854 0.741548002 249.850814819 -0.006543645 0.996497154 0.083371013 -23.429147720 -0.744488418 0.050806332 -0.665699482 292.479125977
-0.677801251 -0.065024957 0.732364118 250.479110718 -0.006243255 0.996554554 0.082703702 -23.377681732 -0.735218585 0.051484369 -0.675871968 291.888641357
-0.688526213 -0.063875914 0.722392917 251.088806152 -0.006895969 0.996645093 0.081553355 -23.324522018 -0.725178659 0.051170025 -0.686656892 291.304504395
-0.699759305 -0.063373983 0.711562216 251.684265137 -0.008792152 0.996745765 0.080127031 -23.274509430 -0.714324713 0.049813468 -0.698039293 290.733062744
-0.710647583 -0.062697649 0.700748980 252.246093750 -0.009710548 0.996800423 0.079338364 -23.225713730 -0.703481197 0.049576942 -0.708982587 290.157287598
-0.722782254 -0.061658613 0.688319743 252.782119751 -0.007997486 0.996691346 0.080884174 -23.175561905 -0.691029549 0.052956801 -0.720883965 289.588562012
-0.735269189 -0.059187487 0.675185978 253.290039062 -0.004099820 0.996549904 0.082893953 -23.132213593 -0.677762806 0.058181234 -0.732975125 289.024414062
-0.748236418 -0.056079522 0.661057770 253.768737793 0.001069007 0.996317744 0.085730620 -23.089902878 -0.663431406 0.064853445 -0.745421290 288.461486816
-0.761151075 -0.052301772 0.646462381 254.211761475 0.005496136 0.996187270 0.087067328 -23.049236298 -0.648551345 0.069824465 -0.757961512 287.918395996
-0.773965418 -0.047064379 0.631476462 254.632980347 0.008424210 0.996380568 0.084586024 -23.006401062 -0.633171916 0.070786349 -0.770767570 287.379577637
-0.787750840 -0.039419308 0.614731431 255.031570435 0.011919862 0.996787965 0.079193234 -22.967367172 -0.615878701 0.069712058 -0.784750700 286.850616455
-0.802270293 -0.030312378 0.596190929 255.407028198 0.016894389 0.997157037 0.073432967 -22.934143066 -0.596721828 0.068985373 -0.799477339 286.314300537
-0.817535102 -0.021984838 0.575459123 255.751037598 0.021254875 0.997438312 0.068302199 -22.893035889 -0.575486481 0.068070747 -0.814973414 285.778808594
-0.833719969 -0.017908482 0.551897049 256.065246582 0.022824200 0.997502267 0.066847168 -22.862796783 -0.551715672 0.068328410 -0.831228673 285.280181885
-0.850171030 -0.012703177 0.526353300 256.364715576 0.027194833 0.997314990 0.067994878 -22.833269119 -0.525803924 0.072121359 -0.847542822 284.755432129
-0.866719723 -0.006081084 0.498758495 256.632171631 0.032166306 0.997162998 0.068054989 -22.804473877 -0.497757375 0.075027831 -0.864065111 284.243072510
-0.883400679 0.000890082 0.468617737 256.867492676 0.036102992 0.997155309 0.066164508 -22.778533936 -0.467225850 0.075368270 -0.880919814 283.724731445
-0.901032746 0.005999919 0.433709592 257.116882324 0.036880001 0.997343183 0.062821098 -22.750083923 -0.432180315 0.072599091 -0.898860097 283.188354492
-0.917686224 0.012549666 0.397107840 257.299407959 0.038696069 0.997572243 0.057897761 -22.727218628 -0.395417213 0.068498507 -0.915943980 282.681427002
-0.934093773 0.018510895 0.356547445 257.476745605 0.040305309 0.997738361 0.053793438 -22.711578369 -0.354745358 0.064618886 -0.932727337 282.157409668
-0.948238134 0.026298828 0.316469461 257.585418701 0.044568937 0.997722507 0.050630551 -22.685768127 -0.314417094 0.062114503 -0.947250545 281.630859375
-0.961619735 0.031905867 0.272524416 257.709686279 0.046412583 0.997818470 0.046949897 -22.659757614 -0.270431906 0.057796523 -0.961002648 281.085388184
-0.973644912 0.032220356 0.225782037 257.823425293 0.043095853 0.998127699 0.043404825 -22.639888763 -0.223960847 0.051991146 -0.973210335 280.541809082
-0.983862340 0.031795852 0.176079839 257.892913818 0.039786011 0.998323739 0.042034358 -22.629825592 -0.174448192 0.048361536 -0.983478010 279.991729736
-0.991965473 0.030544417 0.122767597 257.939666748 0.035559990 0.998611212 0.038872484 -22.604232788 -0.121409819 0.042925764 -0.991673827 279.446929932
-0.997234702 0.032212038 0.066973686 257.952972412 0.034806225 0.998673916 0.037935231 -22.590167999 -0.065662876 0.040161431 -0.997033238 278.885101318
-0.999524951 0.029610474 0.008539261 257.933807373 0.029924253 0.998778582 0.039317649 -22.566789627 -0.007364630 0.039554503 -0.999190271 278.362823486
-0.998316109 0.028192539 -0.050696291 257.881164551 0.026012611 0.998729587 0.043157265 -22.552886963 0.051848598 0.041765846 -0.997781277 277.804443359
-0.993442178 0.028827948 -0.110641435 257.795501709 0.023856450 0.998656631 0.045997366 -22.528654099 0.111818813 0.043056220 -0.992795408 277.219787598
-0.984701693 0.028890174 -0.171836779 257.669860840 0.020537240 0.998528361 0.050190695 -22.505712509 0.173033938 0.045893818 -0.983846009 276.637542725
-0.971742988 0.027356286 -0.234450817 257.513122559 0.014788234 0.998366058 0.055197995 -22.483371735 0.235577717 0.050171170 -0.970559657 276.057983398
-0.954593003 0.027365891 -0.296653360 257.301605225 0.009059399 0.997978091 0.062910199 -22.458740234 0.297775149 0.057366133 -0.952910900 275.483825684
-0.933424413 0.022256577 -0.358083248 257.055206299 -0.002309267 0.997680545 0.068030216 -22.419736862 0.358766854 0.064327978 -0.931207955 274.912017822
-0.907843232 0.019183069 -0.418870687 256.791259766 -0.012236104 0.997315526 0.072194196 -22.385585785 0.419131100 0.070666380 -0.905171454 274.346710205
-0.879559696 0.018483184 -0.475429475 256.459899902 -0.019670043 0.996978343 0.075149566 -22.345026016 0.475381732 0.075450242 -0.876538455 273.787628174
-0.848800123 0.019441163 -0.528356433 256.079406738 -0.025757600 0.996616602 0.078050412 -22.307977676 0.528086185 0.079858392 -0.845427513 273.230041504
-0.815633118 0.019319734 -0.578246772 255.680633545 -0.030654879 0.996595323 0.076536678 -22.265251160 0.577756822 0.080151938 -0.812264025 272.685882568
-0.783132672 0.014757079 -0.621679664 255.231857300 -0.038480759 0.996652424 0.072132356 -22.218734741 0.620662928 0.080411904 -0.779943168 272.150451660
-0.752166867 0.012503509 -0.658854246 254.746627808 -0.043690816 0.996673703 0.068793215 -22.171886444 0.657522798 0.080529839 -0.749118567 271.625183105
-0.723042488 0.015487533 -0.690629959 254.227951050 -0.043525048 0.996740878 0.067919903 -22.125774384 0.689431071 0.079168677 -0.720011950 271.098937988
-0.696308374 0.019569485 -0.717475832 253.668334961 -0.042592302 0.996739984 0.068522282 -22.077739716 0.716477811 0.078271605 -0.693204999 270.589385986
-0.672669590 0.022424201 -0.739603162 253.077285767 -0.041784212 0.996794522 0.068224832 -22.032579422 0.738762259 0.076796502 -0.669576466 270.069549561
-0.653169990 0.024569271 -0.756812572 252.470596313 -0.040955737 0.996864021 0.067709334 -21.981451035 0.756102741 0.075221531 -0.650115550 269.556091309
-0.638680041 0.029046727 -0.768924057 251.831512451 -0.033214398 0.997315228 0.065262765 -21.928501129 0.768755198 0.067221366 -0.636000514 269.046447754
-0.629299939 0.034978621 -0.776374876 251.162277222 -0.024677109 0.997583449 0.064947225 -21.883266449 0.776770592 0.060029976 -0.626916111 268.530853271
-0.624839604 0.038322363 -0.779812038 250.498703003 -0.019427335 0.997722149 0.064597674 -21.838148117 0.780511379 0.055512849 -0.622671902 268.012664795
-0.622997344 0.040926132 -0.781152725 249.783538818 -0.017143985 0.997675955 0.065943189 -21.783308029 0.782036066 0.054474484 -0.620848000 267.449829102
