0.999999940 0.000000000 0.000000007 0.000000000 0.000000000 1.000000000 -0.000000004 -0.000000954 0.000000007 -0.000000004 1.000000119 0.000015259
0.999997497 -0.001677615 -0.001434214 -0.002483059 0.001676347 0.999998212 -0.000885236 -0.008487117 0.001435711 0.000882822 0.999998689 0.564150393
0.999995351 -0.001839187 -0.002411092 -0.007778889 0.001833014 0.999995053 -0.002560036 -0.017858202 0.002415804 0.002555598 0.999993920 1.119481206
0.999986529 -0.002497664 -0.004542680 -0.009122400 0.002481561 0.999990642 -0.003546912 -0.035225172 0.004551513 0.003535585 0.999983490 1.684657931
0.999970198 -0.004332901 -0.006376568 -0.020147638 0.004297436 0.999975264 -0.005564989 -0.040898852 0.006400540 0.005537413 0.999964297 2.251696587
0.999949753 -0.006872380 -0.007292412 -0.034922719 0.006819147 0.999950230 -0.007298892 -0.060490157 0.007342219 0.007248794 0.999946833 2.798571110
0.999929249 -0.008049517 -0.008775697 -0.041480236 0.007979386 0.999936163 -0.007997738 -0.072214082 0.008839525 0.007927146 0.999929547 3.371305466
0.999916434 -0.008006519 -0.010145422 -0.052481659 0.007932389 0.999941707 -0.007326215 -0.085095078 0.010203498 0.007245122 0.999921679 3.954962492
0.999902010 -0.008556467 -0.011083629 -0.063951060 0.008471562 0.999934673 -0.007684928 -0.099548250 0.011148673 0.007590276 0.999909043 4.546832085
0.999892235 -0.007915776 -0.012357221 -0.073265277 0.007786636 0.999914885 -0.010463926 -0.115628056 0.012439004 0.010366574 0.999868929 5.138603687
0.999889672 -0.006251245 -0.013473891 -0.090950891 0.006059346 0.999880254 -0.014236338 -0.130935863 0.013561280 0.014153120 0.999807894 5.740621090
0.999876916 -0.005085385 -0.014835166 -0.104947984 0.004818698 0.999827087 -0.017957279 -0.143029660 0.014923931 0.017883580 0.999728680 6.355898380
0.999866009 -0.003074928 -0.016074711 -0.120246753 0.002787168 0.999835908 -0.017893067 -0.158168092 0.016127100 0.017845863 0.999710739 6.983328819
0.999847174 -0.001000050 -0.017449981 -0.130232096 0.000806827 0.999938369 -0.011076729 -0.167273104 0.017459987 0.011060953 0.999786377 7.623662949
0.999840975 0.000104014 -0.017832804 -0.151063293 -0.000112973 0.999999821 -0.000501567 -0.180418566 0.017832758 0.000503495 0.999840856 8.282633781
0.999820709 0.000914968 -0.018913185 -0.165937245 -0.000801655 0.999981701 0.005997716 -0.189852566 0.018918334 -0.005981486 0.999803185 8.969454765
0.999789000 0.003217247 -0.020284688 -0.183470041 -0.003112327 0.999981642 0.005201301 -0.208723709 0.020301076 -0.005137071 0.999780774 9.647703171
0.999771357 0.005255268 -0.020724559 -0.210227698 -0.005297055 0.999984026 -0.001962388 -0.215821877 0.020713940 0.002071718 0.999783337 10.341601372
0.999747276 0.004921172 -0.021933204 -0.228253886 -0.005095330 0.999955893 -0.007892005 -0.215055391 0.021893421 0.008001767 0.999728322 11.049890518
0.999728203 0.002414601 -0.023187198 -0.243775979 -0.002562423 0.999976516 -0.006347953 -0.216064364 0.023171348 0.006405644 0.999711037 11.788127899
0.999721348 0.002008803 -0.023515446 -0.266218215 -0.001940418 0.999993861 0.002930474 -0.227559835 0.023521192 -0.002884029 0.999719203 12.544453621
0.999713778 0.001635687 -0.023866765 -0.288323134 -0.001389667 0.999945819 0.010320906 -0.232006967 0.023882352 -0.010284784 0.999661922 13.321705818
0.999704182 0.000690358 -0.024312548 -0.312869132 -0.000378445 0.999917686 0.012831493 -0.234346017 0.024319407 -0.012818497 0.999622047 14.108477592
0.999696851 -0.001137060 -0.024595622 -0.331918180 0.001425377 0.999930441 0.011707857 -0.232762605 0.024580603 -0.011739366 0.999628961 14.914169312
0.999711514 -0.001586613 -0.023963548 -0.351713330 0.001810673 0.999954760 0.009331068 -0.234206796 0.023947656 -0.009371767 0.999669313 15.741364479
0.999727309 0.000943078 -0.023328790 -0.379683644 -0.000806227 0.999982297 0.005874678 -0.232196033 0.023333915 -0.005854266 0.999710560 16.580928802
0.999741614 -0.002226579 -0.022617025 -0.397801191 0.002231003 0.999997377 0.000170181 -0.236939788 0.022616584 -0.000220592 0.999744236 17.437616348
0.999750555 -0.004975895 -0.021767987 -0.415550858 0.004847773 0.999970496 -0.005934879 -0.248314023 0.021796875 0.005827876 0.999745488 18.305986404
0.999772966 -0.003885683 -0.020948706 -0.432492107 0.003647640 0.999928534 -0.011389609 -0.261561513 0.020991469 0.011310612 0.999715626 19.216369629
0.999785960 -0.002580408 -0.020521874 -0.460682422 0.002329291 0.999922335 -0.012251345 -0.276043206 0.020551892 0.012200925 0.999714315 20.122514725
0.999768198 -0.002630153 -0.021366708 -0.477570474 0.002379764 0.999928296 -0.011735884 -0.293749928 0.021396043 0.011682316 0.999702871 21.059535980
0.999774277 -0.001079902 -0.021216791 -0.507728219 0.000802325 0.999914169 -0.013087277 -0.320476770 0.021229099 0.013067300 0.999689221 21.998399734
0.999776721 0.002324268 -0.020999454 -0.528703213 -0.002642181 0.999882102 -0.015123858 -0.342022389 0.020961827 0.015175960 0.999665141 22.966362000
0.999755204 0.005502196 -0.021425869 -0.555181146 -0.005843770 0.999856234 -0.015912142 -0.365023553 0.021335240 0.016033450 0.999643862 23.932609558
0.999753594 0.007151965 -0.021015877 -0.590656877 -0.007484175 0.999847591 -0.015771449 -0.393455327 0.020899883 0.015924845 0.999654830 24.907535553
0.999739945 0.008292676 -0.021242198 -0.619372308 -0.008632927 0.999835074 -0.015976233 -0.419296712 0.021106208 0.016155457 0.999646783 25.888662338
0.999732792 0.007763826 -0.021768985 -0.635859013 -0.008111719 0.999840021 -0.015938498 -0.445035338 0.021641761 0.016110819 0.999635994 26.866292953
0.999717772 0.009434412 -0.021803891 -0.671650887 -0.009755276 0.999844909 -0.014656845 -0.480915070 0.021662252 0.014865406 0.999654830 27.903539658
0.999706566 0.009984560 -0.022068528 -0.697405159 -0.010263099 0.999868572 -0.012544822 -0.508500755 0.021940392 0.012767629 0.999677777 28.920166016
0.999693871 0.010780166 -0.022272874 -0.726794541 -0.011034216 0.999875069 -0.011315124 -0.537282407 0.022148125 0.011557416 0.999687910 29.941389084
0.999682605 0.011155410 -0.022593381 -0.748923421 -0.011437971 0.999857426 -0.012416059 -0.561961114 0.022451675 0.012670533 0.999667645 30.975122452
0.999673426 0.012007090 -0.022557320 -0.780338049 -0.012311898 0.999834061 -0.013422593 -0.594776511 0.022392405 0.013695932 0.999655426 32.010444641
0.999667287 0.011571539 -0.023050932 -0.809223592 -0.011862553 0.999851108 -0.012528222 -0.620421886 0.022902526 0.012797494 0.999655783 33.049369812
0.999656379 0.011480268 -0.023564793 -0.838667929 -0.011719374 0.999880970 -0.010033856 -0.644466519 0.023446793 0.010306573 0.999671876 34.104412079
0.999654412 0.011233321 -0.023764543 -0.874058723 -0.011384689 0.999915659 -0.006243869 -0.670945585 0.023692396 0.006512262 0.999698043 35.153312683
0.999627650 0.011475854 -0.024753615 -0.892721891 -0.011573634 0.999925673 -0.003810549 -0.695235670 0.024708053 0.004095617 0.999686301 36.256107330
0.999614716 0.011765991 -0.025140008 -0.926130354 -0.011856481 0.999923706 -0.003453325 -0.711621284 0.025097461 0.003750064 0.999677956 37.328430176
0.999606609 0.011133557 -0.025743397 -0.957042217 -0.011256858 0.999925673 -0.004649665 -0.735933661 0.025689729 0.004937623 0.999657750 38.418033600
0.999580979 0.011522965 -0.026553806 -0.992305517 -0.011669007 0.999917448 -0.005351509 -0.753568292 0.026489958 0.005659122 0.999633074 39.496059418
0.999568760 0.010726581 -0.027330996 -1.021330714 -0.010846090 0.999932170 -0.004228169 -0.775726199 0.027283788 0.004522778 0.999617636 40.580440521
0.999537528 0.011369905 -0.028202089 -1.058291435 -0.011450513 0.999930739 -0.002698380 -0.787986815 0.028169457 0.003020057 0.999598622 41.666805267
0.999534130 0.010743536 -0.028567126 -1.100282311 -0.010737907 0.999942243 0.000350357 -0.818124652 0.028569238 -0.000043447 0.999591887 42.758350372
0.999507368 0.012426537 -0.028817499 -1.144325614 -0.012426476 0.999922693 0.000181112 -0.840321243 0.028817520 0.000177073 0.999584734 43.835136414
0.999467254 0.013904873 -0.029528044 -1.167523384 -0.014022623 0.999894440 -0.003784351 -0.861007154 0.029472319 0.004196391 0.999556780 44.907020569
0.999455512 0.015054040 -0.029361222 -1.207874179 -0.015294706 0.999850988 -0.007989480 -0.881134331 0.029236590 0.008434198 0.999536872 45.988861084
0.999445438 0.015514673 -0.029461117 -1.247827530 -0.015769899 0.999839962 -0.008450663 -0.904148519 0.029325306 0.008910572 0.999530315 47.067871094
0.999439478 0.016127260 -0.029336009 -1.285255671 -0.016296409 0.999851882 -0.005536035 -0.931008756 0.029242398 0.006010999 0.999554336 48.171985626
0.999449968 0.016180426 -0.028947368 -1.323881984 -0.016278183 0.999862492 -0.003144661 -0.959968746 0.028892523 0.003614142 0.999575973 49.263339996
0.999468982 0.014683817 -0.029087920 -1.357485533 -0.014745843 0.999889433 -0.001919075 -0.980975568 0.029056545 0.002346981 0.999574959 50.352184296
0.999473751 0.014875969 -0.028825035 -1.391642094 -0.014961356 0.999884307 -0.002749063 -1.004190564 0.028780825 0.003178879 0.999580681 51.443195343
0.999493361 0.014155352 -0.028506221 -1.433209181 -0.014297174 0.999886274 -0.004777574 -1.024454355 0.028435370 0.005182711 0.999582231 52.532390594
0.999506354 0.014115432 -0.028066769 -1.465985775 -0.014307183 0.999875546 -0.006643024 -1.054605484 0.027969485 0.007041304 0.999583900 53.623600006
0.999528229 0.013388632 -0.027640359 -1.501495361 -0.013646563 0.999864876 -0.009164292 -1.081304073 0.027513903 0.009537168 0.999575973 54.713714600
0.999549031 0.011728888 -0.027641632 -1.535431504 -0.012079186 0.999848425 -0.012540164 -1.112810850 0.027490342 0.012868401 0.999539256 55.804988861
0.999573946 0.009956397 -0.027433008 -1.561951995 -0.010341889 0.999849319 -0.013946306 -1.149122357 0.027290035 0.014224073 0.999526381 56.888938904
0.999592245 0.008349941 -0.027304392 -1.593640208 -0.008666251 0.999896586 -0.011486912 -1.181662798 0.027205670 0.011718853 0.999561250 57.974975586
0.999609590 0.007241593 -0.026985202 -1.626605511 -0.007391004 0.999957979 -0.005441184 -1.210964441 0.026944684 0.005638508 0.999621093 59.071800232
0.999624968 0.005452760 -0.026836850 -1.654354811 -0.005455516 0.999985099 -0.000029429 -1.226104736 0.026836284 0.000175824 0.999639809 60.180343628
0.999623358 0.003772517 -0.027184283 -1.680298448 -0.003761228 0.999992788 0.000466444 -1.242757916 0.027185842 -0.000364025 0.999630332 61.273166656
0.999638617 0.000765066 -0.026870759 -1.710844755 -0.000833722 0.999996424 -0.002543872 -1.260681987 0.026868710 0.002565353 0.999635577 62.364044189
0.999646068 -0.000722773 -0.026591741 -1.745755553 0.000565544 0.999982297 -0.005919915 -1.280998588 0.026595568 0.005902782 0.999628842 63.469299316
0.999645114 0.001396734 -0.026599817 -1.784457088 -0.001659709 0.999949992 -0.009866980 -1.307690978 0.026584724 0.009907626 0.999597490 64.556678772
0.999651730 0.001698885 -0.026331767 -1.820238590 -0.002069871 0.999898970 -0.014068210 -1.336956978 0.026305228 0.014117815 0.999554276 65.642288208
0.999657035 0.003890857 -0.025894873 -1.852439046 -0.004273080 0.999882519 -0.014721637 -1.366793156 0.025834568 0.014827237 0.999556303 66.751831055
0.999659061 0.007868327 -0.024893118 -1.896514893 -0.008149138 0.999904096 -0.011199425 -1.395457983 0.024802625 0.011398463 0.999627471 67.850090027
0.999643683 0.009437695 -0.024963677 -1.929015756 -0.009663050 0.999913514 -0.008922117 -1.427925587 0.024877332 0.009160161 0.999648631 68.957191467
0.999647558 0.008829720 -0.025033211 -1.955441594 -0.009033843 0.999926746 -0.008052557 -1.459223747 0.024960302 0.008275863 0.999654233 70.051345825
0.999664426 0.007130092 -0.024903532 -1.983930111 -0.007309951 0.999947846 -0.007138381 -1.487937450 0.024851359 0.007318028 0.999664426 71.146804810
0.999673307 0.006113051 -0.024814721 -2.023209095 -0.006257334 0.999963880 -0.005740662 -1.512866974 0.024778757 0.005894058 0.999675632 72.243019104
0.999663770 0.004555854 -0.025524074 -2.051531553 -0.004652765 0.999982119 -0.003738815 -1.541179657 0.025506569 0.003856316 0.999667227 73.354301453
0.999648154 0.003204079 -0.026328657 -2.080152750 -0.003263766 0.999992192 -0.002224464 -1.562263966 0.026321312 0.002309612 0.999650896 74.447563171
0.999639452 0.002347879 -0.026747294 -2.113301277 -0.002432365 0.999992132 -0.003126635 -1.595137954 0.026739744 0.003190568 0.999637246 75.543197632
0.999624252 0.002634475 -0.027282091 -2.147910833 -0.002821299 0.999972880 -0.006811730 -1.620480299 0.027263407 0.006886142 0.999604523 76.622055054
0.999592602 0.003336732 -0.028348878 -2.176283836 -0.003601524 0.999950409 -0.009294619 -1.641701579 0.028316461 0.009392931 0.999554813 77.702667236
0.999573290 0.005233526 -0.028734976 -2.219316244 -0.005445946 0.999958396 -0.007319076 -1.674567223 0.028695479 0.007472442 0.999560416 78.798500061
0.999553800 0.005915587 -0.029276635 -2.256241322 -0.006009719 0.999977112 -0.003128288 -1.695968151 0.029257463 0.003302836 0.999566436 79.880920410
0.999531567 0.007307041 -0.029719599 -2.297027111 -0.007272143 0.999972701 0.001282234 -1.728460431 0.029728152 -0.001065512 0.999557436 80.960617065
0.999496222 0.008688744 -0.030523479 -2.335778952 -0.008632996 0.999960840 0.001957742 -1.746154070 0.030539285 -0.001693251 0.999532104 82.032157898
0.999486744 0.008556798 -0.030868078 -2.379006863 -0.008572689 0.999963105 -0.000382469 -1.762409091 0.030863658 0.000646892 0.999523401 83.101974487
0.999472976 0.008396956 -0.031357072 -2.413396358 -0.008434877 0.999963760 -0.001076998 -1.786822677 0.031346887 0.001340919 0.999507666 84.180526733
0.999462605 0.007631020 -0.031878147 -2.450145245 -0.007673773 0.999969721 -0.001218825 -1.808540106 0.031867869 0.001462792 0.999491036 85.235588074
0.999441206 0.006453947 -0.032796949 -2.487053633 -0.006486449 0.999978542 -0.000884504 -1.826980948 0.032790538 0.001096741 0.999461710 86.276084900
0.999427199 0.005533673 -0.033383939 -2.518831015 -0.005523144 0.999984682 0.000407583 -1.851776004 0.033385679 -0.000222971 0.999442577 87.316932678
0.999417007 0.005928535 -0.033620827 -2.560437679 -0.005828713 0.999978364 0.003066265 -1.871069670 0.033638265 -0.002868517 0.999430001 88.322280884
0.999382854 0.004923717 -0.034777932 -2.600586414 -0.004780642 0.999979675 0.004195906 -1.894764304 0.034797881 -0.004027062 0.999386311 89.298645020
0.999306440 0.004001629 -0.037021663 -2.637873173 -0.003850471 0.999983966 0.004153315 -1.911913633 0.037037719 -0.004007886 0.999305844 90.276901245
0.999185920 0.003255416 -0.040210854 -2.680667400 -0.003138551 0.999990702 0.002969051 -1.927832842 0.040220171 -0.002840431 0.999186814 91.208419800
0.999044478 0.002812476 -0.043615453 -2.727434397 -0.002726384 0.999994218 0.002033213 -1.946741343 0.043620944 -0.001912360 0.999046385 92.131744385
0.998904049 0.003079042 -0.046702720 -2.774395943 -0.002949174 0.999991536 0.002849391 -1.968768835 0.046711117 -0.002708536 0.998904765 93.035934448
0.998750091 0.004245987 -0.049800508 -2.824156284 -0.004059582 0.999984324 0.003843598 -1.985228300 0.049816053 -0.003636627 0.998751760 93.901336670
0.998591781 0.004974864 -0.052817490 -2.877277613 -0.004716888 0.999976337 0.005007824 -2.002648115 0.052841157 -0.004751644 0.998591542 94.746986389
0.998415768 0.006451846 -0.055895671 -2.929708004 -0.006095430 0.999959946 0.006544596 -2.016050816 0.055935662 -0.006193527 0.998415112 95.562294006
0.998267293 0.007661453 -0.058342330 -2.986313581 -0.007257461 0.999948323 0.007133250 -2.028692722 0.058393963 -0.006697480 0.998271108 96.349716187
0.998103440 0.009827308 -0.060769703 -3.039199829 -0.009373169 0.999926031 0.007753659 -2.047018528 0.060841393 -0.007169350 0.998121679 97.117729187
0.997889578 0.011460828 -0.063914157 -3.088053226 -0.011067061 0.999917567 0.006511486 -2.060175419 0.063983507 -0.005790404 0.997934163 97.847557068
0.997726798 0.012854984 -0.066151738 -3.149017096 -0.012682334 0.999914885 0.003029221 -2.080195427 0.066185057 -0.002183377 0.997804999 98.539855957
0.997513235 0.015566182 -0.068738647 -3.207414627 -0.015655907 0.999877155 -0.000766717 -2.089711189 0.068718262 0.001840975 0.997634292 99.214424133
0.997339427 0.017079847 -0.070867509 -3.250423908 -0.017364740 0.999843478 -0.003405956 -2.109043598 0.070798270 0.004627491 0.997480094 99.858749390
0.997236013 0.019172175 -0.071782358 -3.300520897 -0.019527007 0.999800384 -0.004244589 -2.125230789 0.071686700 0.005634553 0.997411370 100.475585938
0.997245014 0.021539558 -0.070981190 -3.351592541 -0.021880602 0.999752522 -0.004030586 -2.136858225 0.070876837 0.005572595 0.997469604 101.061012268
0.997419000 0.025243113 -0.067216173 -3.415697575 -0.025476301 0.999672174 -0.002614159 -2.150520802 0.067128167 0.004319833 0.997735023 101.630203247
0.997647762 0.027752353 -0.062679529 -3.433853388 -0.027881591 0.999610603 -0.001187986 -2.166888475 0.062622190 0.002932797 0.998033106 102.179313660
0.998082519 0.028483298 -0.054952156 -3.469058037 -0.028468950 0.999594212 0.001044072 -2.182672739 0.054959618 0.000522362 0.998488486 102.691795349
0.998576522 0.028673852 -0.044973858 -3.498374939 -0.028538045 0.999586105 0.003658970 -2.196966648 0.045060180 -0.002370294 0.998981416 103.201370239
0.999032795 0.028444910 -0.033526868 -3.489991426 -0.028291695 0.999586940 0.005035533 -2.213153124 0.033656240 -0.004082130 0.999425232 103.672225952
0.999416888 0.027555654 -0.020157896 -3.490082741 -0.027456591 0.999609530 0.005174766 -2.224058628 0.020292608 -0.004618282 0.999783456 104.130340576
0.999609470 0.027507793 -0.004928801 -3.485420704 -0.027487965 0.999613822 0.004046379 -2.231977701 0.005038189 -0.003909315 0.999979615 104.568618774
0.999576449 0.026122408 0.012828279 -3.458811998 -0.026137434 0.999657750 0.001005029 -2.243481398 -0.012797654 -0.001339903 0.999917150 104.992568970
0.999084830 0.025731243 0.034164201 -3.435349464 -0.025628358 0.999665558 -0.003445996 -2.256704807 -0.034241468 0.002567270 0.999410212 105.408782959
0.998020887 0.023413084 0.058360491 -3.389617443 -0.022960061 0.999700963 -0.008420989 -2.265334129 -0.058540218 0.007064363 0.998260021 105.816078186
0.996106744 0.021429529 0.085510686 -3.325830460 -0.020539617 0.999725401 -0.011273395 -2.278098583 -0.085728809 0.009473151 0.996273518 106.231956482
0.993181646 0.018569097 0.115087405 -3.254332542 -0.017246971 0.999773383 -0.012473229 -2.288590908 -0.115292966 0.010403275 0.993277013 106.611419678
0.988922954 0.016029976 0.147560790 -3.162281036 -0.014085454 0.999799907 -0.014213358 -2.306099415 -0.147759065 0.011977455 0.988950908 106.981369019
0.982819855 0.013776183 0.184052363 -3.072366714 -0.011089616 0.999816537 -0.015618175 -2.320528030 -0.184233755 0.013308779 0.982792377 107.353157043
0.975009739 0.010342171 0.221921325 -2.949403763 -0.006889056 0.999842942 -0.016328542 -2.334239721 -0.222055346 0.014391652 0.974927962 107.716392517
0.964974999 0.008544426 0.262202621 -2.823244095 -0.004222493 0.999845922 -0.017042192 -2.350685120 -0.262307853 0.015338136 0.964862466 108.071830750
0.952777565 0.008788430 0.303542078 -2.696605682 -0.003558390 0.999835670 -0.017778859 -2.370308638 -0.303648442 0.015859168 0.952652156 108.379364014
0.937562108 0.011253312 0.347635508 -2.549362183 -0.005025063 0.999810398 -0.018812433 -2.378084660 -0.347781360 0.015890934 0.937441111 108.704765320
0.919821501 0.011576131 0.392166376 -2.377227783 -0.005028697 0.999830365 -0.017718669 -2.389374495 -0.392304987 0.014325920 0.919723749 109.022674561
0.899508655 0.010003517 0.436788440 -2.200424194 -0.003224148 0.999862611 -0.016259573 -2.402897120 -0.436891139 0.013217352 0.899417400 109.326232910
0.876363337 0.009111018 0.481564403 -2.005168915 -0.001174587 0.999858558 -0.016779406 -2.417196989 -0.481649101 0.014139212 0.876250148 109.603599548
0.851490498 0.009167330 0.524289906 -1.788108826 0.000376284 0.999836326 -0.018093478 -2.442637205 -0.524369895 0.015603706 0.851347625 109.881538391
0.823673010 0.011328149 0.566951871 -1.568626404 0.001104482 0.999766469 -0.021580728 -2.458085537 -0.567063928 0.018401649 0.823468208 110.148757935
0.792540848 0.015916254 0.609610975 -1.334701538 -0.000327104 0.999670208 -0.025674995 -2.475122929 -0.609818697 0.020149074 0.792284787 110.418762207
0.758834600 0.021996116 0.650911868 -1.083522797 -0.003781765 0.999561429 -0.029369164 -2.487979412 -0.651272416 0.019824740 0.758585155 110.662582397
0.721330643 0.027216155 0.692056000 -0.806655884 -0.005139443 0.999410391 -0.033946488 -2.482576847 -0.692571819 0.020929854 0.721045256 110.917160034
0.682396173 0.027431622 0.730467677 -0.511234283 -0.003386090 0.999403477 -0.034367852 -2.504672289 -0.730974674 0.020979054 0.682082057 111.143157959
0.641532063 0.025054010 0.766687036 -0.200046539 0.000064833 0.999464631 -0.032715030 -2.522481918 -0.767096281 0.021037441 0.641186953 111.340820312
0.601505399 0.022532441 0.798550963 0.128120422 0.003453045 0.999519467 -0.030804098 -2.518860579 -0.798861265 0.021286257 0.601138711 111.454559326
0.555392861 0.021018092 0.831322372 0.470485687 0.004972480 0.999578714 -0.028594101 -2.525062561 -0.831573248 0.020014694 0.555054426 111.639915466
0.507634521 0.018772516 0.861367881 0.822826385 0.006339790 0.999654114 -0.025522567 -2.538549900 -0.861549139 0.018417027 0.507340014 111.801086426
0.457056999 0.014715746 0.889315665 1.190227509 0.009044929 0.999734521 -0.021191452 -2.557541847 -0.889391482 0.017729495 0.456802666 111.948822021
0.404642999 0.015096859 0.914350092 1.559436798 0.006163867 0.999795914 -0.019235458 -2.572636604 -0.914453983 0.013419428 0.404467344 112.082550049
0.353255033 0.020132374 0.935310364 1.939235687 0.002408412 0.999745488 -0.022428956 -2.586346626 -0.935523987 0.010175755 0.353116721 112.196876526
0.303385377 0.024863811 0.952543378 2.323768616 0.002331025 0.999637127 -0.026835507 -2.601089239 -0.952865005 0.010361906 0.303217411 112.281608582
0.256840318 0.026946496 0.966078043 2.727123260 0.003932843 0.999573767 -0.028926358 -2.614095688 -0.966445863 0.011228893 0.256624877 112.355369568
0.215852857 0.026766524 0.976058960 3.148271561 0.010850289 0.999496639 -0.029808771 -2.630783558 -0.976365685 0.017024832 0.215453804 112.405227661
0.180231199 0.026886847 0.983256698 3.582090378 0.018266093 0.999362469 -0.030675430 -2.640113592 -0.983454764 0.023488929 0.179625154 112.459190369
0.150050014 0.027709696 0.988290071 4.010747910 0.023379467 0.999228120 -0.031566039 -2.659372807 -0.988401949 0.027842173 0.149286389 112.489242554
0.122088380 0.025979115 0.992179096 4.481755257 0.021598667 0.999351144 -0.028824631 -2.678008795 -0.992284238 0.024948897 0.121448033 112.530570984
0.096445426 0.022589592 0.995081782 4.973491669 0.015568582 0.999585867 -0.024200777 -2.689443111 -0.995216548 0.017826067 0.096053824 112.576034546
0.072852723 0.018594012 0.997169316 5.478350639 0.010683778 0.999754310 -0.019422758 -2.705808163 -0.997285545 0.012068533 0.072636157 112.604965210
0.050217502 0.016153805 0.998607576 6.003173828 0.014153333 0.999757349 -0.016884135 -2.728170872 -0.998638093 0.014981505 0.049976677 112.616012573
0.030172959 0.016552927 0.999407589 6.546645164 0.022968449 0.999587536 -0.017249338 -2.747387409 -0.999280870 0.023475306 0.029780306 112.600227356
0.012495779 0.019476701 0.999732196 7.093343258 0.026669718 0.999448121 -0.019804511 -2.760961771 -0.999566138 0.026910046 0.011969462 112.599876404
-0.001947330 0.024936251 0.999687135 7.663734913 0.027214501 0.999320030 -0.024874080 -2.770407438 -0.999627709 0.027157541 -0.002624615 112.592781067
-0.012705544 0.029524058 0.999483287 8.264237404 0.025444280 0.999249876 -0.029193711 -2.781048775 -0.999595463 0.025060209 -0.013447211 112.586540222
-0.019512627 0.029261746 0.999381304 8.884531975 0.026102152 0.999245822 -0.028748140 -2.805168867 -0.999468863 0.025525048 -0.020261690 112.572692871
-0.021712273 0.026391717 0.999415994 9.539398193 0.033209283 0.999118924 -0.025662407 -2.817331314 -0.999212563 0.032632694 -0.022569584 112.549888611
-0.020969935 0.024667971 0.999475658 10.194084167 0.035161547 0.999095261 -0.023920862 -2.835695267 -0.999161601 0.034641493 -0.021818317 112.527809143
-0.019399565 0.024192212 0.999519050 10.867296219 0.033414677 0.999164462 -0.023535086 -2.863631487 -0.999253333 0.032942038 -0.020191722 112.524620056
-0.017668284 0.024505707 0.999543548 11.562743187 0.030266639 0.999254644 -0.023963613 -2.887179852 -0.999385715 0.029829428 -0.018396817 112.518463135
-0.016556881 0.025899505 0.999527395 12.277984619 0.029622901 0.999238312 -0.025401322 -2.902450562 -0.999424040 0.029188335 -0.017311489 112.513816833
-0.015874187 0.026700169 0.999517441 13.002023697 0.028552044 0.999247789 -0.026239505 -2.930712938 -0.999466360 0.028121730 -0.016624589 112.511695862
-0.015196101 0.026179608 0.999541759 13.760774612 0.028450467 0.999263644 -0.025739793 -2.955508232 -0.999479771 0.028046278 -0.015929736 112.507568359
-0.014187390 0.025071915 0.999585032 14.514999390 0.027268268 0.999323547 -0.024678335 -2.976343155 -0.999527514 0.026906826 -0.014861450 112.489944458
-0.013646127 0.023874532 0.999621689 15.282152176 0.028116575 0.999328792 -0.023483707 -3.001728773 -0.999511540 0.027785480 -0.014308229 112.481689453
-0.014169805 0.021446802 0.999669552 16.068994522 0.028851820 0.999362469 -0.021031246 -3.030930042 -0.999483407 0.028544279 -0.014779555 112.471183777
-0.015259380 0.019501494 0.999693334 16.858280182 0.025929103 0.999481261 -0.019101573 -3.059445620 -0.999547362 0.025629673 -0.015757125 112.465278625
-0.016514322 0.018964337 0.999683738 17.654577255 0.025802666 0.999495149 -0.018534511 -3.079177380 -0.999530613 0.025488419 -0.016995303 112.453865051
-0.017642988 0.016470220 0.999708652 18.451320648 0.027969033 0.999481201 -0.015972868 -3.098714113 -0.999453068 0.027679071 -0.018094480 112.438285828
-0.018988544 0.014697735 0.999711633 19.267364502 0.029601358 0.999461830 -0.014131810 -3.127121449 -0.999381483 0.029324478 -0.019413382 112.423736572
-0.020510828 0.013630841 0.999696672 20.096477509 0.026789371 0.999555528 -0.013079273 -3.157206297 -0.999430656 0.026512977 -0.020866895 112.408142090
-0.021371998 0.018682873 0.999597013 20.924861908 0.023464203 0.999559402 -0.018180486 -3.174035072 -0.999496162 0.023066191 -0.021800978 112.397811890
-0.022368053 0.023244705 0.999479473 21.765420914 0.025593409 0.999415338 -0.022670437 -3.201657295 -0.999422133 0.025072994 -0.022949908 112.386726379
-0.023270521 0.024809839 0.999421239 22.607574463 0.025750831 0.999375284 -0.024209108 -3.230487108 -0.999397516 0.025172567 -0.023894869 112.364791870
-0.024721749 0.022669949 0.999437273 23.448545456 0.022289069 0.999506831 -0.022120185 -3.261474371 -0.999445856 0.021729680 -0.025214843 112.350959778
-0.026058488 0.018385874 0.999491274 24.297006607 0.019162346 0.999656320 -0.017889308 -3.292326927 -0.999476790 0.018686427 -0.026401840 112.340408325
-0.026681101 0.012759293 0.999562502 25.154382706 0.017393779 0.999773085 -0.012297692 -3.325241327 -0.999492586 0.017058056 -0.026896976 112.328132629
-0.026908480 0.007093081 0.999612749 25.981382370 0.013309294 0.999888659 -0.006736771 -3.349469423 -0.999549270 0.013122861 -0.026999881 112.313491821
-0.026193731 0.006030935 0.999638677 26.848766327 0.011479120 0.999917746 -0.005731825 -3.372280121 -0.999590993 0.011324832 -0.026260793 112.292991638
-0.025467115 0.013015458 0.999590874 27.684436798 0.014382345 0.999816597 -0.012651966 -3.396619320 -0.999572217 0.014054251 -0.025649618 112.275650024
-0.024515904 0.023972072 0.999412000 28.515300751 0.016525943 0.999585629 -0.023570847 -3.426249027 -0.999562860 0.015938362 -0.024901889 112.256103516
-0.023905447 0.029346608 0.999283433 29.352556229 0.018353280 0.999413490 -0.028911367 -3.449394941 -0.999545753 0.017648984 -0.024430016 112.238494873
-0.022866685 0.024023261 0.999449849 30.188751221 0.019961268 0.999522984 -0.023568314 -3.480118036 -0.999539196 0.019411355 -0.023335295 112.226181030
-0.021609426 0.016186029 0.999635398 31.017024994 0.022985240 0.999612689 -0.015688779 -3.515266895 -0.999502301 0.022637833 -0.021973103 112.202346802
-0.020947266 0.013209375 0.999693274 31.847614288 0.024230331 0.999625742 -0.012700765 -3.543022394 -0.999487042 0.023956850 -0.021259502 112.185180664
-0.021100324 0.013717728 0.999683082 32.667537689 0.023403658 0.999638617 -0.013223129 -3.569062233 -0.999503434 0.023117227 -0.021413749 112.173912048
-0.022236880 0.014813692 0.999642909 33.477912903 0.019492522 0.999706507 -0.014381021 -3.597613811 -0.999562621 0.019165777 -0.022519121 112.161994934
-0.024445519 0.014923689 0.999589741 34.288871765 0.018052099 0.999732256 -0.014484341 -3.622457266 -0.999538124 0.017690618 -0.024708360 112.151855469
-0.026613662 0.014863523 0.999535322 35.098072052 0.017442025 0.999744177 -0.014402218 -3.648228884 -0.999493599 0.017050620 -0.026866088 112.131904602
-0.028371207 0.014786679 0.999488056 35.898220062 0.016556125 0.999760449 -0.014320750 -3.678496122 -0.999460280 0.016141351 -0.028609207 112.108810425
-0.030717295 0.015355414 0.999410093 36.719299316 0.014517180 0.999783337 -0.014914958 -3.702834129 -0.999422610 0.014050469 -0.030933538 112.097976685
-0.032684460 0.014805785 0.999355972 37.508129120 0.012959820 0.999812484 -0.014388691 -3.726125240 -0.999381781 0.012481181 -0.032870203 112.076652527
-0.034597714 0.013597855 0.999308765 38.297527313 0.013338775 0.999824703 -0.013143065 -3.753451824 -0.999312401 0.012874828 -0.034773022 112.048065186
-0.036496028 0.013326044 0.999244869 39.076213837 0.012354597 0.999840677 -0.012882759 -3.785757303 -0.999257445 0.011875092 -0.036654849 112.020034790
-0.038481813 0.014575773 0.999152899 39.866317749 0.013158635 0.999814212 -0.014078626 -3.806917667 -0.999172807 0.012605711 -0.038666453 111.996360779
-0.039566938 0.014784241 0.999107540 40.643123627 0.014126579 0.999798954 -0.014235027 -3.830285549 -0.999117076 0.013550733 -0.039767820 111.971031189
-0.040614370 0.013706948 0.999080837 41.419685364 0.016126625 0.999784648 -0.013061028 -3.855111837 -0.999044836 0.015581335 -0.040826663 111.938621521
-0.042385336 0.012782428 0.999019623 42.195129395 0.016306562 0.999793828 -0.012100499 -3.883315802 -0.998968303 0.015777692 -0.042585034 111.912315369
-0.043600623 0.012173733 0.998974860 42.951293945 0.014179794 0.999832690 -0.011565302 -3.913727760 -0.998948455 0.013661006 -0.043765947 111.880912781
-0.044534121 0.011338647 0.998943508 43.711620331 0.012716872 0.999861121 -0.010782126 -3.932037592 -0.998926997 0.012223264 -0.044672124 111.851112366
-0.045416158 0.010066542 0.998917341 44.438453674 0.012057005 0.999881923 -0.009528086 -3.956045866 -0.998895466 0.011611218 -0.045532171 111.823677063
-0.046139363 0.010004221 0.998884857 45.155338287 0.012231423 0.999880552 -0.009449212 -3.978222609 -0.998860240 0.011781797 -0.046256218 111.794776917
-0.046112917 0.012274422 0.998860836 45.863006592 0.012319621 0.999855459 -0.011717902 -4.002926350 -0.998860300 0.011765233 -0.046257474 111.766586304
-0.046188097 0.015383494 0.998814285 46.569828033 0.012314296 0.999814093 -0.014829446 -4.026177406 -0.998856902 0.011614745 -0.046368953 111.738067627
-0.046515010 0.016912581 0.998774409 47.258968353 0.010253035 0.999812067 -0.016452653 -4.049207211 -0.998864889 0.009475171 -0.046679668 111.709823608
-0.046535775 0.017728943 0.998759389 47.956005096 0.010757329 0.999793291 -0.017246086 -4.072427273 -0.998858631 0.009941418 -0.046716880 111.680191040
-0.046368871 0.017624671 0.998768866 48.639358521 0.012891049 0.999771535 -0.017043890 -4.095202446 -0.998841107 0.012084868 -0.046585478 111.645317078
-0.046623632 0.016899144 0.998769522 49.328166962 0.012815041 0.999784648 -0.016318101 -4.122549057 -0.998830318 0.012038459 -0.046830148 111.613853455
-0.047115415 0.017189667 0.998741567 50.007614136 0.009375478 0.999815404 -0.016765865 -4.144038677 -0.998845398 0.008573744 -0.047267877 111.591209412
-0.047338951 0.017343970 0.998728275 50.701522827 0.006609743 0.999832809 -0.017049855 -4.170736790 -0.998857021 0.005794210 -0.047445662 111.574806213
-0.046827026 0.016089138 0.998773396 51.375579834 0.008670225 0.999839127 -0.015699808 -4.193706512 -0.998865426 0.007924411 -0.046958979 111.538154602
-0.047849886 0.015645470 0.998731792 52.047859192 0.009572603 0.999838591 -0.015204177 -4.213321209 -0.998808682 0.008832941 -0.047991928 111.507583618
-0.051184259 0.015242014 0.998572826 52.715099335 0.006355383 0.999868214 -0.014936027 -4.235926628 -0.998669028 0.005581818 -0.051274385 111.476593018
-0.056745715 0.014491973 0.998283386 53.393836975 0.002132620 0.999894083 -0.014394131 -4.263042450 -0.998386323 0.001312148 -0.056770619 111.452735901
-0.062287807 0.019067418 0.997875929 54.039909363 0.006758879 0.999802589 -0.018682340 -4.277365685 -0.998035312 0.005580836 -0.062404387 111.402130127
-0.069204554 0.021917259 0.997361600 54.726879120 0.009265506 0.999729633 -0.021326385 -4.299048901 -0.997559488 0.007765172 -0.069388919 111.357070923
-0.076738998 0.023543097 0.996773183 55.411163330 0.007809435 0.999704778 -0.023011111 -4.322283745 -0.997020602 0.006018381 -0.076900207 111.310539246
-0.082711697 0.021984013 0.996330976 56.061611176 0.003241444 0.999757290 -0.021790525 -4.352299213 -0.996568263 0.001427217 -0.082762867 111.255004883
-0.087997951 0.020770507 0.995904028 56.749317169 0.003250316 0.999783218 -0.020564210 -4.375497341 -0.996115446 0.001427392 -0.088046364 111.195655823
-0.092280418 0.021375401 0.995503604 57.437744141 0.000878014 0.999770880 -0.021385644 -4.399190903 -0.995732844 -0.001099414 -0.092278048 111.132064819
-0.096803769 0.020866616 0.995084763 58.131286621 -0.001345305 0.999776542 -0.021095878 -4.419790745 -0.995302618 -0.003380856 -0.096754052 111.077545166
-0.099028893 0.017140755 0.994936883 58.832530975 -0.001378749 0.999848306 -0.017362598 -4.450284004 -0.995083570 -0.003091170 -0.098990239 111.003707886
-0.100710377 0.014638958 0.994808078 59.558120728 0.000705377 0.999892533 -0.014642371 -4.468830585 -0.994915664 -0.000772927 -0.100709848 110.929473877
-0.102305621 0.011667467 0.994684458 60.258033752 0.000523379 0.999931693 -0.011675186 -4.492381096 -0.994752944 -0.000673842 -0.102304749 110.861045837
-0.103574328 0.011418370 0.994556069 60.985107422 -0.000310273 0.999933600 -0.011512424 -4.510000229 -0.994621754 -0.001500978 -0.103563927 110.791145325
-0.103878871 0.015009750 0.994476616 61.714450836 0.001256425 0.999887228 -0.014960174 -4.530310154 -0.994589269 -0.000304563 -0.103886008 110.717559814
-0.104416527 0.019077009 0.994350493 62.454261780 0.007217139 0.999804199 -0.018423770 -4.554430485 -0.994507492 0.005252619 -0.104533769 110.639282227
-0.105006889 0.024324663 0.994173944 63.195800781 0.014283892 0.999634564 -0.022949576 -4.579254150 -0.994369030 0.011790810 -0.105315961 110.550819397
-0.105730809 0.024891302 0.994083107 63.949665070 0.015470183 0.999606907 -0.023384200 -4.606463909 -0.994274437 0.012906221 -0.106074303 110.474884033
-0.105999634 0.021854408 0.994125903 64.700805664 0.012897904 0.999704540 -0.020601794 -4.637208462 -0.994282484 0.010638359 -0.106250189 110.402450562
-0.105910249 0.017375514 0.994223893 65.449905396 0.013812949 0.999776542 -0.016001128 -4.660657406 -0.994279802 0.012038483 -0.106126592 110.324874878
-0.106037870 0.015366597 0.994243264 66.200668335 0.015435038 0.999785483 -0.013806080 -4.685814381 -0.994242251 0.013882219 -0.106252305 110.244514465
-0.106925495 0.015207201 0.994150698 66.933517456 0.016272565 0.999775767 -0.013543054 -4.710820198 -0.994133890 0.014729285 -0.107148983 110.160018921
-0.108501472 0.015777959 0.993971109 67.679489136 0.014660732 0.999790609 -0.014269975 -4.736120701 -0.993988216 0.013024030 -0.108710073 110.085350037
-0.110817567 0.016685497 0.993700683 68.415016174 0.013713234 0.999789536 -0.015258433 -4.757697105 -0.993746221 0.011935947 -0.111023054 110.009666443
-0.113193542 0.016977491 0.993427813 69.153892517 0.015310166 0.999764979 -0.015341317 -4.781909943 -0.993454993 0.013473005 -0.113426872 109.926887512
-0.115001142 0.017310431 0.993214488 69.896934509 0.015526063 0.999757290 -0.015626753 -4.803137779 -0.993244052 0.013623615 -0.115241997 109.842414856
-0.116983674 0.016791746 0.992991865 70.647216797 0.015613850 0.999764562 -0.015066816 -4.829040527 -0.993011177 0.013741848 -0.117218331 109.753684998
-0.118755311 0.017095178 0.992776453 71.396545410 0.013296887 0.999789476 -0.015625378 -4.851028919 -0.992834508 0.011345237 -0.118957646 109.670913696
-0.119882159 0.018532272 0.992615163 72.148635864 0.013197594 0.999767125 -0.017071880 -4.876667023 -0.992700398 0.011053514 -0.120098777 109.585449219
-0.120618537 0.018873764 0.992519557 72.909439087 0.012597475 0.999767840 -0.017480657 -4.898156166 -0.992619038 0.010394743 -0.120828293 109.496269226
-0.122000903 0.019089140 0.992346406 73.675689697 0.011747382 0.999772787 -0.017787751 -4.923803329 -0.992460489 0.009487346 -0.122197442 109.406280518
-0.123215050 0.017689710 0.992222488 74.453422546 0.012539187 0.999789000 -0.016267486 -4.941077232 -0.992300749 0.010437259 -0.123410858 109.317008972
-0.124138407 0.015300233 0.992147028 75.235237122 0.010522675 0.999845088 -0.014102344 -4.963944435 -0.992209136 0.008689394 -0.124280185 109.225028992
-0.126198217 0.013611186 0.991911650 76.029945374 0.007086524 0.999892712 -0.012819106 -4.979763508 -0.991979718 0.005411455 -0.126281112 109.138198853
-0.128013700 0.012562807 0.991692841 76.806282043 0.008404305 0.999897659 -0.011581865 -5.007574081 -0.991736829 0.006851852 -0.128106177 109.030128479
-0.129448578 0.013489624 0.991494358 77.604232788 0.009649084 0.999877274 -0.012343897 -5.025722027 -0.991539180 0.007969113 -0.129562840 108.928970337
-0.131718099 0.015056239 0.991172850 78.394515991 0.009244724 0.999859810 -0.013959650 -5.043626308 -0.991244137 0.007324380 -0.131838828 108.823677063
-0.133705229 0.017979193 0.990858018 79.195007324 0.010229581 0.999807239 -0.016761204 -5.074197769 -0.990968466 0.007895001 -0.133863360 108.724845886
-0.133794025 0.021864370 0.990767956 79.996063232 0.012590638 0.999713421 -0.020361532 -5.101317406 -0.990929306 0.009750150 -0.134030968 108.612503052
-0.134964958 0.025637815 0.990518510 80.815093994 0.013319390 0.999621987 -0.024058571 -5.139192104 -0.990760803 0.009946039 -0.135255396 108.499320984
-0.134901151 0.027205177 0.990485430 81.641967773 0.015691318 0.999556422 -0.025317207 -5.163941860 -0.990734756 0.012126701 -0.135268182 108.389717102
-0.134210169 0.026276017 0.990604401 82.474708557 0.019030070 0.999532461 -0.023934579 -5.197748184 -0.990770102 0.015639005 -0.134647459 108.275962830
-0.133919820 0.024261922 0.990695000 83.301780701 0.019731870 0.999567389 -0.021811888 -5.228707314 -0.990795672 0.016627222 -0.134340599 108.158493042
-0.132943943 0.022662127 0.990864336 84.145446777 0.018865231 0.999615431 -0.020331124 -5.259265900 -0.990944028 0.015989987 -0.133320302 108.048698425
-0.131766021 0.020123288 0.991076529 84.995903015 0.018008931 0.999677479 -0.017903589 -5.287402630 -0.991117299 0.015489143 -0.132085934 107.955368042
-0.130512804 0.017109379 0.991298974 85.853332520 0.018457800 0.999719739 -0.014824591 -5.311867714 -0.991274893 0.016362399 -0.130792022 107.853721619
-0.128656447 0.013585338 0.991596162 86.701217651 0.018644890 0.999762535 -0.011278106 -5.339987755 -0.991513968 0.017037200 -0.128879219 107.742561340
-0.126828417 0.013552531 0.991832018 87.548912048 0.017031591 0.999789000 -0.011483379 -5.363728046 -0.991778433 0.015436055 -0.127032474 107.641014099
-0.125681818 0.017752355 0.991911769 88.403175354 0.017854106 0.999718487 -0.015629839 -5.391766548 -0.991909921 0.015745308 -0.125963390 107.539184570
-0.123437330 0.024005052 0.992061853 89.249870300 0.018824084 0.999584138 -0.021844883 -5.418231010 -0.992173851 0.015978184 -0.123837866 107.432678223
-0.122123227 0.027654406 0.992129624 90.108329773 0.016990028 0.999523520 -0.025769170 -5.444282532 -0.992369533 0.013709296 -0.122534901 107.334609985
-0.120581694 0.024982121 0.992389083 90.953598022 0.014999675 0.999614954 -0.023341471 -5.476013184 -0.992590070 0.012070953 -0.120909989 107.234947205
