0.140613049 0.054037783 -0.988588870 145.439147949 -0.042473514 0.997919440 0.048506543 -8.653867722 0.989153206 0.035168182 0.142615661 161.870346069
0.139345482 0.049536772 -0.989004076 144.488861084 -0.041631103 0.998158038 0.044129673 -8.615848541 0.989368320 0.035024054 0.141151071 162.001159668
0.138662413 0.048298195 -0.989161253 143.538543701 -0.042230532 0.998189867 0.042819090 -8.589076996 0.989438891 0.035835408 0.140451103 162.127349854
0.136230439 0.048643410 -0.989482284 142.572570801 -0.044020355 0.998104513 0.043006632 -8.561778069 0.989698708 0.037698545 0.138113514 162.250274658
0.133183271 0.049233083 -0.989867926 141.598098755 -0.043418027 0.998096406 0.043800604 -8.531402588 0.990139961 0.037144601 0.135067344 162.379333496
0.128613442 0.049603771 -0.990453362 140.622650146 -0.041741464 0.998133898 0.044568162 -8.501924515 0.990815938 0.035610911 0.130443946 162.503356934
0.123667464 0.049185123 -0.991103947 139.638397217 -0.039641611 0.998218477 0.044591807 -8.470634460 0.991531551 0.033774406 0.125396907 162.623504639
0.118250869 0.049477600 -0.991750240 138.638107300 -0.040221341 0.998176813 0.045002438 -8.442277908 0.992168784 0.034567948 0.120025322 162.732604980
0.113217011 0.049634937 -0.992329717 137.639648438 -0.040919531 0.998137116 0.045256805 -8.411243439 0.992727280 0.035481833 0.115037136 162.841979980
0.108198695 0.051218741 -0.992808998 136.636825562 -0.042201106 0.998008370 0.046887793 -8.375207901 0.993233204 0.036824442 0.110144705 162.941543579
0.103558473 0.052467767 -0.993238509 135.626205444 -0.043797575 0.997879624 0.048146449 -8.345630646 0.993658602 0.038515463 0.105636850 163.041473389
0.099851370 0.051637366 -0.993661523 134.613891602 -0.044912148 0.997868478 0.047342844 -8.311632156 0.993988276 0.039900228 0.101957679 163.128952026
0.097219892 0.048149575 -0.994097471 133.595428467 -0.044455815 0.998042226 0.043992985 -8.278100014 0.994269550 0.039916426 0.099170081 163.221374512
0.095278643 0.044404034 -0.994459748 132.571884155 -0.045425992 0.998157859 0.040216919 -8.246827126 0.994413674 0.041342512 0.097120225 163.310592651
0.093775705 0.042873524 -0.994669795 131.536590576 -0.043780562 0.998283446 0.038901731 -8.220901489 0.994630277 0.039899159 0.095491752 163.402465820
0.092314094 0.042786196 -0.994810283 130.494262695 -0.041070219 0.998389840 0.039129004 -8.194270134 0.994882524 0.037244916 0.093922697 163.499526978
0.092264779 0.044202641 -0.994752884 129.444244385 -0.038881287 0.998412192 0.040758949 -8.166544914 0.994975090 0.034916665 0.093836941 163.588607788
0.092041977 0.047282245 -0.994631886 128.387039185 -0.037844464 0.998316407 0.043955322 -8.133648872 0.995035768 0.033595581 0.093676388 163.682189941
0.091487877 0.050309677 -0.994534492 127.328247070 -0.036937628 0.998207033 0.047097549 -8.101314545 0.995120943 0.032426886 0.093182161 163.775741577
0.090956740 0.051903840 -0.994501293 126.272193909 -0.036943991 0.998129308 0.048714302 -8.065424919 0.995169401 0.032309953 0.092704110 163.866195679
0.090433642 0.052824590 -0.994500518 125.199440002 -0.038817562 0.998020351 0.049481731 -8.030803680 0.995145679 0.034129273 0.092305139 163.954620361
0.089866169 0.053731900 -0.994503319 124.133255005 -0.039444029 0.997952163 0.050353967 -7.993560314 0.995172560 0.034702092 0.091801539 164.049591064
0.088765644 0.053934023 -0.994591236 123.068077087 -0.041203689 0.997877002 0.050434843 -7.951676846 0.995200038 0.036503941 0.090799473 164.146835327
0.089357980 0.053389832 -0.994567513 121.998550415 -0.041339897 0.997900546 0.049854521 -7.919287682 0.995141387 0.036660414 0.091377497 164.233612061
0.089790136 0.052504946 -0.994575739 120.924804688 -0.043505173 0.997863054 0.048750844 -7.891261101 0.995010018 0.038891844 0.091882505 164.314376831
0.090332851 0.051896814 -0.994558632 119.849792480 -0.044543833 0.997852504 0.048022915 -7.855002880 0.994914949 0.039963398 0.092450574 164.404342651
0.091000251 0.051680513 -0.994508922 118.781631470 -0.044056293 0.997883677 0.047824614 -7.827604771 0.994875789 0.039462328 0.093084529 164.496566772
0.091558725 0.051547844 -0.994464576 117.702995300 -0.044960488 0.997854769 0.047584143 -7.789375305 0.994784176 0.040354867 0.093679935 164.588455200
0.092129596 0.051294226 -0.994424939 116.629310608 -0.044623505 0.997881651 0.047338340 -7.756545544 0.994746685 0.040013462 0.094223350 164.684921265
0.092201300 0.051003296 -0.994433284 115.559768677 -0.043536548 0.997938693 0.047146492 -7.722808361 0.994788170 0.038947225 0.094231762 164.780639648
0.092768185 0.050786316 -0.994391620 114.494781494 -0.044021755 0.997930944 0.046860229 -7.692099094 0.994714081 0.039427727 0.094811946 164.872772217
0.093035698 0.050701477 -0.994370997 113.420280457 -0.044569463 0.997913599 0.046712089 -7.656211853 0.994664788 0.039972685 0.095101319 164.967025757
0.093137950 0.052496612 -0.994268298 112.362083435 -0.044346441 0.997836769 0.048530884 -7.629340172 0.994665205 0.039572187 0.095264502 165.065063477
0.092926092 0.052445553 -0.994290769 111.294563293 -0.044262797 0.997842133 0.048496097 -7.597434044 0.994688690 0.039503533 0.095046975 165.160064697
0.092972994 0.051530343 -0.994334280 110.192657471 -0.045036599 0.997855306 0.047501769 -7.567990303 0.994649529 0.040365055 0.095094346 165.250488281
0.092770293 0.051460348 -0.994356811 109.120651245 -0.045381814 0.997844219 0.047406845 -7.533321857 0.994652808 0.040727772 0.094905652 165.343917847
0.091778331 0.053167500 -0.994359016 108.054191589 -0.045713689 0.997745693 0.049129251 -7.498430252 0.994729519 0.040946826 0.094001919 165.442871094
0.091603324 0.055406563 -0.994252920 106.986618042 -0.045640256 0.997635186 0.051390082 -7.466727734 0.994749188 0.040670455 0.093915470 165.522491455
0.090623856 0.055499159 -0.994337499 105.918472290 -0.046330538 0.997599900 0.051458679 -7.429406643 0.994807065 0.041404806 0.092977636 165.617370605
0.090703078 0.054899953 -0.994363487 104.849922180 -0.047433343 0.997584164 0.050751038 -7.391629219 0.994747758 0.042562708 0.093088046 165.705810547
0.091032848 0.055082146 -0.994323254 103.782318115 -0.047698725 0.997564375 0.050894730 -7.362984657 0.994704902 0.042794868 0.093438461 165.788513184
0.092245065 0.056971908 -0.994105041 102.706382751 -0.051441278 0.997301280 0.052381728 -7.323191166 0.994406700 0.046306085 0.094926827 165.878372192
0.094207644 0.056496870 -0.993948221 101.654220581 -0.055719119 0.997122765 0.051396187 -7.289597988 0.993992031 0.050540008 0.097084545 165.964675903
0.096500173 0.052669443 -0.993938446 100.584350586 -0.057842802 0.997207999 0.047226824 -7.256553650 0.993650854 0.052934781 0.099277295 166.062728882
0.099865161 0.048117321 -0.993836880 99.530731201 -0.061563689 0.997215092 0.042094693 -7.225693703 0.993094563 0.056980468 0.102549344 166.168060303
0.103569202 0.047188252 -0.993502140 98.450836182 -0.063508272 0.997149348 0.040740959 -7.193292618 0.992592633 0.058876108 0.106270812 166.259201050
0.107313387 0.049613807 -0.992986500 97.374557495 -0.063006431 0.997085989 0.043009441 -7.163048744 0.992226899 0.057949036 0.110126659 166.369689941
0.110475242 0.052504994 -0.992491007 96.306930542 -0.061377347 0.997058034 0.045914620 -7.132793903 0.991981864 0.055844046 0.113372847 166.492828369
0.113538750 0.054345284 -0.992046118 95.245239258 -0.060009576 0.997054994 0.047751635 -7.106430054 0.991719604 0.054110609 0.116465628 166.607803345
0.116759174 0.056321826 -0.991562009 94.179138184 -0.058532499 0.997045457 0.049740937 -7.070603371 0.991433978 0.052230883 0.119710885 166.734756470
0.119867675 0.056930665 -0.991156220 93.091926575 -0.057395007 0.997082055 0.050329853 -7.036094189 0.991129398 0.050854489 0.122785464 166.869857788
0.123189457 0.057657309 -0.990706801 92.018287659 -0.058618337 0.996990502 0.050734106 -7.005221367 0.990650475 0.051823683 0.126198485 166.992019653
0.125732154 0.056435913 -0.990457654 90.940307617 -0.057186708 0.997132838 0.049556773 -6.967427254 0.990414679 0.050410140 0.128599033 167.127624512
0.127818897 0.053629257 -0.990346432 89.862121582 -0.057466805 0.997259915 0.046586677 -6.935882568 0.990131199 0.050957397 0.130550548 167.260971069
0.129440054 0.049884971 -0.990331531 88.778503418 -0.055575132 0.997528911 0.042983618 -6.902665138 0.990028560 0.049474020 0.131892562 167.406661987
0.130762592 0.048306692 -0.990236104 87.692962646 -0.054782908 0.997638285 0.041433595 -6.873979568 0.989898980 0.048830055 0.133100152 167.543991089
0.130513608 0.049099240 -0.990229905 86.611961365 -0.052927352 0.997693837 0.042493422 -6.843334198 0.990032792 0.046864279 0.132811308 167.690170288
0.130595699 0.050541870 -0.990146577 85.521797180 -0.048613813 0.997824848 0.044521868 -6.816559792 0.990243196 0.042320430 0.132768661 167.832595825
0.130338505 0.050621808 -0.990176320 84.409652710 -0.045464329 0.997950256 0.045034703 -6.783311367 0.990426600 0.039147947 0.132372841 167.974975586
0.129384592 0.049656741 -0.990350306 83.323448181 -0.042834751 0.998092890 0.044448804 -6.752893925 0.990668952 0.036670417 0.131264880 168.119964600
0.128061190 0.050311878 -0.990489364 82.208755493 -0.041068487 0.998124719 0.045389954 -6.709102154 0.990915656 0.034865204 0.129887298 168.269821167
0.126542673 0.055146072 -0.990427136 81.104057312 -0.039284047 0.997948885 0.050545719 -6.678888321 0.991182983 0.032511797 0.128449485 168.399703979
0.123330474 0.058969263 -0.990612090 79.984115601 -0.038015146 0.997780919 0.054663159 -6.635224342 0.991637290 0.030916627 0.125298530 168.553726196
0.120100647 0.057108935 -0.991117835 78.877105713 -0.035970341 0.997938871 0.053143196 -6.592762947 0.992109835 0.029268311 0.121907346 168.690322876
0.117817163 0.049435373 -0.991804004 77.779899597 -0.034693930 0.998355269 0.045640588 -6.564479351 0.992429078 0.029032333 0.119338490 168.796981812
0.114730045 0.043588914 -0.992439926 76.665512085 -0.033521794 0.998637795 0.039985869 -6.528104782 0.992830992 0.028680781 0.116034932 168.920425415
0.111005180 0.044504326 -0.992822886 75.528305054 -0.032973766 0.998611689 0.041077100 -6.487473965 0.993272662 0.028177338 0.112318553 169.049987793
0.108055666 0.049113590 -0.992930889 74.401321411 -0.032572806 0.998417735 0.045840241 -6.463052750 0.993611038 0.027389254 0.109484456 169.160827637
0.105387658 0.050618280 -0.993142068 73.256752014 -0.033299632 0.998323262 0.047348749 -6.422065735 0.993873537 0.028081294 0.106896512 169.270431519
0.102980316 0.050899345 -0.993380249 72.114723206 -0.034997154 0.998256981 0.047521193 -6.380577087 0.994067490 0.029871739 0.104582161 169.374603271
0.100242063 0.052295256 -0.993587911 70.981483459 -0.035849232 0.998159170 0.048919074 -6.346334934 0.994317055 0.030715613 0.101932310 169.486633301
0.098257728 0.053836558 -0.993703663 69.836685181 -0.035116617 0.998101354 0.050602466 -6.307245731 0.994541168 0.029923430 0.099961743 169.592102051
0.096277386 0.053704742 -0.993904650 68.700027466 -0.034027740 0.998137236 0.050637256 -6.268587589 0.994772673 0.028945111 0.097925529 169.701049805
0.094588920 0.052162465 -0.994148850 67.526268005 -0.032064371 0.998267770 0.049327802 -6.226511955 0.994999886 0.027210893 0.096097633 169.800537109
0.092139103 0.050961409 -0.994441211 66.369918823 -0.030774426 0.998358071 0.048310764 -6.184846401 0.995270491 0.026152043 0.093556136 169.909713745
0.090367585 0.050178237 -0.994643509 65.211997986 -0.031310618 0.998379350 0.047521994 -6.147934437 0.995416105 0.026848460 0.091792241 170.003097534
0.088290147 0.049884304 -0.994844854 64.042617798 -0.031147143 0.998395026 0.047298089 -6.110421658 0.995607734 0.026810620 0.089702196 170.094528198
0.085963979 0.051887784 -0.994946063 62.869338989 -0.031542774 0.998283923 0.049336553 -6.068629265 0.995798767 0.027142197 0.087453149 170.188995361
0.082877442 0.055111866 -0.995034516 61.698989868 -0.031663910 0.998111069 0.052644949 -6.029782295 0.996056676 0.027143609 0.084465951 170.292343140
0.079987958 0.055481691 -0.995250523 60.531085968 -0.031959515 0.998079181 0.053070795 -5.989444733 0.996283352 0.027562695 0.081607476 170.370605469
0.076920241 0.054485198 -0.995547354 59.352119446 -0.033060320 0.998096049 0.052070294 -5.941433907 0.996488929 0.028907850 0.078575090 170.462585449
0.075393349 0.054476671 -0.995664656 58.197818756 -0.033006005 0.998095751 0.052110411 -5.906442165 0.996607482 0.028934130 0.077047840 170.538345337
0.074069701 0.054028828 -0.995788455 57.032649994 -0.033508029 0.998102367 0.051661942 -5.863847733 0.996689975 0.029540319 0.075739540 170.620956421
0.072285131 0.054332141 -0.995903015 55.859355927 -0.033813469 0.998074651 0.051996350 -5.833574295 0.996810675 0.029916370 0.073983118 170.701858521
0.070539653 0.055442251 -0.995967031 54.701560974 -0.033958327 0.998008966 0.053150814 -5.799994469 0.996930838 0.030072130 0.072281927 170.779830933
0.069424063 0.055542339 -0.996039748 53.537834167 -0.033588219 0.998012900 0.053311259 -5.759560585 0.997021794 0.029754113 0.071151666 170.852584839
0.068449065 0.054709695 -0.996153355 52.382431030 -0.032224115 0.998095453 0.052602135 -5.719447136 0.997134089 0.028499594 0.070081674 170.927276611
0.067398436 0.054043043 -0.996261299 51.223232269 -0.033378474 0.998095095 0.051884413 -5.681926727 0.997167647 0.029756753 0.069073930 170.997894287
0.065902986 0.053142741 -0.996409774 50.074253082 -0.032062590 0.998177886 0.051116399 -5.643228054 0.997310758 0.028578756 0.067486793 171.078399658
0.065131828 0.051263578 -0.996558964 48.929504395 -0.033842966 0.998218536 0.049137078 -5.609235287 0.997302651 0.030526118 0.066750713 171.131988525
0.064662956 0.046756942 -0.996811152 47.782356262 -0.031711511 0.998493552 0.044778731 -5.577255249 0.997403204 0.028714858 0.066048272 171.201751709
0.063592218 0.043686617 -0.997019291 46.656990051 -0.031567089 0.998629451 0.041743755 -5.553067684 0.997476637 0.028818415 0.064884119 171.257156372
0.062226687 0.043638788 -0.997107506 45.508808136 -0.029635739 0.998683929 0.041858297 -5.521565914 0.997622013 0.026945315 0.063438058 171.335845947
0.060510114 0.047600426 -0.997031868 44.371356964 -0.027189609 0.998570144 0.046023719 -5.493858337 0.997797251 0.024324004 0.061717834 171.400360107
0.059525885 0.050638534 -0.996941507 43.256713867 -0.026733948 0.998435020 0.049118161 -5.464389801 0.997868657 0.023728378 0.060786523 171.457412720
0.057998590 0.051615831 -0.996981382 42.132110596 -0.027123056 0.998375237 0.050110139 -5.429728031 0.997948110 0.024134863 0.059304349 171.523193359
0.056492466 0.051977642 -0.997049093 41.020690918 -0.027824655 0.998337984 0.050468300 -5.399610043 0.998015344 0.024891466 0.057844836 171.585205078
0.055535536 0.053318564 -0.997032046 39.913536072 -0.029405857 0.998227358 0.051744550 -5.360507965 0.998023629 0.026444919 0.057004981 171.632736206
0.054120310 0.056539919 -0.996932328 38.817596436 -0.031755488 0.997988105 0.054875880 -5.330045223 0.998029351 0.028688177 0.055806894 171.686065674
0.053081483 0.057619594 -0.996926367 37.727279663 -0.033952419 0.997860849 0.055865794 -5.290300369 0.998012781 0.030882625 0.054924272 171.729934692
0.052200943 0.057343781 -0.996988833 36.651924133 -0.035269484 0.997833073 0.055545673 -5.257547855 0.998013675 0.032263745 0.054110311 171.772583008
0.051125553 0.056984000 -0.997065127 35.581378937 -0.036202550 0.997820377 0.055170830 -5.218971729 0.998035967 0.033275656 0.053077053 171.819686890
0.049311265 0.057730686 -0.997113645 34.537498474 -0.037959930 0.997715175 0.055888236 -5.181035995 0.998061836 0.035094440 0.051390041 171.865066528
0.047514778 0.058039233 -0.997182906 33.499866486 -0.037977897 0.997693598 0.056259342 -5.148818970 0.998148203 0.035197757 0.049609393 171.912780762
0.045595288 0.059639253 -0.997178078 32.498229980 -0.038546178 0.997577906 0.057900667 -5.115431786 0.998216033 0.035797406 0.047783721 171.943878174
0.043758456 0.059531696 -0.997266710 31.489252090 -0.039468434 0.997546613 0.057816595 -5.077983856 0.998262227 0.036830589 0.046000708 171.981475830
0.042234950 0.059550975 -0.997331321 30.503376007 -0.040349748 0.997509360 0.057852875 -5.045431137 0.998292685 0.037798654 0.044532608 172.009826660
0.040088311 0.059018567 -0.997451544 29.538383484 -0.041105568 0.997506380 0.057369739 -5.009932518 0.998350263 0.038700957 0.042414315 172.047637939
0.038627803 0.057950538 -0.997571826 28.592710495 -0.041180551 0.997561157 0.056355320 -4.972700119 0.998404682 0.038903676 0.040920012 172.074417114
0.036934406 0.058341734 -0.997613132 27.651393890 -0.041335043 0.997529149 0.056806475 -4.945584297 0.998462379 0.039138272 0.039254706 172.099395752
0.035483316 0.057733919 -0.997701108 26.735485077 -0.041558675 0.997551501 0.056247216 -4.915692806 0.998505712 0.039467305 0.037795767 172.121261597
0.034116447 0.058604136 -0.997698307 25.817245483 -0.043139007 0.997435153 0.057113554 -4.884235382 0.998486340 0.041091189 0.036557060 172.156433105
0.033804525 0.059040379 -0.997683108 24.930686951 -0.044664890 0.997345448 0.057507016 -4.853539467 0.998429835 0.042617399 0.036351811 172.181533813
0.035278544 0.058499996 -0.997663856 24.068414688 -0.046498038 0.997300267 0.056834444 -4.824289322 0.998295188 0.044384368 0.037903439 172.203186035
0.037680216 0.058055010 -0.997601986 23.207998276 -0.048644546 0.997233927 0.056196254 -4.798014641 0.998105168 0.046410404 0.040400036 172.231292725
0.041540712 0.056797519 -0.997521043 22.373600006 -0.050531100 0.997224629 0.054676332 -4.769373894 0.997858226 0.048134539 0.044295445 172.264373779
0.047307741 0.056283005 -0.997293413 21.546085358 -0.050690230 0.997260153 0.053876575 -4.740859032 0.997593403 0.048004251 0.050031118 172.303421021
0.053664982 0.055850349 -0.996995866 20.739763260 -0.053158831 0.997178614 0.052999221 -4.714120865 0.997143090 0.050154932 0.056482490 172.348419189
0.063155830 0.055757940 -0.996444821 19.928295135 -0.054097909 0.997161388 0.052369248 -4.692840576 0.996536434 0.050598163 0.065992951 172.389770508
0.073571287 0.055232741 -0.995759189 19.136699677 -0.053884018 0.997226834 0.051332939 -4.667768955 0.995833218 0.049878884 0.076343417 172.450759888
0.084820174 0.054964326 -0.994879127 18.346408844 -0.053214312 0.997302234 0.050561327 -4.643313885 0.994974315 0.048653185 0.087516263 172.520843506
0.096500397 0.053774275 -0.993879199 17.588756561 -0.051267944 0.997482538 0.048991390 -4.627044201 0.994011700 0.046226457 0.099014372 172.602233887
0.108079337 0.054392133 -0.992653191 16.829383850 -0.050406400 0.997517586 0.049170475 -4.601449966 0.992863536 0.044721756 0.110552758 172.678359985
0.119139232 0.055187989 -0.991342604 16.086748123 -0.048130266 0.997601151 0.049752135 -4.575132370 0.991710246 0.041786142 0.121509641 172.774963379
0.130346388 0.056389082 -0.989863694 15.357184410 -0.045747563 0.997660100 0.050809126 -4.556274414 0.990412474 0.038661066 0.132621050 172.875839233
0.140710577 0.057065088 -0.988404810 14.639960289 -0.043723740 0.997721672 0.051378425 -4.534227848 0.989084780 0.035987265 0.142885089 172.977722168
0.150263608 0.056094732 -0.987053335 13.907043457 -0.038544744 0.997962296 0.050846860 -4.520466805 0.987894237 0.030405285 0.152119607 173.102005005
0.158118218 0.055268548 -0.985872269 13.209527016 -0.035356943 0.998108864 0.050283853 -4.500175476 0.986786902 0.026906630 0.159773320 173.230361938
0.165501744 0.055086013 -0.984669864 12.523475647 -0.032157324 0.998209357 0.050438505 -4.474964619 0.985685050 0.023316691 0.166976810 173.345443726
0.170353919 0.055338349 -0.983827770 11.848970413 -0.027947670 0.998291492 0.051312644 -4.459059238 0.984986603 0.018754384 0.171609417 173.466232300
0.172674209 0.055726327 -0.983401358 11.182664871 -0.024686126 0.998329580 0.052237649 -4.432013512 0.984669685 0.015256274 0.173761427 173.587112427
0.173009098 0.056071468 -0.983322859 10.527791977 -0.019762283 0.998374760 0.053452730 -4.417015076 0.984721899 0.010184896 0.173836023 173.711349487
0.171825856 0.055780396 -0.983546853 9.892068863 -0.015663704 0.998424113 0.053887691 -4.398844719 0.985002697 0.006146686 0.172428817 173.823852539
0.168939844 0.055567939 -0.984058738 9.263404846 -0.013609497 0.998445809 0.054043923 -4.373150349 0.985532343 0.004262369 0.169433534 173.930160522
0.165285230 0.056642126 -0.984617949 8.657108307 -0.010755450 0.998393536 0.055629112 -4.360702038 0.986187220 0.001395336 0.165628910 174.032455444
0.161172837 0.057096537 -0.985273182 8.071100235 -0.008733637 0.998368561 0.056426741 -4.338419914 0.986887693 -0.000489441 0.161408529 174.124938965
0.156707957 0.058069039 -0.985936403 7.504446030 -0.006364476 0.998308718 0.057786141 -4.316706657 0.987624526 -0.002780580 0.156812459 174.210678101
0.152269050 0.058836311 -0.986586154 6.938455582 -0.004128856 0.998255610 0.058894981 -4.295139313 0.988330424 -0.004894410 0.152246341 174.294067383
0.148041159 0.059541430 -0.987187147 6.408891678 -0.002320735 0.998204231 0.059857879 -4.278767586 0.988978326 -0.006570427 0.147913486 174.369232178
0.143120870 0.059057955 -0.987941563 5.897811890 -0.001132438 0.998227119 0.059508760 -4.254917622 0.989704549 -0.007398161 0.142934009 174.444046021
0.138686344 0.059249267 -0.988562346 5.415945053 -0.000661151 0.998214006 0.059734985 -4.244554043 0.990336239 -0.007630838 0.138477817 174.500106812
0.134442449 0.057715200 -0.989239097 4.953582764 -0.000188728 0.998303711 0.058218420 -4.228145123 0.990921378 -0.007640330 0.134225309 174.561965942
0.130427063 0.055017099 -0.989930153 4.511777878 -0.000252323 0.998460889 0.055457968 -4.209487915 0.991457880 -0.006983439 0.130240217 174.611816406
0.126363903 0.053094611 -0.990561962 4.097467422 -0.001152545 0.998573720 0.053377021 -4.198877811 0.991983354 -0.005603265 0.126244858 174.656021118
0.122385308 0.052355938 -0.991100729 3.717792511 -0.001421368 0.998615742 0.052577421 -4.191851139 0.992481649 -0.005025989 0.122290313 174.695968628
0.118620291 0.051189121 -0.991619289 3.358617783 -0.001024180 0.998676002 0.051430888 -4.176129341 0.992939234 -0.005085160 0.118515670 174.738021851
0.115512021 0.050224334 -0.992035568 3.021255493 -0.001589191 0.998728871 0.050378174 -4.165462494 0.993304908 -0.004242760 0.115445033 174.769836426
0.112546787 0.049331281 -0.992421031 2.705417633 -0.002404926 0.998777449 0.049374506 -4.154146194 0.993643463 -0.003170245 0.112527840 174.798522949
0.109607026 0.049512547 -0.992741048 2.421424866 -0.004113502 0.998772562 0.049359202 -4.150184631 0.993966520 -0.001326481 0.109676175 174.825256348
0.107616246 0.049425676 -0.992963135 2.156177521 -0.005666177 0.998777747 0.049101010 -4.143001556 0.994176507 0.000342231 0.107764766 174.840927124
0.105146125 0.049129233 -0.993242443 1.902839661 -0.005888365 0.998792112 0.048780389 -4.136312962 0.994439423 0.000719507 0.105308414 174.864593506
0.102729812 0.048298731 -0.993535936 1.661649704 -0.005653709 0.998832643 0.047971636 -4.129391670 0.994693339 0.000689046 0.102882944 174.886978149
0.101156190 0.046625130 -0.993777335 1.443656921 -0.005613517 0.998912036 0.046294637 -4.124813080 0.994854748 0.000895595 0.101307869 174.901794434
0.099013165 0.044367313 -0.994096518 1.215014458 -0.005988378 0.999014020 0.043990336 -4.118254185 0.995068192 0.001597398 0.099181220 174.923019409
0.097080968 0.043033641 -0.994345665 1.016973495 -0.006029394 0.999071896 0.042649511 -4.117748737 0.995258391 0.001854846 0.097250327 174.944442749
0.095069230 0.042699255 -0.994554341 0.827791214 -0.004497629 0.999087870 0.042463955 -4.116117001 0.995460570 0.000436118 0.095174551 174.963195801
0.092974186 0.041552015 -0.994801044 0.627788544 -0.003592191 0.999136269 0.041397367 -4.111335754 0.995662093 -0.000275373 0.093043141 174.983657837
0.091115966 0.039814439 -0.995043993 0.422589302 -0.004454986 0.999206662 0.039573055 -4.107902527 0.995830417 0.000827168 0.091221042 174.991958618
0.088676333 0.038441040 -0.995318413 0.224684715 -0.005179536 0.999259293 0.038131777 -4.099231720 0.996047199 0.001773905 0.088809744 175.010925293
0.086664826 0.038705632 -0.995485246 0.024206161 -0.004859698 0.999249518 0.038428910 -4.094860077 0.996225834 0.001507327 0.086787879 175.024841309
0.084839977 0.039108474 -0.995626688 -0.175397873 -0.003155719 0.999234974 0.038981296 -4.086710453 0.996389687 -0.000165257 0.084898472 175.039474487
0.083161108 0.039486907 -0.995753407 -0.382665634 -0.001792083 0.999218941 0.039474662 -4.081801414 0.996534586 -0.001498281 0.083166912 175.053207397
0.081319772 0.040056266 -0.995882750 -0.576888084 -0.000687567 0.999194086 0.040133305 -4.078786373 0.996687889 -0.002578896 0.081281789 175.064559937
0.078859903 0.040468380 -0.996063888 -0.776946068 -0.000199081 0.999176323 0.040579062 -4.071640491 0.996885836 -0.003001764 0.078802980 175.077941895
0.076083355 0.040888090 -0.996262610 -0.972983360 -0.000197909 0.999159515 0.040991854 -4.067806721 0.997101605 -0.002921628 0.076027483 175.091781616
0.074055813 0.041576736 -0.996386945 -1.175191879 -0.002364819 0.999135077 0.041515637 -4.059422493 0.997251332 -0.000718205 0.074090078 175.096572876
0.070924930 0.041755095 -0.996607244 -1.376878738 -0.005658668 0.999124229 0.041457839 -4.056743622 0.997465670 0.002699075 0.071099088 175.103897095
0.067260116 0.038121153 -0.997006834 -1.594714165 -0.009366936 0.999249876 0.037574992 -4.054882526 0.997691691 0.006811600 0.067566723 175.117660522
0.064194962 0.033874709 -0.997362196 -1.821265221 -0.011601647 0.999381483 0.033196550 -4.051666737 0.997869968 0.009439992 0.064548239 175.117111206
0.061265580 0.031480312 -0.997624874 -2.069910049 -0.012427561 0.999449134 0.030774679 -4.047766685 0.998044133 0.010512616 0.061623052 175.118606567
0.058196217 0.031879064 -0.997795999 -2.308650970 -0.013407055 0.999424815 0.031149141 -4.045482159 0.998215139 0.011564745 0.058590144 175.129547119
0.054578789 0.031381667 -0.998016119 -2.599880219 -0.013089678 0.999442637 0.030710680 -4.038546085 0.998423696 0.011387560 0.054959130 175.138641357
0.051411673 0.029857660 -0.998231113 -2.903899193 -0.012841599 0.999490082 0.029233944 -4.031958103 0.998595119 0.011315913 0.051768862 175.144836426
0.047827274 0.027919063 -0.998465240 -3.228166580 -0.012625015 0.999546289 0.027344547 -4.026034832 0.998775899 0.011297821 0.048158035 175.161880493
0.045420639 0.025104882 -0.998652339 -3.577624798 -0.014815402 0.999591053 0.024454653 -4.012035847 0.998858035 0.013684689 0.045773998 175.165161133
0.043238804 0.023828557 -0.998780489 -3.950882435 -0.018032376 0.999571264 0.023066770 -4.008065224 0.998902082 0.017013004 0.043649949 175.178634644
0.043542609 0.021732051 -0.998815179 -4.343408585 -0.021901300 0.999543846 0.020793144 -3.993505716 0.998811543 0.020969961 0.043998703 175.185165405
0.044563916 0.021522693 -0.998774648 -4.760271072 -0.025125053 0.999475718 0.020416763 -3.987591743 0.998690486 0.024184411 0.045081314 175.193862915
0.046017431 0.024059242 -0.998650789 -5.206403732 -0.026791131 0.999380052 0.022842288 -3.982182503 0.998581290 0.025703842 0.046633448 175.202819824
0.046300933 0.028089486 -0.998532534 -5.660325050 -0.025361955 0.999315381 0.026935497 -3.976208925 0.998605609 0.024077594 0.046981648 175.237854004
0.047487080 0.033035811 -0.998325408 -6.151879311 -0.026811682 0.999135017 0.031787250 -3.961119890 0.998511970 0.025257299 0.048331745 175.259613037
0.049176369 0.037592966 -0.998082340 -6.661012650 -0.029048141 0.998922527 0.036193378 -3.946075678 0.998367667 0.027212577 0.050215393 175.275283813
0.049872782 0.043229200 -0.997819602 -7.190565109 -0.028629228 0.998714149 0.041837014 -3.928962469 0.998345196 0.026480274 0.051046275 175.300109863
0.050533205 0.047489852 -0.997592628 -7.732303619 -0.020088010 0.998715043 0.046525724 -3.912396193 0.998520434 0.017688554 0.051422235 175.339035034
0.051776562 0.047358595 -0.997535169 -8.291821480 -0.010842417 0.998842716 0.046857901 -3.897120476 0.998599827 0.008389548 0.052230142 175.382064819
0.051658351 0.046081837 -0.997600973 -8.857645035 -0.004419176 0.998935461 0.045914646 -3.874799728 0.998655081 0.002036695 0.051807001 175.420318604
0.049709588 0.044141918 -0.997787774 -9.456030846 -0.006727454 0.999014854 0.043861054 -3.849630594 0.998741031 0.004532250 0.049957585 175.447158813
0.048538469 0.042689636 -0.997908592 -10.082782745 -0.008951161 0.999064565 0.042303704 -3.828071356 0.998781204 0.006879081 0.048875190 175.467422485
0.047201250 0.042866755 -0.997965097 -10.708991051 -0.004610421 0.999077439 0.042696472 -3.798432112 0.998874724 0.002585710 0.047355335 175.489074707
0.044607185 0.046684694 -0.997913122 -11.377428055 0.004203776 0.998889804 0.046918295 -3.773584604 0.998995721 -0.006287898 0.044361416 175.528686523
0.041596580 0.048047226 -0.997978628 -12.059236526 0.005820546 0.998814523 0.048330080 -3.751635790 0.999117672 -0.007819144 0.041267585 175.564834595
0.039444014 0.044828735 -0.998215675 -12.750656128 0.005423072 0.998968780 0.045076851 -3.732587576 0.999207199 -0.007191403 0.039160214 175.580627441
0.035415184 0.036572721 -0.998703241 -13.456605911 0.001772731 0.999326408 0.036658391 -3.714180708 0.999371111 -0.003068691 0.035326492 175.597122192
0.033757113 0.025340680 -0.999108672 -14.176015854 0.000055724 0.999678552 0.025357004 -3.690388680 0.999430120 -0.000911652 0.033744849 175.612091064
0.033223897 0.020560618 -0.999236465 -14.908503532 -0.003115702 0.999785721 0.020468324 -3.669835091 0.999443054 0.002433286 0.033280849 175.623260498
0.032036647 0.024924811 -0.999175787 -15.676692963 -0.001035798 0.999689281 0.024904402 -3.650084972 0.999486148 0.000237094 0.032052509 175.646224976
0.031291150 0.031532589 -0.999012709 -16.470630646 0.000622025 0.999501348 0.031567492 -3.634180784 0.999510109 -0.001609190 0.031255931 175.669143677
0.030050196 0.036116838 -0.998895586 -17.270914078 0.001799072 0.999343395 0.036187142 -3.615827084 0.999546766 -0.002884514 0.029965488 175.692169189
0.028351491 0.034125939 -0.999015272 -18.088672638 -0.002674049 0.999416053 0.034063738 -3.600357533 0.999594390 0.001705656 0.028426191 175.704788208
0.026851881 0.029485499 -0.999204397 -18.914102554 -0.005062022 0.999556065 0.029359844 -3.577991247 0.999626577 0.004269628 0.026989229 175.722763062
0.026336003 0.026934043 -0.999290287 -19.775844574 -0.004876743 0.999628544 0.026814636 -3.558438301 0.999641240 0.004167087 0.026457582 175.734664917
0.025294580 0.028703909 -0.999267876 -20.650852203 -0.005519752 0.999576449 0.028573047 -3.539338589 0.999664783 0.004792955 0.025442310 175.758987427
0.024591938 0.032230910 -0.999177814 -21.531417847 -0.007055306 0.999460816 0.032066382 -3.519641399 0.999672651 0.006260930 0.024806065 175.774871826
0.024079891 0.035200045 -0.999090075 -22.419532776 -0.007005609 0.999361336 0.035040747 -3.498662710 0.999685526 0.006155453 0.024311095 175.781890869
0.023425316 0.037721455 -0.999013662 -23.333133698 -0.006893029 0.999270260 0.037569508 -3.478495836 0.999701738 0.006006152 0.023668267 175.803543091
0.023261234 0.039756712 -0.998938620 -24.252239227 -0.007423577 0.999188304 0.039593782 -3.454549789 0.999701798 0.006494701 0.023537505 175.822433472
0.023524448 0.040898275 -0.998886287 -25.188932419 -0.007138274 0.999144256 0.040740721 -3.430853367 0.999697745 0.006171915 0.023796245 175.840698242
0.024534924 0.038294472 -0.998965204 -26.122917175 -0.009676599 0.999228358 0.038066894 -3.400984287 0.999652207 0.008732611 0.024886539 175.857391357
0.026175959 0.035880812 -0.999013126 -27.069581985 -0.009997045 0.999314964 0.035629712 -3.379677773 0.999607325 0.009054535 0.026516736 175.879272461
0.027666112 0.035419412 -0.998989463 -28.028511047 -0.011487301 0.999317288 0.035112899 -3.350526810 0.999551237 0.010504254 0.028054083 175.899261475
0.029298648 0.037797663 -0.998855650 -29.009263992 -0.010391996 0.999242187 0.037507460 -3.327996254 0.999516666 0.009281185 0.029669221 175.928527832
0.031340778 0.039291978 -0.998736084 -30.006494522 -0.011678810 0.999173164 0.038942683 -3.300735950 0.999440610 0.010443551 0.031773727 175.947296143
0.032646194 0.039772101 -0.998675346 -30.997648239 -0.010772986 0.999163747 0.039439403 -3.275058985 0.999409020 0.009471168 0.033047374 175.980712891
0.034086354 0.039889660 -0.998622477 -32.000183105 -0.010037586 0.999166489 0.039568767 -3.248575687 0.999368548 0.008675003 0.034458324 176.016189575
0.035516962 0.039344233 -0.998594284 -33.022781372 -0.009196909 0.999195218 0.039040804 -3.222769260 0.999326766 0.007797369 0.035850242 176.041900635
0.036221981 0.039048422 -0.998580515 -34.032218933 -0.008489387 0.999212205 0.038765185 -3.196024895 0.999307752 0.007073183 0.036524937 176.075668335
0.035902504 0.037936937 -0.998634934 -35.061740875 -0.008254115 0.999256372 0.037663795 -3.171885014 0.999321163 0.006890622 0.036188949 176.115478516
0.035641547 0.038733158 -0.998613715 -36.077278137 -0.008097679 0.999226987 0.038467936 -3.147452116 0.999331832 0.006715395 0.035927657 176.144500732
0.034433506 0.039643332 -0.998620510 -37.119922638 -0.007412538 0.999195576 0.039410576 -3.120067596 0.999379516 0.006045263 0.034699697 176.186431885
0.033838257 0.040218085 -0.998617709 -38.158351898 -0.011030640 0.999144197 0.039865505 -3.095158100 0.999366462 0.009666408 0.034252919 176.198806763
0.032603391 0.037879061 -0.998750269 -39.203895569 -0.012886986 0.999214470 0.037475977 -3.066515923 0.999385357 0.011649031 0.033065919 176.229614258
0.032176476 0.036178149 -0.998827100 -40.251121521 -0.012886690 0.999276638 0.035779290 -3.042319775 0.999399066 0.011720320 0.032619413 176.252227783
0.031513773 0.037826378 -0.998787284 -41.295074463 -0.014137550 0.999200404 0.037395962 -3.022575855 0.999403358 0.012941909 0.032023348 176.280364990
0.030815952 0.040437493 -0.998706698 -42.348373413 -0.016098157 0.999071777 0.039955545 -2.996195316 0.999395490 0.014846062 0.031438299 176.308456421
0.030811230 0.041877490 -0.998647511 -43.394504547 -0.015783297 0.999017715 0.041406043 -2.972442389 0.999400556 0.014486175 0.031441923 176.325881958
0.030923247 0.041819863 -0.998646438 -44.468585968 -0.013916261 0.999045491 0.041405652 -2.940564394 0.999424875 0.012617020 0.031475704 176.361526489
0.031237444 0.043145407 -0.998580337 -45.522296906 -0.013592754 0.998993874 0.042738069 -2.908680677 0.999419570 0.012238423 0.031792473 176.387161255
0.031510305 0.044678383 -0.998504341 -46.586288452 -0.011963390 0.998945773 0.044320602 -2.885253191 0.999431789 0.010548936 0.032011583 176.415542603
0.031813625 0.044892415 -0.998485088 -47.661041260 -0.012383209 0.998931825 0.044517949 -2.854871273 0.999417245 0.010948167 0.032335550 176.438156128
0.031351067 0.043899115 -0.998543859 -48.725482941 -0.014435608 0.998950601 0.043463774 -2.822537184 0.999404311 0.013051946 0.031951863 176.465820312
0.031469610 0.042604629 -0.998596191 -49.792480469 -0.017299080 0.998964667 0.042075187 -2.790548563 0.999355018 0.015950704 0.032174051 176.489761353
0.031116424 0.039712422 -0.998726547 -50.856414795 -0.018734565 0.999058008 0.039141908 -2.769090652 0.999340057 0.017492753 0.031831108 176.526779175
0.031576969 0.038607918 -0.998755455 -51.913787842 -0.022472316 0.999028504 0.037907984 -2.741724253 0.999248564 0.021247333 0.032413911 176.541748047
0.031117253 0.042829216 -0.998597682 -52.986114502 -0.025848124 0.998781860 0.042031661 -2.712022066 0.999181390 0.024503965 0.032186400 176.566345215
0.030247852 0.050473541 -0.998267114 -54.056957245 -0.025552357 0.998436868 0.049707871 -2.685456514 0.999215841 0.024004521 0.031490277 176.595993042
0.030280277 0.057218060 -0.997902334 -55.129512787 -0.026587537 0.998053133 0.056419928 -2.645906210 0.999187887 0.024823353 0.031742588 176.620681763
0.029705510 0.056529470 -0.997958839 -56.193576813 -0.028321113 0.998046398 0.055691402 -2.607454538 0.999157488 0.026608964 0.031248434 176.649032593
0.029613025 0.050420232 -0.998288929 -57.234992981 -0.030462533 0.998308539 0.049517591 -2.571829557 0.999097168 0.028944042 0.031098872 176.669601440
0.029737845 0.043262083 -0.998621047 -58.292659760 -0.030511970 0.998636544 0.042354152 -2.543095112 0.999091923 0.029210372 0.031017324 176.698013306
0.030512003 0.037741873 -0.998821557 -59.355411530 -0.029766386 0.998877823 0.036834706 -2.512705326 0.999091089 0.028607406 0.031601224 176.727249146
0.031412773 0.038720153 -0.998756170 -60.425868988 -0.029524952 0.998849154 0.037795141 -2.486090899 0.999070287 0.028300978 0.032519821 176.752685547
0.031072224 0.039672766 -0.998729467 -61.493377686 -0.028060166 0.998852670 0.038804661 -2.462899923 0.999123156 0.026818771 0.032149810 176.788101196
0.031682380 0.041005176 -0.998656511 -62.571475983 -0.025284605 0.998871148 0.040211838 -2.433135033 0.999177992 0.023976631 0.032683417 176.823181152
0.031527497 0.041022848 -0.998660564 -63.636211395 -0.023875196 0.998903155 0.040279068 -2.409514189 0.999217749 0.022573320 0.032472339 176.849395752
0.031382676 0.040450513 -0.998688579 -64.705032349 -0.022070663 0.998965204 0.039768167 -2.385805607 0.999263763 0.020793689 0.032242969 176.879653931
0.030450583 0.037709333 -0.998824596 -65.762634277 -0.021242220 0.999086797 0.037071619 -2.361822128 0.999310553 0.020088399 0.031223787 176.904327393
0.029437758 0.037445281 -0.998864949 -66.838020325 -0.020549079 0.999109566 0.036848832 -2.341817141 0.999355435 0.019441005 0.030181006 176.934600830
0.028758921 0.039317362 -0.998812795 -67.914489746 -0.019165954 0.999064088 0.038775407 -2.315277338 0.999402642 0.018028062 0.029485546 176.960418701
0.027660295 0.043841235 -0.998655498 -68.986968994 -0.017214559 0.998910487 0.043375630 -2.291724920 0.999469161 0.015991632 0.028384868 176.988327026
0.027289942 0.047073983 -0.998518527 -70.051757812 -0.017797161 0.998755097 0.046598729 -2.262170792 0.999469161 0.016499117 0.028093748 177.005783081
0.026698818 0.043958567 -0.998676538 -71.115653992 -0.017510843 0.998899877 0.043500260 -2.234023571 0.999490201 0.016326262 0.027439198 177.026763916
0.025569819 0.039228324 -0.998902977 -72.182228088 -0.020271992 0.999044657 0.038714960 -2.205076694 0.999467492 0.019259820 0.026340641 177.045700073
0.025138423 0.036405742 -0.999020755 -73.249595642 -0.021828748 0.999118447 0.035860017 -2.181009531 0.999445677 0.020905910 0.025910957 177.063980103
0.024588361 0.037646148 -0.998988569 -74.350318909 -0.022263443 0.999063611 0.037100989 -2.155206203 0.999449790 0.021328669 0.025403470 177.086639404
0.024082122 0.042544350 -0.998804271 -75.442749023 -0.022498947 0.998864114 0.042004418 -2.125445843 0.999456823 0.021460487 0.025011981 177.110504150
0.023606881 0.045693696 -0.998676479 -76.525032043 -0.022038182 0.998735964 0.045175467 -2.096604824 0.999478340 0.020942563 0.024584031 177.129364014
0.022712436 0.044683009 -0.998742938 -77.606193542 -0.022244764 0.998775959 0.044178609 -2.062644720 0.999494433 0.021213403 0.023678595 177.152816772
0.021887168 0.042200092 -0.998869419 -78.679832458 -0.024040457 0.998842120 0.041672163 -2.036945581 0.999471366 0.023101192 0.022876330 177.168685913
0.019832946 0.041213918 -0.998953462 -79.754638672 -0.027440028 0.998796165 0.040662631 -2.004802704 0.999426723 0.026604857 0.020939976 177.184463501
0.018088343 0.040870193 -0.999000728 -80.846778870 -0.031448275 0.998693168 0.040288191 -1.981406212 0.999341667 0.030688101 0.019350015 177.192276001
0.016604073 0.041191541 -0.999013305 -81.930488586 -0.031198181 0.998685896 0.040659513 -1.954218149 0.999375284 0.030492283 0.017867386 177.201248169
0.012883047 0.037500702 -0.999213636 -83.006858826 -0.030898565 0.998834193 0.037088089 -1.924677134 0.999439538 0.030396456 0.014026772 177.217773438
0.009679688 0.038302183 -0.999219358 -84.094795227 -0.029422479 0.998844445 0.038002789 -1.902981997 0.999520183 0.029031651 0.010795457 177.222686768
0.007291156 0.036817797 -0.999295473 -85.185150146 -0.024634758 0.999025285 0.036628105 -1.881122351 0.999669969 0.024350340 0.008191023 177.231002808
0.005801513 0.033181664 -0.999432504 -86.264114380 -0.024452375 0.999155164 0.033030521 -1.854430437 0.999684155 0.024246873 0.006607972 177.228424072
