1.000000000 0.000000000 0.000000000 0.000000000 0.000000000 1.000000000 0.000000000 0.000000000 0.000000000 0.000000000 1.000000000 0.000000000
0.999997318 0.001039006 0.002066517 -0.009280416 -0.001036778 0.999998868 -0.001078757 -0.016977478 -0.002067636 0.001076611 0.999997258 1.205656886
0.999994159 0.001107381 0.003234986 -0.008000238 -0.001104987 0.999999106 -0.000741914 -0.035890169 -0.003235804 0.000738335 0.999994516 2.406478882
0.999990106 0.000579403 0.004392312 -0.008873513 -0.000577618 0.999999762 -0.000407651 -0.055188321 -0.004392547 0.000405110 0.999990225 3.603719473
0.999985278 0.000317171 0.005407721 -0.008340012 -0.000314506 0.999999881 -0.000493580 -0.075301558 -0.005407876 0.000491872 0.999985278 4.800377369
0.999981582 0.000024650 0.006060425 -0.003370393 -0.000023547 1.000000000 -0.000182013 -0.100215375 -0.006060430 0.000181867 0.999981582 5.998456001
0.999977052 0.000376912 0.006769023 0.001775373 -0.000369122 0.999999225 -0.001152012 -0.122300714 -0.006769453 0.001149487 0.999976456 7.197710991
0.999970913 0.000256455 0.007620231 0.003699552 -0.000246272 0.999999046 -0.001337241 -0.145977318 -0.007620567 0.001335326 0.999970019 8.380535126
0.999969602 -0.000250943 0.007787272 0.009344682 0.000250232 0.999999940 0.000092317 -0.168064043 -0.007787295 -0.000090366 0.999969661 9.578149796
0.999978721 -0.000875181 0.006469382 0.011059012 0.000866993 0.999998808 0.001268361 -0.192831233 -0.006470486 -0.001262725 0.999978244 10.773601532
0.999989212 -0.002072751 0.004160970 0.009850536 0.002070335 0.999997616 0.000584706 -0.209576845 -0.004162172 -0.000576085 0.999991179 11.976218224
0.999995887 -0.001666358 0.002327846 0.002406951 0.001666353 0.999998629 0.000004100 -0.227018923 -0.002327849 -0.000000221 0.999997258 13.171644211
0.999998152 -0.001754683 0.000842987 0.002235712 0.001754789 0.999998450 -0.000123579 -0.248496830 -0.000842769 0.000125058 0.999999642 14.367562294
1.000000000 -0.000160475 -0.000151287 -0.000216335 0.000160461 1.000000000 -0.000088297 -0.272894204 0.000151301 0.000088272 1.000000000 15.553070068
0.999999762 -0.000401613 -0.000659209 -0.007409113 0.000401608 0.999999881 -0.000008194 -0.293108106 0.000659213 0.000007929 0.999999821 16.754917145
0.999998391 -0.001101379 -0.001461761 -0.011533616 0.001101953 0.999999344 0.000391986 -0.311467201 0.001461329 -0.000393596 0.999998868 17.942195892
0.999997854 -0.001294775 -0.001564930 -0.020126630 0.001295813 0.999998868 0.000662360 -0.332905591 0.001564070 -0.000664386 0.999998569 19.143772125
0.999996066 -0.001059829 -0.002607991 -0.026756121 0.001059510 0.999999404 -0.000123774 -0.355809540 0.002608120 0.000121010 0.999996543 20.340614319
0.999995291 -0.001421804 -0.002705585 -0.041551329 0.001418542 0.999998271 -0.001207104 -0.375533879 0.002707297 0.001203261 0.999995589 21.545431137
0.999993861 -0.000468231 -0.003495698 -0.051649466 0.000465793 0.999999642 -0.000697958 -0.394348562 0.003496024 0.000696326 0.999993563 22.740636826
0.999992669 -0.000294299 -0.003795372 -0.071658477 0.000290567 0.999999404 -0.000983688 -0.418136597 0.003795660 0.000982578 0.999992311 23.940248489
0.999988854 -0.000275625 -0.004692852 -0.084442630 0.000267991 0.999998629 -0.001627326 -0.439877450 0.004693293 0.001626050 0.999987662 25.133838654
0.999982953 -0.000268384 -0.005828318 -0.095750526 0.000265003 0.999999762 -0.000581027 -0.469281644 0.005828472 0.000579472 0.999982774 26.326509476
0.999977052 -0.001826179 -0.006519733 -0.108834282 0.001832978 0.999997795 0.001036994 -0.487898231 0.006517825 -0.001048920 0.999978125 27.528470993
0.999968886 -0.001940424 -0.007646131 -0.116831020 0.001948506 0.999997556 0.001049705 -0.509292305 0.007644075 -0.001064571 0.999970198 28.724035263
0.999960721 -0.002588580 -0.008472891 -0.132356644 0.002591397 0.999996603 0.000321471 -0.530483127 0.008472030 -0.000343415 0.999964058 29.923513412
0.999953270 -0.002588852 -0.009310865 -0.143677145 0.002583021 0.999996483 -0.000638196 -0.551768899 0.009312484 0.000614116 0.999956369 31.114820480
0.999946594 -0.002079936 -0.010122022 -0.162094980 0.002074180 0.999997616 -0.000579097 -0.571389019 0.010123201 0.000558071 0.999948621 32.307132721
0.999938965 -0.002498496 -0.010756767 -0.176541597 0.002498722 0.999996901 0.000007638 -0.594193101 0.010756714 -0.000034516 0.999942124 33.504482269
0.999929607 -0.002764276 -0.011530476 -0.190113798 0.002764441 0.999996185 -0.000001583 -0.614136934 0.011530437 -0.000030293 0.999933481 34.694068909
0.999924839 -0.003606096 -0.011718879 -0.215777963 0.003607264 0.999993503 0.000078529 -0.636234939 0.011718519 -0.000120796 0.999931335 35.914718628
0.999921918 -0.003472806 -0.012001641 -0.238829911 0.003473216 0.999993980 0.000013285 -0.655632675 0.012001523 -0.000054968 0.999927938 37.120197296
0.999914944 -0.004493874 -0.012245397 -0.257192194 0.004505823 0.999989390 0.000948321 -0.686128378 0.012241006 -0.001003416 0.999924600 38.300647736
0.999916971 -0.004109952 -0.012219286 -0.270966083 0.004134293 0.999989569 0.001967424 -0.698912680 0.012211072 -0.002017778 0.999923408 39.504802704
0.999920845 -0.003640928 -0.012046894 -0.295088172 0.003673528 0.999989629 0.002684963 -0.718521237 0.012036994 -0.002729005 0.999923825 40.709617615
0.999918878 -0.002951695 -0.012388155 -0.306375325 0.002979965 0.999993026 0.002264195 -0.734270334 0.012381385 -0.002300927 0.999920726 41.881927490
0.999919116 -0.002116312 -0.012542576 -0.320984304 0.002141616 0.999995708 0.002004343 -0.748577714 0.012538282 -0.002031042 0.999919355 43.072441101
0.999930859 0.000399655 -0.011746416 -0.346313417 -0.000352369 0.999991834 0.004027440 -0.766397238 0.011747930 -0.004023022 0.999922872 44.290973663
0.999948323 0.000590732 -0.010142522 -0.361469328 -0.000516734 0.999973238 0.007296880 -0.789336741 0.010146562 -0.007291263 0.999921918 45.488243103
0.999965131 0.001084112 -0.008276584 -0.382626086 -0.001001695 0.999949872 0.009955594 -0.799005032 0.008286963 -0.009946957 0.999916196 46.684963226
0.999974310 0.001527422 -0.007001586 -0.388456613 -0.001434142 0.999910355 0.013308458 -0.803610861 0.007021287 -0.013298075 0.999886870 47.887672424
0.999985933 0.000715662 -0.005282244 -0.411535978 -0.000638064 0.999891996 0.014677499 -0.814123094 0.005292179 -0.014673919 0.999878347 49.102027893
0.999992430 -0.001165106 -0.003728685 -0.418691456 0.001214371 0.999911606 0.013237651 -0.817058146 0.003712932 -0.013242077 0.999905467 50.314056396
0.999996483 -0.000091384 -0.002649559 -0.426994979 0.000121816 0.999934018 0.011487886 -0.822066009 0.002648335 -0.011488169 0.999930501 51.510768890
0.999998212 0.000086989 -0.001887417 -0.435354233 -0.000066243 0.999939620 0.010988637 -0.826147556 0.001888260 -0.010988493 0.999937832 52.719497681
0.999998450 -0.000016767 -0.001724570 -0.446565300 0.000034990 0.999944150 0.010567160 -0.834326923 0.001724297 -0.010567206 0.999942720 53.912433624
0.999995708 -0.001453613 -0.002520473 -0.449872464 0.001477839 0.999952495 0.009636727 -0.849029779 0.002506345 -0.009640410 0.999950409 55.135837555
0.999988914 -0.001128218 -0.004568477 -0.456091791 0.001173870 0.999949276 0.010002431 -0.853581786 0.004556960 -0.010007683 0.999939561 56.345912933
0.999983311 -0.001222417 -0.005639677 -0.469450444 0.001286637 0.999934196 0.011397638 -0.867404342 0.005625373 -0.011404705 0.999919116 57.545375824
0.999975324 -0.002076901 -0.006696752 -0.480170369 0.002155380 0.999928772 0.011733199 -0.876212180 0.006671907 -0.011747345 0.999908686 58.752338409
0.999969482 -0.000564380 -0.007795772 -0.491503626 0.000656088 0.999930501 0.011766248 -0.886557877 0.007788590 -0.011771005 0.999900401 59.954975128
0.999962687 -0.000335167 -0.008635405 -0.504864097 0.000434044 0.999934375 0.011450917 -0.890645206 0.008631001 -0.011454239 0.999897122 61.157142639
0.999962747 -0.001200307 -0.008539202 -0.520943701 0.001295192 0.999937415 0.011114879 -0.901469588 0.008525325 -0.011125525 0.999901772 62.363674164
0.999959886 -0.002102202 -0.008697147 -0.536320627 0.002192733 0.999943495 0.010412785 -0.912066817 0.008674764 -0.010431438 0.999907970 63.572174072
0.999956369 -0.002541855 -0.008984968 -0.550886691 0.002645234 0.999930143 0.011512569 -0.921499193 0.008955079 -0.011535837 0.999893367 64.770874023
0.999955177 -0.002612997 -0.009102520 -0.568165839 0.002729002 0.999914885 0.012755331 -0.925421298 0.009068415 -0.012779600 0.999877214 65.971809387
0.999949574 -0.002228527 -0.009789599 -0.579234362 0.002339578 0.999932885 0.011347023 -0.938894868 0.009763656 -0.011369355 0.999887705 67.169548035
0.999956489 -0.000409013 -0.009311552 -0.604585588 0.000504077 0.999947786 0.010209225 -0.947368681 0.009306890 -0.010213475 0.999904513 68.367729187
0.999950945 0.001509471 -0.009788073 -0.616968393 -0.001406143 0.999943256 0.010554828 -0.956836224 0.009803449 -0.010540547 0.999896348 69.565643311
0.999948144 0.003821251 -0.009443665 -0.637900829 -0.003719007 0.999934554 0.010820676 -0.964482069 0.009484394 -0.010784994 0.999896824 70.755088806
0.999940872 0.004760152 -0.009776897 -0.653734803 -0.004650607 0.999926388 0.011196880 -0.973277986 0.009829476 -0.011150750 0.999889493 71.950790405
0.999946833 0.005460114 -0.008745052 -0.672052979 -0.005350645 0.999907613 0.012492688 -0.983789980 0.008812455 -0.012445233 0.999883652 73.143890381
0.999951541 0.007083944 -0.006827809 -0.685910165 -0.006996333 0.999893963 0.012771034 -0.985182106 0.006917554 -0.012722647 0.999895096 74.341033936
0.999973476 0.005997687 -0.004133323 -0.693349123 -0.005951460 0.999920726 0.011106519 -1.002208710 0.004199609 -0.011081624 0.999929786 75.521446228
0.999992073 0.003302447 -0.002233281 -0.694604814 -0.003289312 0.999977469 0.005859867 -1.009809017 0.002252583 -0.005852474 0.999980330 76.696769714
0.999989390 0.004512862 0.000935480 -0.702772975 -0.004517985 0.999974370 0.005547911 -1.022127509 -0.000910419 -0.005552080 0.999984086 77.877220154
0.999988616 0.003274455 0.003486194 -0.701071620 -0.003306452 0.999952137 0.009212336 -1.035435677 -0.003455861 -0.009223757 0.999951482 79.059928894
0.999969542 0.003629428 0.006907408 -0.696739793 -0.003701529 0.999938488 0.010454129 -1.048459888 -0.006869040 -0.010479378 0.999921441 80.233116150
0.999933839 0.003631979 0.010917011 -0.689983547 -0.003728041 0.999954402 0.008791892 -1.058167219 -0.010884581 -0.008832010 0.999901772 81.401649475
0.999892533 0.002654151 0.014419823 -0.677573323 -0.002735687 0.999980390 0.005637706 -1.072202325 -0.014404575 -0.005676550 0.999880075 82.566421509
0.999839664 0.001282921 0.017859139 -0.661393881 -0.001322427 0.999996722 0.002200467 -1.087570786 -0.017856261 -0.002223731 0.999838114 83.730003357
0.999767900 0.000696080 0.021533567 -0.643442154 -0.000725768 0.999998868 0.001370891 -1.104733229 -0.021532588 -0.001386202 0.999767184 84.881477356
0.999691844 0.000632758 0.024816798 -0.611954451 -0.000710412 0.999994874 0.003120390 -1.125537992 -0.024814697 -0.003137058 0.999687135 86.050453186
0.999581635 0.001634908 0.028878827 -0.593786001 -0.001747769 0.999991000 0.003883245 -1.148815393 -0.028872218 -0.003932095 0.999575317 87.214614868
0.999473155 0.001193146 0.032433566 -0.555321217 -0.001237783 0.999998271 0.001356228 -1.164772749 -0.032431893 -0.001395659 0.999472976 88.359809875
0.999364018 0.001161676 0.035640351 -0.517840385 -0.001139305 0.999999166 -0.000647983 -1.186032653 -0.035641078 0.000606966 0.999364555 89.507217407
0.999244392 0.001135711 0.038850941 -0.476306915 -0.001093587 0.999998748 -0.001105503 -1.204538941 -0.038852148 0.001062182 0.999244392 90.675094604
0.999124706 0.000395176 0.041830160 -0.432368994 -0.000401474 0.999999940 0.000142153 -1.223404408 -0.041830104 -0.000158822 0.999124706 91.834564209
0.999008536 -0.000940755 0.044509258 -0.382987976 0.000876027 0.999998510 0.001473756 -1.240864277 -0.044510573 -0.001433303 0.999008000 92.993431091
0.998885751 -0.001605361 0.047167100 -0.332593441 0.001449870 0.999993384 0.003330634 -1.259164810 -0.047172137 -0.003258537 0.998881459 94.154266357
0.998774827 -0.003174325 0.049385127 -0.271737576 0.002977227 0.999987304 0.004064084 -1.270733237 -0.049397394 -0.003912074 0.998771608 95.316604614
0.998646915 -0.004002401 0.051849548 -0.220029354 0.003904521 0.999990404 0.001988931 -1.291512012 -0.051857010 -0.001783793 0.998652935 96.466964722
0.998521388 -0.005576107 0.054073755 -0.156994820 0.005670057 0.999982655 -0.001584198 -1.308944821 -0.054063983 0.001888457 0.998535693 97.625617981
0.998410046 -0.004700696 0.056171976 -0.100745678 0.004947822 0.999978721 -0.004261209 -1.328238249 -0.056150746 0.004532362 0.998412013 98.788230896
0.998313189 -0.004645085 0.057872619 -0.035627842 0.004954737 0.999974191 -0.005208238 -1.352474213 -0.057846937 0.005486197 0.998310328 99.964912415
0.998301983 -0.004369055 0.058085363 0.031977177 0.004655706 0.999977708 -0.004800602 -1.370639682 -0.058063090 0.005062880 0.998300076 101.145729065
0.998336315 -0.004451022 0.057487663 0.088018894 0.004611086 0.999985814 -0.002651969 -1.400087118 -0.057475045 0.002912637 0.998342693 102.321830750
0.998408377 -0.004486884 0.056217838 0.149731636 0.004568422 0.999988616 -0.001321970 -1.416540384 -0.056211270 0.001576692 0.998417675 103.524559021
0.998516679 -0.004717849 0.054241914 0.207710743 0.004753551 0.999988556 -0.000529202 -1.436594248 -0.054238796 0.000786259 0.998527646 104.713157654
0.998651862 -0.004664309 0.051697183 0.265645027 0.004683063 0.999989033 -0.000241644 -1.451616526 -0.051695492 0.000483419 0.998662829 105.920745850
0.998808980 -0.003921572 0.048634186 0.317605019 0.003930861 0.999992251 -0.000095347 -1.474981189 -0.048633441 0.000286408 0.998816609 107.116401672
0.998984218 -0.002115748 0.045011923 0.359969616 0.002152171 0.999997437 -0.000760748 -1.487028360 -0.045010194 0.000856849 0.998986185 108.315795898
0.999159038 -0.002467437 0.040928546 0.404621124 0.002477190 0.999996901 -0.000187559 -1.510755539 -0.040927958 0.000288789 0.999162078 109.516670227
0.999320090 -0.001827047 0.036825612 0.448300600 0.001792807 0.999997973 0.000962812 -1.528961778 -0.036827296 -0.000896136 0.999321222 110.743423462
0.999470770 -0.001445693 0.032497987 0.482625961 0.001394902 0.999997735 0.001585523 -1.547093749 -0.032500204 -0.001539352 0.999470532 111.947616577
0.999605000 -0.001234250 0.028074389 0.509129763 0.001170565 0.999996722 0.002284741 -1.566506863 -0.028077120 -0.002250976 0.999603212 113.164695740
0.999733746 -0.000835975 0.023058375 0.533615589 0.000782059 0.999996901 0.002347156 -1.582118034 -0.023060272 -0.002328497 0.999731362 114.379684448
0.999836028 -0.000061181 0.018107971 0.550886273 0.000019976 0.999997437 0.002275699 -1.601221561 -0.018108061 -0.002274964 0.999833405 115.613410950
0.999914765 0.000322326 0.013044270 0.559809089 -0.000346520 0.999998271 0.001852592 -1.612962008 -0.013043648 -0.001856955 0.999913216 116.836120605
0.999962926 0.001279763 0.008517833 0.561258078 -0.001291337 0.999998271 0.001353462 -1.636481404 -0.008516085 -0.001364411 0.999962747 118.067672729
0.999981880 0.003183874 0.005108460 0.556548536 -0.003190021 0.999994159 0.001195577 -1.650666714 -0.005104623 -0.001211851 0.999986231 119.307159424
0.999982834 0.005117306 0.002846804 0.553562045 -0.005120970 0.999986053 0.001281512 -1.670300722 -0.002840207 -0.001296069 0.999995112 120.544525146
0.999976933 0.006501648 0.001973852 0.545976639 -0.006503372 0.999978423 0.000868571 -1.689086080 -0.001968162 -0.000881388 0.999997675 121.783386230
0.999963343 0.008540152 0.000644498 0.544345438 -0.008541025 0.999962568 0.001364757 -1.708569527 -0.000632818 -0.001370212 0.999998868 123.031448364
0.999950409 0.009953908 -0.000164961 0.529270411 -0.009953528 0.999948144 0.002156127 -1.725453138 0.000186414 -0.002154378 0.999997675 124.277435303
0.999952495 0.009719996 -0.000720612 0.516864717 -0.009718211 0.999949753 0.002439242 -1.740295053 0.000744285 -0.002432123 0.999996781 125.524734497
0.999907553 0.013476729 -0.001802085 0.512375116 -0.013468199 0.999898374 0.004664011 -1.758676291 0.001864758 -0.004639309 0.999987483 126.784080505
0.999893427 0.014382722 -0.002476447 0.500239611 -0.014363134 0.999866784 0.007753223 -1.768702507 0.002587630 -0.007716827 0.999966860 128.036651611
0.999908447 0.013179914 -0.003055440 0.493823409 -0.013157064 0.999886334 0.007380961 -1.787200451 0.003152372 -0.007340086 0.999968112 129.293487549
0.999910355 0.012877513 -0.003661009 0.484448373 -0.012855981 0.999900341 0.005845019 -1.794065475 0.003735914 -0.005797429 0.999976218 130.546981812
0.999937415 0.010305989 -0.004345547 0.478325367 -0.010276079 0.999923885 0.006849304 -1.804690838 0.004415805 -0.006804220 0.999967098 131.819046021
0.999952912 0.007942178 -0.005567885 0.474714398 -0.007894021 0.999931753 0.008617988 -1.813409805 0.005635950 -0.008573629 0.999947369 133.073867798
0.999974072 0.004676608 -0.005492287 0.459224343 -0.004618565 0.999933779 0.010533835 -1.825986862 0.005541188 -0.010508192 0.999929368 134.339035034
0.999978185 0.002562008 -0.006099200 0.451995850 -0.002490022 0.999927402 0.011780959 -1.834635854 0.006128942 -0.011765513 0.999912024 135.606048584
0.999981403 -0.001797393 -0.005823948 0.443214655 0.001854497 0.999950111 0.009814562 -1.843407750 0.005806018 -0.009825180 0.999934852 136.880432129
0.999974847 -0.004042515 -0.005823312 0.433107793 0.004093723 0.999952793 0.008808723 -1.850382447 0.005787428 -0.008832339 0.999944270 138.152206421
0.999969363 -0.005428954 -0.005642696 0.424021363 0.005476243 0.999949753 0.008399025 -1.856916070 0.005596815 -0.008429668 0.999948800 139.435043335
0.999973476 -0.005343488 -0.004956340 0.408001065 0.005386674 0.999947309 0.008741377 -1.865450144 0.004909370 -0.008767843 0.999949515 140.714370728
0.999972939 -0.005623302 -0.004725870 0.404613972 0.005674527 0.999924481 0.010896632 -1.878801584 0.004664239 -0.010923155 0.999929488 141.982589722
0.999988914 -0.002768366 -0.003790656 0.385166049 0.002815778 0.999917150 0.012559839 -1.885884404 0.003755572 -0.012570373 0.999913931 143.260665894
0.999990046 -0.003107831 -0.003202886 0.377233237 0.003142235 0.999936819 0.010792986 -1.896623731 0.003169141 -0.010802940 0.999936640 144.542480469
0.999992788 -0.002621307 -0.002767310 0.364969403 0.002646069 0.999956191 0.008982560 -1.905670166 0.002743643 -0.008989817 0.999955833 145.810882568
0.999993980 -0.002714921 -0.002185434 0.351506770 0.002729190 0.999974728 0.006553137 -1.922099352 0.002167588 -0.006559061 0.999976099 147.097396851
0.999990940 -0.003873301 -0.001764344 0.347296596 0.003878023 0.999988854 0.002681577 -1.941405416 0.001753937 -0.002688395 0.999994874 148.366119385
0.999992311 -0.003792216 -0.001011475 0.333476901 0.003791385 0.999992490 -0.000822157 -1.960552096 0.001014584 0.000818316 0.999999166 149.646743774
0.999990880 -0.004142945 -0.001017991 0.332008004 0.004140855 0.999989331 -0.002046745 -1.979092598 0.001026460 0.002042510 0.999997377 150.903945923
0.999991119 -0.004095819 -0.000950781 0.323059559 0.004094199 0.999990225 -0.001699900 -2.003964901 0.000957734 0.001695992 0.999998152 152.170959473
0.999991834 -0.003832440 -0.001281452 0.320562124 0.003831219 0.999992132 -0.000953696 -2.033146620 0.001285097 0.000948778 0.999998748 153.426406860
0.999992192 -0.003615243 -0.001629652 0.317250967 0.003615617 0.999993384 0.000225793 -2.056584120 0.001628825 -0.000231683 0.999998629 154.686904907
0.999995589 -0.002412691 -0.001686813 0.300693065 0.002413766 0.999996901 0.000635598 -2.079823732 0.001685275 -0.000639667 0.999998331 155.957702637
0.999995053 -0.002213523 -0.002232922 0.289369971 0.002215020 0.999997377 0.000668193 -2.104631662 0.002231437 -0.000673136 0.999997318 157.228225708
0.999993384 -0.001981870 -0.003034739 0.286794275 0.001983361 0.999997914 0.000488341 -2.123577595 0.003033763 -0.000494357 0.999995291 158.482299805
0.999988317 -0.002620058 -0.004066190 0.279906809 0.002627348 0.999994934 0.001788601 -2.144804239 0.004061484 -0.001799263 0.999990165 159.748611450
0.999990404 -0.001244273 -0.004205032 0.262281656 0.001253235 0.999996960 0.002129484 -2.164435863 0.004202370 -0.002134733 0.999988914 161.025375366
0.999985874 -0.001331648 -0.005137495 0.253567100 0.001336881 0.999998569 0.001015297 -2.183637619 0.005136137 -0.001022151 0.999986291 162.293151855
0.999984145 -0.000590200 -0.005592749 0.236315966 0.000589396 0.999999762 -0.000145341 -2.204460144 0.005592834 0.000142042 0.999984324 163.553344727
0.999979556 0.000355793 -0.006382503 0.222684145 -0.000356713 0.999999940 -0.000143029 -2.226253033 0.006382450 0.000145303 0.999979615 164.816650391
0.999975145 0.000010800 -0.007053807 0.205948591 -0.000018964 0.999999344 -0.001157216 -2.246541977 0.007053788 0.001157321 0.999974430 166.095535278
0.999969065 0.000412775 -0.007862138 0.189658403 -0.000430619 0.999997318 -0.002268079 -2.268234253 0.007861181 0.002271394 0.999966562 167.363128662
0.999964654 0.000419542 -0.008394268 0.174838662 -0.000435773 0.999998033 -0.001931811 -2.294187069 0.008393441 0.001935401 0.999962926 168.641906738
0.999955297 0.000835606 -0.009414070 0.160604596 -0.000840060 0.999999523 -0.000469276 -2.317751884 0.009413674 0.000477163 0.999955654 169.917495728
0.999949694 0.000478209 -0.010012289 0.146254063 -0.000478739 0.999999881 -0.000050474 -2.343187332 0.010012261 0.000055265 0.999949872 171.183593750
0.999942303 0.000850870 -0.010701417 0.122924328 -0.000843874 0.999999464 0.000658266 -2.368927479 0.010701969 -0.000649197 0.999942541 172.452194214
0.999931693 0.001351328 -0.011608848 0.105451822 -0.001344333 0.999998927 0.000610291 -2.387318373 0.011609660 -0.000594643 0.999932349 173.733871460
0.999927759 0.001565773 -0.011915431 0.081739902 -0.001567260 0.999998748 -0.000115471 -2.414121389 0.011915236 0.000134138 0.999929011 174.974411011
0.999920666 0.002287782 -0.012386678 0.056041241 -0.002295738 0.999997199 -0.000628080 -2.436295986 0.012385204 0.000656467 0.999923110 176.243774414
0.999913871 0.002548343 -0.012871634 0.026062250 -0.002555426 0.999996543 -0.000533876 -2.451478481 0.012870231 0.000566723 0.999917030 177.511581421
0.999911368 0.002741112 -0.013024339 0.005682468 -0.002762681 0.999994814 -0.001638388 -2.474889994 0.013019782 0.001674225 0.999913812 178.753692627
0.999914050 0.001689234 -0.012996420 -0.019382954 -0.001732485 0.999992967 -0.003317379 -2.495911598 0.012990723 0.003339610 0.999910057 180.019119263
0.999914825 -0.001628036 -0.012951980 -0.044392586 0.001585436 0.999993265 -0.003298732 -2.520833969 0.012957263 0.003277916 0.999910653 181.288375854
0.999904513 -0.001517377 -0.013733740 -0.052949190 0.001525425 0.999998689 0.000575580 -2.547368288 0.013732849 -0.000596475 0.999905527 182.546691895
0.999901533 -0.002335157 -0.013838853 -0.076089382 0.002406878 0.999983728 0.005168162 -2.570717812 0.013826559 -0.005200961 0.999890864 183.813827515
0.999902368 -0.001464568 -0.013891810 -0.095025778 0.001525003 0.999989390 0.004340787 -2.585318565 0.013885304 -0.004361549 0.999894083 185.076019287
0.999911189 0.000354801 -0.013325873 -0.125883579 -0.000343123 0.999999583 0.000878586 -2.598979473 0.013326179 -0.000873935 0.999910831 186.323883057
0.999900281 0.000032965 -0.014120418 -0.146667719 -0.000041477 0.999999821 -0.000602559 -2.626768827 0.014120394 0.000603084 0.999900103 187.569122314
0.999895871 0.000175320 -0.014430238 -0.169392586 -0.000181232 0.999999940 -0.000408388 -2.648162603 0.014430165 0.000410961 0.999895751 188.820144653
0.999900043 -0.000152253 -0.014139203 -0.194501877 0.000164218 0.999999642 0.000845095 -2.672785044 0.014139071 -0.000847332 0.999899685 190.070648193
0.999899745 -0.000077333 -0.014162007 -0.216753721 0.000123769 0.999994636 0.003278042 -2.696501493 0.014161678 -0.003279467 0.999894381 191.318939209
0.999913096 -0.000608926 -0.013163009 -0.240606070 0.000661897 0.999991655 0.004020235 -2.719148397 0.013160451 -0.004028597 0.999905229 192.566864014
0.999931097 -0.000732502 -0.011719228 -0.262247086 0.000770686 0.999994457 0.003254095 -2.736448765 0.011716779 -0.003262902 0.999926031 193.809722900
0.999945045 -0.001730184 -0.010342500 -0.281688452 0.001750574 0.999996662 0.001962770 -2.759618282 0.010339068 -0.001980768 0.999944568 195.035583496
0.999955356 -0.002295236 -0.009171179 -0.299718142 0.002298561 0.999997318 0.000351994 -2.778353691 0.009170346 -0.000373059 0.999957860 196.263092041
0.999967754 -0.002535396 -0.007622688 -0.316618562 0.002534386 0.999996722 -0.000142251 -2.802783251 0.007623023 0.000122928 0.999970853 197.487380981
0.999978483 -0.002316470 -0.006140143 -0.329602361 0.002320387 0.999997079 0.000630868 -2.826018810 0.006138662 -0.000645102 0.999980927 198.699798584
0.999984324 -0.002822938 -0.004836747 -0.341928244 0.002834993 0.999992907 0.002487344 -2.847991943 0.004829691 -0.002501017 0.999985218 199.938491821
0.999990463 -0.001691851 -0.004039424 -0.351611406 0.001703425 0.999994457 0.002863572 -2.869552851 0.004034557 -0.002870426 0.999987781 201.152221680
0.999995351 -0.001671213 -0.002586260 -0.362368137 0.001679106 0.999993861 0.003052908 -2.891501665 0.002581142 -0.003057237 0.999992013 202.358764648
0.999996364 -0.002007189 -0.001795671 -0.368485630 0.002012238 0.999993980 0.002814344 -2.903565645 0.001790011 -0.002817946 0.999994516 203.572280884
0.999998510 -0.001617671 -0.000503555 -0.378863335 0.001619454 0.999992371 0.003559179 -2.935255051 0.000497794 -0.003559989 0.999993503 204.747619629
0.999999166 -0.001252162 0.000213990 -0.382426143 0.001251450 0.999993801 0.003296992 -2.951399326 -0.000218117 -0.003296721 0.999994576 205.944519043
0.999997914 -0.001831969 0.001053850 -0.390040338 0.001828472 0.999992847 0.003310288 -2.968452930 -0.001059907 -0.003308353 0.999993980 207.121047974
0.999995708 -0.002660199 0.001304688 -0.391290694 0.002656100 0.999991596 0.003133066 -2.987286329 -0.001313012 -0.003129587 0.999994218 208.286834717
0.999994278 -0.002759909 0.001944250 -0.400212198 0.002751728 0.999987423 0.004198332 -3.009777069 -0.001955813 -0.004192958 0.999989271 209.430831909
0.999992907 -0.003457385 0.001481727 -0.403933197 0.003449862 0.999981344 0.005050296 -3.024721622 -0.001499159 -0.005045148 0.999986112 210.573379517
0.999994397 -0.003219739 0.001017367 -0.406957477 0.003214442 0.999981463 0.005166425 -3.046387196 -0.001033983 -0.005163125 0.999986053 211.688568115
0.999996245 -0.002685900 0.000620785 -0.413325548 0.002683255 0.999987483 0.004222909 -3.065301657 -0.000632120 -0.004221226 0.999990880 212.790115356
0.999996841 -0.002491023 0.000081630 -0.418470621 0.002490721 0.999990642 0.003516586 -3.084618092 -0.000090389 -0.003516371 0.999993742 213.873794556
0.999996185 -0.002739227 -0.000501161 -0.424002171 0.002740804 0.999991179 0.003174438 -3.100232840 0.000492461 -0.003175800 0.999994814 214.942245483
0.999994338 -0.002739170 -0.001926243 -0.430707723 0.002745828 0.999990165 0.003462733 -3.126921892 0.001916739 -0.003468003 0.999992132 216.008300781
0.999988854 -0.003154982 -0.003524193 -0.436207145 0.003169613 0.999986351 0.004153783 -3.143650532 0.003511040 -0.004164907 0.999985099 217.064941406
0.999975741 -0.004086907 -0.005636287 -0.446972847 0.004119149 0.999975145 0.005720819 -3.157674551 0.005612767 -0.005743898 0.999967754 218.102111816
0.999963999 -0.003746205 -0.007608477 -0.462883592 0.003800270 0.999967635 0.007103972 -3.170399427 0.007581617 -0.007132631 0.999945879 219.126174927
0.999943733 -0.003654655 -0.009959703 -0.477429152 0.003728027 0.999965966 0.007358346 -3.188805103 0.009932472 -0.007395063 0.999923348 220.134307861
0.999913931 -0.003287744 -0.012702516 -0.492303848 0.003379044 0.999968588 0.007172875 -3.209320068 0.012678534 -0.007215180 0.999893546 221.126281738
0.999875188 -0.003317619 -0.015446601 -0.513009787 0.003433754 0.999966025 0.007498045 -3.224660873 0.015421201 -0.007550149 0.999852538 222.094619751
0.999825180 -0.002836023 -0.018484950 -0.538208008 0.002982110 0.999964535 0.007880278 -3.238802910 0.018461946 -0.007934024 0.999798059 223.042480469
0.999772072 -0.002261341 -0.021229045 -0.561355591 0.002419839 0.999969304 0.007443383 -3.253221035 0.021211563 -0.007493057 0.999746919 223.971466064
0.999701500 -0.002229615 -0.024331737 -0.588993549 0.002389181 0.999975801 0.006530846 -3.261559248 0.024316588 -0.006587029 0.999682605 224.874847412
0.999624908 -0.002575931 -0.027265737 -0.622745514 0.002739609 0.999978364 0.005967395 -3.278448582 0.027249772 -0.006039854 0.999610424 225.751449585
0.999536932 -0.001930644 -0.030369246 -0.660442352 0.002117075 0.999979138 0.006107855 -3.298531532 0.030356821 -0.006169320 0.999520004 226.609817505
0.999434233 -0.001255207 -0.033608019 -0.686044216 0.001444651 0.999983191 0.005613203 -3.318998814 0.033600416 -0.005658580 0.999419272 227.444320679
0.999351382 0.000592322 -0.036007244 -0.723403931 -0.000404213 0.999986231 0.005231280 -3.329686642 0.036009856 -0.005213332 0.999337792 228.259338379
0.999334693 0.001136153 -0.036454588 -0.762800694 -0.000944541 0.999985576 0.005272973 -3.338435173 0.036460061 -0.005235033 0.999321401 229.059982300
0.999340117 0.001283488 -0.036303855 -0.793777943 -0.001032221 0.999975383 0.006939123 -3.360110521 0.036311876 -0.006897070 0.999316633 229.842620850
0.999347568 0.001150200 -0.036100063 -0.823011875 -0.000874085 0.999970257 0.007663448 -3.372939587 0.036107805 -0.007626893 0.999318779 230.601806641
0.999368489 0.000836406 -0.035525713 -0.854971886 -0.000578760 0.999973476 0.007262046 -3.386484146 0.035530843 -0.007236899 0.999342382 231.348220825
0.999383688 0.001621589 -0.035066459 -0.884967804 -0.001430860 0.999984026 0.005463485 -3.398268938 0.035074770 -0.005409942 0.999369979 232.074783325
0.999417245 0.001642938 -0.034095593 -0.911377430 -0.001529723 0.999993205 0.003346348 -3.409375906 0.034100864 -0.003292241 0.999413013 232.805358887
0.999452055 0.001344874 -0.033073105 -0.937354088 -0.001272308 0.999996722 0.002215074 -3.425641537 0.033075973 -0.002171781 0.999450505 233.527999878
0.999493778 0.002251121 -0.031735942 -0.963885784 -0.002198537 0.999996066 0.001691739 -3.436695099 0.031739630 -0.001621110 0.999494851 234.256240845
0.999547422 0.001916657 -0.030020967 -0.986388683 -0.001871241 0.999996960 0.001540808 -3.448033333 0.030023830 -0.001483934 0.999548078 234.976684570
0.999603868 0.001842784 -0.028083500 -1.010906696 -0.001799711 0.999997199 0.001558941 -3.462588310 0.028086297 -0.001507781 0.999604344 235.685211182
0.999652386 0.001834172 -0.026298296 -1.031518459 -0.001798681 0.999997556 0.001373136 -3.476132393 0.026300743 -0.001325357 0.999653161 236.407699585
0.999693274 0.001393662 -0.024727007 -1.042733669 -0.001364561 0.999998331 0.001193754 -3.489593744 0.024728633 -0.001159647 0.999693573 237.113143921
0.999770999 0.001287010 -0.021358445 -1.071547508 -0.001251457 0.999997795 0.001677841 -3.501661539 0.021360556 -0.001650727 0.999770463 237.822418213
0.999826193 0.000195593 -0.018642217 -1.076182604 -0.000150893 0.999997079 0.002399187 -3.515069008 0.018642632 -0.002395957 0.999823332 238.527236938
0.999882102 -0.000291123 -0.015353390 -1.092180490 0.000327668 0.999997139 0.002377814 -3.524282694 0.015352653 -0.002382564 0.999879301 239.218444824
0.999919951 -0.000712873 -0.012631479 -1.098476291 0.000747145 0.999996126 0.002708748 -3.538909435 0.012629498 -0.002717969 0.999916494 239.915969849
0.999955237 -0.001050730 -0.009400587 -1.108853936 0.001072264 0.999996781 0.002285867 -3.549563408 0.009398155 -0.002295845 0.999953151 240.602203369
0.999981225 -0.000929174 -0.006054631 -1.118437290 0.000940921 0.999997675 0.001937632 -3.561106205 0.006052815 -0.001943293 0.999979794 241.290237427
0.999994099 0.000053033 -0.003424068 -1.119502068 -0.000050475 0.999999821 0.000747130 -3.568212032 0.003424106 -0.000746953 0.999993861 241.981979370
0.999999702 0.000331562 -0.000568063 -1.120238543 -0.000331277 0.999999821 0.000502048 -3.581542253 0.000568228 -0.000501860 0.999999702 242.675079346
0.999996901 0.000298464 0.002438132 -1.122854471 -0.000302466 0.999998629 0.001641101 -3.595816612 -0.002437638 -0.001641834 0.999995649 243.378601074
0.999988914 0.000505973 0.004680548 -1.120701909 -0.000516555 0.999997318 0.002259920 -3.606130123 -0.004679392 -0.002262313 0.999986529 244.082824707
0.999976516 0.000451373 0.006843669 -1.116568565 -0.000464316 0.999998152 0.001889752 -3.615880966 -0.006842804 -0.001892886 0.999974847 244.788589478
0.999955535 0.000284710 0.009422034 -1.113087416 -0.000287171 0.999999881 0.000259839 -3.627428293 -0.009421960 -0.000262533 0.999955595 245.492904663
0.999935806 0.000591154 0.011320610 -1.109820843 -0.000567144 0.999997616 -0.002124056 -3.637493134 -0.011321836 0.002117499 0.999933660 246.200347900
0.999928951 -0.000744531 0.011898807 -1.095428467 0.000789738 0.999992430 -0.003795106 -3.649080515 -0.011895890 0.003804234 0.999921978 246.924972534
0.999925911 -0.001106949 0.012120634 -1.090494871 0.001155253 0.999991357 -0.003978972 -3.662753344 -0.012116123 0.003992680 0.999918580 247.644378662
0.999925554 -0.001496787 0.012111601 -1.079068184 0.001552873 0.999988258 -0.004622610 -3.675656319 -0.012104540 0.004641074 0.999915957 248.365020752
0.999925077 -0.000504376 0.012232123 -1.072489738 0.000564871 0.999987602 -0.004942700 -3.690055370 -0.012229478 0.004949239 0.999912918 249.099777222
0.999919355 0.000132530 0.012697002 -1.070480585 -0.000064700 0.999985874 -0.005342512 -3.704121113 -0.012697530 0.005341261 0.999905050 249.834472656
0.999917626 -0.001197418 0.012773926 -1.060836554 0.001290529 0.999972641 -0.007283345 -3.718080044 -0.012764856 0.007299231 0.999891877 250.583908081
0.999900579 -0.004697399 0.013295418 -1.051405668 0.004821224 0.999945104 -0.009296632 -3.736209154 -0.013251020 0.009359811 0.999868333 251.331710815
0.999872386 -0.008170154 0.013726902 -1.036844969 0.008308763 0.999914706 -0.010070862 -3.750618219 -0.013643454 0.010183628 0.999855042 252.099716187
0.999881089 -0.005745347 0.014311222 -1.031190872 0.005835940 0.999963105 -0.006296506 -3.762779951 -0.014274521 0.006379277 0.999877691 252.875167847
0.999886632 -0.001563872 0.014974636 -1.031126976 0.001567747 0.999998748 -0.000247031 -3.774738550 -0.014974231 0.000270480 0.999887824 253.658309937
0.999872625 -0.002404604 0.015775414 -1.020367622 0.002354285 0.999992073 0.003207493 -3.789371490 -0.015783001 -0.003169945 0.999870360 254.445739746
0.999829769 -0.003537555 0.018107694 -1.004686356 0.003520189 0.999993324 0.000990829 -3.799966812 -0.018111076 -0.000926917 0.999835491 255.244400024
0.999756515 -0.002925955 0.021868736 -0.986118317 0.003034459 0.999983191 -0.004930089 -3.812068939 -0.021853946 0.004995248 0.999748707 256.044769287
0.999661088 -0.000743258 0.026018025 -0.978617668 0.000967027 0.999962568 -0.008589027 -3.822780609 -0.026010670 0.008611276 0.999624550 256.851348877
0.999576032 0.001139683 0.029095205 -0.957635880 -0.000904335 0.999966800 -0.008100767 -3.840026379 -0.029103475 0.008071021 0.999543786 257.664031982
0.999485016 -0.000496627 0.032083549 -0.931134224 0.000696849 0.999980330 -0.006229782 -3.850664616 -0.032079820 0.006248932 0.999465764 258.501800537
0.999381185 -0.003578758 0.034988388 -0.897183418 0.003681607 0.999989033 -0.002875560 -3.867822647 -0.034977712 0.003002595 0.999383569 259.338623047
0.999261081 -0.006208799 0.037928637 -0.868638039 0.006271083 0.999979198 -0.001523379 -3.881306171 -0.037918389 0.001760107 0.999279261 260.176177979
0.999136269 -0.005743359 0.041153923 -0.837044716 0.005781162 0.999982953 -0.000799623 -3.898017406 -0.041148633 0.001036850 0.999152482 261.031005859
0.999043882 -0.003495125 0.043577541 -0.803555489 0.003620267 0.999989510 -0.002793132 -3.913328648 -0.043567330 0.002948224 0.999046087 261.872375488
0.998931766 -0.002881326 0.046117716 -0.772413254 0.003113840 0.999982774 -0.004970728 -3.931868553 -0.046102598 0.005109021 0.998923600 262.707519531
0.998812914 -0.002778004 0.048630647 -0.733878136 0.003040462 0.999981225 -0.005323829 -3.942417383 -0.048614945 0.005465370 0.998802602 263.560119629
0.998678982 -0.001931978 0.051347844 -0.695977211 0.002091780 0.999993205 -0.003058589 -3.961651564 -0.051341593 0.003161956 0.998676181 264.401367188
0.998513699 -0.000404269 0.054499235 -0.653259277 0.000479841 0.999998987 -0.001373597 -3.980049610 -0.054498624 0.001397707 0.998512924 265.247070312
0.998350024 0.000173946 0.057420492 -0.609116554 -0.000070440 0.999998391 -0.001804619 -3.994144678 -0.057420723 0.001797596 0.998348415 266.117950439
0.998199582 0.000315734 0.059978589 -0.561709404 -0.000182573 0.999997556 -0.002225604 -4.009373665 -0.059979144 0.002210647 0.998197198 266.962188721
0.998042464 -0.001603124 0.062518299 -0.508834839 0.001764723 0.999995232 -0.002529698 -4.025153637 -0.062513955 0.002635074 0.998040557 267.800781250
0.997930110 -0.004893827 0.064120919 -0.444334030 0.005014713 0.999985933 -0.001724477 -4.045783043 -0.064111575 0.002042456 0.997940660 268.682342529
0.997883618 -0.005424100 0.064799197 -0.386344910 0.005560499 0.999982655 -0.001924785 -4.059666157 -0.064787641 0.002281027 0.997896492 269.530273438
0.997850537 -0.006306613 0.065226130 -0.335924149 0.006415846 0.999978364 -0.001465346 -4.081064224 -0.065215476 0.001880677 0.997869432 270.379608154
0.997814953 -0.006629072 0.065736510 -0.279895782 0.006742068 0.999976158 -0.001497232 -4.093923569 -0.065725014 0.001937161 0.997835815 271.261230469
0.997832119 -0.006429689 0.065496475 -0.228893280 0.006510300 0.999978304 -0.001017405 -4.108028412 -0.065488502 0.001441601 0.997852206 272.120391846
0.997859538 -0.005903038 0.065127805 -0.179677963 0.005961686 0.999981999 -0.000706211 -4.120382309 -0.065122470 0.001092971 0.997876644 272.975372314
0.997954786 -0.006207464 0.063623875 -0.120498657 0.006303329 0.999979258 -0.001306107 -4.143301010 -0.063614443 0.001704477 0.997973084 273.852081299
0.998065650 -0.006104317 0.061868541 -0.069375992 0.006258936 0.999977708 -0.002305669 -4.158908367 -0.061853081 0.002688440 0.998081625 274.703796387
0.998165548 -0.005699110 0.060276784 -0.016349792 0.005878784 0.999978721 -0.002803870 -4.177074909 -0.060259532 0.003153079 0.998177767 275.581298828
0.998274803 -0.004445721 0.058545843 0.029109955 0.004646569 0.999983728 -0.003294909 -4.191517353 -0.058530241 0.003561262 0.998279333 276.434295654
0.998368263 -0.002764137 0.057036094 0.070128441 0.002971633 0.999989212 -0.003553480 -4.211277485 -0.057025652 0.003717172 0.998365819 277.304565430
0.998483181 -0.002302888 0.055008437 0.111405373 0.002478555 0.999992073 -0.003125448 -4.225548744 -0.055000801 0.003257049 0.998481035 278.152801514
0.998647690 -0.002399915 0.051932286 0.152796745 0.002483859 0.999995708 -0.001551927 -4.243762016 -0.051928334 0.001678820 0.998649418 279.010894775
0.998854697 -0.003526464 0.047716841 0.189207077 0.003486657 0.999993503 0.000917430 -4.260080338 -0.047719765 -0.000750007 0.998860538 279.853424072
0.999077320 -0.005530055 0.042593230 0.224660873 0.005410929 0.999981105 0.002911593 -4.281319141 -0.042608526 -0.002678437 0.999088287 280.696594238
0.999255359 -0.005664523 0.038166534 0.251371384 0.005521542 0.999977291 0.003850606 -4.289908409 -0.038187478 -0.003637001 0.999263942 281.549163818
0.999428988 -0.005731982 0.033298485 0.273116112 0.005592349 0.999975145 0.004284988 -4.299623013 -0.033322215 -0.004096325 0.999436319 282.367218018
0.999569476 -0.006383214 0.028634872 0.298112869 0.006238137 0.999967277 0.005152886 -4.314618587 -0.028666824 -0.004972041 0.999576569 283.191497803
0.999682546 -0.007173211 0.024153737 0.309799671 0.007051222 0.999961972 0.005131944 -4.325892448 -0.024189631 -0.004960002 0.999695063 283.990539551
0.999770224 -0.007480713 0.020087553 0.319336414 0.007385046 0.999961078 0.004832521 -4.337789059 -0.020122921 -0.004683063 0.999786556 284.772644043
0.999845982 -0.007262814 0.015976682 0.333497524 0.007189433 0.999963343 0.004645663 -4.351504326 -0.016009839 -0.004530084 0.999861538 285.543823242
0.999901354 -0.006881205 0.012240524 0.336844444 0.006826255 0.999966383 0.004525346 -4.363451958 -0.012271254 -0.004441342 0.999914825 286.296630859
