-0.998394608 0.055366922 -0.011946577 -13.406696320 0.054947082 0.997943878 0.032997645 1.318214417 0.013748991 0.032288242 -0.999384046 16.648197174
-0.998449445 0.054260455 -0.012429316 -13.412918091 0.053866636 0.998094738 0.030086847 1.340197802 0.014038160 0.029370675 -0.999470055 15.257169724
-0.998572648 0.051770363 -0.013132176 -13.423441887 0.051416717 0.998339534 0.025972173 1.356596351 0.014454959 0.025259890 -0.999576390 13.881417274
-0.998746216 0.048374180 -0.012883275 -13.435288429 0.048050478 0.998548031 0.024350077 1.366662145 0.014042485 0.023700502 -0.999620438 12.497292519
-0.998877645 0.045605343 -0.012791166 -13.440124512 0.045253456 0.998622119 0.026568562 1.377459407 0.013985212 0.025959900 -0.999565125 11.132631302
-0.998934567 0.044439066 -0.012446431 -13.444691658 0.044063572 0.998608530 0.028972449 1.383038998 0.013716622 0.028393149 -0.999502659 9.745823860
-0.998884439 0.045562100 -0.012408455 -13.454872131 0.045163471 0.998507619 0.030705933 1.402674437 0.013788963 0.030111270 -0.999451458 8.378803253
-0.998681307 0.049928810 -0.011948675 -13.473014832 0.049505826 0.998215020 0.033404950 1.412632465 0.013595217 0.032769371 -0.999370456 7.002980232
-0.998416543 0.055032000 -0.011659304 -13.488323212 0.054595690 0.997898102 0.034913894 1.431785464 0.013556177 0.034222063 -0.999322295 5.615835190
-0.998294830 0.057233445 -0.011479242 -13.502188683 0.056816518 0.997810841 0.033844549 1.454648972 0.013391152 0.033134628 -0.999361157 4.250145435
-0.998249352 0.058050860 -0.011340196 -13.518449783 0.057668138 0.997836292 0.031576961 1.475360751 0.013148731 0.030867711 -0.999436975 2.883095026
-0.998314798 0.056857347 -0.011618488 -13.526385307 0.056495506 0.997969806 0.029403199 1.495074034 0.013266688 0.028697258 -0.999500036 1.511821628
-0.998457789 0.054181576 -0.012093221 -13.536725998 0.053823840 0.998153031 0.028169688 1.520080209 0.013597162 0.027475342 -0.999530017 0.130446330
-0.998527646 0.052756649 -0.012616096 -13.541372299 0.052380651 0.998221099 0.028477194 1.543941498 0.014096014 0.027774427 -0.999514818 -1.243892908
-0.998541474 0.052487653 -0.012655580 -13.557722092 0.052114826 0.998243392 0.028181149 1.554693460 0.014112514 0.027480500 -0.999522626 -2.615633011
-0.998524427 0.052759930 -0.012861827 -13.567147255 0.052405022 0.998273492 0.026524683 1.571707845 0.014239063 0.025811516 -0.999565423 -3.999714613
-0.998577476 0.051749583 -0.012843597 -13.582515717 0.051402047 0.998338103 0.026056023 1.585073590 0.014170640 0.025358770 -0.999577999 -5.375744343
-0.998581886 0.051577460 -0.013187013 -13.589913368 0.051211186 0.998329580 0.026748860 1.599100590 0.014544623 0.026035605 -0.999555230 -6.762437344
-0.998645544 0.050330747 -0.013195117 -13.606519699 0.049973253 0.998408139 0.026151480 1.612933040 0.014490338 0.025456654 -0.999570906 -8.148376465
-0.998744547 0.048193872 -0.013664120 -13.613005638 0.047819287 0.998503625 0.026529642 1.631705642 0.014922242 0.025842927 -0.999554634 -9.547838211
-0.998849869 0.045930337 -0.013758318 -13.625843048 0.045512002 0.998533547 0.029314993 1.644603491 0.015084592 0.028655110 -0.999475479 -10.957270622
-0.998939216 0.043931551 -0.013795344 -13.637666702 0.043515682 0.998628139 0.029122731 1.664393187 0.015055826 0.028491527 -0.999480605 -12.352383614
-0.998926044 0.044105209 -0.014192829 -13.655084610 0.043725207 0.998703778 0.026054775 1.677325368 0.015323583 0.025406210 -0.999559760 -13.762124062
-0.998979986 0.042833474 -0.014289756 -13.666399002 0.042458709 0.998770893 0.025572592 1.694521427 0.015367555 0.024939787 -0.999570847 -15.164692879
-0.998999596 0.042508189 -0.013888888 -13.683998108 0.042132135 0.998764932 0.026330901 1.704645991 0.014991015 0.025719389 -0.999556720 -16.574031830
-0.999052823 0.041314796 -0.013662768 -13.695952415 0.040978797 0.998871207 0.024019834 1.717965245 0.014639719 0.023437196 -0.999618113 -17.983480453
-0.999117613 0.039807901 -0.013392331 -13.707955360 0.039530024 0.999009907 0.020410586 1.728013396 0.014191575 0.019863177 -0.999701917 -19.400054932
-0.999123514 0.039678209 -0.013336672 -13.720659256 0.039412506 0.999030352 0.019627661 1.738143206 0.014102530 0.019084826 -0.999718428 -20.808700562
-0.999083877 0.040751878 -0.013064452 -13.732674599 0.040465377 0.998949707 0.021491595 1.741591096 0.013926554 0.020943245 -0.999683678 -22.223154068
-0.998951137 0.044098824 -0.012323509 -13.749084473 0.043821581 0.998798609 0.021928186 1.754260302 0.013275712 0.021365147 -0.999683619 -23.642547607
-0.998915732 0.045054197 -0.011726994 -13.765705109 0.044796485 0.998767257 0.021381903 1.763372183 0.012675883 0.020833394 -0.999702513 -25.080537796
-0.998933852 0.044694096 -0.011564208 -13.777315140 0.044439171 0.998782098 0.021434631 1.770420551 0.012508126 0.020897876 -0.999703288 -26.509885788
-0.998945057 0.044378135 -0.011804118 -13.779869080 0.044143882 0.998836517 0.019416049 1.774837613 0.012652033 0.018874489 -0.999741733 -27.931825638
-0.999001682 0.043158598 -0.011529354 -13.782873154 0.042906649 0.998852611 0.021272503 1.781324387 0.012434217 0.020756586 -0.999707222 -29.359296799
-0.999011695 0.043189947 -0.010497935 -13.802058220 0.042922944 0.998779118 0.024451738 1.796086192 0.011541188 0.023976970 -0.999645889 -30.797960281
-0.998907626 0.045695614 -0.009770719 -13.812356949 0.045439564 0.998654425 0.024992991 1.808395267 0.010899642 0.024521714 -0.999639869 -32.241363525
-0.998823583 0.047666572 -0.008907693 -13.831901550 0.047442582 0.998589098 0.023859806 1.815697551 0.010032439 0.023409136 -0.999675632 -33.667980194
-0.998736680 0.049592294 -0.008097416 -13.846682549 0.049381617 0.998481393 0.024420692 1.826754808 0.009296196 0.023989977 -0.999668956 -35.097618103
-0.998686969 0.050623886 -0.007849088 -13.850156784 0.050410543 0.998407066 0.025339935 1.838457346 0.009119391 0.024910986 -0.999648094 -36.540584564
-0.998607934 0.052177977 -0.007726787 -13.855716705 0.051965561 0.998322666 0.025525436 1.848891497 0.009045692 0.025088377 -0.999644279 -37.962139130
-0.998450160 0.055190403 -0.007157011 -13.871566772 0.054985937 0.998144209 0.026165130 1.859070778 0.008587793 0.025731042 -0.999632001 -39.389720917
-0.998334765 0.057321455 -0.006487203 -13.883314133 0.057122860 0.997988284 0.027502187 1.869401693 0.008050619 0.027085820 -0.999600649 -40.805156708
-0.998247504 0.058852151 -0.006193998 -13.889076233 0.058653068 0.997871220 0.028510174 1.878207922 0.007858698 0.028096914 -0.999574244 -42.238098145
-0.998100519 0.061339386 -0.005730680 -13.900794983 0.061180361 0.997820854 0.024705574 1.888373852 0.007233617 0.024308039 -0.999678314 -43.648368835
-0.998007536 0.062804513 -0.006041798 -13.903678894 0.062669396 0.997825265 0.020426162 1.895164728 0.007311516 0.020006828 -0.999773085 -45.049880981
-0.997964382 0.063533999 -0.005526005 -13.912987709 0.063416801 0.997800767 0.019285681 1.904897690 0.006739150 0.018895980 -0.999798656 -46.453498840
-0.997957468 0.063613608 -0.005837958 -13.912373543 0.063470289 0.997738600 0.022114454 1.897310972 0.007231535 0.021698747 -0.999738336 -47.870872498
-0.997993469 0.063053720 -0.005761432 -13.916423798 0.062906176 0.997755468 0.022953250 1.907480001 0.007195787 0.022544764 -0.999719918 -49.267093658
-0.998040557 0.062316123 -0.005636929 -13.919250488 0.062178012 0.997821808 0.022034798 1.915203810 0.006997773 0.021641128 -0.999741316 -50.690162659
-0.998026550 0.062514134 -0.005915818 -13.919849396 0.062371127 0.997813344 0.021872781 1.926977873 0.007270240 0.021460639 -0.999743342 -52.099483490
-0.998064160 0.061948687 -0.005493954 -13.924991608 0.061809428 0.997830629 0.022663778 1.931273222 0.006886026 0.022280326 -0.999728024 -53.506095886
-0.998042583 0.062241241 -0.006085709 -13.931628227 0.062106375 0.997863412 0.020285139 1.940311313 0.007335280 0.019867470 -0.999775648 -54.907600403
-0.998075485 0.061593309 -0.007177504 -13.932426453 0.061437000 0.997905016 0.020272942 1.940972090 0.008411143 0.019792961 -0.999768734 -56.315101624
-0.998057604 0.061772905 -0.008062144 -13.940933228 0.061592795 0.997881532 0.020946864 1.951127768 0.009339011 0.020409608 -0.999748111 -57.717147827
-0.997997820 0.062605172 -0.008993911 -13.948398590 0.062406063 0.997831166 0.020935126 1.953873158 0.010285052 0.020331934 -0.999740362 -59.121273041
-0.997942686 0.063386224 -0.009620726 -13.963951111 0.063185483 0.997803211 0.019904314 1.957864404 0.010861252 0.019255472 -0.999755621 -60.529479980
-0.997965515 0.062909566 -0.010356911 -13.975620270 0.062696971 0.997837961 0.019710580 1.960229158 0.011574503 0.019021131 -0.999752104 -61.922863007
-0.997981071 0.062460069 -0.011520137 -13.975530624 0.062211808 0.997846782 0.020778382 1.963134050 0.012793153 0.020019745 -0.999717653 -63.329826355
-0.998023152 0.061693009 -0.011988752 -13.992995262 0.061429147 0.997885168 0.021255029 1.968733072 0.013274685 0.020476554 -0.999702096 -64.725692749
-0.998054564 0.061038826 -0.012699147 -14.006148338 0.060754798 0.997917593 0.021663761 1.974586010 0.013995032 0.020850083 -0.999684632 -66.142234802
-0.998071015 0.060734961 -0.012860565 -14.025688171 0.060447291 0.997935772 0.021686133 1.981252193 0.014151122 0.020866917 -0.999682069 -67.548759460
-0.998084784 0.060322512 -0.013709900 -14.035205841 0.060010459 0.997952282 0.022134684 1.978638172 0.015017046 0.021269552 -0.999660969 -68.961936951
-0.998026431 0.061342362 -0.013429825 -14.050161362 0.061059173 0.997922182 0.020569013 1.983252645 0.014663671 0.019708404 -0.999698222 -70.352241516
-0.997989297 0.061926298 -0.013504883 -14.061408997 0.061671723 0.997924685 0.018516215 1.983408689 0.014623498 0.017646115 -0.999737263 -71.734443665
-0.998021603 0.061526783 -0.012931768 -14.077312469 0.061287262 0.997954786 0.018167177 1.981831551 0.014023087 0.017338682 -0.999751270 -73.113006592
-0.997907996 0.063437328 -0.012457183 -14.091450691 0.063189283 0.997813225 0.019386260 1.979497552 0.013659755 0.018558547 -0.999734402 -74.517913818
-0.997839093 0.064698443 -0.011452615 -14.103624344 0.064444438 0.997693717 0.021308225 1.981409907 0.012804811 0.020524122 -0.999707401 -75.910987854
-0.997791708 0.065594897 -0.010438866 -14.118817329 0.065334953 0.997585475 0.023550348 1.981776834 0.011958444 0.022816321 -0.999668121 -77.295906067
-0.997755885 0.066302389 -0.009328606 -14.128965378 0.066074148 0.997550726 0.022953155 1.986291528 0.010827606 0.022285266 -0.999693036 -78.670730591
-0.997794628 0.065787151 -0.008827104 -14.136716843 0.065611839 0.997666895 0.018864961 1.996224642 0.010047582 0.018244198 -0.999783039 -80.028213501
-0.997912705 0.063995540 -0.008649493 -14.144530296 0.063847274 0.997824013 0.016450314 1.991117597 0.009683419 0.015863728 -0.999827206 -81.373672485
-0.997969449 0.063087024 -0.008784493 -14.147090912 0.062919714 0.997853041 0.018172534 1.990897894 0.009912085 0.017582914 -0.999796212 -82.732528687
-0.997960389 0.063272238 -0.008467986 -14.152066231 0.063066140 0.997750580 0.022722159 1.992102861 0.009886621 0.022141770 -0.999705970 -84.098236084
-0.997926950 0.063824683 -0.008258711 -14.153491974 0.063601144 0.997662842 0.024970368 2.003370523 0.009833136 0.024393339 -0.999654114 -85.463722229
-0.997890949 0.064371951 -0.008357475 -14.167707443 0.064143516 0.997622430 0.025204998 2.012074232 0.009960098 0.024615766 -0.999647379 -86.807235718
-0.997891128 0.064354934 -0.008472905 -14.179032326 0.064141095 0.997664928 0.023466038 2.015581369 0.009963277 0.022873091 -0.999688685 -88.134613037
-0.997932613 0.063515067 -0.009810030 -14.179965019 0.063288674 0.997755349 0.021881560 2.020771027 0.011177819 0.021215459 -0.999712467 -89.484252930
-0.997982323 0.062586002 -0.010690134 -14.188020706 0.062356539 0.997841358 0.020595791 2.027015209 0.011956068 0.019887634 -0.999730766 -90.815620422
-0.998057485 0.061180033 -0.011759195 -14.193601608 0.060913801 0.997904897 0.021802384 2.027612925 0.013068430 0.021043738 -0.999693096 -92.152496338
-0.998053670 0.061222021 -0.011866513 -14.211171150 0.060936011 0.997873724 0.023127066 2.035044909 0.013257166 0.022358954 -0.999662101 -93.481262207
-0.998028398 0.061371639 -0.013145383 -14.214689255 0.061071269 0.997887611 0.022147974 2.035605431 0.014476872 0.021301500 -0.999668300 -94.799194336
-0.998015344 0.061481029 -0.013617706 -14.228875160 0.061183583 0.997899771 0.021277191 2.040545225 0.014897249 0.020401783 -0.999680877 -96.138328552
-0.998011768 0.061372168 -0.014353141 -14.242216110 0.061040264 0.997881353 0.022519607 2.046777964 0.015704807 0.021598715 -0.999643385 -97.444244385
-0.997988760 0.061587814 -0.015014451 -14.260387421 0.061219882 0.997839391 0.023843883 2.043007374 0.016450506 0.022876741 -0.999602914 -98.754722595
-0.998024821 0.060793646 -0.015832679 -14.279011726 0.060414489 0.997898698 0.023416346 2.056251049 0.017222976 0.022413570 -0.999600410 -100.062683105
-0.997966886 0.061486401 -0.016778005 -14.296849251 0.061078772 0.997848809 0.023813451 2.054481745 0.018206116 0.022740256 -0.999575615 -101.368156433
-0.997953653 0.061533183 -0.017384484 -14.317362785 0.061114803 0.997850418 0.023652155 2.058921099 0.018802511 0.022541305 -0.999568999 -102.682502747
-0.997947633 0.061457705 -0.017984984 -14.334315300 0.061032005 0.997862995 0.023332300 2.068007469 0.019380502 0.022186758 -0.999565899 -103.977478027
-0.997938097 0.061464701 -0.018482974 -14.360497475 0.061024416 0.997859299 0.023510361 2.072913170 0.019888468 0.022333974 -0.999552667 -105.283851624
-0.997951508 0.061037254 -0.019164516 -14.376363754 0.060585666 0.997890532 0.023321481 2.079480886 0.020547571 0.022112615 -0.999544263 -106.582450867
-0.997926176 0.061198100 -0.019953158 -14.402242661 0.060754538 0.997907579 0.022126192 2.075697899 0.021265484 0.020868063 -0.999556065 -107.875328064
-0.997875392 0.061938565 -0.020210240 -14.425782204 0.061515622 0.997887015 0.020917974 2.078583717 0.021463161 0.019630285 -0.999576926 -109.171531677
-0.997869849 0.061799403 -0.020893678 -14.446625710 0.061340347 0.997875810 0.021941204 2.081693888 0.022205248 0.020612843 -0.999540925 -110.427696228
-0.997854948 0.062030811 -0.020921398 -14.467172623 0.061514538 0.997805953 0.024478825 2.085487843 0.022393942 0.023139350 -0.999481380 -111.706558228
-0.997832656 0.062424473 -0.020818645 -14.491127014 0.061934546 0.997805834 0.023402374 2.092076302 0.022233848 0.022062257 -0.999509335 -112.984779358
-0.997865319 0.061940100 -0.020697787 -14.510438919 0.061468888 0.997851431 0.022676339 2.096418858 0.022057891 0.021355661 -0.999528527 -114.251342773
-0.997816861 0.062725350 -0.020666033 -14.535379410 0.062252942 0.997800827 0.022760786 2.106202602 0.022048263 0.021424575 -0.999527335 -115.526443481
-0.997762442 0.063760638 -0.020116946 -14.560817719 0.063292138 0.997727096 0.023124818 2.112344980 0.021545675 0.021799829 -0.999530137 -116.783691406
-0.997766554 0.063880965 -0.019522147 -14.586289406 0.063400000 0.997691572 0.024335481 2.112126589 0.021031652 0.023043428 -0.999513209 -118.034500122
-0.997781813 0.063691467 -0.019365886 -14.605143547 0.063198097 0.997685254 0.025102912 2.118946075 0.020919902 0.023823338 -0.999497294 -119.298690796
-0.997777939 0.063784458 -0.019252438 -14.624229431 0.063305251 0.997692168 0.024550878 2.129096270 0.020773970 0.023277547 -0.999513209 -120.556396484
-0.997815490 0.063156918 -0.019372741 -14.641998291 0.062674664 0.997731626 0.024564957 2.135723114 0.020880243 0.023297120 -0.999510527 -121.810234070
-0.997790635 0.063433409 -0.019748718 -14.662875175 0.062955350 0.997728825 0.023954391 2.144149065 0.021223374 0.022658182 -0.999517977 -123.033950806
-0.997843206 0.062479109 -0.020133298 -14.684450150 0.061998941 0.997795939 0.023651443 2.147505283 0.021566644 0.022352187 -0.999517500 -124.285484314
-0.997881711 0.061413161 -0.021462739 -14.704320908 0.060888361 0.997848630 0.024305169 2.151307583 0.022909222 0.022946851 -0.999474168 -125.497322083
-0.997913480 0.060559906 -0.022386815 -14.731060028 0.059990276 0.997878373 0.025296792 2.159148932 0.023871291 0.023901019 -0.999429286 -126.715141296
-0.997947633 0.059556995 -0.023525676 -14.754288673 0.058943883 0.997923970 0.025948239 2.162715435 0.025022238 0.024508288 -0.999386430 -127.910682678
-0.997945309 0.058988787 -0.025008921 -14.778168678 0.058362354 0.997980297 0.025079729 2.162554502 0.026437834 0.023568617 -0.999372602 -129.105987549
-0.997885227 0.059362590 -0.026480487 -14.800204277 0.058752086 0.998001397 0.023266539 2.168713570 0.027808724 0.021661554 -0.999378562 -130.289367676
-0.997853994 0.059797686 -0.026675560 -14.834398270 0.059183657 0.997976422 0.023243506 2.171136618 0.028011495 0.021614868 -0.999373794 -131.460021973
-0.997802019 0.060686938 -0.026609842 -14.864828110 0.060009390 0.997870505 0.025562204 2.171841860 0.028104469 0.023909181 -0.999318957 -132.612335205
-0.997781157 0.061270781 -0.026050245 -14.894233704 0.060557146 0.997789860 0.027354168 2.175342560 0.027668683 0.025715945 -0.999286294 -133.757720947
-0.997607827 0.064072125 -0.025947297 -14.923296928 0.063354522 0.997609556 0.027594037 2.187887192 0.027653281 0.025884151 -0.999282420 -134.875961304
-0.997535765 0.065122068 -0.026104422 -14.943457603 0.064408235 0.997549772 0.027312575 2.189065933 0.027819112 0.025563933 -0.999285996 -135.976730347
-0.997603893 0.064089835 -0.026054388 -14.969781876 0.063337177 0.997577846 0.028754238 2.198607922 0.027834132 0.027035130 -0.999246895 -137.060729980
-0.997573495 0.064394347 -0.026463566 -14.994357109 0.063557886 0.997486591 0.031319313 2.201020002 0.028413838 0.029561350 -0.999159038 -138.127838135
-0.997549295 0.064146258 -0.027938036 -15.016533852 0.063273534 0.997512281 0.031076033 2.209823847 0.029861944 0.029232139 -0.999126494 -139.163818359
-0.997609437 0.062263645 -0.029976910 -15.040843964 0.061374109 0.997671902 0.029732767 2.219687462 0.031758390 0.027821884 -0.999108255 -140.183166504
-0.997591674 0.061958734 -0.031177562 -15.069324493 0.061033763 0.997690916 0.029793687 2.224691868 0.032951549 0.027819047 -0.999069750 -141.164520264
-0.997493029 0.062972449 -0.032282416 -15.106412888 0.061984465 0.997603536 0.030743400 2.229279995 0.034141038 0.028665315 -0.999005973 -142.156784058
-0.997372866 0.064478204 -0.033015385 -15.135165215 0.063458122 0.997500837 0.031066323 2.234863043 0.034935977 0.028889608 -0.998971999 -143.092864990
-0.997324288 0.065489478 -0.032485299 -15.163459778 0.064481966 0.997432530 0.031149581 2.237477541 0.034441862 0.028971517 -0.998986661 -144.012664795
-0.997218430 0.068041675 -0.030427156 -15.189436913 0.067119256 0.997282505 0.030374410 2.239555597 0.032411195 0.028247669 -0.999075353 -144.883499146
-0.997170508 0.071238205 -0.024002872 -15.216194153 0.070531785 0.997085154 0.029094171 2.246920824 0.026005525 0.027318884 -0.999288380 -145.741256714
-0.997081161 0.075411282 -0.011938998 -15.228435516 0.075055838 0.996790349 0.027849667 2.249465942 0.014000859 0.026872283 -0.999540806 -146.551269531
-0.996870995 0.078815475 0.006031156 -15.220376968 0.078949064 0.996522963 0.026628127 2.252844334 -0.003911480 0.027020963 -0.999627233 -147.335632324
-0.996423423 0.079461776 0.028743967 -15.193418503 0.080224045 0.996426761 0.026415108 2.255408287 -0.026542267 0.028626589 -0.999237716 -148.092407227
-0.995384991 0.078789383 0.054779973 -15.142596245 0.080430560 0.996354759 0.028426548 2.251073837 -0.052340571 0.032701347 -0.998093724 -148.809722900
-0.993543983 0.076836608 0.083465226 -15.071518898 0.079623885 0.996355414 0.030590594 2.252908468 -0.080810569 0.037038922 -0.996041059 -149.503646851
-0.990504920 0.075974941 0.114576355 -14.976982117 0.079825319 0.996375322 0.029393617 2.249795198 -0.111927874 0.038260613 -0.992979467 -150.161605835
-0.985608935 0.076980010 0.150495961 -14.868703842 0.081671230 0.996339738 0.025234247 2.245515823 -0.148002565 0.037162289 -0.988288522 -150.785400391
-0.978482902 0.078302033 0.190892741 -14.733402252 0.083551124 0.996310830 0.019593090 2.242969990 -0.188654304 0.035120808 -0.981415331 -151.373077393
-0.968856096 0.078908443 0.234715447 -14.571121216 0.084643617 0.996306598 0.014445093 2.239831448 -0.232708678 0.033862378 -0.971956789 -151.933761597
-0.956261635 0.077979237 0.281926751 -14.389537811 0.084493250 0.996363223 0.011002894 2.232467413 -0.280043453 0.034342553 -0.959372759 -152.465835571
-0.939938605 0.078629516 0.332163841 -14.184471130 0.086138181 0.996251702 0.007917183 2.218104362 -0.330296218 0.036053650 -0.943188488 -152.963226318
-0.919378817 0.079377525 0.385281473 -13.951789856 0.087717853 0.996136963 0.004088053 2.203012943 -0.383468688 0.037554536 -0.922789991 -153.439178467
-0.894824028 0.077749811 0.439596325 -13.688892365 0.086539574 0.996248424 -0.000046486 2.187114954 -0.437950790 0.038000882 -0.898195386 -153.881607056
-0.865960419 0.076349996 0.494250149 -13.397232056 0.085735083 0.996311128 -0.003692785 2.171238422 -0.492708892 0.039176777 -0.869311810 -154.306701660
-0.832237363 0.074452199 0.549397707 -13.104133606 0.084681980 0.996385157 -0.006748399 2.152585745 -0.547914147 0.040907815 -0.835533738 -154.691528320
-0.794064581 0.073240660 0.603404701 -12.769996643 0.084053591 0.996407688 -0.010330672 2.134295940 -0.601993680 0.042515110 -0.797368169 -155.070709229
-0.751103401 0.071093000 0.656345367 -12.409942627 0.082586341 0.996493459 -0.013427086 2.111562729 -0.654998362 0.044120036 -0.754341066 -155.418945312
-0.702484906 0.068412580 0.708402872 -12.034461975 0.081068508 0.996582448 -0.015851676 2.096597672 -0.707066357 0.046293601 -0.705630243 -155.737304688
-0.649225891 0.064239159 0.757877946 -11.673698425 0.078262530 0.996780097 -0.017446402 2.070868015 -0.756558359 0.047986791 -0.652163029 -156.005935669
-0.593386292 0.058183234 0.802812219 -11.276481628 0.072267115 0.997206986 -0.018856736 2.050934553 -0.801667094 0.046827585 -0.595933735 -156.250595093
-0.535268128 0.053851362 0.842963815 -10.850837708 0.067243457 0.997514904 -0.021026134 2.025691986 -0.842001319 0.045429178 -0.537559152 -156.463317871
-0.474181235 0.049887776 0.879012704 -10.438999176 0.062263183 0.997793734 -0.023041386 1.984080791 -0.878222823 0.043804336 -0.476241380 -156.655075073
-0.411662459 0.049473766 0.909992576 -9.980155945 0.060652506 0.997798800 -0.026809569 1.977858782 -0.909315825 0.044156831 -0.413757026 -156.797714233
-0.347410977 0.049243905 0.936419070 -9.516925812 0.059076674 0.997785747 -0.030553609 1.950802803 -0.935850143 0.044705868 -0.349550843 -156.910339355
-0.281819999 0.050325256 0.958146632 -9.069263458 0.056143224 0.997777343 -0.035893381 1.928031802 -0.957823336 0.043677960 -0.284018993 -156.983047485
-0.214446262 0.050394621 0.975434899 -8.615806580 0.052105628 0.997836232 -0.040096708 1.907084703 -0.975344956 0.042227056 -0.216608077 -157.041244507
-0.146536753 0.046749778 0.988099933 -8.168468475 0.046149123 0.998118103 -0.040379781 1.882700443 -0.988128126 0.039682824 -0.148418441 -157.042907715
-0.076179370 0.038321421 0.996357441 -7.708869934 0.043262839 0.998447180 -0.035094008 1.851461887 -0.996155083 0.040431816 -0.077718996 -157.042861938
-0.004963942 0.028015386 0.999595106 -7.241029263 0.042481747 0.998710930 -0.027779639 1.832431078 -0.999084890 0.042326655 -0.006147690 -157.011962891
0.066832349 0.015268726 0.997647464 -6.790118217 0.040059678 0.999035656 -0.017973565 1.803276896 -0.996959686 0.041166648 0.066156201 -156.960647583
0.138221115 0.003739066 0.990394354 -6.318468094 0.036761742 0.999284506 -0.008903153 1.779480577 -0.989718854 0.037639234 0.137984738 -156.859054565
0.208821982 -0.005115908 0.977940261 -5.857418060 0.032078866 0.999484062 -0.001621269 1.757230520 -0.977427483 0.031709772 0.208878309 -156.706359863
0.278317988 -0.009299789 0.960443974 -5.398658752 0.031213235 0.999512494 0.000633092 1.747944236 -0.959981680 0.029802360 0.278472602 -156.510894775
0.348666698 -0.012212958 0.937167168 -4.927040100 0.031199498 0.999512136 0.001417857 1.741246223 -0.936727405 0.028744783 0.348877639 -156.305221558
0.416272223 -0.017724793 0.909067154 -4.469711304 0.032706082 0.999454796 0.004510668 1.737447619 -0.908651590 0.027854359 0.416625082 -156.061019897
0.480893970 -0.023938708 0.876451850 -4.017951965 0.034069285 0.999382436 0.008603098 1.738119841 -0.876116514 0.025722910 0.481412649 -155.764877319
0.543356776 -0.028528307 0.839016914 -3.576492310 0.034431636 0.999338806 0.011681263 1.739248991 -0.838795424 0.022541633 0.543979764 -155.442108154
0.602905154 -0.030147176 0.797243059 -3.126617432 0.033542953 0.999360025 0.012423640 1.732178688 -0.797107399 0.019251611 0.603530526 -155.089141846
0.656329095 -0.029636143 0.753892422 -2.748435974 0.032125313 0.999419749 0.011320141 1.717042923 -0.753790438 0.016789289 0.656900346 -154.701522827
0.706027925 -0.028268289 0.707619548 -2.321685791 0.033620346 0.999414384 0.006380309 1.725771785 -0.707385480 0.019285738 0.706564784 -154.254501343
0.750849366 -0.028472258 0.659859538 -1.938911438 0.036133461 0.999345005 0.002004703 1.724985242 -0.659484386 0.022337772 0.751386285 -153.782501221
0.792117059 -0.028015617 0.609725893 -1.549407959 0.036039200 0.999349952 -0.000901817 1.740204215 -0.609304130 0.022688378 0.792611957 -153.262664795
0.828377366 -0.030881418 0.559318721 -1.296211243 0.036126945 0.999345839 0.001670714 1.713598728 -0.559004486 0.018822499 0.828951001 -152.740509033
0.863132536 -0.031531367 0.503991961 -1.001159668 0.034607206 0.999395609 0.003257400 1.700106382 -0.503790081 0.014630181 0.863702178 -152.156677246
0.894333780 -0.033153314 0.446170419 -0.723678589 0.035340481 0.999369442 0.003420746 1.701624632 -0.446002603 0.012708586 0.894941449 -151.542251587
0.921131730 -0.033412900 0.387814224 -0.490818024 0.034563370 0.999394476 0.004010276 1.689406633 -0.387713373 0.009710163 0.921728849 -150.931488037
0.942426324 -0.032271322 0.332853138 -0.295036316 0.032793082 0.999453962 0.004051749 1.684043884 -0.332802117 0.007096808 0.942969978 -150.264892578
0.959021509 -0.026677551 0.282074332 -0.126480103 0.027177565 0.999628365 0.002140464 1.679880261 -0.282026589 0.005613344 0.959390104 -149.573120117
0.971269727 -0.021319857 0.237024486 0.022312164 0.021979066 0.999758422 -0.000138826 1.672133207 -0.236964256 0.005344416 0.971503675 -148.858276367
0.980249822 -0.016344164 0.197086662 0.140686035 0.016898651 0.999856591 -0.001131829 1.666175127 -0.197039917 0.004439974 0.980385423 -148.109207153
0.986837506 -0.016286865 0.160893098 0.248037338 0.016550286 0.999863029 -0.000297104 1.662787437 -0.160866201 0.002956021 0.986971796 -147.343109131
0.991706431 -0.016841773 0.127415672 0.344127655 0.016872799 0.999857306 0.000835776 1.654895663 -0.127411559 0.001321009 0.991849065 -146.545837402
0.995133340 -0.015770840 0.097267628 0.408689499 0.015676362 0.999875665 0.001735549 1.648487210 -0.097282901 -0.000202300 0.995256782 -145.719161987
0.997405291 -0.013204606 0.070768915 0.452325821 0.013145376 0.999912798 0.001302611 1.641286969 -0.070779920 -0.000368942 0.997491896 -144.866333008
0.998737633 -0.007105905 0.049726076 0.474147320 0.007087758 0.999974668 0.000541366 1.638086796 -0.049728673 -0.000188244 0.998762727 -143.987167358
0.999406874 -0.001890313 0.034383118 0.481512070 0.001924545 0.999997556 -0.000962519 1.634744525 -0.034381222 0.001028118 0.999408185 -143.087203979
0.999684632 0.002997286 0.024932142 0.491790533 -0.002944441 0.999993324 -0.002156078 1.626216054 -0.024938438 0.002081991 0.999686778 -142.175430298
0.999756873 0.006381673 0.021105049 0.497270584 -0.006337415 0.999977589 -0.002163157 1.617143154 -0.021118380 0.002028879 0.999774933 -141.235900879
0.999785304 0.006174893 0.019780032 0.512259960 -0.006144927 0.999979794 -0.001575715 1.612134099 -0.019789366 0.001453830 0.999803066 -140.265716553
0.999815226 0.004849005 0.018605763 0.527361155 -0.004847587 0.999988258 -0.000121429 1.602814674 -0.018606134 0.000031218 0.999826849 -139.285568237
0.999841988 0.004789441 0.017119195 0.540926218 -0.004801193 0.999988258 0.000645305 1.596689105 -0.017115902 -0.000727388 0.999853253 -138.291824341
0.999874473 0.003245410 0.015512734 0.550655603 -0.003246947 0.999994695 0.000074041 1.588214636 -0.015512413 -0.000124397 0.999879718 -137.277267456
0.999908030 0.004053510 0.012942998 0.565557599 -0.004051519 0.999991894 -0.000180479 1.579777479 -0.012943624 0.000128031 0.999916136 -136.235122681
0.999934494 0.003266333 0.010975966 0.569885492 -0.003274760 0.999994457 0.000749725 1.576544881 -0.010973454 -0.000785613 0.999939442 -135.178375244
0.999950945 0.003708372 0.009182303 0.573089242 -0.003739597 0.999987304 0.003385233 1.569963455 -0.009169634 -0.003419398 0.999952137 -134.101440430
0.999972343 0.002294146 0.007073637 0.578736424 -0.002323529 0.999988735 0.004148541 1.564083099 -0.007064040 -0.004164862 0.999966502 -133.014053345
0.999983847 0.001450593 0.005490127 0.584374487 -0.001466203 0.999994874 0.002841152 1.551733851 -0.005485974 -0.002849148 0.999980986 -131.904785156
0.999989271 -0.000137397 0.004634706 0.575459719 0.000129189 0.999998450 0.001771542 1.537476897 -0.004634942 -0.001770918 0.999987721 -130.789993286
0.999994814 0.000515456 0.003183031 0.581651330 -0.000520385 0.999998689 0.001550953 1.536436319 -0.003182227 -0.001552602 0.999993682 -129.627517700
0.999995649 0.001709488 0.002415472 0.581107736 -0.001711499 0.999998212 0.000830468 1.532007575 -0.002414047 -0.000834596 0.999996722 -128.460098267
0.999996245 0.001875745 0.002055567 0.581038833 -0.001875186 0.999998212 -0.000273738 1.520714045 -0.002056079 0.000269882 0.999997795 -127.273727417
0.999996185 0.001751959 0.002138513 0.576573014 -0.001750349 0.999998212 -0.000755175 1.510187984 -0.002139834 0.000751430 0.999997377 -126.076263428
0.999992251 0.002255194 0.003222764 0.568315148 -0.002255201 0.999997437 0.000002796 1.492698908 -0.003222747 -0.000010064 0.999994755 -124.862419128
0.999989569 0.002340827 0.003929840 0.569330037 -0.002342444 0.999997258 0.000407736 1.479883909 -0.003928874 -0.000416932 0.999992192 -123.632156372
0.999977231 0.003176488 0.005958169 0.567147791 -0.003168706 0.999994099 -0.001314009 1.465295792 -0.005962308 0.001295100 0.999981344 -122.376968384
0.999964297 0.003327121 0.007778774 0.567661226 -0.003290546 0.999983430 -0.004709870 1.447547913 -0.007794317 0.004684106 0.999958634 -121.121444702
0.999950349 0.002539871 0.009629666 0.577157497 -0.002467680 0.999968767 -0.007500797 1.436706066 -0.009648415 0.007476661 0.999925494 -119.858581543
0.999948323 0.000544883 0.010148180 0.593961000 -0.000459037 0.999963999 -0.008459424 1.417931914 -0.010152425 0.008454326 0.999912798 -118.585609436
0.999945641 0.000106089 0.010423778 0.595793724 -0.000031981 0.999974847 -0.007107880 1.390961409 -0.010424268 0.007107165 0.999920428 -117.273437500
0.999956608 -0.001039792 0.009251181 0.608496308 0.001112125 0.999968886 -0.007816328 1.374094605 -0.009242765 0.007826279 0.999926746 -115.933586121
0.999966443 -0.000420130 0.008186115 0.600922585 0.000500497 0.999951661 -0.009817739 1.341865540 -0.008181595 0.009821507 0.999918342 -114.590171814
0.999983072 -0.001656943 0.005603977 0.613498867 0.001718965 0.999937057 -0.011081616 1.305821657 -0.005585263 0.011091059 0.999922872 -113.261878967
0.999997616 -0.001509766 0.001607582 0.623881817 0.001526466 0.999944329 -0.010436785 1.283519745 -0.001591736 0.010439212 0.999944210 -111.888153076
0.999997377 -0.002256307 -0.000142743 0.611655474 0.002255079 0.999964654 -0.008094789 1.254215121 0.000161002 0.008094446 0.999967217 -110.545944214
0.999998510 -0.001113856 -0.001236647 0.594821453 0.001103524 0.999964714 -0.008322923 1.221313477 0.001245876 0.008321548 0.999964595 -109.163772583
0.999994457 -0.002333366 -0.002355974 0.586170673 0.002311322 0.999953926 -0.009315956 1.203362823 0.002377603 0.009310456 0.999953806 -107.761909485
0.999988437 -0.003219923 -0.003553760 0.574064016 0.003181552 0.999937117 -0.010750047 1.178352118 0.003588151 0.010738613 0.999935865 -106.356178284
0.999985278 -0.003042171 -0.004496640 0.564275384 0.002988735 0.999925375 -0.011843077 1.148884177 0.004532333 0.011829467 0.999919772 -104.924018860
0.999981105 -0.001738053 -0.005897424 0.553534508 0.001667577 0.999927282 -0.011934098 1.120203853 0.005917736 0.011924036 0.999911427 -103.478660583
0.999982715 -0.001719406 -0.005627715 0.537410975 0.001659597 0.999942243 -0.010613631 1.087654710 0.005645639 0.010604102 0.999927938 -102.014602661
0.999987960 -0.000108537 -0.004908757 0.514837444 0.000071247 0.999971151 -0.007595890 1.063327074 0.004909441 0.007595447 0.999959052 -100.532173157
0.999990344 -0.000135489 -0.004384574 0.496604234 0.000109182 0.999981999 -0.006001289 1.036560297 0.004385312 0.006000753 0.999972403 -99.026580811
0.999990106 -0.000840967 -0.004363819 0.485715985 0.000828168 0.999995470 -0.002935398 1.013732195 0.004366270 0.002931757 0.999986172 -97.527343750
0.999993980 -0.000309112 -0.003486397 0.469994217 0.000319952 0.999995112 0.003108084 0.996328533 0.003485420 -0.003109174 0.999989033 -96.016860962
0.999995053 0.000140586 -0.003156421 0.460192859 -0.000115129 0.999967456 0.008065368 0.988239765 0.003157452 -0.008064967 0.999962449 -94.505599976
0.999992847 0.001713698 -0.003372429 0.448251247 -0.001675791 0.999935865 0.011209435 0.973115444 0.003391422 -0.011203704 0.999931514 -92.961692810
0.999988735 0.003032165 -0.003627608 0.435524046 -0.002985677 0.999914229 0.012752486 0.966469526 0.003665964 -0.012741504 0.999912083 -91.455337524
0.999989569 0.003106318 -0.003342355 0.424065679 -0.003060651 0.999903083 0.013582235 0.959177494 0.003384222 -0.013571864 0.999902189 -89.925514221
0.999989569 0.002870600 -0.003538589 0.414744675 -0.002828382 0.999925494 0.011878205 0.950023174 0.003572423 -0.011868075 0.999923229 -88.424293518
0.999993145 0.002407839 -0.002803793 0.397854477 -0.002381310 0.999952734 0.009427601 0.937902331 0.002826358 -0.009420867 0.999951601 -86.906936646
0.999997258 0.001193769 -0.002007564 0.389598250 -0.001174469 0.999953330 0.009590340 0.922861516 0.002018919 -0.009587957 0.999952018 -85.390930176
0.999998093 0.001607844 -0.001037149 0.383952171 -0.001595646 0.999930859 0.011652606 0.915436566 0.001055813 -0.011650938 0.999931574 -83.878067017
1.000000000 -0.000154378 -0.000245909 0.373715311 0.000157200 0.999933660 0.011516183 0.905444980 0.000244115 -0.011516221 0.999933660 -82.378059387
1.000000000 0.000225791 0.000291756 0.368743151 -0.000228636 0.999952197 0.009777502 0.899381936 -0.000289534 -0.009777569 0.999952137 -80.873710632
0.999999523 -0.000573912 0.000810149 0.365662247 0.000565514 0.999946415 0.010337533 0.882092535 -0.000816039 -0.010337071 0.999946237 -79.369758606
0.999997854 -0.001392270 0.001522866 0.359250814 0.001373895 0.999927044 0.012001351 0.871019661 -0.001539462 -0.011999240 0.999926805 -77.870841980
0.999996364 -0.001860027 0.001954197 0.360657394 0.001832030 0.999897003 0.014234219 0.858829618 -0.001980472 -0.014230579 0.999896765 -76.361343384
0.999994814 -0.002512633 0.002025499 0.357800514 0.002480487 0.999873340 0.015720794 0.853510499 -0.002064741 -0.015715688 0.999874353 -74.862251282
0.999995828 -0.002534998 0.001482632 0.357866168 0.002513280 0.999892175 0.014474312 0.848127842 -0.001519164 -0.014470525 0.999894142 -73.356750488
0.999997377 -0.002059848 0.000994108 0.351376265 0.002049712 0.999947071 0.010095402 0.840585053 -0.001014850 -0.010093347 0.999948502 -71.865325928
0.999999106 0.001242500 0.000390697 0.339111507 -0.001245588 0.999967098 0.008020438 0.829243660 -0.000380717 -0.008020916 0.999967813 -70.373634338
0.999997854 0.002043257 0.000106786 0.329290003 -0.002044174 0.999953628 0.009412180 0.816524088 -0.000087550 -0.009412372 0.999955654 -68.863571167
0.999994874 0.003170379 -0.000341634 0.318791211 -0.003166606 0.999939501 0.010535387 0.804441869 0.000375015 -0.010534250 0.999944448 -67.366584778
0.999999583 0.000581906 -0.000883821 0.320039213 -0.000574430 0.999964178 0.008434945 0.791184247 0.000888699 -0.008434431 0.999964058 -65.876770020
0.999998450 -0.000240700 -0.001792814 0.312547356 0.000258040 0.999953091 0.009678997 0.780294120 0.001790401 -0.009679442 0.999951601 -64.398773193
0.999994874 -0.001807339 -0.002649402 0.310037613 0.001839558 0.999923825 0.012204940 0.758643568 0.002627140 -0.012209759 0.999921978 -62.876926422
0.999990404 -0.002323565 -0.003718191 0.297071666 0.002363475 0.999939203 0.010764922 0.749077678 0.003692952 -0.010773608 0.999935091 -61.387077332
0.999983668 -0.002691671 -0.005038682 0.284680992 0.002728624 0.999969304 0.007342018 0.737565160 0.005018761 -0.007355655 0.999960363 -59.926471710
0.999972522 -0.003393790 -0.006596110 0.274851978 0.003447113 0.999961317 0.008090122 0.722481132 0.006568398 -0.008112637 0.999945521 -58.447040558
0.999962687 -0.003345789 -0.007956619 0.251997590 0.003449902 0.999908209 0.013107728 0.707527995 0.007912032 -0.013134689 0.999882400 -56.983356476
0.999951363 -0.003906061 -0.009050482 0.242833972 0.004026037 0.999903798 0.013275635 0.687551677 0.008997750 -0.013311428 0.999870896 -55.494747162
0.999943435 -0.002851558 -0.010245024 0.222426444 0.002975462 0.999922395 0.012098840 0.684234977 0.010209728 -0.012128646 0.999874294 -54.038166046
0.999948323 -0.002056577 -0.009957870 0.198217511 0.002174757 0.999927163 0.011871897 0.673992336 0.009932727 -0.011892940 0.999879897 -52.551712036
0.999950409 -0.000841974 -0.009928389 0.173162133 0.000959369 0.999929607 0.011825197 0.665479064 0.009917737 -0.011834137 0.999880791 -51.096221924
0.999948919 -0.000623818 -0.010089443 0.145115912 0.000737718 0.999936104 0.011289640 0.653294027 0.010081755 -0.011296507 0.999885380 -49.631874084
0.999948859 -0.000783767 -0.010075904 0.125576049 0.000890657 0.999943376 0.010608033 0.643845499 0.010067020 -0.010616457 0.999892950 -48.159179688
0.999951124 -0.002138838 -0.009654457 0.105565637 0.002246262 0.999935567 0.011129312 0.619026780 0.009630026 -0.011150454 0.999891579 -46.705398560
0.999948084 -0.003275094 -0.009639971 0.091784626 0.003382418 0.999932289 0.011137666 0.608439744 0.009602840 -0.011169693 0.999891639 -45.249385834
0.999948084 -0.005162393 -0.008783864 0.071484953 0.005264712 0.999918103 0.011664798 0.587801099 0.008722924 -0.011710437 0.999893308 -43.791080475
0.999951482 -0.005865416 -0.007911181 0.052484870 0.005971261 0.999892056 0.013422898 0.576507986 0.007831595 -0.013469490 0.999878585 -42.342628479
0.999955773 -0.005829987 -0.007372062 0.041136026 0.005927275 0.999894738 0.013244053 0.565321326 0.007294076 -0.013287166 0.999885082 -40.892578125
0.999967217 -0.004773902 -0.006542139 0.027027756 0.004851131 0.999918103 0.011840915 0.558364391 0.006485076 -0.011872271 0.999908507 -39.448474884
0.999973536 -0.004392536 -0.005802162 0.013542593 0.004449550 0.999941528 0.009850362 0.545812011 0.005758557 -0.009875917 0.999934733 -38.018535614
0.999985218 -0.002719274 -0.004712623 -0.002280638 0.002764563 0.999949694 0.009630783 0.533267498 0.004686198 -0.009643675 0.999942541 -36.565315247
0.999991059 -0.001593740 -0.003909916 -0.016007602 0.001639139 0.999930978 0.011635447 0.524125576 0.003891100 -0.011641752 0.999924660 -35.130191803
0.999994993 -0.000608775 -0.003088980 -0.026044503 0.000649310 0.999913454 0.013138404 0.513639331 0.003080714 -0.013140344 0.999908924 -33.689098358
0.999998152 0.000202030 -0.001918552 -0.037143819 -0.000176755 0.999913394 0.013159955 0.502666295 0.001921046 -0.013159584 0.999911487 -32.254047394
0.999999523 0.000396865 -0.000888407 -0.044816375 -0.000386627 0.999933898 0.011490236 0.493516535 0.000892908 -0.011489885 0.999933541 -30.831815720
0.999999166 -0.001109845 0.000392983 -0.045757305 0.001106188 0.999957144 0.009201780 0.478583544 -0.000403177 -0.009201339 0.999957561 -29.392620087
0.999997020 -0.000966629 0.002270493 -0.057980269 0.000942794 0.999944687 0.010475859 0.469327480 -0.002280493 -0.010473685 0.999942541 -27.961097717
0.999994755 -0.000415639 0.003193116 -0.051868659 0.000378720 0.999933124 0.011553905 0.458629936 -0.003197703 -0.011552642 0.999928176 -26.528535843
