1.000000000 0.000000000 0.000000000 0.000000000 0.000000000 1.000000000 0.000000000 0.000000000 0.000000000 0.000000000 1.000000000 0.000000000
0.999978900 0.000356236 -0.006483169 -0.008000228 -0.000353460 0.999999821 0.000429214 -0.002480439 0.006483321 -0.000426913 0.999978900 0.092252955
0.999907315 0.000959274 -0.013580665 -0.016436968 -0.000957059 0.999999523 0.000169652 -0.001949566 0.013580821 -0.000156639 0.999907792 0.188550964
0.999772489 0.001379730 -0.021286545 -0.026067335 -0.001392027 0.999998868 -0.000562905 -0.002123658 0.021285744 0.000592408 0.999773264 0.285361707
0.999541640 0.001718760 -0.030224796 -0.042935614 -0.001779473 0.999996424 -0.001981921 -0.001943058 0.030221283 0.002034797 0.999541163 0.390533775
0.999125361 0.001923319 -0.041770317 -0.059003145 -0.002068366 0.999991953 -0.003429552 -0.004893813 0.041763388 0.003512949 0.999121368 0.501163065
0.998479605 0.001741860 -0.055094421 -0.084377468 -0.001967971 0.999989867 -0.004050076 -0.007822990 0.055086806 0.004152343 0.998472929 0.626058161
0.997428417 0.001854156 -0.071646057 -0.108818173 -0.002177150 0.999987841 -0.004430358 -0.004108994 0.071636967 0.004574949 0.997420251 0.761204481
0.995905519 0.000195637 -0.090400115 -0.134953260 -0.000574801 0.999991119 -0.004168269 -0.009446327 0.090398498 0.004203164 0.995896816 0.916479588
0.993912756 -0.000755183 -0.110167690 -0.176074713 0.000275393 0.999990404 -0.004370240 -0.012625657 0.110169932 0.004313298 0.993903399 1.075498819
0.991229177 -0.001107197 -0.132149681 -0.224532247 0.000488758 0.999988794 -0.004712178 -0.015487348 0.132153407 0.004606259 0.991218567 1.236951113
0.987694144 0.002628251 -0.156376630 -0.271768451 -0.003621895 0.999974966 -0.006069567 -0.017129079 0.156356797 0.006561254 0.987678766 1.397775769
0.983326852 0.006865378 -0.181717426 -0.338984013 -0.008388934 0.999935746 -0.007616906 -0.021934459 0.181653470 0.009014323 0.983321309 1.572377563
0.977925301 0.009892300 -0.208720773 -0.411644727 -0.011945822 0.999891758 -0.008580323 -0.026145909 0.208613306 0.010884256 0.977937698 1.753760457
0.971215963 0.010338497 -0.237976074 -0.491151273 -0.012812779 0.999878705 -0.008852703 -0.027138185 0.237855688 0.011647021 0.971230686 1.940757394
0.963163018 0.012366246 -0.268633723 -0.578216672 -0.015169798 0.999849975 -0.008363060 -0.030657735 0.268489987 0.012130110 0.963206172 2.132679224
0.953681231 0.014091404 -0.300488889 -0.677032769 -0.017093247 0.999826789 -0.007363148 -0.033197343 0.300333083 0.012158426 0.953756988 2.326486349
0.942416787 0.016289668 -0.334043741 -0.761892438 -0.019422855 0.999793231 -0.006041514 -0.039538506 0.333876193 0.012181710 0.942538202 2.490618944
0.929893434 0.018466439 -0.367365032 -0.871501982 -0.021995770 0.999743342 -0.005422468 -0.043197565 0.367170632 0.013122792 0.930060983 2.676008701
0.915956974 0.021222416 -0.400714993 -0.990745127 -0.025313253 0.999667406 -0.004917439 -0.041952379 0.400477350 0.014647561 0.916189551 2.858579636
0.899895549 0.021708190 -0.435564876 -1.109400988 -0.026145412 0.999649346 -0.004195849 -0.042915687 0.435320973 0.015163848 0.900147557 3.035793066
0.881415606 0.017055431 -0.472033620 -1.235027671 -0.021956898 0.999747038 -0.004876843 -0.041967668 0.471831024 0.014662918 0.881567001 3.217724562
0.860366285 0.012756589 -0.509516597 -1.366903186 -0.017750556 0.999830186 -0.004941067 -0.050468989 0.509367108 0.013295327 0.860446632 3.380401134
0.835237622 0.014303612 -0.549703181 -1.525386214 -0.018269058 0.999831617 -0.001742397 -0.054636728 0.549585700 0.011497876 0.835358202 3.560556173
0.806094050 0.019847669 -0.591454625 -1.705450296 -0.022845361 0.999736130 0.002412561 -0.061925322 0.591346443 0.011567245 0.806334674 3.725969076
0.773614883 0.022995688 -0.633238554 -1.910407066 -0.026368201 0.999643922 0.004087980 -0.062949136 0.633107185 0.013534840 0.773945808 3.902617931
0.737632453 0.022288084 -0.674834490 -2.119145870 -0.025540827 0.999660790 0.005098705 -0.067261361 0.674719214 0.013474862 0.737951458 4.067625523
0.697485089 0.017895611 -0.716375828 -2.334777117 -0.019550910 0.999791265 0.005940188 -0.063951664 0.716332555 0.009862608 0.697689295 4.236404419
0.654694498 0.014156971 -0.755761027 -2.574478149 -0.014214763 0.999878466 0.006415946 -0.061471507 0.755759895 0.006542480 0.654816091 4.395689487
0.610579133 0.013512041 -0.791839957 -2.833749294 -0.011350460 0.999901056 0.008310203 -0.060764421 0.791873932 0.003913711 0.610672057 4.533276081
0.562196493 0.014135126 -0.826882720 -3.113573074 -0.008893552 0.999899447 0.011046039 -0.058790773 0.826955914 0.001143882 0.562265575 4.674589157
0.511319458 0.014706012 -0.859264851 -3.408406258 -0.007140475 0.999891818 0.012863736 -0.054396562 0.859361112 -0.000441918 0.511369050 4.795231819
0.458650947 0.016132679 -0.888469994 -3.712552071 -0.006885064 0.999869704 0.014601208 -0.046894491 0.888589859 -0.000579684 0.458702236 4.897864342
0.403940648 0.018381957 -0.914600432 -4.046299458 -0.005453473 0.999828696 0.017686337 -0.045590788 0.914768994 -0.002156481 0.403971672 4.995566368
0.348411351 0.020170730 -0.937124670 -4.399483681 -0.005357983 0.999794900 0.019527614 -0.037000909 0.937326550 -0.001782544 0.348447949 5.079701424
0.293024123 0.023598509 -0.955813766 -4.777463913 -0.002895877 0.999712586 0.023794558 -0.034731001 0.956100702 -0.004204462 0.293008327 5.153188705
0.239375845 0.025128143 -0.970601737 -5.127671242 0.001741052 0.999652326 0.026309630 -0.034120068 0.970925331 -0.007987758 0.239248857 5.211873531
0.188536614 0.025550598 -0.981733620 -5.515038967 0.004038343 0.999632835 0.026791986 -0.029498369 0.982057750 -0.009015849 0.188364238 5.245782852
0.140765369 0.026668468 -0.989683688 -5.931735516 0.001605608 0.999629676 0.027164847 -0.022617891 0.990041673 -0.005412913 0.140670389 5.268185616
0.098427042 0.027073130 -0.994775891 -6.353878498 -0.000125784 0.999630272 0.027192794 -0.014677569 0.995144188 -0.002551380 0.098394036 5.267770767
0.060562506 0.025377050 -0.997841775 -6.795134544 -0.000482631 0.999677420 0.025394445 -0.005457267 0.998164237 -0.001056362 0.060555220 5.264970779
0.026177235 0.022528183 -0.999403417 -7.255427361 0.000039876 0.999745965 0.022536948 0.003556296 0.999657273 -0.000629807 0.026169691 5.248744965
-0.004858539 0.019839548 -0.999791324 -7.728821278 0.000132531 0.999803185 0.019839136 0.008578002 0.999988198 -0.000036115 -0.004860207 5.216638565
-0.031974085 0.018162208 -0.999323666 -8.220322609 0.000304298 0.999834895 0.018161766 0.013054669 0.999488592 0.000276613 -0.031974327 5.189211369
-0.052579671 0.015692152 -0.998493433 -8.730086327 -0.000299051 0.999876142 0.015729630 0.023127101 0.998616636 0.001125659 -0.052568473 5.141558170
-0.068821624 0.014735607 -0.997520208 -9.247875214 -0.000294681 0.999890566 0.014790954 0.035334833 0.997628927 0.001311888 -0.068809763 5.090554714
-0.081917576 0.015159176 -0.996523798 -9.785863876 0.000764107 0.999884963 0.015147496 0.041327983 0.996638834 0.000479395 -0.081919730 5.037439346
-0.091493778 0.016370554 -0.995671093 -10.338390350 0.000710969 0.999865711 0.016374189 0.046542972 0.995805442 0.000790246 -0.091493145 4.976953506
-0.098360576 0.017843410 -0.994990826 -10.908359528 -0.001891950 0.999834061 0.018117299 0.042444259 0.995149076 0.003664501 -0.098310508 4.911475182
-0.102810264 0.018716024 -0.994524896 -11.505549431 -0.001719747 0.999818146 0.018993419 0.049064741 0.994699478 0.003663049 -0.102759384 4.844787598
-0.104141675 0.019287929 -0.994375408 -12.112236023 0.000139885 0.999812305 0.019378737 0.060721517 0.994562447 0.001879036 -0.104124814 4.777957439
-0.103031881 0.021539664 -0.994444788 -12.725305557 0.002130717 0.999768078 0.021434205 0.066935554 0.994675756 0.000089527 -0.103053868 4.713571548
-0.101430900 0.024149446 -0.994549453 -13.363080025 0.001769728 0.999708176 0.024094222 0.069705784 0.994841039 0.000683816 -0.101444028 4.645882607
-0.099768944 0.024071882 -0.994719386 -14.019273758 -0.000241690 0.999706686 0.024216814 0.074963033 0.995010734 0.002656499 -0.099733844 4.576187611
-0.098318018 0.021606905 -0.994920373 -14.685768127 -0.001965964 0.999758065 0.021906240 0.083644450 0.995153189 0.004109757 -0.098251745 4.510082245
-0.097084269 0.021413127 -0.995045781 -15.368700027 -0.001793099 0.999763072 0.021689590 0.098505497 0.995274484 0.003889934 -0.097022861 4.441796303
-0.095299169 0.024157444 -0.995155513 -16.075309753 -0.002207150 0.999697804 0.024479078 0.107380718 0.995446205 0.004529293 -0.095217064 4.369098186
-0.093459368 0.027610309 -0.995240092 -16.784399033 -0.003334175 0.999601126 0.028044390 0.114569634 0.995617449 0.005939314 -0.093330011 4.302399635
-0.091674194 0.029563446 -0.995350122 -17.515127182 -0.003495789 0.999543488 0.030009964 0.125617683 0.995782912 0.006230674 -0.091528989 4.230120659
-0.089763708 0.029027656 -0.995539963 -18.259767532 -0.005674723 0.999543965 0.029656073 0.136033356 0.995946944 0.008311452 -0.089558057 4.152297974
-0.088201419 0.025519747 -0.995775700 -19.012096405 -0.008513259 0.999615908 0.026372233 0.154200047 0.996066272 0.010803366 -0.087950289 4.077097416
-0.086686850 0.025248390 -0.995915592 -19.786273956 -0.008586192 0.999622703 0.026089733 0.167223841 0.996198595 0.010812758 -0.086437359 4.016033173
-0.085353158 0.027436653 -0.995972872 -20.566865921 -0.006054492 0.999588013 0.028055098 0.183711410 0.996332288 0.008424699 -0.085151874 3.951497793
-0.084020987 0.029791437 -0.996018469 -21.359289169 -0.003858537 0.999535739 0.030222129 0.193068057 0.996456563 0.006382469 -0.083867021 3.880245209
-0.082621306 0.031464197 -0.996084154 -22.162130356 -0.003356411 0.999486983 0.031850081 0.205346525 0.996575356 0.005974762 -0.082473315 3.809179306
-0.082217284 0.027131073 -0.996245086 -22.948143005 -0.002595078 0.999620140 0.027437158 0.209628820 0.996611059 0.004841142 -0.082115628 3.746944189
-0.081816338 0.020373886 -0.996439159 -23.753633499 -0.001324357 0.999787927 0.020551102 0.217533737 0.996646583 0.003001056 -0.081771992 3.677482605
-0.082013026 0.015689818 -0.996507704 -24.571680069 0.001867293 0.999876738 0.015589185 0.229384258 0.996629477 -0.000582255 -0.082032196 3.610327244
-0.082828432 0.016219225 -0.996431828 -25.405384064 0.003311407 0.999866545 0.015999874 0.239360526 0.996558309 -0.001974348 -0.082871072 3.543494701
-0.082504459 0.023925615 -0.996303439 -26.248874664 0.002472014 0.999713600 0.023802796 0.239464670 0.996587634 -0.000499039 -0.082539976 3.461934090
-0.083096534 0.030933881 -0.996061265 -27.093351364 0.001378144 0.999520719 0.030926347 0.252392769 0.996540487 0.001197156 -0.083099343 3.391543627
-0.083297543 0.036422856 -0.995858848 -27.935932159 -0.000742776 0.999329269 0.036611907 0.261316717 0.996524513 0.003789383 -0.083214618 3.310490847
-0.084013015 0.036728859 -0.995787501 -28.781120300 -0.001981896 0.999312282 0.037026081 0.274223745 0.996462703 0.005084220 -0.083882459 3.238308907
-0.084096014 0.033311132 -0.995900691 -29.595293045 -0.002132694 0.999432743 0.033609360 0.285601020 0.996455371 0.004950365 -0.083977275 3.163059711
-0.084454775 0.030379795 -0.995964050 -30.429519653 -0.002427720 0.999525845 0.030694298 0.304717958 0.996424377 0.005010203 -0.084340997 3.090271473
-0.084529437 0.031810798 -0.995913029 -31.271816254 -0.003833858 0.999472499 0.032249890 0.315386653 0.996413589 0.006544254 -0.084362887 3.008302450
-0.084279679 0.034196764 -0.995855272 -32.101490021 -0.005537487 0.999379456 0.034786426 0.320653975 0.996426761 0.008446324 -0.084038012 2.932141304
-0.084256135 0.032571282 -0.995911658 -32.934219360 -0.005601610 0.999434352 0.033160396 0.336758137 0.996428370 0.008372675 -0.084026031 2.859080315
-0.083884075 0.027395494 -0.996098876 -33.768211365 -0.006769550 0.999583364 0.028061405 0.346182942 0.996452510 0.009097045 -0.083663672 2.781044960
-0.083556682 0.023372021 -0.996228933 -34.596492767 -0.008292057 0.999674141 0.024148326 0.351671994 0.996468484 0.010278542 -0.083335645 2.701612234
-0.083287917 0.023838075 -0.996240377 -35.431892395 -0.007812186 0.999667645 0.024573198 0.364476979 0.996494889 0.009829464 -0.083073996 2.632766962
-0.082325943 0.026534155 -0.996252120 -36.273590088 -0.006498003 0.999610007 0.027160553 0.367903709 0.996584237 0.008709668 -0.082121417 2.548676252
-0.081859931 0.031747878 -0.996138155 -37.098758698 -0.006752423 0.999451995 0.032408398 0.371747971 0.996620893 0.009379294 -0.081600703 2.478592157
-0.081382811 0.037218623 -0.995987773 -37.941680908 -0.005379445 0.999271512 0.037780896 0.389797926 0.996668398 0.008432577 -0.081123315 2.409588814
-0.081524111 0.040207852 -0.995859981 -38.777675629 -0.006329529 0.999144793 0.040858630 0.402916789 0.996651232 0.009634290 -0.081199914 2.334964275
-0.081021346 0.040067419 -0.995906651 -39.609840393 -0.005245706 0.999160588 0.040625092 0.427421331 0.996698439 0.008515734 -0.080743156 2.259775400
-0.080884144 0.035700757 -0.996083796 -40.415943146 -0.005503024 0.999327123 0.036263850 0.443050146 0.996708333 0.008414644 -0.080633245 2.192367077
-0.080533825 0.031437986 -0.996255875 -41.245075226 -0.006299373 0.999466538 0.032048512 0.459232509 0.996731937 0.008856778 -0.080292813 2.118507624
-0.080409206 0.028976232 -0.996340632 -42.053825378 -0.010522719 0.999496937 0.029917257 0.465613544 0.996706426 0.012889838 -0.080063857 2.045012474
-0.081085555 0.027537988 -0.996326625 -42.880168915 -0.014028438 0.999487758 0.028767053 0.474472940 0.996608436 0.016309498 -0.080657698 1.970823526
-0.081574351 0.024989873 -0.996353865 -43.695728302 -0.012061690 0.999587655 0.026058508 0.489302039 0.996594250 0.014143417 -0.081239283 1.899115324
-0.082859695 0.021351796 -0.996332407 -44.517871857 -0.007606163 0.999727786 0.022057122 0.494056165 0.996532142 0.009405915 -0.082674734 1.834888220
-0.083418436 0.019971531 -0.996314466 -45.345218658 -0.003133213 0.999788940 0.020303514 0.502063930 0.996509731 0.004815354 -0.083338253 1.761978388
-0.085537396 0.023234060 -0.996064007 -46.166381836 -0.003120424 0.999716878 0.023587236 0.509290159 0.996330082 0.005125733 -0.085440680 1.689011335
-0.086971611 0.030008666 -0.995758712 -46.974792480 -0.000995146 0.999543071 0.030209629 0.505391657 0.996210337 0.003618307 -0.086902015 1.610827446
-0.088578351 0.033656463 -0.995500445 -47.783378601 0.001110646 0.999431670 0.033690549 0.512385488 0.996068597 0.001878605 -0.088565394 1.529656887
-0.090239979 0.033022836 -0.995372355 -48.584594727 0.001242026 0.999453068 0.033045612 0.519669414 0.995919287 0.001745758 -0.090231627 1.466212273
-0.091145560 0.028740913 -0.995422721 -49.385673523 -0.002032437 0.999576032 0.029046927 0.532009840 0.995835483 0.004670633 -0.091048494 1.379398346
-0.092261285 0.025156755 -0.995416999 -50.173740387 -0.006823847 0.999641299 0.025895985 0.538248599 0.995711446 0.009181771 -0.092056513 1.292458534
-0.093696602 0.023795376 -0.995316327 -50.964324951 -0.011149647 0.999626577 0.024948012 0.546507478 0.995538354 0.013434972 -0.093396291 1.205180645
-0.094582304 0.024924904 -0.995204985 -51.758636475 -0.012830326 0.999572933 0.026253674 0.549824834 0.995434403 0.015251938 -0.094222121 1.120473385
-0.095810220 0.026682755 -0.995041907 -52.562271118 -0.012734569 0.999525964 0.028029181 0.554136097 0.995318174 0.015356910 -0.095425010 1.045541286
-0.097042032 0.026179451 -0.994935930 -53.343463898 -0.014507104 0.999510527 0.027714789 0.561460257 0.995174527 0.017123139 -0.096614763 0.963951111
-0.097318813 0.026049379 -0.994912326 -54.127666473 -0.015370575 0.999498844 0.027672963 0.567588508 0.995134532 0.017985474 -0.096869648 0.876779079
-0.097894154 0.027809309 -0.994808257 -54.903869629 -0.013397983 0.999481976 0.029258396 0.577111006 0.995106578 0.016192649 -0.097470857 0.798686504
-0.097989775 0.030673778 -0.994714618 -55.680988312 -0.013175723 0.999397278 0.032116126 0.586405039 0.995100200 0.016253136 -0.097526550 0.715663433
-0.098112352 0.035016969 -0.994559109 -56.451091766 -0.013324849 0.999244988 0.036496442 0.596940637 0.995086074 0.016833104 -0.097571678 0.635314465
-0.098741300 0.037216458 -0.994416952 -57.216396332 -0.013278577 0.999162138 0.038712554 0.603050590 0.995024681 0.017026966 -0.098164372 0.555067062
-0.099498227 0.037117932 -0.994345188 -57.963481903 -0.013089269 0.999168754 0.038607750 0.616116047 0.994951725 0.016856652 -0.098929659 0.480345249
-0.099762999 0.035137512 -0.994390607 -58.716098785 -0.011912769 0.999262393 0.036504831 0.628647327 0.994939923 0.015487776 -0.099270836 0.400369644
-0.100095071 0.031757869 -0.994470894 -59.449474335 -0.011744055 0.999383032 0.033096798 0.636236191 0.994908571 0.014991947 -0.099660359 0.324996471
-0.099523909 0.028578367 -0.994624615 -60.166793823 -0.012102704 0.999478638 0.029928859 0.648645282 0.994961619 0.015016285 -0.099126153 0.244465828
-0.098381244 0.026229667 -0.994803071 -60.876285553 -0.012621522 0.999539256 0.027602751 0.658516526 0.995068789 0.015271521 -0.098004855 0.166999340
-0.096172564 0.025801903 -0.995030224 -61.583629608 -0.014986858 0.999513209 0.027366668 0.655792832 0.995251834 0.017544301 -0.095739052 0.098323345
-0.091805287 0.026773183 -0.995417058 -62.266754150 -0.015482628 0.999479234 0.028310375 0.659517765 0.995656610 0.018010711 -0.091342956 0.026662350
-0.086080529 0.028326862 -0.995885432 -62.929836273 -0.014759819 0.999449670 0.029704029 0.665637136 0.996178806 0.017256027 -0.085615069 -0.028282642
-0.078854471 0.029844068 -0.996439338 -63.580734253 -0.014469626 0.999412179 0.031078180 0.670010328 0.996781111 0.016868757 -0.078376293 -0.077633858
-0.070066333 0.031256706 -0.997052491 -64.214881897 -0.015114240 0.999360979 0.032391205 0.673980951 0.997427821 0.017339226 -0.069549136 -0.122335911
-0.058145128 0.032569997 -0.997776628 -64.840858459 -0.017448049 0.999281824 0.033635907 0.689370155 0.998155773 0.019365022 -0.057535082 -0.165131092
-0.043385454 0.034048595 -0.998477936 -65.452812195 -0.020777160 0.999172151 0.034975063 0.696258187 0.998842418 0.022262948 -0.042642102 -0.191005945
-0.024674296 0.035180654 -0.999076307 -66.040428162 -0.022270454 0.999113262 0.035731971 0.706678152 0.999447465 0.023131546 -0.023868926 -0.206408381
-0.002433091 0.036398258 -0.999334455 -66.609848022 -0.023189830 0.999066532 0.036444969 0.709858418 0.999728084 0.023263067 -0.001586761 -0.198257610
0.022891544 0.036934935 -0.999055445 -67.146171570 -0.022607680 0.999080896 0.036417868 0.712405324 0.999482274 0.021752659 0.023705523 -0.168497443
0.052014526 0.036051888 -0.997995436 -67.667388916 -0.021058202 0.999165535 0.034996636 0.722389698 0.998424232 0.019195655 0.052730307 -0.120975256
0.086187482 0.036087722 -0.995625198 -68.169502258 -0.020283256 0.999200165 0.034461461 0.732052565 0.996072412 0.017224371 0.086850502 -0.056853294
0.123546988 0.036461517 -0.991668642 -68.594367981 -0.019418176 0.999222219 0.034320034 0.732868791 0.992148697 0.015016255 0.124158919 0.023093224
0.164820462 0.036398351 -0.985651731 -69.063339233 -0.019265078 0.999247015 0.033678904 0.736114383 0.986135423 0.013437684 0.165397584 0.121936798
0.209860668 0.037207074 -0.977023125 -69.502838135 -0.018161016 0.999251544 0.034152664 0.742156267 0.977562547 0.010576433 0.210379332 0.243030548
0.258768231 0.035983063 -0.965268970 -69.931358337 -0.015026974 0.999334931 0.033224553 0.741757631 0.965822518 0.005907609 0.259136826 0.381431580
0.308281362 0.030894972 -0.950793386 -70.325332642 -0.007310871 0.999519825 0.030107843 0.741263628 0.951267064 -0.002330563 0.308359265 0.559904099
0.359663785 0.025937665 -0.932721436 -70.722900391 -0.002233730 0.999634624 0.026937092 0.740877628 0.933079302 -0.007604851 0.359590292 0.756301880
0.411452144 0.020863481 -0.911192596 -71.096145630 0.002780948 0.999704540 0.024145883 0.750790060 0.911427140 -0.012468858 0.411272585 0.975477219
0.463129878 0.020575292 -0.886051595 -71.485733032 0.001472682 0.999711275 0.023984380 0.758068144 0.886289120 -0.012412756 0.462965876 1.206340790
0.511382937 0.019760033 -0.859125614 -71.855293274 0.002730883 0.999693155 0.024618633 0.760897040 0.859348595 -0.014935719 0.511171997 1.458797455
0.556739569 0.014553347 -0.830559611 -72.207397461 0.010793374 0.999635398 0.024750948 0.775838494 0.830617070 -0.022744371 0.556379437 1.742778778
0.600498259 0.007906528 -0.799586892 -72.525230408 0.021174017 0.999443233 0.025784677 0.780075729 0.799345613 -0.032414127 0.599996567 2.046745300
0.642831683 0.002431060 -0.766003668 -72.832778931 0.023057830 0.999480546 0.022522215 0.786066532 0.765660465 -0.032140374 0.642441511 2.360980988
0.684248805 -0.001638435 -0.729246736 -73.133934021 0.020128909 0.999658883 0.016640877 0.780017257 0.728970766 -0.026065446 0.684048355 2.679965973
0.724877834 -0.008080432 -0.688830078 -73.406494141 0.016132325 0.999856114 0.005247589 0.781721473 0.688688576 -0.014916291 0.724903822 3.011650085
0.763541937 -0.008750973 -0.645698965 -73.635330200 0.009707679 0.999950707 -0.002072672 0.771539688 0.645685256 -0.004685667 0.763589263 3.344406128
0.800650299 -0.009856743 -0.599050820 -73.890853882 0.008414652 0.999951005 -0.005206680 0.772530019 0.599072814 -0.000872075 0.800694108 3.741394043
0.834699035 -0.010688532 -0.550602555 -74.141197205 0.008376997 0.999942362 -0.006712000 0.765298128 0.550642669 0.000990104 0.834740520 4.175323486
0.865300775 -0.010132885 -0.501150548 -74.372283936 0.006375071 0.999937296 -0.009210594 0.765807867 0.501212299 0.004775065 0.865311146 4.626733780
0.891389906 -0.008811557 -0.453151673 -74.600234985 0.005917559 0.999952078 -0.007803750 0.753306389 0.453198671 0.004274632 0.891399264 5.115173340
0.912735403 -0.001824721 -0.408547193 -74.787445068 -0.001038774 0.999976456 -0.006786986 0.741162896 0.408549964 0.006619111 0.912712097 5.588966370
0.930205703 0.002357006 -0.367031306 -74.970527649 -0.005861296 0.999947250 -0.008433416 0.734651148 0.366992146 0.009996088 0.930170357 6.102895737
0.943813205 0.007504241 -0.330394238 -75.151618958 -0.010433068 0.999920487 -0.007092203 0.729046762 0.330314755 0.010140740 0.943816304 6.642169952
0.953752816 0.008099197 -0.300482869 -75.306549072 -0.010047288 0.999937296 -0.004938519 0.714533210 0.300424069 0.007729164 0.953774452 7.198041916
0.961119235 0.007422274 -0.276033938 -75.461830139 -0.008770284 0.999954879 -0.003649369 0.706492186 0.275994450 0.005928375 0.961140931 7.770940781
0.966995656 0.007625573 -0.254678607 -75.609909058 -0.008332245 0.999963820 -0.001696053 0.702014029 0.254656404 0.003762121 0.967024207 8.368124008
0.971591651 0.009861119 -0.236457929 -75.752426147 -0.009961230 0.999950111 0.000771294 0.696779907 0.236453742 0.001606029 0.971641362 8.986522675
0.975103319 0.014971009 -0.221244842 -75.900611877 -0.014877670 0.999887168 0.002088417 0.692090452 0.221251130 0.001255185 0.975216031 9.628050804
0.977889717 0.018066088 -0.208339363 -76.022621155 -0.017649222 0.999836743 0.003859777 0.680652380 0.208375096 -0.000097407 0.978048921 10.251940727
0.980642319 0.017203230 -0.195050552 -76.169067383 -0.016857179 0.999851942 0.003434107 0.677177250 0.195080742 -0.000079629 0.980787277 10.937285423
0.983266294 0.017153142 -0.181365103 -76.288284302 -0.016865226 0.999852836 0.003129678 0.671094179 0.181392118 -0.000018543 0.983410776 11.617907524
0.985891640 0.017476253 -0.166470423 -76.404510498 -0.017121015 0.999847054 0.003568902 0.670098186 0.166507348 -0.000668407 0.986039996 12.312812805
0.988129318 0.018827820 -0.152466193 -76.510940552 -0.018470544 0.999822199 0.003759448 0.668397546 0.152509913 -0.000898688 0.988301456 13.020162582
0.989991426 0.019747382 -0.139739573 -76.618774414 -0.019726492 0.999804199 0.001534715 0.650654733 0.139742583 0.001237218 0.990187049 13.753486633
0.991451681 0.019423911 -0.129020587 -76.712226868 -0.020072205 0.999791563 -0.003726236 0.638155818 0.128921330 0.006284112 0.991634846 14.489714622
0.992707312 0.017540691 -0.119266957 -76.800910950 -0.018846784 0.999773979 -0.009831821 0.630174637 0.119067565 0.012007919 0.992813468 15.230368614
0.993639231 0.017414507 -0.111255102 -76.884185791 -0.018663280 0.999773860 -0.010192821 0.622080564 0.111052454 0.012204373 0.993739545 15.985571861
0.994356692 0.018763067 -0.104415782 -76.965316772 -0.019261545 0.999807358 -0.003767567 0.608051658 0.104324952 0.005757514 0.994526565 16.751708984
0.994786561 0.024014818 -0.099111341 -77.052345276 -0.023716731 0.999709964 0.004184864 0.589912355 0.099183090 -0.001812449 0.995067477 17.525852203
0.995172441 0.024078596 -0.095141888 -77.119697571 -0.023408407 0.999692678 0.008154115 0.578360200 0.095308989 -0.005887631 0.995430291 18.290918350
0.995492280 0.024344917 -0.091664948 -77.211524963 -0.023836521 0.999693692 0.006637166 0.569854081 0.091798477 -0.004422274 0.995767713 19.091659546
0.995770156 0.024050632 -0.088674583 -77.280860901 -0.023637883 0.999704242 0.005701976 0.561865807 0.088785507 -0.003581779 0.996044278 19.858066559
0.996087670 0.022817135 -0.085375041 -77.352157593 -0.022187300 0.999719143 0.008319007 0.551136196 0.085540891 -0.006392218 0.996314168 20.627265930
0.996338367 0.020714531 -0.082950696 -77.422889709 -0.019911231 0.999746561 0.010499751 0.545057356 0.083147183 -0.008809654 0.996498346 21.411384583
0.996623099 0.017904753 -0.080136493 -77.483230591 -0.016945081 0.999776483 0.012639591 0.537594676 0.080344886 -0.011238988 0.996703744 22.172302246
0.996822000 0.017286781 -0.077762827 -77.533988953 -0.016685581 0.999825716 0.008374377 0.532842755 0.077894054 -0.007050245 0.996936738 22.926433563
0.996902823 0.020094441 -0.076032169 -77.599426270 -0.020054180 0.999798059 0.001293070 0.522547841 0.076042801 0.000235698 0.997104526 23.678674698
0.997021914 0.021306971 -0.074116424 -77.660797119 -0.021810839 0.999744117 -0.005995521 0.505041063 0.073969737 0.007594206 0.997231603 24.425817490
0.997087717 0.021839343 -0.073070303 -77.718482971 -0.022654630 0.999689817 -0.010347322 0.494057447 0.072821654 0.011972567 0.997273147 25.179849625
0.997191906 0.023803670 -0.071004964 -77.780311584 -0.024490504 0.999661148 -0.008818077 0.476022661 0.070771001 0.010532262 0.997437000 25.941217422
0.997285724 0.027100632 -0.068459556 -77.843460083 -0.027488008 0.999610960 -0.004722647 0.456178993 0.068304919 0.006591645 0.997642696 26.702863693
0.997349918 0.030255953 -0.066164672 -77.903450012 -0.030300602 0.999540746 0.000328824 0.441455156 0.066144243 0.001676877 0.997808635 27.459569931
0.997589529 0.028116977 -0.063439712 -77.956710815 -0.028026467 0.999604642 0.002316269 0.426626146 0.063479751 -0.000532695 0.997982979 28.216310501
0.997762859 0.025341000 -0.061863691 -78.006309509 -0.025246903 0.999678612 0.002302391 0.414053321 0.061902165 -0.000735374 0.998081923 28.968870163
0.997869849 0.023956109 -0.060680643 -78.053894043 -0.023853315 0.999712527 0.002417989 0.397876710 0.060721137 -0.000965404 0.998154283 29.718275070
0.997927368 0.023348127 -0.059965350 -78.098152161 -0.023372333 0.999726832 0.000297821 0.388839453 0.059955928 0.001104326 0.998200357 30.469989777
0.998029828 0.021364251 -0.058990579 -78.152992249 -0.021462016 0.999769151 -0.001024114 0.378998101 0.058955077 0.002288153 0.998257995 31.219886780
0.998075247 0.020293811 -0.058599479 -78.197052002 -0.020378511 0.999791980 -0.000848125 0.366680980 0.058570080 0.002040663 0.998281121 31.981325150
0.998062015 0.023595631 -0.057578970 -78.254074097 -0.023626938 0.999720871 0.000137034 0.356162995 0.057566125 0.001223646 0.998340905 32.753093719
0.998071432 0.023870131 -0.057303485 -78.307693481 -0.023962760 0.999712408 -0.000929823 0.346322924 0.057264816 0.002301179 0.998356342 33.525150299
0.997994661 0.023505861 -0.058770683 -78.357795715 -0.023595527 0.999721169 -0.000832020 0.332907736 0.058734741 0.002217077 0.998271167 34.286132812
0.997920990 0.021335782 -0.060814433 -78.405784607 -0.021398574 0.999770999 -0.000381336 0.322279632 0.060792372 0.001681886 0.998149097 35.066780090
0.997696459 0.022788966 -0.063892983 -78.465583801 -0.022874761 0.999738157 -0.000611520 0.311788112 0.063862324 0.002071649 0.997956514 35.860996246
0.997419953 0.026761224 -0.066611841 -78.531539917 -0.026863016 0.999638915 -0.000632676 0.295062661 0.066570848 0.002420438 0.997778773 36.651981354
0.997232437 0.027058406 -0.069247812 -78.594589233 -0.027494561 0.999607623 -0.005352846 0.281157702 0.069075800 0.007241970 0.997585118 37.454589844
0.997058094 0.027782543 -0.071436904 -78.664039612 -0.028496452 0.999553442 -0.008993739 0.271612316 0.071155123 0.011002978 0.997404635 38.259284973
0.996944249 0.027050160 -0.073282942 -78.730026245 -0.027922552 0.999550581 -0.010906031 0.259982705 0.072954997 0.012918953 0.997251570 39.066818237
0.996758819 0.027204553 -0.075707495 -78.797073364 -0.027944025 0.999571443 -0.008725213 0.233605832 0.075437687 0.010812508 0.997091830 39.897895813
0.996633112 0.025665164 -0.077870011 -78.865562439 -0.026365837 0.999620378 -0.007983097 0.217155099 0.077635571 0.010009326 0.996931612 40.718177795
0.996481359 0.025009505 -0.079997860 -78.925910950 -0.025639376 0.999647737 -0.006855960 0.210361093 0.079798229 0.008882933 0.996771455 41.538085938
0.996421635 0.024515003 -0.080887705 -79.001022339 -0.024837824 0.999687016 -0.002987080 0.194367185 0.080789164 0.004985468 0.996718645 42.375625610
0.996319294 0.024092428 -0.082264572 -79.067314148 -0.023989227 0.999709725 0.002242806 0.178952962 0.082294732 -0.000261087 0.996607959 43.218837738
0.996413171 0.024656964 -0.080949932 -79.149360657 -0.024421176 0.999694109 0.003901682 0.168082401 0.081021391 -0.001910795 0.996710539 44.064205170
0.996478319 0.027467353 -0.079223275 -79.225578308 -0.027231397 0.999620914 0.004057428 0.158064470 0.079304688 -0.001885781 0.996848583 44.940856934
0.996658385 0.027403221 -0.076947682 -79.297683716 -0.027272135 0.999624193 0.002754028 0.150261611 0.076994233 -0.000646298 0.997031271 45.799247742
0.996816039 0.025125233 -0.075673513 -79.365173340 -0.025176309 0.999682903 0.000279064 0.141715050 0.075656526 0.001627005 0.997132599 46.665878296
0.997026920 0.021595830 -0.073965289 -79.426506042 -0.021751286 0.999762535 -0.001296795 0.127603605 0.073919721 0.002901779 0.997259915 47.543121338
0.997209132 0.019833634 -0.071976393 -79.491523743 -0.019976970 0.999799609 -0.001272043 0.113245651 0.071936734 0.002706363 0.997405469 48.413356781
0.997313142 0.018019252 -0.071004540 -79.558258057 -0.017994223 0.999837458 0.000992181 0.102190860 0.071010895 0.000288156 0.997475505 49.293102264
0.997434258 0.015270320 -0.069941014 -79.620300293 -0.015059227 0.999880254 0.003544490 0.089754805 0.069986768 -0.002482139 0.997544825 50.168800354
0.997481048 0.014929783 -0.069343604 -79.678108215 -0.014687121 0.999884009 0.004007996 0.072262079 0.069395401 -0.002979442 0.997584760 51.046882629
0.997545421 0.016737329 -0.067991808 -79.745475769 -0.016730085 0.999859750 0.000676046 0.059271727 0.067993596 0.000463122 0.997685671 51.916610718
0.997532725 0.019146545 -0.067541629 -79.814819336 -0.019548552 0.999794841 -0.005295996 0.044179976 0.067426391 0.006603270 0.997702420 52.773780823
0.997549534 0.020682270 -0.066836663 -79.870223999 -0.021452239 0.999711275 -0.010822947 0.026461244 0.066593520 0.012230221 0.997705281 53.634666443
0.997486651 0.025667679 -0.066041663 -79.942062378 -0.026817231 0.999502838 -0.016579058 0.002759278 0.065583281 0.018308442 0.997679114 54.487945557
0.997561276 0.025946306 -0.064793132 -80.005050659 -0.027127536 0.999480188 -0.017417947 -0.025000811 0.064307518 0.019133149 0.997746706 55.343425751
0.997667670 0.022627028 -0.064399429 -80.065437317 -0.023412587 0.999660075 -0.011469681 -0.048174143 0.064118020 0.012950687 0.997858286 56.198417664
0.997631669 0.022361819 -0.065046541 -80.125175476 -0.022582583 0.999741435 -0.002660590 -0.066915661 0.064970233 0.004123209 0.997878611 57.059982300
0.997580349 0.020912072 -0.066303343 -80.183044434 -0.020611959 0.999773979 0.005207274 -0.087501258 0.066397250 -0.003828031 0.997785866 57.914489746
0.997470021 0.019165229 -0.068456963 -80.246383667 -0.018991105 0.999814630 0.003193517 -0.102601290 0.068505459 -0.001885363 0.997648954 58.753723145
0.997434318 0.014057359 -0.070193611 -80.312263489 -0.014136018 0.999899924 -0.000623970 -0.113181427 0.070177801 0.001614628 0.997533143 59.595531464
0.997227430 0.012755670 -0.073312975 -80.369758606 -0.012919567 0.999915004 -0.001761770 -0.134345844 0.073284268 0.002704057 0.997307420 60.422943115
0.996984363 0.014720031 -0.076194540 -80.437355042 -0.015078261 0.999877870 -0.004128350 -0.151582986 0.076124460 0.005264781 0.997084439 61.245552063
0.996722102 0.016419047 -0.079217285 -80.515205383 -0.017043894 0.999828696 -0.007218024 -0.174808770 0.079085194 0.008544535 0.996831238 62.059600830
0.996427000 0.017144036 -0.082701281 -80.597953796 -0.018091096 0.999778926 -0.010715784 -0.192060530 0.082499281 0.012173650 0.996516764 62.875709534
0.996110857 0.019385030 -0.085949972 -80.673866272 -0.020679148 0.999685407 -0.014191851 -0.221633315 0.085647844 0.015914029 0.996198356 63.680900574
0.995706201 0.024210164 -0.089347824 -80.762680054 -0.025632938 0.999561727 -0.014810858 -0.242365956 0.088950068 0.017037511 0.995890379 64.484939575
0.995288908 0.027936384 -0.092842154 -80.848472595 -0.029259562 0.999488354 -0.012921141 -0.263874352 0.092433661 0.015576793 0.995597064 65.289253235
0.994864643 0.030750848 -0.096429989 -80.941322327 -0.031552218 0.999478996 -0.006796197 -0.286796570 0.096170776 0.009803879 0.995316625 66.090126038
0.994424224 0.031185215 -0.100736447 -81.029243469 -0.031461004 0.999504387 -0.001149861 -0.306736439 0.100650661 0.004312721 0.994912505 66.905158997
0.993925989 0.030696943 -0.105682850 -81.114616394 -0.030622656 0.999528408 0.002325892 -0.321641326 0.105704397 0.000924525 0.994397163 67.696243286
0.993229985 0.030295549 -0.112144649 -81.209403992 -0.030113105 0.999540985 0.003320764 -0.332336992 0.112193771 0.000078741 0.993686318 68.485771179
0.992670178 0.027786450 -0.117617212 -81.309288025 -0.027128849 0.999606133 0.007188598 -0.344493330 0.117770620 -0.003945086 0.993032992 69.266174316
0.991818011 0.029177621 -0.124280654 -81.408569336 -0.028574273 0.999569774 0.006634848 -0.353131056 0.124420762 -0.003029333 0.992224932 70.046478271
0.990904570 0.033995315 -0.130201191 -81.523933411 -0.033520903 0.999420941 0.005834168 -0.363332957 0.130324125 -0.001416642 0.991470456 70.818054199
0.990116835 0.036118992 -0.135514259 -81.649513245 -0.036107961 0.999344587 0.002540110 -0.375960290 0.135517210 0.002378139 0.990772128 71.577812195
0.989223659 0.034785777 -0.142220110 -81.756805420 -0.035222087 0.999379337 -0.000550840 -0.384239227 0.142112657 0.005554194 0.989834905 72.335159302
0.988402605 0.036030244 -0.147520214 -81.879859924 -0.036647864 0.999327123 -0.001469818 -0.399428457 0.147368029 0.006859072 0.989058018 73.098060608
0.987639129 0.038035441 -0.152060196 -82.007499695 -0.037926309 0.999273896 0.003619083 -0.406617463 0.152087465 0.002192734 0.988364637 73.866714478
0.986715019 0.038670231 -0.157790765 -82.143913269 -0.037948858 0.999250889 0.007583188 -0.414723873 0.157965794 -0.001494467 0.987443447 74.634246826
0.985723555 0.038329974 -0.163950875 -82.276351929 -0.037177119 0.999257684 0.010095497 -0.432314813 0.164216131 -0.003856149 0.986416817 75.391067505
0.984609187 0.036010910 -0.171019971 -82.414482117 -0.035436988 0.999351323 0.006408431 -0.439762115 0.171139836 -0.000249367 0.985246718 76.139945984
0.983147025 0.033596035 -0.179703698 -82.556259155 -0.034334306 0.999409914 -0.000998610 -0.443098098 0.179564118 0.007151781 0.983720303 76.884338379
0.981487930 0.030898713 -0.189014927 -82.704162598 -0.031984571 0.999484718 -0.002696491 -0.453164697 0.188834205 0.008692134 0.981970608 77.627456665
0.979355812 0.030681150 -0.199801996 -82.857749939 -0.031224653 0.999512315 0.000431100 -0.468684226 0.199717775 0.005816549 0.979836226 78.362800598
0.976998568 0.030667847 -0.211028963 -83.024932861 -0.029945632 0.999529600 0.006617926 -0.474519491 0.211132675 -0.000146308 0.977457404 79.099830627
0.974443913 0.031883176 -0.222357288 -83.196983337 -0.029432889 0.999464095 0.014325573 -0.482616305 0.222694874 -0.007414847 0.974860013 79.823829651
0.971820176 0.032521274 -0.233469442 -83.383468628 -0.029178057 0.999416411 0.017760219 -0.488697171 0.233910799 -0.010447555 0.972202003 80.549308777
0.968871176 0.035860106 -0.244954765 -83.581756592 -0.033474538 0.999342918 0.013896587 -0.501053333 0.245292172 -0.005264255 0.969434917 81.266403198
0.965830982 0.035438612 -0.256738454 -83.788299561 -0.035469495 0.999360561 0.004512016 -0.503323257 0.256734192 0.004748540 0.966470361 81.963485718
0.962567687 0.033086736 -0.269014031 -83.998039246 -0.034383275 0.999408722 -0.000108031 -0.506544828 0.268851370 0.009353569 0.963136315 82.670295715
0.959109664 0.031984348 -0.281221688 -84.203933716 -0.031961292 0.999478340 0.004669908 -0.508020401 0.281224251 0.004509252 0.959631503 83.396118164
0.955684304 0.033257749 -0.292508662 -84.433326721 -0.031047219 0.999443471 0.012197603 -0.515024900 0.292751610 -0.002575476 0.956185102 84.118247986
0.952011347 0.033130422 -0.304264367 -84.672622681 -0.029162388 0.999420106 0.017577780 -0.518398881 0.304670304 -0.007861170 0.952425480 84.826927185
0.947897434 0.030863661 -0.317077190 -84.917266846 -0.027330576 0.999504924 0.015585492 -0.518360376 0.317401290 -0.006107547 0.948271632 85.536781311
0.944198489 0.029409898 -0.328061223 -85.176658630 -0.027118793 0.999565423 0.011557594 -0.524696350 0.328258634 -0.002016039 0.944585800 86.232894897
0.940976918 0.024797264 -0.337560892 -85.424194336 -0.024660487 0.999684870 0.004693962 -0.529716372 0.337570935 0.003907508 0.941291928 86.933372498
0.938167095 0.020855606 -0.345553905 -85.685173035 -0.022657400 0.999742568 -0.001175470 -0.535628617 0.345440388 0.008932139 0.938398242 87.635490417
0.935565233 0.020208377 -0.352575213 -85.959594727 -0.022908166 0.999731481 -0.003486149 -0.540123940 0.352410078 0.011338370 0.935776949 88.337844849
0.932507813 0.025904447 -0.360219568 -86.254455566 -0.028935697 0.999576747 -0.003023937 -0.558350086 0.359988809 0.013243048 0.932862639 89.046432495
0.929314017 0.026131950 -0.368365049 -86.524711609 -0.028395753 0.999596596 -0.000725264 -0.569834948 0.368197471 0.011134000 0.929680884 89.737731934
0.926192999 0.026354425 -0.376127601 -86.814697266 -0.026066069 0.999643028 0.005856543 -0.571693122 0.376147747 0.004379877 0.926549315 90.442420959
0.923378706 0.028440287 -0.382835209 -87.108657837 -0.024920940 0.999589264 0.014150057 -0.578398466 0.383080363 -0.003525249 0.923708260 91.150985718
0.920879781 0.038966782 -0.387894183 -87.439239502 -0.033370513 0.999219060 0.021155566 -0.587522984 0.388415694 -0.006537506 0.921461046 91.849449158
0.918048203 0.045584831 -0.393839389 -87.752563477 -0.041858576 0.998960495 0.018051149 -0.585900784 0.394252837 -0.000086273 0.919001997 92.541809082
0.915699422 0.042151291 -0.399647146 -88.059936523 -0.041309714 0.999088883 0.010723474 -0.586697698 0.399734974 0.006689832 0.916606367 93.227439880
0.913774371 0.034301125 -0.404771119 -88.363006592 -0.036042977 0.999344707 0.003319164 -0.590037107 0.404619753 0.011556190 0.914411962 93.914764404
0.911818922 0.034689218 -0.409124464 -88.674468994 -0.036843870 0.999317586 0.002616833 -0.591690183 0.408936083 0.012687650 0.912474811 94.612930298
0.909907699 0.041466568 -0.412732869 -89.026748657 -0.042008847 0.999087095 0.007764190 -0.600075424 0.412678003 0.010273733 0.910818994 95.306732178
0.907307267 0.043695409 -0.418191612 -89.353225708 -0.042534012 0.999021709 0.012102691 -0.604436398 0.418311357 0.006806508 0.908278346 96.023056030
0.905098796 0.039984804 -0.423316926 -89.681472778 -0.039324362 0.999173403 0.010297997 -0.613931894 0.423378766 0.007325964 0.905923128 96.719787598
0.902873278 0.038339719 -0.428193748 -90.020614624 -0.040489051 0.999171555 0.004090372 -0.622705162 0.427995890 0.013644074 0.903677762 97.404663086
0.900650024 0.035547413 -0.433088750 -90.362030029 -0.040617354 0.999171674 -0.002456893 -0.626459718 0.432642668 0.019803725 0.901347995 98.098793030
