-0.974366844 0.051346194 0.219027102 -152.067047119 0.057621296 0.998088181 0.022354539 1.360533476 -0.217460543 0.034402147 -0.975462675 1.441917419
-0.978498876 0.050228246 0.200042859 -151.896240234 0.056198042 0.998124540 0.024273168 1.374881148 -0.198448479 0.034993283 -0.979486406 0.580755234
-0.982220054 0.047217764 0.181698292 -151.744522095 0.053608801 0.998098433 0.030422186 1.388136864 -0.179916322 0.039621904 -0.982883692 -0.300201416
-0.985462129 0.047095969 0.163237020 -151.597442627 0.053172737 0.998037994 0.033057157 1.404142857 -0.161359891 0.041256338 -0.986032903 -1.168230057
-0.988207579 0.047218837 0.145657897 -151.471878052 0.052539576 0.998076916 0.032898940 1.427865267 -0.143824309 0.040163789 -0.988787889 -2.052049637
-0.990491867 0.046990782 0.129297465 -151.356369019 0.051147167 0.998269558 0.029013528 1.445380449 -0.127710372 0.035350859 -0.991181254 -2.940967560
-0.992070496 0.050646588 0.115027107 -151.251937866 0.054010428 0.998193502 0.026315888 1.457225323 -0.113486536 0.032319874 -0.993013740 -3.837500572
-0.992866576 0.056531526 0.104976967 -151.163757324 0.059966315 0.997753918 0.029854221 1.482233644 -0.103053465 0.035936341 -0.994026482 -4.757902145
-0.993236959 0.061600942 0.098415241 -151.087387085 0.065736063 0.997061253 0.039339203 1.503162026 -0.095702678 0.045542579 -0.994367599 -5.684583664
-0.993332088 0.064275935 0.095707417 -151.007339478 0.069122039 0.996442735 0.048207842 1.529724717 -0.092268355 0.054501887 -0.994241476 -6.629981518
-0.993576288 0.062614731 0.094262786 -150.913009644 0.067387238 0.996555865 0.048325352 1.566887736 -0.090912253 0.054367036 -0.994373739 -7.563868046
-0.993835807 0.059578683 0.093491279 -150.824768066 0.064077295 0.996889949 0.045875199 1.592870593 -0.090467311 0.051583089 -0.994562685 -8.502576828
-0.994230032 0.054588180 0.092340030 -150.724960327 0.058601193 0.997426033 0.041318983 1.624930024 -0.089846790 0.046491809 -0.994870007 -9.451522827
-0.994726896 0.046113811 0.091607675 -150.618606567 0.049908750 0.997969389 0.039575316 1.648646116 -0.089596689 0.043938655 -0.995008469 -10.444799423
-0.994975746 0.040972233 0.091347717 -150.513290405 0.044734102 0.998216867 0.039521236 1.679029703 -0.089565523 0.043409031 -0.995034575 -11.428767204
-0.994974017 0.038997531 0.092228182 -150.417678833 0.043009531 0.998194814 0.041920211 1.704804301 -0.090426922 0.045676209 -0.994855106 -12.424542427
-0.995028257 0.036401946 0.092701420 -150.306304932 0.040529512 0.998251021 0.043038569 1.738963485 -0.090972580 0.046581738 -0.994763374 -13.428129196
-0.994914174 0.036074758 0.094044708 -150.215835571 0.040342383 0.998221993 0.043879054 1.767134786 -0.092294566 0.047449879 -0.994600534 -14.429352760
-0.994875014 0.033878122 0.095268033 -150.110397339 0.038074866 0.998367131 0.042584457 1.801092863 -0.093669772 0.045993529 -0.994540393 -15.451055527
-0.994853258 0.032163341 0.096086487 -150.006546021 0.036241684 0.998501480 0.041004859 1.824733138 -0.094623633 0.044276152 -0.994528055 -16.466892242
-0.994877756 0.029714258 0.096619658 -149.893051147 0.033631336 0.998666465 0.039168306 1.851798296 -0.095326975 0.042217117 -0.994550347 -17.510251999
-0.994962752 0.027972920 0.096263237 -149.788482666 0.031754885 0.998773694 0.037982371 1.879770756 -0.095082730 0.040847868 -0.994630933 -18.548418045
-0.995181441 0.025171274 0.094763875 -149.679611206 0.028906085 0.998850167 0.038247377 1.904917240 -0.093692161 0.040802334 -0.994764745 -19.598258972
-0.995359659 0.023344217 0.093349375 -149.577133179 0.027108656 0.998861134 0.039263636 1.928264141 -0.092326477 0.041612022 -0.994858861 -20.646968842
-0.995495200 0.023609018 0.091824926 -149.476409912 0.027323144 0.998849750 0.039403234 1.955589175 -0.090789035 0.041734681 -0.994995177 -21.704298019
-0.995638251 0.022760577 0.090479575 -149.375076294 0.026441149 0.998862088 0.039690048 1.980051160 -0.089473277 0.041909304 -0.995107055 -22.754516602
-0.995752037 0.022480141 0.089289211 -149.279449463 0.026277246 0.998789549 0.041580494 2.000704527 -0.088246405 0.043750141 -0.995137393 -23.806858063
-0.995797813 0.022106344 0.088871159 -149.184661865 0.026067825 0.998706043 0.043664768 2.027986765 -0.087790892 0.045797959 -0.995085597 -24.857423782
-0.995944142 0.021061245 0.087472945 -149.082046509 0.025094835 0.998659432 0.045271728 2.057377815 -0.086402170 0.047283232 -0.995137632 -25.907350540
-0.996029079 0.020085476 0.086731799 -148.989654541 0.023981528 0.998738587 0.044114962 2.081778526 -0.085736312 0.046019748 -0.995254457 -26.953891754
-0.996131778 0.019847659 0.085600480 -148.887664795 0.023461346 0.998866379 0.041418362 2.107822895 -0.084681384 0.043266445 -0.995468259 -27.991268158
-0.996202886 0.019118028 0.084936433 -148.796798706 0.022615576 0.998927176 0.040408865 2.130856991 -0.084072784 0.042176310 -0.995566607 -29.023471832
-0.996314466 0.019029090 0.083638437 -148.711059570 0.022499343 0.998916149 0.040746279 2.150061607 -0.082772449 0.042477917 -0.995662749 -30.081129074
-0.996465385 0.018087205 0.082033440 -148.622268677 0.021540245 0.998910189 0.041405227 2.177735806 -0.081195146 0.043025900 -0.995769024 -31.118341446
-0.996729374 0.016590530 0.079090193 -148.529830933 0.020058746 0.998862445 0.043260578 2.200544357 -0.078282505 0.044705540 -0.995928347 -32.148796082
-0.996944904 0.016261134 0.076395683 -148.449707031 0.019604977 0.998872936 0.043225974 2.223363161 -0.075606704 0.044591654 -0.996140122 -33.192665100
-0.997209847 0.014835550 0.073159523 -148.367828369 0.017968429 0.998941123 0.042351902 2.249711037 -0.072453752 0.043548297 -0.996420622 -34.220050812
-0.997465014 0.013963484 0.069774583 -148.288269043 0.016885458 0.998997211 0.041464586 2.271715164 -0.069125637 0.042537648 -0.996700704 -35.238861084
-0.997661650 0.013619255 0.066975616 -148.210769653 0.016518611 0.998941600 0.042928267 2.292459011 -0.066320054 0.043934233 -0.996830642 -36.257942200
-0.997840285 0.013547137 0.064273410 -148.140365601 0.016422233 0.998878121 0.044416916 2.316623926 -0.063599594 0.045376509 -0.996943295 -37.276073456
-0.998002052 0.014420799 0.061512917 -148.073120117 0.017250540 0.998805225 0.045722239 2.341928720 -0.060780060 0.046692017 -0.997058630 -38.295478821
-0.998114645 0.015449623 0.059400104 -148.010330200 0.018192761 0.998779416 0.045920812 2.368814945 -0.058618143 0.046914894 -0.997177482 -39.318344116
-0.998249412 0.015256930 0.057142988 -147.953201294 0.017857568 0.998814702 0.045280538 2.393511772 -0.056384414 0.046221707 -0.997338653 -40.320163727
-0.998340070 0.015968351 0.055337101 -147.893951416 0.018436024 0.998844922 0.044373848 2.421309471 -0.054564595 0.045320388 -0.997481227 -41.333507538
-0.998422742 0.015530312 0.053952530 -147.838195801 0.017942686 0.998847306 0.044520147 2.445974112 -0.053198949 0.045417976 -0.997550607 -42.342639923
-0.998517871 0.014029001 0.052584812 -147.779830933 0.016413068 0.998843849 0.045183446 2.473478317 -0.051890135 0.045979556 -0.997593760 -43.340778351
-0.998561382 0.013489529 0.051897734 -147.724594116 0.015776884 0.998910487 0.043920144 2.495432854 -0.051248729 0.044675738 -0.997686148 -44.343933105
-0.998598576 0.013082745 0.051279642 -147.671447754 0.015117840 0.999105155 0.039501529 2.517286301 -0.050716989 0.040221408 -0.997902811 -45.333400726
-0.998613119 0.011951880 0.051274162 -147.617218018 0.013851139 0.999224901 0.036847342 2.537253618 -0.050794009 0.037506439 -0.998004615 -46.318405151
-0.998583555 0.013027157 0.051586211 -147.562728882 0.014869366 0.999259412 0.035490092 2.558252573 -0.051085643 0.036206875 -0.998037755 -47.310024261
-0.998535633 0.013738671 0.052324355 -147.508697510 0.015648507 0.999219537 0.036266960 2.579296589 -0.051785275 0.037032645 -0.997971416 -48.301414490
-0.998474181 0.015429446 0.053021524 -147.453491211 0.017430659 0.999144912 0.037490591 2.595140219 -0.052397721 0.038357578 -0.997889459 -49.284954071
-0.998403311 0.017268842 0.053782653 -147.400451660 0.019352783 0.999072433 0.038470902 2.611790180 -0.053068411 0.039450325 -0.997811317 -50.266536713
-0.998334169 0.018322865 0.054709848 -147.340637207 0.020489102 0.999017358 0.039300311 2.630347729 -0.053935993 0.040355802 -0.997728586 -51.247665405
-0.998289645 0.018767213 0.055367853 -147.281204224 0.020977139 0.998995066 0.039606042 2.652173281 -0.054568920 0.040699761 -0.997680187 -52.223258972
-0.998247981 0.017701387 0.056458090 -147.224884033 0.020000517 0.998982549 0.040421262 2.666837454 -0.055685122 0.041479632 -0.997586489 -53.196060181
-0.998196363 0.017789660 0.057337087 -147.165237427 0.020049661 0.999034643 0.039084781 2.689439297 -0.056586437 0.040163871 -0.997589469 -54.162845612
-0.998050034 0.020014254 0.059123836 -147.102676392 0.022299293 0.999019682 0.038244776 2.703045845 -0.058300454 0.039488625 -0.997517705 -55.117553711
-0.997845590 0.021372290 0.062027637 -147.041992188 0.023695195 0.999035835 0.036958650 2.719982147 -0.061177939 0.038348783 -0.997389913 -56.060882568
-0.997688293 0.020135248 0.064904265 -146.973022461 0.022528172 0.999085128 0.036349930 2.737727165 -0.064112976 0.037728075 -0.997229218 -57.008029938
-0.997547209 0.019571226 0.067206070 -146.902786255 0.021955293 0.999148965 0.034920521 2.749264717 -0.066465430 0.036310401 -0.997127831 -57.948886871
-0.997418165 0.019459452 0.069127604 -146.834243774 0.021879066 0.999167919 0.034419090 2.762042522 -0.068400323 0.035842668 -0.997013807 -58.890945435
-0.997362137 0.018303487 0.070240535 -146.765197754 0.020769669 0.999187410 0.034542259 2.781128407 -0.069551222 0.035910018 -0.996931791 -59.828666687
-0.997370422 0.016820926 0.070493527 -146.687820435 0.019442430 0.999138355 0.036668234 2.794706583 -0.069815986 0.037942380 -0.996838033 -60.752685547
-0.997433484 0.016324786 0.069712184 -146.614578247 0.019100739 0.999043405 0.039341077 2.800151348 -0.069003247 0.040571667 -0.996791124 -61.662761688
-0.997503042 0.015804352 0.068832457 -146.548080444 0.018618250 0.999008834 0.040432509 2.815310717 -0.068125196 0.041613095 -0.996808529 -62.569515228
-0.997623622 0.014674194 0.067318551 -146.480728149 0.017431229 0.999025345 0.040552169 2.834426403 -0.066657878 0.041629251 -0.996906996 -63.462265015
-0.997793198 0.012880868 0.065136909 -146.417724609 0.015541306 0.999058485 0.040503323 2.852302790 -0.064553842 0.041426253 -0.997053981 -64.343315125
-0.998031259 0.012539150 0.061453942 -146.362228394 0.015053202 0.999061286 0.040618721 2.871474981 -0.060886972 0.041463826 -0.997283101 -65.211021423
-0.998346865 0.013124038 0.055957980 -146.312164307 0.015412822 0.999053836 0.040668402 2.886503935 -0.055371303 0.041463647 -0.997604489 -66.057563782
-0.998707056 0.014100721 0.048839815 -146.269683838 0.016102804 0.999035656 0.040844887 2.899852276 -0.048216779 0.041578535 -0.997971117 -66.887466431
-0.999032378 0.015810618 0.041040290 -146.238281250 0.017508000 0.998991966 0.041334379 2.917085886 -0.040345397 0.042012919 -0.998302162 -67.701263428
-0.999283075 0.018353801 0.033113081 -146.212097168 0.019758467 0.998896658 0.042603970 2.937225580 -0.032294605 0.043227695 -0.998543084 -68.491737366
-0.999442399 0.021713601 0.025365110 -146.198379517 0.022797322 0.998804271 0.043247342 2.948710442 -0.024395721 0.043801479 -0.998742461 -69.261901855
-0.999563217 0.023585791 0.017807133 -146.187210083 0.024341999 0.998756111 0.043517314 2.967194319 -0.016758563 0.043931767 -0.998893976 -70.001571655
-0.999625802 0.025157707 0.010738743 -146.190048218 0.025610516 0.998687863 0.044347368 2.982351542 -0.009608950 0.044605799 -0.998958409 -70.727684021
-0.999659657 0.025822295 0.003715998 -146.187332153 0.025961628 0.998681903 0.044277377 2.996698380 -0.002567727 0.044358779 -0.999012351 -71.419548035
-0.999619901 0.027459605 -0.002449807 -146.193527222 0.027326429 0.998670757 0.043702781 3.009716034 0.003646612 0.043619223 -0.999041557 -72.085853577
-0.999547660 0.028903872 -0.008308327 -146.200180054 0.028515985 0.998645186 0.043526128 3.020282030 0.009555145 0.043269515 -0.999017715 -72.716308594
-0.999456346 0.029998114 -0.013674475 -146.210922241 0.029384295 0.998639703 0.043072067 3.033125877 0.014947955 0.042646836 -0.998978376 -73.325149536
-0.999310315 0.032312140 -0.018296873 -146.230468750 0.031510469 0.998598337 0.042526945 3.043917418 0.019645365 0.041921079 -0.998927772 -73.909690857
-0.999168098 0.033662170 -0.023021884 -146.241485596 0.032627951 0.998502374 0.043912798 3.055048704 0.024465578 0.043125104 -0.998770058 -74.462501526
-0.999046087 0.034399603 -0.026901826 -146.256546021 0.033142686 0.998398483 0.045849700 3.063733101 0.028435949 0.044914361 -0.998585999 -74.981185913
-0.998888612 0.035437744 -0.031074014 -146.266723633 0.033962574 0.998327672 0.046780150 3.073328257 0.032679826 0.045672808 -0.998421788 -75.491683960
-0.998772979 0.035888717 -0.034124654 -146.285964966 0.034252018 0.998288810 0.047394309 3.084154606 0.035767149 0.046167318 -0.998293161 -75.966423035
-0.998618960 0.037616614 -0.036675572 -146.302215576 0.035835337 0.998200774 0.048072517 3.094836950 0.038417917 0.046691846 -0.998170316 -76.403549194
-0.998460770 0.040107649 -0.038311083 -146.327331543 0.038250823 0.998113275 0.048028972 3.106900454 0.040165134 0.046489608 -0.998110950 -76.815185547
-0.998391032 0.040800177 -0.039381888 -146.354400635 0.038849141 0.998038173 0.049096316 3.117484570 0.041307785 0.047487363 -0.998017371 -77.201126099
-0.998407781 0.040242195 -0.039528213 -146.360214233 0.038224943 0.997990847 0.050527629 3.123429775 0.041482113 0.048936211 -0.997940123 -77.530555725
-0.998471916 0.038574707 -0.039570976 -146.367340088 0.036581900 0.998083711 0.049905084 3.146534920 0.041420203 0.048381247 -0.997969687 -77.836349487
-0.998477459 0.038323611 -0.039676253 -146.364059448 0.036303964 0.998067498 0.050430007 3.146749020 0.041532256 0.048912816 -0.997939229 -78.084991455
-0.998599470 0.036396183 -0.038398169 -146.360778809 0.034456886 0.998154044 0.050012063 3.147741318 0.040147521 0.048618942 -0.998010218 -78.333511353
-0.998776972 0.033447850 -0.036413483 -146.356811523 0.031631477 0.998279870 0.049364388 3.140257359 0.038001988 0.048152197 -0.998116851 -78.548423767
-0.998912930 0.032478787 -0.033437159 -146.363800049 0.030841000 0.998352587 0.048383411 3.138601780 0.034953553 0.047299579 -0.998269081 -78.780380249
-0.999036193 0.031889468 -0.030162228 -146.374694824 0.030492015 0.998489320 0.045708396 3.142908335 0.031574253 0.044744637 -0.998499334 -78.954086304
-0.999090314 0.032405745 -0.027721070 -146.378616333 0.031174211 0.998555541 0.043760203 3.148240566 0.029099125 0.042856213 -0.998657405 -79.147155762
-0.999117792 0.033342741 -0.025534205 -146.379516602 0.032201882 0.998518705 0.043857906 3.146863937 0.026958726 0.042996965 -0.998711407 -79.328765869
-0.999217927 0.032293886 -0.022813393 -146.379409790 0.031249592 0.998509884 0.044737320 3.154281616 0.024224160 0.043989431 -0.998738289 -79.516395569
-0.999341428 0.030370343 -0.019858258 -146.383865356 0.029461958 0.998573065 0.044538464 3.165890455 0.021182580 0.043924071 -0.998810232 -79.685836792
-0.999446929 0.028550474 -0.017049408 -146.376693726 0.027774055 0.998638213 0.044160046 3.163562536 0.018286992 0.043662094 -0.998878896 -79.849113464
-0.999466598 0.029634498 -0.013719706 -146.360748291 0.029014695 0.998638034 0.043362018 3.168848991 0.014986057 0.042940821 -0.998965204 -80.002418518
-0.999490857 0.030579984 -0.009112298 -146.359024048 0.030169476 0.998652875 0.042215288 3.176707029 0.010390991 0.041918874 -0.999066949 -80.132942200
-0.999520361 0.030778566 -0.003422618 -146.361434937 0.030607903 0.998648584 0.042001184 3.174576998 0.004710756 0.041876279 -0.999111712 -80.264152527
-0.999551475 0.029729307 0.003584310 -146.357421875 0.029853692 0.998672247 0.041980356 3.177373886 -0.002331469 0.042068530 -0.999112070 -80.392761230
-0.999558210 0.027204292 0.011964822 -146.362304688 0.027683167 0.998739541 0.041867651 3.177617550 -0.010810759 0.042180378 -0.999051571 -80.512100220
-0.999500632 0.025066597 0.019239806 -146.344909668 0.025847990 0.998804033 0.041500650 3.186451197 -0.018176489 0.041977234 -0.998953223 -80.605468750
-0.999377549 0.023867521 0.025976473 -146.326339722 0.024962401 0.998777151 0.042674150 3.185168743 -0.024926167 0.043296028 -0.998751283 -80.706420898
-0.999229550 0.022204736 0.032362416 -146.313613892 0.023600012 0.998779416 0.043389447 3.182848454 -0.031359464 0.044119772 -0.998533905 -80.786880493
-0.999065578 0.021844827 0.037295468 -146.309738159 0.023465117 0.998774588 0.043574315 3.183608055 -0.036297873 0.044408735 -0.998353839 -80.839286804
-0.998907566 0.022010924 0.041221797 -146.297988892 0.023758102 0.998818815 0.042385899 3.189202309 -0.040240109 0.043318946 -0.998250544 -80.891403198
-0.998792350 0.021658963 0.044099621 -146.285217285 0.023521589 0.998833656 0.042165503 3.189549685 -0.043134920 0.043151874 -0.998136938 -80.922828674
-0.998707652 0.021933997 0.045847505 -146.277511597 0.023866402 0.998831034 0.042035133 3.192481756 -0.044871897 0.043075025 -0.998063684 -80.944679260
-0.998594761 0.021299848 0.048525274 -146.287902832 0.023318294 0.998869777 0.041416541 3.192769527 -0.047588252 0.042489864 -0.997962892 -80.967910767
-0.998573959 0.021042680 0.049064510 -146.281372070 0.023105688 0.998856008 0.041865766 3.189818382 -0.048127398 0.042939734 -0.997917771 -80.979988098
-0.998588085 0.021124486 0.048738927 -146.282028198 0.023173012 0.998854876 0.041855626 3.188978672 -0.047798932 0.042925961 -0.997934222 -80.968528748
-0.998590350 0.021647414 0.048463844 -146.276245117 0.023648221 0.998875201 0.041099072 3.188278437 -0.047519609 0.042187225 -0.997978985 -80.957115173
-0.998568296 0.022031080 0.048742354 -146.281326294 0.023992782 0.998910189 0.040034272 3.181373596 -0.047807224 0.041146424 -0.998008728 -80.942779541
-0.998574376 0.021947458 0.048657004 -146.284469604 0.023861693 0.998949766 0.039116047 3.190661907 -0.047747403 0.040221322 -0.998049319 -80.951988220
-0.998582363 0.021791732 0.048562132 -146.266708374 0.023727067 0.998932242 0.039639309 3.192712069 -0.047646455 0.040735353 -0.998033226 -80.974647522
-0.998600304 0.022250060 0.047980543 -146.247802734 0.024128888 0.998950124 0.038941231 3.198929548 -0.047063723 0.040044446 -0.998088837 -80.976661682
-0.998601079 0.022018382 0.048073422 -146.251953125 0.023919001 0.998940110 0.039325070 3.189820766 -0.047156595 0.040419925 -0.998069406 -80.977684021
-0.998574078 0.021704899 0.048773639 -146.272781372 0.023657277 0.998926997 0.039815113 3.186843634 -0.047857117 0.040912189 -0.998016000 -80.972137451
-0.998540103 0.022182498 0.049249478 -146.282241821 0.024123933 0.998940766 0.039182357 3.192924023 -0.048328154 0.040313248 -0.998017728 -80.971221924
-0.998552501 0.021826060 0.049156889 -146.280792236 0.023770142 0.998944044 0.039317440 3.190868855 -0.048246834 0.040428996 -0.998016953 -80.969581604
-0.998533487 0.021904634 0.049508713 -146.290374756 0.023875795 0.998931050 0.039580103 3.188047647 -0.048588771 0.040704116 -0.997989118 -80.972801208
-0.998541296 0.021659873 0.049458578 -146.290054321 0.023627717 0.998937964 0.039555814 3.189758778 -0.048549253 0.040666707 -0.997992575 -80.978965759
-0.998529017 0.021922592 0.049589645 -146.279632568 0.023902064 0.998926401 0.039682701 3.187238216 -0.048666455 0.040809628 -0.997981071 -80.966171265
-0.998501301 0.022257764 0.049998060 -146.288925171 0.024249140 0.998921990 0.039581936 3.186858416 -0.049063176 0.040735021 -0.997964621 -80.971015930
-0.998513579 0.022199076 0.049778048 -146.280853271 0.024180112 0.998924792 0.039554849 3.188687563 -0.048846453 0.040699691 -0.997976780 -80.970901489
-0.998497248 0.022467878 0.049984165 -146.286041260 0.024463344 0.998913109 0.039675035 3.187125921 -0.049038388 0.040838189 -0.997961700 -80.961494446
-0.998494029 0.022445779 0.050059810 -146.284194946 0.024435945 0.998920500 0.039504532 3.189683676 -0.049119055 0.040668298 -0.997964621 -80.975837708
-0.998511910 0.022526203 0.049663514 -146.272750854 0.024505908 0.998914242 0.039620589 3.185859919 -0.048717078 0.040778689 -0.997979879 -80.966812134
-0.998487175 0.022386020 0.050221495 -146.281219482 0.024390232 0.998915672 0.039656095 3.185251236 -0.049279276 0.040821023 -0.997950494 -80.965873718
-0.998466313 0.022367606 0.050643161 -146.285415649 0.024384120 0.998919725 0.039556704 3.185588837 -0.049703658 0.040730927 -0.997933090 -80.962104797
-0.998457074 0.022538897 0.050749715 -146.281097412 0.024560556 0.998914838 0.039571021 3.186297655 -0.049802762 0.040756408 -0.997927189 -80.961639404
-0.998413861 0.022869499 0.051446736 -146.283645630 0.024903528 0.998919010 0.039249167 3.191446781 -0.050493516 0.040468112 -0.997904181 -80.971519470
-0.998393059 0.023147659 0.051724572 -146.281295776 0.025189959 0.998914361 0.039187424 3.191224098 -0.050761320 0.040427398 -0.997892261 -80.964393616
-0.998387814 0.023142256 0.051828898 -146.278396606 0.025196906 0.998907804 0.039346740 3.189942837 -0.050861709 0.040589232 -0.997880578 -80.967102051
-0.998374879 0.023053920 0.052115627 -146.278518677 0.025112469 0.998915911 0.039196175 3.192591190 -0.051155500 0.040441230 -0.997871518 -80.971397400
-0.998370230 0.023294346 0.052099779 -146.278259277 0.025361590 0.998902559 0.039375830 3.190088034 -0.051125374 0.040632989 -0.997865260 -80.977203369
-0.998335123 0.023313200 0.052758105 -146.288803101 0.025406985 0.998901546 0.039370034 3.189444065 -0.051782306 0.040644910 -0.997830987 -80.970657349
-0.998350918 0.023206282 0.052505601 -146.284362793 0.025287282 0.998906493 0.039323036 3.190644741 -0.051535632 0.040585916 -0.997846127 -80.961692810
-0.998358846 0.023543354 0.052206255 -146.274078369 0.025620803 0.998891473 0.039487436 3.188844681 -0.051218733 0.040760197 -0.997855306 -80.962654114
-0.998368144 0.023411142 0.052085366 -146.262527466 0.025472496 0.998903871 0.039271064 3.191519737 -0.051108848 0.040533721 -0.997870207 -80.961257935
-0.998387575 0.023690345 0.051585250 -146.247482300 0.025739823 0.998890519 0.039434832 3.191477299 -0.050593786 0.040699039 -0.997889698 -80.968055725
-0.998362124 0.023712782 0.052065413 -146.249923706 0.025758270 0.998908162 0.038973793 3.198998451 -0.051084384 0.040251072 -0.997882962 -80.977615356
-0.998328388 0.023498395 0.052802697 -146.278228760 0.025605066 0.998888195 0.039581276 3.186859131 -0.051813878 0.040867131 -0.997820199 -80.955215454
-0.998330653 0.023431012 0.052790202 -146.277969360 0.025537200 0.998889923 0.039582498 3.188316822 -0.051804148 0.040864535 -0.997820914 -80.953407288
-0.998293102 0.023468800 0.053479046 -146.283538818 0.025597155 0.998893023 0.039466843 3.186675549 -0.052493587 0.040768392 -0.997788787 -80.961753845
-0.998297334 0.023438979 0.053413186 -146.277877808 0.025556047 0.998900414 0.039303504 3.190579891 -0.052433215 0.040601615 -0.997798681 -80.965751648
-0.998271048 0.023738356 0.053772669 -146.278778076 0.025870165 0.998892426 0.039301902 3.192728043 -0.052780151 0.040625054 -0.997779489 -80.970329285
-0.998262405 0.023852361 0.053883579 -146.282485962 0.025990130 0.998888254 0.039327744 3.190043688 -0.052885592 0.040659841 -0.997772455 -80.965225220
-0.998249352 0.024012456 0.054051220 -146.282745361 0.026150865 0.998888731 0.039209388 3.193630934 -0.053049635 0.040554233 -0.997768104 -80.968086243
-0.998241484 0.024147108 0.054136764 -146.276779175 0.026279848 0.998892188 0.039035898 3.197288275 -0.053134181 0.040389959 -0.997770250 -80.970420837
-0.998254538 0.024018457 0.053953603 -146.269485474 0.026146721 0.998893321 0.039092805 3.197072268 -0.052954949 0.040435284 -0.997777879 -80.986526489
-0.998259246 0.023912525 0.053912871 -146.267593384 0.026043065 0.998893142 0.039168209 3.196049690 -0.052916575 0.040504079 -0.997777164 -80.982887268
-0.998265207 0.023872342 0.053821571 -146.266113281 0.026009457 0.998886347 0.039362904 3.190131426 -0.052821942 0.040694486 -0.997774422 -80.984680176
-0.998280942 0.023746897 0.053581432 -146.261108398 0.025867783 0.998894751 0.039242424 3.192331791 -0.052590296 0.040560994 -0.997792125 -80.979301453
-0.998268247 0.023917254 0.053746551 -146.264007568 0.026045689 0.998889625 0.039256137 3.194250584 -0.052747950 0.040588010 -0.997782707 -80.983337402
-0.998265028 0.023935126 0.053795777 -146.264709473 0.026071232 0.998884737 0.039363038 3.190904617 -0.052793592 0.040697262 -0.997775733 -80.983306885
-0.998265147 0.023723252 0.053888679 -146.272644043 0.025870733 0.998884261 0.039508574 3.188432455 -0.052891277 0.040834170 -0.997765005 -80.967483521
-0.998262823 0.023879565 0.053863451 -146.274108887 0.026012870 0.998890340 0.039258607 3.193042278 -0.052866168 0.040591553 -0.997776210 -80.968032837
-0.998241305 0.023973100 0.054217324 -146.278945923 0.026129505 0.998880982 0.039420456 3.188993454 -0.053211600 0.040767800 -0.997750700 -80.968215942
-0.998248041 0.023833897 0.054154281 -146.280380249 0.025989434 0.998883247 0.039454371 3.189825773 -0.053153440 0.040792689 -0.997752845 -80.965499878
-0.998238742 0.023798622 0.054341383 -146.280487061 0.025962817 0.998883247 0.039473467 3.189053297 -0.053341296 0.040814795 -0.997741878 -80.971855164
-0.998236895 0.023933912 0.054315533 -146.282806396 0.026099315 0.998878002 0.039514277 3.188540220 -0.053308867 0.040862210 -0.997741640 -80.966903687
-0.998188436 0.023906626 0.055211842 -146.285705566 0.026112329 0.998875082 0.039580006 3.185618162 -0.054203492 0.040950011 -0.997689903 -80.969779968
-0.998059213 0.023619885 0.057617627 -146.284408569 0.025918216 0.998884320 0.039473727 3.176962852 -0.056620948 0.040890470 -0.997557998 -80.966308594
-0.997987092 0.023004603 0.059097253 -146.275131226 0.025324993 0.998925209 0.038819715 3.183705568 -0.058140680 0.040238217 -0.997497141 -80.978149414
-0.997835696 0.022365984 0.061834577 -146.262695312 0.024782531 0.998947501 0.038594071 3.182842970 -0.060906298 0.040042959 -0.997339964 -80.979934692
-0.997465968 0.022723401 0.067417845 -146.270660400 0.025353642 0.998939991 0.038418312 3.187256336 -0.066473380 0.040030248 -0.996984899 -80.999366760
-0.997151852 0.022655368 0.071936347 -146.239440918 0.025462504 0.998939931 0.038348224 3.187695026 -0.070991300 0.040070683 -0.996671796 -81.016799927
-0.996725917 0.022338554 0.077707879 -146.213073730 0.025379146 0.998941481 0.038363427 3.191884756 -0.076768652 0.040209983 -0.996237755 -81.049270630
-0.996102095 0.021768838 0.085479453 -146.194869995 0.025125975 0.998946607 0.038396701 3.187784910 -0.084553540 0.040394783 -0.995599806 -81.078948975
-0.995320976 0.021258006 0.094256282 -146.176956177 0.024925515 0.998970449 0.037904851 3.191697359 -0.093353435 0.040076882 -0.994826138 -81.114212036
-0.994336545 0.020812992 0.104219094 -146.171264648 0.024923248 0.998955607 0.038292803 3.182846069 -0.103313267 0.040673412 -0.993816912 -81.154762268
-0.993081391 0.020090569 0.115696669 -146.177520752 0.024599340 0.998987198 0.037675459 3.193750143 -0.114822574 0.040260859 -0.992569804 -81.181152344
-0.991672635 0.019877497 0.127240822 -146.161026001 0.024889600 0.998970628 0.037922580 3.186967850 -0.126356035 0.040773764 -0.991146624 -81.212463379
-0.989867926 0.019888230 0.140590921 -146.144363403 0.025425179 0.998965681 0.037697375 3.187417746 -0.139695778 0.040889975 -0.989349902 -81.270820618
-0.987733364 0.019841615 0.154884234 -146.119750977 0.025774568 0.999005139 0.036391858 3.191886663 -0.154008061 0.039937530 -0.987262130 -81.320137024
-0.985127687 0.018081551 0.170869961 -146.096893311 0.024259213 0.999122739 0.034135506 3.193349838 -0.170102850 0.037772998 -0.984702170 -81.373489380
-0.982123852 0.017697301 0.187402621 -146.049301147 0.024170864 0.999185324 0.032314856 3.191475630 -0.186678067 0.036266871 -0.981751502 -81.445373535
-0.978683829 0.015430075 0.204792008 -146.002502441 0.022309508 0.999260187 0.031325888 3.193814754 -0.204157129 0.035226949 -0.978304148 -81.535606384
-0.974680841 0.014818729 0.223109156 -145.966003418 0.022462469 0.999242961 0.031761203 3.198128462 -0.222469598 0.035968617 -0.974275827 -81.642059326
-0.970186234 0.015883675 0.241839439 -145.920989990 0.024552558 0.999157846 0.032874130 3.200173378 -0.241113618 0.037831806 -0.969759166 -81.745254517
-0.964686394 0.016805362 0.262864530 -145.867218018 0.026441745 0.999100149 0.033164453 3.215539455 -0.262070656 0.038943894 -0.964262545 -81.888534546
-0.958170831 0.015391927 0.285782754 -145.804244995 0.026376629 0.999052167 0.034627620 3.213398457 -0.284978896 0.040717158 -0.957668602 -82.040893555
-0.950928986 0.012879542 0.309141099 -145.726089478 0.025674675 0.998972118 0.037356693 3.216783524 -0.308342218 0.043460663 -0.950282156 -82.198669434
-0.942907870 0.012394754 0.332822800 -145.637481689 0.026762340 0.998895526 0.038619220 3.226768970 -0.331976533 0.045321487 -0.942198217 -82.363403320
-0.933795810 0.013246718 0.357561290 -145.544235229 0.029182753 0.998804748 0.039209634 3.230927944 -0.356614470 0.047048405 -0.933066249 -82.534660339
-0.923361361 0.013163202 0.383706450 -145.440612793 0.031413812 0.998651385 0.041335892 3.231334925 -0.382644892 0.050221644 -0.922529519 -82.714767456
-0.910748303 0.012861088 0.412761629 -145.331512451 0.034095045 0.998444319 0.044119708 3.232572556 -0.411552042 0.054255076 -0.909769833 -82.914413452
-0.896476269 0.011711132 0.442936957 -145.208740234 0.035326026 0.998357594 0.045101330 3.234490395 -0.441681325 0.056079477 -0.895417631 -83.082138062
-0.879181921 0.011727031 0.476342082 -145.097000122 0.037177265 0.998337805 0.044039868 3.230895996 -0.475033820 0.056428149 -0.878156424 -83.225097656
-0.858286440 0.010228195 0.513069034 -144.951919556 0.036464844 0.998489738 0.041094936 3.244940758 -0.511873782 0.053980216 -0.857363045 -83.422279358
-0.834179223 0.008038107 0.551434934 -144.767456055 0.035018742 0.998648047 0.038417351 3.249610901 -0.550380588 0.051357511 -0.833332837 -83.642738342
-0.806255221 0.007670694 0.591518223 -144.563034058 0.036052927 0.998694420 0.036190230 3.251733303 -0.590468347 0.050504517 -0.805479109 -83.858657837
-0.773706496 0.010948085 0.633449614 -144.334747314 0.040772825 0.998638391 0.032540895 3.255367756 -0.632230878 0.051004630 -0.773099422 -84.102317810
-0.738625228 0.014645512 0.673957229 -144.071899414 0.044556566 0.998638391 0.027130848 3.275256634 -0.672642231 0.050068747 -0.738272011 -84.340148926
-0.700910807 0.016334767 0.713061929 -143.789062500 0.045927025 0.998696685 0.022266328 3.291644096 -0.711768806 0.048355520 -0.700747430 -84.600135803
-0.663184643 0.015502689 0.748295307 -143.426422119 0.046614528 0.998700082 0.020622211 3.296302319 -0.747002840 0.048557762 -0.663045168 -84.852226257
-0.622568846 0.015721096 0.782407165 -143.042694092 0.049212247 0.998605847 0.019093435 3.302577734 -0.781016171 0.050390985 -0.622474611 -85.110351562
-0.579863846 0.014603063 0.814582527 -142.620819092 0.050143301 0.998583496 0.017793061 3.334006071 -0.813168883 0.051163405 -0.579774678 -85.370513916
-0.534867048 0.011289227 0.844860852 -142.164321899 0.050393894 0.998556912 0.018560566 3.348824978 -0.843432128 0.052503258 -0.534664035 -85.628326416
-0.487802714 0.006751680 0.872927785 -141.677474976 0.053148601 0.998344660 0.021978367 3.351366520 -0.871334374 0.057115998 -0.487354130 -85.871711731
-0.438514531 0.004031358 0.898715138 -141.156265259 0.058489259 0.997997940 0.024062242 3.370089054 -0.896818817 0.063116834 -0.437872350 -86.105087280
-0.388900489 -0.000116771 0.921279728 -140.602447510 0.062260948 0.997710466 0.026408717 3.373286963 -0.919173539 0.067630112 -0.388002872 -86.306838989
-0.338061333 -0.004044259 0.941115379 -140.020996094 0.064700685 0.997524917 0.027528025 3.385287285 -0.938897371 0.070196979 -0.336962938 -86.491203308
-0.288905144 -0.008208728 0.957322598 -139.401397705 0.067469753 0.997302413 0.028912866 3.391761780 -0.954977274 0.072943397 -0.287571847 -86.643058777
-0.239470541 -0.010894691 0.970842540 -138.792709351 0.070482917 0.997103572 0.028574897 3.395506144 -0.968341887 0.075270645 -0.238008991 -86.777915955
-0.193355605 -0.010408176 0.981073618 -138.122940063 0.074362963 0.996911943 0.025232086 3.409840345 -0.978306532 0.077834293 -0.191984564 -86.899383545
-0.153693646 -0.009907508 0.988068938 -137.442474365 0.074249089 0.997006953 0.021546537 3.417857409 -0.985324979 0.076674767 -0.152497947 -86.976760864
-0.119925216 -0.009781543 0.992734730 -136.711746216 0.073024400 0.997155786 0.018646657 3.425039530 -0.990093589 0.074730061 -0.118869796 -87.044845581
-0.092522115 -0.007728084 0.995680630 -135.968688965 0.071646035 0.997326136 0.014398450 3.438795567 -0.993129671 0.072668739 -0.091720976 -87.097946167
-0.070500523 -0.005713040 0.997495353 -135.198471069 0.072022855 0.997344434 0.010802580 3.445699453 -0.994908214 0.072604053 -0.069901817 -87.144805908
-0.053348377 -0.005189368 0.998562455 -134.394500732 0.072347336 0.997338414 0.009048183 3.451187372 -0.995951712 0.072726034 -0.052830931 -87.180450439
-0.038417295 -0.004542297 0.999251366 -133.577285767 0.073847622 0.997242272 0.007372323 3.444966316 -0.996529341 0.074075572 -0.037975892 -87.202896118
-0.024395518 -0.001846108 0.999700665 -132.735061646 0.074803963 0.997191489 0.003666910 3.455611944 -0.996899784 0.074871026 -0.024188908 -87.226676941
-0.009506104 0.001651240 0.999953449 -131.876998901 0.076253720 0.997087955 -0.000921595 3.449901342 -0.997043073 0.076241419 -0.009604348 -87.234588623
0.004793357 0.004723229 0.999977231 -131.007492065 0.075924180 0.997100651 -0.005073583 3.444835663 -0.997102082 0.075946786 0.004420845 -87.222045898
0.017324345 0.005184993 0.999836504 -130.090713501 0.072970614 0.997313321 -0.006436283 3.431192875 -0.997183561 0.073070198 0.016899450 -87.202537537
0.026781134 0.005097806 0.999628425 -129.161560059 0.068726197 0.997611523 -0.006928773 3.420582771 -0.997276008 0.068886228 0.026366824 -87.170532227
0.031833388 0.005022660 0.999480426 -128.214767456 0.064525612 0.997891009 -0.007069810 3.400084972 -0.997408211 0.064717151 0.031442128 -87.121902466
0.033200581 0.005255385 0.999434829 -127.246841431 0.061754577 0.998064637 -0.007299628 3.382829666 -0.997538924 0.061962038 0.032811806 -87.067565918
0.034460556 0.004610540 0.999395430 -126.250541687 0.060845859 0.998124599 -0.006702736 3.377417326 -0.997552097 0.061040055 0.034115423 -87.035530090
0.036093581 0.003393544 0.999342620 -125.243843079 0.062136769 0.998051882 -0.005633377 3.364162207 -0.997414768 0.062299255 0.035812423 -87.000885010
0.039347339 0.003180232 0.999220550 -124.198707581 0.062630087 0.998020828 -0.005642669 3.355398655 -0.997260869 0.062803298 0.039070308 -86.964126587
0.043276384 0.002636775 0.999059677 -123.146354675 0.063291341 0.997980535 -0.005375532 3.339497089 -0.997056305 0.063464455 0.043022111 -86.910400391
0.048208408 0.003146530 0.998832285 -122.073600769 0.062970594 0.997996211 -0.006183154 3.325466871 -0.996850371 0.063195147 0.047913607 -86.857543945
0.052641090 0.003349041 0.998607934 -120.981658936 0.062538654 0.998020411 -0.006643766 3.312651396 -0.996653318 0.062801324 0.052327462 -86.797782898
0.057547484 0.003135549 0.998337865 -119.884338379 0.061898295 0.998059928 -0.006702699 3.297678471 -0.996422052 0.062181134 0.057241723 -86.723899841
0.062707275 0.000570085 0.998031855 -118.758636475 0.062682770 0.998023331 -0.004508500 3.282832623 -0.996061623 0.062842116 0.062547579 -86.652160645
0.067375198 -0.003339142 0.997722089 -117.622589111 0.064003244 0.997949123 -0.000982178 3.265192747 -0.995672703 0.063923620 0.067450732 -86.571083069
0.071657598 -0.005273332 0.997415364 -116.466377258 0.064165704 0.997938991 0.000666222 3.255913019 -0.995363176 0.063952118 0.071848288 -86.485252380
0.073196337 -0.005452841 0.997302651 -115.294578552 0.064125404 0.997941494 0.000749893 3.239089966 -0.995253801 0.063897543 0.073395334 -86.393974304
0.073267154 -0.002855282 0.997308254 -114.120109558 0.061953254 0.998077631 -0.001693898 3.237109184 -0.995386243 0.061910599 0.073303200 -86.307937622
0.072322704 -0.002463890 0.997378230 -112.923484802 0.061927691 0.998078585 -0.002024926 3.227833986 -0.995456934 0.061911769 0.072336301 -86.223442078
0.071583092 -0.004999540 0.997422040 -111.733596802 0.062770121 0.998027921 0.000497684 3.211805582 -0.995457649 0.062572688 0.071755700 -86.137100220
0.070418358 -0.007090071 0.997492373 -110.513755798 0.064358428 0.997923613 0.002549725 3.194188595 -0.995439231 0.064017490 0.070728451 -86.043281555
0.069995716 -0.008371090 0.997512221 -109.311614990 0.065958492 0.997815430 0.003745308 3.180363417 -0.995364368 0.065532237 0.070394926 -85.965103149
0.069102079 -0.009359719 0.997565627 -108.116004944 0.065830275 0.997819304 0.004801990 3.161308765 -0.995435238 0.065338179 0.069567524 -85.871795654
0.068341352 -0.009387837 0.997617781 -106.933822632 0.066220284 0.997793198 0.004853097 3.144426346 -0.995461881 0.065730870 0.068812191 -85.784263611
0.068074852 -0.007938426 0.997648537 -105.742675781 0.065696798 0.997833610 0.003457058 3.125335932 -0.995514870 0.065306984 0.068448901 -85.705741882
0.067148395 -0.005743701 0.997726440 -104.568588257 0.065284759 0.997865736 0.001350750 3.104058504 -0.995604813 0.065045632 0.067380033 -85.615646362
0.066705391 -0.005185688 0.997759223 -103.369163513 0.064817242 0.997896791 0.000853030 3.092581034 -0.995665133 0.064615101 0.066901214 -85.534286499
0.066510648 -0.007621345 0.997756541 -102.162338257 0.064356893 0.997921288 0.003332559 3.073029757 -0.995708048 0.063990861 0.066862874 -85.458755493
0.065382488 -0.009341168 0.997816563 -100.990211487 0.064178020 0.997925162 0.005136888 3.059664249 -0.995794296 0.063702025 0.065846302 -85.365486145
0.065194830 -0.007949014 0.997840881 -99.809379578 0.062859088 0.998014987 0.003843448 3.042516232 -0.995890677 0.062472802 0.065565065 -85.287109375
0.064798422 -0.006343306 0.997878194 -98.614807129 0.063782759 0.997961283 0.002202033 3.018976450 -0.995857954 0.063504741 0.065070882 -85.208831787
0.064490110 -0.004302063 0.997909069 -97.435256958 0.064479060 0.997918963 0.000135135 3.004787683 -0.995833099 0.064335525 0.064633265 -85.130722046
0.063832663 -0.006225821 0.997941196 -96.245788574 0.062827148 0.998021901 0.002207623 2.986683369 -0.995980918 0.062556885 0.064097553 -85.052299500
0.064062722 -0.009607818 0.997899652 -95.067527771 0.061894946 0.998066664 0.005635916 2.972759724 -0.996024549 0.061403889 0.064533539 -84.978652954
0.062873147 -0.012031620 0.997949004 -93.894248962 0.060256366 0.998148918 0.008237741 2.953218699 -0.996200800 0.059614856 0.063481763 -84.895317078
0.062335696 -0.010138520 0.998003721 -92.728752136 0.056617308 0.998374104 0.006605945 2.946672916 -0.996448040 0.056092501 0.062808394 -84.810707092
0.062356826 -0.008738839 0.998015642 -91.566017151 0.055971690 0.998418629 0.005245212 2.929963827 -0.996483207 0.055533554 0.062747359 -84.738006592
0.061904155 -0.007963798 0.998050332 -90.405792236 0.055010054 0.998475432 0.004555195 2.917301893 -0.996564984 0.054620810 0.062247865 -84.654815674
0.062021941 -0.008666149 0.998037159 -89.246948242 0.053837936 0.998535514 0.005324773 2.904504299 -0.996621609 0.053402010 0.062397681 -84.581283569
0.061458182 -0.010122684 0.998058200 -88.102539062 0.054682277 0.998480856 0.006759765 2.889080763 -0.996610641 0.054160655 0.061918348 -84.497535706
0.061297808 -0.009936066 0.998070121 -86.950096130 0.055013213 0.998464167 0.006561280 2.872011423 -0.996602356 0.054504856 0.061750270 -84.422378540
0.061161146 -0.007755838 0.998097777 -85.819351196 0.057714630 0.998324156 0.004220988 2.858409166 -0.996457994 0.057346683 0.061506245 -84.353759766
0.062099688 -0.006541880 0.998048425 -84.660125732 0.060289893 0.998176932 0.002791421 2.842501163 -0.996247351 0.059998889 0.062380854 -84.293807983
0.063527174 -0.007046347 0.997955203 -83.512145996 0.062708125 0.998027146 0.003055020 2.825535536 -0.996008039 0.062385820 0.063843720 -84.219505310
0.066350922 -0.008163499 0.997762978 -82.381507874 0.063140586 0.997996688 0.003966574 2.810141325 -0.995796561 0.062736154 0.066733457 -84.140411377
