1.000000000 0.000000000 0.000000060 0.000015259 0.000000000 1.000000000 0.000000000 -0.000000954 0.000000060 0.000000000 1.000000000 -0.000015259
0.999991357 -0.002494996 -0.003332495 -0.003983618 0.002487700 0.999994516 -0.002191790 -0.004839709 0.003338065 0.002183480 0.999992073 0.666382611
0.999970853 -0.001299061 -0.007525325 -0.007652789 0.001271991 0.999992728 -0.003601070 -0.009343210 0.007529974 0.003591390 0.999965191 1.372484565
0.999934614 -0.001143090 -0.011379420 -0.022583902 0.001086822 0.999987185 -0.004949864 -0.013086841 0.011384964 0.004937172 0.999922991 2.070562124
0.999866664 0.000085020 -0.016335906 -0.041803867 -0.000177839 0.999983907 -0.005680619 -0.015046884 0.016335193 0.005682766 0.999850392 2.801261902
0.999788761 -0.000816617 -0.020535465 -0.059311245 0.000698114 0.999983072 -0.005777145 -0.028261166 0.020539910 0.005761585 0.999772370 3.537997961
0.999686897 0.000904053 -0.025005408 -0.084990129 -0.001084582 0.999973536 -0.007206944 -0.030798517 0.024998300 0.007231806 0.999661326 4.292048454
0.999553502 0.003521651 -0.029671432 -0.119454406 -0.003754003 0.999962687 -0.007778910 -0.041388799 0.029642968 0.007886826 0.999529421 5.058419704
0.999416351 0.004051387 -0.033916637 -0.152769327 -0.004255510 0.999973238 -0.005948493 -0.051095035 0.033891667 0.006089355 0.999407053 5.842164516
0.999251187 0.003283161 -0.038551100 -0.185184151 -0.003417375 0.999988317 -0.003416207 -0.058151752 0.038539469 0.003545392 0.999250770 6.645717144
0.999123752 0.003067676 -0.041741461 -0.222443342 -0.003100885 0.999994934 -0.000730826 -0.067386054 0.041739013 0.000859622 0.999128222 7.445902824
0.999006391 0.004398419 -0.044350524 -0.265541852 -0.004464193 0.999989033 -0.001384087 -0.074556075 0.044343963 0.001580703 0.999015152 8.261797905
0.998908341 0.003743157 -0.046564654 -0.312209845 -0.003823818 0.999991417 -0.001643245 -0.079487145 0.046558108 0.001819507 0.998914003 9.086612701
0.998836756 0.001118531 -0.048206627 -0.346562088 -0.001235981 0.999996305 -0.002406607 -0.086108759 0.048203766 0.002463391 0.998834491 9.912975311
0.998722911 0.000858961 -0.050516691 -0.388072133 -0.000948692 0.999997914 -0.001752303 -0.091671310 0.050515089 0.001797991 0.998721659 10.753555298
0.998662174 -0.000693705 -0.051703725 -0.439272702 0.000585873 0.999997556 -0.002100687 -0.098126754 0.051705070 0.002067586 0.998660207 11.595477104
0.998562336 0.001479216 -0.053581901 -0.492310494 -0.001706027 0.999989748 -0.004187477 -0.112598762 0.053575166 0.004272871 0.998554647 12.455767632
0.998485684 0.001707416 -0.054984897 -0.539995432 -0.002079349 0.999975324 -0.006707707 -0.120207921 0.054972138 0.006811881 0.998464644 13.331064224
0.998391926 0.005548229 -0.056415763 -0.600869477 -0.006022724 0.999947846 -0.008244082 -0.132928520 0.056367137 0.008570599 0.998373330 14.206732750
0.998308420 0.006664083 -0.057758365 -0.653469563 -0.007138705 0.999942422 -0.008014880 -0.143144518 0.057701677 0.008413639 0.998298407 15.099320412
0.998208404 0.005744204 -0.059556462 -0.703078866 -0.006122719 0.999962211 -0.006174990 -0.160712004 0.059518777 0.006528575 0.998205841 15.993338585
0.998134434 0.006493637 -0.060707014 -0.766358376 -0.006816422 0.999963641 -0.005111482 -0.169102535 0.060671672 0.005515754 0.998142600 16.890819550
0.998095453 0.006259368 -0.061369684 -0.829908967 -0.006572316 0.999966383 -0.004898816 -0.187346309 0.061337009 0.005292830 0.998103082 17.795408249
0.997960567 0.006067588 -0.063542478 -0.881058335 -0.006435353 0.999963760 -0.005584618 -0.199667126 0.063506275 0.005982148 0.997963488 18.699193954
0.997899890 0.004606453 -0.064611338 -0.943187177 -0.005000907 0.999969900 -0.005944610 -0.214807361 0.064582005 0.006255241 0.997892797 19.613128662
0.997861803 0.004270096 -0.065218285 -1.001612067 -0.004565778 0.999979973 -0.004385353 -0.223998368 0.065198243 0.004673749 0.997861326 20.533348083
0.997861981 0.006242380 -0.065057628 -1.068147302 -0.006358859 0.999978602 -0.001583461 -0.230151206 0.065046430 0.001993768 0.997880161 21.453004837
0.997920930 0.007370104 -0.064027607 -1.132658362 -0.007243429 0.999971211 0.002210367 -0.240409032 0.064042136 -0.001741992 0.997945666 22.381980896
0.998031735 0.006510362 -0.062371485 -1.197534323 -0.006219740 0.999968827 0.004852556 -0.244986683 0.062401220 -0.004455070 0.998041213 23.318460464
0.998111963 0.006010787 -0.061125576 -1.246786118 -0.005644511 0.999965012 0.006163073 -0.256824076 0.061160561 -0.005806416 0.998111069 24.254970551
0.998202085 0.006468940 -0.059588905 -1.305367827 -0.006267787 0.999974012 0.003561913 -0.266426027 0.059610475 -0.003182021 0.998216689 25.196897507
0.998237908 0.007018831 -0.058923066 -1.364377499 -0.007114068 0.999973714 -0.001406727 -0.268431813 0.058911726 0.001823428 0.998261571 26.137859344
0.998308241 0.006556848 -0.057772938 -1.417377353 -0.006816659 0.999967575 -0.004301203 -0.280183047 0.057742860 0.004687745 0.998320520 27.086029053
0.998354971 0.003738082 -0.057215091 -1.470123529 -0.003943447 0.999986291 -0.003476882 -0.288453251 0.057201315 0.003696787 0.998355865 28.042840958
0.998363316 0.002516822 -0.057134893 -1.533854365 -0.002442056 0.999996066 0.001378362 -0.299552798 0.057138138 -0.001236579 0.998365521 29.025522232
0.998336732 -0.001034368 -0.057642039 -1.588158131 0.001318509 0.999987125 0.004891607 -0.309744060 0.057636257 -0.004959475 0.998325229 29.977687836
0.998223662 -0.008360443 -0.058988843 -1.635173917 0.008631086 0.999953389 0.004334758 -0.316824377 0.058949858 -0.004836198 0.998249233 30.954639435
0.998125553 -0.010742370 -0.060249720 -1.692855239 0.010790752 0.999941707 0.000477707 -0.323561102 0.060241096 -0.001126951 0.998183191 31.919485092
0.998046279 -0.010472205 -0.061596584 -1.756321549 0.010270851 0.999940813 -0.003584645 -0.329885542 0.061630495 0.002944994 0.998094738 32.895690918
0.997932315 -0.009303849 -0.063597120 -1.831233501 0.009047157 0.999949753 -0.004323046 -0.338068336 0.063634187 0.003738734 0.997966409 33.887054443
0.997881472 -0.009482146 -0.064362161 -1.886634827 0.009333568 0.999953091 -0.002608794 -0.357482910 0.064383857 0.002002541 0.997923076 34.850708008
0.997810304 -0.006677936 -0.065802567 -1.956027031 0.006712217 0.999977529 0.000299879 -0.370954514 0.065799072 -0.000740902 0.997832537 35.850654602
0.997731626 -0.006023740 -0.067046903 -2.023570061 0.006132794 0.999980211 0.001420829 -0.382593036 0.067037106 -0.001828793 0.997748792 36.833869934
0.997672737 -0.004759296 -0.068018474 -2.092826128 0.005035874 0.999979794 0.003895339 -0.390181154 0.067998640 -0.004228807 0.997676373 37.810604095
0.997682929 -0.005117945 -0.067843616 -2.161998987 0.005602848 0.999960124 0.006959061 -0.396565408 0.067805320 -0.007323056 0.997671723 38.808547974
0.997649610 0.000444044 -0.068522282 -2.240094423 0.000183233 0.999958098 0.009147845 -0.397910714 0.068523496 -0.009138898 0.997607708 39.794761658
0.997637570 0.000791831 -0.068692900 -2.314399004 -0.000206281 0.999963641 0.008530811 -0.405315876 0.068697140 -0.008496487 0.997601390 40.795215607
0.997659147 0.000626294 -0.068381399 -2.390435219 -0.000153347 0.999976039 0.006921297 -0.408303320 0.068384096 -0.006894608 0.997635305 41.789199829
0.997641742 0.003158385 -0.068565071 -2.467527390 -0.002846206 0.999985158 0.004650197 -0.417564094 0.068578735 -0.004444080 0.997635841 42.783729553
0.997583270 0.002655810 -0.069430619 -2.528766394 -0.002339566 0.999986589 0.004635738 -0.422779858 0.069442004 -0.004462094 0.997575998 43.747097015
0.997513235 0.001017092 -0.070472300 -2.601605177 -0.000612125 0.999983251 0.005767824 -0.432105839 0.070476986 -0.005710339 0.997497022 44.729164124
0.997450471 0.001744953 -0.071342066 -2.680061340 -0.001275639 0.999977231 0.006623405 -0.437910438 0.071352012 -0.006515507 0.997429907 45.713558197
0.997410834 0.003244936 -0.071839832 -2.745009184 -0.002999581 0.999989390 0.003522919 -0.449378639 0.071850531 -0.003298309 0.997409880 46.678359985
0.997355998 0.003724992 -0.072574876 -2.823997498 -0.003776267 0.999992728 -0.000569313 -0.457886219 0.072572254 0.000841869 0.997362792 47.641654968
0.997304797 0.005014748 -0.073196836 -2.901962280 -0.005180666 0.999984503 -0.002077064 -0.462960243 0.073185325 0.002450674 0.997315288 48.598922729
0.997292399 0.003073964 -0.073474549 -2.969582319 -0.002950061 0.999994040 0.001794804 -0.482074738 0.073479652 -0.001573188 0.997295439 49.577274323
0.997282445 0.001178812 -0.073664278 -3.041408539 -0.000843779 0.999989152 0.004579055 -0.489433169 0.073668890 -0.004504453 0.997272611 50.548160553
0.997280717 -0.000142124 -0.073697530 -3.118935108 0.000530879 0.999986112 0.005255441 -0.503155947 0.073695771 -0.005280272 0.997266769 51.508205414
0.997244537 -0.003297199 -0.074111402 -3.180867672 0.003620256 0.999984562 0.004225158 -0.512269378 0.074096382 -0.004481818 0.997241020 52.457931519
0.997213125 -0.006082838 -0.074357137 -3.252884865 0.006331204 0.999975145 0.003104910 -0.523678422 0.074336454 -0.003567029 0.997226894 53.412117004
0.997132480 -0.007455957 -0.075307362 -3.327950716 0.007780377 0.999961734 0.004015480 -0.529870868 0.075274609 -0.004589886 0.997152328 54.366542816
0.996970534 -0.011389427 -0.076942183 -3.387023926 0.012065375 0.999892652 0.008326001 -0.538250327 0.076839142 -0.009229113 0.997000754 55.315170288
0.996951997 -0.011991820 -0.077090763 -3.466619968 0.013014409 0.999833703 0.012776035 -0.536879957 0.076924801 -0.013740385 0.996942163 56.257579803
0.996916473 -0.010024865 -0.077827409 -3.548109531 0.011249880 0.999819517 0.015317690 -0.542135715 0.077659860 -0.016146008 0.996849120 57.196758270
0.996759474 -0.009557105 -0.079869971 -3.614321232 0.010477618 0.999883413 0.011114030 -0.541460097 0.079754516 -0.011914862 0.996743202 58.151145935
0.996717751 -0.007267475 -0.080628268 -3.697347164 0.007590768 0.999964356 0.003703912 -0.552376926 0.080598436 -0.004303787 0.996737301 59.055435181
0.996677995 -0.005098816 -0.081283681 -3.781145573 0.005001350 0.999986529 -0.001402620 -0.557225108 0.081289701 0.000991431 0.996690035 59.966480255
0.996608198 -0.000498100 -0.082291014 -3.864030123 0.000453143 0.999999702 -0.000564973 -0.568251848 0.082291238 0.000525766 0.996608198 60.869144440
0.996515095 0.002010653 -0.083388694 -3.948022366 -0.001857826 0.999996483 0.001910219 -0.585426033 0.083392195 -0.001748642 0.996515155 61.766441345
0.996435106 0.004723437 -0.084230594 -4.029480934 -0.004457079 0.999984562 0.003349971 -0.598081827 0.084245078 -0.002962608 0.996440530 62.650592804
0.996320605 0.005708360 -0.085514985 -4.106178284 -0.005448498 0.999979794 0.003271876 -0.612111568 0.085531898 -0.002793910 0.996331513 63.517578125
0.996168017 0.007006225 -0.087179653 -4.187700272 -0.006674649 0.999969363 0.004094275 -0.620555401 0.087205619 -0.003496692 0.996184170 64.373420715
0.996047616 0.008255028 -0.088435762 -4.264457226 -0.007872711 0.999958098 0.004671031 -0.632599592 0.088470630 -0.003956342 0.996070921 65.203140259
0.995912611 0.007859710 -0.089978710 -4.337813854 -0.007429247 0.999959409 0.005117958 -0.640793204 0.090015277 -0.004428566 0.995930552 66.029640198
0.995813072 0.007585944 -0.091097474 -4.419627190 -0.007050583 0.999956012 0.006197169 -0.648157358 0.091140501 -0.005528932 0.995822668 66.839385986
0.995651603 0.010320574 -0.092581645 -4.500283241 -0.009539660 0.999915183 0.008873455 -0.654707551 0.092665404 -0.007951673 0.995665491 67.638610840
0.995526433 0.012016497 -0.093716346 -4.579021454 -0.010842472 0.999856353 0.013026566 -0.661757708 0.093859501 -0.011952173 0.995513678 68.422912598
0.995332479 0.015253450 -0.095292754 -4.661647320 -0.013927649 0.999796987 0.014562621 -0.663754344 0.095495619 -0.013167444 0.995342731 69.198204041
0.995162904 0.018110359 -0.096554689 -4.743286610 -0.017169349 0.999796748 0.010567898 -0.673060358 0.096726537 -0.008858998 0.995271623 69.940773010
0.995008528 0.018173227 -0.098121367 -4.815967560 -0.017933674 0.999833524 0.003322897 -0.681103349 0.098165505 -0.001546633 0.995168924 70.664405823
0.994884968 0.017169505 -0.099544220 -4.888329029 -0.017509367 0.999843478 -0.002541501 -0.688573956 0.099485002 0.004271460 0.995029867 71.372634888
0.994815409 0.017639710 -0.100155987 -4.958510399 -0.018120889 0.999828219 -0.003896513 -0.693334341 0.100070037 0.005691229 0.994964182 72.061958313
0.994710445 0.020645281 -0.100622989 -5.044013500 -0.020764621 0.999784410 -0.000138722 -0.707172573 0.100598507 0.002227385 0.994924664 72.740592957
0.994571328 0.021083100 -0.101899110 -5.116455555 -0.020959636 0.999777794 0.002282229 -0.725191116 0.101924673 -0.000134074 0.994792163 73.392578125
0.994554162 0.017682169 -0.102710485 -5.181456566 -0.017899076 0.999839067 -0.001190477 -0.735496581 0.102672994 0.003022414 0.994710624 74.019645691
0.994636536 0.009708014 -0.102975242 -5.229409695 -0.010398214 0.999926925 -0.006167905 -0.750635505 0.102907866 0.007205584 0.994664729 74.628608704
0.994766057 0.005779931 -0.102015689 -5.283430099 -0.006955935 0.999913394 -0.011175733 -0.756827235 0.101942271 0.011826856 0.994719982 75.227325439
0.995054603 0.007934810 -0.099012375 -5.342976093 -0.009109597 0.999893248 -0.011418590 -0.769443095 0.098911233 0.012264085 0.995020688 75.810020447
0.995432436 0.013213206 -0.094549350 -5.410727024 -0.014053783 0.999867380 -0.008229999 -0.784812450 0.094428070 0.009521185 0.995486140 76.367301941
0.995875299 0.011703673 -0.089973748 -5.458864212 -0.012205448 0.999912858 -0.005028686 -0.799845397 0.089907110 0.006106114 0.995931506 76.932838440
0.996402502 0.008167450 -0.084351763 -5.491569519 -0.008284458 0.999965191 -0.001037200 -0.810975373 0.084340416 0.001732278 0.996435463 77.474227905
0.997072577 0.003496622 -0.076381199 -5.519689083 -0.003303605 0.999991000 0.002653236 -0.824899912 0.076389849 -0.002393135 0.997075081 78.011482239
0.997804165 0.007047649 -0.065856211 -5.549142361 -0.006905558 0.999973297 0.002385012 -0.835727215 0.065871328 -0.001925000 0.997826219 78.524620056
0.998643517 0.012320712 -0.050590366 -5.576335430 -0.012246717 0.999923468 0.001772443 -0.838875294 0.050608337 -0.001150471 0.998717904 79.023796082
0.999325335 0.017479174 -0.032300517 -5.595638752 -0.017412741 0.999845684 0.002337022 -0.845503449 0.032336384 -0.001773003 0.999475598 79.516502380
0.999820888 0.016086660 -0.009981275 -5.587862015 -0.016059410 0.999867141 0.002804903 -0.849221945 0.010025080 -0.002644106 0.999946296 80.001083374
0.999789596 0.012532455 0.016239583 -5.558807850 -0.012593626 0.999914050 0.003669692 -0.856528640 -0.016192187 -0.003873433 0.999861360 80.466865540
0.998899817 0.011488216 0.045465391 -5.513588428 -0.011744768 0.999916553 0.005379589 -0.867724597 -0.045399796 -0.005907649 0.998951375 80.910491943
0.996859908 0.010746127 0.078453057 -5.454610825 -0.011320515 0.999912322 0.006880336 -0.877850473 -0.078372218 -0.007746862 0.996894062 81.354156494
0.993195772 0.010791898 0.115955725 -5.377477646 -0.011705532 0.999905646 0.007201091 -0.881831288 -0.115867041 -0.008509417 0.993228316 81.797851562
0.987370074 0.010760283 0.158064514 -5.290546417 -0.012015687 0.999903440 0.006988849 -0.885793507 -0.157973975 -0.008799833 0.987403989 82.228660583
0.979140878 0.010349908 0.202918559 -5.170732498 -0.011989543 0.999904692 0.006852659 -0.892942965 -0.202828258 -0.009142618 0.979171634 82.642532349
0.967742860 0.012379699 0.251635283 -5.043197632 -0.014099587 0.999888003 0.005032938 -0.905236363 -0.251544714 -0.008418544 0.967809081 83.030158997
0.952352047 0.013572996 0.304698825 -4.893627167 -0.014930955 0.999886334 0.002126935 -0.913657308 -0.304635257 -0.006575035 0.952446461 83.393508911
0.932566702 0.013836502 0.360732406 -4.718898773 -0.014783696 0.999890804 -0.000133625 -0.919541538 -0.360694766 -0.005208344 0.932669461 83.758979797
0.908502102 0.014427314 0.417631179 -4.511211395 -0.014879961 0.999886930 -0.002172263 -0.923932374 -0.417615265 -0.004240829 0.908614099 84.113372803
0.879854679 0.014252909 0.475029141 -4.290992737 -0.013960171 0.999893963 -0.004143902 -0.931605935 -0.475037783 -0.002985456 0.879960418 84.428375244
0.846526742 0.013314610 0.532179713 -4.050296783 -0.011834905 0.999910831 -0.006191248 -0.940543413 -0.532214642 -0.001057242 0.846608877 84.734291077
0.809637964 0.013102895 0.586783290 -3.791927338 -0.010514404 0.999914169 -0.007820442 -0.946270049 -0.586835384 0.000162049 0.809706390 85.021125793
0.770533919 0.010868208 0.637306333 -3.510509491 -0.008617045 0.999940872 -0.006633922 -0.961490273 -0.637340665 -0.000380035 0.770582020 85.278533936
0.727667868 0.010659316 0.685846806 -3.218566895 -0.010199741 0.999936819 -0.004719156 -0.966960251 -0.685853720 -0.003561480 0.727730751 85.533950806
0.682426572 0.009580594 0.730891287 -2.916725159 -0.008951931 0.999948680 -0.004749084 -0.971102715 -0.730899155 -0.003301987 0.682477474 85.760429382
0.636164308 0.008346450 0.771508455 -2.594207764 -0.005915726 0.999964952 -0.005940029 -0.980808377 -0.771530867 -0.000785198 0.636191368 85.962402344
0.589874983 0.005770965 0.807473958 -2.257293701 0.000322020 0.999972701 -0.007381984 -0.983533740 -0.807494402 0.004614471 0.589857101 86.140106201
0.542960823 0.007934869 0.839720488 -1.922111511 -0.002299663 0.999965608 -0.007962137 -0.997853994 -0.839754820 0.002392054 0.542960525 86.315872192
0.495218515 0.010868774 0.868700504 -1.592247009 -0.004742629 0.999940693 -0.009807168 -0.999484599 -0.868755460 0.000736767 0.495240718 86.479751587
0.449608028 0.013684689 0.893121123 -1.267913818 -0.007306398 0.999905467 -0.011642744 -1.013794780 -0.893195987 -0.001290828 0.449665695 86.604713440
0.406879246 0.011157637 0.913413823 -0.915977478 0.000366529 0.999923348 -0.012377648 -1.018359423 -0.913481712 0.005370999 0.406844109 86.717773438
0.367892325 0.003328964 0.929862440 -0.542091370 0.015602454 0.999830663 -0.009752438 -1.022974372 -0.929737389 0.018095981 0.367778212 86.802909851
0.332585871 -0.000311524 0.943072915 -0.180854797 0.019888170 0.999779820 -0.006683546 -1.028560162 -0.942863226 0.020978848 0.332518935 86.890747070
0.299720943 0.004260662 0.954017401 0.190528870 0.017049490 0.999806345 -0.009821546 -1.034113884 -0.953874469 0.019209230 0.299590290 86.987838745
0.268104613 0.011709170 0.963318706 0.555679321 0.006056086 0.999885976 -0.013839135 -1.051061869 -0.963370800 0.009544276 0.268003076 87.096878052
0.239861876 0.016127922 0.970673084 0.935306549 0.001172501 0.999856532 -0.016902545 -1.068392038 -0.970806301 0.005192391 0.239808530 87.178405762
0.214095101 0.017668013 0.976653039 1.326009750 0.002584314 0.999822736 -0.018653674 -1.084041476 -0.976809502 0.006517638 0.214011461 87.243743896
0.190402195 0.018922780 0.981523812 1.736166000 0.009808014 0.999727726 -0.021176349 -1.096663833 -0.981657207 0.013658823 0.190164715 87.302040100
0.170663804 0.025262121 0.985005438 2.146142960 0.017004531 0.999446988 -0.028578725 -1.095910907 -0.985182583 0.021626908 0.170139834 87.341247559
0.151011303 0.032181926 0.988008022 2.565516472 0.019272763 0.999184191 -0.035491690 -1.092711687 -0.988344133 0.024401290 0.150267914 87.392547607
0.133038551 0.032689527 0.990571558 3.003667831 0.017027711 0.999233186 -0.035262272 -1.107766628 -0.990964472 0.021558415 0.132379919 87.449966431
0.117790282 0.028558653 0.992627740 3.463217735 0.014918070 0.999422669 -0.030524408 -1.130634785 -0.992926478 0.018403571 0.117296308 87.497734070
0.103481747 0.025593799 0.994302034 3.935832977 0.015258554 0.999510348 -0.027315890 -1.147381783 -0.994514465 0.017998304 0.103040613 87.537506104
0.090382650 0.023062607 0.995640099 4.418013096 0.017792236 0.999534845 -0.024767974 -1.163543463 -0.995748222 0.019953260 0.089930333 87.567939758
0.078599915 0.022178464 0.996659517 4.909887791 0.021403274 0.999484599 -0.023929257 -1.180367947 -0.996676445 0.023212614 0.078084767 87.594993591
0.068368383 0.022919679 0.997396767 5.429323196 0.024362385 0.999399602 -0.024635663 -1.197713733 -0.997362673 0.025983268 0.067769013 87.626373291
0.060748585 0.023591453 0.997874260 5.965015888 0.026701586 0.999324501 -0.025251281 -1.208634019 -0.997795880 0.028178804 0.060077660 87.647674561
0.055253796 0.023831973 0.998187840 6.514062405 0.028334405 0.999275029 -0.025426356 -1.225566864 -0.998070300 0.029687962 0.054538533 87.672653198
0.049542602 0.024778007 0.998464525 7.078262806 0.029829539 0.999209642 -0.026276600 -1.244195223 -0.998326480 0.031085549 0.048764385 87.699264526
0.043725338 0.025641495 0.998714447 7.660612106 0.030212101 0.999179482 -0.026976164 -1.259144306 -0.998586595 0.031352807 0.042914838 87.717582703
0.039325904 0.025605872 0.998898268 8.263594627 0.032835230 0.999098599 -0.026903706 -1.277417660 -0.998686790 0.033857066 0.038449749 87.735908508
0.036461469 0.025678001 0.999005079 8.881248474 0.034242395 0.999050617 -0.026928948 -1.295620799 -0.998748183 0.035190187 0.035547648 87.754081726
0.033367578 0.025205672 0.999125242 9.520824432 0.035223741 0.999031246 -0.026379660 -1.314598322 -0.998822272 0.036073152 0.032447472 87.771606445
0.030907687 0.024450179 0.999223173 10.174890518 0.037091527 0.998984158 -0.025591632 -1.337065697 -0.998833776 0.037853695 0.029969428 87.792442322
0.030414956 0.024121417 0.999246240 10.849678040 0.041942593 0.998797536 -0.025387224 -1.356382370 -0.998656929 0.042683139 0.029366691 87.803741455
0.031330589 0.023800578 0.999225736 11.543322563 0.044892799 0.998674095 -0.025195047 -1.375959754 -0.998500466 0.045647413 0.030220628 87.824066162
0.033658389 0.023824571 0.999149501 12.247062683 0.046676069 0.998587549 -0.025383554 -1.395214558 -0.998342752 0.047490746 0.032498870 87.847229004
0.037386373 0.023748932 0.999018729 12.972011566 0.049152832 0.998463809 -0.025575196 -1.416063547 -0.998091280 0.050060760 0.036161672 87.874145508
0.042010870 0.023050265 0.998851180 13.715363503 0.049748793 0.998445630 -0.025133291 -1.443241835 -0.997877777 0.050747517 0.040798843 87.900665283
0.045694254 0.021503907 0.998723984 14.469039917 0.051121242 0.998408020 -0.023836030 -1.463943720 -0.997646570 0.052145176 0.044522200 87.942550659
0.049584266 0.019627720 0.998576999 15.240371704 0.051140066 0.998445570 -0.022164488 -1.488750458 -0.997459829 0.052166302 0.048503421 87.986083984
0.053878210 0.017530877 0.998393536 16.025342941 0.048255339 0.998632014 -0.020139152 -1.509400606 -0.997380853 0.049262885 0.052958544 88.035278320
0.057882339 0.016617801 0.998184919 16.826150894 0.046990313 0.998707891 -0.019351356 -1.533314943 -0.997216940 0.048025135 0.057026677 88.081451416
0.061815992 0.017746281 0.997929752 17.626905441 0.044227932 0.998811007 -0.020501621 -1.554212093 -0.997107148 0.045403704 0.060957629 88.142349243
0.064890042 0.021541679 0.997659802 18.421936035 0.041929968 0.998825192 -0.024294052 -1.585465670 -0.997011125 0.043408286 0.063910566 88.197822571
0.066617817 0.026655244 0.997422457 19.240928650 0.036252495 0.998918355 -0.029116517 -1.615696907 -0.997119784 0.038098734 0.065579474 88.258026123
0.066421665 0.029903591 0.997343421 20.055778503 0.033596952 0.998916924 -0.032188274 -1.641113281 -0.997225821 0.035645694 0.065345094 88.319763184
0.066490002 0.029555794 0.997349262 20.865442276 0.031270668 0.999008417 -0.031689674 -1.672607899 -0.997296929 0.033294819 0.065499872 88.379325867
0.066429049 0.027999340 0.997398198 21.696743011 0.028492315 0.999145389 -0.029946038 -1.704950809 -0.997384310 0.030407477 0.065574519 88.445739746
0.065745734 0.026837261 0.997475445 22.513931274 0.029276278 0.999156117 -0.028812142 -1.737358570 -0.997406840 0.031096650 0.064904563 88.511253357
0.066200890 0.025775796 0.997473300 23.332332611 0.026976047 0.999254704 -0.027612185 -1.777713776 -0.997441649 0.028735843 0.065456226 88.571060181
0.066594452 0.026103932 0.997438550 24.161218643 0.024809169 0.999305367 -0.027809180 -1.814641595 -0.997471690 0.026597559 0.065900564 88.628677368
0.066928774 0.026703130 0.997400284 24.975620270 0.021784473 0.999364495 -0.028217513 -1.850635290 -0.997519970 0.023616403 0.066304490 88.684219360
0.065145135 0.027976710 0.997483492 25.787111282 0.018673962 0.999397695 -0.029249983 -1.885347605 -0.997701049 0.020532457 0.064583436 88.758987427
0.062463701 0.027858483 0.997658372 26.603294373 0.015852237 0.999456644 -0.028901208 -1.915540099 -0.997921348 0.017620396 0.061988235 88.810348511
0.058745544 0.026749322 0.997914493 27.415208817 0.013602095 0.999526799 -0.027593266 -1.946501851 -0.998180330 0.015194711 0.058353987 88.862777710
0.053954773 0.024092063 0.998252749 28.232435226 0.011660394 0.999625623 -0.024755429 -1.981949449 -0.998475313 0.012975695 0.053653747 88.910614014
0.047658537 0.022192016 0.998617113 29.051679611 0.009443011 0.999698460 -0.022666706 -2.010312557 -0.998819053 0.010510212 0.047434654 88.955528259
0.039845623 0.022625964 0.998949647 29.854446411 0.009214952 0.999692738 -0.023010358 -2.038927317 -0.999163330 0.010122132 0.039624941 88.991790771
0.031413753 0.023382546 0.999232888 30.662227631 0.008661263 0.999682486 -0.023665356 -2.070610762 -0.999469101 0.009398033 0.031201303 89.014404297
0.021401433 0.023718584 0.999489486 31.467323303 0.009185329 0.999671698 -0.023919584 -2.098863602 -0.999728799 0.009692554 0.021176547 89.035369873
0.011292989 0.022785464 0.999676585 32.265323639 0.010810941 0.999679148 -0.022907646 -2.125702381 -0.999877810 0.011066141 0.011043032 89.040969849
0.000229418 0.021803103 0.999762237 33.058742523 0.009449813 0.999717534 -0.021804299 -2.157378674 -0.999955356 0.009452567 0.000023318 89.044975281
-0.010863870 0.021075036 0.999718845 33.851974487 0.011071831 0.999719143 -0.020954728 -2.185383081 -0.999879718 0.010841071 -0.011094122 89.032379150
-0.021786816 0.021213386 0.999537528 34.633110046 0.011191942 0.999717414 -0.020973256 -2.214366913 -0.999700069 0.010729826 -0.022018045 89.012321472
-0.032963403 0.022057153 0.999213099 35.404647827 0.011586279 0.999697685 -0.021685626 -2.240681171 -0.999389410 0.010862331 -0.033208966 88.985145569
-0.043318331 0.023067459 0.998794973 36.184520721 0.011394757 0.999679863 -0.022593696 -2.271979570 -0.998996377 0.010402302 -0.043567237 88.947616577
-0.053989545 0.024236869 0.998247325 36.951267242 0.011997371 0.999649048 -0.023622029 -2.296265125 -0.998469472 0.010700998 -0.054261301 88.908523560
-0.063441694 0.024530493 0.997684062 37.707405090 0.013401982 0.999628782 -0.023726083 -2.333298683 -0.997895598 0.011865720 -0.063746825 88.854225159
-0.072819181 0.025279183 0.997024775 38.477409363 0.013723658 0.999609530 -0.024342386 -2.358182669 -0.997250676 0.011910234 -0.073137604 88.795211792
-0.082315065 0.025643539 0.996276379 39.217144012 0.014459541 0.999594510 -0.024534253 -2.387649298 -0.996501446 0.012386161 -0.082652420 88.737228394
-0.090858653 0.025227576 0.995544255 39.949333191 0.015853420 0.999589086 -0.023883209 -2.412532806 -0.995737553 0.013612782 -0.091221213 88.663513184
-0.097959645 0.023942411 0.994902372 40.693241119 0.017805530 0.999592602 -0.022302128 -2.443347931 -0.995031059 0.015530054 -0.098345987 88.582687378
-0.103293560 0.022381850 0.994399130 41.414051056 0.020593474 0.999580562 -0.020359321 -2.470210791 -0.994437754 0.018375142 -0.103711106 88.507041931
-0.107307740 0.020937584 0.994005263 42.124763489 0.023769779 0.999546468 -0.018488232 -2.493217945 -0.993941665 0.021643357 -0.107756697 88.428604126
-0.109613687 0.019867936 0.993775666 42.838294983 0.025336090 0.999531150 -0.017188424 -2.515294313 -0.993651271 0.023294300 -0.110065669 88.342437744
-0.111380070 0.018824279 0.993599534 43.524108887 0.025244761 0.999551475 -0.016107164 -2.540171862 -0.993457139 0.023289159 -0.111805327 88.266845703
-0.111991465 0.019522756 0.993517399 44.208847046 0.026182957 0.999517918 -0.016689263 -2.557653427 -0.993364155 0.024144171 -0.112448633 88.185363770
-0.110870376 0.020467991 0.993624151 44.861553192 0.026768308 0.999486804 -0.017601896 -2.579547644 -0.993474305 0.024646109 -0.111361369 88.112380981
-0.107933819 0.021884762 0.993917227 45.485237122 0.027668072 0.999436677 -0.019001689 -2.603852749 -0.993773043 0.025448849 -0.108478509 88.047409058
-0.102842093 0.022630585 0.994440198 46.120384216 0.027902357 0.999413431 -0.019858181 -2.624372244 -0.994306266 0.025704969 -0.103413194 87.984184265
-0.094670452 0.023407619 0.995233417 46.715148926 0.027693314 0.999398589 -0.020871289 -2.644215345 -0.995123386 0.025585420 -0.095261723 87.929916382
-0.083784491 0.023331653 0.996210694 47.301300049 0.026005203 0.999436617 -0.021220084 -2.669787407 -0.996144533 0.024128746 -0.084344015 87.896034241
-0.070043951 0.023307800 0.997271538 47.849479675 0.025458286 0.999443233 -0.021570476 -2.696023464 -0.997219026 0.023877943 -0.070598319 87.866340637
-0.053128805 0.024726009 0.998281658 48.402591705 0.024226679 0.999431074 -0.023465134 -2.722806454 -0.998293757 0.022938363 -0.053697627 87.851760864
-0.031593427 0.027187934 0.999131024 48.935268402 0.022393456 0.999398351 -0.026487110 -2.745704174 -0.999249995 0.021537175 -0.032183252 87.849822998
-0.007120576 0.030114144 0.999521196 49.453067780 0.020209970 0.999346554 -0.029964913 -2.772439241 -0.999770463 0.019986922 -0.007724538 87.866317749
0.020896774 0.031943370 0.999271274 49.974838257 0.018368384 0.999308527 -0.032328680 -2.795259476 -0.999612868 0.019030560 0.020295575 87.900962830
0.054395206 0.031402268 0.998025656 50.438518524 0.016258517 0.999345005 -0.032329921 -2.818155289 -0.998387098 0.017985003 0.053849019 87.938209534
0.092301212 0.029144725 0.995304465 50.985336304 0.015695950 0.999404728 -0.030720383 -2.836041689 -0.995607316 0.018457780 0.091788948 88.006492615
0.134099379 0.025673810 0.990635216 51.473468781 0.013367861 0.999526441 -0.027713813 -2.855435848 -0.990877628 0.016959079 0.133692801 88.101242065
0.180238172 0.021560408 0.983386695 51.971557617 0.010628049 0.999658644 -0.023865113 -2.875103474 -0.983565509 0.014752891 0.179947630 88.205505371
0.228514239 0.017867144 0.973376513 52.457183838 0.005908341 0.999787629 -0.019739011 -2.899530411 -0.973522604 0.010261688 0.228360236 88.351623535
0.280531198 0.016689245 0.959699750 52.927360535 0.002031108 0.999836266 -0.017980937 -2.914523125 -0.959842741 0.006993468 0.280451477 88.515556335
0.335025102 0.016117197 0.942071438 53.385978699 0.001210317 0.999845505 -0.017536035 -2.937330723 -0.942208350 0.007015218 0.334953934 88.709762573
0.393136948 0.017059851 0.919321716 53.827087402 0.003110009 0.999797463 -0.019883202 -2.947353363 -0.919474542 0.010675921 0.393004328 88.927536011
0.452596366 0.019702297 0.891497791 54.235313416 0.003895926 0.999702632 -0.024071537 -2.972926140 -0.891707003 0.014367901 0.452385068 89.179504395
0.510014832 0.023220347 0.859852195 54.609165192 0.005222849 0.999533474 -0.030090341 -2.989019632 -0.860149741 0.019837387 0.509655654 89.467788696
0.568480909 0.027292103 0.822243690 54.978797913 0.001346461 0.999417365 -0.034103807 -3.002642870 -0.822695315 0.020494478 0.568112969 89.765365601
0.625020206 0.030100765 0.780028105 55.326084137 -0.002609173 0.999331295 -0.036472853 -3.017816067 -0.780604243 0.020761039 0.624680758 90.084251404
0.676255226 0.031123765 0.736009777 55.629898071 -0.004653075 0.999267638 -0.037980892 -3.035482883 -0.736652732 0.022260062 0.675904751 90.442680359
0.725082755 0.030678814 0.687978208 55.889686584 -0.005609616 0.999237180 -0.038646545 -3.033023357 -0.688638985 0.024162656 0.724701762 90.768760681
0.770462513 0.028076775 0.636866808 56.151966095 -0.008342545 0.999388099 -0.033966254 -3.044468641 -0.637430787 0.020856636 0.770225286 91.150421143
0.811747670 0.023462929 0.583536863 56.394493103 -0.009646093 0.999594927 -0.026773337 -3.058079243 -0.583928704 0.016104344 0.811645210 91.561630249
0.848328292 0.021633606 0.529028535 56.613403320 -0.012670317 0.999708295 -0.020563552 -3.067276955 -0.529319048 0.010741686 0.848354995 91.982345581
0.879389286 0.015548675 0.475849450 56.806381226 -0.011295822 0.999866605 -0.011796112 -3.094638109 -0.475969344 0.004998263 0.879447639 92.412666321
0.905159891 0.016378824 0.424755484 56.971427917 -0.015094868 0.999865651 -0.006388029 -3.105247021 -0.424803019 -0.000629441 0.905285597 92.852272034
0.925138950 0.017916702 0.379205674 57.102310181 -0.018496919 0.999826670 -0.002113302 -3.123804092 -0.379177779 -0.005059037 0.925310016 93.292579651
0.940206647 0.024376076 0.339730948 57.210792542 -0.026098590 0.999659240 0.000501292 -3.134613037 -0.339602888 -0.009337815 0.940522552 93.736495972
0.952036262 0.028552562 0.304650128 57.321289062 -0.030015437 0.999549508 0.000118478 -3.141997099 -0.304509431 -0.009257002 0.952464342 94.185440063
0.961350381 0.030092021 0.273678541 57.435367584 -0.031330686 0.999509096 0.000155372 -3.138836384 -0.273539484 -0.008723903 0.961821139 94.654617310
0.967360854 0.024840873 0.252182066 57.537925720 -0.025658254 0.999670684 -0.000047213 -3.140890121 -0.252100050 -0.006424875 0.967679858 95.102607727
0.971362889 0.021632109 0.236614212 57.645072937 -0.022451507 0.999747694 0.000768788 -3.149635077 -0.236537784 -0.006059116 0.971603394 95.585945129
0.974250913 0.026269015 0.223931119 57.740310669 -0.027026044 0.999634743 0.000315825 -3.152108192 -0.223840937 -0.006359663 0.974604905 96.076721191
0.976279080 0.031577829 0.214201108 57.834331512 -0.032488730 0.999471843 0.000732521 -3.152342081 -0.214064777 -0.007674264 0.976789355 96.582603455
0.977333188 0.039028030 0.208078384 57.924503326 -0.039804358 0.999207437 -0.000456463 -3.153391838 -0.207931235 -0.007836308 0.978112102 97.092811584
0.977589846 0.045542300 0.205533743 58.012420654 -0.045782715 0.998944938 -0.003588399 -3.168325663 -0.205480263 -0.005901909 0.978643477 97.612174988
0.977648258 0.047255591 0.204867944 58.120529175 -0.047055747 0.998875141 -0.005849982 -3.179446220 -0.204913899 -0.003920988 0.978772104 98.142082214
0.977345109 0.044823494 0.206851095 58.248344421 -0.043758843 0.998994827 -0.009721681 -3.185000420 -0.207078844 0.000449877 0.978324175 98.643470764
0.976583540 0.043699700 0.210653499 58.370941162 -0.041142751 0.999016881 -0.016507715 -3.189510345 -0.211167708 0.007454305 0.977421403 99.191390991
0.975717068 0.043545574 0.214662239 58.496673584 -0.039921802 0.998977959 -0.021189980 -3.196071625 -0.215365529 0.012105727 0.976458490 99.746742249
0.974499464 0.048503149 0.219085172 58.615058899 -0.045096800 0.998771727 -0.020525228 -3.212494612 -0.219811529 0.010121789 0.975489855 100.330200195
0.973035693 0.051645011 0.224798381 58.745552063 -0.049146693 0.998651981 -0.016698975 -3.223961353 -0.225357696 0.005200607 0.974262178 100.924743652
0.972050309 0.048448078 0.229719460 58.888137817 -0.046946540 0.998825312 -0.012000588 -3.240042210 -0.230030984 0.000880642 0.973182917 101.526481628
0.971401572 0.044168063 0.233298779 59.042839050 -0.043856312 0.999016643 -0.006526121 -3.251798868 -0.233357579 -0.003892137 0.972383261 102.139419556
0.970556378 0.041751985 0.237228140 59.195693970 -0.042530335 0.999093473 -0.001838080 -3.261615276 -0.237089798 -0.008305430 0.971452296 102.767250061
0.970099926 0.036544785 0.239938632 59.358795166 -0.037391413 0.999300241 -0.001024419 -3.272901058 -0.239808127 -0.007977858 0.970787585 103.395851135
0.970064402 0.033122346 0.240578562 59.513462067 -0.032995455 0.999445200 -0.004556739 -3.279418230 -0.240596011 -0.003517666 0.970618963 104.041358948
0.970203459 0.033076443 0.240023524 59.682456970 -0.031235084 0.999446273 -0.011472783 -3.288454533 -0.240269989 0.003633781 0.970699310 104.679191589
0.970348895 0.035279289 0.239119917 59.840076447 -0.031880420 0.999328315 -0.018068157 -3.299436092 -0.239596665 0.009909175 0.970821977 105.338325500
0.970862329 0.038327776 0.236553207 59.995677948 -0.034084402 0.999176800 -0.022003338 -3.307225704 -0.237201735 0.013299440 0.971369386 106.019554138
0.971540272 0.036521010 0.234042346 60.162899017 -0.033309184 0.999289095 -0.017662723 -3.319062471 -0.234520912 0.009364286 0.972065985 106.707130432
0.972005904 0.032485403 0.232699916 60.330810547 -0.031054374 0.999469519 -0.009811506 -3.338301897 -0.232895106 0.002310494 0.972499073 107.394729614
0.972599328 0.032881696 0.230150446 60.497612000 -0.032847721 0.999452531 -0.003980099 -3.352865458 -0.230155215 -0.003688870 0.973146915 108.117027283
0.972873688 0.036119610 0.228500098 60.653396606 -0.036053687 0.999339938 -0.004464298 -3.370484352 -0.228510484 -0.003895070 0.973533690 108.837585449
0.973168314 0.042078182 0.226214394 60.814025879 -0.041039627 0.999114275 -0.009294065 -3.375591278 -0.226405069 -0.000239063 0.974033177 109.563064575
0.974043608 0.043026228 0.222233459 60.977497101 -0.040791053 0.999060452 -0.014640164 -3.387128353 -0.222654492 0.005195024 0.974883616 110.299057007
0.974943757 0.041552220 0.218536317 61.142341614 -0.038662184 0.999099493 -0.017486092 -3.402634144 -0.219066024 0.008598867 0.975672126 111.058486938
0.975873470 0.039384607 0.214755476 61.309158325 -0.036801584 0.999194264 -0.016014444 -3.417334080 -0.215213120 0.007724728 0.976536512 111.831695557
0.976779163 0.035647981 0.211262316 61.477478027 -0.033435430 0.999342322 -0.014037057 -3.433513641 -0.211623728 0.006647456 0.977328658 112.611633301
0.977167249 0.034317363 0.209681585 61.641925812 -0.032738425 0.999403477 -0.010997497 -3.454330921 -0.209933847 0.003881755 0.977707863 113.392372131
0.977516294 0.031077696 0.208556667 61.811424255 -0.029915364 0.999514401 -0.008725859 -3.465425968 -0.208726436 0.002290624 0.977971375 114.192543030
0.977660298 0.026468718 0.208518296 61.977203369 -0.025461381 0.999647617 -0.007513980 -3.478290796 -0.208643615 0.002036958 0.977989674 115.006408691
0.977874100 0.026894828 0.207458317 62.153831482 -0.026227044 0.999638379 -0.005969142 -3.491332531 -0.207543731 0.000396053 0.978225648 115.794532776
0.977589726 0.032398831 0.208011329 62.313705444 -0.031433694 0.999474347 -0.007944472 -3.504880428 -0.208159298 0.001227871 0.978094161 116.608230591
0.977290869 0.038342051 0.208404392 62.477764130 -0.036785372 0.999258876 -0.011341542 -3.515465736 -0.208684728 0.003417755 0.977976978 117.420036316
0.976716161 0.046777759 0.209373638 62.636917114 -0.045069687 0.998900294 -0.012924352 -3.529800653 -0.209747851 0.003187022 0.977750361 118.242774963
0.975820184 0.052504342 0.212175056 62.802684784 -0.051077347 0.998620212 -0.012204943 -3.552544832 -0.212523028 0.001072493 0.977155447 119.055877686
0.974971652 0.055377066 0.215322420 62.971576691 -0.054392572 0.998464525 -0.010499680 -3.567330837 -0.215573177 -0.001475047 0.976486623 119.890846252
0.974349022 0.056359261 0.217870593 63.149768829 -0.055301137 0.998409748 -0.010956146 -3.591678143 -0.218141556 -0.001373377 0.975916147 120.719047546
0.974046409 0.054493319 0.219690993 63.332584381 -0.052673239 0.998511851 -0.014138224 -3.603752136 -0.220134452 0.002199450 0.975467026 121.548416138
0.974165022 0.047971200 0.220683739 63.534782410 -0.046344999 0.998846769 -0.012543781 -3.627915382 -0.221030951 0.001992126 0.975264728 122.372093201
0.974330366 0.041487858 0.221267313 63.723564148 -0.039359309 0.999126792 -0.014022251 -3.650090694 -0.221655801 0.004953379 0.975112379 123.205406189
0.974141479 0.040973235 0.222192839 63.915390015 -0.038821671 0.999147534 -0.014044141 -3.674818039 -0.222578794 0.005055084 0.974901617 124.027717590
0.973615944 0.043232154 0.224060133 64.103393555 -0.041776970 0.999063849 -0.011233399 -3.692159653 -0.224335954 0.001576464 0.974510610 124.864700317
0.973183751 0.045269173 0.225530773 64.283813477 -0.045182720 0.998963475 -0.005547585 -3.708249807 -0.225548074 -0.004791277 0.974220157 125.689071655
0.972791135 0.048847996 0.226475418 64.464080811 -0.049813334 0.998757482 -0.001454154 -3.726697683 -0.226265028 -0.009866907 0.974015713 126.516510010
0.972567320 0.048311614 0.227549836 64.647819519 -0.047822524 0.998826444 -0.007665521 -3.750008106 -0.227653146 -0.003426775 0.973736286 127.333694458
0.972831845 0.043888286 0.227315083 64.842147827 -0.039843943 0.998955905 -0.022352273 -3.766716242 -0.228058740 0.012687870 0.973564684 128.152542114
