0.565268219 0.034916949 -0.824167907 194.328979492 -0.007417822 0.999278545 0.037248109 -9.216471672 0.824873924 -0.014941637 0.565119326 202.342361450
0.555593908 0.028346486 -0.830970466 193.800994873 -0.003766606 0.999494195 0.031576868 -9.193644524 0.831445336 -0.014413975 0.555419624 202.687362671
0.544848621 0.025258042 -0.838153958 193.251373291 -0.002051445 0.999583483 0.028789209 -9.172906876 0.838532031 -0.013966335 0.544673443 203.037872314
0.534454107 0.020076752 -0.844959080 192.684051514 0.002954920 0.999667287 0.025621768 -9.155511856 0.845192373 -0.016190443 0.534217000 203.390762329
0.523769021 0.014980048 -0.851728499 192.104034424 0.008622852 0.999700904 0.022885162 -9.140390396 0.851816595 -0.019330870 0.523483157 203.750701904
0.514247835 0.011470479 -0.857564867 191.508743286 0.017011937 0.999577343 0.023571372 -9.125049591 0.857472897 -0.026710367 0.513835371 204.110473633
0.504841387 0.009599923 -0.863158762 190.894729614 0.021945236 0.999472201 0.023951236 -9.112711906 0.862933159 -0.031033795 0.504364192 204.478179932
0.496525258 0.009754068 -0.867967486 190.266143799 0.023895891 0.999404371 0.024900895 -9.096286774 0.867693305 -0.033104777 0.495996326 204.832275391
0.489172846 0.012952000 -0.872090757 189.616058350 0.024727572 0.999281883 0.028711177 -9.081439972 0.871836364 -0.035609409 0.488501132 205.189788818
0.483359605 0.016108880 -0.875273645 188.963607788 0.031282410 0.998874366 0.035659019 -9.060510635 0.874862731 -0.044616800 0.482311577 205.556442261
0.478805065 0.019322462 -0.877708554 188.295715332 0.036754679 0.998440206 0.042030625 -9.040020943 0.877151668 -0.052384369 0.477347881 205.933074951
0.476384938 0.020783745 -0.878991127 187.621185303 0.037728030 0.998316586 0.044052579 -9.016695976 0.878426969 -0.054148592 0.474798799 206.291107178
0.474549353 0.018179039 -0.880041182 186.941802979 0.038126085 0.998423934 0.041183408 -8.991659164 0.879402936 -0.053096078 0.473108232 206.657241821
0.473089963 0.013695287 -0.880907714 186.254455566 0.039252158 0.998558640 0.036604688 -8.965892792 0.880139291 -0.051894840 0.471870482 207.025421143
0.471969187 0.014297621 -0.881499171 185.554306030 0.037668411 0.998628318 0.036365706 -8.937141418 0.880810022 -0.050368164 0.470783263 207.395996094
0.471435726 0.017638735 -0.881724000 184.841827393 0.035246152 0.998624325 0.038822543 -8.915250778 0.881195843 -0.049379710 0.470165491 207.771316528
0.470703065 0.020907991 -0.882043898 184.123596191 0.031402204 0.998688757 0.040430740 -8.892289162 0.881732702 -0.046728991 0.469429344 208.143249512
0.469883710 0.020912236 -0.882480502 183.387496948 0.026311209 0.998943329 0.037681669 -8.869290352 0.882336140 -0.040925134 0.468836874 208.526672363
0.469770432 0.017875038 -0.882607639 182.655487061 0.024074759 0.999163687 0.033049446 -8.844485283 0.882460296 -0.036774218 0.468947142 208.908142090
0.468992293 0.013638080 -0.883096933 181.910522461 0.022563484 0.999369383 0.027416674 -8.821557045 0.882914007 -0.032783948 0.468388766 209.302154541
0.469180584 0.012722811 -0.883010685 181.160186768 0.021985332 0.999418080 0.026081795 -8.804284096 0.882828534 -0.031650349 0.468627781 209.690200806
0.469533384 0.014362050 -0.882797956 180.393096924 0.022816796 0.999336421 0.028393557 -8.789891243 0.882619798 -0.033474341 0.468894124 210.089721680
0.469452262 0.018518029 -0.882763624 179.631469727 0.024050787 0.999140859 0.033749484 -8.768157959 0.882630229 -0.037074927 0.468603492 210.505661011
0.469613016 0.023072479 -0.882570863 178.861953735 0.025924457 0.998867035 0.039907049 -8.747646332 0.882491767 -0.041621033 0.468482703 210.918182373
0.470150381 0.026506247 -0.882188261 178.082946777 0.025696823 0.998714089 0.043702159 -8.718729019 0.882212222 -0.043216012 0.468864530 211.326828003
0.470553815 0.027758265 -0.881934524 177.292968750 0.021998540 0.998825371 0.043174576 -8.699212074 0.882097065 -0.039717235 0.469390303 211.740570068
0.471610039 0.027751295 -0.881370485 176.512649536 0.017080601 0.999029696 0.040595584 -8.671740532 0.881641805 -0.034199618 0.470678300 212.146636963
0.471849591 0.024001041 -0.881352365 175.738876343 0.017564589 0.999175191 0.036613151 -8.645757675 0.881504118 -0.032756492 0.471038699 212.563964844
0.471902132 0.024196895 -0.881318867 174.966232300 0.017560253 0.999166965 0.036835093 -8.623227119 0.881476104 -0.032858733 0.471084148 212.975067139
0.471690685 0.024535401 -0.881422698 174.194366455 0.017955840 0.999138236 0.037421159 -8.602571487 0.881581306 -0.033477895 0.470843673 213.384994507
0.471270025 0.025574785 -0.881618202 173.419219971 0.019605832 0.999028802 0.039461054 -8.577822685 0.881771266 -0.035881661 0.470310777 213.803115845
0.470756859 0.025130309 -0.881904960 172.641387939 0.020161537 0.999026775 0.039229888 -8.553707123 0.882032514 -0.036248300 0.469792038 214.221221924
0.470658779 0.027730456 -0.881879508 171.865447998 0.017414961 0.999019325 0.040708244 -8.532375336 0.882143438 -0.034517583 0.469714254 214.624710083
0.470869452 0.029047074 -0.881724536 171.093536377 0.018623769 0.998907864 0.042853188 -8.510449409 0.882006288 -0.036599290 0.469814152 215.034637451
0.470983654 0.027395722 -0.881716490 170.330108643 0.023112364 0.998791397 0.043379199 -8.486744881 0.881839216 -0.040809438 0.469781190 215.447723389
0.470324814 0.023145597 -0.882189691 169.565979004 0.024123946 0.998945236 0.039070126 -8.470677376 0.882163584 -0.039657548 0.469270289 215.856887817
0.469643295 0.015074590 -0.882727504 168.809036255 0.024286879 0.999255180 0.029986072 -8.450890541 0.882522106 -0.035521455 0.468927443 216.255416870
0.468123466 0.010313580 -0.883602798 168.050643921 0.026957385 0.999299824 0.025945749 -8.429071426 0.883251786 -0.035965435 0.467517585 216.656692505
0.467088997 0.011925447 -0.884130061 167.303024292 0.031016953 0.999072731 0.029862206 -8.414535522 0.883666158 -0.041371327 0.466285944 217.057342529
0.466584295 0.018930640 -0.884274185 166.548110962 0.028821178 0.998914599 0.036592275 -8.408676147 0.884007037 -0.042559203 0.465532213 217.449966431
0.466123492 0.020659853 -0.884478509 165.808166504 0.025017194 0.999019802 0.036519494 -8.391881943 0.884365976 -0.039149761 0.465149671 217.827880859
0.465385944 0.017306719 -0.884938657 165.079666138 0.026180029 0.999102235 0.033307396 -8.374448776 0.884720564 -0.038668513 0.464515060 218.208633423
0.464307815 0.014329152 -0.885558009 164.373199463 0.031069212 0.998990238 0.032454520 -8.358843803 0.885128796 -0.042582478 0.463393718 218.588027954
0.463381052 0.016305860 -0.886009097 163.681488037 0.031055911 0.998917639 0.034625977 -8.348744392 0.885614753 -0.043560833 0.462373078 218.944107056
0.462045908 0.018863522 -0.886655331 163.004516602 0.031483974 0.998794615 0.037655920 -8.336460114 0.886296928 -0.045314196 0.460895002 219.294784546
0.459345013 0.017001277 -0.888095200 162.348388672 0.033860926 0.998755038 0.036633410 -8.323623657 0.887612283 -0.046899106 0.458197266 219.636505127
0.455961049 0.016846428 -0.889840364 161.712402344 0.034591239 0.998730004 0.036632735 -8.310996056 0.889327407 -0.047483772 0.454799056 219.959976196
0.451662451 0.019685525 -0.891971648 161.090408325 0.031374697 0.998787761 0.037929941 -8.298032761 0.891637027 -0.045116875 0.450497329 220.266723633
0.445815325 0.020101404 -0.894899189 160.486206055 0.030364456 0.998832881 0.037562754 -8.279666901 0.894609749 -0.043919187 0.444684654 220.559417725
0.438475907 0.024362840 -0.898412585 159.903686523 0.027238553 0.998813093 0.040379409 -8.271383286 0.898329914 -0.042176861 0.437291950 220.833419800
0.430613697 0.026479019 -0.902147830 159.327255249 0.025964575 0.998792350 0.041709065 -8.263182640 0.902162790 -0.041384380 0.429406136 221.095321655
0.421049118 0.025025681 -0.906692505 158.778259277 0.023819059 0.998969555 0.038633693 -8.254132271 0.906725049 -0.037863251 0.420019150 221.339523315
0.409393340 0.018393330 -0.912172556 158.236785889 0.026162250 0.999148965 0.031889059 -8.244174957 0.911982834 -0.036919657 0.408563703 221.577331543
0.394106269 0.010179185 -0.919008493 157.699432373 0.031553257 0.999199331 0.024598651 -8.234655380 0.918523133 -0.038692184 0.393469453 221.806060791
0.374198347 0.006463320 -0.927326143 157.160034180 0.034736510 0.999176204 0.020981120 -8.228603363 0.926697910 -0.040063169 0.373665512 222.013046265
0.348361582 0.008143702 -0.937324822 156.614868164 0.033774421 0.999203920 0.021233752 -8.218091965 0.936751664 -0.039054625 0.347809047 222.203094482
0.319049478 0.014552016 -0.947626352 156.041763306 0.030518530 0.999205887 0.025619145 -8.209539413 0.947246671 -0.037093930 0.318351924 222.373641968
0.287840217 0.020402109 -0.957461119 155.490783691 0.027183054 0.999196172 0.029463422 -8.201147079 0.957292676 -0.034507465 0.287054181 222.526870728
0.254329681 0.025319930 -0.966786027 154.936080933 0.024402369 0.999170899 0.032587536 -8.191099167 0.966809690 -0.031879842 0.253500819 222.646942139
0.219288170 0.030346451 -0.975188136 154.391662598 0.020727314 0.999145687 0.035752870 -8.189615250 0.975440085 -0.028053200 0.218471736 222.737670898
0.183573306 0.033166386 -0.982446373 153.841201782 0.018560618 0.999135554 0.037197910 -8.175916672 0.982830763 -0.025063351 0.182798952 222.825408936
0.148626760 0.035335928 -0.988261878 153.291687012 0.016472526 0.999134302 0.038202018 -8.167249680 0.988756120 -0.021957008 0.147915959 222.875595093
0.113828339 0.036997933 -0.992811322 152.743179321 0.015084692 0.999126792 0.038962781 -8.154848099 0.993385911 -0.019411314 0.113170795 222.908691406
0.078688830 0.038492106 -0.996155858 152.187957764 0.012796218 0.999132931 0.039617952 -8.141984940 0.996817112 -0.015864514 0.078128070 222.931274414
0.044017639 0.037323333 -0.998333454 151.619277954 0.007983815 0.999256909 0.037709877 -8.126665115 0.998998880 -0.009630406 0.043686908 222.925125122
0.012084238 0.037118368 -0.999237835 151.047729492 0.000572797 0.999310434 0.037127987 -8.103941917 0.999926805 -0.001021024 0.012054592 222.893783569
-0.015206575 0.038998511 -0.999123573 150.471115112 -0.003651777 0.999230385 0.039058249 -8.082984924 0.999877691 0.004242521 -0.015052468 222.862976074
-0.037699956 0.043538414 -0.998340189 149.874893188 -0.003472008 0.999038756 0.043699984 -8.057709694 0.999283195 0.005113734 -0.037512530 222.825012207
-0.055369258 0.050591156 -0.997183442 149.268325806 -0.004960531 0.998689234 0.050942987 -8.034577370 0.998453617 0.007767237 -0.055045724 222.772842407
-0.069098331 0.057162687 -0.995970845 148.643722534 -0.007622187 0.998297632 0.057825036 -8.009006500 0.997580707 0.011587091 -0.068544991 222.719009399
-0.080680907 0.057985462 -0.995051920 148.014114380 -0.012517325 0.998168766 0.059182025 -7.981589317 0.996661365 0.017230256 -0.079807490 222.650100708
-0.090041652 0.058646228 -0.994209826 147.377334595 -0.016557086 0.998038709 0.060371596 -7.945349693 0.995800316 0.021897178 -0.088894203 222.575958252
-0.094686210 0.059235830 -0.993743300 146.719970703 -0.015706103 0.998015046 0.060986988 -7.911169529 0.995383322 0.021382464 -0.093567982 222.505325317
-0.097237468 0.058588259 -0.993535161 146.047683716 -0.011967979 0.998124897 0.060030207 -7.867497921 0.995189250 0.017727796 -0.096354052 222.439666748
-0.099199414 0.059153199 -0.993307829 145.334457397 -0.006846784 0.998167336 0.060126357 -7.836892128 0.995043993 0.012765465 -0.098612607 222.372985840
-0.100328945 0.056785267 -0.993332565 144.627243042 -0.004829526 0.998330474 0.057558764 -7.799433708 0.994942546 0.010572140 -0.099887259 222.300415039
-0.100390121 0.052263375 -0.993574619 143.913146973 -0.001159340 0.998612583 0.052645519 -7.765568256 0.994947433 0.006436982 -0.100190252 222.225234985
-0.100692004 0.048087753 -0.993754864 143.175201416 0.004116478 0.998842895 0.047916859 -7.732650757 0.994909167 0.000734073 -0.100773394 222.158462524
-0.100214094 0.046218578 -0.993891835 142.424911499 0.006526866 0.998929560 0.045794740 -7.696216583 0.994944572 -0.001897722 -0.100408450 222.082641602
-0.099410318 0.048356723 -0.993870854 141.653488159 0.006701316 0.998828351 0.047927644 -7.659102440 0.995024085 -0.001895741 -0.099617898 222.003143311
-0.098083973 0.053879697 -0.993718565 140.850051880 0.007140208 0.998545706 0.053436659 -7.619195938 0.995152533 -0.001854074 -0.098326027 221.924926758
-0.096429586 0.056699228 -0.993723691 140.044754028 0.008006336 0.998388052 0.056188449 -7.580697536 0.995307624 -0.002537853 -0.096728094 221.847335815
-0.093668640 0.052314483 -0.994228065 139.226715088 0.005557652 0.998630464 0.052022524 -7.543715000 0.995587826 -0.000652689 -0.093831062 221.767166138
-0.089568436 0.043660708 -0.995023310 138.408706665 0.003625319 0.999046326 0.043510899 -7.505209446 0.995974064 0.000289926 -0.089641333 221.675064087
-0.085573293 0.037775449 -0.995615602 137.565750122 0.007582197 0.999276698 0.037262671 -7.462587833 0.996303022 -0.004360264 -0.085797809 221.606369019
-0.080993913 0.038914140 -0.995954752 136.705108643 0.013093838 0.999192894 0.037975833 -7.432476044 0.996628582 -0.009965058 -0.081438065 221.539001465
-0.076237410 0.041609120 -0.996221125 135.802017212 0.018429240 0.999017000 0.040315568 -7.403223515 0.996919394 -0.015286041 -0.076929212 221.481399536
-0.072152480 0.044679809 -0.996392310 134.901077271 0.019343894 0.998870909 0.043390185 -7.369265556 0.997205973 -0.016143395 -0.072935350 221.418151855
-0.067644715 0.046487819 -0.996625900 133.990631104 0.020703524 0.998764157 0.045182336 -7.324675083 0.997494638 -0.017577318 -0.068523623 221.356460571
-0.063638002 0.050926536 -0.996672869 133.071701050 0.023612089 0.998494387 0.049511969 -7.293711185 0.997693658 -0.020382680 -0.064744800 221.298599243
-0.060218479 0.052434478 -0.996807158 132.139678955 0.021671096 0.998452663 0.051211860 -7.254257202 0.997949958 -0.018517995 -0.061261658 221.234558105
-0.057441682 0.048462223 -0.997171998 131.173568726 0.028740777 0.998487413 0.046870559 -7.206797123 0.997935057 -0.025967168 -0.058747768 221.184814453
-0.056134533 0.044062056 -0.997450471 130.213836670 0.037861522 0.998401105 0.041973282 -7.166225910 0.997705042 -0.035408840 -0.057713009 221.143295288
-0.055713501 0.035599768 -0.997812033 129.248107910 0.036977869 0.998752177 0.033568632 -7.132544518 0.997761786 -0.035026729 -0.056960393 221.088256836
-0.055629611 0.030259158 -0.997992873 128.256668091 0.040488698 0.998786867 0.028026333 -7.103832245 0.997630119 -0.038848337 -0.056787312 221.031768799
-0.055858146 0.028538235 -0.998030722 127.260139465 0.043485433 0.998712480 0.026123913 -7.074421883 0.997491121 -0.041940570 -0.057027314 220.978958130
-0.055035412 0.036169175 -0.997829258 126.240455627 0.036881678 0.998735249 0.034167819 -7.049885273 0.997803032 -0.034921162 -0.056299813 220.910995483
-0.055014871 0.048057221 -0.997328401 125.211822510 0.033376899 0.998371422 0.046266329 -7.018717289 0.997927487 -0.030742390 -0.056529302 220.839263916
-0.056667279 0.057333078 -0.996745527 124.177330017 0.030693071 0.997977912 0.055658989 -6.974625587 0.997921288 -0.027439129 -0.058312491 220.768951416
-0.059386045 0.057907809 -0.996554136 123.162162781 0.032516114 0.997898400 0.056048252 -6.942963600 0.997705400 -0.029075576 -0.061144114 220.710998535
-0.062253859 0.047400139 -0.996934235 122.155181885 0.036640987 0.998306751 0.045177355 -6.896892548 0.997387469 -0.033716183 -0.063885197 220.648712158
-0.064519167 0.038589954 -0.997170091 121.137664795 0.037661053 0.998634398 0.036209863 -6.866476059 0.997205496 -0.035218239 -0.065884367 220.578765869
-0.067202300 0.035750829 -0.997098684 120.113113403 0.039386600 0.998673916 0.033152737 -6.844644070 0.996961594 -0.037044384 -0.068521410 220.508453369
-0.070279345 0.037814185 -0.996810436 119.087554932 0.040193893 0.998577058 0.035047371 -6.820446491 0.996717155 -0.037602581 -0.071699329 220.436538696
-0.072544873 0.041319203 -0.996508896 118.059829712 0.037071891 0.998562753 0.038705565 -6.790959835 0.996675849 -0.034134574 -0.073972493 220.350814819
-0.073944531 0.048340112 -0.996090114 117.039474487 0.037586357 0.998250008 0.045654710 -6.756624222 0.996553719 -0.034063477 -0.075632155 220.269424438
-0.075399309 0.056696646 -0.995540261 115.999420166 0.037331834 0.997842848 0.054000374 -6.721276283 0.996454358 -0.033093750 -0.077353328 220.190826416
-0.076630004 0.057381518 -0.995407045 114.985931396 0.034555439 0.997895718 0.054864783 -6.685265541 0.996460617 -0.030192437 -0.078451619 220.105194092
-0.077452481 0.050567824 -0.995712876 113.992088318 0.032749202 0.998302996 0.048151948 -6.652389526 0.996458054 -0.028879307 -0.078977048 220.017471313
-0.078373164 0.043233555 -0.995986223 112.995872498 0.035205480 0.998556137 0.040574830 -6.616199970 0.996302247 -0.031884190 -0.079782002 219.938385010
-0.078893147 0.042230524 -0.995988250 112.001312256 0.034459691 0.998620689 0.039612565 -6.586313725 0.996287286 -0.031196279 -0.080239736 219.855468750
-0.077778600 0.046543412 -0.995883644 110.980514526 0.036286600 0.998380065 0.043826092 -6.556433201 0.996310055 -0.032728501 -0.079341561 219.768218994
-0.077976897 0.053686079 -0.995508671 109.980499268 0.035816066 0.998055458 0.051017985 -6.521108627 0.996311665 -0.031676978 -0.079748131 219.688705444
-0.077684134 0.055662796 -0.995422959 108.982131958 0.037800841 0.997886777 0.052850541 -6.489148140 0.996261120 -0.033522174 -0.079624027 219.611206055
-0.076039888 0.052327577 -0.995730817 108.000488281 0.036683023 0.998092830 0.049650379 -6.448330402 0.996429741 -0.032751001 -0.077814437 219.526824951
-0.074862897 0.047228962 -0.996074796 107.026557922 0.037606090 0.998300970 0.044508122 -6.420224190 0.996484458 -0.034126468 -0.076511860 219.451004028
-0.073820181 0.043440018 -0.996325076 106.054649353 0.039752956 0.998384953 0.040584441 -6.390658379 0.996478856 -0.036610909 -0.075427912 219.376205444
-0.073110819 0.035795301 -0.996681333 105.083374023 0.043161947 0.998532951 0.032695699 -6.371368885 0.996389449 -0.040628292 -0.074548542 219.306701660
-0.072147347 0.034510385 -0.996796906 104.105293274 0.044251751 0.998528004 0.031367410 -6.345890045 0.996411860 -0.041846924 -0.073568255 219.236190796
-0.070740871 0.040420700 -0.996675372 103.142837524 0.047071397 0.998200953 0.037141573 -6.322663307 0.996383309 -0.044287488 -0.072516292 219.169281006
-0.069456048 0.048062742 -0.996426582 102.164382935 0.051239263 0.997692108 0.044552147 -6.299655914 0.996268272 -0.047961745 -0.071758449 219.106506348
-0.067966968 0.047730602 -0.996545196 101.199638367 0.049955055 0.997765005 0.044381950 -6.267934322 0.996436119 -0.046765964 -0.070199460 219.033737183
-0.067362078 0.046660937 -0.996636927 100.239494324 0.049911361 0.997812808 0.043342516 -6.236447811 0.996479511 -0.046823859 -0.069543540 218.966781616
-0.066970408 0.045418464 -0.996720672 99.283798218 0.055049710 0.997610033 0.041760158 -6.210287094 0.996235192 -0.052072484 -0.069310568 218.903503418
-0.067690730 0.043676738 -0.996749878 98.333343506 0.057786986 0.997535884 0.039786775 -6.183291435 0.996031344 -0.054905970 -0.070047945 218.842636108
-0.068347782 0.042360719 -0.996761799 97.368164062 0.058133628 0.997569680 0.038408834 -6.156795502 0.995966375 -0.055320214 -0.070644438 218.777694702
-0.069639482 0.046393242 -0.996492743 96.417312622 0.062467754 0.997160435 0.042058785 -6.130182743 0.995614469 -0.059319705 -0.072339967 218.713882446
-0.071443945 0.051990375 -0.996088743 95.470321655 0.065410323 0.996735334 0.047332592 -6.095720768 0.995297551 -0.061772846 -0.074611500 218.648956299
-0.073402971 0.053235877 -0.995880485 94.533660889 0.064107083 0.996760964 0.048557822 -6.069357395 0.995239854 -0.060278703 -0.076578051 218.576751709
-0.076130509 0.051901903 -0.995746136 93.610023499 0.064272165 0.996822953 0.047044046 -6.037852764 0.995024204 -0.060417276 -0.079224519 218.499710083
-0.079566389 0.053175498 -0.995410204 92.679382324 0.063534461 0.996816337 0.048172094 -6.003154278 0.994802773 -0.059409969 -0.082691573 218.428390503
-0.082665592 0.057025317 -0.994944513 91.771377563 0.060116820 0.996828794 0.052138478 -5.973891735 0.994762540 -0.055502828 -0.085831612 218.341278076
-0.086245105 0.057877485 -0.994591355 90.875938416 0.057711776 0.996924996 0.053008862 -5.942221165 0.994600952 -0.052827872 -0.089320056 218.258926392
-0.088338345 0.055955082 -0.994517565 89.987609863 0.055948514 0.997123539 0.051132042 -5.911409378 0.994518042 -0.051124863 -0.091214947 218.164184570
-0.091606945 0.053899191 -0.994335413 89.105697632 0.056854688 0.997188330 0.048815869 -5.876325607 0.994170904 -0.052060772 -0.094413854 218.087265015
-0.093398832 0.053126246 -0.994210362 88.251472473 0.056184404 0.997265339 0.048011374 -5.851899624 0.994042218 -0.051374901 -0.096128315 217.999740601
-0.094418287 0.052738346 -0.994134784 87.415039062 0.053670701 0.997413218 0.047814880 -5.826072693 0.994084835 -0.048841305 -0.097004496 217.912567139
-0.095151335 0.051432233 -0.994133234 86.584625244 0.052313678 0.997542739 0.046601534 -5.800739765 0.994087338 -0.047572564 -0.097608179 217.831192017
-0.095462404 0.052557275 -0.994044542 85.770721436 0.052080080 0.997501254 0.047738552 -5.773615360 0.994069755 -0.047212683 -0.097961128 217.752655029
-0.095308557 0.054719500 -0.993942618 84.983932495 0.049087819 0.997531652 0.050210081 -5.749416351 0.994236827 -0.044005014 -0.097759366 217.673324585
-0.093558878 0.055620462 -0.994058847 84.221878052 0.046048559 0.997611523 0.051485240 -5.725254059 0.994548321 -0.040958073 -0.095896661 217.594558716
-0.091122717 0.056781217 -0.994219542 83.479698181 0.045031242 0.997586906 0.052846301 -5.704517365 0.994820952 -0.039955441 -0.093459725 217.527359009
-0.086552702 0.058202021 -0.994545698 82.759368896 0.045898654 0.997465014 0.054378428 -5.675991535 0.995189309 -0.040941704 -0.089004636 217.469070435
-0.079828016 0.059409305 -0.995036781 82.065353394 0.044498719 0.997439682 0.055982817 -5.651057243 0.995814919 -0.039808854 -0.082267247 217.405364990
-0.072248451 0.059731476 -0.995596409 81.381309509 0.043405794 0.997447789 0.056692671 -5.626283169 0.996441603 -0.039118692 -0.074656762 217.367126465
-0.062279820 0.058902454 -0.996318936 80.722221375 0.040976651 0.997566164 0.056414723 -5.598230839 0.997217178 -0.037312310 -0.064542018 217.339660645
-0.048332762 0.056012593 -0.997259498 80.079505920 0.040438876 0.997717500 0.054078415 -5.568701267 0.998012304 -0.037714291 -0.050487597 217.311141968
-0.031065315 0.053086679 -0.998106480 79.462600708 0.041141368 0.997810185 0.051790409 -5.542561531 0.998670340 -0.039454583 -0.033181421 217.294525146
-0.010252021 0.052390583 -0.998573959 78.861793518 0.043547481 0.997702539 0.051897760 -5.527318954 0.998998702 -0.042953327 -0.012510128 217.290237427
0.012776922 0.052186225 -0.998555601 78.259132385 0.043453246 0.997664809 0.052695662 -5.504141808 0.998973668 -0.044063773 0.010479294 217.302688599
0.039210729 0.052972838 -0.997825742 77.671936035 0.041847952 0.997630715 0.054606926 -5.487992287 0.998354256 -0.043898139 0.036900796 217.317993164
0.068558328 0.054970738 -0.996131539 77.078643799 0.037495978 0.997633398 0.057634261 -5.473087311 0.996942222 -0.041302230 0.066334769 217.353027344
0.097548366 0.055211317 -0.993698120 76.510528564 0.034703910 0.997664094 0.058838449 -5.443566799 0.994625509 -0.040224802 0.095404476 217.453552246
0.131411970 0.052939177 -0.989913285 75.940292358 0.033967786 0.997746289 0.057867326 -5.412605286 0.990745723 -0.041229621 0.129317582 217.551467896
0.168179646 0.049198307 -0.984527826 75.372222900 0.028712146 0.998085558 0.054780483 -5.382853508 0.985338032 -0.037480868 0.166445032 217.669937134
0.208171830 0.045772944 -0.977020621 74.800071716 0.020941075 0.998466849 0.051239554 -5.359756947 0.977868140 -0.031126490 0.206894070 217.792388916
0.250381798 0.042609744 -0.967208982 74.242881775 0.014397748 0.998756707 0.047726698 -5.329915047 0.968040109 -0.025875531 0.249456942 217.938323975
0.294782132 0.041218959 -0.954675019 73.702713013 0.006968839 0.998950005 0.045282379 -5.311870098 0.955539107 -0.020001410 0.294185281 218.118103027
0.343114734 0.041003294 -0.938398123 73.169296265 -0.002143499 0.999078393 0.042870961 -5.298636436 0.939291000 -0.012698207 0.342886329 218.316986084
0.392749071 0.040755779 -0.918742061 72.657012939 -0.014698880 0.999168098 0.038039941 -5.273642540 0.919528186 -0.001435669 0.393021375 218.553329468
0.444404513 0.044729207 -0.894708872 72.189849854 -0.015289684 0.998985946 0.042347897 -5.295973301 0.895695746 -0.005139779 0.444637716 218.819030762
0.496894926 0.046609826 -0.866558194 71.703262329 -0.018275557 0.998897195 0.043248560 -5.273489952 0.867618263 -0.005653152 0.497198731 219.125061035
0.549624264 0.050834812 -0.833863914 71.238418579 -0.021598261 0.998677909 0.046646308 -5.254427910 0.835132778 -0.007627925 0.549995601 219.465240479
0.600702941 0.052031856 -0.797777355 70.789360046 -0.022041235 0.998578429 0.048531901 -5.239083290 0.799168348 -0.011569255 0.600995839 219.835357666
0.648183346 0.050510511 -0.759807169 70.371643066 -0.021680804 0.998617232 0.047890477 -5.225520134 0.761175513 -0.014568575 0.648382187 220.235839844
0.690763474 0.045374248 -0.721655786 69.993507385 -0.021025673 0.998867512 0.042678386 -5.213394642 0.722775042 -0.014307367 0.690935254 220.663482666
0.732542634 0.042176213 -0.679413319 69.620193481 -0.026531387 0.999089360 0.033414766 -5.194738865 0.680203974 -0.006451961 0.732994497 221.067657471
0.769512177 0.040962372 -0.637317121 69.268386841 -0.035889171 0.999137461 0.020884257 -5.180786133 0.637622952 0.006802099 0.770318627 221.522781372
0.803692579 0.034423627 -0.594048142 68.946388245 -0.034746271 0.999336779 0.010900591 -5.168100357 0.594029427 0.011880234 0.804355621 222.005493164
0.835350156 0.025472773 -0.549127698 68.652824402 -0.026296027 0.999633908 0.006368393 -5.164258003 0.549089074 0.009120041 0.835714161 222.531738281
0.864470303 0.020254869 -0.502275705 68.383071899 -0.020155780 0.999781072 0.005627111 -5.165405750 0.502279758 0.005259290 0.864689171 223.084335327
0.890372097 0.020484488 -0.454772502 68.126510620 -0.019552141 0.999786079 0.006753771 -5.166426182 0.454813480 0.002878405 0.890582025 223.651397705
0.913885295 0.021145750 -0.405421197 67.841178894 -0.021107150 0.999766827 0.004566354 -5.165080070 0.405423284 0.004384158 0.914118528 224.234451294
0.932995915 0.018318914 -0.359420538 67.640419006 -0.017847409 0.999830008 0.004630331 -5.166019917 0.359444380 0.002094646 0.933164239 224.836380005
0.949110091 0.017239992 -0.314472228 67.460830688 -0.016696712 0.999850929 0.004421372 -5.171483994 0.314501584 0.001054283 0.949256301 225.459121704
0.962679625 0.021038204 -0.269824952 67.295379639 -0.021162027 0.999773085 0.002450396 -5.178009510 0.269815207 0.003351096 0.962906241 226.103973389
0.973454475 0.019879078 -0.228015780 67.160781860 -0.020938717 0.999778271 -0.002228878 -5.181669235 0.227920949 0.006944070 0.973654985 226.732543945
0.981603503 0.009275123 -0.190705255 67.060760498 -0.011709758 0.999863684 -0.011643549 -5.191332340 0.190571219 0.013662466 0.981578350 227.398117065
0.987053037 0.003449708 -0.160357311 66.972351074 -0.006841853 0.999764323 -0.020606341 -5.202573299 0.160248399 0.021436688 0.986844003 228.073104858
0.991142929 0.001899645 -0.132785335 66.891822815 -0.005070777 0.999709845 -0.023547633 -5.215483665 0.132702127 0.024012389 0.990864933 228.755447388
0.993868172 0.002637947 -0.110539883 66.824546814 -0.004772422 0.999807179 -0.019049447 -5.226900101 0.110468447 0.019460179 0.993689060 229.473388672
0.995761096 0.002573557 -0.091941506 66.759277344 -0.003383560 0.999956727 -0.008655204 -5.243818283 0.091915250 0.008929606 0.995726824 230.203521729
0.997108996 0.005298391 -0.075799048 66.701591492 -0.005222771 0.999985635 0.001195801 -5.256467819 0.075804412 -0.000796470 0.997122467 230.937530518
0.997984052 0.001803456 -0.063438661 66.663970947 -0.001503763 0.999987483 0.004771498 -5.261284351 0.063446522 -0.004666485 0.997974336 231.690673828
0.998418629 -0.006985266 -0.055780798 66.636550903 0.007239482 0.999964356 0.004356601 -5.269585133 0.055748582 -0.004753545 0.998433590 232.428802490
0.998643816 -0.012843652 -0.050453503 66.604171753 0.012898586 0.999916553 0.000763463 -5.271474838 0.050439574 -0.001413210 0.998726130 233.180435181
0.998782218 -0.015822299 -0.046733443 66.565902710 0.015692312 0.999871969 -0.003147056 -5.278750420 0.046777375 0.002409861 0.998902440 233.942550659
0.998790622 -0.017500982 -0.045945019 66.538383484 0.017227620 0.999831378 -0.006338653 -5.288603306 0.046048131 0.005539474 0.998923838 234.703216553
0.998783767 -0.018653009 -0.045639921 66.501251221 0.018423751 0.999815345 -0.005438644 -5.293596268 0.045732956 0.004591178 0.998943090 235.482803345
0.998814166 -0.019695150 -0.044525303 66.463470459 0.019634560 0.999805510 -0.001797544 -5.303122997 0.044552121 0.000921182 0.999006629 236.281814575
0.998672128 -0.024624024 -0.045251906 66.439414978 0.024645999 0.999696255 -0.000072270 -5.313145161 0.045239925 -0.001043096 0.998975515 237.063064575
0.998564184 -0.026952950 -0.046294980 66.402145386 0.026706848 0.999625742 -0.005926628 -5.323971748 0.046437424 0.004681720 0.998910129 237.859054565
0.998472154 -0.029802810 -0.046531942 66.366157532 0.029205276 0.999482751 -0.013469171 -5.340513706 0.046909388 0.012089605 0.998825908 238.664459229
0.998061895 -0.039912071 -0.047745198 66.342941284 0.038990967 0.999037981 -0.020070855 -5.346917152 0.048500270 0.018170323 0.998657882 239.469406128
0.997518599 -0.049808472 -0.049757492 66.317466736 0.048719067 0.998550594 -0.022873424 -5.369320869 0.050824668 0.020392526 0.998499453 240.295822144
0.996992886 -0.058557905 -0.050756387 66.278068542 0.057473317 0.998091817 -0.022572059 -5.399024010 0.051981311 0.019587046 0.998455942 241.122589111
0.996607125 -0.063015550 -0.052947216 66.244522095 0.062124763 0.997900486 -0.018306699 -5.409494877 0.053989720 0.014955239 0.998429537 241.964462280
0.996391416 -0.063491456 -0.056329697 66.210342407 0.062992759 0.997957766 -0.010586787 -5.429280758 0.056886911 0.007000222 0.998356104 242.801803589
0.996454358 -0.060080972 -0.058898393 66.156677246 0.060066324 0.998192251 -0.002020789 -5.449395180 0.058913387 -0.001524195 0.998261929 243.662216187
0.996726513 -0.053206209 -0.060870524 66.090377808 0.053437952 0.998568714 0.002184439 -5.456160069 0.060667209 -0.005430091 0.998143315 244.541000366
0.996985912 -0.047099259 -0.061652329 66.031417847 0.047581859 0.998846829 0.006381953 -5.463806629 0.061280712 -0.009296251 0.998077273 245.408920288
0.997227192 -0.039782088 -0.062891513 65.952819824 0.040301051 0.999163091 0.007004168 -5.470852375 0.062560290 -0.009519327 0.997995794 246.319488525
0.997281909 -0.038290817 -0.062949859 65.886215210 0.038447145 0.999259889 0.001273209 -5.475147724 0.062854521 -0.003689985 0.998015881 247.218566895
0.997309804 -0.036584929 -0.063518569 65.824295044 0.036131639 0.999312818 -0.008271070 -5.483665466 0.063777544 0.005953789 0.997946441 248.120361328
0.997358143 -0.034921110 -0.063696109 65.776031494 0.034102097 0.999321699 -0.013900777 -5.495955944 0.064138360 0.011691879 0.997872531 249.024200439
0.997368574 -0.035151664 -0.063405812 65.711013794 0.034344934 0.999315143 -0.013769368 -5.507863998 0.063846439 0.011555452 0.997892797 249.954650879
0.997567058 -0.031045506 -0.062419318 65.644485474 0.030608140 0.999499798 -0.007951255 -5.524024487 0.062635012 0.006021361 0.998018324 250.898498535
0.997799635 -0.026145054 -0.060928822 65.577026367 0.025975773 0.999656200 -0.003568850 -5.540728092 0.061001211 0.001978314 0.998135746 251.851135254
0.997957945 -0.023008252 -0.059586972 65.520416260 0.023162046 0.999730051 0.001891398 -5.551947594 0.059527457 -0.003267691 0.998221397 252.800048828
0.998078525 -0.020490747 -0.058475688 65.463470459 0.020880446 0.999763608 0.006060984 -5.550439835 0.058337774 -0.007270337 0.998270512 253.769683838
0.998224199 -0.017962497 -0.056798398 65.394622803 0.018388700 0.999806464 0.006989880 -5.558668137 0.056661818 -0.008021909 0.998361409 254.756576538
0.998255849 -0.018344058 -0.056115150 65.342849731 0.018374182 0.999831140 0.000021066 -5.569678783 0.056105196 -0.001052091 0.998424292 255.742431641
0.998244941 -0.019215947 -0.056015015 65.282012939 0.018629549 0.999766290 -0.010971992 -5.574732780 0.056212634 0.009909194 0.998369634 256.743652344
0.998115242 -0.022367867 -0.057145033 65.229743958 0.021650894 0.999679327 -0.013135070 -5.585797310 0.057420451 0.011873077 0.998279393 257.746765137
0.998045146 -0.020219233 -0.059135884 65.166046143 0.020041516 0.999792635 -0.003596811 -5.596992016 0.059196319 0.002404606 0.998243511 258.787933350
0.997980952 -0.020416165 -0.060142845 65.100067139 0.020844372 0.999761522 0.006501065 -5.611166477 0.059995815 -0.007741578 0.998168707 259.828460693
0.997930229 -0.019537758 -0.061266594 65.030288696 0.020051336 0.999768734 0.007779025 -5.616977215 0.061100513 -0.008991405 0.998090982 260.878906250
0.997830093 -0.020388212 -0.062605500 64.969413757 0.020559717 0.999786437 0.002096492 -5.617313385 0.062549450 -0.003379099 0.998036146 261.906921387
0.997716904 -0.022924351 -0.063524880 64.903968811 0.022772158 0.999735832 -0.003118966 -5.623369694 0.063579656 0.001665241 0.997975349 262.958068848
0.997671723 -0.021446936 -0.064739883 64.837417603 0.021201821 0.999765217 -0.004470922 -5.641100407 0.064820647 0.003087915 0.997892141 263.986968994
0.997648418 -0.021112928 -0.065206721 64.762031555 0.020990631 0.999776423 -0.002560044 -5.656482697 0.065246187 0.001185296 0.997868478 265.047424316
0.997601151 -0.020819874 -0.066018179 64.693801880 0.020851461 0.999782562 -0.000210626 -5.668511868 0.066008247 -0.001166456 0.997818410 266.103546143
0.997628033 -0.017468840 -0.066581629 64.619216919 0.017645063 0.999842227 0.002059763 -5.679940224 0.066535145 -0.003229717 0.997778773 267.156341553
0.997612715 -0.016568860 -0.067039751 64.540992737 0.016972028 0.999841154 0.005448770 -5.690688133 0.066938855 -0.006573565 0.997735381 268.229156494
0.997590542 -0.016240031 -0.067449681 64.469261169 0.016818482 0.999826491 0.008016993 -5.700280190 0.067307830 -0.009132079 0.997690499 269.281616211
0.997579575 -0.016909711 -0.067446887 64.394546509 0.017437695 0.999821663 0.007247088 -5.708276272 0.067312300 -0.008405670 0.997696519 270.348571777
0.997500598 -0.020512432 -0.067613825 64.324417114 0.020722480 0.999782383 0.002406567 -5.713742733 0.067549825 -0.003801683 0.997708559 271.417053223
0.997463465 -0.020821000 -0.068067141 64.249313354 0.020681683 0.999782383 -0.002750857 -5.718532562 0.068109632 0.001336134 0.997676909 272.469818115
0.997411847 -0.020390125 -0.068947464 64.175445557 0.020307636 0.999791920 -0.001897136 -5.747760773 0.068971723 0.000492066 0.997618556 273.516632080
0.997267008 -0.023005722 -0.070208356 64.105163574 0.022823041 0.999733746 -0.003403120 -5.766938210 0.070267998 0.001791446 0.997526646 274.572875977
0.997189403 -0.022508306 -0.071459949 64.022186279 0.021995218 0.999726415 -0.007958951 -5.788468361 0.071619555 0.006364803 0.997411788 275.610931396
0.997110367 -0.022158735 -0.072661787 63.940128326 0.021539586 0.999724805 -0.009293692 -5.800478935 0.072847687 0.007701731 0.997313321 276.674835205
0.997080982 -0.020884870 -0.073440820 63.867752075 0.020793373 0.999781668 -0.002010340 -5.813889503 0.073466875 0.000477396 0.997297525 277.700683594
0.997065425 -0.020195359 -0.073842473 63.785369873 0.020767480 0.999759912 0.006988230 -5.829140663 0.073683731 -0.008501247 0.997245431 278.755920410
0.997097373 -0.018897297 -0.073754504 63.700737000 0.019461555 0.999786377 0.006939299 -5.834440231 0.073607676 -0.008354534 0.997252285 279.803039551
0.997194886 -0.017356152 -0.072809748 63.628250122 0.017462734 0.999847174 0.000827507 -5.847494602 0.072784215 -0.002096636 0.997345388 280.821136475
0.997316241 -0.014523568 -0.071760252 63.546363831 0.014335805 0.999892294 -0.003130835 -5.856242657 0.071797989 0.002093697 0.997417033 281.861206055
0.997442067 -0.012278911 -0.070417151 63.460540771 0.011968398 0.999916613 -0.004829851 -5.868412018 0.070470586 0.003974715 0.997505844 282.898590088
0.997547269 -0.009706720 -0.069319814 63.387878418 0.009645341 0.999952912 -0.001220111 -5.892758369 0.069328427 0.000548506 0.997593760 283.926513672
0.997619033 -0.008012867 -0.068498828 63.311882019 0.008061324 0.999967456 0.000430935 -5.906374454 0.068493202 -0.000982096 0.997651160 284.968963623
0.997652113 -0.004548203 -0.068334721 63.239826202 0.004747795 0.999984980 0.002758730 -5.911927223 0.068321139 -0.003076689 0.997658670 286.002258301
0.997687101 -0.004347811 -0.067834407 63.160804749 0.004409675 0.999989986 0.000762286 -5.935501099 0.067830354 -0.001059646 0.997696340 287.020172119
0.997673631 -0.004152967 -0.068043046 63.088066101 0.003983615 0.999988616 -0.002624395 -5.947533131 0.068053171 0.002347231 0.997678995 288.046447754
0.997687519 -0.001635431 -0.067947596 63.006359100 0.001263842 0.999983966 -0.005511386 -5.960741043 0.067955464 0.005412770 0.997673750 289.069946289
0.997711539 0.000808636 -0.067609668 62.943031311 -0.000989942 0.999995887 -0.002648219 -5.971580029 0.067607284 0.002709087 0.997708321 290.064392090
0.997758269 0.002254740 -0.066882402 62.864105225 -0.002221499 0.999997377 0.000571467 -5.985293388 0.066883527 -0.000421607 0.997760773 291.101593018
0.997773707 0.004669554 -0.066526443 62.788658142 -0.004357917 0.999978840 0.004828701 -5.994645596 0.066547580 -0.004528036 0.997772932 292.128692627
0.997723341 0.006256868 -0.067148969 62.719284058 -0.005949037 0.999970913 0.004783247 -6.008427620 0.067176968 -0.004372887 0.997731566 293.141021729
0.997701883 -0.001073631 -0.067747824 62.666641235 0.001377445 0.999989212 0.004437970 -6.007794380 0.067742437 -0.004521085 0.997692525 294.123504639
0.997536004 -0.007392840 -0.069765262 62.608322144 0.007564278 0.999968946 0.002193553 -6.020254135 0.069746934 -0.002715869 0.997561038 295.129486084
0.997413635 -0.007096509 -0.071524546 62.533813477 0.007193453 0.999973595 0.001097788 -6.028440475 0.071514897 -0.001609455 0.997438192 296.132507324
0.997252643 -0.001668051 -0.074056894 62.464340210 0.001491636 0.999995947 -0.002437446 -6.054678917 0.074060738 0.002320284 0.997251034 297.140747070
0.997081637 -0.005506606 -0.076143496 62.389545441 0.005475705 0.999984860 -0.000614670 -6.055290222 0.076145835 0.000195937 0.997096598 298.173797607
0.996881008 -0.000688922 -0.078916609 62.295207977 0.001374623 0.999961853 0.008634889 -6.069358826 0.078907721 -0.008716438 0.996843815 299.194610596
0.996636689 0.003650260 -0.081866011 62.199062347 -0.002353049 0.999870300 0.015936423 -6.078675747 0.081913598 -0.015690185 0.996515930 300.229309082
0.996353686 0.003510540 -0.085247636 62.124221802 -0.002111573 0.999861717 0.016495286 -6.081534863 0.085293740 -0.016255129 0.996223211 301.219787598
0.996088624 0.000915316 -0.088355996 62.034385681 0.000126488 0.999930620 0.011784695 -6.079561710 0.088360719 -0.011749772 0.996019244 302.214538574
0.995767176 -0.004626163 -0.091796465 61.947189331 0.004921139 0.999983430 0.002987280 -6.083909512 0.091781169 -0.003426378 0.995773137 303.210906982
0.995471060 -0.007919962 -0.094734460 61.856475830 0.007623630 0.999964833 -0.003489502 -6.096328735 0.094758749 0.002751483 0.995496452 304.181152344
0.995080113 -0.010986543 -0.098462828 61.763118744 0.010818238 0.999938905 -0.002243028 -6.109127045 0.098481469 0.001166801 0.995138288 305.167816162
0.994644105 -0.011738063 -0.102690257 61.655113220 0.011843453 0.999929845 0.000416712 -6.125574589 0.102678180 -0.001630686 0.994713306 306.164611816
0.994072855 -0.011064190 -0.108151644 61.551288605 0.010689203 0.999934733 -0.004046368 -6.141671658 0.108189285 0.002866335 0.994126201 307.128723145
0.993487716 -0.012350390 -0.113267943 61.440151215 0.011377659 0.999892712 -0.009230334 -6.153573036 0.113369823 0.007881498 0.993521631 308.110321045
0.993017256 -0.007827960 -0.117708966 61.311695099 0.006823727 0.999936938 -0.008932056 -6.166090012 0.117771514 0.008066468 0.993008077 309.095520020
