1.000000000 0.000000000 0.000000000 -0.000000954 0.000000000 1.000000000 0.000000001 -0.000000000 0.000000000 0.000000001 1.000000119 0.000000000
0.999996185 -0.002411146 -0.001361322 -0.005831521 0.002415108 0.999992788 0.002916331 -0.016304618 0.001354281 -0.002919607 0.999994874 1.521097660
0.999991417 -0.002908756 -0.002980093 -0.007815063 0.002920234 0.999988258 0.003854132 -0.036809091 0.002968846 -0.003862801 0.999988139 3.041805983
0.999989152 -0.001864325 -0.004271244 -0.025593359 0.001879281 0.999992073 0.003500182 -0.049334347 0.004264688 -0.003508170 0.999984741 4.555726051
0.999981284 -0.001131043 -0.006023789 -0.035751168 0.001151904 0.999993324 0.003460695 -0.066859759 0.006019836 -0.003467568 0.999975860 6.061679363
0.999971509 -0.001396644 -0.007415488 -0.050470807 0.001424000 0.999992132 0.003685011 -0.080464095 0.007410286 -0.003695466 0.999965787 7.560265064
0.999956071 -0.001575880 -0.009238488 -0.075290546 0.001615015 0.999989688 0.004230139 -0.096074969 0.009231729 -0.004244873 0.999948382 9.050306320
0.999936402 -0.003297946 -0.010791824 -0.091157541 0.003332967 0.999989152 0.003228799 -0.111817122 0.010781053 -0.003264561 0.999936581 10.551775932
0.999918401 -0.004358116 -0.012010446 -0.120039165 0.004398486 0.999984801 0.003336844 -0.126337558 0.011995716 -0.003389398 0.999922276 12.041434288
0.999901056 -0.004177938 -0.013429272 -0.137412876 0.004223451 0.999985456 0.003362473 -0.141369089 0.013415030 -0.003418859 0.999904156 13.521150589
0.999887705 -0.004083100 -0.014421951 -0.170754567 0.004132350 0.999985754 0.003386725 -0.155300736 0.014407920 -0.003445942 0.999890268 15.004552841
0.999878705 -0.002666713 -0.015340130 -0.184836209 0.002729037 0.999988079 0.004043310 -0.172875121 0.015329165 -0.004084683 0.999874234 16.457536697
0.999871492 -0.001538669 -0.015949365 -0.218368769 0.001612825 0.999987841 0.004637621 -0.185909063 0.015942035 -0.004662748 0.999862134 17.929132462
0.999861598 -0.000136522 -0.016635234 -0.243602037 0.000230738 0.999983907 0.005661890 -0.202752948 0.016634200 -0.005664945 0.999845564 19.404872894
0.999853730 -0.000313490 -0.017103110 -0.272697091 0.000409092 0.999984264 0.005586518 -0.212040633 0.017101087 -0.005592696 0.999838173 20.864881516
0.999843895 0.000807635 -0.017645519 -0.303661913 -0.000710441 0.999984562 0.005513687 -0.220890731 0.017649699 -0.005500290 0.999829113 22.323944092
0.999840796 0.001341851 -0.017790645 -0.336888224 -0.001233092 0.999980509 0.006122833 -0.233703092 0.017798513 -0.006099919 0.999822974 23.764520645
0.999839902 0.002118566 -0.017763793 -0.366500258 -0.001987705 0.999970794 0.007381133 -0.245408297 0.017778907 -0.007344642 0.999814928 25.202972412
0.999839187 0.002538680 -0.017753875 -0.395772457 -0.002430090 0.999978185 0.006135257 -0.258181274 0.017769063 -0.006091124 0.999823570 26.638160706
0.999837339 0.002713504 -0.017825598 -0.425807685 -0.002642591 0.999988496 0.004000543 -0.266828865 0.017836245 -0.003952785 0.999833107 28.069845200
0.999847591 0.001131023 -0.017419603 -0.459104896 -0.001064967 0.999992132 0.003800862 -0.281153381 0.017423764 -0.003781730 0.999840975 29.487842560
0.999851584 0.000516243 -0.017221792 -0.492095768 -0.000404553 0.999978900 0.006488214 -0.297633231 0.017224776 -0.006480282 0.999830604 30.905261993
0.999852836 -0.001414852 -0.017099200 -0.516802728 0.001547197 0.999968886 0.007729101 -0.310083151 0.017087726 -0.007754418 0.999823928 32.303943634
0.999853671 -0.002057647 -0.016984183 -0.547695160 0.002176349 0.999973357 0.006973423 -0.318697810 0.016969379 -0.007009365 0.999831438 33.704444885
0.999859810 -0.002255711 -0.016593860 -0.568598270 0.002343982 0.999983132 0.005301952 -0.332950056 0.016581617 -0.005340102 0.999848306 35.078674316
0.999875367 -0.000735533 -0.015773807 -0.604002833 0.000806047 0.999989629 0.004464378 -0.344824195 0.015770363 -0.004476533 0.999865651 36.434513092
0.999880850 -0.000535324 -0.015428332 -0.619867563 0.000591005 0.999993265 0.003604651 -0.364437312 0.015426299 -0.003613340 0.999874413 37.795688629
0.999904454 0.000163495 -0.013822705 -0.650385320 -0.000098673 0.999988973 0.004690034 -0.380718499 0.013823317 -0.004688222 0.999893427 39.129726410
0.999920964 0.000188248 -0.012572449 -0.672546387 -0.000101749 0.999976277 0.006880253 -0.398621947 0.012573447 -0.006878428 0.999897301 40.448730469
0.999942958 -0.000162207 -0.010688086 -0.696326852 0.000245411 0.999969661 0.007783811 -0.412342042 0.010686502 -0.007785989 0.999912620 41.743492126
0.999963820 0.000384325 -0.008501903 -0.706698537 -0.000311231 0.999962986 0.008597064 -0.426981628 0.008504887 -0.008594108 0.999926925 43.033176422
0.999985874 0.000023137 -0.005317940 -0.721309364 0.000021467 0.999964774 0.008387282 -0.442328602 0.005317942 -0.008387277 0.999950707 44.303512573
0.999998271 -0.000533997 -0.001822432 -0.731756091 0.000545834 0.999978662 0.006501064 -0.456015855 0.001818920 -0.006502045 0.999977231 45.553150177
0.999997437 -0.000852645 0.002083683 -0.738908768 0.000843327 0.999989629 0.004468718 -0.462971628 -0.002087474 -0.004466949 0.999987841 46.777278900
0.999982774 -0.000393318 0.005867713 -0.734659672 0.000363295 0.999986827 0.005116970 -0.477528811 -0.005869649 -0.005114749 0.999969661 47.988327026
0.999933839 -0.000534633 0.011487318 -0.728277266 0.000476206 0.999986887 0.005088325 -0.491169244 -0.011489888 -0.005082518 0.999921024 49.212650299
0.999842167 0.001066055 0.017731318 -0.713144004 -0.001135000 0.999991834 0.003878766 -0.499970526 -0.017727040 -0.003898278 0.999835253 50.408657074
0.999682128 0.002570600 0.025082324 -0.693397403 -0.002664193 0.999989569 0.003698749 -0.513279974 -0.025072558 -0.003764398 0.999678433 51.612693787
0.999431670 0.003463317 0.033532053 -0.657131672 -0.003627759 0.999981642 0.004844427 -0.524655879 -0.033514664 -0.004963317 0.999425888 52.779968262
0.999010384 0.005754079 0.044105299 -0.613213778 -0.006005595 0.999966443 0.005572242 -0.537628770 -0.044071756 -0.005831603 0.999011397 53.957210541
0.998359799 0.007930419 0.056698706 -0.558797359 -0.008255168 0.999950826 0.005495716 -0.550490737 -0.056652341 -0.005954759 0.998376131 55.093154907
0.997418106 0.009492750 0.071183138 -0.483118057 -0.009942924 0.999932706 0.005972522 -0.561645210 -0.071121655 -0.006664870 0.997445345 56.225299835
0.996088684 0.012099868 0.087526970 -0.398849964 -0.012785862 0.999891639 0.007281113 -0.578537107 -0.087429382 -0.008371741 0.996135592 57.335956573
0.994404316 0.012343328 0.104918100 -0.285215378 -0.013269362 0.999878824 0.008132782 -0.589478195 -0.104805008 -0.009479468 0.994447589 58.438308716
0.992154241 0.012002206 0.124443494 -0.160643101 -0.013014991 0.999888361 0.007328669 -0.598423839 -0.124341667 -0.008890798 0.992199659 59.547225952
0.989390552 0.011511637 0.144823298 -0.005560875 -0.012536976 0.999902308 0.006169253 -0.598868072 -0.144738153 -0.007919447 0.989438355 60.658432007
0.986161768 0.008061657 0.165590107 0.166225433 -0.009203383 0.999938905 0.006128754 -0.618824899 -0.165530533 -0.007567931 0.986175656 61.685157776
0.982355654 0.003309869 0.186993361 0.366413116 -0.004935938 0.999953985 0.008230943 -0.625537276 -0.186957464 -0.009008699 0.982326746 62.722961426
0.977603734 -0.002036413 0.210444629 0.584705353 -0.000051433 0.999950826 0.009915170 -0.638412774 -0.210454464 -0.009703931 0.977555513 63.757526398
0.972193182 -0.007097630 0.234073207 0.834933281 0.005039625 0.999943197 0.009389104 -0.647320211 -0.234126523 -0.007948380 0.972173750 64.766044617
0.965707958 -0.013297389 0.259290099 1.104356766 0.011714475 0.999902129 0.007649065 -0.658528030 -0.259366363 -0.004349315 0.965769231 65.752464294
0.958280385 -0.016949980 0.285326868 1.404333115 0.015180256 0.999849379 0.008413104 -0.663202703 -0.285426438 -0.003730778 0.958393335 66.729545593
0.949644387 -0.019490464 0.312723070 1.712310791 0.016916370 0.999797046 0.010942478 -0.675406575 -0.312872857 -0.005101320 0.949781358 67.684669495
0.939987957 -0.023938853 0.340366840 2.057231903 0.020522391 0.999696374 0.013634648 -0.676225722 -0.340589911 -0.005831264 0.940193951 68.631561279
0.929046333 -0.026557360 0.369008899 2.421077728 0.023204895 0.999639273 0.013520968 -0.684649348 -0.369234860 -0.003998794 0.929327548 69.544128418
0.917002678 -0.025651854 0.398055464 2.808565140 0.023798184 0.999670684 0.009597668 -0.686061144 -0.398170531 0.000671912 0.917311192 70.438896179
0.903976977 -0.027396748 0.426702470 3.225627899 0.028152697 0.999593437 0.004537614 -0.696531057 -0.426653296 0.007910930 0.904380560 71.300575256
0.889857292 -0.029256113 0.455299854 3.668836594 0.031757753 0.999493241 0.002155538 -0.703699291 -0.455132246 0.012541181 0.890335500 72.149475098
0.874204934 -0.030068714 0.484625310 4.135686874 0.031222381 0.999496222 0.005692663 -0.714818120 -0.484552324 0.010154602 0.874703288 72.990180969
0.856612027 -0.028761355 0.515158892 4.630462646 0.026826994 0.999577284 0.011198238 -0.720197201 -0.515263259 0.004227619 0.857021451 73.812263489
0.836912513 -0.029083615 0.546563447 5.147886276 0.024944291 0.999576569 0.014993870 -0.727624118 -0.546767950 0.001085082 0.837283492 74.619735718
0.815938354 -0.023024129 0.577680171 5.686071396 0.020968832 0.999727905 0.010228116 -0.731284142 -0.577758431 0.003767767 0.816199124 75.387130737
0.793969512 -0.016084047 0.607744813 6.251018524 0.018025052 0.999833226 0.002912450 -0.732641101 -0.607690334 0.008642236 0.794127107 76.135231018
0.771458805 -0.013605721 0.636133909 6.840011597 0.017024826 0.999854684 0.000738520 -0.734589279 -0.636051595 0.010260331 0.771578431 76.853042603
0.748129606 -0.016123720 0.663356781 7.470787048 0.017932281 0.999830842 0.004078234 -0.743125618 -0.663310289 0.008844455 0.748292267 77.554542542
0.723655701 -0.016770270 0.689957380 8.094902039 0.018434977 0.999817669 0.004966441 -0.762668490 -0.689914942 0.009125357 0.723832965 78.218757629
0.698308408 -0.014556658 0.715649009 8.746532440 0.018908177 0.999819398 0.001886804 -0.767052889 -0.715547264 0.012214048 0.698457599 78.852706909
0.672157466 -0.012397135 0.740304410 9.422271729 0.018779576 0.999823630 -0.000307823 -0.779080629 -0.740170062 0.014109514 0.672271669 79.464691162
0.645255804 -0.009878453 0.763902783 10.116172791 0.016871376 0.999856830 -0.001321258 -0.786596179 -0.763780355 0.013740642 0.645330131 80.051040649
0.617139041 -0.008456557 0.786808729 10.836578369 0.016757155 0.999856651 -0.002397216 -0.802211881 -0.786675692 0.014664092 0.617192388 80.619132996
0.588564157 -0.002231326 0.808447540 11.572624207 0.015419081 0.999845207 -0.008465776 -0.818083167 -0.808303475 0.017448168 0.588507533 81.152626038
0.558500946 0.007294414 0.829471827 12.338237762 0.014201892 0.999730647 -0.018354114 -0.831656992 -0.829382360 0.022030864 0.558246911 81.674133301
0.528032243 0.015751999 0.849078298 13.116458893 0.013157740 0.999556184 -0.026726298 -0.851301849 -0.849122524 0.025284300 0.527590632 82.153007507
0.495962352 0.020620853 0.868099093 13.927440643 0.010328813 0.999507189 -0.029643387 -0.882664502 -0.868282497 0.023668440 0.495505035 82.630775452
0.463180959 0.020298980 0.886031210 14.759408951 0.008602706 0.999587595 -0.027397703 -0.911922157 -0.886221945 0.020312363 0.462815315 83.069038391
0.430284947 0.018898239 0.902495325 15.610294342 0.004039390 0.999730527 -0.022860207 -0.942020178 -0.902684093 0.013481939 0.430092663 83.485076904
0.395882845 0.019911975 0.918085217 16.463008881 -0.000348734 0.999768078 -0.021533184 -0.976788998 -0.918300986 0.008204455 0.395797968 83.860229492
0.360624462 0.023059955 0.932425976 17.349220276 -0.007272822 0.999733448 -0.021911711 -1.002829552 -0.932682753 0.001120534 0.360696048 84.225997925
0.325333506 0.024882197 0.945271850 18.246599197 -0.012294034 0.999680579 -0.022083156 -1.032813311 -0.945519388 -0.004436816 0.325535476 84.531784058
0.289040864 0.023954287 0.957017004 19.151508331 -0.014740501 0.999679744 -0.020570172 -1.063486457 -0.957203269 -0.008161288 0.289301366 84.821250916
0.252370387 0.024179250 0.967328608 20.109134674 -0.015618905 0.999659181 -0.020912500 -1.080736160 -0.967504680 -0.009830914 0.252662063 85.087341309
0.216373548 0.023727324 0.976022363 21.052211761 -0.015054410 0.999666810 -0.020964727 -1.105297089 -0.976194620 -0.010157226 0.216658697 85.296417236
0.181309536 0.022282433 0.983173549 22.014425278 -0.012900591 0.999711156 -0.020278201 -1.134245157 -0.983341455 -0.009006889 0.181544647 85.465782166
0.146955982 0.021250239 0.988914847 22.990705490 -0.004298338 0.999773443 -0.020844825 -1.166947365 -0.989133656 -0.001187417 0.147014096 85.601783752
0.113299184 0.024743062 0.993252814 23.956951141 -0.002326191 0.999693692 -0.024638165 -1.196240067 -0.993558109 0.000480990 0.113322079 85.706100464
0.079835184 0.029390873 0.996374667 24.924474716 -0.001705459 0.999567747 -0.029348411 -1.235241771 -0.996806622 0.000643762 0.079850793 85.798583984
0.050692290 0.033605747 0.998148739 25.949029922 0.005016272 0.999412537 -0.033903044 -1.264140964 -0.998701751 0.006725613 0.050493933 85.853942871
0.025129739 0.031872984 0.999175906 26.932559967 0.007162042 0.999460161 -0.032062169 -1.297933340 -0.999658585 0.007961856 0.024887897 85.872627258
0.002928365 0.028563660 0.999587715 27.920406342 0.008411725 0.999555886 -0.028587392 -1.337345362 -0.999960363 0.008491973 0.002686791 85.871330261
-0.015944684 0.026529279 0.999520957 28.969762802 0.008538502 0.999615014 -0.026395567 -1.373965025 -0.999836385 0.008113544 -0.016165072 85.859764099
-0.032404102 0.029540220 0.999038398 29.965457916 0.010616697 0.999516904 -0.029210012 -1.412031770 -0.999418437 0.009659965 -0.032702073 85.823249817
-0.047240119 0.033683941 0.998315573 30.959224701 0.012973553 0.999367654 -0.033105530 -1.449042797 -0.998799205 0.011387792 -0.047647245 85.776344299
-0.059045583 0.039186180 0.997485876 31.965141296 0.017373867 0.999118209 -0.038221877 -1.486472011 -0.998104095 0.015073355 -0.059674338 85.709846497
-0.067836538 0.042668112 0.996783674 32.959728241 0.022631237 0.998893738 -0.041218270 -1.531739831 -0.997439742 0.019762341 -0.068727143 85.635246277
-0.073725529 0.048054665 0.996120095 33.953292847 0.026452670 0.998581111 -0.046215560 -1.580124855 -0.996927679 0.022942767 -0.074892119 85.555595398
-0.077252269 0.052714508 0.995617032 34.950893402 0.028522668 0.998309374 -0.050643910 -1.634983182 -0.996603489 0.024485299 -0.078625232 85.474937439
-0.080347575 0.056751329 0.995150030 35.957901001 0.029985303 0.998063684 -0.054496497 -1.692525029 -0.996315777 0.025461216 -0.081893712 85.391708374
-0.082597621 0.059654847 0.994795978 36.954975128 0.030487051 0.997891009 -0.057309106 -1.754813790 -0.996116579 0.025594803 -0.084242098 85.305259705
-0.085120447 0.063184515 0.994365215 37.981082916 0.031932950 0.997647583 -0.060659535 -1.818402886 -0.995858848 0.026589649 -0.086937867 85.213363647
-0.086915821 0.067313895 0.993938863 38.987838745 0.033223152 0.997355402 -0.064640060 -1.882213116 -0.995661557 0.027403537 -0.088922344 85.116447449
-0.089000314 0.068470657 0.993675292 39.994277954 0.036195394 0.997197747 -0.065471455 -1.955935240 -0.995373726 0.030139498 -0.091229245 85.022613525
-0.091353774 0.066822745 0.993573904 41.009353638 0.036360070 0.997304559 -0.063730530 -2.032034636 -0.995154560 0.030304398 -0.093537211 84.932884216
-0.093545400 0.066923484 0.993363202 42.027572632 0.035511442 0.997327805 -0.063846439 -2.099282026 -0.994981527 0.029303217 -0.095671974 84.837715149
-0.095849477 0.068279393 0.993051291 43.051029205 0.035270248 0.997250974 -0.065163866 -2.168939829 -0.994770825 0.028779246 -0.097994231 84.741043091
-0.098095037 0.070570290 0.992671788 44.066627502 0.034757674 0.997116923 -0.067451574 -2.242105722 -0.994569898 0.027886298 -0.100265086 84.632446289
-0.100678518 0.072703831 0.992259085 45.097869873 0.033126604 0.997018397 -0.069691405 -2.322705507 -0.994367421 0.025853746 -0.102786757 84.529502869
-0.103394106 0.076011702 0.991731822 46.117881775 0.030330630 0.996852875 -0.073242061 -2.401731014 -0.994177997 0.022507051 -0.105374195 84.431129456
-0.105831206 0.080464371 0.991123319 47.156692505 0.026833849 0.996588826 -0.078042798 -2.478117228 -0.994022071 0.018336281 -0.107629366 84.330284119
-0.108429261 0.082779594 0.990651608 48.195640564 0.024336390 0.996449292 -0.080600359 -2.561682463 -0.993806303 0.015369446 -0.110058807 84.213150024
-0.111601368 0.081170581 0.990432501 49.238571167 0.022298548 0.996612132 -0.079164438 -2.649569035 -0.993502915 0.013250346 -0.113033257 84.106040955
-0.113993920 0.077060223 0.990488350 50.295780182 0.019636953 0.996967196 -0.075304300 -2.737439632 -0.993287385 0.010865945 -0.115161419 83.979209900
-0.116441391 0.075361833 0.990334392 51.346710205 0.020007282 0.997092724 -0.073523708 -2.823525429 -0.992996037 0.011252697 -0.117610626 83.860710144
-0.118708774 0.075584777 0.990048110 52.381168365 0.019154973 0.997087181 -0.073825456 -2.912406445 -0.992744267 0.010200618 -0.119810812 83.745323181
-0.119757488 0.078601986 0.989686728 53.446376801 0.020080315 0.996848822 -0.076740980 -2.994492531 -0.992600083 0.010682920 -0.120958455 83.619979858
-0.120400116 0.081521295 0.989372551 54.512931824 0.020781606 0.996611178 -0.079588749 -3.078646183 -0.992507935 0.010978258 -0.121686235 83.488761902
-0.120673843 0.082148515 0.989287376 55.570091248 0.019592797 0.996573031 -0.080363564 -3.170696259 -0.992498875 0.009685123 -0.121869832 83.358543396
-0.120997936 0.080650046 0.989371121 56.629711151 0.016734956 0.996718109 -0.079202317 -3.262813568 -0.992511749 0.006973763 -0.121950507 83.240959167
-0.120766729 0.080187544 0.989436924 57.692169189 0.012687132 0.996775329 -0.079233728 -3.350071907 -0.992599905 0.002984322 -0.121394649 83.114746094
-0.120766699 0.081337072 0.989343166 58.760116577 0.008881665 0.996686101 -0.080856606 -3.439235687 -0.992641211 -0.000977766 -0.121088907 82.990516663
-0.121085227 0.081659205 0.989277661 59.839035034 0.004858881 0.996647358 -0.081672817 -3.532822371 -0.992630303 -0.005082586 -0.121076047 82.868995667
-0.121526450 0.080888480 0.989286840 60.925979614 0.001090008 0.996684134 -0.081359424 -3.630294323 -0.992587566 -0.008808991 -0.121211655 82.745574951
-0.122054338 0.075907260 0.989616573 62.009590149 0.001400932 0.997083306 -0.076307222 -3.718906641 -0.992522418 -0.007927239 -0.121804692 82.623016357
-0.122289792 0.067177586 0.990218401 63.101737976 0.004975646 0.997735620 -0.067073099 -3.805049181 -0.992481887 -0.003275376 -0.122347139 82.489936829
-0.121495478 0.061469827 0.990686715 64.211189270 0.011333653 0.998101413 -0.060539957 -3.892880440 -0.992527306 0.003872773 -0.121961474 82.334121704
-0.121098012 0.064046688 0.990572095 65.306526184 0.019721983 0.997874558 -0.062107805 -3.964602947 -0.992444634 0.012014917 -0.122103736 82.195930481
-0.119938441 0.069973551 0.990312278 66.418548584 0.024832999 0.997412384 -0.067467660 -4.033918858 -0.992470741 0.016500464 -0.121365726 82.048362732
-0.118603289 0.075378582 0.990076423 67.517303467 0.029021665 0.996951461 -0.072425455 -4.121127605 -0.992517471 0.020143770 -0.120429337 81.909011841
-0.118397385 0.080165960 0.989724934 68.613838196 0.029290900 0.996583879 -0.077217564 -4.203083992 -0.992534220 0.019847576 -0.120341048 81.790229797
-0.117881872 0.077107131 0.990029573 69.766647339 0.026643930 0.996867478 -0.074467219 -4.293610573 -0.992670059 0.017599944 -0.119567066 81.643180847
-0.116951205 0.072816983 0.990464628 70.891510010 0.025658384 0.997197151 -0.070282258 -4.378386497 -0.992806137 0.017194128 -0.118491769 81.503639221
-0.116993651 0.070833385 0.990603387 72.026046753 0.023888959 0.997365296 -0.068495534 -4.467171669 -0.992845416 0.015650945 -0.118377559 81.375411987
-0.117123000 0.071256317 0.990557849 73.163612366 0.021577952 0.997369826 -0.069194958 -4.546410561 -0.992882967 0.013269884 -0.118352510 81.247406006
-0.117319718 0.076497070 0.990143657 74.299591064 0.022689668 0.996975124 -0.074336402 -4.633183002 -0.992834985 0.013744902 -0.118700504 81.119758606
-0.115904242 0.079320975 0.990087986 75.427459717 0.022843439 0.996755421 -0.077180967 -4.722023964 -0.992997706 0.013671414 -0.117340147 80.978843689
-0.115132309 0.078383029 0.990252793 76.580665588 0.023041831 0.996824503 -0.076224230 -4.809911728 -0.993082941 0.014041367 -0.116572790 80.841735840
-0.114871889 0.071398109 0.990811110 77.729248047 0.024293508 0.997317374 -0.069050416 -4.903658390 -0.993083298 0.016138330 -0.116298236 80.709510803
-0.115548722 0.069876194 0.990840971 78.884269714 0.023274362 0.997439206 -0.067627326 -4.988909721 -0.993029177 0.015246945 -0.116879150 80.581298828
-0.115137711 0.072934292 0.990668356 80.047348022 0.021016471 0.997256517 -0.070976734 -5.074447632 -0.993127167 0.012648256 -0.116354629 80.450195312
-0.114889316 0.076237276 0.990448534 81.198112488 0.020086745 0.997025073 -0.074413478 -5.158145428 -0.993175149 0.011345575 -0.116078861 80.326133728
-0.114879809 0.075588338 0.990499318 82.379608154 0.019506257 0.997080147 -0.073828191 -5.249375343 -0.993187904 0.010839572 -0.116018802 80.190231323
-0.114487968 0.072506934 0.990775049 83.562133789 0.018773824 0.997312665 -0.070815980 -5.335105896 -0.993247330 0.010493060 -0.115541525 80.054649353
-0.113777079 0.071357004 0.990940511 84.750144958 0.019042546 0.997390747 -0.069635078 -5.423779488 -0.993323803 0.010947157 -0.114839025 79.920478821
-0.112506770 0.071208470 0.991096199 85.936782837 0.021213204 0.997373819 -0.069251426 -5.527097702 -0.993424535 0.013233075 -0.113721840 79.782447815
-0.111503147 0.072133198 0.991142750 87.131164551 0.023014419 0.997282088 -0.069990888 -5.604059696 -0.993497670 0.015006366 -0.112860210 79.648612976
-0.110920094 0.070674442 0.991313219 88.326774597 0.022816475 0.997386515 -0.068554424 -5.705289841 -0.993567348 0.015014209 -0.112242743 79.528060913
-0.108872406 0.071306244 0.991494954 89.516654968 0.024260227 0.997317433 -0.069061056 -5.791326523 -0.993759692 0.016535051 -0.110310249 79.372261047
-0.107659452 0.069685556 0.991742611 90.718421936 0.024269123 0.997427404 -0.067450456 -5.875669003 -0.993891656 0.016807046 -0.109073706 79.243309021
-0.106542617 0.068701662 0.991931796 91.931625366 0.023105426 0.997511685 -0.066606410 -5.964315891 -0.994039595 0.015822586 -0.107864894 79.112503052
-0.105098039 0.068218999 0.992119253 93.142158508 0.024136679 0.997525394 -0.066033863 -6.048194885 -0.994168878 0.017006433 -0.106484547 78.988563538
-0.103009544 0.068493545 0.992319405 94.368240356 0.022401767 0.997533083 -0.066527940 -6.144383430 -0.994428158 0.015376691 -0.104289800 78.856948853
-0.102216318 0.071517736 0.992188036 95.588844299 0.021912824 0.997332156 -0.069631033 -6.223607540 -0.994520843 0.014624213 -0.103510767 78.738365173
-0.101121411 0.070283636 0.992388368 96.812149048 0.019426493 0.997450709 -0.068662666 -6.311024666 -0.994684458 0.012335362 -0.102228984 78.619590759
-0.100716583 0.068866357 0.992528856 98.052673340 0.016311005 0.997581720 -0.067561783 -6.409182072 -0.994781435 0.009384553 -0.101596303 78.504089355
-0.100795984 0.070079051 0.992435932 99.292221069 0.013437329 0.997520983 -0.069073379 -6.495087624 -0.994816422 0.006373371 -0.101487800 78.385581970
-0.100771070 0.069429487 0.992484272 100.516891479 0.010429139 0.997581124 -0.068727136 -6.586161613 -0.994854927 0.003425051 -0.101251423 78.262245178
-0.101842374 0.066834934 0.992552876 101.760032654 0.007699951 0.997763693 -0.066395737 -6.677931786 -0.994770706 0.000880711 -0.102129251 78.139762878
-0.103160448 0.065377742 0.992513835 103.024009705 0.005603093 0.997859776 -0.065147512 -6.768327713 -0.994648933 -0.001159501 -0.103306003 78.016914368
-0.105222277 0.064918108 0.992327511 104.284973145 0.003263690 0.997883976 -0.064935558 -6.854665279 -0.994443417 -0.003594017 -0.105211519 77.902175903
-0.106159173 0.064790606 0.992236197 105.535873413 0.003803800 0.997894049 -0.064753078 -6.948352337 -0.994341910 -0.003099866 -0.106182061 77.763648987
-0.108439073 0.063443467 0.992076576 106.793647766 0.003204958 0.997978508 -0.063470572 -7.036155701 -0.994097948 -0.003703126 -0.108423203 77.631530762
-0.111934021 0.058657087 0.991982996 108.057685852 0.000342670 0.998258471 -0.058989506 -7.125259876 -0.993715703 -0.006263008 -0.111759178 77.504753113
-0.116413325 0.058397721 0.991482556 109.315750122 -0.000484146 0.998266399 -0.058854129 -7.210789680 -0.993200719 -0.007331426 -0.116183244 77.364471436
-0.121641845 0.064597659 0.990469754 110.545906067 -0.004498320 0.997833848 -0.065630384 -7.293425560 -0.992563844 -0.012438852 -0.121087775 77.218086243
-0.129121840 0.067692831 0.989315569 111.765998840 -0.003779253 0.997626364 -0.068754762 -7.380678177 -0.991621554 -0.012616614 -0.128559530 77.072540283
-0.137475029 0.063800149 0.988448381 113.020286560 -0.001803087 0.997905612 -0.064661339 -7.472438812 -0.990503550 -0.010671579 -0.137072086 76.889427185
-0.148377895 0.061853781 0.986994505 114.249877930 0.000450374 0.998046160 -0.062478662 -7.561967373 -0.988930702 -0.008825937 -0.148115858 76.709999084
-0.161299214 0.062565997 0.984920323 115.469223022 0.000593476 0.997994423 -0.063299306 -7.653179646 -0.986905396 -0.009625603 -0.161012858 76.518066406
-0.175211519 0.062658086 0.982534885 116.688133240 0.002758371 0.998000026 -0.063152440 -7.741524220 -0.984526992 -0.008354837 -0.175033942 76.301834106
-0.189948395 0.060723018 0.979914367 117.918151855 0.003073545 0.998117387 -0.061255224 -7.828746796 -0.981789291 -0.008623517 -0.189777434 76.078926086
-0.205072641 0.063296370 0.976697922 119.118148804 0.007320418 0.997977912 -0.063138425 -7.917641640 -0.978719413 -0.005798124 -0.205121338 75.825408936
-0.220710710 0.066475265 0.973071337 120.292106628 0.006997440 0.997756839 -0.066574499 -8.007761955 -0.975314140 -0.007884699 -0.220680818 75.574371338
-0.236200184 0.070327304 0.969156146 121.460845947 0.006657909 0.997471154 -0.070759349 -8.096615791 -0.971681595 -0.010260816 -0.236071125 75.299942017
-0.251582474 0.068296336 0.965423167 122.624549866 0.003303231 0.997561872 -0.069709115 -8.193994522 -0.967830241 -0.014348572 -0.251194715 74.997413635
-0.267922431 0.062460847 0.961413622 123.788002014 -0.002473184 0.997848392 -0.065517142 -8.287079811 -0.963437319 -0.019931264 -0.267191470 74.695838928
-0.283724487 0.058418375 0.957124650 124.974510193 -0.006241056 0.998008907 -0.062763803 -8.373815536 -0.958885550 -0.023781098 -0.282794923 74.365783691
-0.299225032 0.059878878 0.952301860 126.122009277 -0.008285981 0.997828305 -0.065345049 -8.459503174 -0.954146564 -0.027443627 -0.298079044 74.024795532
-0.312930554 0.062034056 0.947748005 127.274726868 -0.007606957 0.997669041 -0.067813292 -8.546303749 -0.949745536 -0.028430330 -0.311729252 73.645431519
-0.326949239 0.064373642 0.942846775 128.410934448 -0.006055765 0.997514129 -0.070206039 -8.635821342 -0.945022464 -0.028663475 -0.325746715 73.262649536
-0.341140985 0.063994482 0.937831342 129.539825439 -0.003880537 0.997575581 -0.069482803 -8.735584259 -0.940004170 -0.027342720 -0.340065569 72.861389160
-0.355262220 0.061898112 0.932715237 130.663604736 -0.004303004 0.997686267 -0.067848809 -8.828895569 -0.934756815 -0.028117588 -0.354173899 72.446624756
-0.369714588 0.060744312 0.927157581 131.785095215 -0.004131121 0.997743309 -0.067016177 -8.923160553 -0.929136217 -0.028607056 -0.368629426 72.005561829
-0.384569794 0.062141504 0.921001911 132.885391235 -0.005579839 0.997556865 -0.069636665 -9.014854431 -0.923079133 -0.031919196 -0.383283496 71.559295654
-0.399657726 0.064094648 0.914420903 133.976730347 -0.004814812 0.997391880 -0.072014742 -9.107063293 -0.916651785 -0.033184011 -0.398306906 71.100540161
-0.414418489 0.065834023 0.907702088 135.069778442 -0.003622224 0.997252941 -0.073982731 -9.200462341 -0.910079300 -0.033947706 -0.413041472 70.614166260
-0.428781420 0.068409443 0.900814414 136.155364990 -0.000768334 0.997100830 -0.076087303 -9.298254967 -0.903407872 -0.033316948 -0.427485794 70.096939087
-0.443675786 0.071819410 0.893304944 137.231658936 -0.001133147 0.996737897 -0.080697961 -9.394538879 -0.896186650 -0.036815971 -0.442147136 69.577537537
-0.458557576 0.073792048 0.885595798 138.303436279 -0.000541486 0.996523023 -0.083315425 -9.501893997 -0.888664484 -0.038684446 -0.456923306 69.028137207
-0.474051386 0.071163654 0.877616704 139.374221802 -0.001810269 0.996647775 -0.081793368 -9.603815079 -0.880495369 -0.040362984 -0.472333282 68.466537476
-0.489990234 0.066644594 0.869176626 140.440979004 -0.004726382 0.996855557 -0.079098888 -9.708521843 -0.871715069 -0.042865746 -0.488134533 67.883499146
-0.506118894 0.067041442 0.859854043 141.502426147 -0.005077934 0.996725261 -0.080701984 -9.807577133 -0.862448752 -0.045211084 -0.504121184 67.273803711
-0.522030830 0.065965265 0.850371957 142.554290771 -0.006315636 0.996678472 -0.081191659 -9.912059784 -0.852903247 -0.047755189 -0.519880235 66.642715454
-0.538041711 0.065067388 0.840403140 143.594299316 -0.006867826 0.996644676 -0.081561141 -10.013107300 -0.842890203 -0.049655039 -0.535789490 65.989082336
-0.553500772 0.064308509 0.830362141 144.627410889 -0.008148364 0.996548593 -0.082610555 -10.124339104 -0.832808793 -0.052491095 -0.551066458 65.319869995
-0.568839729 0.063619122 0.819984198 145.647460938 -0.008627673 0.996487319 -0.083298452 -10.231073380 -0.822403133 -0.054458030 -0.566292644 64.621421814
-0.583877861 0.061306570 0.809523523 146.664718628 -0.008615792 0.996620536 -0.081689969 -10.335428238 -0.811795890 -0.054671645 -0.581376433 63.895088196
-0.598875463 0.057792120 0.798754275 147.667449951 -0.008552469 0.996874332 -0.078538977 -10.442878723 -0.800796568 -0.053866386 -0.596509278 63.158954620
-0.613764167 0.055843711 0.787511945 148.671340942 -0.008183418 0.996991575 -0.077076145 -10.547369957 -0.789447069 -0.053751111 -0.611460745 62.384235382
-0.628286541 0.054537732 0.776068091 149.650360107 -0.008707818 0.996984363 -0.077112138 -10.647312164 -0.777933478 -0.055206377 -0.625916958 61.601989746
-0.643314779 0.055334274 0.763599515 150.630416870 -0.009995709 0.996692598 -0.080646522 -10.759759903 -0.765536487 -0.059513830 -0.640634060 60.802295685
-0.658669889 0.054714654 0.750440061 151.588562012 -0.012057593 0.996456981 -0.083234839 -10.865873337 -0.752335489 -0.063872784 -0.655676425 59.986476898
-0.674595177 0.051413435 0.736395299 152.537872314 -0.013983716 0.996502519 -0.082383692 -10.975588799 -0.738055468 -0.065873176 -0.671516895 59.149478912
-0.690864861 0.043866646 0.721652031 153.468536377 -0.017517295 0.996849000 -0.077364862 -11.084440231 -0.722771704 -0.066090040 -0.687919378 58.287845612
-0.707739532 0.041281044 0.705266356 154.392974854 -0.018745994 0.996842563 -0.077159472 -11.189338684 -0.706224740 -0.067829736 -0.704730988 57.390842438
-0.725257754 0.038750939 0.687386096 155.292510986 -0.020069664 0.996800542 -0.077369370 -11.294013977 -0.688184917 -0.069908351 -0.722159445 56.471755981
-0.742642224 0.035005491 0.668773055 156.170501709 -0.023197178 0.996689141 -0.077928968 -11.398578644 -0.669286609 -0.073386990 -0.739371121 55.529300690
-0.759198666 0.032994866 0.650022149 157.018157959 -0.022857830 0.996746421 -0.077291474 -11.509077072 -0.650457442 -0.073537655 -0.755974412 54.565204620
-0.775133789 0.035142381 0.630818963 157.842285156 -0.020718550 0.996500909 -0.080972634 -11.614068985 -0.631457210 -0.075834274 -0.771693528 53.573619843
-0.790056229 0.035555232 0.612002492 158.637634277 -0.016216159 0.996755123 -0.078842066 -11.726173401 -0.612819970 -0.072213992 -0.786916018 52.555332184
-0.805022836 0.035927836 0.592154980 159.428939819 -0.013124186 0.996841609 -0.078323461 -11.842042923 -0.593098640 -0.070823729 -0.802008748 51.530879974
-0.819446325 0.037056714 0.571956694 160.177719116 -0.011365868 0.996660888 -0.080857009 -11.953815460 -0.573043108 -0.072758779 -0.816288948 50.483848572
-0.833233118 0.038275927 0.551595330 160.904144287 -0.010722668 0.996294856 -0.085331753 -12.069612503 -0.552817881 -0.077015817 -0.829735518 49.421405792
-0.846293747 0.038521990 0.531321704 161.606430054 -0.008010079 0.996348977 -0.084996000 -12.188829422 -0.532656312 -0.076187521 -0.842895508 48.331714630
-0.857860804 0.036820792 0.512561381 162.276123047 -0.006702459 0.996543169 -0.082806244 -12.303211212 -0.513838470 -0.074471653 -0.854648530 47.224964142
-0.868405819 0.038539462 0.494354218 162.922805786 -0.003795997 0.996428967 -0.084349044 -12.420903206 -0.495839715 -0.075125754 -0.865158439 46.109863281
-0.877838373 0.041465208 0.477158934 163.538497925 -0.000955973 0.996091843 -0.088319279 -12.533531189 -0.478956223 -0.077986196 -0.874367893 44.990127563
-0.886869073 0.039056387 0.460367113 164.143783569 -0.002784985 0.995950580 -0.089859046 -12.654336929 -0.462012470 -0.080975324 -0.883168995 43.858032227
-0.895168424 0.036437016 0.444236249 164.731597900 -0.003609392 0.996027827 -0.088969111 -12.780694008 -0.445713520 -0.081245758 -0.891481221 42.718173981
-0.902306139 0.034517456 0.429711670 165.295928955 -0.004466993 0.995987236 -0.089384429 -12.902585983 -0.431072712 -0.082571633 -0.898531199 41.559005737
-0.908963025 0.032577861 0.415601760 165.844665527 -0.004900896 0.996037781 -0.088795356 -13.029016495 -0.416847914 -0.082748517 -0.905201852 40.384223938
-0.915250599 0.030035133 0.401763916 166.372756958 -0.006017458 0.996086836 -0.088173904 -13.148413658 -0.402840167 -0.083118796 -0.911488354 39.213611603
-0.920763254 0.025306452 0.389300138 166.880630493 -0.008360785 0.996384561 -0.084544688 -13.267126083 -0.390032291 -0.081100479 -0.917222798 38.026142120
-0.926127672 0.021498982 0.376597226 167.406341553 -0.009945203 0.996635675 -0.081352636 -13.387830734 -0.377079308 -0.079088263 -0.922797978 36.822586060
-0.930618227 0.022175925 0.365319252 167.891525269 -0.006915751 0.996918857 -0.078133084 -13.499049187 -0.365926415 -0.075238518 -0.927597404 35.615726471
-0.933792233 0.026024921 0.356868148 168.350997925 -0.002557293 0.996840537 -0.079386950 -13.618548393 -0.357806772 -0.075043544 -0.930775344 34.439407349
-0.935832143 0.031343292 0.351049542 168.805786133 0.002935287 0.996696293 -0.081164658 -13.727483749 -0.352433681 -0.074926071 -0.932832539 33.222690582
-0.937778294 0.034525342 0.345513910 169.249786377 0.005844955 0.996473014 -0.083708085 -13.839457512 -0.347185403 -0.076480106 -0.934672713 32.027816772
-0.939817965 0.031142917 0.340253174 169.711380005 0.003409992 0.996642649 -0.081802592 -13.966518402 -0.341658473 -0.075719275 -0.936768949 30.822790146
-0.941467226 0.024561098 0.336208582 170.160964966 -0.001973699 0.996923447 -0.078355268 -14.077104568 -0.337098718 -0.074432470 -0.938522398 29.579120636
-0.943237543 0.018550940 0.331600189 170.602554321 -0.007520993 0.996989608 -0.077168792 -14.178934097 -0.332033485 -0.075282462 -0.940258622 28.363203049
-0.944976211 0.012155948 0.326913089 171.040802002 -0.014200413 0.996843278 -0.078114457 -14.293481827 -0.326830655 -0.078458585 -0.941820621 27.154020309
-0.946157753 0.009534125 0.323565573 171.467346191 -0.017673094 0.996553898 -0.081043266 -14.400297165 -0.323223233 -0.082398102 -0.942728758 25.943359375
-0.947135508 0.009609205 0.320690006 171.893066406 -0.017918942 0.996406853 -0.082778819 -14.519548416 -0.320333213 -0.084149182 -0.943560004 24.746479034
-0.947424650 0.010152449 0.319818139 172.310455322 -0.018003926 0.996221781 -0.084959075 -14.632222176 -0.319472402 -0.086250290 -0.943662167 23.544322968
-0.947169244 0.013073269 0.320467740 172.719757080 -0.015594449 0.996110022 -0.086726397 -14.751488686 -0.320354879 -0.087142080 -0.943280935 22.313030243
-0.946686506 0.013823874 0.321859688 173.133804321 -0.015504405 0.995966017 -0.088379905 -14.869281769 -0.321783096 -0.088658288 -0.942653239 21.099670410
-0.946248233 0.015384841 0.323075294 173.555877686 -0.014464229 0.995855868 -0.089786589 -14.997722626 -0.323117852 -0.089633435 -0.942104399 19.885555267
-0.945534766 0.016943784 0.325079978 173.974838257 -0.012887188 0.995912969 -0.089392819 -15.123294830 -0.325266093 -0.088713385 -0.941452026 18.681911469
-0.944875479 0.015883924 0.327044427 174.401306152 -0.014432571 0.995831430 -0.090063274 -15.240846634 -0.327111721 -0.089818671 -0.940707505 17.489582062
-0.943472028 0.014536073 0.331133485 174.823272705 -0.016237227 0.995811462 -0.089977488 -15.366298676 -0.331054449 -0.090267926 -0.939284146 16.301166534
-0.941821158 0.012970403 0.335864216 175.255569458 -0.017465569 0.996016622 -0.087440610 -15.489714622 -0.335660517 -0.088219479 -0.937842965 15.102504730
-0.939937413 0.010711826 0.341178775 175.699188232 -0.019451840 0.996202409 -0.084866531 -15.606849670 -0.340792209 -0.086405769 -0.936159611 13.922615051
-0.937358141 0.008293414 0.348268509 176.147705078 -0.021510171 0.996431172 -0.081622489 -15.726980209 -0.347702533 -0.084000826 -0.933834493 12.741504669
-0.934903145 0.010248260 0.354755104 176.603668213 -0.020100581 0.996449471 -0.081757709 -15.837940216 -0.354333460 -0.083566330 -0.931377769 11.574077606
-0.931522727 0.010796607 0.363522828 177.057067871 -0.020149693 0.996491671 -0.081229068 -15.957559586 -0.363124549 -0.082991615 -0.928037107 10.408859253
-0.927724123 0.013580665 0.373019487 177.524856567 -0.019018710 0.996319950 -0.083574206 -16.070173264 -0.372781813 -0.084628172 -0.924051821 9.252326965
-0.923176169 0.014887189 0.384088725 178.002349854 -0.018162418 0.996443868 -0.082276210 -16.187749863 -0.383947790 -0.082931414 -0.919623017 8.079620361
-0.918557346 0.017129874 0.394916594 178.508789062 -0.017360492 0.996348321 -0.083597235 -16.301601410 -0.394906491 -0.083644792 -0.914905667 6.932880402
-0.913230062 0.018589484 0.407020241 179.030487061 -0.017465655 0.996254385 -0.084688701 -16.418401718 -0.407070100 -0.084449142 -0.909484625 5.809936523
-0.907123446 0.020900229 0.420345604 179.565582275 -0.016065132 0.996318698 -0.084207729 -16.532958984 -0.420558184 -0.083139695 -0.903448224 4.664138794
-0.900375605 0.020428579 0.434633553 180.113555908 -0.017011585 0.996480763 -0.082077198 -16.642745972 -0.434780717 -0.081294119 -0.896859467 3.489570618
-0.893849075 0.022789424 0.447788358 180.681686401 -0.015698938 0.996504366 -0.082052685 -16.762102127 -0.448092967 -0.080372535 -0.890366673 2.357215881
-0.886759818 0.025119955 0.461547375 181.249755859 -0.014188436 0.996572435 -0.081498876 -16.867177963 -0.462012649 -0.078818560 -0.883364022 1.244804382
-0.879330814 0.027273893 0.475429922 181.838592529 -0.011946102 0.996780932 -0.079277009 -16.973134995 -0.476061881 -0.075390257 -0.876174271 0.142295837
-0.871777117 0.028810496 0.489054859 182.450408936 -0.009917422 0.997026742 -0.076413952 -17.082107544 -0.489802301 -0.071466103 -0.868899405 -0.944435120
-0.863473535 0.031657666 0.503399849 183.060836792 -0.006895172 0.997194231 -0.074538454 -17.189464569 -0.504347146 -0.067832999 -0.860832572 -1.996849060
-0.855060697 0.034591898 0.517372906 183.701278687 -0.003999163 0.997302651 -0.073289730 -17.290962219 -0.518512607 -0.064736225 -0.852615952 -3.023376465
-0.843878329 0.038175933 0.535174847 184.339248657 -0.000481573 0.997411072 -0.071908258 -17.391555786 -0.536534488 -0.060939535 -0.841675222 -4.079040527
-0.833214581 0.040936686 0.551432490 185.000366211 0.002237197 0.997497082 -0.070670784 -17.491466522 -0.552945316 -0.057650261 -0.831220746 -5.076591492
-0.821669579 0.042295262 0.568392873 185.676269531 0.003347589 0.997583807 -0.069392957 -17.600946426 -0.569954515 -0.055115320 -0.819825709 -6.080276489
-0.810433745 0.044043541 0.584172308 186.392852783 0.003761542 0.997540593 -0.069990866 -17.692352295 -0.585818172 -0.054525584 -0.808606207 -7.052276611
-0.797067285 0.046999559 0.602058828 187.122589111 0.006666909 0.997591019 -0.069050319 -17.791442871 -0.603853703 -0.051023874 -0.795460522 -8.041824341
-0.783417821 0.047984201 0.619640112 187.876144409 0.007826210 0.997697592 -0.067365751 -17.877380371 -0.621446073 -0.047926091 -0.781989634 -8.995391846
-0.767798603 0.050192613 0.638722181 188.634475708 0.010998344 0.997812390 -0.065189980 -17.974098206 -0.640596867 -0.043027893 -0.766670942 -9.931442261
