-0.994648099 -0.016185531 -0.102044910 135.923828125 -0.013552706 0.999558449 -0.026441395 -22.224357605 0.102427818 -0.024916900 -0.994428337 452.271942139
-0.994665563 -0.015586794 -0.101967975 135.803009033 -0.012908133 0.999555349 -0.026876945 -22.276548386 0.102341563 -0.025417358 -0.994424522 450.981079102
-0.994741023 -0.015603654 -0.101227038 135.680496216 -0.012936799 0.999553025 -0.026948497 -22.320636749 0.101602301 -0.025497219 -0.994498312 449.688690186
-0.994817436 -0.015029177 -0.100562170 135.554840088 -0.012499901 0.999590635 -0.025734421 -22.369564056 0.100907773 -0.024344031 -0.994597971 448.397277832
-0.994951546 -0.013486066 -0.099446498 135.427230835 -0.010927073 0.999596119 -0.026232315 -22.417533875 0.099760085 -0.025013225 -0.994697094 447.114593506
-0.995026231 -0.013392636 -0.098709233 135.308685303 -0.010544253 0.999514401 -0.029321723 -22.471439362 0.099054009 -0.028135069 -0.994684219 445.835052490
-0.995180190 -0.013647850 -0.097109430 135.189804077 -0.010573312 0.999428630 -0.032105044 -22.519100189 0.097492106 -0.030923534 -0.994755805 444.561706543
-0.995342433 -0.011550063 -0.095708698 135.064804077 -0.008618485 0.999482572 -0.030987199 -22.569652557 0.096017085 -0.030018007 -0.994926989 443.284973145
-0.995497108 -0.009805142 -0.094284222 134.948318481 -0.007156820 0.999571383 -0.028385941 -22.623943329 0.094522148 -0.027583346 -0.995140493 442.013549805
-0.995679557 -0.009076376 -0.092410490 134.835235596 -0.006396740 0.999551535 -0.029252127 -22.672431946 0.092634536 -0.028534619 -0.995291293 440.745239258
-0.995859563 -0.008526713 -0.090506248 134.728576660 -0.005721424 0.999496400 -0.031209841 -22.720954895 0.090726800 -0.030562788 -0.995406806 439.479187012
-0.996038914 -0.008582861 -0.088503912 134.619949341 -0.005832545 0.999493361 -0.031287566 -22.776371002 0.088727616 -0.030647427 -0.995584309 438.201904297
-0.996208489 -0.009473334 -0.086480625 134.509918213 -0.006809380 0.999494731 -0.031047270 -22.829952240 0.086731046 -0.030340675 -0.995769560 436.930755615
-0.996366501 -0.010158313 -0.084561691 134.407714844 -0.007659826 0.999526083 -0.029818505 -22.884126663 0.084824517 -0.029062435 -0.995971978 435.666381836
-0.996519566 -0.012276953 -0.082450591 134.314651489 -0.010047022 0.999573946 -0.027406311 -22.930997849 0.082751922 -0.026482541 -0.996218264 434.388763428
-0.996637404 -0.014820405 -0.080586538 134.212600708 -0.012928772 0.999629676 -0.023944680 -22.981210709 0.080911562 -0.022822279 -0.996460021 433.093109131
-0.996753275 -0.017753636 -0.078534648 134.126419067 -0.015924202 0.999588549 -0.023859883 -23.027328491 0.078925930 -0.022531819 -0.996625841 431.827667236
-0.996923149 -0.018811790 -0.076094463 134.036468506 -0.016831895 0.999505043 -0.026577152 -23.071792603 0.076556779 -0.025214564 -0.996746361 430.543334961
-0.997095883 -0.019012714 -0.073744200 133.957489014 -0.016885111 0.999425948 -0.029368084 -23.113027573 0.074260235 -0.028037619 -0.996844709 429.241638184
-0.997298717 -0.018306896 -0.071133167 133.878875732 -0.016269367 0.999443471 -0.029118417 -23.160610199 0.071626641 -0.027882474 -0.997041762 427.963165283
-0.997559786 -0.016627468 -0.067807585 133.789642334 -0.014699473 0.999476016 -0.028833859 -23.216327667 0.068251491 -0.027766766 -0.997281671 426.691711426
-0.997729599 -0.015901843 -0.065443337 133.704650879 -0.013917278 0.999432623 -0.030669898 -23.262935638 0.065893918 -0.029689472 -0.997384846 425.396026611
-0.997912228 -0.016776694 -0.062369484 133.633117676 -0.014734773 0.999344826 -0.033056144 -23.313552856 0.062883191 -0.032068126 -0.997505605 424.112762451
-0.998115480 -0.018530415 -0.058496762 133.563262939 -0.016545579 0.999276817 -0.034234583 -23.366222382 0.059088826 -0.033202212 -0.997700453 422.831726074
-0.998284042 -0.022438817 -0.054087549 133.505096436 -0.020426372 0.999088585 -0.037477162 -23.423294067 0.054879196 -0.036308039 -0.997832716 421.549530029
-0.998468518 -0.024751751 -0.049477480 133.447326660 -0.023021575 0.999113679 -0.035238244 -23.477918625 0.050305832 -0.034045223 -0.998153508 420.262786865
-0.998569846 -0.028402777 -0.045292720 133.400283813 -0.027181160 0.999255955 -0.027363174 -23.527614594 0.046036202 -0.026092933 -0.998598933 418.974670410
-0.998686910 -0.030489370 -0.041167535 133.352172852 -0.029398570 0.999207258 -0.026846949 -23.575710297 0.041953433 -0.025601435 -0.998791575 417.687133789
-0.998872221 -0.029583057 -0.037135668 133.309371948 -0.028490322 0.999155164 -0.029617656 -23.619865417 0.037980463 -0.028526252 -0.998871267 416.405395508
-0.999025166 -0.029232763 -0.033079844 133.282821655 -0.028049815 0.998969615 -0.035676531 -23.674295425 0.034088679 -0.034713868 -0.998815835 415.134399414
-0.999201417 -0.028340923 -0.028166380 133.234008789 -0.027220437 0.998852670 -0.039398361 -23.736101151 0.029250652 -0.038600191 -0.998826563 413.862060547
-0.999330580 -0.027396034 -0.024246734 133.210128784 -0.026446451 0.998902559 -0.038653728 -23.794906616 0.025279082 -0.037986610 -0.998958468 412.578277588
-0.999400496 -0.027745089 -0.020710444 133.183685303 -0.027042085 0.999073327 -0.033485614 -23.857688904 0.021620315 -0.032905482 -0.999224603 411.268463135
-0.999436915 -0.028517032 -0.017682578 133.175979614 -0.027974889 0.999152780 -0.030184286 -23.908817291 0.018528365 -0.029672615 -0.999387980 409.982849121
-0.999532104 -0.027171200 -0.014043141 133.161254883 -0.026740083 0.999191344 -0.030025747 -23.959491730 0.014847635 -0.029636180 -0.999450445 408.689514160
-0.999573529 -0.027325444 -0.010295020 133.155212402 -0.026985805 0.999129951 -0.031799134 -24.010520935 0.011155002 -0.031507749 -0.999441266 407.403076172
-0.999617279 -0.026847053 -0.006694807 133.152969360 -0.026617156 0.999122322 -0.032342937 -24.070302963 0.007557241 -0.032152355 -0.999454439 406.110839844
-0.999623001 -0.027271349 -0.003203744 133.154220581 -0.027152548 0.999099255 -0.032610759 -24.124015808 0.004090198 -0.032511469 -0.999463022 404.820068359
-0.999601543 -0.028222971 0.000561375 133.163787842 -0.028225780 0.999026418 -0.033901237 -24.179874420 0.000395980 -0.033903573 -0.999425054 403.532562256
-0.999534011 -0.030210875 0.004378063 133.177795410 -0.030344542 0.998939872 -0.034615830 -24.237815857 -0.003327646 -0.034732550 -0.999391139 402.262115479
-0.999418437 -0.033210903 0.007733286 133.198974609 -0.033464093 0.998815894 -0.035307568 -24.296142578 -0.006551533 -0.035545822 -0.999346673 400.987915039
-0.999262750 -0.036939949 0.010456813 133.227310181 -0.037276138 0.998725593 -0.034023769 -24.358627319 -0.009186653 -0.034388479 -0.999366283 399.751312256
-0.999024928 -0.041988362 0.013645245 133.258712769 -0.042422548 0.998545885 -0.033262528 -24.419418335 -0.012228759 -0.033808965 -0.999353468 398.497985840
-0.998809814 -0.045971025 0.016296132 133.298019409 -0.046508346 0.998329222 -0.034288935 -24.471960068 -0.014692616 -0.035006031 -0.999279141 397.237670898
-0.998774469 -0.045750037 0.018883338 133.328750610 -0.046427771 0.998230040 -0.037165817 -24.541809082 -0.017149562 -0.037996985 -0.999130607 396.005401611
-0.998748064 -0.045125082 0.021592462 133.366378784 -0.045975152 0.998115540 -0.040641651 -24.601024628 -0.019717818 -0.041583490 -0.998940408 394.768127441
-0.998828530 -0.041217990 0.025353717 133.394287109 -0.042233445 0.998269737 -0.040913410 -24.664737701 -0.023623478 -0.041936256 -0.998840868 393.537658691
-0.998885572 -0.037404042 0.028785735 133.432891846 -0.038540453 0.998456478 -0.039991912 -24.728481293 -0.027245481 -0.041056760 -0.998785198 392.308593750
-0.998845041 -0.035380919 0.032508630 133.467315674 -0.036652457 0.998551428 -0.039388202 -24.798278809 -0.031067923 -0.040534228 -0.998695076 391.077728271
-0.998737931 -0.035687830 0.035341430 133.517959595 -0.037094638 0.998511434 -0.039984751 -24.861370087 -0.033861861 -0.041245256 -0.998575211 389.861389160
-0.998580039 -0.037246868 0.038087174 133.577667236 -0.038753189 0.998463511 -0.039607007 -24.923521042 -0.036553450 -0.041026760 -0.998489201 388.670257568
-0.998423934 -0.038626004 0.040713929 133.636367798 -0.040165219 0.998481929 -0.037691139 -24.983787537 -0.039196275 -0.039267018 -0.998459697 387.467468262
-0.998311460 -0.038766827 0.043258458 133.698928833 -0.040339548 0.998533845 -0.036095601 -25.041366577 -0.041795753 -0.037779681 -0.998411655 386.272979736
-0.998257935 -0.037662026 0.045415472 133.762817383 -0.039293859 0.998593688 -0.035590310 -25.098968506 -0.044011198 -0.037312862 -0.998334050 385.091064453
-0.998184621 -0.036480013 0.047921345 133.821823120 -0.038246851 0.998601913 -0.036484994 -25.158353806 -0.046523381 -0.038251601 -0.998184621 383.910766602
-0.998093545 -0.035547562 0.050452642 133.882583618 -0.037516590 0.998548865 -0.038632076 -25.212963104 -0.049006179 -0.040451244 -0.997979105 382.738739014
-0.997989655 -0.035301678 0.052634887 133.952209473 -0.037368335 0.998547554 -0.038810998 -25.278627396 -0.051188339 -0.040699854 -0.997859359 381.584228516
-0.997864068 -0.036190718 0.054383244 134.030410767 -0.038308196 0.998527348 -0.038411748 -25.338714600 -0.052912988 -0.040413026 -0.997780979 380.427368164
-0.997651935 -0.037638012 0.057217125 134.103668213 -0.039903510 0.998442769 -0.038981643 -25.395122528 -0.055660833 -0.041173276 -0.997600436 379.272216797
-0.997542560 -0.037445266 0.059216756 134.183547974 -0.039763205 0.998468578 -0.038461596 -25.448713303 -0.057685871 -0.040721729 -0.997503936 378.126953125
-0.997452021 -0.035819989 0.061696321 134.263442993 -0.038046442 0.998652220 -0.035298534 -25.513292313 -0.060348757 -0.037555918 -0.997470558 376.990875244
-0.997357190 -0.033580933 0.064427704 134.333511353 -0.035914853 0.998727143 -0.035415582 -25.565345764 -0.063156381 -0.037635904 -0.997293770 375.863769531
-0.997228026 -0.031418953 0.067446686 134.411636353 -0.034093376 0.998662293 -0.038874269 -25.618707657 -0.066135056 -0.041066002 -0.996965230 374.738769531
-0.997109473 -0.027829316 0.070697494 134.485412598 -0.030829757 0.998654127 -0.041709848 -25.671543121 -0.069441579 -0.043768875 -0.996625543 373.624145508
-0.997011364 -0.026025524 0.072738685 134.569885254 -0.028977597 0.998786330 -0.039828405 -25.732200623 -0.071613841 -0.041817177 -0.996555448 372.537506104
-0.996843517 -0.024968937 0.075363152 134.663742065 -0.027713194 0.998982012 -0.035590231 -25.791824341 -0.074397795 -0.037566446 -0.996520817 371.431365967
-0.996541739 -0.024881249 0.079281524 134.750473022 -0.027633958 0.999045968 -0.033814684 -25.846321106 -0.078364529 -0.035888605 -0.996278584 370.337890625
-0.996208668 -0.025647441 0.083130114 134.848785400 -0.028690102 0.998953581 -0.035615493 -25.895347595 -0.082129709 -0.037865471 -0.995902061 369.261627197
-0.995884299 -0.026050467 0.086810201 134.945144653 -0.029470168 0.998829782 -0.038346834 -25.954044342 -0.085709661 -0.040747318 -0.995486617 368.189727783
-0.995473385 -0.028013805 0.090819374 135.048110962 -0.031771675 0.998686373 -0.040198978 -26.006164551 -0.089573950 -0.042902492 -0.995055795 367.128570557
-0.995084047 -0.028460657 0.094857395 135.160736084 -0.032373413 0.998676300 -0.039968193 -26.062576294 -0.093594320 -0.042842567 -0.994688272 366.070922852
-0.994615734 -0.027727982 0.099855110 135.269027710 -0.031803634 0.998714924 -0.039457522 -26.119594574 -0.098632701 -0.042420819 -0.994219363 365.029205322
-0.994075119 -0.025973577 0.105547018 135.387405396 -0.030102558 0.998834848 -0.037716713 -26.171918869 -0.104444414 -0.040670481 -0.993698835 363.995544434
-0.993329406 -0.023020187 0.112990886 135.502868652 -0.027078446 0.999037266 -0.034514174 -26.225002289 -0.112087585 -0.037343558 -0.992996454 362.961364746
-0.992315650 -0.021189004 0.121904962 135.629501343 -0.025199296 0.999187648 -0.031449605 -26.272819519 -0.121139511 -0.034279849 -0.992043436 361.943420410
-0.991084278 -0.020013059 0.131725103 135.771545410 -0.024397001 0.999198020 -0.031751540 -26.319271088 -0.130984008 -0.034682147 -0.990777731 360.936553955
-0.989523590 -0.018355146 0.143199652 135.913726807 -0.023237623 0.999201655 -0.032497875 -26.365345001 -0.142488822 -0.035485037 -0.989160180 359.945434570
-0.987780511 -0.016927943 0.154928744 136.076965332 -0.022435440 0.999174416 -0.033869293 -26.410634995 -0.154227495 -0.036931332 -0.987344861 358.955200195
-0.985581040 -0.017809534 0.168263793 136.255493164 -0.023930969 0.999120772 -0.034422334 -26.457798004 -0.167502791 -0.037952725 -0.985140800 357.985961914
-0.982893527 -0.017157396 0.183373645 136.438690186 -0.024074383 0.999077439 -0.035561200 -26.504245758 -0.182594359 -0.039367478 -0.982399940 357.018402100
-0.979926944 -0.016188202 0.198699668 136.639831543 -0.023769202 0.999075353 -0.035827126 -26.552394867 -0.197936013 -0.039830890 -0.979405522 356.068328857
-0.976573586 -0.015255217 0.214642912 136.853866577 -0.023413496 0.999094784 -0.035517558 -26.599689484 -0.213906735 -0.039711051 -0.976046681 355.127807617
-0.972937524 -0.015846690 0.230524391 137.085174561 -0.024752421 0.999052644 -0.035791773 -26.643333435 -0.229738891 -0.040529191 -0.972408116 354.179595947
-0.969325185 -0.015841044 0.245270714 137.330734253 -0.025372820 0.999038517 -0.035751112 -26.688785553 -0.244468555 -0.040877659 -0.968795300 353.246551514
-0.965412140 -0.017222529 0.260159731 137.586120605 -0.027723012 0.998939991 -0.036746088 -26.734840393 -0.259251148 -0.042687528 -0.964866161 352.325439453
-0.961737990 -0.017890759 0.273386419 137.858642578 -0.029179394 0.998878658 -0.037281428 -26.775873184 -0.272412866 -0.043832209 -0.961181581 351.402435303
-0.958101571 -0.021009818 0.285657287 138.142959595 -0.033180188 0.998733103 -0.037831314 -26.817367554 -0.284500539 -0.045724411 -0.957584858 350.484069824
-0.954742134 -0.023617357 0.296495706 138.435180664 -0.036429018 0.998622596 -0.037759360 -26.866401672 -0.295195609 -0.046851501 -0.954287469 349.569152832
-0.951521516 -0.026372407 0.306449741 138.741348267 -0.039768707 0.998503029 -0.037552163 -26.909667969 -0.305000693 -0.047918804 -0.951145828 348.656005859
-0.948391497 -0.028628983 0.315807045 139.048797607 -0.042395230 0.998422801 -0.036805533 -26.948749542 -0.314255238 -0.048294775 -0.948109269 347.737670898
-0.945482016 -0.031056069 0.324190229 139.380798340 -0.044970237 0.998356998 -0.035514690 -26.996986389 -0.322554588 -0.048157413 -0.945325077 346.822448730
-0.942238629 -0.032547064 0.333357185 139.708557129 -0.046733182 0.998307288 -0.034623057 -27.038639069 -0.331665993 -0.048202023 -0.942164719 345.921142578
-0.938916326 -0.034530647 0.342408955 140.056457520 -0.048800405 0.998258591 -0.033144534 -27.076671600 -0.340668142 -0.047829635 -0.938966215 345.016265869
-0.934662759 -0.034559969 0.353851944 140.369964600 -0.048629150 0.998337507 -0.030943278 -27.126590729 -0.352194279 -0.046129052 -0.934789479 344.137237549
-0.930300474 -0.035241082 0.365101635 140.718551636 -0.049535118 0.998326063 -0.029855948 -27.164999008 -0.363438308 -0.045860354 -0.930488884 343.265441895
-0.925817490 -0.035754152 0.376275897 141.073410034 -0.050202969 0.998327792 -0.028660964 -27.203927994 -0.374621928 -0.045424994 -0.926064312 342.395599365
-0.921704769 -0.036997728 0.386123627 141.444061279 -0.050976433 0.998360872 -0.026023144 -27.246185303 -0.384527832 -0.043668866 -0.922079921 341.543395996
-0.917503178 -0.037304480 0.395975173 141.822479248 -0.050821431 0.998426616 -0.023696028 -27.280963898 -0.394468129 -0.041865204 -0.917955458 340.699829102
-0.912956536 -0.037594650 0.406321406 142.212448120 -0.050695509 0.998482227 -0.021522881 -27.309659958 -0.404895514 -0.040248126 -0.913476765 339.860717773
-0.907418728 -0.036415279 0.418646932 142.574493408 -0.049162056 0.998596549 -0.019697741 -27.335735321 -0.417342186 -0.038455646 -0.907935441 339.038909912
-0.901669800 -0.035366256 0.430976689 142.970886230 -0.047354549 0.998731434 -0.017116409 -27.363113403 -0.429824650 -0.035842061 -0.902200699 338.224853516
-0.895244718 -0.034120739 0.444266438 143.379302979 -0.045869749 0.998823822 -0.015720405 -27.389625549 -0.443207532 -0.034452002 -0.895756841 337.410583496
-0.888323665 -0.031676795 0.458123982 143.799499512 -0.044335630 0.998873711 -0.016902139 -27.418998718 -0.457072616 -0.035325784 -0.888727725 336.612487793
-0.880729198 -0.028066307 0.472788095 144.219436646 -0.042059984 0.998933434 -0.019050984 -27.442558289 -0.471749097 -0.036664214 -0.880970240 335.823272705
-0.872484267 -0.024066815 0.488049239 144.654678345 -0.038507834 0.999066532 -0.019574100 -27.465414047 -0.487122625 -0.035871811 -0.872596622 335.042175293
-0.863737702 -0.021303991 0.503491342 145.108947754 -0.035062600 0.999225378 -0.017870009 -27.490886688 -0.502720714 -0.033088714 -0.863815367 334.273315430
-0.853553295 -0.016561314 0.520742357 145.574234009 -0.029026123 0.999453902 -0.015791055 -27.519151688 -0.520196438 -0.028593635 -0.853567839 333.481719971
-0.842386127 -0.013257090 0.538711369 146.056701660 -0.025162393 0.999574661 -0.014748157 -27.542503357 -0.538286686 -0.025978910 -0.842361331 332.728179932
-0.830757558 -0.008759094 0.556565642 146.554397583 -0.020479413 0.999680161 -0.014835866 -27.562923431 -0.556257606 -0.023723144 -0.830671191 331.982299805
-0.818342745 -0.004418300 0.574713588 147.058822632 -0.015648426 0.999770999 -0.014595936 -27.587390900 -0.574517548 -0.020937841 -0.818224490 331.247985840
-0.805871665 -0.001551174 0.592088282 147.596298218 -0.011469833 0.999849737 -0.012991764 -27.605918884 -0.591979325 -0.017260844 -0.805768371 330.521118164
-0.792654395 -0.002449083 0.609666288 148.151214600 -0.010202085 0.999905109 -0.009247476 -27.625894547 -0.609585881 -0.013549916 -0.792604327 329.798828125
-0.779204011 -0.000714380 0.626770079 148.713439941 -0.006911868 0.999948323 -0.007453151 -27.642335892 -0.626732349 -0.010139670 -0.779168785 329.099731445
-0.765294373 0.001353630 0.643678963 149.302062988 -0.004292949 0.999964714 -0.007206932 -27.657444000 -0.643666089 -0.008278702 -0.765261650 328.402069092
-0.750888467 0.003738483 0.660418391 149.913742065 -0.002131577 0.999964952 -0.008084157 -27.666706085 -0.660425663 -0.007478032 -0.750854194 327.712829590
-0.735530078 0.005239171 0.677471817 150.537200928 0.000052258 0.999970496 -0.007676446 -27.682054520 -0.677492023 -0.005610853 -0.735508740 327.031341553
-0.719300687 0.007065877 0.694662929 151.186904907 0.003538989 0.999972701 -0.006506877 -27.695928574 -0.694689810 -0.002221997 -0.719306052 326.363647461
-0.702096283 0.008001718 0.712037086 151.861389160 0.006399121 0.999967396 -0.004927637 -27.708728790 -0.712053180 0.001096737 -0.702124715 325.707366943
-0.683813989 0.009548362 0.729593873 152.539321899 0.011202410 0.999933958 -0.002586867 -27.717638016 -0.729570448 0.006404283 -0.683875680 325.041717529
-0.665865004 0.008426980 0.746024728 153.249786377 0.012608567 0.999920547 -0.000041157 -27.728855133 -0.745965779 0.009378902 -0.665918231 324.409576416
-0.648844063 0.007959245 0.760879874 153.976531982 0.012760499 0.999918520 0.000421852 -27.741392136 -0.760814488 0.009982925 -0.648892760 323.808044434
-0.630964041 0.011210460 0.775730968 154.703460693 0.014835333 0.999887109 -0.002383081 -27.752943039 -0.775670230 0.010004588 -0.631059051 323.217254639
-0.612985313 0.010951358 0.790018380 155.471389771 0.014402430 0.999892592 -0.002685641 -27.760185242 -0.789963067 0.009731929 -0.613077223 322.630310059
-0.594068468 0.009292432 0.804360807 156.260437012 0.014653631 0.999892354 -0.000728745 -27.774085999 -0.804280996 0.011353880 -0.594140649 322.054962158
-0.574635684 0.004782922 0.818395495 157.032196045 0.013531110 0.999901712 0.003657164 -27.791618347 -0.818297446 0.013175335 -0.574643850 321.506835938
-0.554056585 0.003068332 0.832473278 157.827789307 0.012923062 0.999904454 0.004915551 -27.800733566 -0.832378626 0.013481592 -0.554043293 320.985595703
-0.532443941 0.000963889 0.846464753 158.655593872 0.011363657 0.999917448 0.006009351 -27.808774948 -0.846388936 0.012818579 -0.532410920 320.478149414
-0.508432925 0.000668248 0.861101270 159.496368408 0.009605001 0.999941945 0.004895231 -27.813180923 -0.861047983 0.010759775 -0.508409858 319.974822998
-0.484511435 -0.001182094 0.874784172 160.334732056 0.014009610 0.999860346 0.009110532 -27.815757751 -0.874672711 0.016669542 -0.484427184 319.527709961
-0.457688063 -0.008164088 0.889075458 161.214599609 0.013802010 0.999772131 0.016285732 -27.813999176 -0.889005721 0.019724816 -0.457471073 319.083129883
-0.429920763 -0.013917936 0.902759373 162.057159424 0.016532905 0.999592185 0.023284275 -27.809078217 -0.902715206 0.024935625 -0.429515332 318.685516357
-0.401332974 -0.013171162 0.915837646 162.965606689 0.020272484 0.999523878 0.023258397 -27.795961380 -0.915707886 0.027900664 -0.400874883 318.289794922
-0.373124182 -0.012309101 0.927699804 163.858245850 0.022313610 0.999503732 0.022236442 -27.773759842 -0.927513063 0.028997285 -0.372664392 317.932891846
-0.346212715 -0.014152864 0.938049316 164.794815063 0.022358889 0.999477744 0.023331827 -27.757486343 -0.937889576 0.029051514 -0.345715404 317.593322754
-0.321088523 -0.017315783 0.946890831 165.727035522 0.022960648 0.999396622 0.026061859 -27.748798370 -0.946770787 0.030109398 -0.320497155 317.293029785
-0.295563728 -0.021380410 0.955083728 166.681671143 0.022377105 0.999320209 0.029295588 -27.734186172 -0.955060959 0.030030722 -0.294884384 317.006774902
-0.270982176 -0.023958178 0.962286353 167.663482666 0.022846377 0.999248445 0.031312041 -27.718181610 -0.962313354 0.030469758 -0.270231187 316.741516113
-0.247858778 -0.025759002 0.968453765 168.657165527 0.021968089 0.999239922 0.032200217 -27.695968628 -0.968547046 0.029256199 -0.247104570 316.495697021
-0.227251872 -0.026281551 0.973481357 169.659149170 0.021984408 0.999242604 0.032109134 -27.676687241 -0.973587930 0.028698266 -0.226501942 316.269622803
-0.208996773 -0.026827103 0.977548420 170.678649902 0.020899830 0.999272823 0.031891614 -27.650403976 -0.977693021 0.027095832 -0.208284155 316.059234619
-0.192740113 -0.027524725 0.980863690 171.691528320 0.020718751 0.999269664 0.032112461 -27.627477646 -0.981031120 0.026511636 -0.192029029 315.869354248
-0.178602517 -0.028545549 0.983507156 172.727905273 0.020981465 0.999241412 0.032812398 -27.599292755 -0.983697593 0.026495803 -0.177868068 315.690246582
-0.166393012 -0.030051423 0.985601485 173.770904541 0.020600062 0.999211550 0.033944178 -27.579612732 -0.985844314 0.025951535 -0.165642738 315.520385742
-0.155818969 -0.030861745 0.987303436 174.818679810 0.019715918 0.999215543 0.034345727 -27.553363800 -0.987588882 0.024817316 -0.155088276 315.372528076
-0.146356687 -0.032502394 0.988697827 175.898284912 0.020363787 0.999149323 0.035860419 -27.522510529 -0.989022255 0.025382049 -0.145570338 315.213836670
-0.137817025 -0.033175651 0.989901900 176.976531982 0.021067072 0.999114752 0.036417421 -27.495647430 -0.990233660 0.025873274 -0.136996090 315.067840576
-0.130522668 -0.033956449 0.990863860 178.058471680 0.022152958 0.999063969 0.037155598 -27.464176178 -0.991197884 0.026800200 -0.129648268 314.931243896
-0.124785796 -0.034865562 0.991571009 179.158737183 0.023423368 0.999000371 0.038074546 -27.430702209 -0.991907179 0.027977098 -0.123844385 314.803588867
-0.119872153 -0.036000200 0.992136359 180.269470215 0.024190942 0.998939753 0.039169859 -27.397066116 -0.992494583 0.028696088 -0.118874162 314.668304443
-0.115632743 -0.037157599 0.992596924 181.369995117 0.024488766 0.998889625 0.040245999 -27.360101700 -0.992990136 0.028961224 -0.114594422 314.546325684
-0.111960381 -0.038431697 0.992969275 182.498657227 0.025211083 0.998820305 0.041500773 -27.323574066 -0.993392825 0.029680274 -0.110859409 314.422454834
-0.109532654 -0.041239396 0.993127286 183.627960205 0.023979148 0.998738527 0.044117074 -27.285123825 -0.993693948 0.028646613 -0.108405598 314.308990479
-0.108579621 -0.045394551 0.993050754 184.767456055 0.022033887 0.998601437 0.048057463 -27.242399216 -0.993843555 0.027098842 -0.107427545 314.191772461
-0.108003937 -0.050016843 0.992891490 185.929656982 0.020368742 0.998412609 0.052510619 -27.191949844 -0.993941784 0.025895296 -0.106813714 314.065673828
-0.108050153 -0.053991187 0.992678285 187.090545654 0.019482555 0.998217404 0.056413073 -27.139894485 -0.993954539 0.025435356 -0.106805675 313.950653076
-0.108083174 -0.058078066 0.992443919 188.262557983 0.019939329 0.997964501 0.060572658 -27.083629608 -0.993941903 0.026335558 -0.106705144 313.822723389
-0.108674750 -0.059402756 0.992300808 189.443862915 0.018432107 0.997920930 0.061757840 -27.019489288 -0.993906498 0.025001712 -0.107353881 313.702239990
-0.109764397 -0.057593938 0.992287636 190.621841431 0.017919473 0.998042881 0.059910189 -26.961084366 -0.993796110 0.024357270 -0.108517535 313.574676514
-0.111484453 -0.055982847 0.992188096 191.787460327 0.017884860 0.998137236 0.058328103 -26.904006958 -0.993605375 0.024247812 -0.110275529 313.457214355
-0.113840856 -0.058295928 0.991787255 192.966094971 0.017752582 0.997998178 0.060698714 -26.845874786 -0.993340373 0.024516771 -0.112578079 313.327545166
-0.116617918 -0.062920809 0.991181791 194.161682129 0.018764941 0.997673452 0.065540709 -26.789028168 -0.992999554 0.026242696 -0.115165904 313.191497803
-0.119959362 -0.068995476 0.990378499 195.352630615 0.019899903 0.997214556 0.071882106 -26.721284866 -0.992579401 0.028331365 -0.118252233 313.046478271
-0.123874322 -0.075243697 0.989441097 196.551818848 0.021573873 0.996680915 0.078495249 -26.655258179 -0.992063522 0.031069623 -0.121839873 312.901336670
-0.128807336 -0.079681009 0.988463283 197.742477417 0.023988334 0.996224642 0.083432592 -26.572673798 -0.991379499 0.034458317 -0.126409635 312.746276855
-0.134007007 -0.082484744 0.987541556 198.924392700 0.026070571 0.995891571 0.086719885 -26.491645813 -0.990637422 0.037366852 -0.131306037 312.591217041
-0.139128551 -0.083509475 0.986746907 200.117034912 0.026670221 0.995760500 0.088032730 -26.402675629 -0.989915192 0.038564630 -0.136311516 312.434234619
-0.144736961 -0.083642378 0.985928476 201.300537109 0.028909186 0.995637953 0.088710010 -26.314674377 -0.989047825 0.041342020 -0.141687587 312.263885498
-0.150521308 -0.085125923 0.984934986 202.487991333 0.028901491 0.995481074 0.090454243 -26.228584290 -0.988184214 0.042081386 -0.147380874 312.081115723
-0.156558797 -0.088534296 0.983692586 203.677963257 0.027774248 0.995185614 0.093989104 -26.130947113 -0.987277985 0.042036157 -0.153346136 311.898742676
-0.163396090 -0.093578503 0.982112348 204.873565674 0.026687237 0.994707704 0.099218644 -26.038410187 -0.986199558 0.042421799 -0.160033971 311.702789307
-0.170925111 -0.097766690 0.980421484 206.056686401 0.025936345 0.994273543 0.103669710 -25.937488556 -0.984942675 0.043148305 -0.167410582 311.507324219
-0.178751111 -0.098355420 0.978965878 207.247039795 0.025694674 0.994184852 0.104576088 -25.829486847 -0.983558714 0.043847311 -0.175184429 311.298156738
-0.186560869 -0.101209909 0.977216184 208.433868408 0.025237497 0.993857324 0.107751533 -25.716865540 -0.982119203 0.044764712 -0.182860613 311.075805664
-0.196426958 -0.103106938 0.975082219 209.631896973 0.024897158 0.993610680 0.110081613 -25.605083466 -0.980202258 0.045899782 -0.192604855 310.851837158
-0.204561636 -0.105433896 0.973158896 210.823638916 0.025063533 0.993292153 0.112883568 -25.487400055 -0.978532732 0.047482446 -0.200546920 310.598632812
-0.213638753 -0.105856568 0.971160591 212.011505127 0.025419308 0.993173003 0.113847725 -25.370685577 -0.976582050 0.049008507 -0.209489420 310.343750000
-0.223091885 -0.105781950 0.969040692 213.188629150 0.025726166 0.993109405 0.114331946 -25.249530792 -0.974457920 0.050436236 -0.218833253 310.078186035
-0.232285127 -0.102093019 0.967274785 214.349151611 0.023108957 0.993615985 0.110422723 -25.135515213 -0.972373247 0.048002269 -0.228442952 309.813140869
-0.242373884 -0.095962539 0.965425432 215.506866455 0.025906170 0.994101226 0.105316751 -25.024150848 -0.969836950 0.050536506 -0.238458142 309.521453857
-0.252647877 -0.091472842 0.963224828 216.647857666 0.026405752 0.994498372 0.101368822 -24.915695190 -0.967197955 0.051045284 -0.248842508 309.230773926
-0.264030039 -0.091386892 0.960175276 217.779998779 0.028216317 0.994343400 0.102397859 -24.814105988 -0.964101613 0.054128729 -0.259957850 308.924621582
-0.274492234 -0.094207600 0.956963360 218.903808594 0.026929030 0.994045854 0.105582394 -24.714139938 -0.961212218 0.054751661 -0.270320922 308.597717285
-0.287342310 -0.093901359 0.953214049 220.016677856 0.025663797 0.994070888 0.105662405 -24.609771729 -0.957484186 0.054824382 -0.283228755 308.268737793
-0.301837146 -0.091859862 0.948923647 221.108184814 0.025254022 0.994227350 0.104278348 -24.510021210 -0.953024983 0.055439223 -0.297774941 307.922668457
-0.317564309 -0.091425613 0.943819046 222.206375122 0.023150977 0.994296789 0.104104847 -24.407279968 -0.947953999 0.054910313 -0.313636601 307.574890137
-0.332758248 -0.090367973 0.938672304 223.284820557 0.022618856 0.994346499 0.103746213 -24.304435730 -0.942740798 0.055754103 -0.328832954 307.201904297
-0.347418517 -0.089283444 0.933449984 224.340713501 0.022213476 0.994393826 0.103380233 -24.212255478 -0.937447011 0.056651384 -0.343487561 306.809356689
-0.362577647 -0.088173553 0.927773058 225.378387451 0.021188859 0.994476914 0.102793649 -24.115589142 -0.931712627 0.056929130 -0.358706832 306.411987305
-0.377924800 -0.088976562 0.921550870 226.411651611 0.017739022 0.994492710 0.103293881 -24.019256592 -0.925666332 0.055384737 -0.374265134 306.007324219
-0.392784238 -0.088918813 0.915321827 227.455566406 0.015440732 0.994536579 0.103240080 -23.917593002 -0.919501066 0.054684311 -0.389265388 305.570617676
-0.407973051 -0.088750131 0.908670247 228.463256836 0.012696736 0.994616270 0.102845080 -23.820423126 -0.912905693 0.053495165 -0.404649884 305.128356934
-0.422873080 -0.087856144 0.901920080 229.473602295 0.010439162 0.994750679 0.101793312 -23.724649429 -0.906128824 0.052460935 -0.419736207 304.673156738
-0.437118411 -0.086144052 0.895269036 230.443237305 0.010477656 0.994847357 0.100841343 -23.633203506 -0.899342954 0.053459957 -0.433963478 304.185852051
-0.451682925 -0.084282622 0.888188601 231.421371460 0.011335082 0.994905412 0.100173645 -23.539806366 -0.892106533 0.055314414 -0.448426455 303.692718506
-0.466158986 -0.081590578 0.880930662 232.381591797 0.012244231 0.995047927 0.098639190 -23.450313568 -0.884616196 0.056767859 -0.462851524 303.190093994
-0.480241239 -0.078607403 0.873606980 233.335891724 0.014304820 0.995141804 0.097406819 -23.363719940 -0.877019823 0.059275568 -0.476783663 302.668792725
-0.494025141 -0.074933887 0.866212487 234.264923096 0.016661610 0.995280206 0.095601782 -23.278812408 -0.869287908 0.061662190 -0.490444899 302.141876221
-0.507002711 -0.072654039 0.858877003 235.175735474 0.018063389 0.995326757 0.094859570 -23.196052551 -0.861755073 0.063608296 -0.503320992 301.604858398
-0.519719005 -0.071163774 0.851368308 236.082092285 0.018307518 0.995368183 0.094376229 -23.111965179 -0.854141057 0.064635560 -0.516008973 301.053924561
-0.532117605 -0.068621740 0.843885005 236.966918945 0.018159386 0.995555818 0.092405595 -23.041391373 -0.846475601 0.064495072 -0.528506696 300.497039795
-0.544557273 -0.065002367 0.836201012 237.841705322 0.017421229 0.995900452 0.088761866 -22.959508896 -0.838542700 0.062903576 -0.541192412 299.935119629
-0.556621075 -0.062087961 0.828443170 238.696090698 0.015407810 0.996260405 0.085017413 -22.889854431 -0.830623627 0.060086984 -0.553582847 299.376953125
-0.568585515 -0.057093669 0.820640504 239.531295776 0.016092466 0.996625781 0.080487087 -22.817316055 -0.822466671 0.058969919 -0.565748096 298.800506592
-0.580155492 -0.052142683 0.812835038 240.352340698 0.018350933 0.996858656 0.077045500 -22.755290985 -0.814298987 0.059614658 -0.577376068 298.210510254
-0.592154384 -0.053370856 0.804055214 241.152359009 0.018011680 0.996678352 0.079421483 -22.695171356 -0.805623233 0.061512165 -0.589226246 297.627716064
-0.604158878 -0.055905040 0.794900358 241.935928345 0.016594466 0.996437013 0.082691528 -22.631427765 -0.796691060 0.063149758 -0.601078629 297.040008545
-0.615635097 -0.057651874 0.785919607 242.695465088 0.013856380 0.996374071 0.083944105 -22.578411102 -0.787909389 0.062568948 -0.612604141 296.447204590
-0.627395511 -0.051841136 0.776973128 243.423522949 0.012840779 0.996957064 0.076887630 -22.515941620 -0.778594911 0.058215905 -0.624820709 295.856811523
-0.639434278 -0.050515667 0.767184317 244.135604858 0.009560340 0.997239590 0.073632136 -22.459819794 -0.768786311 0.054417472 -0.637186229 295.269348145
-0.650754035 -0.052196529 0.757492304 244.835449219 0.005166608 0.997306824 0.073160008 -22.409252167 -0.759270966 0.051522847 -0.648731768 294.687377930
-0.661525428 -0.054206483 0.747961164 245.512344360 0.004227730 0.997098684 0.076001242 -22.355939865 -0.749910891 0.053438928 -0.659376979 294.093750000
-0.672115862 -0.053229872 0.738530278 246.151138306 0.004289184 0.997115970 0.075771034 -22.311708450 -0.740433633 0.054094609 -0.669949174 293.509948730
-0.683185935 -0.052275188 0.728371203 246.774673462 0.003375666 0.997197688 0.074735142 -22.263854980 -0.730236828 0.053516731 -0.681094944 292.930786133
-0.694347501 -0.051506925 0.717794240 247.369491577 0.002147811 0.997282505 0.073639870 -22.222282410 -0.719636619 0.052673366 -0.692350090 292.364837646
-0.705470324 -0.050890822 0.706910133 247.938369751 0.001326200 0.997322142 0.073121235 -22.176282883 -0.708738327 0.052522361 -0.703513741 291.796478271
-0.717544198 -0.050066102 0.694711328 248.477447510 0.002880180 0.997191250 0.074839935 -22.132286072 -0.696507037 0.055701848 -0.715384722 291.233398438
-0.729997754 -0.047202922 0.681817591 248.990356445 0.007630266 0.996986926 0.077191867 -22.093776703 -0.683407068 0.061552346 -0.727438033 290.666992188
-0.742935419 -0.044122007 0.667907357 249.468551636 0.012545007 0.996731997 0.079798423 -22.053602219 -0.669245541 0.067663983 -0.739954114 290.109985352
-0.755804062 -0.039816722 0.653586328 249.920257568 0.017709717 0.996541262 0.081189089 -22.010244370 -0.654558539 0.072937869 -0.752484739 289.559173584
-0.768615365 -0.035420392 0.638729990 250.356201172 0.019882577 0.996660650 0.079194933 -21.971494675 -0.639402330 0.073570028 -0.765344501 289.017089844
-0.782684445 -0.027307833 0.621819556 250.756744385 0.024008045 0.996968925 0.074001849 -21.938180923 -0.621955633 0.072848767 -0.779656589 288.493713379
-0.797388375 -0.018559998 0.603181183 251.143524170 0.028463919 0.997257650 0.068314321 -21.904943466 -0.602795005 0.071641929 -0.794673443 287.961853027
-0.813088596 -0.010677310 0.582042038 251.495437622 0.032898858 0.997391105 0.064255051 -21.881780624 -0.581209660 0.071393572 -0.810616076 287.442657471
-0.829785168 -0.006296509 0.558047533 251.831085205 0.034867123 0.997397959 0.063099191 -21.847293854 -0.556992829 0.071816288 -0.827406526 286.926910400
-0.846152604 -0.001036473 0.532939553 252.128982544 0.039454054 0.997132242 0.064580783 -21.820205688 -0.531478226 0.075671822 -0.843685269 286.401855469
-0.862609565 0.005974222 0.505834937 252.402511597 0.045016821 0.996869743 0.064994358 -21.791894913 -0.503863335 0.078835830 -0.860178351 285.879089355
-0.879795194 0.012682729 0.475183874 252.643798828 0.048956096 0.996745944 0.064038135 -21.773097992 -0.472825408 0.079603590 -0.877553225 285.374816895
-0.896937549 0.018099945 0.441786617 252.887619019 0.050075918 0.996891677 0.060824122 -21.742542267 -0.439312518 0.076678313 -0.895055890 284.818603516
-0.914308429 0.024271784 0.404290646 253.084197998 0.051550176 0.997058213 0.056722492 -21.727466583 -0.401724637 0.072703145 -0.912869990 284.325988770
-0.930625975 0.031103389 0.364647627 253.255645752 0.053975109 0.997150779 0.052697115 -21.702747345 -0.361969620 0.068723202 -0.929653227 283.799285889
-0.945705116 0.038983621 0.322679728 253.395370483 0.058194522 0.997047246 0.050100267 -21.674983978 -0.319773823 0.066158272 -0.945181310 283.266326904
-0.959425509 0.044266466 0.278465897 253.526855469 0.059780378 0.997082412 0.047465432 -21.652362823 -0.275552332 0.062186338 -0.959272563 282.714294434
-0.971431911 0.044683106 0.233073875 253.627151489 0.056529686 0.997413397 0.044394575 -21.632209778 -0.230487332 0.056301910 -0.971445084 282.173828125
-0.982048869 0.043994751 0.183424205 253.702789307 0.052763995 0.997672021 0.043203164 -21.617717743 -0.181096479 0.052105807 -0.982084036 281.630706787
-0.990507722 0.043280747 0.130465582 253.745727539 0.049002431 0.997958064 0.040967997 -21.593383789 -0.128426075 0.046972249 -0.990606070 281.115081787
-0.996215880 0.045178492 0.074249849 253.764465332 0.048265263 0.998020530 0.040317215 -21.569480896 -0.072281443 0.043748342 -0.996424317 280.557922363
-0.998907208 0.043379202 0.017393954 253.740615845 0.044102229 0.998075306 0.043597132 -21.554939270 -0.015469275 0.044316601 -0.998897731 279.988281250
-0.998178661 0.041610856 -0.043681294 253.715759277 0.039546870 0.998107135 0.047097143 -21.528886795 0.045558333 0.045283899 -0.997934759 279.434814453
-0.993694961 0.042419866 -0.103783429 253.637390137 0.037305094 0.998014987 0.050738208 -21.498783112 0.105729699 0.046546649 -0.993304908 278.854034424
-0.985440910 0.043201964 -0.164437950 253.512222290 0.034444712 0.997850955 0.055740740 -21.470880508 0.166492656 0.049265176 -0.984811246 278.263305664
-0.972920537 0.042300560 -0.227236748 253.356628418 0.028966885 0.997674525 0.061696548 -21.441364288 0.229318097 0.053443503 -0.971883297 277.684387207
-0.956284285 0.042220172 -0.289375126 253.147644043 0.022899281 0.997295916 0.069832467 -21.408300400 0.291540921 0.060153216 -0.954665244 277.106597900
-0.935373545 0.036415704 -0.351781428 252.920867920 0.009943662 0.996999383 0.076767556 -21.374439240 0.353521377 0.068308368 -0.932929039 276.520324707
-0.910485089 0.034085546 -0.412134826 252.639251709 0.000461195 0.996680558 0.081411421 -21.329339981 0.413541645 0.073933817 -0.907478333 275.948913574
-0.882800519 0.033108275 -0.468579888 252.309417725 -0.007928215 0.996320903 0.085333370 -21.284206390 0.469681114 0.079047352 -0.879290164 275.390838623
-0.852124274 0.034493163 -0.522201419 251.955627441 -0.014010726 0.995964229 0.088649392 -21.240421295 0.523151755 0.082856730 -0.848202109 274.842041016
-0.819789886 0.034257993 -0.571638882 251.546051025 -0.019760527 0.995922387 0.088023707 -21.188899994 0.572323382 0.083456829 -0.815770030 274.295745850
-0.787700951 0.029343037 -0.615358710 251.101287842 -0.028513068 0.996058106 0.083995134 -21.134025574 0.615397692 0.083708800 -0.783759177 273.755859375
-0.756872118 0.027462583 -0.652985811 250.640579224 -0.034196474 0.996084273 0.081529185 -21.083946228 0.652667701 0.084036998 -0.752969205 273.237365723
-0.728287280 0.030592095 -0.684588909 250.120666504 -0.034265470 0.996127605 0.080966458 -21.025827408 0.684414744 0.082424589 -0.724418819 272.719573975
-0.701600909 0.034793757 -0.711720169 249.565460205 -0.033592362 0.996081650 0.081810035 -20.967342377 0.711777806 0.081306368 -0.697683036 272.202606201
-0.677944779 0.037331913 -0.734164298 249.003768921 -0.033810921 0.996069252 0.081871472 -20.915966034 0.734334767 0.080327094 -0.674017787 271.690643311
-0.658717990 0.039727170 -0.751340508 248.396987915 -0.032970689 0.996121645 0.081576161 -20.855062485 0.751667321 0.078507893 -0.654853344 271.178680420
-0.644423664 0.044302329 -0.763384223 247.766403198 -0.025787573 0.996493280 0.079599604 -20.795322418 0.764233708 0.070981696 -0.641021430 270.668548584
-0.635044336 0.050579563 -0.770818114 247.115310669 -0.017039895 0.996694088 0.079439543 -20.745582581 0.772287905 0.063582294 -0.632082939 270.153442383
-0.629967868 0.053451020 -0.774779737 246.453460693 -0.012291504 0.996817529 0.078763239 -20.681358337 0.776524007 0.059141502 -0.627306044 269.616394043
-0.628395438 0.055997517 -0.775876045 245.772521973 -0.009754699 0.996759892 0.079839922 -20.614734650 0.777833104 0.057739481 -0.625813127 269.077270508
