1.000000000 0.000000000 0.000000000 0.000000000 0.000000000 1.000000000 0.000000000 0.000000000 0.000000000 0.000000000 0.999999940 0.000000000
0.999997556 -0.001677615 -0.001434221 -0.002483064 0.001676347 0.999998212 -0.000885232 -0.008486160 0.001435704 0.000882826 0.999998510 0.564135015
0.999995351 -0.001851433 -0.002413596 -0.007726103 0.001845284 0.999995053 -0.002547270 -0.018000433 0.002418300 0.002542805 0.999993801 1.119489789
0.999986529 -0.002500453 -0.004542447 -0.009120577 0.002484363 0.999990642 -0.003544495 -0.035156064 0.004551267 0.003533163 0.999983370 1.684684038
0.999970376 -0.004323997 -0.006372106 -0.020244138 0.004288723 0.999975443 -0.005538997 -0.041263223 0.006395899 0.005511505 0.999964297 2.251659870
0.999944389 -0.006912384 -0.007963225 -0.021695111 0.006851513 0.999947309 -0.007646031 -0.053825252 0.008015655 0.007591047 0.999939024 2.811461687
0.999921918 -0.008139003 -0.009481608 -0.027727680 0.008061115 0.999933720 -0.008224385 -0.067356862 0.009547919 0.008147310 0.999921143 3.384199619
0.999908209 -0.008084279 -0.010863367 -0.039020915 0.008002369 0.999939382 -0.007562707 -0.080197379 0.010923849 0.007475081 0.999912322 3.967799187
0.999893188 -0.008640002 -0.011790492 -0.050949145 0.008547074 0.999932170 -0.007909558 -0.094942376 0.011858031 0.007807938 0.999899149 4.560487270
0.999883115 -0.007998526 -0.013029740 -0.060380582 0.007856734 0.999909818 -0.010897400 -0.108279787 0.013115733 0.010793757 0.999855697 5.151974678
0.999879301 -0.006347880 -0.014181465 -0.077825688 0.006139488 0.999873281 -0.014690163 -0.123612367 0.014272926 0.014601322 0.999791503 5.754204750
0.999866188 -0.005164727 -0.015520695 -0.092635021 0.004879048 0.999818981 -0.018388249 -0.136420012 0.015612865 0.018310063 0.999710441 6.369208813
0.999854803 -0.003110240 -0.016753364 -0.108422108 0.002802470 0.999827504 -0.018363038 -0.151477918 0.016807593 0.018313419 0.999691010 6.996721745
0.999838054 -0.001247752 -0.017953940 -0.121021964 0.001042608 0.999934077 -0.011431050 -0.161476642 0.017967016 0.011410479 0.999773443 7.636641979
0.999831557 -0.000150094 -0.018354023 -0.141784906 0.000134978 0.999999702 -0.000824892 -0.175071090 0.018354136 0.000822274 0.999831200 8.295170784
0.999811172 0.000610850 -0.019427588 -0.157382011 -0.000501001 0.999983907 0.005658561 -0.184654027 0.019430732 -0.005647762 0.999795198 8.982972145
0.999782562 0.003029925 -0.020633478 -0.179166496 -0.002931236 0.999984205 0.004811469 -0.201643854 0.020647725 -0.004749941 0.999775529 9.671990395
0.999760628 0.004950847 -0.021314293 -0.201998070 -0.005000674 0.999984920 -0.002285398 -0.210767567 0.021302657 0.002391437 0.999770164 10.354556084
0.999737501 0.004441631 -0.022473792 -0.221549183 -0.004624330 0.999956667 -0.008084413 -0.213335931 0.022436909 0.008186218 0.999714673 11.065593719
0.999724150 0.002266295 -0.023373675 -0.244521990 -0.002426270 0.999973834 -0.006818521 -0.213436663 0.023357607 0.006873351 0.999703407 11.805180550
0.999714077 0.001725091 -0.023844549 -0.265445560 -0.001670313 0.999996006 0.002316665 -0.221703053 0.023848448 -0.002276174 0.999712944 12.573260307
0.999701500 0.001472641 -0.024390355 -0.286154479 -0.001229484 0.999949396 0.009981374 -0.231196046 0.024403827 -0.009948405 0.999652565 13.352593422
0.999688983 0.000570545 -0.024932493 -0.307038546 -0.000258211 0.999921381 0.012528615 -0.234204426 0.024937684 -0.012518276 0.999610543 14.139540672
0.999686599 -0.001096883 -0.025006954 -0.328127354 0.001380302 0.999934971 0.011319191 -0.233982027 0.024992915 -0.011350159 0.999623060 14.939634323
0.999701262 -0.001518959 -0.024393652 -0.352996111 0.001738946 0.999957860 0.008999525 -0.235672265 0.024378959 -0.009039251 0.999661863 15.767658234
0.999705076 0.001015864 -0.024261996 -0.378733307 -0.000882364 0.999984384 0.005512481 -0.235133052 0.024267219 -0.005489444 0.999690413 16.608022690
0.999727488 -0.002408370 -0.023220196 -0.396691233 0.002406266 0.999997199 -0.000118686 -0.240442365 0.023220411 0.000062780 0.999730289 17.477891922
0.999727190 -0.005405111 -0.022725236 -0.410381943 0.005263924 0.999966681 -0.006268130 -0.250525236 0.022758354 0.006146796 0.999722064 18.351848602
0.999757886 -0.003949685 -0.021647044 -0.432946146 0.003697692 0.999925256 -0.011668774 -0.264444858 0.021691507 0.011585905 0.999697506 19.240772247
0.999760985 -0.002846068 -0.021676663 -0.455637157 0.002576855 0.999919474 -0.012437374 -0.278732777 0.021710312 0.012378543 0.999687552 20.153406143
0.999757946 -0.002616763 -0.021847012 -0.487693489 0.002359777 0.999927998 -0.011780553 -0.303266853 0.021876259 0.011726145 0.999691844 21.098276138
0.999761403 -0.001274597 -0.021807259 -0.507182300 0.000980556 0.999908566 -0.013488828 -0.323460877 0.021822462 0.013464224 0.999671161 22.046222687
0.999765515 0.001334097 -0.021613311 -0.534821808 -0.001671936 0.999876678 -0.015620362 -0.343553483 0.021589803 0.015652834 0.999644279 23.000995636
0.999748349 0.005010596 -0.021864796 -0.565460324 -0.005371075 0.999850154 -0.016459057 -0.365572840 0.021779053 0.016572351 0.999625385 23.963634491
0.999740660 0.007045612 -0.021652028 -0.604555011 -0.007397670 0.999840975 -0.016223013 -0.397300214 0.021534299 0.016378982 0.999633968 24.943634033
0.999729455 0.007502104 -0.022012884 -0.628161371 -0.007863808 0.999834597 -0.016391227 -0.424555868 0.021886293 0.016559893 0.999623299 25.922857285
0.999725461 0.007630415 -0.022150148 -0.649297535 -0.007988817 0.999837816 -0.016137458 -0.454542965 0.022023438 0.016309978 0.999624431 26.910457611
0.999699175 0.009323021 -0.022683449 -0.682409525 -0.009660214 0.999843657 -0.014801263 -0.488202959 0.022541929 0.015015936 0.999633133 27.915603638
0.999693096 0.009375071 -0.022933416 -0.704373121 -0.009678436 0.999866545 -0.013153004 -0.513372183 0.022807060 0.013370920 0.999650359 28.939918518
0.999682784 0.010126980 -0.023063926 -0.737370133 -0.010402540 0.999875546 -0.011859276 -0.543466926 0.022940969 0.012095434 0.999663532 29.961587906
0.999676704 0.010047314 -0.023361456 -0.766032577 -0.010348178 0.999864459 -0.012793720 -0.572438538 0.023229763 0.013031328 0.999645233 30.979211807
0.999659956 0.011300128 -0.023502151 -0.794506252 -0.011633518 0.999832869 -0.014097639 -0.594131470 0.023338905 0.014366256 0.999624372 32.035842896
0.999659479 0.010983993 -0.023672849 -0.826707304 -0.011293532 0.999851882 -0.012981965 -0.623878479 0.023526739 0.013244892 0.999635458 33.071628571
0.999641716 0.010877321 -0.024458924 -0.855501533 -0.011142427 0.999880254 -0.010728762 -0.644964874 0.024339287 0.010997446 0.999643266 34.124515533
0.999636173 0.010501863 -0.024844754 -0.887818158 -0.010676506 0.999919236 -0.006907635 -0.672841489 0.024770182 0.007170376 0.999667466 35.199707031
0.999616027 0.010635941 -0.025588993 -0.918338597 -0.010759419 0.999931216 -0.004692875 -0.693721414 0.025537303 0.004966396 0.999661505 36.260875702
0.999610424 0.010156532 -0.025994057 -0.950931251 -0.010256949 0.999940574 -0.003732986 -0.720515728 0.025954578 0.003998153 0.999655187 37.327602386
0.999597192 0.010086040 -0.026527062 -0.985775352 -0.010233087 0.999933004 -0.005413673 -0.737666368 0.026470665 0.005682946 0.999633491 38.403495789
0.999577343 0.010542105 -0.027092913 -1.020572662 -0.010709939 0.999924362 -0.006057343 -0.759746253 0.027026979 0.006344947 0.999614537 39.497558594
0.999562800 0.010307427 -0.027710998 -1.057182550 -0.010451728 0.999932647 -0.005067893 -0.775536478 0.027656870 0.005355306 0.999603152 40.582286835
0.999548674 0.010361454 -0.028196685 -1.108047247 -0.010452081 0.999940753 -0.003068888 -0.799477160 0.028163191 0.003362217 0.999597728 41.679351807
0.999522746 0.010118810 -0.029189451 -1.136710644 -0.010130771 0.999948680 -0.000262119 -0.826531351 0.029185280 0.000557706 0.999573886 42.770660400
0.999488771 0.011834457 -0.029700724 -1.163452268 -0.011856813 0.999929547 -0.000576824 -0.846182048 0.029691810 0.000928686 0.999558687 43.847728729
0.999462962 0.013015420 -0.030069942 -1.204445124 -0.013146280 0.999904990 -0.004158393 -0.869776964 0.030012963 0.004551469 0.999539196 44.920986176
0.999447227 0.014325205 -0.030001262 -1.248130918 -0.014584918 0.999858022 -0.008455915 -0.890514016 0.029875867 0.008888808 0.999514103 46.001346588
0.999439299 0.014888502 -0.029992243 -1.293543816 -0.015167371 0.999843717 -0.009092287 -0.912430286 0.029852187 0.009542093 0.999508798 47.077045441
0.999434590 0.015208250 -0.029985867 -1.317552805 -0.015393176 0.999863803 -0.005946038 -0.943332195 0.029891357 0.006404253 0.999532640 48.194293976
0.999435008 0.015527008 -0.029807709 -1.354625940 -0.015639994 0.999871314 -0.003561133 -0.970988750 0.029748578 0.004025313 0.999549389 49.282539368
0.999445677 0.014094979 -0.030160775 -1.392409086 -0.014182575 0.999895811 -0.002692447 -0.987379432 0.030119684 0.003118711 0.999541461 50.366889954
0.999448001 0.014328422 -0.029970426 -1.425970435 -0.014436216 0.999890029 -0.003383476 -1.014324665 0.029918656 0.003814267 0.999545038 51.464427948
0.999475121 0.014096781 -0.029169323 -1.469427943 -0.014257955 0.999884188 -0.005324769 -1.038067102 0.029090872 0.005737864 0.999560297 52.552268982
0.999485433 0.014168785 -0.028781826 -1.503468275 -0.014395448 0.999866903 -0.007683210 -1.058326244 0.028669126 0.008093578 0.999556184 53.645172119
0.999502003 0.013193161 -0.028668098 -1.539717793 -0.013482005 0.999860048 -0.009905506 -1.093092203 0.028533397 0.010287073 0.999539912 54.741348267
0.999525547 0.011664584 -0.028504834 -1.574413776 -0.012044616 0.999840438 -0.013197263 -1.124363422 0.028346345 0.013534334 0.999506474 55.823848724
0.999536216 0.009876931 -0.028804565 -1.599912167 -0.010311003 0.999834955 -0.014960364 -1.155482054 0.028652046 0.015250431 0.999473095 56.910999298
0.999581277 0.008119763 -0.027770424 -1.640598536 -0.008467169 0.999887049 -0.012415488 -1.191482782 0.027666479 0.012645428 0.999537170 57.990413666
0.999588788 0.006743673 -0.027868262 -1.670698404 -0.006937369 0.999952376 -0.006859710 -1.213232517 0.027820677 0.007050218 0.999588072 59.096092224
0.999605775 0.005116301 -0.027606074 -1.701341629 -0.005135976 0.999986589 -0.000641955 -1.237615943 0.027602421 0.000783481 0.999618649 60.187637329
0.999617696 0.003644094 -0.027407505 -1.733356118 -0.003655292 0.999993205 -0.000358612 -1.255977035 0.027406000 0.000458651 0.999624252 61.282283783
0.999617815 0.000418385 -0.027641946 -1.758627415 -0.000512837 0.999994099 -0.003410105 -1.272912502 0.027640339 0.003422971 0.999612093 62.377693176
0.999629319 -0.000994253 -0.027208565 -1.796603799 0.000810470 0.999976814 -0.006764899 -1.291230202 0.027214648 0.006740334 0.999606907 63.466064453
0.999627411 0.001274902 -0.027262487 -1.834037900 -0.001560971 0.999943852 -0.010474643 -1.329528093 0.027247591 0.010513300 0.999573350 64.562232971
0.999623239 0.001434652 -0.027408572 -1.864658356 -0.001842062 0.999888122 -0.014845080 -1.355157614 0.027384199 0.014889978 0.999514043 65.656021118
0.999638855 0.004387709 -0.026510904 -1.909537673 -0.004801236 0.999867499 -0.015555156 -1.385235667 0.026439130 0.015676828 0.999527395 66.756187439
0.999643147 0.008341536 -0.025378279 -1.958279371 -0.008643530 0.999892890 -0.011813770 -1.419905663 0.025277017 0.012028910 0.999608040 67.869583130
0.999636590 0.009637914 -0.025177762 -1.993955016 -0.009885050 0.999903977 -0.009710139 -1.446807384 0.025081761 0.009955491 0.999635696 68.962013245
0.999637723 0.008874012 -0.025410024 -2.021136284 -0.009108827 0.999916792 -0.009140597 -1.473875403 0.025326796 0.009368738 0.999635339 70.059059143
0.999645352 0.007992536 -0.025403690 -2.050393343 -0.008204218 0.999932468 -0.008239464 -1.504400015 0.025336133 0.008444959 0.999643207 71.169647217
0.999649704 0.006837029 -0.025569811 -2.082268715 -0.007008117 0.999953687 -0.006607417 -1.533831954 0.025523463 0.006784298 0.999651134 72.261901855
0.999652982 0.005284402 -0.025809227 -2.114838600 -0.005410448 0.999973774 -0.004816292 -1.558308959 0.025783107 0.004954255 0.999655247 73.367378235
0.999629855 0.004385156 -0.026854450 -2.141141653 -0.004479627 0.999984026 -0.003458701 -1.579981923 0.026838863 0.003577715 0.999633372 74.459587097
0.999617159 0.003872116 -0.027398383 -2.174890280 -0.003989475 0.999983191 -0.004230015 -1.614942431 0.027381549 0.004337696 0.999615610 75.547683716
0.999606013 0.003700029 -0.027823359 -2.208645344 -0.003927995 0.999959111 -0.008143404 -1.638272166 0.027792087 0.008249484 0.999579608 76.633003235
0.999572158 0.004386694 -0.028920172 -2.236505985 -0.004683727 0.999936879 -0.010211346 -1.664713860 0.028873552 0.010342425 0.999529541 77.714096069
0.999553859 0.006454863 -0.029162236 -2.281474590 -0.006705954 0.999941289 -0.008520730 -1.692857623 0.029105514 0.008712488 0.999538362 78.798004150
0.999534667 0.007488414 -0.029570088 -2.321747303 -0.007618458 0.999961972 -0.004287783 -1.715147734 0.029536843 0.004511065 0.999553561 79.877349854
0.999503791 0.008449771 -0.030343276 -2.355817556 -0.008457381 0.999964237 -0.000122690 -1.744678497 0.030341152 0.000379256 0.999539554 80.959144592
0.999477327 0.009742039 -0.030827593 -2.398250580 -0.009735951 0.999952555 0.000347374 -1.762949467 0.030829525 -0.000047053 0.999524653 82.029098511
0.999474108 0.009752635 -0.030928072 -2.445416451 -0.009819536 0.999949813 -0.002012128 -1.781284332 0.030906901 0.002314772 0.999519587 83.092208862
0.999444485 0.009485718 -0.031949751 -2.475680828 -0.009571150 0.999951065 -0.002522003 -1.805684686 0.031924278 0.002826398 0.999486327 84.174766541
0.999435008 0.008634263 -0.032483123 -2.512926579 -0.008719089 0.999958992 -0.002470551 -1.831622601 0.032460473 0.002752379 0.999469221 85.229064941
0.999414802 0.007496937 -0.033376180 -2.551017523 -0.007578518 0.999968708 -0.002318404 -1.849114418 0.033357769 0.002569990 0.999440253 86.266975403
0.999402523 0.006610353 -0.033927176 -2.582989454 -0.006648536 0.999977410 -0.001012721 -1.874030709 0.033919726 0.001237678 0.999423742 87.302467346
0.999391913 0.006975432 -0.034165613 -2.625310183 -0.006920279 0.999974668 0.001732301 -1.896958113 0.034176830 -0.001494815 0.999414742 88.306297302
0.999358237 0.005812335 -0.035347927 -2.665716171 -0.005713752 0.999979615 0.002889347 -1.921271801 0.035364002 -0.002685527 0.999370873 89.283012390
0.999276996 0.004929718 -0.037699196 -2.703520536 -0.004823841 0.999984205 0.002898711 -1.940619111 0.037712887 -0.002714758 0.999285042 90.259231567
0.999148488 0.003965851 -0.041069619 -2.744592667 -0.003887753 0.999990404 0.001981129 -1.960071683 0.041077070 -0.001819771 0.999154329 91.188835144
0.999009848 0.003677647 -0.044336464 -2.794368744 -0.003635392 0.999992967 0.001033476 -1.979908466 0.044339933 -0.000871270 0.999016047 92.114181519
0.998864055 0.003848224 -0.047494136 -2.840883255 -0.003778812 0.999991596 0.001551148 -1.999472618 0.047499713 -0.001369920 0.998870373 93.012191772
0.998703539 0.004970946 -0.050660796 -2.890155792 -0.004843803 0.999984741 0.002632108 -2.017916679 0.050673116 -0.002383311 0.998712480 93.878692627
0.998548090 0.005608313 -0.053573966 -2.946146250 -0.005415204 0.999978364 0.003748952 -2.035873175 0.053593826 -0.003453400 0.998556852 94.721519470
0.998361230 0.007022557 -0.056793619 -2.997026443 -0.006731451 0.999963284 0.005315327 -2.050553560 0.056828856 -0.004924318 0.998371780 95.537712097
0.998215497 0.008079833 -0.059164401 -3.055848360 -0.007732839 0.999951541 0.006091495 -2.066855669 0.059210755 -0.005623121 0.998229563 96.325897217
0.998034120 0.010439980 -0.061797109 -3.105127573 -0.010053188 0.999927938 0.006566691 -2.084555149 0.061861228 -0.005932523 0.998067081 97.088546753
0.997818589 0.012036216 -0.064909898 -3.155174971 -0.011707348 0.999916673 0.005444517 -2.099932194 0.064970031 -0.004672717 0.997876227 97.818298340
0.997656703 0.013446974 -0.067083865 -3.217148542 -0.013345677 0.999909103 0.001957936 -2.120449543 0.067104116 -0.001058069 0.997745335 98.511619568
0.997449875 0.016182348 -0.069511570 -3.279242992 -0.016355811 0.999864459 -0.001926990 -2.130815506 0.069470979 0.003058993 0.997579217 99.189666748
0.997265041 0.017536752 -0.071797892 -3.322519779 -0.017909924 0.999829173 -0.004557011 -2.148999214 0.071705721 0.005830439 0.997408807 99.827682495
0.997153342 0.019599088 -0.072809234 -3.371637106 -0.020049544 0.999784052 -0.005461072 -2.164703846 0.072686493 0.006905315 0.997330904 100.444580078
0.997169912 0.022041844 -0.071876235 -3.424454451 -0.022467481 0.999734461 -0.005118690 -2.179152966 0.071744315 0.006719080 0.997400403 101.027320862
0.997349203 0.025675751 -0.068084165 -3.490387678 -0.025986508 0.999655545 -0.003682516 -2.194626093 0.067966148 0.005442021 0.997672737 101.598442078
0.997577667 0.028217329 -0.063581847 -3.508501053 -0.028413231 0.999593914 -0.002178892 -2.211360931 0.063494533 0.003980177 0.997974336 102.147079468
0.998029828 0.029073987 -0.055597506 -3.551267147 -0.029123837 0.999575794 -0.000086529 -2.226904869 0.055571385 0.001705568 0.998453319 102.666725159
0.998521805 0.029309420 -0.045772478 -3.575150251 -0.029227227 0.999569774 0.002463951 -2.240197659 0.045824990 -0.001122509 0.998948872 103.167556763
0.998992741 0.028800126 -0.034410380 -3.565201044 -0.028692855 0.999581695 0.003607143 -2.252295971 0.034499869 -0.002616181 0.999401271 103.630729675
0.999387622 0.027930688 -0.021081250 -3.565546274 -0.027859289 0.999605060 0.003672944 -2.262828112 0.021175506 -0.003083390 0.999770999 104.089179993
0.999594450 0.027908266 -0.005668150 -3.563298225 -0.027893448 0.999607325 0.002676192 -2.273140192 0.005740611 -0.002517007 0.999980330 104.527809143
0.999580383 0.026393903 0.011931140 -3.535758734 -0.026390642 0.999651670 -0.000430089 -2.285028219 -0.011938341 0.000115034 0.999928772 104.950057983
0.999100208 0.026085036 0.033440083 -3.513846159 -0.025933683 0.999651372 -0.004951907 -2.297729015 -0.033557598 0.004080223 0.999428451 105.368049622
0.998071015 0.023841765 0.057321187 -3.463449955 -0.023313116 0.999679506 -0.009873594 -2.307632446 -0.057538223 0.008518209 0.998306990 105.775726318
0.996161580 0.021922261 0.084743723 -3.405823708 -0.020906754 0.999698877 -0.012852246 -2.319063663 -0.084999956 0.011031193 0.996319890 106.189506531
0.993268311 0.018920613 0.114280254 -3.331415176 -0.017432343 0.999749899 -0.014008387 -2.331398964 -0.114516735 0.011921910 0.993349850 106.574104309
0.989001930 0.016565850 0.146971539 -3.248220444 -0.014431957 0.999774575 -0.015573645 -2.351774454 -0.147196397 0.013281276 0.989018023 106.929855347
0.983008742 0.014141458 0.183013648 -3.151142120 -0.011281489 0.999797642 -0.016658839 -2.371122837 -0.183212191 0.014311115 0.982969165 107.301506042
0.975159228 0.010901961 0.221236229 -3.035120010 -0.007213268 0.999821365 -0.017474212 -2.383473396 -0.221387193 0.015444300 0.975063622 107.663261414
0.965192080 0.009030872 0.261385828 -2.907939911 -0.004320188 0.999817848 -0.018590964 -2.396024227 -0.261506170 0.016814614 0.965055287 108.017158508
0.952990115 0.009402059 0.302855372 -2.779773712 -0.003776870 0.999809444 -0.019154187 -2.417902470 -0.302977741 0.017109903 0.952843964 108.330802917
0.937767744 0.011602641 0.347069234 -2.634166718 -0.004929807 0.999785721 -0.020103030 -2.427844763 -0.347228140 0.017140986 0.937623978 108.658020020
0.920093656 0.011998824 0.391514480 -2.458866119 -0.004902245 0.999805152 -0.019120524 -2.438346863 -0.391667634 0.015673369 0.919973135 108.979782104
0.899674296 0.010723009 0.436430216 -2.284244537 -0.003407584 0.999840319 -0.017541368 -2.453791142 -0.436548591 0.014294341 0.899567008 109.285491943
0.876678348 0.009912630 0.480974913 -2.089511871 -0.001382042 0.999835491 -0.018087003 -2.466910362 -0.481075048 0.015191750 0.876547694 109.558189392
0.851188421 0.011263129 0.524739385 -1.874984741 -0.000448230 0.999784946 -0.020732548 -2.479484081 -0.524860024 0.017412096 0.851010442 109.853668213
0.823479056 0.012785867 0.567202628 -1.665023804 0.000941471 0.999713778 -0.023902372 -2.501410246 -0.567345917 0.020217106 0.823231399 110.100997925
0.792313457 0.017401833 0.609866083 -1.432823181 -0.000540814 0.999612808 -0.027820203 -2.521892548 -0.610114038 0.021712497 0.792016089 110.367614746
0.758468628 0.023620855 0.651281357 -1.178256989 -0.003760274 0.999484837 -0.031870466 -2.532369614 -0.651698589 0.021723749 0.758166909 110.619003296
0.720969021 0.028509732 0.692380607 -0.907413483 -0.005486275 0.999356866 -0.035437100 -2.536639690 -0.692945480 0.021750461 0.720661819 110.865310669
0.681629777 0.028459247 0.731143594 -0.611885071 -0.003274064 0.999352038 -0.035846721 -2.556842089 -0.731689990 0.022040378 0.681281269 111.096115112
0.641130686 0.025971219 0.766992211 -0.299652100 0.000915939 0.999400616 -0.034606464 -2.570759535 -0.767431200 0.022889782 0.640722632 111.288337708
0.596597195 0.024134897 0.802177906 0.026447296 0.002996937 0.999473691 -0.032299772 -2.575739384 -0.802535176 0.021674026 0.596210897 111.499633789
0.552553713 0.022953229 0.833161116 0.357032776 0.003603635 0.999545634 -0.029926980 -2.590041161 -0.833469272 0.019538667 0.552219987 111.620277405
0.504503131 0.020498812 0.863166511 0.716037750 0.005538347 0.999620736 -0.026976425 -2.601123333 -0.863392055 0.018390201 0.504198313 111.786758423
0.453679442 0.016700568 0.891008377 1.086750031 0.008818185 0.999691367 -0.023227653 -2.612059593 -0.891121268 0.018394982 0.453392267 111.936309814
0.401253700 0.017104071 0.915807247 1.444370270 0.005292957 0.999765635 -0.020991180 -2.634693861 -0.915951610 0.013270110 0.401069164 112.067138672
0.349749714 0.021923034 0.936586559 1.835273743 0.002062282 0.999705732 -0.024170594 -2.646585226 -0.936840892 0.010385159 0.349601567 112.188682556
0.299506634 0.027466202 0.953698814 2.243463516 0.000922450 0.999576807 -0.029077163 -2.658434629 -0.954093695 0.009588541 0.299354553 112.284378052
0.252952635 0.029446406 0.967030525 2.650232315 0.002937080 0.999508739 -0.031203657 -2.672476768 -0.967474222 0.010733291 0.252741873 112.355285645
0.211821601 0.029259946 0.976870298 3.072353363 0.009870227 0.999436736 -0.032076102 -2.689926863 -0.977258503 0.016436346 0.211413413 112.403656006
0.176769122 0.029276831 0.983816922 3.505439758 0.018195052 0.999289632 -0.033006504 -2.699730873 -0.984084129 0.023735128 0.176110864 112.441902161
0.146191016 0.030588720 0.988783360 3.954294205 0.022388723 0.999163568 -0.034219995 -2.714977741 -0.989003003 0.027140252 0.145383880 112.482467651
0.117967054 0.028650494 0.992604136 4.429392815 0.020700648 0.999295533 -0.031303827 -2.738762617 -0.992801666 0.024240363 0.117290840 112.529167175
0.092234209 0.025376901 0.995413899 4.937146187 0.014476193 0.999535382 -0.026823325 -2.752891541 -0.995632052 0.016883833 0.091823995 112.579383850
0.068920553 0.021323515 0.997394383 5.424973965 0.009914451 0.999707580 -0.022058062 -2.773046970 -0.997572958 0.011408866 0.068688996 112.603248596
0.046321653 0.018837281 0.998749018 5.949314594 0.014220385 0.999708533 -0.019514909 -2.793001175 -0.998825490 0.015106556 0.046040282 112.609634399
0.026214212 0.019648150 0.999463260 6.486839294 0.021776585 0.999558330 -0.020221176 -2.810987473 -0.999419212 0.022294974 0.025774755 112.595207214
0.008942585 0.022178408 0.999714077 7.040761948 0.027218029 0.999378324 -0.022414420 -2.828121901 -0.999589562 0.027410686 0.008333366 112.577079773
-0.006113090 0.027424997 0.999605238 7.649784088 0.026416384 0.999279499 -0.027254505 -2.847337246 -0.999632418 0.026239337 -0.006833144 112.590599060
-0.016191080 0.032060720 0.999354720 8.242664337 0.025213690 0.999181211 -0.031646632 -2.857338428 -0.999550998 0.024685031 -0.016986176 112.568313599
-0.022921158 0.031663064 0.999235690 8.862114906 0.027125286 0.999150097 -0.031038124 -2.877738476 -0.999369144 0.026393123 -0.023760531 112.553619385
-0.025392026 0.028972104 0.999257684 9.511331558 0.033714667 0.999036193 -0.028108958 -2.892617702 -0.999108970 0.032975890 -0.026344324 112.531211853
-0.024943436 0.026991971 0.999324381 10.159598351 0.034284968 0.999070585 -0.026129343 -2.923256636 -0.999100804 0.033610038 -0.025845654 112.508872986
-0.022526618 0.026719410 0.999389052 10.848995209 0.033744603 0.999093533 -0.025950886 -2.945143461 -0.999176502 0.033139408 -0.023407847 112.493530273
-0.020967437 0.027281750 0.999407887 11.532462120 0.030679682 0.999174416 -0.026631720 -2.964886665 -0.999309301 0.030103119 -0.021787129 112.484291077
-0.019814042 0.028353520 0.999401569 12.242910385 0.029565191 0.999177277 -0.027760997 -2.988102198 -0.999366462 0.028997440 -0.020636028 112.477455139
-0.018955052 0.028811432 0.999405146 12.967916489 0.029023601 0.999179363 -0.028254455 -3.024682522 -0.999398947 0.028470768 -0.019775704 112.464660645
-0.018509533 0.028585970 0.999419928 13.716079712 0.028217526 0.999208033 -0.028057309 -3.046628952 -0.999430358 0.027681831 -0.019301493 112.462448120
-0.017505782 0.027267445 0.999474883 14.480213165 0.027335560 0.999267459 -0.026783004 -3.075098276 -0.999472976 0.026852347 -0.018238334 112.446342468
-0.017226826 0.026076855 0.999511540 15.246846199 0.028068583 0.999278545 -0.025587006 -3.100651979 -0.999457538 0.027614087 -0.017946344 112.438339233
-0.017437093 0.023449892 0.999572873 16.033098221 0.028890701 0.999319375 -0.022939958 -3.137309074 -0.999430478 0.028478350 -0.018102704 112.419494629
-0.018714696 0.021642534 0.999590635 16.824131012 0.026124859 0.999435008 -0.021150041 -3.166126251 -0.999483585 0.025718344 -0.019269524 112.413177490
-0.019955253 0.020885000 0.999582708 17.616228104 0.025709249 0.999461949 -0.020369226 -3.189187288 -0.999470174 0.025292043 -0.020481452 112.399047852
-0.021197436 0.018512631 0.999603927 18.414890289 0.027833760 0.999451876 -0.017919578 -3.210012674 -0.999387741 0.027442878 -0.021701094 112.382125854
-0.022253960 0.016812542 0.999611020 19.235881805 0.029517062 0.999433756 -0.016152428 -3.237015009 -0.999316454 0.029146120 -0.022737615 112.361701965
-0.023828257 0.015766308 0.999591649 20.056358337 0.026885675 0.999524117 -0.015124340 -3.270068645 -0.999354482 0.026514312 -0.024240809 112.343078613
-0.024575904 0.020646887 0.999484658 20.880485535 0.023598256 0.999520123 -0.020067368 -3.290130615 -0.999419451 0.023092922 -0.025051342 112.327857971
-0.025564047 0.025410108 0.999350071 21.726207733 0.025506509 0.999368072 -0.024758089 -3.317033529 -0.999347687 0.024857020 -0.026196016 112.315490723
-0.026459191 0.027081538 0.999282956 22.565635681 0.025621509 0.999323010 -0.026404213 -3.347300053 -0.999321461 0.024904503 -0.027135151 112.292411804
-0.028006196 0.024682611 0.999302983 23.405591965 0.022051845 0.999467075 -0.024068644 -3.382684708 -0.999364495 0.021362402 -0.028535575 112.272117615
-0.029432021 0.020373195 0.999359131 24.254116058 0.018987637 0.999623239 -0.019819375 -3.414845943 -0.999386430 0.018392142 -0.029807774 112.259841919
-0.029916899 0.014881151 0.999441683 25.113712311 0.017252540 0.999747932 -0.014369276 -3.447542667 -0.999403477 0.016813023 -0.030166101 112.245597839
-0.030020474 0.009312613 0.999505937 25.938720703 0.013414548 0.999870241 -0.008913101 -3.471498966 -0.999459207 0.013140344 -0.030141512 112.225685120
-0.029620793 0.008178801 0.999527872 26.804208755 0.010963096 0.999909043 -0.007857032 -3.496812820 -0.999501169 0.010725184 -0.029707756 112.204338074
-0.028841855 0.014962876 0.999471962 27.638830185 0.013756981 0.999799192 -0.014570788 -3.525607109 -0.999489307 0.013329465 -0.029041896 112.183128357
-0.027578730 0.026162561 0.999277174 28.470193863 0.016327661 0.999535799 -0.025718711 -3.554661989 -0.999486268 0.015606568 -0.027993092 112.157165527
-0.027216943 0.031565625 0.999130964 29.304103851 0.018069291 0.999353528 -0.031080438 -3.578342915 -0.999466181 0.017207671 -0.027769709 112.142402649
-0.026149344 0.025912963 0.999322057 30.141117096 0.019485580 0.999487281 -0.025407365 -3.615545750 -0.999468088 0.018807981 -0.026640857 112.126487732
-0.024988055 0.018081509 0.999524117 30.972019196 0.022166613 0.999600649 -0.017528720 -3.650944233 -0.999441981 0.021718061 -0.025378881 112.098114014
-0.024258548 0.014862838 0.999595165 31.800764084 0.023368565 0.999624729 -0.014296159 -3.682137012 -0.999432504 0.023012303 -0.024596768 112.076583862
-0.024828263 0.015821578 0.999566436 32.623992920 0.022658441 0.999626815 -0.015259716 -3.706382036 -0.999434888 0.022269744 -0.025177492 112.067985535
-0.025984483 0.016583245 0.999524713 33.432720184 0.018705811 0.999695420 -0.016099783 -3.738862038 -0.999487281 0.018278575 -0.026286773 112.052009583
-0.027985405 0.016657207 0.999469519 34.242698669 0.016502356 0.999732614 -0.016199518 -3.766215801 -0.999472082 0.016040251 -0.028252799 112.036331177
-0.030020189 0.016744245 0.999409080 35.051105499 0.016036648 0.999739110 -0.016268063 -3.792204380 -0.999420643 0.015538801 -0.030280860 112.012481689
-0.031968012 0.016782016 0.999347925 35.852100372 0.015228213 0.999751151 -0.016301647 -3.822414398 -0.999372840 0.014697153 -0.032215603 111.987983704
-0.034553654 0.016931647 0.999259293 36.675270081 0.012931290 0.999780357 -0.016493311 -3.851495743 -0.999319196 0.012351809 -0.034765001 111.977325439
-0.036412481 0.016365521 0.999202847 37.450477600 0.011634264 0.999805093 -0.015951416 -3.876401424 -0.999269068 0.011044158 -0.036595799 111.953819275
-0.038153026 0.015272903 0.999155223 38.238403320 0.012183814 0.999816060 -0.014817762 -3.903450727 -0.999197543 0.011608179 -0.038332101 111.920204163
-0.039876744 0.014990128 0.999092102 39.015716553 0.011337246 0.999829888 -0.014548695 -3.936596394 -0.999140322 0.010746798 -0.040039919 111.887115479
-0.042096049 0.016388753 0.998979151 39.810829163 0.011892903 0.999802828 -0.015901109 -3.956879854 -0.999042869 0.011211387 -0.042282671 111.868507385
-0.043029949 0.016797442 0.998932540 40.583950043 0.012492685 0.999789655 -0.016273718 -3.982737780 -0.998995662 0.011779090 -0.043230753 111.829254150
-0.043948997 0.015285252 0.998916864 41.349407196 0.014416090 0.999788523 -0.014664330 -4.013393402 -0.998929679 0.013755994 -0.044160057 111.793861389
-0.045714930 0.014516019 0.998849094 42.127407074 0.014363394 0.999800622 -0.013872469 -4.040508747 -0.998851120 0.013712687 -0.045914326 111.767631531
-0.047406908 0.014301387 0.998773336 42.889881134 0.013142562 0.999819815 -0.013692560 -4.065108299 -0.998789132 0.012477318 -0.047586329 111.741203308
-0.048393697 0.013242250 0.998740554 43.651588440 0.011316554 0.999855101 -0.012708689 -4.089390755 -0.998764098 0.010687281 -0.048536558 111.709632874
-0.049550451 0.011888556 0.998700857 44.389648438 0.009855310 0.999886215 -0.011413696 -4.117266178 -0.998722851 0.009276954 -0.049661987 111.683746338
-0.049863357 0.011683128 0.998687625 45.097118378 0.010372525 0.999883771 -0.011179231 -4.142897606 -0.998702168 0.009801477 -0.049978748 111.644844055
-0.050080072 0.014077799 0.998645902 45.802120209 0.010685039 0.999851048 -0.013558954 -4.167162895 -0.998688102 0.009991538 -0.050223034 111.615058899
-0.050433133 0.016958000 0.998583436 46.505821228 0.010651610 0.999808133 -0.016440842 -4.193306923 -0.998670638 0.009807356 -0.050604083 111.586677551
-0.050494730 0.018445536 0.998554051 47.203350067 0.008593865 0.999800444 -0.018033989 -4.216666222 -0.998687327 0.007670816 -0.050643187 111.556388855
-0.050728243 0.019423932 0.998523712 47.903995514 0.008485335 0.999783278 -0.019017350 -4.241631508 -0.998676419 0.007508086 -0.050882060 111.529312134
-0.050435416 0.019148154 0.998543799 48.599628448 0.009882853 0.999776840 -0.018672628 -4.266944885 -0.998678386 0.008926692 -0.050613400 111.493209839
-0.050852064 0.018643809 0.998532176 49.291496277 0.010571111 0.999779761 -0.018128745 -4.293395042 -0.998650253 0.009633704 -0.051037945 111.461929321
-0.050782103 0.019179875 0.998525560 49.971298218 0.006965598 0.999798000 -0.018850064 -4.312641621 -0.998685479 0.005998075 -0.050905447 111.428611755
-0.050795093 0.018818341 0.998531699 50.645046234 0.004127641 0.999817848 -0.018632611 -4.347256660 -0.998700559 0.003175136 -0.050863516 111.402648926
-0.050797019 0.017256502 0.998559773 51.332736969 0.005592941 0.999839962 -0.016994111 -4.373916149 -0.998693347 0.004721637 -0.050885402 111.373382568
-0.051665973 0.017045600 0.998518884 52.008430481 0.006725182 0.999837577 -0.016720133 -4.393501759 -0.998641789 0.005851360 -0.051772214 111.338546753
-0.054745063 0.015867667 0.998374224 52.666667938 0.002853740 0.999872148 -0.015734991 -4.425621510 -0.998496234 0.001987689 -0.054783344 111.298576355
-0.060527876 0.016057847 0.998037338 53.349544525 -0.000804432 0.999869466 -0.016136114 -4.442923546 -0.998166144 -0.001779536 -0.060507067 111.275085449
-0.066392146 0.020055510 0.997591972 54.009384155 0.003015591 0.999797463 -0.019899147 -4.465224266 -0.997789145 0.001687181 -0.066439174 111.222816467
-0.072874047 0.022828527 0.997079790 54.676010132 0.005623124 0.999731600 -0.022478255 -4.487135410 -0.997325301 0.003968621 -0.072982855 111.169456482
-0.080024242 0.024355276 0.996495247 55.351100922 0.004448133 0.999700248 -0.024076391 -4.512785435 -0.996782959 0.002505847 -0.080108598 111.114974976
-0.086457811 0.023585606 0.995976150 56.038391113 0.000590411 0.999720871 -0.023623021 -4.536427975 -0.996255398 -0.001454360 -0.086447582 111.063476562
-0.091465987 0.022220556 0.995560169 56.720481873 0.000233969 0.999751568 -0.022292601 -4.567599773 -0.995808125 -0.001806085 -0.091448449 110.997085571
-0.096351400 0.022747103 0.995087385 57.403278351 -0.002101143 0.999731898 -0.023056719 -4.594009399 -0.995345294 -0.004312370 -0.096277773 110.940292358
-0.100658111 0.022449201 0.994667768 58.104629517 -0.003981683 0.999728382 -0.022966348 -4.611365318 -0.994913101 -0.006272205 -0.100541368 110.881454468
-0.103108183 0.019033505 0.994488001 58.807785034 -0.003712939 0.999802589 -0.019520173 -4.638268471 -0.994663358 -0.005705166 -0.103017159 110.808715820
-0.104393356 0.015596692 0.994413853 59.525367737 -0.001818505 0.999872386 -0.015873209 -4.667490005 -0.994534433 -0.003465407 -0.104351684 110.729537964
-0.106242582 0.012114163 0.994266450 60.243865967 -0.002888394 0.999917805 -0.012491659 -4.699591160 -0.994336069 -0.004198982 -0.106198870 110.660751343
-0.107381150 0.011797577 0.994147956 60.965362549 -0.003615458 0.999918342 -0.012256567 -4.720207214 -0.994211495 -0.004910428 -0.107329741 110.585548401
-0.108076535 0.016486285 0.994005859 61.688407898 -0.000379663 0.999861717 -0.016624687 -4.732003689 -0.994142473 -0.002174120 -0.108055308 110.512115479
-0.108093068 0.020474646 0.993929982 62.423728943 0.005472884 0.999784887 -0.020000068 -4.754832268 -0.994125724 0.003277799 -0.108181871 110.427169800
-0.109036341 0.025986984 0.993698061 63.173622131 0.013181825 0.999608040 -0.024695132 -4.777203560 -0.993950248 0.010406092 -0.109336175 110.342987061
-0.109352745 0.026435439 0.993651509 63.922340393 0.013183628 0.999596953 -0.025142737 -4.808656693 -0.993915498 0.010350507 -0.109657168 110.258934021
-0.110253632 0.024397008 0.993604064 64.678070068 0.011092975 0.999666572 -0.023314957 -4.834474564 -0.993841588 0.008451471 -0.110487513 110.185501099
-0.109858304 0.019535685 0.993755281 65.422752380 0.012314452 0.999756992 -0.018292321 -4.863413334 -0.993870854 0.010227990 -0.110072151 110.098121643
-0.109640159 0.017624881 0.993815124 66.167427063 0.014407277 0.999765933 -0.016140973 -4.889248848 -0.993866861 0.012548470 -0.109868437 110.013458252
-0.110457614 0.016927481 0.993736684 66.904487610 0.013846110 0.999784231 -0.015491449 -4.918198109 -0.993784368 0.012048237 -0.110668138 109.932312012
-0.112515762 0.017800150 0.993490517 67.646850586 0.013020939 0.999780118 -0.016438186 -4.944738388 -0.993564606 0.011086622 -0.112722792 109.856384277
-0.114506692 0.018452633 0.993251145 68.385101318 0.012595898 0.999774218 -0.017121708 -4.968767166 -0.993342578 0.010550339 -0.114713266 109.774673462
-0.116997942 0.018798532 0.992954195 69.124877930 0.013571776 0.999757767 -0.017328197 -4.995001316 -0.993039310 0.011448788 -0.117224731 109.690048218
-0.118763179 0.019087546 0.992739081 69.865615845 0.013968342 0.999748409 -0.017551253 -5.017733574 -0.992824316 0.011782477 -0.118999928 109.601928711
-0.120703809 0.018636722 0.992513537 70.612144470 0.013712281 0.999759614 -0.017105175 -5.043662071 -0.992593765 0.011544968 -0.120930351 109.511657715
-0.122326598 0.018832359 0.992311239 71.358482361 0.011373153 0.999780953 -0.017572101 -5.068928242 -0.992424905 0.009136172 -0.122513950 109.423858643
-0.123374984 0.020345882 0.992151558 72.109779358 0.011480964 0.999752223 -0.019074077 -5.095178604 -0.992293656 0.009037592 -0.123578005 109.333854675
-0.124269865 0.020589659 0.992034853 72.877304077 0.010209375 0.999758363 -0.019471053 -5.120076180 -0.992195845 0.007708388 -0.124450043 109.246749878
-0.125516623 0.021031991 0.991868556 73.631843567 0.009973071 0.999751568 -0.019937092 -5.142909050 -0.992041349 0.007389538 -0.125695184 109.149002075
-0.126752809 0.019597566 0.991740704 74.421730042 0.010542235 0.999774992 -0.018408939 -5.162413120 -0.991878331 0.008121777 -0.126930892 109.059097290
-0.127492890 0.017203638 0.991690278 75.201873779 0.008579498 0.999831319 -0.016241876 -5.186966896 -0.991802275 0.006437482 -0.127619013 108.961898804
-0.129609898 0.015258235 0.991447687 75.989585876 0.004976487 0.999879062 -0.014737425 -5.208585262 -0.991552532 0.003023812 -0.129670113 108.871582031
-0.131765679 0.014323383 0.991177320 76.771896362 0.006030058 0.999888599 -0.013647645 -5.236291409 -0.991262555 0.004178564 -0.131837383 108.766784668
-0.133519918 0.015224198 0.990929186 77.571479797 0.007328436 0.999869764 -0.014374111 -5.256452560 -0.991019011 0.005342729 -0.133614108 108.666137695
-0.135603175 0.016646566 0.990623295 78.363914490 0.006918319 0.999850333 -0.015854590 -5.276513577 -0.990738988 0.004703514 -0.135698020 108.556587219
-0.137621865 0.019827645 0.990286410 79.162239075 0.007842674 0.999790072 -0.018928019 -5.306324482 -0.990453899 0.005161582 -0.137748465 108.454895020
-0.137849748 0.023733955 0.990168750 79.963981628 0.010245510 0.999693513 -0.022535898 -5.335073471 -0.990400136 0.007038215 -0.138050660 108.340644836
-0.138842225 0.027442703 0.989934206 80.780494690 0.010890300 0.999597728 -0.026183184 -5.372888565 -0.990254581 0.007145342 -0.139085233 108.224357605
-0.138862625 0.029070074 0.989884853 81.606307983 0.013211586 0.999534428 -0.027500110 -5.399010181 -0.990223467 0.009259203 -0.139182046 108.112640381
-0.138158321 0.027993968 0.990014434 82.438163757 0.016520649 0.999526441 -0.025957445 -5.435992241 -0.990272462 0.012769436 -0.138555378 107.995773315
-0.137998551 0.025906729 0.990093529 83.262977600 0.017249504 0.999568999 -0.023750439 -5.470235825 -0.990282178 0.013801087 -0.138385966 107.875366211
-0.136630908 0.024185117 0.990326762 84.085189819 0.016509743 0.999618530 -0.022134263 -5.501983166 -0.990484536 0.013325810 -0.136978090 107.755035400
-0.135609135 0.021862766 0.990521193 84.955955505 0.015775047 0.999677360 -0.019905146 -5.530993938 -0.990636945 0.012926195 -0.135910258 107.663558960
-0.134340420 0.018695030 0.990758896 85.813293457 0.016229631 0.999729395 -0.016663667 -5.558379173 -0.990802407 0.013841046 -0.134607494 107.558372498
-0.132552028 0.015299614 0.991057992 86.663635254 0.016456377 0.999777079 -0.013233202 -5.586953640 -0.991039515 0.014555134 -0.132774264 107.445350647
-0.130566642 0.015206126 0.991322935 87.507255554 0.014799654 0.999800861 -0.013386913 -5.612875938 -0.991329014 0.012923348 -0.130765706 107.336891174
-0.129193202 0.019301074 0.991431594 88.359352112 0.015510154 0.999727607 -0.017441452 -5.643246174 -0.991498172 0.013123936 -0.129457340 107.229331970
-0.127164185 0.025816791 0.991545498 89.209533691 0.016754143 0.999574602 -0.023877146 -5.669653893 -0.991740167 0.013576181 -0.127542600 107.122116089
-0.125672653 0.029363124 0.991637051 90.064025879 0.014867831 0.999505341 -0.027711878 -5.698373318 -0.991960347 0.011260867 -0.126047030 107.017456055
-0.124393143 0.026628669 0.991875648 90.914649963 0.012759283 0.999600053 -0.025235876 -5.732126236 -0.992150962 0.009516452 -0.124683164 106.918334961
