0.141528666 0.055219248 -0.988392889 145.294372559 -0.041971989 0.997879982 0.049739271 -9.058174133 0.989043951 0.034445278 0.143546283 161.534347534
0.140262276 0.050718375 -0.988814533 144.344238281 -0.041127980 0.998123646 0.045361906 -9.018974304 0.989259779 0.034305375 0.142085046 161.666030884
0.140200660 0.049624983 -0.988878727 143.391494751 -0.042010862 0.998141944 0.044133648 -8.991127968 0.989231408 0.035356078 0.142024949 161.785171509
0.137777731 0.049980886 -0.989201307 142.424682617 -0.043849248 0.998054504 0.044320814 -8.963005066 0.989492059 0.037269305 0.139701307 161.909255981
0.134681478 0.050550748 -0.989598691 141.453369141 -0.043214373 0.998047233 0.045100976 -8.931819916 0.989946187 0.036690615 0.136602983 162.040527344
0.130209744 0.051206980 -0.990163207 140.474655151 -0.041706245 0.998064399 0.046131078 -8.903476715 0.990608931 0.035289276 0.132093355 162.164321899
0.125353530 0.050832856 -0.990808964 139.492523193 -0.039623685 0.998146176 0.046196241 -8.871488571 0.991320550 0.033468645 0.127135321 162.284652710
0.119965777 0.051121466 -0.991460919 138.488037109 -0.040187843 0.998104811 0.046601340 -8.840778351 0.991964340 0.034254115 0.121792875 162.395812988
0.114766605 0.051152494 -0.992074668 137.487487793 -0.040720284 0.998076200 0.046751287 -8.807498932 0.992557585 0.035032064 0.116628759 162.510742188
0.109746277 0.052721485 -0.992560506 136.485122681 -0.041972168 0.997947335 0.048366811 -8.769578934 0.993073165 0.036351826 0.111733824 162.611816406
0.105238818 0.053898860 -0.992985249 135.474517822 -0.043629304 0.997818887 0.049537301 -8.737737656 0.993489504 0.038109999 0.107360840 162.712173462
0.101439811 0.053143017 -0.993421197 134.459487915 -0.044571690 0.997812212 0.048826631 -8.703357697 0.993842661 0.039325494 0.103586555 162.802841187
0.098749474 0.049661670 -0.993872285 133.442077637 -0.044073809 0.997992098 0.045488428 -8.668494225 0.994135797 0.039311778 0.100739963 162.897552490
0.096709803 0.046006493 -0.994248688 132.417984009 -0.045111019 0.998107135 0.041797120 -8.636258125 0.994289756 0.040809382 0.098602146 162.990081787
0.095286563 0.044499945 -0.994454801 131.375854492 -0.043737870 0.998222709 0.040477682 -8.608538628 0.994488537 0.039638348 0.097063549 163.085800171
0.093841769 0.044394501 -0.994596899 130.334243774 -0.041000355 0.998330176 0.040692691 -8.580093384 0.994742393 0.036960144 0.095505275 163.183898926
0.093753569 0.045665089 -0.994547606 129.281906128 -0.038662750 0.998360991 0.042195540 -8.549286842 0.994844377 0.034495965 0.095365457 163.277389526
0.093617253 0.048781183 -0.994412482 128.223144531 -0.037775420 0.998253703 0.045413319 -8.515396118 0.994891286 0.033312876 0.095296532 163.371170044
0.092937365 0.051789697 -0.994324088 127.160774231 -0.036736611 0.998144686 0.048554994 -8.481437683 0.994993985 0.032015521 0.094667502 163.470993042
0.092458457 0.053420935 -0.994282544 126.104316711 -0.036748912 0.998062491 0.050206751 -8.443883896 0.995038211 0.031896755 0.094242491 163.562728882
0.091784552 0.054521859 -0.994285107 125.021987915 -0.038940836 0.997932732 0.051127158 -8.409623146 0.995017111 0.034025613 0.093717940 163.655487061
0.091187462 0.055303153 -0.994296908 123.953514099 -0.039370969 0.997876406 0.051891506 -8.369550705 0.995055079 0.034414582 0.093171164 163.753143311
0.090420388 0.055872835 -0.994335115 122.885520935 -0.041154869 0.997781873 0.052324057 -8.334493637 0.995052934 0.036190577 0.092519261 163.847885132
0.091091946 0.055167798 -0.994313300 121.798400879 -0.041547719 0.997805536 0.051555257 -8.295457840 0.994975388 0.036615178 0.093184158 163.937088013
0.091171183 0.053734120 -0.994384468 120.729888916 -0.043212708 0.997816145 0.049957551 -8.252857208 0.994897246 0.038415357 0.093294069 164.028335571
0.091795363 0.053181369 -0.994356692 119.650955200 -0.044889927 0.997778654 0.049220312 -8.216707230 0.994765520 0.040118404 0.093978778 164.118942261
0.092402004 0.053047985 -0.994307578 118.570594788 -0.044372760 0.997807145 0.049111079 -8.189882278 0.994732499 0.039582212 0.094553277 164.212478638
0.092940986 0.053060211 -0.994256794 117.505187988 -0.044427235 0.997805476 0.049096629 -8.153888702 0.994679928 0.039608985 0.095094346 164.309020996
0.093760028 0.052908190 -0.994188011 116.434204102 -0.044131584 0.997826278 0.048939846 -8.120254517 0.994616210 0.039286483 0.095891148 164.403732300
0.093702264 0.052740481 -0.994202375 115.365089417 -0.043117337 0.997873962 0.048871502 -8.086861610 0.994666159 0.038287982 0.095777079 164.501419067
0.094216026 0.052506655 -0.994166195 114.294013977 -0.043418895 0.997874737 0.048587762 -8.058012009 0.994604409 0.038587853 0.096295588 164.599700928
0.094223097 0.052293509 -0.994176745 113.219024658 -0.043848246 0.997868419 0.048331972 -8.019283295 0.994584978 0.039038915 0.096315227 164.697677612
0.094532683 0.053582150 -0.994078755 112.154220581 -0.043716244 0.997810662 0.049626075 -7.982319832 0.994561374 0.038766097 0.096668147 164.792495728
0.094108880 0.053573597 -0.994119465 111.091125488 -0.043144770 0.997832358 0.049689371 -7.950668812 0.994626582 0.038214840 0.096216314 164.895034790
0.094397366 0.052968029 -0.994124532 109.994071960 -0.044217758 0.997821212 0.048966285 -7.922816753 0.994552195 0.039335664 0.096533805 164.985824585
0.094316825 0.052922022 -0.994134605 108.922981262 -0.044677913 0.997804999 0.048878673 -7.886017799 0.994539201 0.039805781 0.096474230 165.079040527
0.093198277 0.054785747 -0.994139135 107.856269836 -0.044919312 0.997699618 0.050770883 -7.851864815 0.994633734 0.039924283 0.095444821 165.180145264
0.092928536 0.056904446 -0.994045317 106.778610229 -0.044960905 0.997586966 0.052904006 -7.813928604 0.994657040 0.039776884 0.095262781 165.270187378
0.092267752 0.057130508 -0.994093955 105.711158752 -0.045753539 0.997541487 0.053081974 -7.775676727 0.994682431 0.040585555 0.094654843 165.362564087
0.092282198 0.056424540 -0.994132936 104.641525269 -0.046817228 0.997534931 0.052271731 -7.735582829 0.994631648 0.041718788 0.094696358 165.454360962
0.092338614 0.056334537 -0.994132757 103.545890808 -0.047208287 0.997523308 0.052141786 -7.700238705 0.994607925 0.042116605 0.094769374 165.554016113
0.093524426 0.058118973 -0.993919194 102.471992493 -0.050957702 0.997265756 0.053519715 -7.658744335 0.994312167 0.045642428 0.096230306 165.645050049
0.095626436 0.057632942 -0.993747532 101.414726257 -0.055213258 0.997092664 0.052513883 -7.624082088 0.993884861 0.049846314 0.098530531 165.731567383
0.097612724 0.054029644 -0.993756950 100.343704224 -0.057162784 0.997181296 0.048600957 -7.593381882 0.993581474 0.052061830 0.100426078 165.836837769
0.101358451 0.049563620 -0.993614614 99.288345337 -0.060854644 0.997196853 0.043534532 -7.560926437 0.992986977 0.056053467 0.104090504 165.937789917
0.104748219 0.048544921 -0.993313193 98.204780579 -0.062825367 0.997135818 0.042106591 -7.525424957 0.992512345 0.057994671 0.107498050 166.036285400
0.108495787 0.050929010 -0.992791414 97.129669189 -0.062395230 0.997066557 0.044329543 -7.494059563 0.992136717 0.057135880 0.111355253 166.147994995
0.111752868 0.054059327 -0.992264569 96.061073303 -0.060832743 0.997018695 0.047467101 -7.462182045 0.991872311 0.055057585 0.114708260 166.271316528
0.114615612 0.055817515 -0.991840422 94.990341187 -0.059062436 0.997036874 0.049284775 -7.434045792 0.991652548 0.052931711 0.117572717 166.401077271
0.117842883 0.057799272 -0.991348624 93.920974731 -0.057460260 0.997028828 0.051300067 -7.396974564 0.991368413 0.050917801 0.120813914 166.530868530
0.121086434 0.058377240 -0.990923822 92.838592529 -0.056548025 0.997053623 0.051828444 -7.360505104 0.991029918 0.049759060 0.124030806 166.662109375
0.124182247 0.059014320 -0.990502954 91.765403748 -0.057776891 0.996966183 0.052155741 -7.324451447 0.990575910 0.050751362 0.127215162 166.791320801
0.126738578 0.057919521 -0.990243793 90.688949585 -0.056475461 0.997095764 0.051092163 -7.287356377 0.990327179 0.049449120 0.129641533 166.926666260
0.128865108 0.054945212 -0.990138769 89.601989746 -0.056540787 0.997246683 0.047980938 -7.251378536 0.990049005 0.049800154 0.131616950 167.064193726
0.130881444 0.051290374 -0.990070403 88.529792786 -0.055499230 0.997473776 0.044337243 -7.219206810 0.989843309 0.049145214 0.133397415 167.201644897
0.131879956 0.049435806 -0.990032196 87.442359924 -0.054194923 0.997621417 0.042595580 -7.184288025 0.989783049 0.048037212 0.134245455 167.350219727
0.131839678 0.050461967 -0.989985764 86.360229492 -0.052592102 0.997653008 0.043848913 -7.157661915 0.989874899 0.046284407 0.134184122 167.492355347
0.131614223 0.051808085 -0.989946246 85.275314331 -0.047995262 0.997795284 0.045837842 -7.127597332 0.990138531 0.041479815 0.133810565 167.639038086
0.131216347 0.052119948 -0.989982724 84.182014465 -0.044473179 0.997921169 0.046643227 -7.100602150 0.990355611 0.037907321 0.133261517 167.782302856
0.130518749 0.051229987 -0.990121365 83.094802856 -0.042124607 0.998048842 0.046087258 -7.069272041 0.990550458 0.035693213 0.132422134 167.925262451
0.129144162 0.051865183 -0.990268528 82.000976562 -0.039633941 0.998103261 0.047106735 -7.026855469 0.990833402 0.033164680 0.130954832 168.071258545
0.127645746 0.056830082 -0.990190327 80.889167786 -0.038311023 0.997894526 0.052333567 -6.994381428 0.991079569 0.031255048 0.129554212 168.203414917
0.124531887 0.060872246 -0.990346551 79.767547607 -0.037196994 0.997701108 0.056646936 -6.949408531 0.991518080 0.029783569 0.126509860 168.357955933
0.121652566 0.058933992 -0.990821660 78.665306091 -0.035357609 0.997859597 0.055011418 -6.904093742 0.991942763 0.028340805 0.123475939 168.491409302
0.118813418 0.051100377 -0.991600811 77.560394287 -0.034209512 0.998292625 0.047346245 -6.873767853 0.992327094 0.028296810 0.120358676 168.603576660
0.115784563 0.045479212 -0.992232680 76.446311951 -0.032864373 0.998579681 0.041935153 -6.837997913 0.992730498 0.027753660 0.117114760 168.726776123
0.112211585 0.046351980 -0.992602766 75.312469482 -0.032541484 0.998547077 0.042950824 -6.795777798 0.993151307 0.027481185 0.113556929 168.852767944
0.109049819 0.050880134 -0.992733181 74.187507629 -0.031865973 0.998354912 0.047667827 -6.768500328 0.993525207 0.026436245 0.110491760 168.973587036
0.106292903 0.052351058 -0.992955744 73.044860840 -0.032543492 0.998261273 0.049147084 -6.724970818 0.993802071 0.027090259 0.107811749 169.084442139
0.103672117 0.052669626 -0.993215978 71.913177490 -0.034284171 0.998192847 0.049354937 -6.683314323 0.994020402 0.028934859 0.105290473 169.192337036
0.101202533 0.054209679 -0.993387818 70.769165039 -0.035290569 0.998081565 0.050870549 -6.649496078 0.994239688 0.029908992 0.102921471 169.305786133
0.099323250 0.055743057 -0.993492663 69.620086670 -0.034555245 0.998020589 0.052542504 -6.607311249 0.994454980 0.029111685 0.101052873 169.413009644
0.097208589 0.055475447 -0.993716657 68.481765747 -0.033449762 0.998063445 0.052445933 -6.564638138 0.994701684 0.028141398 0.098875977 169.523559570
0.095379747 0.054022737 -0.993973970 67.315689087 -0.031615891 0.998186946 0.051217914 -6.523446083 0.994938731 0.026540216 0.096914798 169.631820679
0.092902541 0.052903034 -0.994268715 66.160766602 -0.030485511 0.998270392 0.050267451 -6.479885101 0.995208383 0.025640808 0.094354622 169.740356445
0.090997145 0.052120890 -0.994486272 65.004669189 -0.030831890 0.998298109 0.049499501 -6.441329002 0.995373785 0.026157569 0.092449278 169.836608887
0.088990256 0.051845144 -0.994682252 63.836284637 -0.031059936 0.998303175 0.049255069 -6.403310299 0.995548189 0.026511537 0.090449557 169.931701660
0.086703882 0.053937562 -0.994772851 62.662475586 -0.031496607 0.998182595 0.051377203 -6.359832287 0.995736063 0.026877368 0.088245153 170.026367188
0.083710372 0.057303336 -0.994841218 61.494018555 -0.031657070 0.997994184 0.054821193 -6.319997787 0.995987117 0.026904646 0.085356526 170.130172729
0.080875725 0.057468168 -0.995066106 60.329135895 -0.032256853 0.997964442 0.055013828 -6.275364876 0.996202052 0.027648415 0.082564846 170.212020874
0.077538997 0.056621987 -0.995380163 59.149253845 -0.033122428 0.997981131 0.054189753 -6.226613045 0.996438861 0.028767586 0.079257920 170.309249878
0.076335870 0.056504760 -0.995479822 57.996082306 -0.033190262 0.997983634 0.054101776 -6.189369202 0.996529579 0.028910326 0.078057371 170.379302979
0.074833982 0.056230668 -0.995609462 56.830337524 -0.033648957 0.997982740 0.053835530 -6.145751953 0.996628165 0.029472483 0.076575130 170.464782715
0.073237002 0.056580495 -0.995708227 55.666648865 -0.034188274 0.997945070 0.054192957 -6.115672112 0.996728420 0.030072616 0.075020865 170.540328979
0.071381435 0.057725336 -0.995777249 54.509880066 -0.034106344 0.997881472 0.055402428 -6.078835011 0.996865809 0.030007618 0.073198982 170.623458862
0.070333101 0.057884499 -0.995842695 53.359317780 -0.034077112 0.997871697 0.055595681 -6.035200119 0.996941388 0.030025220 0.072155923 170.695648193
0.069373563 0.057097610 -0.995955408 52.203647614 -0.032745551 0.997953057 0.054931235 -5.991861343 0.997053146 0.028802333 0.071101241 170.771347046
0.068324216 0.056267425 -0.996075213 51.041240692 -0.033796072 0.997965872 0.054056037 -5.951532364 0.997090578 0.029970085 0.070086874 170.842926025
0.066772543 0.055490524 -0.996224046 49.889877319 -0.032489982 0.998043776 0.053414229 -5.911191940 0.997239113 0.028800692 0.068444818 170.925521851
0.065966561 0.053418510 -0.996390879 48.752342224 -0.033881109 0.998110056 0.051267553 -5.873837471 0.997246385 0.030376883 0.067651771 170.983673096
0.065542698 0.048765704 -0.996657491 47.605087280 -0.031587068 0.998405933 0.046774007 -5.838224411 0.997349679 0.028415790 0.066978596 171.056777954
0.064324245 0.045830633 -0.996876061 46.482994080 -0.031651657 0.998535991 0.043864593 -5.812654018 0.997426987 0.028731225 0.065680690 171.114166260
0.063175589 0.045812637 -0.996950269 45.333766937 -0.029608790 0.998592138 0.044011805 -5.779988289 0.997563183 0.026738022 0.064443104 171.193435669
0.061262466 0.049713217 -0.996882856 44.191287994 -0.027135042 0.998472691 0.048124935 -5.747084141 0.997752845 0.024102213 0.062517859 171.260269165
0.060112044 0.052668940 -0.996801138 43.086883545 -0.026317088 0.998343468 0.051163387 -5.717500687 0.997844577 0.023157366 0.061398569 171.324859619
0.058574338 0.053654689 -0.996840119 41.961483002 -0.026790049 0.998279512 0.052157976 -5.680057049 0.997923493 0.023650276 0.059910972 171.391555786
0.056980021 0.053999331 -0.996913910 40.846828461 -0.027510464 0.998242021 0.052498870 -5.647082806 0.997996211 0.024434175 0.058365401 171.454376221
0.056127332 0.055504858 -0.996879578 39.744197845 -0.029208805 0.998117447 0.053929240 -5.608490467 0.997996211 0.026090758 0.057642899 171.504272461
0.054661982 0.058550589 -0.996786773 38.647216797 -0.031528465 0.997882724 0.056886010 -5.573783875 0.998006940 0.028317653 0.056392256 171.559570312
0.053637728 0.059609231 -0.996779680 37.559040070 -0.033745300 0.997754693 0.057851672 -5.531420708 0.997990012 0.030533593 0.055528827 171.604034424
0.052547973 0.059692778 -0.996832728 36.482063293 -0.034953564 0.997710168 0.057902746 -5.499078751 0.998006463 0.031800177 0.054514114 171.649963379
0.051244285 0.059487615 -0.996912837 35.415920258 -0.035905361 0.997688770 0.057688273 -5.458776951 0.998040438 0.032838315 0.053261746 171.703323364
0.049739514 0.060313482 -0.996939421 34.379981995 -0.037352946 0.997589052 0.058489151 -5.421186924 0.998063385 0.034329403 0.051872481 171.737319946
0.047785416 0.060458731 -0.997026265 33.340114594 -0.038219128 0.997546196 0.058658503 -5.378887177 0.998126149 0.035302445 0.049978860 171.794647217
0.045067232 0.061814558 -0.997069657 32.322540283 -0.038858905 0.997436762 0.060080916 -5.339072227 0.998227894 0.036037348 0.047353774 171.846527100
0.043698967 0.061918307 -0.997124135 31.323146820 -0.040182874 0.997378945 0.060173105 -5.302645683 0.998236239 0.037437815 0.046072491 171.874389648
0.042490855 0.061974846 -0.997172832 30.342191696 -0.040297955 0.997368515 0.060269840 -5.269588470 0.998283863 0.037623107 0.044876523 171.907257080
0.040499534 0.061325055 -0.997295856 29.375156403 -0.040931124 0.997378767 0.059667967 -5.229818821 0.998340905 0.038403913 0.042903494 171.938262939
0.039339159 0.060425721 -0.997397184 28.425281525 -0.040887449 0.997431219 0.058815107 -5.195134640 0.998389065 0.038467281 0.041708775 171.960693359
0.037048504 0.060403291 -0.997486234 27.477567673 -0.041678965 0.997396469 0.058849812 -5.160642624 0.998443902 0.039393891 0.039469574 172.000000000
0.035343841 0.059962392 -0.997574687 26.553340912 -0.042253580 0.997395575 0.058454581 -5.123635292 0.998481572 0.040085088 0.037785403 172.029876709
0.034466412 0.060575686 -0.997568309 25.655532837 -0.043563139 0.997303903 0.059054490 -5.093166828 0.998455942 0.041421808 0.037012335 172.055374146
0.034499407 0.061174911 -0.997530580 24.772203445 -0.044596974 0.997224867 0.059613772 -5.062575340 0.998409212 0.042430207 0.037131887 172.078674316
0.035110608 0.060617570 -0.997543275 23.905002594 -0.046680778 0.997168839 0.058951773 -5.030690193 0.998292625 0.044496268 0.037840884 172.106491089
0.038012285 0.060256336 -0.997458756 23.046821594 -0.048894677 0.997096956 0.058371127 -5.000916481 0.998080373 0.046551611 0.040848151 172.129623413
0.042254746 0.059175134 -0.997352958 22.201753616 -0.050908368 0.997075319 0.057001829 -4.971659184 0.997808993 0.048365004 0.045143679 172.158309937
0.047915321 0.058499422 -0.997137010 21.383262634 -0.051683910 0.997091413 0.056013197 -4.943536282 0.997513294 0.048852038 0.050799437 172.195434570
0.054694083 0.058125794 -0.996809900 20.573705673 -0.054243304 0.997003019 0.055160772 -4.915986061 0.997028708 0.051053286 0.057683103 172.236892700
0.063250557 0.057779904 -0.996323705 19.776752472 -0.054653283 0.997025132 0.054350976 -4.891658306 0.996500015 0.051014625 0.066220269 172.290847778
0.074122608 0.057454553 -0.995592713 18.981616974 -0.055352524 0.997036994 0.053416863 -4.864059925 0.995711744 0.051149171 0.077083223 172.347961426
0.085513942 0.057302076 -0.994687796 18.196598053 -0.055037241 0.997092128 0.052708987 -4.837677956 0.994815648 0.050237518 0.088419020 172.413406372
0.097044393 0.056147300 -0.993695080 17.435188293 -0.053306434 0.997267604 0.051143251 -4.813581944 0.993851542 0.048007172 0.099772252 172.498489380
0.108371660 0.056651756 -0.992494941 16.659103394 -0.051541269 0.997352362 0.051301170 -4.788188934 0.992773473 0.045594852 0.111004636 172.583801270
0.119760618 0.057097994 -0.991159558 15.908300400 -0.049757048 0.997435391 0.051447444 -4.760604858 0.991555095 0.043155789 0.122294508 172.681060791
0.130874306 0.058287226 -0.989683986 15.176810265 -0.048278958 0.997460485 0.052360877 -4.734869480 0.990222633 0.040928215 0.133355990 172.780166626
0.141084343 0.058887500 -0.988244653 14.449460030 -0.046098560 0.997537315 0.052860085 -4.712456226 0.988923669 0.038098920 0.143451512 172.887908936
0.150721148 0.057991825 -0.986873865 13.737196922 -0.040667728 0.997796595 0.052422661 -4.697996616 0.987739384 0.032232713 0.152747452 173.008850098
0.158788443 0.057242293 -0.985651791 13.039843559 -0.037694093 0.997941554 0.051883504 -4.677687645 0.986592829 0.028914751 0.160619259 173.134582520
0.166186690 0.057227124 -0.984432340 12.348705292 -0.035048287 0.998026669 0.052100714 -4.648790836 0.985471189 0.025844220 0.167864472 173.253570557
0.171029031 0.057588473 -0.983581483 11.687982559 -0.030213619 0.998127401 0.053186465 -4.641653061 0.984802604 0.020621127 0.172448710 173.371627808
0.173218951 0.057735115 -0.983189583 11.017595291 -0.026157575 0.998197854 0.054007970 -4.614882469 0.984535933 0.016362656 0.174416974 173.496475220
0.173881531 0.058110178 -0.983050525 10.365615845 -0.021949828 0.998238146 0.055125471 -4.594726562 0.984521925 0.011992493 0.174850672 173.613143921
0.172763199 0.058000628 -0.983254135 9.733297348 -0.018061172 0.998283386 0.055713728 -4.576951027 0.984797776 0.008133438 0.173514202 173.723602295
0.169930637 0.057901077 -0.983753443 9.107444763 -0.015886916 0.998303592 0.056013189 -4.551255703 0.985327959 0.006110447 0.170562238 173.832092285
0.166087195 0.058625441 -0.984366834 8.497125626 -0.013167497 0.998274088 0.057232022 -4.533100605 0.986023068 0.003456134 0.166572511 173.937469482
0.161863595 0.058908623 -0.985053301 7.912252426 -0.010946546 0.998262405 0.057899829 -4.508795261 0.986752391 0.001411052 0.162227169 174.030990601
0.157546386 0.060020424 -0.985685885 7.342460632 -0.008878188 0.998196900 0.059363212 -4.490687370 0.987471759 -0.000601361 0.157795191 174.117904663
0.153124705 0.060958490 -0.986324906 6.784114838 -0.006388600 0.998135805 0.060696628 -4.468577385 0.988186181 -0.002992921 0.153228670 174.200546265
0.148678914 0.061448745 -0.986974478 6.255382538 -0.004920240 0.998101056 0.061400294 -4.448945999 0.988873243 -0.004272774 0.148698926 174.277450562
0.144052610 0.061263487 -0.987671793 5.744270325 -0.003602877 0.998107612 0.061385319 -4.426316261 0.989563406 -0.005284246 0.144000709 174.349212646
0.139530703 0.061514925 -0.988305092 5.264602661 -0.003023507 0.998090267 0.061697114 -4.416853905 0.990213037 -0.005620485 0.139450222 174.405990601
0.135439426 0.059802059 -0.988979161 4.805027008 -0.002375653 0.998193502 0.060033888 -4.399727345 0.990782678 -0.005781488 0.135336831 174.465789795
0.130999103 0.057312250 -0.989724457 4.369920731 -0.002528858 0.998343647 0.057476647 -4.383567333 0.991379142 -0.005026518 0.130927086 174.519760132
0.127246365 0.055421092 -0.990321577 3.950700760 -0.003415621 0.998456240 0.055437453 -4.370395184 0.991865158 -0.003671648 0.127239242 174.561889648
0.122982211 0.054695677 -0.990900457 3.569503784 -0.003695403 0.998498440 0.054656416 -4.363438129 0.992401838 -0.003059991 0.122999668 174.605041504
0.119609796 0.053343486 -0.991386950 3.204933167 -0.003236810 0.998571217 0.053339526 -4.345652580 0.992815614 -0.003170990 0.119611576 174.642410278
0.116196528 0.052286990 -0.991848946 2.859819412 -0.003571642 0.998628914 0.052225977 -4.331809521 0.993219733 -0.002525944 0.116223961 174.686264038
0.113448367 0.051572647 -0.992204428 2.563514709 -0.004776868 0.998668671 0.051362451 -4.322229862 0.993532419 -0.001087352 0.113543667 174.711196899
0.110612400 0.051605538 -0.992522955 2.275417328 -0.006354240 0.998667419 0.051216856 -4.315073013 0.993843317 0.000641511 0.110792890 174.736999512
0.108430602 0.051567558 -0.992765665 2.002752304 -0.007804573 0.998667002 0.051021677 -4.306502342 0.994073451 0.002215809 0.108688518 174.756317139
0.105736591 0.051434651 -0.993063092 1.756628036 -0.007945200 0.998673260 0.050879251 -4.302816391 0.994362533 0.002510289 0.106004938 174.783477783
0.103446141 0.050776467 -0.993338108 1.520215988 -0.007886911 0.998706579 0.050229542 -4.296907902 0.994603872 0.002638319 0.103712797 174.805160522
0.101668805 0.049163386 -0.993602753 1.296270370 -0.007578730 0.998787344 0.048644446 -4.293817520 0.994789422 0.002584628 0.101918109 174.826293945
0.099479362 0.046764150 -0.993940175 1.072864532 -0.007939464 0.998900533 0.046202905 -4.284844875 0.995007932 0.003295115 0.099741258 174.845916748
0.097735882 0.045348536 -0.994178712 0.871009827 -0.007972172 0.998964906 0.044783130 -4.281960487 0.995180547 0.003548843 0.097996235 174.862350464
0.095591910 0.044779446 -0.994412899 0.668854713 -0.006677937 0.998994112 0.044343796 -4.275269508 0.995398223 0.002401724 0.095794767 174.885452271
0.094326191 0.043767776 -0.994578838 0.464488029 -0.005731380 0.999040484 0.043420553 -4.268587589 0.995524824 0.001604615 0.094486527 174.885375977
0.092293620 0.041966014 -0.994847178 0.269977570 -0.006545165 0.999115467 0.041538861 -4.266872406 0.995710313 0.002677668 0.092486650 174.898773193
0.090079360 0.040751860 -0.995100558 0.063283920 -0.007284471 0.999162793 0.040258806 -4.258148193 0.995907962 0.003622296 0.090300791 174.919342041
0.087848365 0.041086458 -0.995286167 -0.139163017 -0.006862914 0.999150276 0.040640216 -4.257102489 0.996110260 0.003260390 0.088055670 174.936248779
0.085793436 0.041576922 -0.995445132 -0.316240311 -0.005084964 0.999134123 0.041292753 -4.250726700 0.996299982 0.001519156 0.085930586 174.958847046
0.084025100 0.042287178 -0.995565951 -0.519463539 -0.003692213 0.999105453 0.042125899 -4.248858452 0.996456861 0.000136209 0.084106088 174.971954346
0.082061082 0.042470727 -0.995721996 -0.720074654 -0.002750347 0.999097347 0.042388037 -4.241407871 0.996623456 -0.000739830 0.082103848 174.988113403
0.079384170 0.042888552 -0.995921075 -0.914601326 -0.002317343 0.999079227 0.042839840 -4.233683586 0.996841490 -0.001092913 0.079410486 175.004165649
0.076771043 0.043316279 -0.996107340 -1.113093376 -0.002336333 0.999060929 0.043264650 -4.229182243 0.997045994 -0.000994230 0.076800175 175.017333984
0.074497394 0.044116270 -0.996244848 -1.313837051 -0.003981768 0.999026239 0.043941677 -4.221566200 0.997213244 0.000693276 0.074600518 175.023834229
0.071509495 0.044094123 -0.996464789 -1.519080162 -0.007535587 0.999017656 0.043666318 -4.215310097 0.997411549 0.004386393 0.071771547 175.030456543
0.068474367 0.040417757 -0.996833801 -1.733050346 -0.011793857 0.999141932 0.039701201 -4.211326122 0.997583151 0.009038003 0.068892330 175.030883789
0.065269411 0.036330555 -0.997206092 -1.953894615 -0.013407281 0.999278724 0.035528529 -4.212235451 0.997777581 0.011050894 0.065709457 175.036132812
0.062130004 0.033750072 -0.997497261 -2.207600594 -0.014399445 0.999354362 0.032916021 -4.201021194 0.997964203 0.012318335 0.062575877 175.043334961
0.058334313 0.034184549 -0.997711658 -2.485990524 -0.015072082 0.999329746 0.033358756 -4.200879097 0.998183370 0.013091632 0.058810465 175.061706543
0.054658130 0.033559904 -0.997940958 -2.774023056 -0.014653579 0.999354243 0.032804843 -4.189440727 0.998397648 0.012830358 0.055114616 175.071594238
0.051241115 0.032060198 -0.998171568 -3.076769829 -0.014183207 0.999407113 0.031371791 -4.186734200 0.998585582 0.012549750 0.051665477 175.081436157
0.047466911 0.030323280 -0.998412430 -3.413282394 -0.014177606 0.999458790 0.029681023 -4.181808949 0.998772204 0.012746230 0.047871146 175.099777222
0.045348961 0.027656101 -0.998588324 -3.751909256 -0.016450623 0.999501765 0.026934328 -4.168503284 0.998835742 0.015205956 0.045781352 175.096328735
0.043633770 0.026048802 -0.998707950 -4.089570999 -0.020049563 0.999481499 0.025193015 -4.160940170 0.998846412 0.018924385 0.044133402 175.102935791
0.043994579 0.024529206 -0.998730600 -4.481285572 -0.023735875 0.999441981 0.023501106 -4.150547981 0.998749852 0.022671817 0.044552241 175.110214233
0.045008987 0.024243696 -0.998692334 -4.903316021 -0.026939841 0.999371409 0.023046056 -4.143111229 0.998623312 0.025867330 0.045633819 175.118118286
0.046241842 0.026582655 -0.998576522 -5.343949318 -0.028027657 0.999286890 0.025303669 -4.133234978 0.998537064 0.026817666 0.046953917 175.133255005
0.046466585 0.030243227 -0.998461902 -5.808176041 -0.027246147 0.999208093 0.028997840 -4.121601105 0.998548269 0.025856804 0.047253802 175.163040161
0.048164610 0.035562880 -0.998206079 -6.292580605 -0.028878098 0.998997867 0.034197684 -4.111246586 0.998421907 0.027179170 0.049143329 175.176635742
0.049280319 0.039989084 -0.997984171 -6.815198898 -0.030990368 0.998778462 0.038490605 -4.092718124 0.998304188 0.029031062 0.050459385 175.201324463
0.050218932 0.045442026 -0.997703910 -7.333311081 -0.030936686 0.998555779 0.043923639 -4.069738865 0.998258889 0.028659852 0.051552221 175.222396851
0.050718125 0.050285179 -0.997446239 -7.880937576 -0.022499129 0.998535693 0.049196064 -4.056273937 0.998459518 0.019946538 0.051775198 175.263305664
0.052258901 0.049810253 -0.997390628 -8.441431046 -0.013119356 0.998703361 0.049188413 -4.036646366 0.998547256 0.010514585 0.052844618 175.304473877
0.052240595 0.048632834 -0.997449636 -9.019874573 -0.006636379 0.998808265 0.048351508 -4.014097691 0.998612404 0.004093542 0.052501079 175.343841553
0.050706655 0.046834715 -0.997614861 -9.619728088 -0.009247054 0.998879015 0.046424054 -3.992926359 0.998670638 0.006870990 0.051082879 175.364334106
0.049300555 0.045076039 -0.997766316 -10.232760429 -0.011687944 0.998938739 0.044551492 -3.964739799 0.998715580 0.009465425 0.049775086 175.386047363
0.047534041 0.045773789 -0.997820258 -10.872569084 -0.006922108 0.998940647 0.045495421 -3.935728073 0.998845696 0.004744439 0.047800537 175.419067383
0.044777635 0.049123619 -0.997788489 -11.535499573 0.002407690 0.998782098 0.049280584 -3.907426357 0.998994112 -0.004609029 0.044604838 175.458999634
0.041916214 0.050330084 -0.997852683 -12.210222244 0.003822024 0.998714983 0.050534133 -3.878357410 0.999113798 -0.005932007 0.041669987 175.490097046
0.039650351 0.047233921 -0.998096585 -12.920933723 0.003476060 0.998869538 0.047408588 -3.859862804 0.999207497 -0.005349207 0.039441340 175.511108398
0.035577785 0.039072890 -0.998602748 -13.625120163 -0.000629301 0.999236107 0.039075248 -3.840419292 0.999366760 -0.000761784 0.035575196 175.527770996
0.033822618 0.027743317 -0.999042690 -14.337188721 -0.002050668 0.999614418 0.027689768 -3.812335014 0.999425709 0.001112161 0.033866473 175.540542603
0.033313338 0.022878330 -0.999183059 -15.084442139 -0.004393675 0.999731660 0.022744400 -3.787972450 0.999435246 0.003632395 0.033404905 175.560928345
0.032422662 0.027294764 -0.999101460 -15.847915649 -0.002501509 0.999626040 0.027227914 -3.769717932 0.999471009 0.001616456 0.032478813 175.579559326
0.031818569 0.034032624 -0.998914063 -16.633216858 -0.000871505 0.999420702 0.034022123 -3.755556345 0.999493241 -0.000211982 0.031829797 175.593002319
0.030535877 0.038401116 -0.998795688 -17.457576752 0.000572144 0.999260843 0.038436498 -3.732204676 0.999533534 -0.001745142 0.030491337 175.619140625
0.028552340 0.036078885 -0.998940945 -18.272512436 -0.003721263 0.999345303 0.035987131 -3.707233429 0.999585390 0.002689806 0.028667906 175.637832642
0.027864119 0.031727981 -0.999108195 -19.104677200 -0.005971786 0.999483645 0.031573366 -3.686091661 0.999593854 0.005086696 0.028039228 175.645019531
0.026903208 0.029278606 -0.999209225 -19.951534271 -0.006128668 0.999557078 0.029123791 -3.665343761 0.999619246 0.005340304 0.027070746 175.661651611
0.026190780 0.030601673 -0.999188423 -20.825313568 -0.006794181 0.999513745 0.030433545 -3.639847755 0.999633849 0.005991589 0.026385961 175.679153442
0.025424369 0.034413289 -0.999084234 -21.712121964 -0.008548076 0.999378264 0.034205891 -3.620270491 0.999640167 0.007670583 0.025702730 175.698471069
0.024773998 0.037689243 -0.998982370 -22.608131409 -0.008315984 0.999262214 0.037493583 -3.598449230 0.999658465 0.007378651 0.025069123 175.713729858
0.023636041 0.039830994 -0.998926818 -23.525558472 -0.008162707 0.999180377 0.039647959 -3.569540739 0.999687195 0.007216824 0.023941793 175.740371704
0.023237858 0.041869957 -0.998852849 -24.442462921 -0.008366969 0.999095857 0.041685484 -3.543563366 0.999694943 0.007388690 0.023567175 175.757904053
0.023767881 0.043106861 -0.998787701 -25.377010345 -0.008162146 0.999044955 0.042923734 -3.521025181 0.999684155 0.007132045 0.024097033 175.775222778
0.024980254 0.040564243 -0.998864591 -26.310426712 -0.010440652 0.999132395 0.040314015 -3.490857363 0.999633312 0.009421741 0.025382115 175.789855957
0.026660860 0.037913591 -0.998925269 -27.257347107 -0.010877278 0.999232411 0.037634935 -3.464335442 0.999585330 0.009862202 0.027052788 175.809616089
0.028004507 0.037380107 -0.998908639 -28.218183517 -0.012274818 0.999238133 0.037048314 -3.433086872 0.999532342 0.011223898 0.028442020 175.833084106
0.029926544 0.039882392 -0.998756111 -29.201221466 -0.011392807 0.999152362 0.039556839 -3.409103632 0.999487102 0.010194833 0.030355565 175.854598999
0.031370737 0.041271571 -0.998655319 -30.189888000 -0.011821918 0.999092519 0.040918276 -3.378581524 0.999437869 0.010522380 0.031830180 175.889099121
0.032827780 0.041776009 -0.998587549 -31.185415268 -0.011406435 0.999076664 0.041421488 -3.352604151 0.999395847 0.010030548 0.033273995 175.918441772
0.034630354 0.042080104 -0.998513937 -32.183200836 -0.010580698 0.999072611 0.041736692 -3.324810982 0.999344170 0.009119616 0.035043485 175.947814941
0.034984972 0.041626360 -0.998520553 -33.194400787 -0.008323696 0.999109685 0.041359283 -3.298876286 0.999353111 0.006864423 0.035300326 175.992294312
0.036391821 0.041135285 -0.998490572 -34.196800232 -0.008274285 0.999130607 0.040860083 -3.269664288 0.999303281 0.006774823 0.036700562 176.013290405
0.036204930 0.039946966 -0.998545647 -35.217605591 -0.007662034 0.999182582 0.039694637 -3.240124702 0.999315023 0.006213745 0.036481407 176.053070068
0.035558321 0.040588945 -0.998542964 -36.244743347 -0.007799823 0.999155760 0.040336102 -3.214212418 0.999337137 0.006354168 0.035844877 176.085571289
0.035008464 0.041619953 -0.998520136 -37.283565521 -0.006543392 0.999120593 0.041415572 -3.185460091 0.999365449 0.005083825 0.035250034 176.117599487
0.034025591 0.042354751 -0.998523116 -38.314537048 -0.009406240 0.999070883 0.042057462 -3.158533096 0.999376655 0.007961325 0.034392375 176.142898560
0.032538403 0.040358681 -0.998655319 -39.364368439 -0.011129614 0.999137044 0.040015522 -3.133702755 0.999408424 0.009812606 0.032959495 176.176483154
0.032070898 0.038425554 -0.998746634 -40.412113190 -0.011203122 0.999211729 0.038083699 -3.104799271 0.999422789 0.009967702 0.032476105 176.201858521
0.031526532 0.039645679 -0.998716295 -41.458007812 -0.013160931 0.999142826 0.039247155 -3.074006796 0.999416173 0.011906711 0.032021295 176.225814819
0.031002283 0.042335946 -0.998622298 -42.518371582 -0.014795104 0.999012530 0.041893173 -3.049573660 0.999409795 0.013475939 0.031598035 176.251144409
0.030323362 0.043909870 -0.998575211 -43.582965851 -0.013787716 0.998957992 0.043508016 -3.025110245 0.999444962 0.012448757 0.030897170 176.286285400
0.030564848 0.044138510 -0.998557746 -44.642559052 -0.011910842 0.998969674 0.043792143 -2.992552042 0.999461770 0.010555155 0.031059084 176.320648193
0.031046305 0.045538448 -0.998480082 -45.701122284 -0.011726175 0.998909414 0.045193434 -2.959286213 0.999449074 0.010305258 0.031546459 176.346603394
0.031403057 0.046737041 -0.998413503 -46.761627197 -0.009625178 0.998874009 0.046455856 -2.932013988 0.999460399 0.008151053 0.031817555 176.373748779
0.031641331 0.046789657 -0.998403490 -47.823440552 -0.010681060 0.998862445 0.046472661 -2.893785954 0.999442160 0.009193553 0.032105103 176.398193359
0.031250987 0.046019498 -0.998451531 -48.894718170 -0.011702500 0.998887897 0.045673326 -2.864218950 0.999442935 0.010257043 0.031754777 176.426437378
0.030754909 0.044842355 -0.998520553 -49.974178314 -0.014945786 0.998902082 0.044399153 -2.830837011 0.999415219 0.013558182 0.031391345 176.460464478
0.030839304 0.041971005 -0.998642743 -51.033580780 -0.016801123 0.998998642 0.041467119 -2.804678917 0.999383152 0.015499501 0.031513572 176.484161377
0.030870967 0.040780902 -0.998691142 -52.093788147 -0.020206658 0.998988569 0.040168438 -2.777233124 0.999319136 0.018940171 0.031663790 176.503509521
0.030480823 0.045045100 -0.998519897 -53.178215027 -0.022746822 0.998756528 0.044361405 -2.750805140 0.999276400 0.021360982 0.031467564 176.530029297
0.030565161 0.052850090 -0.998134732 -54.251766205 -0.022423916 0.998386085 0.052176733 -2.713870525 0.999281168 0.020787291 0.031700965 176.551132202
0.029648501 0.059697662 -0.997776210 -55.329490662 -0.022497566 0.998001873 0.059042659 -2.675603151 0.999307156 0.020697003 0.030932318 176.588668823
0.029471695 0.058747865 -0.997837722 -56.386802673 -0.024711097 0.998009145 0.058028094 -2.633615017 0.999260128 0.022947477 0.030864745 176.607101440
0.028975753 0.052662410 -0.998191953 -57.439651489 -0.026512943 0.998300552 0.051898502 -2.592388868 0.999228537 0.024961203 0.030322742 176.634033203
0.029383207 0.045271426 -0.998542547 -58.502712250 -0.026585890 0.998655856 0.044494245 -2.560128689 0.999214590 0.025239758 0.030547285 176.659042358
0.030315354 0.040076964 -0.998736620 -59.551605225 -0.026134795 0.998886049 0.039289672 -2.529477358 0.999198556 0.024910694 0.031328969 176.679901123
0.030807316 0.041501004 -0.998663366 -60.614051819 -0.024939628 0.998858571 0.040739756 -2.504294395 0.999214053 0.023651211 0.031807162 176.710021973
0.030856440 0.042040225 -0.998639405 -61.688922882 -0.023850258 0.998861670 0.041312642 -2.476895809 0.999239087 0.022543048 0.031823989 176.739761353
0.031620909 0.043684941 -0.998544812 -62.739181519 -0.021792039 0.998837054 0.043007635 -2.444935560 0.999262452 0.020400375 0.032536097 176.769515991
0.031159393 0.043247987 -0.998578370 -63.803703308 -0.020273488 0.998885274 0.042628668 -2.415069342 0.999308765 0.018916380 0.032001458 176.802413940
0.030996196 0.042650979 -0.998609066 -64.865272522 -0.018145565 0.998948514 0.042102247 -2.391608953 0.999354780 0.016815314 0.031737532 176.833770752
0.029706189 0.040137012 -0.998752534 -65.931556702 -0.017041080 0.999068618 0.039642856 -2.365484476 0.999413431 0.015842183 0.030362500 176.866302490
0.028977834 0.039633375 -0.998794138 -66.998252869 -0.016801065 0.999091864 0.039157744 -2.339500904 0.999438763 0.015646094 0.029617403 176.892593384
0.028263850 0.041955184 -0.998719633 -68.064468384 -0.014961759 0.999024630 0.041544579 -2.314378262 0.999488473 0.013768393 0.028863998 176.916366577
0.027349018 0.046147037 -0.998560190 -69.147018433 -0.013748646 0.998856783 0.045784187 -2.283001184 0.999531329 0.012476698 0.027952200 176.940307617
0.026780311 0.049362518 -0.998421848 -70.225524902 -0.013927431 0.998701513 0.049002774 -2.253128529 0.999544144 0.012593144 0.027433045 176.966323853
0.025901925 0.046304684 -0.998591542 -71.292846680 -0.013695768 0.998849332 0.045961391 -2.222069263 0.999570608 0.012485988 0.026506305 176.990295410
0.024873689 0.041490611 -0.998829246 -72.363487244 -0.016523052 0.999019086 0.041087016 -2.191138983 0.999554038 0.015481721 0.025534816 177.009063721
0.024234556 0.038481385 -0.998965383 -73.431617737 -0.017990902 0.999113917 0.038050652 -2.164054871 0.999544442 0.017050145 0.024905371 177.028915405
0.023858562 0.039965879 -0.998916149 -74.524085999 -0.018410798 0.999048710 0.039531447 -2.136856318 0.999545813 0.017447680 0.024571672 177.050521851
0.023335556 0.044664271 -0.998729408 -75.616340637 -0.018570889 0.998848438 0.044235673 -2.102926254 0.999555171 0.017515028 0.024138130 177.073410034
0.022955336 0.047930270 -0.998586833 -76.702568054 -0.018346636 0.998702109 0.047514044 -2.072878599 0.999568164 0.017230010 0.023804888 177.088226318
0.021932928 0.047002826 -0.998653829 -77.784378052 -0.018349679 0.998744905 0.046604089 -2.037328243 0.999591053 0.017302813 0.022767890 177.112777710
0.021260893 0.044225812 -0.998795331 -78.862854004 -0.020274049 0.998834789 0.043795995 -2.004348278 0.999568284 0.019318480 0.022132762 177.125762939
0.019159026 0.043352731 -0.998876095 -79.936569214 -0.023479786 0.998803556 0.042899217 -1.972016335 0.999540687 0.022631485 0.020154027 177.141021729
0.017469356 0.043001577 -0.998922288 -81.027107239 -0.027789135 0.998709679 0.042506445 -1.946154833 0.999461055 0.027016621 0.018641837 177.147552490
0.015837818 0.043358628 -0.998934031 -82.112876892 -0.027360933 0.998703957 0.042914849 -1.916918993 0.999500155 0.026652087 0.017003596 177.159118652
0.012443770 0.039853778 -0.999128044 -83.188621521 -0.027282549 0.998846889 0.039502777 -1.886692762 0.999550343 0.026767191 0.013516756 177.167800903
0.008862963 0.040581424 -0.999136925 -84.277671814 -0.025488164 0.998860657 0.040344112 -1.862469673 0.999635816 0.025108594 0.009887198 177.179977417
0.006421571 0.039018933 -0.999217808 -85.361526489 -0.020777011 0.999027967 0.038877994 -1.837679863 0.999763548 0.020511100 0.007226055 177.183227539
0.005135313 0.035387665 -0.999360442 -86.450347900 -0.020457309 0.999168217 0.035275739 -1.808970928 0.999777496 0.020263076 0.005854979 177.178436279
