1.000000000 0.000000000 0.000000000 0.000000000 0.000000000 1.000000000 0.000000000 0.000000000 0.000000000 0.000000000 1.000000000 0.000000000
0.999997318 0.001039006 0.002066517 -0.009280416 -0.001036778 0.999998868 -0.001078757 -0.016977478 -0.002067636 0.001076611 0.999997258 1.205656886
0.999994397 0.000905208 0.003227711 -0.006413574 -0.000903612 0.999999404 -0.000496069 -0.042148508 -0.003228158 0.000493150 0.999994695 2.402430296
0.999990165 0.000348099 0.004422807 -0.008244997 -0.000347791 0.999999940 -0.000070390 -0.062834695 -0.004422830 0.000068852 0.999990225 3.599936724
0.999985278 0.000033019 0.005419172 -0.007582059 -0.000032227 1.000000000 -0.000146303 -0.082869254 -0.005419177 0.000146126 0.999985278 4.798722744
0.999981701 -0.000175497 0.006049545 -0.001125842 0.000174371 0.999999940 0.000186667 -0.106894068 -0.006049578 -0.000185609 0.999981701 5.997044563
0.999977589 0.000144878 0.006710356 0.003972031 -0.000139389 0.999999642 -0.000818350 -0.127710164 -0.006710473 0.000817396 0.999977171 7.196962833
0.999971688 -0.000146095 0.007538912 0.007539887 0.000154173 0.999999404 -0.001070871 -0.151561007 -0.007538753 0.001072003 0.999971032 8.379071236
0.999970794 -0.000324647 0.007632099 0.013963431 0.000321018 0.999999821 0.000476652 -0.174952224 -0.007632252 -0.000474188 0.999970734 9.576928139
0.999979377 -0.000935965 0.006354823 0.014604781 0.000925068 0.999998152 0.001717572 -0.199875176 -0.006356418 -0.001711658 0.999978364 10.772638321
0.999989867 -0.002152450 0.003976781 0.014013935 0.002148567 0.999997139 0.000980543 -0.215683550 -0.003978881 -0.000971989 0.999991596 11.968784332
0.999996066 -0.001842715 0.002120874 0.007247400 0.001841931 0.999998212 0.000371566 -0.232425109 -0.002121555 -0.000367658 0.999997675 13.164739609
0.999997735 -0.002002282 0.000635030 0.006664183 0.002002107 0.999997854 0.000276340 -0.254289925 -0.000635582 -0.000275068 0.999999762 14.362048149
0.999999821 -0.000534413 -0.000202450 0.000378109 0.000534428 0.999999881 0.000071806 -0.272960126 0.000202411 -0.000071914 0.999999940 15.557393074
0.999999464 -0.000692603 -0.000652733 -0.006799469 0.000692680 0.999999821 0.000117562 -0.292597353 0.000652652 -0.000118014 0.999999762 16.759017944
0.999998033 -0.001303126 -0.001468742 -0.009808414 0.001304015 0.999998927 0.000604549 -0.310965121 0.001467952 -0.000606463 0.999998748 17.944589615
0.999997139 -0.001663266 -0.001709267 -0.020331234 0.001665062 0.999998033 0.001049708 -0.336268276 0.001707518 -0.001052551 0.999997973 19.146310806
0.999995053 -0.001522926 -0.002763893 -0.026836235 0.001523374 0.999998808 0.000160014 -0.358034819 0.002763645 -0.000164224 0.999996185 20.341875076
0.999994338 -0.001767642 -0.002856536 -0.039107233 0.001765272 0.999998093 -0.000832199 -0.378142953 0.002858002 0.000827151 0.999995530 21.549530029
0.999992907 -0.000950150 -0.003639146 -0.049018998 0.000948954 0.999999523 -0.000330283 -0.397268593 0.003639459 0.000326828 0.999993324 22.746337891
0.999990821 -0.001037079 -0.004192260 -0.066978946 0.001035413 0.999999404 -0.000399789 -0.423246890 0.004192672 0.000395444 0.999991119 23.940729141
0.999986947 -0.001056902 -0.005009658 -0.079930067 0.001051313 0.999998868 -0.001118087 -0.443295807 0.005010834 0.001112806 0.999986827 25.137918472
0.999981046 -0.000684394 -0.006111923 -0.093273148 0.000682922 0.999999702 -0.000242835 -0.470431685 0.006112086 0.000238657 0.999981284 26.330869675
0.999974728 -0.002259065 -0.006735198 -0.108073451 0.002268533 0.999996483 0.001398507 -0.489308923 0.006732015 -0.001413750 0.999976337 27.532173157
0.999967396 -0.002297246 -0.007735692 -0.117704883 0.002308472 0.999996305 0.001442500 -0.510784745 0.007732350 -0.001460311 0.999969065 28.727729797
0.999959409 -0.002947100 -0.008513493 -0.134111047 0.002953260 0.999995470 0.000711010 -0.531167567 0.008511359 -0.000736124 0.999963582 29.925973892
0.999950349 -0.003189934 -0.009433659 -0.146363243 0.003186901 0.999994814 -0.000336531 -0.550542951 0.009434682 0.000306450 0.999955416 31.115909576
0.999944448 -0.002715471 -0.010184556 -0.166009277 0.002712956 0.999996305 -0.000260691 -0.570132434 0.010185225 0.000233046 0.999948025 32.308387756
0.999936461 -0.003010059 -0.010855164 -0.179816067 0.003013407 0.999995410 0.000292092 -0.592378139 0.010854236 -0.000324785 0.999941051 33.506034851
0.999926925 -0.003270459 -0.011631713 -0.192096695 0.003273070 0.999994636 0.000205455 -0.611699224 0.011630978 -0.000243512 0.999932349 34.698524475
0.999921441 -0.004137773 -0.011821991 -0.219294921 0.004142416 0.999991357 0.000368340 -0.634299219 0.011820364 -0.000417283 0.999929965 35.922473907
0.999916732 -0.004145035 -0.012217667 -0.241318777 0.004148671 0.999991417 0.000272310 -0.653499663 0.012216434 -0.000322975 0.999925256 37.128215790
0.999910593 -0.005128107 -0.012351087 -0.260962427 0.005144363 0.999985933 0.001284739 -0.685268462 0.012344326 -0.001348163 0.999922872 38.317188263
0.999912858 -0.004771277 -0.012313350 -0.274779201 0.004800762 0.999985754 0.002366062 -0.697844028 0.012301885 -0.002424969 0.999921381 39.523166656
0.999916255 -0.004224646 -0.012230083 -0.297448874 0.004263681 0.999985874 0.003167449 -0.721148074 0.012216532 -0.003219328 0.999920130 40.726589203
0.999914825 -0.003584396 -0.012542958 -0.315438628 0.003619071 0.999989629 0.002742941 -0.739412427 0.012532997 -0.002788102 0.999917507 41.935134888
0.999923229 -0.002186478 -0.012195819 -0.340121269 0.002217869 0.999994218 0.002560945 -0.753179550 0.012190150 -0.002587797 0.999922276 43.127441406
0.999935031 0.000076755 -0.011395318 -0.360227466 -0.000026286 0.999990165 0.004428975 -0.772559822 0.011395546 -0.004428388 0.999925256 44.335086823
0.999953985 0.000019387 -0.009594485 -0.381625503 0.000051638 0.999972582 0.007402372 -0.785130382 0.009594364 -0.007402527 0.999926507 45.543052673
0.999969721 0.000114842 -0.007791040 -0.397421569 -0.000035075 0.999947608 0.010237645 -0.796962142 0.007791808 -0.010237062 0.999917209 46.746498108
0.999978602 0.000979005 -0.006460377 -0.405506551 -0.000892136 0.999909341 0.013435620 -0.800721288 0.006472945 -0.013429570 0.999888897 47.950454712
0.999986053 0.000101417 -0.005275720 -0.416248351 -0.000024143 0.999892652 0.014645069 -0.805846572 0.005276640 -0.014644739 0.999878883 49.157649994
0.999992609 -0.001016310 -0.003700255 -0.419408262 0.001064883 0.999912977 0.013148824 -0.807630301 0.003686570 -0.013152670 0.999906719 50.365756989
0.999996245 -0.000266436 -0.002714309 -0.425879151 0.000297653 0.999933720 0.011507146 -0.814762414 0.002711063 -0.011507913 0.999930084 51.557662964
0.999997973 -0.000109107 -0.002032684 -0.432636857 0.000131515 0.999939144 0.011027015 -0.819793344 0.002031358 -0.011027259 0.999937117 52.766513824
0.999998510 -0.000465866 -0.001636182 -0.448455483 0.000483357 0.999942601 0.010706641 -0.831001937 0.001631100 -0.010707416 0.999941349 53.953113556
0.999996364 -0.001288022 -0.002353825 -0.453675002 0.001310224 0.999954462 0.009455360 -0.836841285 0.002341540 -0.009458408 0.999952555 55.171947479
0.999989927 -0.001073907 -0.004359411 -0.460689396 0.001118034 0.999948084 0.010132545 -0.844566584 0.004348302 -0.010137316 0.999939203 56.384651184
0.999984622 -0.001058360 -0.005435350 -0.474342108 0.001119458 0.999936104 0.011250263 -0.855561018 0.005423096 -0.011256176 0.999921918 57.585212708
0.999975562 -0.002000733 -0.006689792 -0.482801735 0.002076627 0.999933362 0.011357090 -0.862546861 0.006666624 -0.011370705 0.999913037 58.791927338
0.999972045 -0.000163100 -0.007479048 -0.497874558 0.000248101 0.999935329 0.011365728 -0.874043345 0.007476711 -0.011367265 0.999907374 59.993824005
0.999966979 0.000262086 -0.008128676 -0.514178336 -0.000170670 0.999936700 0.011244777 -0.880629778 0.008131108 -0.011243016 0.999903738 61.197250366
0.999965906 -0.001032970 -0.008190804 -0.527484894 0.001120084 0.999942780 0.010638120 -0.888120055 0.008179348 -0.010646932 0.999909878 62.400573730
0.999962330 -0.001985621 -0.008454152 -0.541263223 0.002070733 0.999947071 0.010070758 -0.900587916 0.008433709 -0.010087887 0.999913573 63.608085632
0.999958396 -0.002447829 -0.008784070 -0.554034352 0.002546135 0.999934077 0.011197696 -0.913416207 0.008756081 -0.011219597 0.999898732 64.802131653
0.999957263 -0.002409130 -0.008920496 -0.570658386 0.002519459 0.999920189 0.012377502 -0.916417360 0.008889965 -0.012399450 0.999883592 66.003662109
0.999954164 -0.001941018 -0.009366309 -0.588583529 0.002044198 0.999937177 0.011019062 -0.929206848 0.009344333 -0.011037704 0.999895334 67.199096680
0.999959588 -0.000173259 -0.008976569 -0.612284601 0.000262655 0.999950290 0.009958466 -0.938160717 0.008974398 -0.009960421 0.999910057 68.397407532
0.999954164 0.001871615 -0.009390522 -0.625882506 -0.001775392 0.999945939 0.010244740 -0.948326409 0.009409188 -0.010227596 0.999903440 69.591728210
0.999949276 0.004077260 -0.009216547 -0.645071447 -0.003981075 0.999937594 0.010430506 -0.955381930 0.009258501 -0.010393285 0.999903142 70.781845093
0.999944210 0.005114704 -0.009233631 -0.663452804 -0.005015138 0.999929309 0.010774119 -0.965282083 0.009288086 -0.010727209 0.999899268 71.981956482
0.999949157 0.005661120 -0.008343113 -0.679531455 -0.005561660 0.999913692 0.011896480 -0.974915862 0.008409741 -0.011849471 0.999894381 73.174606323
0.999952614 0.007434216 -0.006274365 -0.693459332 -0.007355277 0.999894679 0.012511735 -0.979952514 0.006366720 -0.012464994 0.999902010 74.367485046
0.999972165 0.006579781 -0.003524975 -0.701348603 -0.006542895 0.999924779 0.010375681 -0.992675006 0.003592979 -0.010352329 0.999939978 75.547355652
0.999991238 0.003906185 -0.001521281 -0.702514112 -0.003898331 0.999979198 0.005131781 -1.001181245 0.001541296 -0.005125806 0.999985695 76.722503662
0.999986053 0.005128781 0.001276692 -0.703603148 -0.005134939 0.999974966 0.004868078 -1.015638828 -0.001251693 -0.004874567 0.999987364 77.909507751
0.999985754 0.003845985 0.003703707 -0.700114250 -0.003877549 0.999955893 0.008552853 -1.030207157 -0.003670650 -0.008567093 0.999956608 79.092163086
0.999963820 0.004297134 0.007338581 -0.699541986 -0.004367933 0.999943793 0.009658955 -1.041946530 -0.007296662 -0.009690661 0.999926448 80.261573792
0.999926448 0.004267116 0.011354279 -0.692123234 -0.004358592 0.999958098 0.008043991 -1.052899599 -0.011319480 -0.008092890 0.999903142 81.430000305
0.999881327 0.003257908 0.015054701 -0.681685090 -0.003331881 0.999982476 0.004891180 -1.067079067 -0.015038501 -0.004940760 0.999874651 82.590774536
0.999828279 0.002013564 0.018426763 -0.664163470 -0.002040221 0.999996841 0.001427964 -1.083099008 -0.018423835 -0.001465313 0.999829292 83.753219604
0.999761522 0.001867905 0.021759406 -0.640376329 -0.001876660 0.999998212 0.000381937 -1.101012111 -0.021758655 -0.000422681 0.999763191 84.909629822
0.999676466 0.001139915 0.025409456 -0.615325928 -0.001200141 0.999996483 0.002355059 -1.124092102 -0.025406687 -0.002384792 0.999674380 86.075592041
0.999563038 0.002164406 0.029477002 -0.595877171 -0.002257576 0.999992549 0.003127856 -1.147948146 -0.029470015 -0.003193037 0.999560595 87.240013123
0.999455631 0.001925675 0.032934893 -0.555003881 -0.001949845 0.999997854 0.000701764 -1.165778399 -0.032933462 -0.000765600 0.999457240 88.386512756
0.999346554 0.001883092 0.036096033 -0.515921354 -0.001835944 0.999997437 -0.001339274 -1.187777162 -0.036098462 0.001272128 0.999347448 89.532630920
0.999226034 0.001786057 0.039295632 -0.471001863 -0.001717500 0.999996960 -0.001778328 -1.209338903 -0.039298698 0.001709462 0.999226034 90.696372986
0.999114275 0.000599726 0.042074203 -0.424524784 -0.000574077 0.999999583 -0.000621687 -1.230285645 -0.042074565 0.000596983 0.999114275 91.851272583
0.998998344 0.000060245 0.044747386 -0.379185677 -0.000104187 0.999999523 0.000979664 -1.251310110 -0.044747312 -0.000983345 0.998997867 93.008262634
0.998871684 -0.000951278 0.047481071 -0.326606274 0.000828047 0.999996185 0.002614971 -1.267817497 -0.047483377 -0.002572703 0.998868704 94.175971985
0.998756349 -0.002456507 0.049797039 -0.268735409 0.002284993 0.999991238 0.003500907 -1.283567667 -0.049805213 -0.003382767 0.998753250 95.330253601
0.998651564 -0.003587052 0.051788498 -0.209013462 0.003535960 0.999993205 0.001078152 -1.299635172 -0.051792011 -0.000893576 0.998657525 96.484931946
0.998497844 -0.004755874 0.054583032 -0.152098179 0.004879280 0.999985814 -0.002127853 -1.322182655 -0.054572139 0.002390983 0.998506904 97.656875610
0.998407125 -0.004089284 0.056273185 -0.091812611 0.004373462 0.999978304 -0.004927739 -1.341044307 -0.056251816 0.005165997 0.998403251 98.815116882
0.998307168 -0.004080696 0.058017801 -0.024822712 0.004424017 0.999973476 -0.005790307 -1.365403175 -0.057992637 0.006037178 0.998298764 99.989349365
0.998293817 -0.003874627 0.058263384 0.042697906 0.004189918 0.999977171 -0.005290266 -1.386088610 -0.058241572 0.005525358 0.998287201 101.168724060
0.998321235 -0.003981701 0.057781525 0.100179672 0.004175574 0.999985993 -0.003234930 -1.413604975 -0.057767838 0.003470771 0.998323977 102.354751587
0.998405755 -0.004212839 0.056286253 0.163692951 0.004332636 0.999988556 -0.002006477 -1.430467010 -0.056277156 0.002247146 0.998412728 103.556198120
0.998509645 -0.004159345 0.054416694 0.217487335 0.004222439 0.999990642 -0.001044537 -1.452139139 -0.054411836 0.001272751 0.998517752 104.726615906
0.998647809 -0.004109014 0.051824041 0.275498390 0.004146767 0.999991179 -0.000620993 -1.469571352 -0.051821027 0.000835056 0.998656034 105.931861877
0.998792112 -0.003320619 0.049022328 0.325884819 0.003352925 0.999994218 -0.000576790 -1.492208362 -0.049020123 0.000740462 0.998797536 107.126281738
0.998971522 -0.001757166 0.045310043 0.364998341 0.001813525 0.999997616 -0.001202766 -1.505853891 -0.045307819 0.001283700 0.998972356 108.316970825
0.999155402 -0.001687074 0.041056946 0.421727180 0.001716830 0.999998271 -0.000689518 -1.528921127 -0.041055720 0.000759423 0.999156594 109.540069580
0.999321163 -0.001302448 0.036817603 0.467858315 0.001285771 0.999999046 0.000476619 -1.548895717 -0.036818188 -0.000428956 0.999321938 110.768646240
0.999463737 -0.000811561 0.032730974 0.494012117 0.000771276 0.999998927 0.001243393 -1.570521235 -0.032731947 -0.001217482 0.999463439 111.967086792
0.999602497 -0.000695458 0.028183373 0.524077892 0.000645233 0.999998152 0.001791107 -1.588132143 -0.028184570 -0.001772210 0.999601126 113.185409546
0.999734938 -0.000307055 0.023025109 0.551182985 0.000265514 0.999998271 0.001807196 -1.604020476 -0.023025624 -0.001800603 0.999733269 114.403221130
0.999832392 0.000480274 0.018299662 0.564950228 -0.000512012 0.999998391 0.001729715 -1.622258544 -0.018298807 -0.001738795 0.999831080 115.637908936
0.999906957 0.000575716 0.013625270 0.570024848 -0.000596071 0.999998689 0.001489881 -1.637351274 -0.013624395 -0.001497864 0.999906063 116.855567932
0.999961376 0.002052835 0.008538608 0.579983056 -0.002059554 0.999997556 0.000778281 -1.657042503 -0.008536992 -0.000795836 0.999963224 118.091606140
0.999979734 0.003899582 0.005034477 0.580849648 -0.003902278 0.999992192 0.000525847 -1.670643568 -0.005032387 -0.000545483 0.999987185 119.326446533
0.999978721 0.005809769 0.002963156 0.572809994 -0.005811809 0.999983013 0.000679910 -1.691973448 -0.002959156 -0.000697117 0.999995351 120.561279297
0.999972701 0.007124217 0.001963465 0.566936970 -0.007124564 0.999974668 0.000169301 -1.710356951 -0.001962208 -0.000183285 0.999998093 121.797676086
0.999956548 0.009287820 0.000782411 0.563452601 -0.009288359 0.999956727 0.000688046 -1.730868936 -0.000775986 -0.000695283 0.999999464 123.047744751
0.999945879 0.010401978 -0.000114716 0.551795542 -0.010401807 0.999945045 0.001391557 -1.746195674 0.000129185 -0.001390289 0.999998987 124.295372009
0.999947011 0.010268656 -0.000674367 0.540926039 -0.010267436 0.999945641 0.001788535 -1.762156487 0.000692696 -0.001781516 0.999998212 125.543487549
0.999897361 0.014240249 -0.001573660 0.533308089 -0.014233952 0.999890864 0.003941794 -1.781531096 0.001629620 -0.003918990 0.999991000 126.799499512
0.999881804 0.015229240 -0.002092326 0.519734383 -0.015213799 0.999858260 0.007207674 -1.794269919 0.002201797 -0.007174989 0.999971867 128.053436279
0.999899030 0.013962002 -0.002695535 0.509964466 -0.013944056 0.999881148 0.006566894 -1.805572510 0.002786903 -0.006528642 0.999974728 129.314483643
0.999899745 0.013768421 -0.003307964 0.500452936 -0.013751750 0.999892831 0.005010445 -1.813393593 0.003376596 -0.004964452 0.999981999 130.568511963
0.999929368 0.011137635 -0.004151395 0.497880578 -0.011111777 0.999919057 0.006200818 -1.828423500 0.004220121 -0.006154251 0.999972105 131.827239990
0.999949396 0.008686673 -0.005077131 0.493099749 -0.008645783 0.999930441 0.008020845 -1.843669415 0.005146451 -0.007976543 0.999954939 133.089248657
0.999973118 0.005267812 -0.005106117 0.478754401 -0.005217073 0.999937415 0.009899580 -1.854131460 0.005157946 -0.009872675 0.999938011 134.361343384
0.999978125 0.003651259 -0.005510086 0.472904861 -0.003590395 0.999932826 0.011015659 -1.862785101 0.005549936 -0.010995634 0.999924064 135.635650635
0.999986291 -0.000565896 -0.005190429 0.462995648 0.000613491 0.999957740 0.009172680 -1.872161508 0.005185017 -0.009175739 0.999944448 136.904266357
0.999980152 -0.003373792 -0.005325403 0.459820211 0.003417401 0.999960542 0.008200934 -1.877718091 0.005297525 -0.008218971 0.999952137 138.176559448
0.999975204 -0.004754610 -0.005202994 0.448996723 0.004796167 0.999956489 0.008004081 -1.888384342 0.005164711 -0.008028839 0.999954402 139.454544067
0.999980628 -0.004334672 -0.004466739 0.435243130 0.004371095 0.999957025 0.008176941 -1.898091316 0.004431103 -0.008196308 0.999956548 140.736083984
0.999984920 -0.003748835 -0.004026160 0.423217714 0.003789983 0.999940157 0.010261501 -1.908552408 0.003987450 -0.010276606 0.999939203 142.010192871
0.999992967 -0.001498224 -0.003423518 0.417607129 0.001538120 0.999930561 0.011680809 -1.915475965 0.003405780 -0.011685995 0.999925911 143.300567627
0.999995172 -0.001657433 -0.002618497 0.405967772 0.001683877 0.999947250 0.010129382 -1.925071716 0.002601571 -0.010133743 0.999945283 144.578231812
0.999996483 -0.001370069 -0.002261549 0.395525277 0.001388507 0.999965668 0.008171518 -1.936090350 0.002250277 -0.008174630 0.999964058 145.858917236
0.999996781 -0.001601122 -0.001958138 0.390053749 0.001612108 0.999982893 0.005621694 -1.946771145 0.001949104 -0.005624834 0.999982238 147.133575439
0.999995232 -0.002684747 -0.001517241 0.383154929 0.002687358 0.999995053 0.001721476 -1.970129490 0.001512612 -0.001725545 0.999997377 148.406707764
0.999995768 -0.002726825 -0.000956921 0.371143997 0.002724877 0.999994218 -0.002031576 -1.988461733 0.000962455 0.002028960 0.999997556 149.687606812
0.999995232 -0.003015904 -0.000611841 0.367800772 0.003014211 0.999991655 -0.002749023 -2.013263702 0.000620127 0.002747167 0.999996006 150.946441650
0.999994636 -0.003137931 -0.000944061 0.363455802 0.003135784 0.999992490 -0.002267341 -2.040766001 0.000951169 0.002264369 0.999996960 152.214492798
0.999996126 -0.002621752 -0.000858667 0.359572351 0.002620111 0.999994755 -0.001907057 -2.064132452 0.000863662 0.001904800 0.999997735 153.465957642
0.999996245 -0.002433240 -0.001212647 0.355548769 0.002432361 0.999996781 -0.000725685 -2.089033842 0.001214409 0.000722733 0.999998987 154.727844238
0.999998271 -0.001307098 -0.001321775 0.343995810 0.001306693 0.999999106 -0.000307043 -2.113591671 0.001322175 0.000305315 0.999999106 155.990310669
0.999996781 -0.001035140 -0.002314118 0.338949680 0.001034485 0.999999404 -0.000284410 -2.139219999 0.002314411 0.000282015 0.999997318 157.255844116
0.999995947 -0.000982056 -0.002656768 0.331046402 0.000981618 0.999999464 -0.000166410 -2.164181709 0.002656930 0.000163801 0.999996483 158.525909424
0.999992967 -0.001541817 -0.003420939 0.323415279 0.001544893 0.999998450 0.000896778 -2.181635380 0.003419551 -0.000902057 0.999993801 159.792984009
0.999992371 -0.000063128 -0.003903104 0.308388472 0.000068869 0.999998868 0.001470605 -2.207323074 0.003903006 -0.001470862 0.999991238 161.076034546
0.999989092 0.000031246 -0.004670058 0.297802091 -0.000030048 0.999999940 0.000256501 -2.226033449 0.004670065 -0.000256358 0.999989033 162.344573975
0.999986172 0.000482268 -0.005232190 0.282725871 -0.000485516 0.999999702 -0.000619634 -2.253495216 0.005231888 0.000622166 0.999986112 163.606506348
0.999980628 0.001420560 -0.006054980 0.270821452 -0.001424784 0.999998689 -0.000693294 -2.274086475 0.006053988 0.000701908 0.999981403 164.871139526
0.999976695 0.001197917 -0.006724753 0.253123522 -0.001208003 0.999998152 -0.001495952 -2.300778151 0.006722947 0.001504040 0.999976277 166.144073486
0.999969363 0.001582884 -0.007676415 0.239651918 -0.001602818 0.999995291 -0.002591328 -2.323668957 0.007672277 0.002603552 0.999967217 167.413482666
0.999964714 0.001434690 -0.008276355 0.225677967 -0.001453721 0.999996305 -0.002293852 -2.348244190 0.008273036 0.002305802 0.999963045 168.690185547
0.999956548 0.001768049 -0.009154467 0.209841609 -0.001776194 0.999997973 -0.000881608 -2.372959852 0.009152892 0.000897829 0.999957621 169.965377808
0.999952376 0.001461617 -0.009643568 0.192803621 -0.001465892 0.999998808 -0.000436269 -2.399571896 0.009642917 0.000450385 0.999953330 171.229827881
0.999944270 0.002010451 -0.010366901 0.170359731 -0.002011954 0.999997914 -0.000134500 -2.420273781 0.010366609 0.000155351 0.999946177 172.498687744
0.999934018 0.002064344 -0.011297651 0.151903987 -0.002064039 0.999997795 0.000038598 -2.444658995 0.011297706 -0.000015277 0.999936163 173.784210205
0.999928355 0.002524999 -0.011699474 0.131328106 -0.002529479 0.999996722 -0.000368130 -2.475844145 0.011698507 0.000397697 0.999931514 175.027923584
0.999922693 0.003485228 -0.011936706 0.102011919 -0.003500018 0.999993205 -0.001218387 -2.493116379 0.011932379 0.001260071 0.999927998 176.295532227
0.999918818 0.003455050 -0.012256221 0.071126461 -0.003468407 0.999993443 -0.001068678 -2.510680676 0.012252448 0.001111101 0.999924302 177.568786621
0.999913335 0.003841300 -0.012590909 0.051431179 -0.003864542 0.999991000 -0.001822141 -2.542518854 0.012583793 0.001870641 0.999919057 178.801681519
0.999916196 0.002952692 -0.012600318 0.026050568 -0.002997672 0.999989212 -0.003552360 -2.562784195 0.012589691 0.003589835 0.999914289 180.067428589
0.999916196 -0.000376483 -0.012939019 0.014937878 0.000332076 0.999994040 -0.003434052 -2.587306023 0.012940235 0.003429467 0.999910414 181.327560425
0.999902666 -0.000132933 -0.013948195 -0.001078129 0.000135573 1.000000000 0.000188305 -2.610073805 0.013948170 -0.000190178 0.999902785 182.598022461
0.999910533 -0.000900542 -0.013341898 -0.028828859 0.000963474 0.999988437 0.004711171 -2.635909796 0.013337501 -0.004723603 0.999899864 183.848068237
0.999907017 0.000227411 -0.013626552 -0.049423933 -0.000172422 0.999991834 0.004036443 -2.652068138 0.013627358 -0.004033719 0.999899030 185.105957031
0.999909461 0.001801387 -0.013334022 -0.076974154 -0.001789970 0.999998033 0.000868069 -2.670024157 0.013335562 -0.000844123 0.999910653 186.326477051
0.999908507 0.001967032 -0.013375698 -0.100857019 -0.001979873 0.999997556 -0.000946874 -2.691640139 0.013373803 0.000973270 0.999910057 187.572372437
0.999903321 0.001497662 -0.013821585 -0.125468016 -0.001505698 0.999998689 -0.000571066 -2.718312740 0.013820709 0.000591822 0.999904335 188.823471069
0.999907315 0.001688963 -0.013509639 -0.151221514 -0.001688677 0.999998629 0.000032574 -2.735468388 0.013509675 -0.000009758 0.999908745 190.068023682
0.999908864 0.001425419 -0.013420535 -0.171157598 -0.001390369 0.999995589 0.002620656 -2.759663582 0.013424213 -0.002601758 0.999906421 191.319564819
0.999916911 0.000463385 -0.012876228 -0.191945076 -0.000417183 0.999993443 0.003590604 -2.783295393 0.012877808 -0.003584934 0.999910593 192.568176270
0.999934375 0.000787128 -0.011428433 -0.209294319 -0.000755481 0.999995887 0.002773267 -2.798362732 0.011430569 -0.002764451 0.999930859 193.807495117
0.999950349 -0.000813187 -0.009935726 -0.230085492 0.000827878 0.999998569 0.001474623 -2.820743084 0.009934514 -0.001482775 0.999949574 195.039398193
0.999960363 -0.000513106 -0.008891472 -0.238442421 0.000512115 0.999999881 -0.000113661 -2.844032288 0.008891530 0.000109103 0.999960423 196.267913818
0.999967694 -0.001355639 -0.007924465 -0.246689677 0.001351178 0.999998927 -0.000568347 -2.866951704 0.007925227 0.000557621 0.999968410 197.485290527
0.999980569 -0.000817670 -0.006166524 -0.267277777 0.000817616 0.999999762 -0.000011191 -2.888572931 0.006166531 0.000006149 0.999980986 198.715698242
0.999986649 -0.001314347 -0.004984125 -0.274508834 0.001323635 0.999997377 0.001860848 -2.912621021 0.004981666 -0.001867421 0.999985874 199.934631348
0.999993026 -0.000523388 -0.003675516 -0.288853675 0.000531889 0.999997199 0.002312321 -2.938159704 0.003674296 -0.002314259 0.999990582 201.146774292
0.999996662 -0.000277132 -0.002541494 -0.300541341 0.000283216 0.999997139 0.002394020 -2.955143690 0.002540823 -0.002394732 0.999993920 202.357269287
0.999996901 -0.000856636 -0.002315308 -0.295926481 0.000862016 0.999996960 0.002323762 -2.976296425 0.002313310 -0.002325751 0.999994576 203.566131592
0.999999583 -0.000697303 -0.000541163 -0.310069084 0.000698804 0.999995887 0.002778594 -3.001383543 0.000539223 -0.002778971 0.999995947 204.755676270
0.999999940 -0.000275006 0.000326830 -0.317667872 0.000274133 0.999996424 0.002668984 -3.020550728 -0.000327563 -0.002668894 0.999996364 205.954452515
0.999999106 -0.000614268 0.001157818 -0.327550560 0.000610818 0.999995351 0.002977143 -3.045305252 -0.001159642 -0.002976433 0.999994934 207.126739502
0.999997437 -0.001540842 0.001617880 -0.327933788 0.001535985 0.999994338 0.002999016 -3.066525698 -0.001622491 -0.002996523 0.999994159 208.285415649
0.999997914 -0.001370255 0.001521524 -0.331755757 0.001364321 0.999991536 0.003894336 -3.088589668 -0.001526848 -0.003892252 0.999991238 209.436996460
0.999996662 -0.002010413 0.001617165 -0.334916025 0.002002643 0.999986529 0.004792480 -3.106392384 -0.001626778 -0.004789225 0.999987125 210.563735962
0.999997377 -0.001960409 0.001210231 -0.342306405 0.001954609 0.999986649 0.004775661 -3.126942158 -0.001219577 -0.004773282 0.999987781 211.677856445
0.999998927 -0.001274811 0.000745404 -0.346039116 0.001271950 0.999991894 0.003826655 -3.147216320 -0.000750276 -0.003825702 0.999992430 212.787246704
0.999999583 -0.000933144 0.000104797 -0.349862665 0.000932841 0.999995470 0.002856836 -3.162952423 -0.000107462 -0.002856738 0.999995947 213.873657227
0.999999166 -0.001130416 -0.000481020 -0.355941117 0.001131735 0.999995589 0.002750867 -3.182922840 0.000477909 -0.002751409 0.999996126 214.949768066
0.999997675 -0.001536864 -0.001479722 -0.366846949 0.001540678 0.999995530 0.002579832 -3.199882984 0.001475751 -0.002582106 0.999995649 216.013076782
0.999991596 -0.002149948 -0.003477310 -0.366778493 0.002162193 0.999991417 0.003521844 -3.221898317 0.003469709 -0.003529333 0.999987721 217.065719604
0.999980390 -0.002910001 -0.005540637 -0.379648566 0.002938783 0.999982178 0.005193856 -3.241003990 0.005525424 -0.005210036 0.999971151 218.105911255
0.999967039 -0.002934058 -0.007568462 -0.391623616 0.002985337 0.999972582 0.006773035 -3.257350922 0.007548382 -0.006795406 0.999948442 219.133514404
0.999941289 -0.002778120 -0.010477901 -0.399404764 0.002850918 0.999971867 0.006939265 -3.271840811 0.010458328 -0.006968730 0.999921083 220.148468018
0.999915779 -0.002430811 -0.012742568 -0.420660496 0.002513585 0.999975801 0.006483927 -3.291310072 0.012726498 -0.006515412 0.999897838 221.144042969
0.999877036 -0.002510914 -0.015475227 -0.439845562 0.002612169 0.999975264 0.006526354 -3.306160450 0.015458460 -0.006565977 0.999858916 222.114685059
0.999825537 -0.002455536 -0.018513532 -0.461492538 0.002585227 0.999972224 0.006984572 -3.321929455 0.018495869 -0.007031215 0.999804199 223.057373047
0.999763072 -0.001803918 -0.021692328 -0.486131668 0.001945721 0.999976814 0.006517673 -3.335053444 0.021680068 -0.006558336 0.999743462 223.988265991
0.999691129 -0.002312729 -0.024747463 -0.511631489 0.002461021 0.999979138 0.005963424 -3.350536823 0.024733160 -0.006022485 0.999675989 224.904037476
0.999615192 -0.001937713 -0.027670693 -0.539361477 0.002088289 0.999983191 0.005413833 -3.363105297 0.027659740 -0.005469534 0.999602437 225.767822266
0.999528408 -0.001019315 -0.030691136 -0.574590206 0.001191463 0.999983668 0.005591301 -3.383822441 0.030684941 -0.005625231 0.999513268 226.622817993
0.999427617 -0.000787735 -0.033818297 -0.609011650 0.000941494 0.999989331 0.004530943 -3.395561695 0.033814371 -0.004560188 0.999417722 227.459243774
0.999356031 0.001032252 -0.035865277 -0.651526451 -0.000858745 0.999987900 0.004852847 -3.416368484 0.035869844 -0.004818923 0.999344766 228.280410767
0.999315441 0.002107870 -0.036934502 -0.679388523 -0.001915381 0.999984384 0.005246233 -3.427049160 0.036944989 -0.005171898 0.999303877 229.074966431
0.999329686 0.001858178 -0.036559824 -0.713741302 -0.001629494 0.999978960 0.006283866 -3.440884590 0.036570735 -0.006220080 0.999311686 229.855514526
0.999344170 0.001948145 -0.036160640 -0.744831562 -0.001697103 0.999974251 0.006971797 -3.453178167 0.036173295 -0.006905855 0.999321759 230.623519897
0.999356270 0.001829874 -0.035829499 -0.774550438 -0.001593346 0.999976873 0.006628926 -3.467592716 0.035840798 -0.006567571 0.999335945 231.363952637
0.999378562 0.002507881 -0.035160773 -0.806685448 -0.002339859 0.999985635 0.004819014 -3.480946064 0.035172343 -0.004733747 0.999370039 232.097824097
0.999399483 0.002754047 -0.034542102 -0.831263065 -0.002667533 0.999993145 0.002550439 -3.490334511 0.034548897 -0.002456764 0.999400020 232.827468872
0.999438822 0.002109268 -0.033430979 -0.857232094 -0.002067915 0.999997079 0.001271487 -3.506681442 0.033433564 -0.001201641 0.999440193 233.563629150
0.999480903 0.002819761 -0.032091234 -0.885297775 -0.002791801 0.999995768 0.000916042 -3.519844532 0.032093678 -0.000825974 0.999484479 234.284637451
0.999529779 0.002164763 -0.030588988 -0.907507896 -0.002144233 0.999997437 0.000703958 -3.531713009 0.030590437 -0.000638038 0.999531806 234.999435425
0.999597073 0.002034589 -0.028312415 -0.932565689 -0.002018058 0.999997795 0.000612443 -3.547162771 0.028313601 -0.000555060 0.999598920 235.719116211
0.999649704 0.002491755 -0.026348747 -0.952569485 -0.002478155 0.999996781 0.000548786 -3.560892820 0.026350029 -0.000483298 0.999652684 236.430618286
0.999703586 0.001853350 -0.024276625 -0.974365234 -0.001853609 0.999998331 0.000011820 -3.570983648 0.024276603 0.000033183 0.999705255 237.135864258
0.999766648 0.001707280 -0.021530803 -0.988750935 -0.001695719 0.999998391 0.000555200 -3.586489201 0.021531720 -0.000518561 0.999768019 237.850708008
0.999823809 0.000899304 -0.018750476 -0.995529890 -0.000868651 0.999998271 0.001642897 -3.604387760 0.018751921 -0.001626320 0.999822855 238.546295166
0.999885082 0.000064666 -0.015152315 -1.017495394 -0.000039858 0.999998629 0.001637507 -3.612856388 0.015152398 -0.001636715 0.999883831 239.248870850
0.999920726 -0.000230332 -0.012589022 -1.022900820 0.000253670 0.999998271 0.001852252 -3.628270626 0.012588572 -0.001855298 0.999918997 239.947402954
0.999955535 -0.000596940 -0.009407333 -1.030684590 0.000609018 0.999998927 0.001281082 -3.640382051 0.009406558 -0.001286754 0.999954939 240.642120361
0.999978900 -0.000702435 -0.006459801 -1.036318302 0.000707257 0.999999404 0.000744289 -3.649405003 0.006459276 -0.000748842 0.999978900 241.331085205
0.999993384 -0.000071234 -0.003648879 -1.039942026 0.000071976 0.999999940 0.000203400 -3.662142038 0.003648865 -0.000203661 0.999993324 242.025466919
0.999999821 0.000138264 -0.000439295 -1.046195984 -0.000138363 0.999999940 -0.000225956 -3.676734209 0.000439264 0.000226017 0.999999821 242.718582153
0.999997616 0.000488273 0.002102066 -1.043330908 -0.000489507 0.999999702 0.000586234 -3.687100172 -0.002101779 -0.000587262 0.999997616 243.420379639
0.999987483 0.000390026 0.004977907 -1.045781493 -0.000397649 0.999998748 0.001530411 -3.700747013 -0.004977304 -0.001532371 0.999986410 244.114761353
0.999974906 0.000622385 0.007049013 -1.038877964 -0.000629262 0.999999285 0.000973523 -3.709764957 -0.007048403 -0.000977934 0.999974668 244.831100464
0.999956727 0.000420332 0.009287975 -1.035737753 -0.000417724 0.999999881 -0.000282766 -3.723092318 -0.009288093 0.000278874 0.999956846 245.535064697
0.999933004 0.000644345 0.011557742 -1.033312321 -0.000608568 0.999994993 -0.003098740 -3.732780457 -0.011559682 0.003091499 0.999928415 246.244964600
0.999928713 -0.000763772 0.011924506 -1.017576218 0.000817303 0.999989569 -0.004484951 -3.746902466 -0.011920959 0.004494376 0.999918818 246.971588135
0.999925256 -0.000589593 0.012212741 -1.012266159 0.000649415 0.999987781 -0.004894938 -3.759446144 -0.012209707 0.004902503 0.999913394 247.691787720
0.999925733 -0.001192779 0.012121931 -1.001781702 0.001258141 0.999984682 -0.005385839 -3.775367260 -0.012115321 0.005400692 0.999911964 248.418258667
0.999925017 -0.000190279 0.012242782 -0.996068239 0.000259409 0.999983966 -0.005645208 -3.789263725 -0.012241513 0.005647960 0.999909103 249.152954102
0.999921858 0.000416680 0.012489543 -0.991356134 -0.000340518 0.999981344 -0.006099615 -3.804231644 -0.012491852 0.006094886 0.999903381 249.891250610
0.999918878 -0.000863068 0.012703448 -0.982558966 0.000965052 0.999967277 -0.008024065 -3.818809032 -0.012696109 0.008035673 0.999887109 250.638046265
0.999900460 -0.004394970 0.013408487 -0.975889921 0.004529643 0.999939442 -0.010030136 -3.836915493 -0.013363593 0.010089872 0.999859810 251.383773804
0.999875367 -0.007724585 0.013769030 -0.961746454 0.007874287 0.999910116 -0.010851505 -3.852028370 -0.013683966 0.010958575 0.999846280 252.149917603
0.999884129 -0.005311971 0.014268668 -0.954304218 0.005412534 0.999960721 -0.007018543 -3.865223408 -0.014230826 0.007094960 0.999873519 252.925140381
0.999887884 -0.001535362 0.014896202 -0.952114820 0.001549299 0.999998331 -0.000924094 -3.876997709 -0.014894758 0.000947069 0.999888599 253.704223633
0.999877214 -0.002371292 0.015492640 -0.939099312 0.002329370 0.999993622 0.002723397 -3.893451929 -0.015499000 -0.002686974 0.999876201 254.491836548
0.999828935 -0.003567690 0.018147526 -0.926897526 0.003561781 0.999993622 0.000357902 -3.903199673 -0.018148687 -0.000293204 0.999835253 255.289428711
0.999755025 -0.002419926 0.021998132 -0.911338329 0.002549851 0.999979436 -0.005880073 -3.911525249 -0.021983456 0.005934724 0.999740720 256.085510254
0.999657929 -0.000218739 0.026150256 -0.903409958 0.000469735 0.999953926 -0.009592444 -3.922741413 -0.026146948 0.009601448 0.999612033 256.893188477
0.999568343 0.001795234 0.029321942 -0.883677959 -0.001532426 0.999958456 -0.008982875 -3.942331791 -0.029336851 0.008934066 0.999529660 257.704620361
0.999489427 0.000168088 0.031951729 -0.848515511 0.000058411 0.999974906 -0.007087719 -3.954587221 -0.031952117 0.007085966 0.999464273 258.543151855
0.999383032 -0.002906204 0.035001330 -0.815847397 0.003041449 0.999988079 -0.003811375 -3.971563816 -0.034989830 0.003915478 0.999379992 259.380340576
0.999259293 -0.005820936 0.038036436 -0.787800789 0.005923046 0.999979198 -0.002572434 -3.985572338 -0.038020667 0.002795820 0.999273002 260.215301514
0.999149323 -0.004899916 0.040949151 -0.754920006 0.004972533 0.999986231 -0.001671659 -4.004072189 -0.040940393 0.001873858 0.999159813 261.069671631
0.999046206 -0.002804059 0.043573547 -0.724384308 0.002967405 0.999988794 -0.003684502 -4.019983768 -0.043562733 0.003810289 0.999043405 261.912628174
0.998934329 -0.002408973 0.046090461 -0.693624496 0.002686244 0.999978602 -0.005954796 -4.039429188 -0.046075128 0.006072260 0.998919487 262.744445801
0.998818815 -0.001911049 0.048551142 -0.654229164 0.002211148 0.999978721 -0.006128140 -4.051965714 -0.048538405 0.006228256 0.998801827 263.600219727
0.998679399 -0.000968241 0.051365692 -0.617025375 0.001165809 0.999991953 -0.003816468 -4.072507858 -0.051361576 0.003871311 0.998672605 264.441833496
0.998509526 0.000439826 0.054575481 -0.576405525 -0.000320666 0.999997556 -0.002192132 -4.091599464 -0.054576311 0.002171364 0.998507202 265.286499023
0.998359084 0.001201760 0.057250403 -0.525866508 -0.001069601 0.999996722 -0.002339035 -4.109870911 -0.057253037 0.002273962 0.998357058 266.147094727
0.998199880 0.001410262 0.059957139 -0.480319977 -0.001253193 0.999995708 -0.002657213 -4.126772881 -0.059960630 0.002577292 0.998197317 266.992614746
0.998055220 -0.000505928 0.062333949 -0.425502777 0.000693805 0.999995291 -0.002992439 -4.142349243 -0.062332138 0.003029866 0.998050869 267.829010010
0.997910678 -0.003704497 0.064501196 -0.370111465 0.003869233 0.999989569 -0.002429272 -4.157309532 -0.064491518 0.002673767 0.997914672 268.706756592
0.997857630 -0.004197903 0.065286420 -0.312204361 0.004382057 0.999986827 -0.002677758 -4.171496391 -0.065274313 0.002958111 0.997862995 269.553558350
0.997823834 -0.005029817 0.065743722 -0.262880325 0.005179844 0.999984384 -0.002111743 -4.194761753 -0.065732069 0.002447690 0.997834325 270.401763916
0.997805357 -0.005310070 0.066001527 -0.199722290 0.005482876 0.999981999 -0.002437340 -4.205521107 -0.065987378 0.002793869 0.997816503 271.297790527
0.997814000 -0.005045926 0.065891698 -0.150138855 0.005188049 0.999984503 -0.001985970 -4.220166206 -0.065880641 0.002323478 0.997824788 272.158660889
0.997846067 -0.004555871 0.065441117 -0.100191116 0.004665532 0.999987960 -0.001522986 -4.234271049 -0.065433390 0.001825023 0.997855246 273.013122559
0.997945964 -0.005079658 0.063858487 -0.037340164 0.005216282 0.999984384 -0.001972948 -4.258082867 -0.063847467 0.002301999 0.997956991 273.888427734
0.998046219 -0.005018348 0.062276918 0.012351990 0.005210365 0.999982119 -0.002921246 -4.274781704 -0.062261157 0.003240025 0.998054564 274.740356445
0.998150527 -0.004032178 0.060656626 0.061546326 0.004265917 0.999983907 -0.003724471 -4.289831161 -0.060640641 0.003976338 0.998151660 275.616882324
0.998256564 -0.003146456 0.058940433 0.109195709 0.003396167 0.999985754 -0.004136977 -4.305846691 -0.058926582 0.004329935 0.998252869 276.469390869
0.998346031 -0.001516862 0.057470527 0.148873329 0.001760339 0.999989688 -0.004186174 -4.329552174 -0.057463583 0.004280418 0.998338401 277.325927734
0.998470783 -0.000862229 0.055274386 0.190700531 0.001062894 0.999992907 -0.003601046 -4.345424652 -0.055270895 0.003654289 0.998464644 278.173248291
0.998628616 -0.001507735 0.052331589 0.231364250 0.001631272 0.999995947 -0.002318009 -4.361605167 -0.052327890 0.002400197 0.998627067 279.038360596
0.998840690 -0.002695681 0.048061997 0.268440247 0.002685752 0.999996364 0.000271161 -4.379562378 -0.048062548 -0.000141764 0.998844266 279.878967285
0.999066055 -0.004580657 0.042965967 0.305370331 0.004489412 0.999987483 0.002219906 -4.399572372 -0.042975601 -0.002024941 0.999074042 280.725250244
0.999249279 -0.004603079 0.038465388 0.331827164 0.004480600 0.999984622 0.003269704 -4.414230347 -0.038479846 -0.003094902 0.999254584 281.570465088
0.999423504 -0.004544091 0.033644035 0.352884293 0.004427357 0.999983847 0.003543385 -4.422940254 -0.033659596 -0.003392389 0.999427617 282.389312744
0.999566734 -0.005747810 0.028867234 0.380756855 0.005620596 0.999974072 0.004486107 -4.439741611 -0.028892277 -0.004321911 0.999573171 283.215515137
0.999686897 -0.006472350 0.024172362 0.395096302 0.006369404 0.999970317 0.004333372 -4.448565960 -0.024199694 -0.004178052 0.999698341 284.016845703
0.999771953 -0.006530493 0.020330813 0.404811859 0.006445579 0.999970198 0.004239396 -4.464930058 -0.020357892 -0.004107386 0.999784291 284.804687500
0.999847949 -0.006059407 0.016342225 0.415022850 0.005994850 0.999974072 0.003996354 -4.477154732 -0.016366014 -0.003897778 0.999858499 285.575256348
0.999903619 -0.006033517 0.012499076 0.420028925 0.005984897 0.999974370 0.003923613 -4.490433693 -0.012522430 -0.003848430 0.999914110 286.328735352
