-0.998301148 0.056845110 -0.012785277 -13.120408058 0.056405179 0.997879624 0.032476611 1.207495570 0.014604304 0.031700283 -0.999390721 16.929819107
-0.998356819 0.055747561 -0.013266044 -13.127897263 0.055336311 0.998029709 0.029574608 1.228599548 0.014888618 0.028791919 -0.999474525 15.538886070
-0.998475671 0.053439829 -0.013798831 -13.142721176 0.053074222 0.998261690 0.025626013 1.238223553 0.015144293 0.024854589 -0.999576390 14.170010567
-0.998665392 0.049770411 -0.013796415 -13.150953293 0.049431205 0.998490930 0.023924459 1.249715805 0.014966326 0.023210555 -0.999618590 12.791975975
-0.998801529 0.046993382 -0.013679080 -13.157199860 0.046624370 0.998570085 0.026149319 1.259765863 0.014888366 0.025480200 -0.999564528 11.427037239
-0.998856187 0.045949291 -0.013223764 -13.168308258 0.045558970 0.998556674 0.028441817 1.269165516 0.014511557 0.027806824 -0.999507964 10.045068741
-0.998805106 0.047072064 -0.013136915 -13.179755211 0.046658602 0.998454809 0.030180765 1.287958622 0.014537287 0.029531751 -0.999458134 8.677869797
-0.998592734 0.051451016 -0.012859617 -13.195864677 0.051004156 0.998154819 0.032947887 1.297983885 0.014531092 0.032245629 -0.999374270 7.297791481
-0.998322010 0.056529641 -0.012545616 -13.211630821 0.056070291 0.997835398 0.034359608 1.317509651 0.014460797 0.033598524 -0.999330699 5.914780140
-0.998197496 0.058708001 -0.012450802 -13.225426674 0.058265664 0.997744560 0.033327188 1.339377165 0.014379294 0.032541662 -0.999366939 4.546831608
-0.998157024 0.059419129 -0.012325925 -13.245191574 0.059016958 0.997782826 0.030763989 1.363136172 0.014126566 0.029979855 -0.999450684 3.183477163
-0.998219371 0.058317509 -0.012532239 -13.255788803 0.057940181 0.997909784 0.028615003 1.380928159 0.014174801 0.027837930 -0.999511957 1.814576507
-0.998338461 0.056110132 -0.013112710 -13.263057709 0.055731352 0.998062611 0.027658323 1.400629163 0.014639218 0.026881579 -0.999531448 0.437462807
-0.998421133 0.054505851 -0.013578733 -13.270130157 0.054110125 0.998142838 0.027980344 1.423871994 0.015078609 0.027201422 -0.999516308 -0.937299490
-0.998444915 0.054030191 -0.013729339 -13.285235405 0.053636484 0.998179376 0.027586740 1.432753682 0.015194860 0.026807446 -0.999525130 -2.311533213
-0.998428345 0.054276813 -0.013956662 -13.295912743 0.053900957 0.998206973 0.026026914 1.448105454 0.015344297 0.025233731 -0.999563813 -3.696024656
-0.998485029 0.053217817 -0.013983604 -13.312464714 0.052849293 0.998276472 0.025519356 1.462127328 0.015317586 0.024741676 -0.999576449 -5.067994595
-0.998486638 0.053074904 -0.014403888 -13.320492744 0.052685175 0.998267174 0.026207218 1.475732088 0.015769875 0.025408685 -0.999552727 -6.453768730
-0.998561978 0.051572271 -0.014632111 -13.332064629 0.051190827 0.998367190 0.025344811 1.491270423 0.015915310 0.024559338 -0.999571621 -7.838640213
-0.998660564 0.049494866 -0.015073637 -13.341631889 0.049095687 0.998461127 0.025791125 1.508103967 0.016326969 0.025016533 -0.999553740 -9.236600876
-0.998762488 0.047375254 -0.015133084 -13.354946136 0.046928979 0.998488843 0.028596316 1.519680500 0.016464971 0.027850747 -0.999476492 -10.647242546
-0.998851717 0.045372598 -0.015379617 -13.365950584 0.044923380 0.998586893 0.028393265 1.537957549 0.016646160 0.027669758 -0.999478519 -12.043612480
-0.998856187 0.045159847 -0.015711350 -13.385530472 0.044755142 0.998679519 0.025221726 1.552812815 0.016829614 0.024489712 -0.999558389 -13.450723648
-0.998911798 0.043893393 -0.015763642 -13.398635864 0.043497272 0.998749495 0.024649041 1.570088506 0.016825859 0.023936544 -0.999571860 -14.855951309
-0.998920441 0.043859143 -0.015307740 -13.417557716 0.043457385 0.998725712 0.025659030 1.574515581 0.016413618 0.024966098 -0.999553502 -16.256317139
-0.998975158 0.042578250 -0.015356560 -13.428555489 0.042213302 0.998835564 0.023354201 1.587085962 0.016333060 0.022682017 -0.999609292 -17.666597366
-0.999050260 0.040912043 -0.014993942 -13.444854736 0.040614005 0.998981297 0.019670043 1.598240376 0.015783409 0.019042397 -0.999694109 -19.080415726
-0.999058783 0.040738158 -0.014894175 -13.461504936 0.040452890 0.999001324 0.018976806 1.605852842 0.015652377 0.018356435 -0.999708951 -20.490842819
-0.999030113 0.041592110 -0.014451809 -13.477013588 0.041291516 0.998936653 0.020509912 1.614788771 0.015289489 0.019893283 -0.999685168 -21.910316467
-0.998895049 0.044903569 -0.013867619 -13.497760773 0.044603869 0.998779476 0.021213220 1.622658610 0.014803243 0.020571232 -0.999678791 -23.336244583
-0.998853624 0.045899861 -0.013590014 -13.507186890 0.045612860 0.998744190 0.020724541 1.632101774 0.014524201 0.020080904 -0.999692857 -24.761556625
-0.998865306 0.045889698 -0.012736250 -13.526268959 0.045619126 0.998742759 0.020778550 1.636350632 0.013673760 0.020173958 -0.999702930 -26.204952240
-0.998905182 0.044927586 -0.013035284 -13.534666061 0.044682551 0.998829603 0.018516531 1.646781445 0.013851931 0.017913809 -0.999743581 -27.634843826
-0.998960137 0.043837879 -0.012518924 -13.546146393 0.043577176 0.998841941 0.020389073 1.648837924 0.013398239 0.019822331 -0.999713719 -29.070903778
-0.998956800 0.044218991 -0.011403199 -13.562590599 0.043935694 0.998745978 0.024000891 1.657734752 0.012450195 0.023474842 -0.999646842 -30.497957230
-0.998876810 0.046023495 -0.011269168 -13.566770554 0.045742698 0.998664379 0.024021924 1.671221256 0.012359689 0.023479460 -0.999647915 -31.937557220
-0.998757780 0.048755545 -0.010285744 -13.583700180 0.048511233 0.998562396 0.022797480 1.684189320 0.011382461 0.022270186 -0.999687195 -33.356735229
-0.998666525 0.050743174 -0.009500945 -13.599968910 0.050508600 0.998447359 0.023486640 1.689102173 0.010677980 0.022975439 -0.999679029 -34.813117981
-0.998610318 0.051895048 -0.009180566 -13.607380867 0.051658109 0.998366714 0.024396818 1.698169947 0.010431646 0.023888661 -0.999660194 -36.247451782
-0.998518765 0.053670350 -0.008920183 -13.616230011 0.053439066 0.998272657 0.024408745 1.708199739 0.010214802 0.023895906 -0.999662220 -37.670425415
-0.998370111 0.056441631 -0.008455029 -13.630518913 0.056213316 0.998101532 0.025166791 1.716373205 0.009859432 0.024650486 -0.999647498 -39.087306976
-0.998254478 0.058513701 -0.008010116 -13.640615463 0.058283020 0.997948050 0.026509771 1.725149393 0.009544864 0.025996646 -0.999616444 -40.500625610
-0.998137951 0.060514826 -0.007646885 -13.651257515 0.060282648 0.997799039 0.027623225 1.730417490 0.009301669 0.027110819 -0.999589086 -41.915904999
-0.997976303 0.063155159 -0.007395098 -13.663604736 0.062961429 0.997727036 0.024013732 1.737307906 0.008894879 0.023499535 -0.999684215 -43.327754974
-0.997896731 0.064393573 -0.007444557 -13.672963142 0.064237699 0.997742891 0.019561989 1.744698286 0.008687420 0.019042626 -0.999780953 -44.717788696
-0.997848690 0.065189824 -0.006941818 -13.684791565 0.065052874 0.997712135 0.018402899 1.752552509 0.008125617 0.017911723 -0.999806583 -46.119617462
-0.997840285 0.065269895 -0.007382744 -13.682806015 0.065100938 0.997653782 0.021185031 1.745682597 0.008748167 0.020658657 -0.999748230 -47.522476196
-0.997905195 0.064285375 -0.007251425 -13.686897278 0.064113103 0.997702122 0.021907585 1.754717588 0.008643101 0.021396780 -0.999733627 -48.926303864
-0.997922063 0.064000644 -0.007448790 -13.691584587 0.063828640 0.997731328 0.021404343 1.753705859 0.008801783 0.020884421 -0.999743104 -50.330234528
-0.997908354 0.064197034 -0.007596326 -13.696520805 0.064024821 0.997725666 0.021080581 1.765874386 0.008932360 0.020550136 -0.999748886 -51.738292694
-0.997931063 0.063873634 -0.007321623 -13.703645706 0.063698344 0.997724593 0.022090316 1.767865181 0.008715952 0.021578239 -0.999729156 -53.141212463
-0.997910678 0.064119749 -0.007927882 -13.712246895 0.063952677 0.997756720 0.019784613 1.775131106 0.009178682 0.019236270 -0.999772787 -54.541603088
-0.997954845 0.063276120 -0.009066569 -13.713395119 0.063089892 0.997816682 0.019533329 1.778661013 0.010282768 0.018921373 -0.999768019 -55.944828033
-0.997945070 0.063308343 -0.009882883 -13.725016594 0.063099481 0.997803152 0.020180944 1.787664890 0.011138794 0.019515868 -0.999747515 -57.352172852
-0.997879624 0.064168386 -0.010891970 -13.734324455 0.063938141 0.997747123 0.020313753 1.786107779 0.012170934 0.019574270 -0.999734282 -58.755710602
-0.997822940 0.064962387 -0.011366517 -13.753864288 0.064738505 0.997720122 0.019065429 1.791511655 0.012579137 0.018288070 -0.999753654 -60.160297394
-0.997822583 0.064776935 -0.012407154 -13.764060974 0.064531818 0.997730374 0.019230329 1.787513137 0.013624673 0.018387802 -0.999738097 -61.548618317
-0.997865498 0.063981622 -0.013065158 -13.771020889 0.063713878 0.997768223 0.019973377 1.791173220 0.014313930 0.019098310 -0.999715149 -62.972373962
-0.997893453 0.063307524 -0.014166065 -13.783143997 0.063012019 0.997803807 0.020415734 1.795933723 0.015427425 0.019480096 -0.999691188 -64.371040344
-0.997951329 0.062312596 -0.014499367 -13.802172661 0.062003419 0.997857511 0.020876892 1.800267696 0.015769197 0.019935111 -0.999676883 -65.780967712
-0.997975826 0.061731603 -0.015279463 -13.819749832 0.061407391 0.997894943 0.020849463 1.805995822 0.016534371 0.019868987 -0.999665856 -67.178749084
-0.997978151 0.061663836 -0.015400235 -13.839232445 0.061328426 0.997888684 0.021377133 1.803707242 0.016685916 0.020389440 -0.999652863 -68.599975586
-0.997903347 0.062877148 -0.015339505 -13.855073929 0.062565885 0.997840583 0.019991495 1.806585789 0.016563388 0.018989850 -0.999682486 -69.996276855
-0.997906983 0.062842019 -0.015247865 -13.868779182 0.062569387 0.997882903 0.017743485 1.808223605 0.016330620 0.016752301 -0.999726236 -71.376045227
-0.997940481 0.062478621 -0.014535742 -13.888613701 0.062222965 0.997910261 0.017422318 1.806236982 0.015593888 0.016481983 -0.999742508 -72.765457153
-0.997831464 0.064255074 -0.014270984 -13.900590897 0.063986659 0.997778714 0.018530082 1.804785490 0.015429936 0.017576749 -0.999726415 -74.145729065
-0.997750580 0.065698475 -0.013320899 -13.915463448 0.065419815 0.997649789 0.020374663 1.805965662 0.014628176 0.019457385 -0.999703705 -75.537307739
-0.997728407 0.066225767 -0.012338115 -13.930735588 0.065937318 0.997570574 0.022478266 1.809634447 0.013796780 0.021613661 -0.999671221 -76.914039612
-0.997687638 0.067021035 -0.011289913 -13.943629265 0.066763230 0.997529685 0.021843711 1.813320518 0.012726012 0.021039452 -0.999697566 -78.287506104
-0.997734427 0.066429354 -0.010635883 -13.958495140 0.066231154 0.997641683 0.018013539 1.817410231 0.011807428 0.017268304 -0.999781132 -79.649894714
-0.997847319 0.064745031 -0.010423540 -13.965935707 0.064580336 0.997793257 0.015429016 1.817381144 0.011399490 0.014722649 -0.999826550 -81.022994995
-0.997919321 0.063561641 -0.010804776 -13.966769218 0.063372023 0.997844040 0.017068841 1.816425443 0.011866406 0.016348610 -0.999795854 -82.377746582
-0.997906506 0.063847162 -0.010304797 -13.978207588 0.063615546 0.997744560 0.021425089 1.820108414 0.011649486 0.020724691 -0.999717355 -83.742424011
-0.997874141 0.064394102 -0.010031298 -13.984528542 0.064143710 0.997662663 0.023550961 1.830204725 0.011524395 0.022857452 -0.999672294 -85.103530884
-0.997848392 0.064730167 -0.010418423 -13.994700432 0.064464532 0.997629404 0.024081057 1.832563162 0.011952498 0.023357630 -0.999655664 -86.444046021
-0.997851253 0.064592563 -0.010980761 -14.002140045 0.064337224 0.997681081 0.022203820 1.835510612 0.012389499 0.021449637 -0.999693155 -87.781181335
-0.997893810 0.063775733 -0.011850928 -14.013260841 0.063525595 0.997771561 0.020404527 1.842307091 0.013125833 0.019608716 -0.999721527 -89.123039246
-0.997947812 0.062696047 -0.013011115 -14.020242691 0.062443014 0.997867286 0.019019172 1.846900105 0.014175793 0.018167686 -0.999734461 -90.458648682
-0.997978985 0.062049057 -0.013701338 -14.032513618 0.061761677 0.997880578 0.020486359 1.844112396 0.014943459 0.019598735 -0.999696255 -91.796394348
-0.997982204 0.061887100 -0.014189399 -14.048147202 0.061566405 0.997859955 0.022021791 1.847786665 0.015521898 0.021103764 -0.999656796 -93.129714966
-0.997978806 0.061732862 -0.015079135 -14.058310509 0.061412551 0.997894585 0.020854330 1.845319271 0.016334785 0.019886132 -0.999668777 -94.460861206
-0.997957587 0.061839677 -0.016014664 -14.073781967 0.061510149 0.997899771 0.020311108 1.843475103 0.017237060 0.019284563 -0.999665380 -95.780487061
-0.997972608 0.061593760 -0.016022565 -14.094927788 0.061246824 0.997895122 0.021310678 1.851564407 0.017301444 0.020286145 -0.999644518 -97.115119934
-0.997949719 0.061775468 -0.016736714 -14.114195824 0.061394844 0.997862756 0.022374246 1.850159764 0.018083123 0.021300826 -0.999609590 -98.423446655
-0.997961640 0.061334621 -0.017623117 -14.131697655 0.060941257 0.997897744 0.022052931 1.861256838 0.018938676 0.020934004 -0.999601543 -99.736038208
-0.997917235 0.061766669 -0.018598957 -14.151065826 0.061346307 0.997865558 0.022382345 1.860154629 0.019941740 0.021194752 -0.999576449 -101.058792114
-0.997904241 0.061754063 -0.019326964 -14.171381950 0.061322816 0.997871876 0.022163110 1.863422871 0.020654496 0.020931479 -0.999567568 -102.372634888
-0.997897089 0.061570950 -0.020258296 -14.187018394 0.061126318 0.997890115 0.021881271 1.869796634 0.021562804 0.020596944 -0.999555349 -103.668197632
-0.997898340 0.061403889 -0.020699501 -14.216192245 0.060946774 0.997897744 0.022035293 1.874723196 0.022009039 0.020727415 -0.999542892 -104.979629517
-0.997921109 0.060780868 -0.021425709 -14.234379768 0.060312741 0.997940183 0.021857329 1.878948689 0.022710085 0.020519644 -0.999531567 -106.279380798
-0.997889102 0.061080076 -0.022055203 -14.260644913 0.060631335 0.997950196 0.020472547 1.879069805 0.023260463 0.019092094 -0.999547124 -107.570747375
-0.997844398 0.061605144 -0.022613607 -14.283600807 0.061180156 0.997945309 0.019028107 1.877583265 0.023739373 0.017603584 -0.999563158 -108.861999512
-0.997824252 0.061820798 -0.022910340 -14.313138962 0.061364029 0.997912347 0.020131582 1.882004499 0.024107061 0.018681910 -0.999534786 -110.145355225
-0.997796118 0.062194362 -0.023121811 -14.328884125 0.061667364 0.997835219 0.022846794 1.883710027 0.024492698 0.021370584 -0.999471545 -111.426795959
-0.997789323 0.062315796 -0.023087690 -14.350169182 0.061819986 0.997853577 0.021600284 1.889999390 0.024384169 0.020125257 -0.999499977 -112.710533142
-0.997833073 0.061585125 -0.023157571 -14.373613358 0.061109073 0.997915685 0.020732194 1.895465374 0.024386099 0.019272134 -0.999516785 -113.972892761
-0.997790039 0.062426500 -0.022757664 -14.403188705 0.061955608 0.997861207 0.020841366 1.899541497 0.024010047 0.019385343 -0.999523699 -115.244865417
-0.997734785 0.063456245 -0.022328671 -14.430600166 0.062980726 0.997785449 0.021391967 1.903493047 0.023636676 0.019937234 -0.999521792 -116.509231567
-0.997754097 0.063543797 -0.021188740 -14.463205338 0.063069768 0.997759104 0.022336842 1.907076120 0.022560626 0.020950304 -0.999525905 -117.764564514
-0.997758865 0.063277893 -0.021749604 -14.479802132 0.062771507 0.997757554 0.023226643 1.910844564 0.023170566 0.021809332 -0.999493599 -119.018180847
-0.997734189 0.063668273 -0.021741144 -14.503488541 0.063176587 0.997746408 0.022599891 1.919711590 0.023131045 0.021175152 -0.999508142 -120.266487122
-0.997777939 0.062975779 -0.021754635 -14.526426315 0.062483557 0.997789800 0.022610778 1.928872824 0.023130486 0.021201227 -0.999507606 -121.528045654
-0.997728884 0.063728847 -0.021810103 -14.554494858 0.063248694 0.997754395 0.022039846 1.934699059 0.023165699 0.020610331 -0.999519110 -122.757850647
-0.997795165 0.062408976 -0.022582646 -14.573300362 0.061909068 0.997834921 0.022197934 1.925948381 0.023919104 0.020750919 -0.999498487 -123.982215881
-0.997835517 0.061276287 -0.023867412 -14.596629143 0.060741570 0.997899532 0.022519320 1.931508422 0.025197178 0.021020835 -0.999461412 -125.192687988
-0.997880995 0.059987277 -0.025199909 -14.620452881 0.059393793 0.997953832 0.023674540 1.937491417 0.026568519 0.022127658 -0.999401987 -126.410057068
-0.997922897 0.058930747 -0.026020521 -14.650138855 0.058302186 0.998003423 0.024288924 1.939599633 0.027399935 0.022721423 -0.999366283 -127.608329773
-0.997928619 0.057976253 -0.027877441 -14.669436455 0.057340361 0.998087525 0.023093542 1.939983487 0.029163001 0.021447204 -0.999344528 -128.795394897
-0.997856438 0.058461681 -0.029405555 -14.693337440 0.057862390 0.998107135 0.020834789 1.948035598 0.030567924 0.019088654 -0.999350369 -129.980392456
-0.997793972 0.059410419 -0.029621610 -14.730701447 0.058784623 0.998037577 0.021568343 1.940692902 0.030844865 0.019779466 -0.999328434 -131.142654419
-0.997761190 0.060145386 -0.029242596 -14.766977310 0.059449311 0.997939885 0.024117822 1.936508775 0.030632926 0.022325370 -0.999281347 -132.295440674
-0.997691214 0.061374936 -0.029075330 -14.793733597 0.060631715 0.997826934 0.025789697 1.939331293 0.030594995 0.023967264 -0.999244452 -133.442565918
-0.997521758 0.064179517 -0.028831754 -14.827905655 0.063429177 0.997641683 0.026227171 1.948204279 0.030447006 0.024333403 -0.999240100 -134.559600830
-0.997464597 0.064858653 -0.029286793 -14.842481613 0.064111710 0.997610092 0.025762269 1.945387840 0.030887712 0.023819324 -0.999239028 -135.652801514
-0.997546256 0.063619152 -0.029220067 -14.872317314 0.062833756 0.997657239 0.027053798 1.954094291 0.030872753 0.025151413 -0.999206841 -136.738388062
-0.997535586 0.063580729 -0.029665994 -14.894512177 0.062706560 0.997595251 0.029521972 1.958028793 0.031471681 0.027588969 -0.999123812 -137.783859253
-0.997500956 0.063395031 -0.031192381 -14.920555115 0.062487029 0.997616351 0.029271862 1.964540005 0.032973725 0.027249590 -0.999084592 -138.813339233
-0.997569799 0.061238606 -0.033232093 -14.945542336 0.060322184 0.997788608 0.027912477 1.974197626 0.034867924 0.025840012 -0.999057770 -139.822067261
-0.997534096 0.061127428 -0.034483951 -14.972770691 0.060167301 0.997789264 0.028226011 1.975215673 0.036133099 0.026081607 -0.999006510 -140.827667236
-0.997421741 0.062477615 -0.035304196 -15.009752274 0.061468843 0.997688472 0.028972041 1.981872320 0.037032701 0.026727237 -0.998956501 -141.789138794
-0.997334480 0.063353769 -0.036196966 -15.041521072 0.062307678 0.997625828 0.029332953 1.983057737 0.037969381 0.026999416 -0.998914063 -142.735183716
-0.997319758 0.063972749 -0.035509579 -15.072519302 0.062946625 0.997586668 0.029301012 1.988464594 0.037298348 0.026987268 -0.998939693 -143.648162842
-0.997216523 0.066575997 -0.033567198 -15.106440544 0.065633900 0.997438669 0.028428353 1.993323326 0.035373867 0.026146077 -0.999032080 -144.544601440
-0.997175872 0.070044793 -0.027092911 -15.131740570 0.069310702 0.997225583 0.027147651 1.996802926 0.028919300 0.025193153 -0.999264181 -145.386917114
-0.997151792 0.073840424 -0.015360708 -15.146836281 0.073426694 0.996962965 0.025949955 1.997386932 0.017230213 0.024748158 -0.999545217 -146.200317383
-0.996976733 0.077649020 0.002840919 -15.144117355 0.077695690 0.996668816 0.024788983 1.998909593 -0.000906615 0.024934765 -0.999688625 -146.983932495
-0.996632040 0.078023560 0.025236133 -15.113306046 0.078645706 0.996597111 0.024677811 1.995725870 -0.023224801 0.026579412 -0.999376893 -147.732162476
-0.995682776 0.077324755 0.051348556 -15.067007065 0.078763813 0.996537924 0.026616486 1.992465973 -0.049112655 0.030545985 -0.998326063 -148.455810547
-0.993950069 0.075369038 0.079891324 -14.996974945 0.077878952 0.996547461 0.028776336 1.994649172 -0.077446647 0.034824099 -0.996388137 -149.141998291
-0.991021991 0.074436471 0.111061119 -14.902795792 0.077945240 0.996575832 0.027587093 1.991442442 -0.108627334 0.035996094 -0.993430734 -149.805435181
-0.986256480 0.075564466 0.146929055 -14.796375275 0.079874657 0.996524274 0.023651361 1.982331514 -0.144631132 0.035062216 -0.988864243 -150.430831909
-0.979270399 0.076851219 0.187412307 -14.664731979 0.081662990 0.996496022 0.018078951 1.978731871 -0.185366184 0.033008832 -0.982114971 -151.012405396
-0.969839573 0.077183664 0.231201380 -14.505496979 0.082401633 0.996514618 0.012983039 1.974318862 -0.229393467 0.031642836 -0.972819209 -151.571166992
-0.957425535 0.076599509 0.278332323 -14.323532104 0.082499266 0.996545553 0.009528187 1.970678687 -0.276640922 0.032084741 -0.960437596 -152.105667114
-0.941383660 0.077069715 0.328415990 -14.123619080 0.083898596 0.996452093 0.006651600 1.953280330 -0.326738179 0.033815350 -0.944509745 -152.585632324
-0.921030283 0.077721402 0.381657690 -13.890159607 0.085257761 0.996354818 0.002847788 1.938755274 -0.380045176 0.035162177 -0.924299359 -153.070007324
-0.896621704 0.076249115 0.436182916 -13.631240845 0.084187172 0.996449232 -0.001133311 1.922796011 -0.434720546 0.035704851 -0.899857342 -153.517547607
-0.868018866 0.074852027 0.490856886 -13.340229034 0.083371133 0.996508241 -0.004528726 1.905146837 -0.489481926 0.036992270 -0.871228456 -153.937896729
-0.834553838 0.072821490 0.546092272 -13.047752380 0.082048662 0.996600032 -0.007507645 1.887561560 -0.544782400 0.038540609 -0.837691426 -154.328445435
-0.796457410 0.071677640 0.600431323 -12.716186523 0.081462286 0.996616602 -0.010915301 1.869256616 -0.599182367 0.040218934 -0.799601853 -154.715469360
-0.753682733 0.069547132 0.653548419 -12.363243103 0.079990178 0.996699810 -0.013817508 1.846097827 -0.652352571 0.041863430 -0.756758571 -155.061325073
-0.705212593 0.066814288 0.705840647 -11.992118835 0.078446552 0.996790290 -0.015978580 1.828681946 -0.704642713 0.044102471 -0.708190382 -155.378173828
-0.652050912 0.062695637 0.755578458 -11.618415833 0.075637832 0.996982574 -0.017452525 1.806237936 -0.754392803 0.045770377 -0.654825568 -155.659774780
-0.596360147 0.056705199 0.800711513 -11.228096008 0.069851846 0.997383773 -0.018608430 1.785170913 -0.799672008 0.044833858 -0.598760843 -155.903427124
-0.538148642 0.052371483 0.841221333 -10.824546814 0.064835943 0.997682512 -0.020635163 1.760231137 -0.840352476 0.043436591 -0.540297091 -156.116622925
-0.477292061 0.048961297 0.877379656 -10.388751984 0.060076866 0.997928560 -0.023006765 1.730111241 -0.876688719 0.041729271 -0.479244828 -156.310974121
-0.415216833 0.047907136 0.908460200 -9.922817230 0.057888392 0.997979999 -0.026169701 1.711305261 -0.907878816 0.041723199 -0.417151362 -156.453369141
-0.350321651 0.047639091 0.935417175 -9.485012054 0.056500688 0.997961819 -0.029664390 1.682335734 -0.934923708 0.042459641 -0.352299243 -156.573898315
-0.285799205 0.048665769 0.957053065 -9.016815186 0.053620983 0.997957051 -0.034733206 1.659142375 -0.956788242 0.041391391 -0.287824929 -156.632644653
-0.218912601 0.048448209 0.974541008 -8.587263107 0.049831357 0.998018384 -0.038421676 1.635146022 -0.974471211 0.040151712 -0.220893010 -156.683639526
-0.150449470 0.044819187 0.987601161 -8.106210709 0.044049654 0.998283625 -0.038593523 1.613101959 -0.987635851 0.037697118 -0.152165502 -156.702331543
-0.079963259 0.036913801 0.996114016 -7.650064468 0.041627385 0.998565912 -0.033663020 1.589008808 -0.995928228 0.038773820 -0.081385233 -156.703964233
-0.008575082 0.026397716 0.999614775 -7.194375992 0.040476538 0.998841345 -0.026030071 1.567675471 -0.999143720 0.040237729 -0.009633631 -156.683425903
0.063091874 0.013774093 0.997912705 -6.744808197 0.038118970 0.999141872 -0.016201096 1.539348245 -0.997279525 0.039061558 0.062512681 -156.634613037
0.135523945 0.002648596 0.990770578 -6.230665207 0.035683811 0.999334633 -0.007552551 1.526957512 -0.990131259 0.036378015 0.135339305 -156.543090820
0.206142738 -0.006853137 0.978497922 -5.778795242 0.030847367 0.999523997 0.000501704 1.493821144 -0.978035569 0.030080663 0.206256002 -156.389877319
0.277196288 -0.011239198 0.960747600 -5.321056366 0.030391689 0.999533832 0.002924286 1.484439611 -0.960332572 0.028388143 0.277408630 -156.219100952
0.347711563 -0.014334209 0.937491953 -4.844467163 0.030657262 0.999522269 0.003912017 1.478536844 -0.937100112 0.027380686 0.347984910 -156.014968872
0.415279388 -0.019554786 0.909483671 -4.377796173 0.032297444 0.999455631 0.006741931 1.479612470 -0.909120381 0.026574217 0.415684819 -155.766098022
0.480163991 -0.025652930 0.876803517 -3.919296265 0.033532381 0.999378502 0.010875812 1.481217504 -0.876537442 0.024179136 0.480725765 -155.475402832
0.543057978 -0.029755624 0.839167833 -3.485961914 0.033579335 0.999342144 0.013704673 1.489835143 -0.839023530 0.020736266 0.543699861 -155.174621582
0.600732148 -0.032018736 0.798808932 -3.099082947 0.032526329 0.999349177 0.015596079 1.466627002 -0.798788428 0.016613254 0.601382613 -154.815856934
0.655154407 -0.030841710 0.754865170 -2.671379089 0.031613924 0.999410391 0.013395128 1.469246626 -0.754833281 0.015088376 0.655743062 -154.406372070
0.704400837 -0.030132715 0.709162474 -2.272872925 0.033565640 0.999394894 0.009124583 1.468418837 -0.709008276 0.017376129 0.704986095 -153.967803955
0.749061108 -0.030396068 0.661803305 -1.902091980 0.036014672 0.999338031 0.005135590 1.464579225 -0.661521316 0.019987762 0.749659896 -153.497604370
0.790883541 -0.030781370 0.611191928 -1.517776489 0.036800634 0.999318898 0.002708432 1.475395203 -0.610858977 0.020350201 0.791477799 -153.015243530
0.828603864 -0.032637827 0.558883250 -1.189308167 0.036658708 0.999319851 0.004008125 1.467117429 -0.558633804 0.017166791 0.829236746 -152.471237183
0.863173783 -0.032868814 0.503835797 -0.884307861 0.035079528 0.999371588 0.005097750 1.463000298 -0.503686726 0.013274083 0.863784373 -151.878356934
0.894520104 -0.034795672 0.445671380 -0.625164032 0.036131293 0.999331892 0.005502397 1.461160660 -0.445565134 0.011180671 0.895179749 -151.300125122
0.921140969 -0.034148213 0.387728184 -0.396385193 0.034554336 0.999385238 0.005926319 1.455265522 -0.387692153 0.007938707 0.921754777 -150.662979126
0.942481697 -0.033074290 0.332617283 -0.197174072 0.032954402 0.999438822 0.006003362 1.451773882 -0.332629144 0.005303139 0.943042815 -149.998870850
0.959103167 -0.028271576 0.281641304 -0.013862610 0.028284220 0.999591827 0.004021252 1.442867517 -0.281640142 0.004109218 0.959511280 -149.330169678
0.971463263 -0.022464231 0.236124218 0.126293182 0.022720793 0.999740481 0.001634663 1.439030528 -0.236099720 0.003776919 0.971721530 -148.605545044
0.980364799 -0.017682461 0.196398035 0.241685867 0.017969817 0.999838412 0.000318933 1.438262701 -0.196371913 0.003216569 0.980524242 -147.858322144
0.986901522 -0.017531076 0.160367832 0.354831696 0.017548287 0.999845147 0.001309112 1.430956364 -0.160365969 0.001522215 0.987056434 -147.102523804
0.991794527 -0.017771069 0.126601428 0.443086624 0.017610973 0.999841988 0.002383797 1.426206470 -0.126623809 -0.000134658 0.991950750 -146.305969238
0.995193362 -0.016868556 0.096466802 0.509798050 0.016645405 0.999856532 0.003117563 1.424198031 -0.096505567 -0.001496851 0.995331347 -145.474822998
0.997409284 -0.013367066 0.070682555 0.547401428 0.013198746 0.999908864 0.002847770 1.416069031 -0.070714191 -0.001907471 0.997494757 -144.624847412
0.998745143 -0.008440787 0.049364332 0.565557480 0.008356091 0.999963224 0.001922002 1.411413670 -0.049378738 -0.001507096 0.998779058 -143.746551514
0.999436498 -0.003462375 0.033386067 0.582996845 0.003442133 0.999993980 0.000663604 1.408208013 -0.033388156 -0.000548318 0.999442339 -142.859359741
0.999702513 0.001251447 0.024358295 0.585262537 -0.001241313 0.999999166 -0.000431077 1.400105119 -0.024358818 0.000400714 0.999703228 -141.950225830
0.999783039 0.004933059 0.020236045 0.593166113 -0.004922186 0.999987841 -0.000587367 1.395620584 -0.020238694 0.000487635 0.999795079 -141.006790161
0.999812663 0.004889556 0.018727159 0.610390902 -0.004889888 0.999988019 -0.000027829 1.390928864 -0.018727072 -0.000063746 0.999824703 -140.045333862
0.999831140 0.003913312 0.017955160 0.622425556 -0.003940735 0.999991119 0.001492725 1.382419825 -0.017949160 -0.001563229 0.999837697 -139.068847656
0.999861240 0.003364180 0.016316002 0.635818481 -0.003405161 0.999991119 0.002484666 1.375478387 -0.016307501 -0.002539881 0.999863803 -138.078659058
0.999892652 0.001831385 0.014533615 0.646596909 -0.001858410 0.999996483 0.001845725 1.370768547 -0.014530184 -0.001872544 0.999892652 -137.051010132
0.999922097 0.002340191 0.012263427 0.655467033 -0.002355751 0.999996364 0.001254120 1.367939234 -0.012260447 -0.001282912 0.999924064 -136.019760132
0.999941647 0.002248684 0.010564297 0.659818053 -0.002275288 0.999994278 0.002507643 1.361395121 -0.010558599 -0.002531534 0.999940991 -134.963378906
0.999962628 0.002347106 0.008315781 0.666468382 -0.002389941 0.999983907 0.005144835 1.356855869 -0.008303572 -0.005164512 0.999952137 -133.894729614
0.999978900 0.000495958 0.006464382 0.671866953 -0.000532578 0.999983788 0.005665246 1.353723168 -0.006461464 -0.005668579 0.999963105 -132.802322388
0.999988437 0.000534128 0.004785236 0.678884625 -0.000555161 0.999990106 0.004394399 1.347490311 -0.004782841 -0.004397019 0.999978900 -131.690231323
0.999992430 -0.000804094 0.003809498 0.669281483 0.000791862 0.999994516 0.003211507 1.337282419 -0.003812060 -0.003208467 0.999987662 -130.574005127
0.999996066 -0.000863819 0.002663430 0.671643496 0.000855504 0.999994695 0.003120524 1.333991647 -0.002666113 -0.003118233 0.999991596 -129.414428711
0.999999106 -0.000039480 0.001302675 0.677701235 0.000036103 0.999996662 0.002591586 1.330087423 -0.001302774 -0.002591544 0.999995768 -128.239578247
0.999998689 0.000452230 0.001540414 0.670360386 -0.000454258 0.999999046 0.001311607 1.321922302 -0.001539819 -0.001312313 0.999997973 -127.045257568
0.999998331 0.000471581 0.001714885 0.665476203 -0.000472738 0.999999642 0.000671680 1.314254403 -0.001714569 -0.000672493 0.999998331 -125.843666077
0.999996722 0.000838525 0.002426812 0.661928892 -0.000842747 0.999998093 0.001738953 1.297838926 -0.002425352 -0.001740993 0.999995470 -124.629493713
0.999993861 0.000975861 0.003349609 0.660161078 -0.000982389 0.999997675 0.001947092 1.290118694 -0.003347702 -0.001950371 0.999992430 -123.399856567
0.999985635 0.001562359 0.005123247 0.658114374 -0.001563065 0.999998748 0.000132189 1.276337147 -0.005123034 -0.000140195 0.999986887 -122.158958435
0.999973536 0.001644823 0.007088650 0.656709909 -0.001620063 0.999992549 -0.003497498 1.264089465 -0.007094350 0.003485921 0.999968767 -120.900009155
0.999959171 0.001242706 0.008949823 0.663568139 -0.001188940 0.999981225 -0.006011057 1.252333879 -0.008957126 0.006000171 0.999941826 -119.645591736
0.999952316 -0.000673770 0.009742026 0.677285552 0.000738137 0.999977827 -0.006605714 1.231426954 -0.009737360 0.006612588 0.999930739 -118.372482300
0.999952316 -0.001503169 0.009643908 0.683660507 0.001555803 0.999984026 -0.005451603 1.210993648 -0.009635557 0.005466348 0.999938607 -117.064994812
0.999958873 -0.002575839 0.008692057 0.690669656 0.002625469 0.999980330 -0.005702574 1.189447880 -0.008677196 0.005725162 0.999945939 -115.735778809
0.999968290 -0.001875025 0.007737714 0.680441320 0.001939114 0.999963820 -0.008282536 1.168579102 -0.007721904 0.008297279 0.999935687 -114.395950317
0.999982715 -0.002790778 0.005172020 0.693295479 0.002840534 0.999949515 -0.009638618 1.138083339 -0.005144862 0.009653143 0.999940157 -113.068420410
0.999995410 -0.002818225 0.001098920 0.705020964 0.002828282 0.999953151 -0.009261935 1.120128989 -0.001072767 0.009265000 0.999956429 -111.692283630
0.999993920 -0.003429673 -0.000489238 0.689526856 0.003426235 0.999970675 -0.006847858 1.094309092 0.000512710 0.006846141 0.999976456 -110.348754883
0.999996066 -0.002236835 -0.001665557 0.674802780 0.002224764 0.999971449 -0.007212301 1.064158201 0.001681644 0.007208567 0.999972582 -108.962516785
0.999990463 -0.003158217 -0.003012387 0.667593479 0.003134476 0.999964178 -0.007852023 1.044594169 0.003037081 0.007842501 0.999964654 -107.567367554
0.999983430 -0.003999184 -0.004164105 0.653553724 0.003961079 0.999950588 -0.009119706 1.019517899 0.004200372 0.009103060 0.999949813 -106.160827637
0.999980271 -0.003639261 -0.005119577 0.644171357 0.003586056 0.999939799 -0.010363988 0.996002793 0.005156986 0.010345422 0.999933302 -104.734840393
0.999978304 -0.002261102 -0.006187558 0.628835261 0.002198252 0.999946117 -0.010144131 0.967485249 0.006210162 0.010130304 0.999929428 -103.288024902
0.999980390 -0.002243256 -0.005848184 0.605575264 0.002189662 0.999955654 -0.009155417 0.938435316 0.005868466 0.009142427 0.999940991 -101.818084717
0.999985516 -0.000671290 -0.005340476 0.586389780 0.000638390 0.999980867 -0.006160527 0.916067839 0.005344511 0.006157028 0.999966741 -100.333763123
0.999987245 -0.000730581 -0.004990281 0.569655180 0.000708377 0.999989867 -0.004449344 0.890366495 0.004993481 0.004445749 0.999977648 -98.835586548
0.999985814 -0.001548728 -0.005106639 0.559591115 0.001542295 0.999998033 -0.001264142 0.868426621 0.005108587 0.001256249 0.999986172 -97.333534241
0.999991417 -0.000952896 -0.004029194 0.538389981 0.000970345 0.999990046 0.004334552 0.856741071 0.004025020 -0.004338425 0.999982476 -95.831619263
0.999993920 -0.000453819 -0.003468651 0.524759352 0.000486897 0.999954283 0.009544495 0.848126471 0.003464160 -0.009546127 0.999948442 -94.319992065
0.999991775 0.001378536 -0.003810605 0.511680365 -0.001329575 0.999916852 0.012821350 0.836009979 0.003827959 -0.012816170 0.999910533 -92.789985657
0.999988377 0.002753986 -0.003965773 0.496965319 -0.002696388 0.999891758 0.014458054 0.830873013 0.004005162 -0.014447195 0.999887645 -91.283027649
0.999989629 0.002354780 -0.003898716 0.483808279 -0.002295813 0.999883890 0.015061068 0.825567245 0.003933726 -0.015051954 0.999878943 -89.771720886
0.999989688 0.002162816 -0.003987461 0.471321821 -0.002109639 0.999909401 0.013292495 0.819096088 0.004015850 -0.013283942 0.999903738 -88.272483826
0.999992132 0.001623985 -0.003611178 0.461987436 -0.001584998 0.999940693 0.010772563 0.812705100 0.003628458 -0.010766754 0.999935448 -86.773445129
0.999996543 0.000652518 -0.002553170 0.447126031 -0.000624662 0.999940574 0.010895718 0.800032735 0.002560128 -0.010894086 0.999937356 -85.267173767
0.999998391 0.000733889 -0.001635137 0.441596985 -0.000712406 0.999913931 0.013098259 0.793305278 0.001644609 -0.013097080 0.999912858 -83.754646301
0.999999583 -0.000530563 -0.000782855 0.427169263 0.000540563 0.999917567 0.012827224 0.785950303 0.000775987 -0.012827646 0.999917388 -82.241058350
0.999999821 -0.000043873 -0.000429872 0.429673225 0.000048801 0.999934018 0.011481402 0.775039792 0.000429338 -0.011481421 0.999934018 -80.743469238
0.999998987 -0.001320728 0.000405810 0.419970572 0.001315955 0.999932587 0.011548858 0.768745899 -0.000421036 -0.011548322 0.999933243 -79.234558105
0.999997318 -0.002153551 0.000842518 0.413962752 0.002142344 0.999912202 0.013080523 0.759966016 -0.000870613 -0.013078692 0.999914110 -77.729873657
0.999996483 -0.002229517 0.001399011 0.416203082 0.002207326 0.999874830 0.015666282 0.746541977 -0.001433766 -0.015663134 0.999876261 -76.217620850
0.999995232 -0.002824149 0.001260911 0.415768772 0.002802102 0.999848783 0.017163334 0.742605805 -0.001309192 -0.017159713 0.999851823 -74.712333679
0.999994576 -0.003166881 0.000807513 0.413180530 0.003153699 0.999869645 0.015834123 0.739390731 -0.000857552 -0.015831498 0.999874294 -73.212165833
0.999996603 -0.002572131 0.000118193 0.409795344 0.002570611 0.999931395 0.011429359 0.736766458 -0.000147583 -0.011429010 0.999934673 -71.720840454
0.999999762 0.000523662 -0.000473879 0.395924985 -0.000519233 0.999956787 0.009293328 0.726967692 0.000478726 -0.009293080 0.999956727 -70.229255676
0.999998569 0.001567707 -0.000588546 0.381119221 -0.001561297 0.999941170 0.010727332 0.715043604 0.000605326 -0.010726398 0.999942243 -68.724319458
0.999995887 0.002659668 -0.000943147 0.367391348 -0.002648209 0.999925077 0.011946359 0.704082847 0.000974849 -0.011943812 0.999928176 -67.227394104
0.999998927 -0.000038128 -0.001451012 0.369054735 0.000052223 0.999952793 0.009713940 0.694157898 0.001450575 -0.009714007 0.999951720 -65.748420715
0.999997139 -0.000862945 -0.002219141 0.361762285 0.000887094 0.999940097 0.010904012 0.684340477 0.002209598 -0.010905946 0.999938071 -64.271018982
0.999991119 -0.002849323 -0.003104731 0.355377287 0.002890614 0.999906301 0.013378693 0.667820871 0.003066323 -0.013387549 0.999905705 -62.747211456
0.999986649 -0.003084500 -0.004138632 0.340576530 0.003133497 0.999924481 0.011884807 0.661162853 0.004101662 -0.011897621 0.999920785 -61.257644653
0.999977827 -0.003574248 -0.005612153 0.330967486 0.003622180 0.999956846 0.008553438 0.648229122 0.005581342 -0.008573569 0.999947667 -59.788616180
0.999966681 -0.004119159 -0.007049215 0.318926275 0.004184912 0.999947608 0.009338659 0.634732008 0.007010377 -0.009367846 0.999931574 -58.305641174
0.999955893 -0.004220667 -0.008390889 0.299149036 0.004340251 0.999888539 0.014285432 0.620630085 0.008329652 -0.014321221 0.999862731 -56.846656799
0.999939024 -0.004887219 -0.009903748 0.286588252 0.005022530 0.999893725 0.013684331 0.619276404 0.009835814 -0.013733231 0.999857247 -55.370532990
0.999937475 -0.003724280 -0.010545491 0.265814126 0.003862372 0.999906659 0.013104386 0.608209312 0.010495699 -0.013144297 0.999858499 -53.913616180
0.999939859 -0.002579645 -0.010665719 0.235611349 0.002715640 0.999914944 0.012755670 0.602816582 0.010631906 -0.012783868 0.999861658 -52.446014404
0.999939740 -0.002280614 -0.010740560 0.212672055 0.002421180 0.999911368 0.013092897 0.589635015 0.010709748 -0.013118112 0.999856591 -50.983192444
0.999938965 -0.002349813 -0.010798763 0.187089503 0.002483753 0.999919891 0.012407010 0.581908643 0.010768744 -0.012433081 0.999864697 -49.523303986
0.999938607 -0.002685520 -0.010759317 0.168668687 0.002813295 0.999925494 0.011878321 0.567899108 0.010726618 -0.011907860 0.999871552 -48.065380096
0.999938905 -0.003579567 -0.010458357 0.152412385 0.003708760 0.999916732 0.012360225 0.555403411 0.010413243 -0.012398258 0.999868929 -46.610992432
0.999940097 -0.004538255 -0.009971401 0.129682928 0.004659208 0.999915421 0.012140762 0.546298742 0.009915457 -0.012186493 0.999876559 -45.163093567
0.999936521 -0.005954029 -0.009567812 0.112866521 0.006073099 0.999903858 0.012464198 0.534385502 0.009492677 -0.012521511 0.999876559 -43.713787079
0.999937832 -0.006941873 -0.008720573 0.093201876 0.007061943 0.999879599 0.013814212 0.527095735 0.008623626 -0.013874937 0.999866545 -42.260604858
0.999946177 -0.006701442 -0.007922972 0.074885100 0.006809281 0.999883592 0.013663226 0.520918965 0.007830485 -0.013716442 0.999875247 -40.822940826
0.999958038 -0.005862333 -0.007042628 0.058439404 0.005949179 0.999905765 0.012373014 0.510909259 0.006969430 -0.012414393 0.999898612 -39.380886078
0.999966085 -0.005547015 -0.006086335 0.042862296 0.005608806 0.999932408 0.010181559 0.501915932 0.006029447 -0.010215349 0.999929607 -37.951168060
0.999978065 -0.003840754 -0.005400203 0.030077070 0.003894700 0.999942243 0.010015333 0.493420035 0.005361421 -0.010036145 0.999935269 -36.501945496
0.999987185 -0.002421150 -0.004442136 0.014052510 0.002474820 0.999923527 0.012117350 0.483467788 0.004412455 -0.012128188 0.999916732 -35.068908691
0.999991834 -0.001620676 -0.003700610 0.002618454 0.001671077 0.999905229 0.013659206 0.473395467 0.003678122 -0.013665278 0.999899864 -33.628700256
0.999996543 -0.000642118 -0.002551664 -0.008344702 0.000676772 0.999907374 0.013604175 0.465101898 0.002542694 -0.013605856 0.999904215 -32.193252563
0.999999166 -0.000442956 -0.001141199 -0.022041619 0.000456328 0.999930918 0.011746359 0.459856361 0.001135916 -0.011746876 0.999930322 -30.766960144
0.999998212 -0.001883202 0.000025299 -0.024654590 0.001882875 0.999951482 0.009668889 0.443410188 -0.000043507 -0.009668825 0.999953210 -29.338388443
0.999997437 -0.001586462 0.001582624 -0.033702113 0.001569075 0.999939024 0.010926506 0.435061574 -0.001599862 -0.010924000 0.999939024 -27.909370422
0.999995351 -0.001195807 0.002780939 -0.033676624 0.001162098 0.999926150 0.012090527 0.423997968 -0.002795192 -0.012087246 0.999923050 -26.490943909
