1.000000000 0.000000000 0.000000000 0.000000000 0.000000000 1.000000000 0.000000000 0.000000000 0.000000000 0.000000000 1.000000000 0.000000000
0.999978900 0.000356236 -0.006483169 -0.008000228 -0.000353460 0.999999821 0.000429214 -0.002480439 0.006483321 -0.000426913 0.999978900 0.092252955
0.999907255 0.000966767 -0.013584597 -0.016384395 -0.000964582 0.999999523 0.000167389 -0.001906322 0.013584753 -0.000154270 0.999907732 0.188577235
0.999772608 0.001368377 -0.021281548 -0.026110874 -0.001380546 0.999998868 -0.000557109 -0.002157131 0.021280762 0.000586363 0.999773383 0.285315335
0.999541759 0.001702357 -0.030222407 -0.042963818 -0.001762422 0.999996543 -0.001960918 -0.002118777 0.030218964 0.002013284 0.999541283 0.390580744
0.999125481 0.001925975 -0.041767716 -0.059013709 -0.002070868 0.999992013 -0.003426036 -0.004937639 0.041760784 0.003509535 0.999121487 0.501126230
0.998479664 0.001743513 -0.055093966 -0.084381238 -0.001969660 0.999989867 -0.004050713 -0.007824391 0.055086344 0.004153071 0.998472929 0.626054108
0.997428298 0.001852470 -0.071647853 -0.108772948 -0.002176279 0.999987781 -0.004441649 -0.003978197 0.071638748 0.004586152 0.997420073 0.761205614
0.995905995 0.000210164 -0.090395033 -0.134982169 -0.000589891 0.999991119 -0.004174056 -0.009313957 0.090393357 0.004210290 0.995897233 0.917051435
0.993913472 -0.000763458 -0.110160813 -0.176226586 0.000284328 0.999990404 -0.004365011 -0.012655120 0.110163085 0.004307122 0.993904173 1.075386405
0.991282403 -0.000772740 -0.131752059 -0.222836763 0.000139586 0.999988377 -0.004814816 -0.011965473 0.131754249 0.004754453 0.991271019 1.224272013
0.987774253 0.002908448 -0.155863613 -0.277878970 -0.003912766 0.999973476 -0.006137147 -0.016336897 0.155841619 0.006671974 0.987759531 1.393312573
0.983407795 0.007319022 -0.181260869 -0.344781071 -0.008833371 0.999932468 -0.007548674 -0.022942122 0.181193367 0.009024568 0.983406126 1.567593932
0.978026032 0.010221792 -0.208232075 -0.417460948 -0.012294143 0.999886930 -0.008660309 -0.025871132 0.208120018 0.011030043 0.978041112 1.748386979
0.971349120 0.010921596 -0.237406060 -0.496360868 -0.013424397 0.999870002 -0.008928157 -0.027306428 0.237277687 0.011859393 0.971369445 1.933928013
0.963292420 0.012649176 -0.268156111 -0.584364653 -0.015486064 0.999844193 -0.008466719 -0.030671049 0.268007219 0.012308607 0.963338315 2.129068136
0.953891218 0.014656162 -0.299794555 -0.676153183 -0.017628001 0.999818623 -0.007210588 -0.036652233 0.299634457 0.012162895 0.953976452 2.308245182
0.942623675 0.016464790 -0.333450973 -0.776353002 -0.019648140 0.999787867 -0.006176341 -0.036339499 0.333278477 0.012373656 0.942747176 2.499312878
0.930088401 0.018641969 -0.366862416 -0.878250957 -0.022197964 0.999738634 -0.005476095 -0.041755136 0.366664439 0.013236851 0.930259049 2.676638842
0.916245520 0.021403000 -0.400045007 -0.999302149 -0.025480708 0.999663413 -0.004876423 -0.041377641 0.399805963 0.014661429 0.916482508 2.857006788
0.900219738 0.022293327 -0.434864819 -1.116741419 -0.026756171 0.999633491 -0.004142168 -0.043441251 0.434612989 0.015364179 0.900486171 3.032457590
0.881792784 0.017963877 -0.471294731 -1.231333733 -0.022850163 0.999728024 -0.004647018 -0.046344653 0.471083164 0.014866870 0.881963491 3.196491241
0.860434353 0.012934017 -0.509396970 -1.366693974 -0.017968206 0.999826252 -0.004964089 -0.050868358 0.509244263 0.013424224 0.860517263 3.375323057
0.835450828 0.014373493 -0.549377203 -1.523831367 -0.018389817 0.999829233 -0.001807042 -0.054810639 0.549257398 0.011612642 0.835572422 3.551128149
0.806311905 0.020019406 -0.591151655 -1.705302000 -0.023137115 0.999729693 0.002297653 -0.062035955 0.591037869 0.011824920 0.806557059 3.720989704
0.774086177 0.023456665 -0.632645547 -1.912041426 -0.026877150 0.999630034 0.004177310 -0.063356727 0.632509470 0.013770112 0.774430215 3.895652771
0.737781405 0.022738088 -0.674656689 -2.118308783 -0.026143087 0.999645293 0.005102058 -0.065360531 0.674533308 0.013873402 0.738114119 4.064345360
0.698039651 0.018495720 -0.715820253 -2.337361336 -0.020299887 0.999775708 0.006037062 -0.063002452 0.715771496 0.010316960 0.698258460 4.228826046
0.655276000 0.015048599 -0.755239487 -2.574163437 -0.015172494 0.999862075 0.006758585 -0.062590852 0.755237162 0.007030129 0.655413866 4.390214920
0.610261261 0.014434043 -0.792068720 -2.832396030 -0.012275719 0.999886215 0.008763137 -0.061904538 0.792105138 0.004375408 0.610369027 4.539251804
0.562213957 0.015214518 -0.826851845 -3.112116814 -0.010102715 0.999882460 0.011529082 -0.059991706 0.826930046 0.001871639 0.562301636 4.674410820
0.511660516 0.015420425 -0.859049320 -3.397521734 -0.008394721 0.999880850 0.012948430 -0.052091725 0.859146833 0.000586278 0.511729002 4.789680958
0.459151536 0.016897058 -0.888197184 -3.715007782 -0.008202181 0.999857128 0.014781173 -0.044082068 0.888320088 0.000498354 0.459224522 4.896078110
0.404367089 0.018780569 -0.914403915 -4.048472404 -0.006880283 0.999823272 0.017492369 -0.037343353 0.914570928 -0.000781982 0.404424846 4.995189667
0.348283201 0.020909669 -0.937156022 -4.387701511 -0.005485039 0.999779522 0.020268459 -0.039242253 0.937373221 -0.001918827 0.348321170 5.083821297
0.292762965 0.024162421 -0.955879688 -4.758426189 -0.003172711 0.999699712 0.024298362 -0.037861615 0.956179798 -0.004080931 0.292751729 5.155719280
0.238948941 0.025767934 -0.970690191 -5.130540371 0.001272910 0.999638617 0.026849745 -0.033582717 0.971031189 -0.007651321 0.238829851 5.216760635
0.187919393 0.026536040 -0.981825948 -5.522322655 0.004152979 0.999604583 0.027811415 -0.031711295 0.982175708 -0.009303808 0.187734887 5.254578590
0.141008109 0.027488666 -0.989626706 -5.908292294 0.001998752 0.999604464 0.028050611 -0.028757945 0.990006447 -0.005933382 0.140897378 5.264688969
0.098623835 0.027861318 -0.994734704 -6.337727070 -0.000315084 0.999608874 0.027966598 -0.016720563 0.995124757 -0.002444749 0.098594040 5.267363548
0.060599282 0.026401637 -0.997812986 -6.785353184 -0.000823772 0.999651134 0.026400246 -0.008365437 0.998161852 -0.000777865 0.060599878 5.264877319
0.026267216 0.023628509 -0.999375701 -7.248268604 -0.000583677 0.999720812 0.023621324 -0.000346467 0.999654830 -0.000037154 0.026273675 5.247071743
-0.005220562 0.020969313 -0.999766469 -7.700145721 0.000811100 0.999779880 0.020965356 0.001435697 0.999985993 -0.000701460 -0.005236422 5.222646713
-0.031926040 0.019340683 -0.999303043 -8.191320419 0.000409616 0.999812901 0.019337462 0.006657973 0.999490142 0.000208038 -0.031927992 5.186224461
-0.052446362 0.016768325 -0.998482943 -8.701327324 -0.000780683 0.999858081 0.016832421 0.016315430 0.998623371 0.001662298 -0.052425820 5.135983944
-0.068964235 0.015823582 -0.997493625 -9.223575592 0.000380895 0.999874473 0.015835019 0.030810595 0.997619033 0.000712109 -0.068961605 5.093015194
-0.081919275 0.015952298 -0.996511281 -9.760490417 0.000631735 0.999872506 0.015954174 0.041546471 0.996638715 0.000677423 -0.081918895 5.037583828
-0.091502801 0.017388023 -0.995652914 -10.316902161 0.000561676 0.999848187 0.017409667 0.042039856 0.995804608 0.001033799 -0.091498673 4.978014946
-0.098385431 0.018809488 -0.994970620 -10.893220901 -0.001200136 0.999818385 0.019019807 0.040358961 0.995147586 0.003065372 -0.098344982 4.911791801
-0.102825835 0.019935086 -0.994499683 -11.483978271 -0.001018031 0.999796629 0.020146521 0.046248764 0.994698882 0.003084014 -0.102784626 4.843237400
-0.104079530 0.020392312 -0.994359910 -12.092527390 0.000687691 0.999791086 0.020431710 0.058565155 0.994568646 0.001442711 -0.104071818 4.775657654
-0.103240050 0.022744840 -0.994396329 -12.707406998 0.002613988 0.999741197 0.022595702 0.064166158 0.994653046 -0.000266558 -0.103272781 4.717592716
-0.101784885 0.025059676 -0.994490683 -13.344640732 0.001975804 0.999685705 0.024988366 0.071727291 0.994804442 0.000578519 -0.101802424 4.650922775
-0.100153111 0.025188271 -0.994653225 -13.994294167 -0.000269918 0.999678731 0.025342720 0.076051295 0.994972050 0.002806627 -0.100114144 4.581227303
-0.098463744 0.022551812 -0.994885027 -14.648646355 -0.001448388 0.999738812 0.022805188 0.089289472 0.995139599 0.003686463 -0.098405361 4.513427734
-0.097129621 0.022497548 -0.995017409 -15.354471207 -0.002770897 0.999734640 0.022874679 0.097074404 0.995267868 0.004978900 -0.097041495 4.434897423
-0.095448650 0.025218025 -0.995114803 -16.055599213 -0.002107357 0.999671698 0.025535632 0.113382220 0.995432079 0.004534403 -0.095364183 4.367689133
-0.093249835 0.028822120 -0.995225370 -16.774909973 -0.003376207 0.999566019 0.029264163 0.121284217 0.995637059 0.006088966 -0.093112051 4.293138027
-0.091612540 0.030943025 -0.995313823 -17.507146835 -0.003734821 0.999499440 0.031416915 0.129697651 0.995787680 0.006595502 -0.091451108 4.222755432
-0.089642346 0.030132405 -0.995518029 -18.236452103 -0.006195083 0.999505997 0.030810956 0.146204174 0.995954752 0.008929283 -0.089411400 4.152737617
-0.087956764 0.026771560 -0.995764434 -18.995521545 -0.008639000 0.999580681 0.027637254 0.164912730 0.996086836 0.011033294 -0.087688603 4.077126503
-0.086294360 0.026224010 -0.995924473 -19.768354416 -0.009645686 0.999584675 0.027156165 0.181320369 0.996222973 0.011949797 -0.086005576 4.003709793
-0.084826671 0.028544664 -0.995986819 -20.537405014 -0.006981068 0.999548078 0.029241294 0.195534885 0.996371269 0.009433493 -0.084589064 3.937878132
-0.083679296 0.030906152 -0.996013343 -21.328060150 -0.004479813 0.999497235 0.031390622 0.202569336 0.996482611 0.007088700 -0.083498769 3.869858027
-0.082455978 0.032635547 -0.996060193 -22.118103027 -0.003793111 0.999446094 0.033060495 0.217762470 0.996587515 0.006504203 -0.082286522 3.806781769
-0.081857599 0.027946489 -0.996252120 -22.922897339 -0.003639458 0.999591649 0.028339209 0.230832249 0.996637464 0.005945597 -0.081722461 3.736114025
-0.081610858 0.020992953 -0.996443152 -23.726209641 -0.002411561 0.999770999 0.021260578 0.238104731 0.996661365 0.004138078 -0.081541553 3.669961452
-0.081721209 0.016506791 -0.996518552 -24.543657303 0.000736556 0.999863505 0.016501799 0.248474061 0.996654987 0.000614554 -0.081722215 3.601733923
-0.082208209 0.017556289 -0.996460676 -25.368568420 0.001708867 0.999845803 0.017474951 0.254542023 0.996613681 -0.000266234 -0.082225516 3.533634901
-0.081991851 0.025143920 -0.996315837 -26.209945679 0.001336843 0.999683619 0.025118895 0.260276973 0.996632099 0.000727627 -0.081999503 3.453113079
-0.082508966 0.032269415 -0.996067762 -27.051544189 -0.000013642 0.999475598 0.032380946 0.271559536 0.996590376 0.002685306 -0.082465246 3.383574963
-0.082713999 0.037543312 -0.995865941 -27.896844864 -0.001959131 0.999282241 0.037834819 0.285310805 0.996571362 0.005080500 -0.082581051 3.302726984
-0.083269730 0.037938006 -0.995804608 -28.740617752 -0.004042601 0.999253988 0.038407464 0.292739630 0.996518970 0.007223818 -0.083054252 3.226006746
-0.083680257 0.034311224 -0.995901704 -29.578163147 -0.003858366 0.999388397 0.034755543 0.310974061 0.996485233 0.006750906 -0.083496682 3.152282000
-0.083956137 0.031683274 -0.995965540 -30.415744781 -0.003714360 0.999477446 0.032108102 0.327033997 0.996462584 0.006395047 -0.083794586 3.075859070
-0.084172770 0.032718640 -0.995913863 -31.248332977 -0.005291575 0.999432027 0.033281453 0.344147563 0.996437132 0.008071345 -0.083951838 2.998929501
-0.083761305 0.035289928 -0.995860696 -32.079284668 -0.006847471 0.999328732 0.035988756 0.348622799 0.996462345 0.009833591 -0.083463423 2.923013926
-0.083734065 0.033879291 -0.995911956 -32.911071777 -0.007204604 0.999375165 0.034602843 0.361971259 0.996462047 0.010072589 -0.083437666 2.849332571
-0.083366670 0.028485075 -0.996111751 -33.746692657 -0.007988719 0.999540150 0.029251711 0.376939237 0.996487021 0.010396274 -0.083100781 2.770110607
-0.083288901 0.024539821 -0.996223211 -34.569404602 -0.010069713 0.999625027 0.025465492 0.382531792 0.996474564 0.012152676 -0.083010569 2.699740171
-0.082706675 0.025072742 -0.996258497 -35.408084869 -0.008693311 0.999627352 0.025879219 0.399795055 0.996536016 0.010801169 -0.082457878 2.620901108
-0.081852466 0.027749831 -0.996258080 -36.225757599 -0.008284677 0.999558806 0.028522439 0.400103509 0.996609986 0.010588307 -0.081586443 2.548644066
-0.081690095 0.032650504 -0.996122837 -37.066875458 -0.007492663 0.999414921 0.033372864 0.416608870 0.996629596 0.010189846 -0.081397653 2.482578278
-0.080706589 0.037941135 -0.996015489 -37.904296875 -0.007163131 0.999227345 0.038643904 0.434073687 0.996712148 0.010253406 -0.080372445 2.407912970
-0.080794454 0.041603461 -0.995862126 -38.761810303 -0.007793677 0.999071598 0.042369850 0.444472790 0.996700346 0.011184675 -0.080395184 2.325988293
-0.080691144 0.041502666 -0.995874703 -39.558692932 -0.007152419 0.999082923 0.042215895 0.460829854 0.996713638 0.010529359 -0.080320284 2.270038843
-0.081028335 0.037081379 -0.996021807 -40.379482269 -0.006635014 0.999265492 0.037741918 0.483162999 0.996689737 0.009666783 -0.080722772 2.206413746
-0.080491215 0.032759216 -0.996216774 -41.195049286 -0.007722913 0.999409258 0.033488180 0.497101545 0.996725440 0.010389199 -0.080190666 2.130858183
-0.080117710 0.030134670 -0.996329784 -42.000980377 -0.011918702 0.999442399 0.031187238 0.507043362 0.996714175 0.014373609 -0.079713866 2.053814650
-0.080559067 0.028404770 -0.996345043 -42.837326050 -0.015688786 0.999433815 0.029761348 0.521129489 0.996626377 0.018028989 -0.080067821 1.974210024
-0.081433363 0.026461903 -0.996327341 -43.642692566 -0.013200263 0.999531209 0.027625890 0.529965043 0.996591389 0.015401455 -0.081045859 1.906881571
-0.082475603 0.022702135 -0.996334434 -44.474891663 -0.009801997 0.999673665 0.023589619 0.534777641 0.996544898 0.011711636 -0.082226150 1.841875315
-0.083270863 0.021213016 -0.996301115 -45.302513123 -0.005168251 0.999750793 0.021718424 0.545200229 0.996513665 0.006957647 -0.083140478 1.772745848
-0.085234813 0.024882227 -0.996050119 -46.121433258 -0.005221676 0.999663293 0.025419319 0.549599767 0.996347249 0.007367662 -0.085076176 1.699222326
-0.086711250 0.030984465 -0.995751500 -46.936031342 -0.003019209 0.999503374 0.031364132 0.554372072 0.996228933 0.005726005 -0.086574644 1.622050762
-0.088392861 0.034960128 -0.995471954 -47.750801086 -0.000535686 0.999382138 0.035145018 0.561285853 0.996085525 0.003639830 -0.088319510 1.546176434
-0.089828379 0.034012999 -0.995376289 -48.547817230 -0.001564741 0.999410629 0.034292065 0.570053935 0.995956063 0.004637908 -0.089722216 1.474657059
-0.090970635 0.030078299 -0.995399177 -49.333507538 -0.004756234 0.999519348 0.030637467 0.582720101 0.995842218 0.007521463 -0.090783834 1.397639751
-0.092117079 0.026408967 -0.995397866 -50.128231049 -0.009561172 0.999578655 0.027404709 0.593937874 0.995702207 0.012041615 -0.091825783 1.309529781
-0.093866378 0.025210962 -0.995265603 -50.919857025 -0.013504549 0.999555051 0.026593275 0.600976884 0.995493174 0.015936827 -0.093484156 1.224871635
-0.094830073 0.026325146 -0.995145380 -51.715549469 -0.015235661 0.999494791 0.027892051 0.606134772 0.995376825 0.017806701 -0.094381087 1.139719963
-0.095453337 0.027765328 -0.995046616 -52.505805969 -0.015525426 0.999447942 0.029377472 0.613744617 0.995312810 0.018252702 -0.094969563 1.057757378
-0.096462376 0.027129959 -0.994966865 -53.289981842 -0.017251242 0.999432743 0.028924251 0.622650027 0.995187163 0.019954514 -0.095939651 0.975399494
-0.096929118 0.027028013 -0.994924247 -54.071762085 -0.017976161 0.999420643 0.028901460 0.629962146 0.995128930 0.020686308 -0.096387103 0.889338970
-0.097543798 0.028954897 -0.994809985 -54.846694946 -0.016124967 0.999399483 0.030669576 0.639238358 0.995100617 0.019032903 -0.097018339 0.811299801
-0.097586460 0.031864930 -0.994716823 -55.626564026 -0.015811790 0.999311507 0.033563338 0.646578670 0.995101452 0.019003581 -0.097015426 0.729309082
-0.097629994 0.036036599 -0.994570196 -56.397239685 -0.016076151 0.999156713 0.037780873 0.660087705 0.995092928 0.019677408 -0.096968323 0.648930550
-0.098439284 0.038382329 -0.994402587 -57.162528992 -0.015878832 0.999068141 0.040134307 0.665284276 0.995016396 0.019740744 -0.097738080 0.570589066
-0.099175118 0.038217831 -0.994335771 -57.910171509 -0.015630189 0.999079049 0.039959095 0.680255175 0.994947255 0.019504607 -0.098486431 0.496292591
-0.099481337 0.036334645 -0.994375765 -58.657070160 -0.014460796 0.999174774 0.037956711 0.691362023 0.994934320 0.018155450 -0.098873816 0.418831348
-0.099713035 0.032941464 -0.994470835 -59.390178680 -0.014269096 0.999301851 0.034532212 0.700338364 0.994913936 0.017633507 -0.099173345 0.342037201
-0.099185869 0.029895544 -0.994619787 -60.108665466 -0.014763756 0.999394298 0.031511333 0.712244153 0.994959414 0.017809803 -0.098684415 0.262576103
-0.097835600 0.027577672 -0.994820476 -60.812866211 -0.015320279 0.999455810 0.029212847 0.722112775 0.995084584 0.018098984 -0.097359858 0.185594559
-0.095648706 0.026964819 -0.995049834 -61.514358521 -0.017552705 0.999431908 0.028770817 0.724950671 0.995260358 0.020217709 -0.095121063 0.114513874
-0.091320291 0.028000822 -0.995427787 -62.196826935 -0.018135775 0.999392092 0.029776104 0.729228139 0.995656371 0.020772021 -0.090756960 0.044077396
-0.085607082 0.029350530 -0.995896518 -62.865406036 -0.017159926 0.999374211 0.030928090 0.738691330 0.996181190 0.019737173 -0.085049868 -0.010765076
-0.078423262 0.030974554 -0.996438801 -63.511978149 -0.017078446 0.999328732 0.032408524 0.741645455 0.996773839 0.019559208 -0.077841625 -0.059933662
-0.069711149 0.032466859 -0.997038722 -64.148117065 -0.017656209 0.999273419 0.033774123 0.745579600 0.997410953 0.019958358 -0.069087267 -0.104340076
-0.057900812 0.033775885 -0.997750819 -64.768913269 -0.020047192 0.999186635 0.034987863 0.760321140 0.998121023 0.022027927 -0.057176609 -0.143031597
-0.042982336 0.035163090 -0.998456776 -65.382575989 -0.023433678 0.999070048 0.036193475 0.768588305 0.998800933 0.024953196 -0.042118367 -0.171108484
-0.024345040 0.036451705 -0.999038815 -65.963447571 -0.024881721 0.999003291 0.037056740 0.778626204 0.999393940 0.025759950 -0.023413800 -0.183490515
-0.002121959 0.037674483 -0.999287844 -66.527954102 -0.025956465 0.998951256 0.037716914 0.781266689 0.999660850 0.026018016 -0.001141839 -0.174585804
0.023312766 0.038389385 -0.998990893 -67.067184448 -0.025193522 0.998967648 0.037800562 0.782774210 0.999410689 0.024286864 0.024255849 -0.145426273
0.052551899 0.037401780 -0.997917593 -67.584259033 -0.023698583 0.999063611 0.036196735 0.797198892 0.998336911 0.021747025 0.053389050 -0.098556995
0.086634703 0.037596963 -0.995530486 -68.054985046 -0.022635743 0.999103963 0.035762072 0.797278881 0.995982945 0.019436335 0.087408118 -0.038233757
0.124268889 0.037951536 -0.991522610 -68.531547546 -0.022187741 0.999124765 0.035461694 0.802014947 0.992000401 0.017592860 0.125002176 0.046861649
0.165476590 0.037887529 -0.985485673 -68.990730286 -0.022083018 0.999153614 0.034704957 0.805408478 0.985966504 0.016019639 0.166173175 0.143196106
0.210499465 0.038732536 -0.976826429 -69.426147461 -0.021048136 0.999162734 0.035082471 0.809714794 0.977367401 0.013175531 0.211138487 0.261974335
0.258666009 0.037091307 -0.965254426 -69.841384888 -0.017526649 0.999278307 0.033701971 0.813416481 0.965807796 0.008200119 0.259129375 0.408809662
0.309225380 0.033195533 -0.950409174 -70.224327087 -0.010083456 0.999448895 0.031627610 0.799308062 0.950935304 -0.000196653 0.309389710 0.566139221
0.360356599 0.027614851 -0.932405829 -70.622886658 -0.005268209 0.999605954 0.027569043 0.806828618 0.932799816 -0.005022578 0.360360056 0.766796112
0.412399501 0.023065556 -0.910711050 -70.994308472 0.000221184 0.999676824 0.025418952 0.805307209 0.911003113 -0.010684196 0.412261188 0.982084274
0.463627994 0.022137474 -0.885753214 -71.381484985 -0.000866065 0.999698639 0.024531970 0.824935794 0.886029541 -0.010606589 0.463507444 1.215597153
0.512284756 0.020860929 -0.858562231 -71.754135132 0.000323018 0.999700129 0.024482971 0.834561646 0.858815610 -0.012819584 0.512124479 1.469818115
0.557246804 0.016252203 -0.830187798 -72.101089478 0.008453585 0.999645650 0.025243895 0.841678381 0.830303848 -0.021085143 0.556911945 1.757293701
0.600643516 0.009623781 -0.799459040 -72.422760010 0.019030713 0.999472141 0.026329523 0.843775928 0.799290538 -0.031028932 0.600143433 2.071125031
0.642979026 0.004279465 -0.765871763 -72.739692688 0.020332156 0.999536574 0.022654751 0.851921320 0.765613854 -0.030138353 0.642594159 2.387737274
0.683818519 0.000465038 -0.729651928 -73.031173706 0.017274223 0.999709249 0.016826294 0.840887427 0.729447722 -0.024110304 0.683611631 2.710094452
0.724620700 -0.005242192 -0.689127922 -73.270523071 0.012557558 0.999905467 0.005598047 0.837964892 0.689033449 -0.012710224 0.724618077 3.008277893
0.763948321 -0.008021364 -0.645227611 -73.539474487 0.008014959 0.999963462 -0.002941689 0.842648387 0.645227730 -0.002924174 0.763984799 3.374553680
0.801277280 -0.008974960 -0.598225653 -73.806800842 0.006320392 0.999958575 -0.006536333 0.848974228 0.598259628 0.001456396 0.801300943 3.767993927
0.835142732 -0.010121210 -0.549940109 -74.052772522 0.006787831 0.999944210 -0.008095130 0.840880454 0.549991369 0.003027687 0.835164785 4.202140808
0.865838945 -0.008134305 -0.500256896 -74.285758972 0.003519582 0.999942124 -0.010167669 0.829178870 0.500310719 0.007042865 0.865817368 4.649843216
0.891818404 -0.006664830 -0.452344328 -74.495422363 0.002906567 0.999955237 -0.009002884 0.818677783 0.452384114 0.006714169 0.891798019 5.127138138
0.912871718 -0.000707279 -0.408246011 -74.687469482 -0.002762826 0.999964893 -0.007910333 0.806399941 0.408237278 0.008349029 0.912837744 5.623279572
0.930375516 0.003665559 -0.366589785 -74.873947144 -0.007784541 0.999922156 -0.009758243 0.800325274 0.366525501 0.011932564 0.930331528 6.137187958
0.943905711 0.008909778 -0.330094904 -75.059730530 -0.012410030 0.999886811 -0.008497945 0.792214870 0.329981893 0.012117748 0.943909466 6.672798157
0.953866899 0.009393650 -0.300082684 -75.216651917 -0.011974114 0.999905467 -0.006761298 0.781481087 0.299990773 0.010042603 0.953889251 7.238073349
0.961223185 0.008602854 -0.275637478 -75.371742249 -0.010481887 0.999930799 -0.005344606 0.772514105 0.275572449 0.008026561 0.961246789 7.820936203
0.967046618 0.009032539 -0.254439205 -75.525268555 -0.010190990 0.999942839 -0.003235108 0.760090172 0.254395425 0.005721489 0.967083335 8.433723450
0.971678078 0.011642579 -0.236021623 -75.674301147 -0.012192530 0.999925315 -0.000870701 0.757155180 0.235993892 0.003723742 0.971747339 9.048942566
0.975188315 0.016419133 -0.220767796 -75.817398071 -0.016713560 0.999860108 0.000534379 0.752320707 0.220745698 0.003168695 0.975326240 9.683429718
0.978024185 0.020215673 -0.207509533 -75.953887939 -0.020200994 0.999793530 0.002189972 0.742014110 0.207510993 0.002050054 0.978230536 10.328661919
0.980740309 0.018763036 -0.194413140 -76.083602905 -0.018744718 0.999822438 0.001934046 0.733880520 0.194414943 0.001747423 0.980917752 10.994944572
0.983390570 0.019174471 -0.180486649 -76.205787659 -0.019253613 0.999813795 0.001313581 0.727696598 0.180478245 0.002183257 0.983576477 11.672692299
0.985908568 0.019340774 -0.166163415 -76.319274902 -0.019343309 0.999811590 0.001603230 0.726579845 0.166163117 0.001633513 0.986096919 12.375360489
0.988142252 0.020602806 -0.152152926 -76.424827576 -0.020603834 0.999786496 0.001570059 0.727424681 0.152152762 0.001583492 0.988355637 13.085149765
0.990041256 0.021032844 -0.139197558 -76.527664185 -0.021367628 0.999771237 -0.000910930 0.711688697 0.139146537 0.003876179 0.990264237 13.801455498
0.991519749 0.021333531 -0.128193870 -76.624565125 -0.022253724 0.999735773 -0.005749931 0.695048571 0.128037333 0.008553961 0.991732419 14.540143013
0.992749333 0.021122690 -0.118332475 -76.713653564 -0.022716027 0.999668300 -0.012132193 0.678065419 0.118036948 0.014732271 0.992899835 15.271761894
0.993636906 0.019788422 -0.110878661 -76.801979065 -0.021277534 0.999698400 -0.012262829 0.665849805 0.110602558 0.014544025 0.993758321 16.050466537
0.994370639 0.021535879 -0.103746131 -76.890235901 -0.022272723 0.999734223 -0.005948998 0.650759637 0.103590436 0.008226216 0.994585991 16.817554474
0.994786978 0.026064653 -0.098587610 -76.975921631 -0.025987543 0.999660134 0.002066433 0.635769367 0.098607972 0.000506387 0.995126247 17.584550858
0.995157540 0.026700728 -0.094597116 -77.048812866 -0.026274553 0.999638319 0.005748067 0.623119235 0.094716370 -0.003234738 0.995499015 18.351207733
0.995536923 0.025879502 -0.090755068 -77.129943848 -0.025544716 0.999661863 0.004848719 0.611397803 0.090849862 -0.002508768 0.995861471 19.112182617
0.995818555 0.025172194 -0.087816879 -77.202377319 -0.024982758 0.999682605 0.003255785 0.606385469 0.087870955 -0.001048265 0.996131420 19.896564484
0.996086240 0.025423536 -0.084650598 -77.279548645 -0.024994297 0.999668956 0.006126813 0.582199216 0.084778331 -0.003987052 0.996391833 20.678176880
0.996367216 0.023312692 -0.081908122 -77.343803406 -0.022666279 0.999704242 0.008813064 0.571869969 0.082089342 -0.006924495 0.996600866 21.449253082
0.996679962 0.021314062 -0.078579292 -77.407264709 -0.020554539 0.999734104 0.010461906 0.561637104 0.078781374 -0.008812011 0.996852994 22.213441849
0.996873975 0.020502400 -0.076301068 -77.458282471 -0.020037303 0.999775827 0.006856232 0.553845286 0.076424509 -0.005305932 0.997061253 22.966236115
0.996931851 0.022971494 -0.074827217 -77.523185730 -0.023066716 0.999733806 -0.000408417 0.542581916 0.074797913 0.002133182 0.997196436 23.725194931
0.997012258 0.023959495 -0.073435657 -77.577484131 -0.024605153 0.999666035 -0.007899909 0.528491139 0.073221862 0.009683200 0.997268677 24.459384918
0.997088253 0.024880450 -0.072083391 -77.639190674 -0.025825972 0.999591827 -0.012214784 0.515703082 0.071750060 0.014040841 0.997323811 25.219572067
0.997205973 0.026793430 -0.069731094 -77.701339722 -0.027604381 0.999561727 -0.010692028 0.496188641 0.069414049 0.012587037 0.997508585 25.982374191
0.997266471 0.029903613 -0.067567497 -77.759963989 -0.030421671 0.999514937 -0.006651129 0.475998759 0.067335829 0.008688463 0.997692645 26.732900620
0.997327805 0.033413041 -0.064968131 -77.822937012 -0.033563051 0.999435782 -0.001218707 0.457080781 0.064890757 0.003395980 0.997886598 27.497451782
0.997587383 0.031238252 -0.061996225 -77.877746582 -0.031278498 0.999510646 0.000321436 0.445684493 0.061975922 0.001618488 0.998076320 28.257280350
0.997745991 0.028561471 -0.060721915 -77.927742004 -0.028580716 0.999591231 0.000551769 0.428869665 0.060712866 0.001184950 0.998154581 29.020835876
0.997887850 0.026396159 -0.059356663 -77.976440430 -0.026399888 0.999651194 0.000721459 0.412300676 0.059354998 0.000847074 0.998236597 29.773187637
0.997918785 0.026405552 -0.058829434 -78.016784668 -0.026534179 0.999646902 -0.001406197 0.403187990 0.058771525 0.002964261 0.998267055 30.513759613
0.998011351 0.024413574 -0.058114883 -78.060516357 -0.024606461 0.999693871 -0.002605718 0.391100466 0.058033474 0.004030538 0.998306453 31.269861221
0.998076797 0.022844225 -0.057627361 -78.103485107 -0.023035290 0.999731064 -0.002653291 0.379130095 0.057551254 0.003975650 0.998334587 32.027816772
0.998032749 0.027031509 -0.056568876 -78.160614014 -0.027169127 0.999629438 -0.001664933 0.366224796 0.056502901 0.003198584 0.998397350 32.803604126
0.998042881 0.026843099 -0.056478385 -78.207588196 -0.027019834 0.999632120 -0.002367810 0.352759749 0.056394052 0.003889213 0.998400927 33.575138092
0.997938752 0.026480177 -0.058455668 -78.251037598 -0.026661713 0.999641895 -0.002327657 0.337793142 0.058373094 0.003881387 0.998287320 34.349353790
0.997903705 0.024242103 -0.060002334 -78.307289124 -0.024397166 0.999700606 -0.001852981 0.325724691 0.059939448 0.003312984 0.998196542 35.137538910
0.997682571 0.025586985 -0.063047267 -78.369461060 -0.025767181 0.999665916 -0.002046581 0.314052463 0.062973842 0.003666388 0.998008370 35.940563202
0.997370720 0.029973758 -0.065978855 -78.425865173 -0.030165737 0.999543071 -0.001915211 0.294649571 0.065891311 0.003900477 0.997819126 36.713043213
0.997183561 0.030239936 -0.068631083 -78.490707397 -0.030773707 0.999503732 -0.006733286 0.280485421 0.068393409 0.008826356 0.997619450 37.509117126
0.997011840 0.030746710 -0.070866667 -78.561622620 -0.031545594 0.999450445 -0.010181313 0.267725348 0.070514701 0.012386421 0.997433901 38.301006317
0.996892452 0.030785656 -0.072511278 -78.633087158 -0.031728402 0.999425888 -0.011885272 0.255006850 0.072103754 0.014149004 0.997296810 39.093551636
0.996712089 0.031023486 -0.074850418 -78.698593140 -0.031892873 0.999436617 -0.010447534 0.234810084 0.074484147 0.012800377 0.997140050 39.925071716
0.996562064 0.029474266 -0.077430010 -78.759346008 -0.030323174 0.999491990 -0.009810583 0.216649801 0.077101536 0.012124776 0.996949494 40.749374390
0.996461391 0.028964194 -0.078903504 -78.829444885 -0.029686835 0.999527276 -0.008000766 0.198877752 0.078634456 0.010314850 0.996850193 41.574470520
0.996390760 0.028514663 -0.079951681 -78.904373169 -0.028956659 0.999571085 -0.004374174 0.185815066 0.079792656 0.006673520 0.996789157 42.400459290
0.996331871 0.028315393 -0.080753304 -78.979881287 -0.028386446 0.999597132 0.000268285 0.172777325 0.080728360 0.002024999 0.996734083 43.278434753
0.996409595 0.028029338 -0.079889670 -79.052452087 -0.027907265 0.999607027 0.002644377 0.157313749 0.079932399 -0.000405380 0.996800184 44.130306244
0.996460736 0.031242235 -0.078038275 -79.124618530 -0.031139959 0.999511778 0.002527453 0.145602018 0.078079149 -0.000088399 0.996947169 44.983524323
0.996626496 0.030779030 -0.076080732 -79.197685242 -0.030763838 0.999525726 0.001371916 0.137270480 0.076086886 0.000973248 0.997100651 45.851367950
0.996810257 0.028401367 -0.074581973 -79.261436462 -0.028550865 0.999591887 -0.000938876 0.124523222 0.074524865 0.003065261 0.997214437 46.710464478
0.997025132 0.024303937 -0.073144518 -79.320228577 -0.024549240 0.999695539 -0.002456439 0.109123856 0.073062569 0.004244775 0.997318387 47.581584930
0.997210205 0.023194004 -0.070949972 -79.390075684 -0.023451941 0.999721050 -0.002804523 0.097892076 0.070865139 0.004460613 0.997475863 48.456577301
0.997327268 0.020913813 -0.070007659 -79.452613831 -0.020974036 0.999780059 -0.000125208 0.081051499 0.069989637 0.001593217 0.997546434 49.332164764
0.997455955 0.018566377 -0.068826184 -79.518188477 -0.018474925 0.999827385 0.001965089 0.071379796 0.068850785 -0.000688531 0.997626722 50.208801270
0.997498989 0.018130794 -0.068315320 -79.575416565 -0.018002737 0.999834836 0.002489736 0.054344907 0.068349168 -0.001253647 0.997660697 51.085769653
0.997528315 0.020145891 -0.067314632 -79.634132385 -0.020245114 0.999794722 -0.000792137 0.037186403 0.067284860 0.002152971 0.997731507 51.967468262
0.997530699 0.022580314 -0.066502139 -79.702720642 -0.023049926 0.999714434 -0.006302767 0.016076922 0.066340819 0.007820074 0.997766376 52.826000214
0.997542620 0.024411675 -0.065671273 -79.763481140 -0.025239486 0.999611676 -0.011805315 -0.002808094 0.065357581 0.013433813 0.997771502 53.684505463
0.997466147 0.029207496 -0.064868525 -79.830917358 -0.030413907 0.999380946 -0.017688647 -0.025113463 0.064311713 0.019616736 0.997737110 54.535858154
0.997538388 0.029344611 -0.063686900 -79.893524170 -0.030561768 0.999366820 -0.018222099 -0.058094740 0.063111842 0.020123627 0.997803569 55.380058289
0.997601807 0.026389183 -0.063986592 -79.945457458 -0.027264504 0.999545634 -0.012845204 -0.073120654 0.063618548 0.014558960 0.997868121 56.249660492
0.997588456 0.025240744 -0.064653471 -80.000640869 -0.025526103 0.999667704 -0.003591261 -0.098434567 0.064541332 0.005232953 0.997901320 57.099514008
0.997543216 0.023835534 -0.065874286 -80.058715820 -0.023597894 0.999711931 0.004383276 -0.120342910 0.065959781 -0.002818013 0.997818232 57.952182770
0.997443020 0.021940937 -0.068015002 -80.121429443 -0.021841085 0.999758959 0.002211433 -0.134653598 0.068047144 -0.000720257 0.997681856 58.791893005
0.997405171 0.016904302 -0.069979012 -80.183868408 -0.017036552 0.999854088 -0.001293438 -0.148529604 0.069946915 0.002482283 0.997547626 59.631858826
0.997216940 0.015322666 -0.072962053 -80.238807678 -0.015566641 0.999874949 -0.002776408 -0.168179601 0.072910391 0.003904455 0.997330785 60.444374084
0.996970952 0.017397597 -0.075803615 -80.306320190 -0.017843904 0.999827147 -0.005214311 -0.185762972 0.075699799 0.006551149 0.997109115 61.266319275
0.996700287 0.018948447 -0.078926720 -80.383499146 -0.019684996 0.999769568 -0.008564405 -0.207247138 0.078746244 0.010089817 0.996843696 62.081569672
0.996389151 0.019898612 -0.082539797 -80.465774536 -0.020952685 0.999709368 -0.011923925 -0.225761473 0.082278542 0.013610298 0.996516466 62.896808624
0.996081173 0.021570966 -0.085773781 -80.538223267 -0.022991391 0.999613762 -0.015606775 -0.253091514 0.085404016 0.017517675 0.996192396 63.702201843
0.995691061 0.026640140 -0.088823676 -80.633323669 -0.028160624 0.999476790 -0.015908865 -0.277314663 0.088353381 0.018341646 0.995920241 64.498733521
0.995266020 0.030336279 -0.092331953 -80.718482971 -0.031758565 0.999397874 -0.013973574 -0.299876690 0.091852464 0.016839750 0.995630264 65.303169250
0.994844556 0.033166219 -0.095833935 -80.811431885 -0.034080535 0.999387622 -0.007919190 -0.323046207 0.095512606 0.011144434 0.995365798 66.104019165
0.994391024 0.033430781 -0.100344047 -80.896453857 -0.033832740 0.999424815 -0.002306275 -0.343897164 0.100209236 0.005688252 0.994950056 66.918296814
0.993898213 0.032773014 -0.105319962 -80.981147766 -0.032826718 0.999460220 0.001224033 -0.360811651 0.105303235 0.002240745 0.994437635 67.711387634
0.993192673 0.032278400 -0.111921854 -81.074775696 -0.032211822 0.999478042 0.002403603 -0.373943329 0.111941032 0.001217966 0.993714094 68.500968933
0.992675543 0.029859515 -0.117063127 -81.177238464 -0.029330827 0.999550164 0.006236760 -0.386597574 0.117196709 -0.002757521 0.993104994 69.279617310
0.991787195 0.031267323 -0.124018267 -81.273178101 -0.030824099 0.999509692 0.005491477 -0.394095182 0.124129161 -0.001623625 0.992264688 70.058921814
0.990871310 0.036005769 -0.129913852 -81.388412476 -0.035698600 0.999351621 0.004693181 -0.404857665 0.129998595 -0.000012596 0.991514146 70.830024719
0.990063250 0.038152322 -0.135348886 -81.512161255 -0.038358394 0.999263465 0.001086029 -0.415860713 0.135290638 0.004116528 0.990797400 71.590797424
0.989178181 0.037262082 -0.141908497 -81.621116638 -0.037882488 0.999280810 -0.001671765 -0.426616013 0.141744137 0.007029520 0.989878297 72.345397949
0.988336504 0.038443066 -0.147353068 -81.742767334 -0.039255511 0.999225855 -0.002608400 -0.442362696 0.147138759 0.008362399 0.989080489 73.108871460
0.987601697 0.040445190 -0.151680544 -81.871437073 -0.040517285 0.999175370 0.002616672 -0.452055246 0.151661292 0.003561455 0.988426089 73.875976562
0.986645997 0.040973894 -0.157642305 -82.004722595 -0.040472530 0.999160230 0.006390631 -0.457323194 0.157771826 0.000074893 0.987475514 74.644599915
0.985643625 0.040667217 -0.163868695 -82.136199951 -0.039750133 0.999170244 0.008873012 -0.475634336 0.164093524 -0.002231826 0.986442208 75.401626587
0.984545290 0.038242228 -0.170903981 -82.274780273 -0.037904844 0.999267638 0.005237934 -0.484517425 0.170979097 0.001321105 0.985273719 76.148826599
0.983080924 0.035927292 -0.179613993 -82.415084839 -0.036899142 0.999316812 -0.002071642 -0.490392834 0.179416835 0.008664192 0.983734965 76.894790649
0.981436372 0.033383574 -0.188860402 -82.564216614 -0.034718722 0.999390066 -0.003764678 -0.501690626 0.188619524 0.010251783 0.981996655 77.638168335
0.979309976 0.033139240 -0.199634165 -82.717063904 -0.033971835 0.999422550 -0.000745635 -0.516205192 0.199494153 0.007512148 0.979870200 78.372390747
0.976936579 0.033178564 -0.210936248 -82.883094788 -0.032781068 0.999448001 0.005381894 -0.523208261 0.210998401 0.001656945 0.977485001 79.111717224
0.974437594 0.034439657 -0.222002685 -83.059341431 -0.032273330 0.999389529 0.013379515 -0.535267711 0.222327963 -0.005872739 0.974954247 79.823898315
0.971824706 0.035080340 -0.233079627 -83.245834351 -0.032027852 0.999344647 0.016869308 -0.542080641 0.233518645 -0.008928970 0.972311318 80.549362183
0.968880057 0.038392309 -0.244535625 -83.444351196 -0.036291547 0.999255538 0.013092448 -0.555516481 0.244856209 -0.003810433 0.969551980 81.266128540
0.965815067 0.037900470 -0.256446660 -83.648849487 -0.038220309 0.999262393 0.003738627 -0.558869720 0.256399214 0.006190648 0.966551185 81.965576172
0.962525487 0.035619583 -0.268841803 -83.857040405 -0.037280932 0.999304235 -0.001075163 -0.560241163 0.268616468 0.011057543 0.963183701 82.670104980
0.959093988 0.034795396 -0.280941188 -84.063171387 -0.035122540 0.999375522 0.003872188 -0.561589956 0.280900478 0.006153574 0.959717155 83.393280029
0.955699086 0.036007840 -0.292134315 -84.293090820 -0.034215722 0.999351144 0.011243274 -0.567519784 0.292349666 -0.000749604 0.956311285 84.115364075
0.952028751 0.035931602 -0.303891510 -84.532226562 -0.032406401 0.999336302 0.016637271 -0.571114421 0.304287612 -0.005991132 0.952561378 84.824424744
0.947875798 0.033597369 -0.316863537 -84.774787903 -0.030474324 0.999425888 0.014808260 -0.572812080 0.317179114 -0.004380191 0.948355556 85.535476685
0.944192767 0.032189019 -0.327816904 -85.034332275 -0.030322107 0.999481797 0.010806124 -0.578968167 0.327994883 -0.000262968 0.944679499 86.232192993
0.941013336 0.027344683 -0.337262750 -85.282196045 -0.027598286 0.999610901 0.004043404 -0.585587859 0.337242126 0.005502978 0.941401780 86.930404663
0.938231170 0.023426061 -0.345215142 -85.543571472 -0.025574207 0.999671459 -0.001668948 -0.592813909 0.345062643 0.010394462 0.938522041 87.632606506
0.935598433 0.022813462 -0.352328300 -85.816833496 -0.025828892 0.999658883 -0.003859436 -0.598747551 0.352120012 0.012711131 0.935868442 88.334922791
0.932523370 0.028544156 -0.359979659 -86.110984802 -0.031957824 0.999482870 -0.003533574 -0.615780950 0.359692693 0.014799306 0.932953477 89.043380737
0.929407477 0.028623946 -0.367943287 -86.384933472 -0.031233398 0.999511480 -0.001137665 -0.629149318 0.367731065 0.012549475 0.929847538 89.733047485
0.926325262 0.028880121 -0.375616163 -86.675819397 -0.028946921 0.999565899 0.005466550 -0.631294549 0.375611067 0.005809127 0.926759183 90.437690735
0.923453927 0.030901119 -0.382463217 -86.967681885 -0.027753074 0.999520361 0.013746721 -0.637928247 0.382704556 -0.002079931 0.923868418 91.147239685
0.920960248 0.041472707 -0.387443095 -87.297195435 -0.036247183 0.999126613 0.020788267 -0.647871017 0.387966871 -0.005101447 0.921659231 91.844078064
0.918080747 0.047922883 -0.393485874 -87.608039856 -0.044577993 0.998850107 0.017641263 -0.644323587 0.393878818 0.001344705 0.919161379 92.536834717
0.915712535 0.044536039 -0.399358392 -87.915145874 -0.044091363 0.998974323 0.010304895 -0.645280480 0.399407685 0.008171936 0.916736960 93.224014282
0.913849354 0.036740944 -0.404387802 -88.221481323 -0.038873971 0.999239862 0.002937919 -0.649029911 0.404188335 0.013035346 0.914582908 93.912292480
0.911884844 0.037076160 -0.408767939 -88.530235291 -0.039669052 0.999210596 0.002136372 -0.650385976 0.408524424 0.014267311 0.912635863 94.608497620
0.909998298 0.043781094 -0.412293911 -88.882476807 -0.044747382 0.998971522 0.007315242 -0.658980668 0.412190109 0.011792216 0.911021471 95.297477722
0.907398105 0.046007674 -0.417746335 -89.208999634 -0.045285285 0.998906195 0.011647190 -0.662724376 0.417825252 0.008349122 0.908489048 96.014312744
0.905223727 0.042313121 -0.422823340 -89.537353516 -0.042111687 0.999064624 0.009822189 -0.672339678 0.422843397 0.008914525 0.906158924 96.711044312
0.902982533 0.040747084 -0.427740753 -89.876014709 -0.043300118 0.999055028 0.003762366 -0.682484031 0.427489787 0.015123876 0.903893650 97.396125793
0.900812685 0.037965257 -0.432544857 -90.218521118 -0.043465901 0.999050856 -0.002833014 -0.686633885 0.432026714 0.021352965 0.901607871 98.088729858
