-0.974914968 0.054559711 0.215786904 -151.786117554 0.058959875 0.998162150 0.014001905 2.422308922 -0.214626387 0.026373437 -0.976340055 2.034645081
-0.978987396 0.053438403 0.196794108 -151.618148804 0.057693608 0.998206913 0.015949333 2.429296970 -0.195588931 0.026967958 -0.980315089 1.172836304
-0.982652664 0.050456464 0.178459346 -151.469497681 0.055274319 0.998226047 0.022125509 2.435293674 -0.177026406 0.031605911 -0.983698428 0.291357040
-0.985849142 0.050329868 0.159900859 -151.324142456 0.054983482 0.998178899 0.024810407 2.443879604 -0.158360973 0.033251226 -0.986821175 -0.575225830
-0.988533735 0.050463133 0.142317846 -151.201766968 0.054511722 0.998207748 0.024691127 2.460398674 -0.140816733 0.032165997 -0.989513099 -1.459684372
-0.990769863 0.050179206 0.125925183 -151.089141846 0.053213511 0.998365521 0.020846909 2.470424414 -0.124673292 0.027355410 -0.991820633 -2.348907471
-0.992288828 0.053860489 0.111632623 -150.988021851 0.056228571 0.998252451 0.018172210 2.474993229 -0.110458784 0.024309024 -0.993583322 -3.244425774
-0.993025422 0.059716374 0.101658598 -150.904754639 0.062230464 0.997824967 0.021738792 2.492065907 -0.100139327 0.027913433 -0.994581759 -4.163567543
-0.993355691 0.064846098 0.095076248 -150.830795288 0.068086125 0.997190177 0.031236362 2.505937576 -0.092783563 0.037502188 -0.994979799 -5.091977119
-0.993440330 0.067505307 0.092299014 -150.751907349 0.071447454 0.996638298 0.040091679 2.525732994 -0.089282334 0.046423227 -0.994923830 -6.037315369
-0.993687630 0.065839820 0.090829462 -150.660583496 0.069717385 0.996756554 0.040196367 2.555526733 -0.087888338 0.046275016 -0.995054960 -6.971843719
-0.993956327 0.062774047 0.090057150 -150.575653076 0.066391423 0.997079372 0.037747853 2.573728561 -0.087424539 0.043498740 -0.995220959 -7.911293983
-0.994364440 0.057790246 0.088880129 -150.480041504 0.060944039 0.997589290 0.033186860 2.597833395 -0.086747967 0.038416542 -0.995489359 -8.860994339
-0.994883060 0.049349185 0.088161170 -150.377532959 0.052296117 0.998136759 0.031434253 2.614326715 -0.086445659 0.035883896 -0.995610058 -9.853912354
-0.995142996 0.044198535 0.087960005 -150.276153564 0.047113877 0.998397470 0.031347618 2.636858463 -0.086433552 0.035339501 -0.995630622 -10.838312149
-0.995150685 0.042233773 0.088834435 -150.183898926 0.045375612 0.998403132 0.033649493 2.655934095 -0.087271430 0.037517231 -0.995477796 -11.836544037
-0.995227635 0.039512221 0.089223161 -150.075485229 0.042768300 0.998475909 0.034880936 2.680673599 -0.087708943 0.038530391 -0.995400667 -12.840011597
-0.995108426 0.039227221 0.090665735 -149.989639282 0.042624600 0.998448014 0.035843391 2.699073076 -0.089118972 0.039532658 -0.995236158 -13.845828056
-0.995080709 0.037045505 0.091879949 -149.887817383 0.040368069 0.998586714 0.034570612 2.724612713 -0.090469420 0.038109574 -0.995169818 -14.867966652
-0.995059252 0.035328716 0.092785142 -149.788436890 0.038534015 0.998712778 0.032983538 2.739879608 -0.091500446 0.036395960 -0.995139718 -15.885469437
-0.995093048 0.032930192 0.093302257 -149.678771973 0.035971008 0.998868823 0.031098537 2.758690596 -0.092172623 0.034302119 -0.995152056 -16.930749893
-0.995192349 0.031190002 0.092840634 -149.576141357 0.034086071 0.998975277 0.029773079 2.782306910 -0.091816880 0.032794509 -0.995235741 -17.972457886
-0.995411813 0.028454505 0.091354162 -149.471252441 0.031312291 0.999059319 0.030002868 2.799481153 -0.090414524 0.032725718 -0.995366335 -19.023017883
-0.995597243 0.026505509 0.089908972 -149.371627808 0.029397169 0.999087274 0.030991623 2.813756227 -0.089005470 0.033498242 -0.995467663 -20.073234558
-0.995730758 0.026728151 0.088350698 -149.276489258 0.029592523 0.999072790 0.031271055 2.832199574 -0.087432958 0.033752073 -0.995598435 -21.129055023
-0.995869577 0.025903387 0.087021485 -149.178848267 0.028743880 0.999088883 0.031548265 2.848155022 -0.086124986 0.033919293 -0.995706797 -22.178638458
-0.995977521 0.025524558 0.085890904 -149.086914062 0.028492436 0.999032259 0.033507254 2.859582186 -0.084952556 0.035819713 -0.995740950 -23.235864639
-0.996024430 0.025149718 0.085456379 -148.995819092 0.028277265 0.998966515 0.035586834 2.878422499 -0.084473044 0.037861828 -0.995706201 -24.287231445
-0.996156335 0.024162456 0.084194615 -148.899002075 0.027387563 0.998926401 0.037363157 2.896887302 -0.083201431 0.039525431 -0.995748580 -25.342279434
-0.996240377 0.023159008 0.083479404 -148.810028076 0.026257681 0.998999000 0.036214095 2.913291931 -0.082557164 0.038269915 -0.995851278 -26.389614105
-0.996338606 0.022944732 0.082358502 -148.713134766 0.025762768 0.999112725 0.033318546 2.932608604 -0.081520937 0.035318334 -0.996045649 -27.427330017
-0.996443570 0.022068484 0.081320859 -148.625289917 0.024780789 0.999164581 0.032496132 2.945001602 -0.080535755 0.034395762 -0.996158004 -28.453826904
-0.996555746 0.021777105 0.080014043 -148.535919189 0.024478065 0.999157727 0.032931682 2.958791733 -0.079229504 0.034776848 -0.996249497 -29.492973328
-0.996706367 0.020955060 0.078341238 -148.446914673 0.023640754 0.999158621 0.033513069 2.976490974 -0.077573091 0.035254732 -0.996363163 -30.532127380
-0.996912897 0.020569755 0.075773448 -148.365325928 0.023290563 0.999108791 0.035200197 2.988468170 -0.074981861 0.036856331 -0.996503532 -31.565347672
-0.997148752 0.020070370 0.072743416 -148.283920288 0.022676323 0.999123812 0.035176851 3.004655123 -0.071973667 0.036726102 -0.996730149 -32.596542358
-0.997408032 0.018705616 0.069478005 -148.201034546 0.021120004 0.999192536 0.034180000 3.021381617 -0.068782546 0.035558783 -0.996997714 -33.610618591
-0.997606218 0.018101720 0.066739075 -148.134506226 0.020373894 0.999230206 0.033523869 3.035124540 -0.066080824 0.034803361 -0.997207105 -34.647994995
-0.997832000 0.016951807 0.063591711 -148.063766479 0.019190589 0.999211371 0.034761645 3.052637815 -0.062952273 0.035906643 -0.997370422 -35.666751862
-0.997988105 0.017224925 0.061016738 -147.997177124 0.019471543 0.999146938 0.036418535 3.069463253 -0.060337409 0.037533358 -0.997472107 -36.692718506
-0.998140574 0.017580219 0.058362432 -147.935180664 0.019787867 0.999101996 0.037466686 3.088146687 -0.057651352 0.038551901 -0.997592151 -37.706062317
-0.998251975 0.018536797 0.056117889 -147.878799438 0.020678034 0.999070644 0.037819065 3.105967522 -0.055364676 0.038913365 -0.997707725 -38.727531433
-0.998358011 0.018732162 0.054132108 -147.824340820 0.020768737 0.999087989 0.037307944 3.124531746 -0.053383876 0.038370945 -0.997836590 -39.739097595
-0.998453617 0.019293860 0.052135777 -147.762664795 0.021222211 0.999101400 0.036690116 3.138991117 -0.051381022 0.037739817 -0.997965753 -40.743907928
-0.998547375 0.018519722 0.050596356 -147.710189819 0.020386050 0.999121189 0.036623064 3.157556057 -0.049873613 0.037601333 -0.998047411 -41.765357971
-0.998629808 0.017449152 0.049335938 -147.653366089 0.019300288 0.999117792 0.037297014 3.177614689 -0.048641585 0.038198113 -0.998085558 -42.772090912
-0.998669028 0.017070521 0.048672590 -147.600753784 0.018825661 0.999180496 0.035832599 3.194206953 -0.048021059 0.036701191 -0.998171806 -43.767162323
-0.998708546 0.016620312 0.048011754 -147.549057007 0.018144866 0.999339223 0.031494461 3.209473133 -0.047456581 0.032324955 -0.998350084 -44.757038116
-0.998732030 0.015742060 0.047817286 -147.490493774 0.017139040 0.999433935 0.028946713 3.218291044 -0.047334541 0.029729551 -0.998436570 -45.750213623
-0.998718560 0.016053654 0.047994263 -147.439361572 0.017405016 0.999459922 0.027872777 3.228305340 -0.047520842 0.028672401 -0.998458624 -46.736373901
-0.998665810 0.017490719 0.048586931 -147.383590698 0.018902780 0.999407589 0.028756466 3.242916107 -0.048055179 0.029636523 -0.998404920 -47.737472534
-0.998578191 0.019170795 0.049740069 -147.340301514 0.020668369 0.999342978 0.029770425 3.251581669 -0.049136657 0.030756138 -0.998318434 -48.715480804
-0.998506129 0.021332486 0.050302710 -147.284927368 0.022889875 0.999269843 0.030590307 3.265593529 -0.049613394 0.031696036 -0.998265386 -49.693752289
-0.998446763 0.021732248 0.051300470 -147.228439331 0.023369957 0.999229252 0.031542853 3.275241375 -0.050575428 0.032692753 -0.998184979 -50.680210114
-0.998398364 0.022079414 0.052089173 -147.172515869 0.023781691 0.999195576 0.032289717 3.286803007 -0.051334329 0.033476770 -0.998120248 -51.655311584
-0.998380363 0.020781349 0.052958701 -147.115707397 0.022531109 0.999212503 0.032660071 3.299919605 -0.052238289 0.033800397 -0.998062432 -52.616809845
-0.998342693 0.020572061 0.053745709 -147.056793213 0.022292409 0.999251604 0.031607963 3.309589148 -0.053055245 0.032753691 -0.998054385 -53.585731506
-0.998211145 0.022806335 0.055266425 -146.996932983 0.024506839 0.999240756 0.030289326 3.321947575 -0.054533672 0.031589545 -0.998012066 -54.551166534
-0.998030663 0.023529479 0.058147263 -146.931579590 0.025245022 0.999262035 0.028947107 3.333202600 -0.057423234 0.030358028 -0.997888207 -55.507270813
-0.997873843 0.022585411 0.061136335 -146.870773315 0.024387348 0.999285042 0.028890176 3.335011005 -0.060440101 0.030319704 -0.997711241 -56.467689514
-0.997722089 0.022369036 0.063641012 -146.806900024 0.024151733 0.999333262 0.027381703 3.342703342 -0.062986061 0.028856372 -0.997597218 -57.421707153
-0.997594655 0.022894204 0.065426819 -146.730987549 0.024677483 0.999342024 0.026579138 3.350731373 -0.064775273 0.028129773 -0.997503281 -58.354526520
-0.997566819 0.021683667 0.066257887 -146.667541504 0.023528110 0.999353468 0.027185075 3.356827259 -0.065625571 0.028677855 -0.997432113 -59.300144196
-0.997558534 0.020117940 0.066873744 -146.601623535 0.022121456 0.999324203 0.029355446 3.362960339 -0.066237964 0.030763123 -0.997329473 -60.231826782
-0.997654498 0.019101910 0.065731935 -146.527603149 0.021218346 0.999273717 0.031651847 3.368434429 -0.065079600 0.032972328 -0.997335196 -61.147132874
-0.997694433 0.018876519 0.065188505 -146.471481323 0.021022547 0.999254107 0.032392737 3.376630783 -0.064528383 0.033688478 -0.997347057 -62.064777374
-0.997804046 0.017851528 0.063785210 -146.408630371 0.019962143 0.999268889 0.032606758 3.387320757 -0.063156500 0.033808440 -0.997430801 -62.960235596
-0.997980535 0.015685072 0.061554976 -146.347671509 0.017726509 0.999306023 0.032759700 3.395422459 -0.060998462 0.033784699 -0.997565866 -63.846103668
-0.998218358 0.014711486 0.057824649 -146.297653198 0.016640104 0.999316275 0.033013981 3.406877995 -0.057299435 0.033917367 -0.997780740 -64.716957092
-0.998502135 0.015537732 0.052460290 -146.253204346 0.017289048 0.999302566 0.033096414 3.416581392 -0.051909454 0.033953819 -0.998074532 -65.571487427
-0.998832703 0.016542461 0.045383140 -146.214614868 0.018058347 0.999285638 0.033197872 3.423716545 -0.044801518 0.033978663 -0.998417914 -66.400863647
-0.999122441 0.018348800 0.037651777 -146.187606812 0.019619549 0.999240637 0.033663008 3.436280012 -0.037005510 0.034372181 -0.998723745 -67.216056824
-0.999341607 0.020820849 0.029712703 -146.165939331 0.021859931 0.999145210 0.035085715 3.446809769 -0.028956791 0.035712130 -0.998942494 -68.008811951
-0.999461830 0.024323558 0.022009421 -146.156478882 0.025099797 0.999047041 0.035707735 3.452318192 -0.021119878 0.036240950 -0.999119878 -68.782325745
-0.999553621 0.026106233 0.014535517 -146.149703979 0.026614957 0.998998046 0.035980072 3.465861320 -0.013581651 0.036350869 -0.999246776 -69.524757385
-0.999582767 0.027874950 0.007572578 -146.157318115 0.028136091 0.998922825 0.036900025 3.475746632 -0.006535850 0.037097696 -0.999290168 -70.250488281
-0.999593794 0.028497858 0.000341252 -146.154129028 0.028491139 0.998918116 0.036753416 3.484245539 0.000706481 0.036748212 -0.999324322 -70.943244934
-0.999528646 0.030138409 -0.005833329 -146.161590576 0.029907359 0.998893142 0.036305182 3.491010904 0.006921052 0.036113609 -0.999323726 -71.606727600
-0.999431193 0.031594366 -0.011788093 -146.168457031 0.031151501 0.998865128 0.036029726 3.496365786 0.012913048 0.035642017 -0.999281168 -72.235839844
-0.999331653 0.032327369 -0.017059818 -146.184738159 0.031704005 0.998862207 0.035625432 3.507226706 0.018192114 0.035060763 -0.999219537 -72.848548889
-0.999158323 0.034838829 -0.021650042 -146.205688477 0.034066252 0.998803616 0.035083551 3.512583494 0.022846416 0.034316488 -0.999149859 -73.430992126
-0.998998940 0.036119111 -0.026391489 -146.218185425 0.035141144 0.998711050 0.036624908 3.518028259 0.027680330 0.035660818 -0.998980522 -73.979728699
-0.998849869 0.037336823 -0.030082928 -146.238876343 0.036165442 0.998600721 0.038584381 3.521814585 0.031481460 0.037452046 -0.998802423 -74.501091003
-0.998694360 0.037899461 -0.034252051 -146.249114990 0.036530856 0.998542190 0.039736357 3.523508549 0.035708103 0.038433220 -0.998622954 -74.999504089
-0.998570144 0.038382627 -0.037208512 -146.268783569 0.036883838 0.998512149 0.040163379 3.531087875 0.038694724 0.038733561 -0.998500109 -75.468360901
-0.998400688 0.040008612 -0.039941840 -146.290954590 0.038369942 0.998422801 0.040982921 3.539751530 0.041518517 0.039384808 -0.998361170 -75.920982361
-0.998217046 0.043132070 -0.041259415 -146.323577881 0.041455794 0.998312771 0.040655285 3.547998905 0.042943347 0.038872350 -0.998320937 -76.328201294
-0.998134196 0.043320592 -0.043028273 -146.337295532 0.041525524 0.998263896 0.041771140 3.559048176 0.044763092 0.039906431 -0.998200238 -76.713211060
-0.998136580 0.042924605 -0.043368932 -146.352600098 0.041060295 0.998230875 0.043000583 3.568429947 0.045137990 0.041139707 -0.998133242 -77.058662415
-0.998155296 0.041378565 -0.044428609 -146.346984863 0.039477672 0.998301506 0.042842869 3.578433037 0.046125922 0.041009892 -0.998093486 -77.344558716
-0.998174429 0.041027892 -0.044321444 -146.335571289 0.039093114 0.998280764 0.043672066 3.570844889 0.046037026 0.041859675 -0.998062313 -77.619224548
-0.998437822 0.038334161 -0.040650450 -146.366912842 0.036572333 0.998395383 0.043233249 3.566396713 0.042242471 0.041679025 -0.998237669 -77.905517578
-0.998608768 0.035907388 -0.038616460 -146.357376099 0.034280684 0.998529673 0.041992407 3.576052666 0.040067501 0.040610187 -0.998371363 -78.141510010
-0.998738706 0.035025958 -0.035974395 -146.368240356 0.033549484 0.998601556 0.040856931 3.575204134 0.037355166 0.039598472 -0.998517156 -78.343658447
-0.998867691 0.033963151 -0.033315875 -146.367370605 0.032679059 0.998729527 0.038358539 3.571336269 0.034576334 0.037226368 -0.998708546 -78.544662476
-0.998928905 0.034701537 -0.030611061 -146.376846313 0.033597928 0.998791933 0.035858903 3.582607508 0.031818453 0.034792021 -0.998887956 -78.739540100
-0.998973906 0.035354473 -0.028306670 -146.378234863 0.034337852 0.998774946 0.035629228 3.586871624 0.029531661 0.034620676 -0.998964071 -78.933532715
-0.999071538 0.034241159 -0.026147703 -146.367507935 0.033257317 0.998755038 0.037177254 3.581479549 0.027388159 0.036273129 -0.998966515 -79.120010376
-0.999207258 0.032577317 -0.022885481 -146.377883911 0.031716920 0.998811662 0.037003141 3.595132589 0.024063781 0.036247943 -0.999053121 -79.297966003
-0.999309897 0.031101216 -0.020309644 -146.364746094 0.030343724 0.998869240 0.036596783 3.592195034 0.021424904 0.035955250 -0.999123812 -79.453491211
-0.999361396 0.031700548 -0.016492316 -146.365829468 0.031102479 0.998891354 0.035336897 3.602161407 0.017594272 0.034801375 -0.999239385 -79.595474243
-0.999395490 0.032553773 -0.012201423 -146.352890015 0.032112259 0.998878717 0.034785055 3.599243879 0.013320150 0.034372207 -0.999320328 -79.739715576
-0.999439538 0.032832365 -0.006536610 -146.353912354 0.032589294 0.998878419 0.034347042 3.597871304 0.007656969 0.034114767 -0.999388635 -79.868896484
-0.999494910 0.031776842 -0.000328794 -146.336654663 0.031746298 0.998893380 0.034700155 3.593608379 0.001431111 0.034672186 -0.999397755 -79.989768982
-0.999531686 0.029603185 0.007751822 -146.327102661 0.029850557 0.998975217 0.034021582 3.597325325 -0.006736703 0.034237046 -0.999391019 -80.114250183
-0.999503970 0.027235443 0.015818357 -146.331161499 0.027766362 0.999023259 0.034374587 3.595851660 -0.014866672 0.034796752 -0.999283850 -80.220001221
-0.999419689 0.026041651 0.021963080 -146.322769165 0.026801834 0.999025822 0.035058256 3.609241486 -0.021028740 0.035626557 -0.999143898 -80.262870789
-0.999296010 0.024373114 0.028520403 -146.315750122 0.025379246 0.999048591 0.035464108 3.611553192 -0.027628897 0.036162961 -0.998963892 -80.345405579
-0.999154866 0.024160068 0.033256263 -146.305038452 0.025346395 0.999040127 0.035725262 3.607846498 -0.032361250 0.036537994 -0.998808146 -80.409820557
-0.998997688 0.024392430 0.037532173 -146.298416138 0.025691669 0.999073327 0.034532897 3.613677502 -0.036655046 0.035462547 -0.998698533 -80.458999634
-0.998866796 0.024217453 0.040971369 -146.298446655 0.025629098 0.999083400 0.034287374 3.615807295 -0.040103436 0.035298578 -0.998571873 -80.492149353
-0.998791635 0.024289306 0.042724531 -146.288833618 0.025758864 0.999083459 0.034188595 3.615088701 -0.041854955 0.035247814 -0.998501778 -80.520805359
-0.998709917 0.023763737 0.044877380 -146.289764404 0.025291355 0.999109089 0.033784509 3.613369942 -0.044034556 0.034875926 -0.998421133 -80.538848877
-0.998680055 0.023529798 0.045656003 -146.289184570 0.025091529 0.999108851 0.033940375 3.614596605 -0.044816677 0.035041157 -0.998380482 -80.542686462
-0.998693585 0.023539647 0.045356974 -146.287170410 0.025096828 0.999104202 0.034073573 3.611321688 -0.044514261 0.035167370 -0.998389542 -80.542510986
-0.998686016 0.024169909 0.045187749 -146.283126831 0.025689323 0.999113500 0.033351768 3.611780643 -0.044341572 0.034468789 -0.998421669 -80.532775879
-0.998665214 0.024685180 0.045372013 -146.285079956 0.026154783 0.999142885 0.032086909 3.611011028 -0.044541061 0.033230770 -0.998454750 -80.532821655
-0.998673379 0.024486236 0.045298889 -146.287353516 0.025922691 0.999170721 0.031399630 3.613019705 -0.044492461 0.032532245 -0.998479903 -80.538574219
-0.998672128 0.024291404 0.045433238 -146.282836914 0.025752541 0.999160588 0.031856045 3.615177870 -0.044621259 0.032983761 -0.998459339 -80.545539856
-0.998682439 0.024227826 0.045240171 -146.278991699 0.025656922 0.999181390 0.031280171 3.615160704 -0.044445280 0.032399677 -0.998486340 -80.539558411
-0.998687208 0.024341324 0.045071691 -146.277191162 0.025785070 0.999163806 0.031732850 3.608537436 -0.044261575 0.032853365 -0.998479664 -80.542030334
-0.998663008 0.024301525 0.045626033 -146.286804199 0.025769861 0.999159634 0.031874444 3.614161730 -0.044813097 0.033007603 -0.998449922 -80.540512085
-0.998666465 0.024393987 0.045499727 -146.285003662 0.025848303 0.999164701 0.031653561 3.610342264 -0.044689544 0.032787442 -0.998462737 -80.540252686
-0.998656154 0.024450066 0.045696199 -146.287872314 0.025904965 0.999167383 0.031522244 3.613789797 -0.044887427 0.032663636 -0.998457968 -80.541625977
-0.998647809 0.024673797 0.045757622 -146.288177490 0.026141645 0.999153495 0.031762701 3.611357927 -0.044935167 0.032915927 -0.998447478 -80.542175293
-0.998655260 0.024612229 0.045627825 -146.285858154 0.026073622 0.999156773 0.031714872 3.611508131 -0.044808771 0.032861903 -0.998454928 -80.541961670
-0.998650193 0.024472691 0.045814641 -146.285263062 0.025939234 0.999161005 0.031694267 3.613123178 -0.045000546 0.032839879 -0.998447120 -80.538955688
-0.998633683 0.024662631 0.046071183 -146.287673950 0.026120219 0.999168396 0.031308267 3.617251635 -0.045260713 0.032468878 -0.998447418 -80.538497925
-0.998627722 0.024622016 0.046222027 -146.286651611 0.026091542 0.999164283 0.031463370 3.615907669 -0.045408718 0.032626193 -0.998435557 -80.541610718
-0.998621345 0.024710422 0.046311669 -146.287292480 0.026195820 0.999152601 0.031746175 3.612588167 -0.045487955 0.032915577 -0.998422444 -80.540702820
-0.998621702 0.024708129 0.046305120 -146.284896851 0.026195467 0.999151111 0.031793665 3.610004663 -0.045480236 0.032962821 -0.998421311 -80.541389465
-0.998612821 0.024803601 0.046447203 -146.285003662 0.026293019 0.999150455 0.031735305 3.610588312 -0.045620598 0.032912511 -0.998416543 -80.538459778
-0.998597562 0.024875805 0.046735141 -146.285018921 0.026369208 0.999152243 0.031614531 3.612662315 -0.045909069 0.032802559 -0.998406887 -80.541320801
-0.998574793 0.025085330 0.047107302 -146.286636353 0.026584810 0.999150753 0.031479027 3.613502026 -0.046277624 0.032686498 -0.998393774 -80.540298462
-0.998552620 0.025255619 0.047485076 -146.287414551 0.026767032 0.999146223 0.031467371 3.615114450 -0.046649810 0.032692857 -0.998376191 -80.539268494
-0.998526454 0.025340607 0.047986671 -146.289169312 0.026866322 0.999145091 0.031421039 3.614588261 -0.047149397 0.032663964 -0.998353660 -80.541687012
-0.998504579 0.025441976 0.048387710 -146.288208008 0.026967727 0.999150991 0.031144656 3.618353605 -0.047554236 0.032402989 -0.998342931 -80.538589478
-0.998492301 0.025617851 0.048547067 -146.285934448 0.027166786 0.999133885 0.031519141 3.612572670 -0.047697566 0.032790486 -0.998323500 -80.539619446
-0.998490512 0.025667924 0.048559219 -146.285461426 0.027213421 0.999135137 0.031438097 3.614427805 -0.047710255 0.032712094 -0.998325408 -80.537628174
-0.998489201 0.025758304 0.048537187 -146.285293579 0.027301464 0.999133825 0.031403195 3.615698814 -0.047686242 0.032680880 -0.998327613 -80.537696838
-0.998473525 0.025736144 0.048872299 -146.286270142 0.027291507 0.999133289 0.031428888 3.615283966 -0.048021093 0.032714710 -0.998310387 -80.537727356
-0.998473108 0.025706297 0.048895225 -146.285629272 0.027265878 0.999131799 0.031501435 3.614046335 -0.048042953 0.032786503 -0.998307049 -80.537933350
-0.998468876 0.025948189 0.048853036 -146.280441284 0.027512945 0.999120772 0.031634580 3.612493992 -0.047989227 0.032930225 -0.998304904 -80.540054321
-0.998455286 0.026104432 0.049048699 -146.279220581 0.027685676 0.999109507 0.031840194 3.607946157 -0.048173852 0.033148956 -0.998288751 -80.539352417
-0.998437583 0.026209461 0.049351029 -146.281478882 0.027802410 0.999105215 0.031872820 3.608051777 -0.048471496 0.033195090 -0.998272836 -80.540672302
-0.998451173 0.026149197 0.049108222 -146.274475098 0.027728405 0.999110937 0.031756550 3.607911348 -0.048234157 0.033069056 -0.998288453 -80.537078857
-0.998426557 0.026195772 0.049581699 -146.285797119 0.027786473 0.999112189 0.031669814 3.610260487 -0.048708029 0.032997686 -0.998267889 -80.541503906
-0.998436272 0.025999999 0.049489941 -146.282684326 0.027596718 0.999111354 0.031858254 3.607531548 -0.048617635 0.033174191 -0.998266399 -80.533813477
-0.998413622 0.026156045 0.049860913 -146.286743164 0.027754383 0.999114037 0.031637762 3.610518456 -0.048989180 0.032971431 -0.998254955 -80.536026001
-0.998417616 0.026267812 0.049724486 -146.280822754 0.027862674 0.999110341 0.031657107 3.611373663 -0.048848677 0.032992460 -0.998261273 -80.538337708
-0.998377204 0.026238944 0.050542377 -146.290512085 0.027853267 0.999115407 0.031504843 3.614943266 -0.049671024 0.032861482 -0.998224914 -80.542564392
-0.998379588 0.026267918 0.050479308 -146.288299561 0.027888834 0.999108911 0.031679004 3.611471415 -0.049602166 0.033035479 -0.998222589 -80.540542603
-0.998367488 0.026388677 0.050655514 -146.289581299 0.028001014 0.999114990 0.031388149 3.615983486 -0.049782377 0.032755312 -0.998222888 -80.544998169
-0.998359203 0.026352292 0.050837357 -146.289337158 0.027970325 0.999116063 0.031383194 3.615244150 -0.049965367 0.032753643 -0.998213708 -80.543098450
-0.998367488 0.026363105 0.050670795 -146.287872314 0.027984036 0.999110341 0.031550627 3.613832235 -0.049793947 0.032917090 -0.998216927 -80.542175293
-0.998368382 0.026247218 0.050711446 -146.287689209 0.027862061 0.999118447 0.031403683 3.616612196 -0.049842466 0.032765370 -0.998219490 -80.543045044
-0.998372078 0.026366960 0.050578021 -146.284011841 0.027976597 0.999115765 0.031385273 3.616295338 -0.049705721 0.032749176 -0.998226821 -80.539871216
-0.998374641 0.026262339 0.050581224 -146.284667969 0.027879760 0.999113560 0.031541016 3.613826990 -0.049708027 0.032899939 -0.998221755 -80.541641235
-0.998370886 0.026261102 0.050653405 -146.286026001 0.027870692 0.999120235 0.031336375 3.618736982 -0.049785919 0.032697070 -0.998224556 -80.542663574
-0.998355865 0.026304189 0.050927117 -146.292922974 0.027928185 0.999115288 0.031443946 3.615844965 -0.050054930 0.032814551 -0.998207271 -80.541496277
-0.998363018 0.026379179 0.050747991 -146.287780762 0.028002407 0.999109983 0.031545464 3.614325047 -0.049870670 0.032914888 -0.998213232 -80.543426514
-0.998357177 0.026341386 0.050884370 -146.291900635 0.027964173 0.999114156 0.031447250 3.616329432 -0.050010923 0.032818519 -0.998209298 -80.543510437
-0.998350561 0.026413530 0.050975949 -146.293212891 0.028044641 0.999108613 0.031552047 3.613562346 -0.050097112 0.032929599 -0.998201370 -80.543678284
-0.998361707 0.026340272 0.050795414 -146.289047241 0.027953444 0.999118686 0.031313639 3.617706537 -0.049925826 0.032682240 -0.998218060 -80.541015625
-0.998354733 0.026447147 0.050877642 -146.290405273 0.028071366 0.999110162 0.031478740 3.613970280 -0.049999818 0.032855149 -0.998208702 -80.541610718
-0.998348057 0.026394149 0.051033929 -146.293823242 0.028019048 0.999114454 0.031390727 3.616142511 -0.050160192 0.032768793 -0.998203456 -80.540260315
-0.998330116 0.026247252 0.051459067 -146.287979126 0.027881859 0.999120891 0.031308904 3.615606070 -0.050592043 0.032691397 -0.998184204 -80.540435791
-0.998203993 0.026192356 0.053877026 -146.286834717 0.027899101 0.999124527 0.031174149 3.609594822 -0.053013295 0.032621283 -0.998060822 -80.542320251
-0.998118639 0.025488535 0.055763833 -146.284103394 0.027235875 0.999154329 0.030802196 3.610318422 -0.054931547 0.032263018 -0.997968733 -80.553466797
-0.997936785 0.024982544 0.059145529 -146.281692505 0.026819656 0.999175727 0.030473409 3.610977411 -0.058335461 0.031996794 -0.997784197 -80.563354492
-0.997620821 0.025278049 0.064139143 -146.274291992 0.027256314 0.999173522 0.030158056 3.617143393 -0.063323796 0.031834498 -0.997485220 -80.589073181
-0.997277439 0.025046440 0.069356844 -146.259185791 0.027191775 0.999175072 0.030162362 3.614623785 -0.068544164 0.031966172 -0.997135878 -80.604454041
-0.996833622 0.024566349 0.075625055 -146.248306274 0.026924556 0.999177456 0.030322794 3.613061428 -0.074817926 0.032262947 -0.996675253 -80.633460999
-0.996261477 0.024305796 0.082899503 -146.221755981 0.026898662 0.999178767 0.030304929 3.612365007 -0.082094826 0.032421514 -0.996097028 -80.655670166
-0.995426476 0.023944395 0.092481285 -146.222030640 0.026856851 0.999177694 0.030377109 3.606487274 -0.091677874 0.032721933 -0.995250940 -80.687393188
-0.994545400 0.023699410 0.101576984 -146.196395874 0.026874378 0.999188483 0.030002959 3.611973763 -0.100783490 0.032569125 -0.994375169 -80.721664429
-0.993386924 0.023171179 0.112452269 -146.185592651 0.026688995 0.999197185 0.029878635 3.614663124 -0.111669660 0.032682285 -0.993207812 -80.761665344
-0.991954684 0.022953918 0.124495067 -146.173919678 0.026877403 0.999190688 0.029927514 3.609825373 -0.123707347 0.033032838 -0.991768777 -80.803565979
-0.990223587 0.022382086 0.137682185 -146.154602051 0.026657797 0.999215484 0.029289560 3.615849972 -0.136918589 0.032673515 -0.990043342 -80.857719421
-0.988243222 0.022318859 0.151252061 -146.116577148 0.026914170 0.999234200 0.028402794 3.613219261 -0.150502279 0.032139692 -0.988087058 -80.898025513
-0.985544860 0.021544447 0.168039158 -146.106933594 0.026285807 0.999315202 0.026042420 3.616424561 -0.167362988 0.030083017 -0.985436320 -80.969955444
-0.982586384 0.020265039 0.184698120 -146.064529419 0.025191354 0.999385715 0.024364594 3.607411385 -0.184090883 0.028593108 -0.982493281 -81.033798218
-0.979108512 0.018690012 0.202477753 -146.021163940 0.023919646 0.999439716 0.023411870 3.606899738 -0.201926753 0.027765948 -0.979007006 -81.133445740
-0.975333154 0.017759060 0.220022351 -145.969833374 0.023626199 0.999431252 0.024063278 3.609256506 -0.219469845 0.028668005 -0.975198090 -81.235404968
-0.971012115 0.018597480 0.238305718 -145.903091431 0.025319822 0.999362350 0.025178714 3.608826160 -0.237685472 0.030482691 -0.970863760 -81.363571167
-0.965629339 0.019314496 0.259204507 -145.848663330 0.027040271 0.999289036 0.026273150 3.607795477 -0.258512735 0.032379080 -0.965465069 -81.496871948
-0.959318221 0.018394565 0.281727463 -145.781585693 0.027199987 0.999255121 0.027376024 3.611775637 -0.281014025 0.033925299 -0.959103882 -81.651367188
-0.952364385 0.015586448 0.304563969 -145.702117920 0.025927171 0.999215484 0.029937517 3.617828131 -0.303858459 0.036407899 -0.952021360 -81.794364929
-0.944218636 0.015200134 0.328968525 -145.622177124 0.027143192 0.999127448 0.031742342 3.613195181 -0.328198969 0.038900964 -0.943807185 -81.964012146
-0.935388505 0.015367281 0.353287816 -145.528625488 0.028608508 0.999069035 0.032288373 3.615844488 -0.352462769 0.040309206 -0.934957325 -82.128723145
-0.924939573 0.015666328 0.379791141 -145.452514648 0.030950190 0.998936713 0.034169778 3.622191906 -0.378851980 0.043359589 -0.924440980 -82.270736694
-0.912454545 0.015210219 0.408895433 -145.346038818 0.033096004 0.998778105 0.036701225 3.625216961 -0.407837540 0.047021002 -0.911842942 -82.460586548
-0.897832334 0.014963670 0.440083176 -145.221267700 0.034847710 0.998702407 0.037136503 3.633487463 -0.438956439 0.048678245 -0.897188783 -82.653579712
-0.880460739 0.015261721 0.473873496 -145.084945679 0.036564045 0.998690844 0.035772126 3.635683060 -0.472707182 0.048822679 -0.879866004 -82.844184875
-0.860025406 0.013947370 0.510060430 -144.936904907 0.035818964 0.998810589 0.033083215 3.641834259 -0.508992374 0.046722244 -0.859502077 -83.028190613
-0.836014271 0.010821935 0.548600912 -144.789566040 0.033382472 0.998956621 0.031165779 3.633454084 -0.547691286 0.044368699 -0.835503221 -83.213424683
-0.808265924 0.009934935 0.588733912 -144.592041016 0.033819996 0.998990238 0.029573036 3.626687288 -0.587845623 0.043813854 -0.807785749 -83.422012329
-0.775999963 0.012621263 0.630606651 -144.363998413 0.037649833 0.998943865 0.026337076 3.626202583 -0.629608214 0.044179808 -0.775655568 -83.664436340
-0.740663290 0.016336177 0.671677709 -144.105209351 0.041244678 0.998924434 0.021185480 3.641206503 -0.670609176 0.043394446 -0.740540445 -83.918800354
-0.704046369 0.018621277 0.709909737 -143.791275024 0.042745698 0.998954833 0.016189586 3.661637068 -0.708866358 0.041743811 -0.704106569 -84.177825928
-0.665773511 0.019105887 0.745909214 -143.439468384 0.043870762 0.998945057 0.013570372 3.673979998 -0.744863033 0.041758403 -0.665909350 -84.443252563
-0.623029292 0.019325320 0.781959713 -143.066345215 0.045766167 0.998882771 0.011778008 3.682289362 -0.780858517 0.043125350 -0.623217583 -84.758949280
-0.581181884 0.017758928 0.813579857 -142.621826172 0.046303000 0.998863935 0.011273285 3.706594706 -0.812455297 0.044223022 -0.581343889 -85.026306152
-0.536183059 0.014154119 0.843982935 -142.164886475 0.046190321 0.998853266 0.012593365 3.715987921 -0.842836857 0.045736201 -0.536222100 -85.286254883
-0.489116490 0.009634923 0.872165084 -141.680404663 0.048514523 0.998691499 0.016174618 3.715547562 -0.870868206 0.050223950 -0.488944024 -85.529205322
-0.439871609 0.006988150 0.898033500 -141.161514282 0.053398423 0.998403907 0.018386230 3.732036114 -0.896471739 0.056041151 -0.439542711 -85.762588501
-0.389017493 0.002997993 0.921225429 -140.615081787 0.057175070 0.998145461 0.020895720 3.734125137 -0.919454455 0.060799934 -0.388467491 -85.973831177
-0.340371609 -0.001165985 0.940290272 -140.040023804 0.059268363 0.997984052 0.022691831 3.737928391 -0.938421190 0.063453116 -0.339616388 -86.132682800
-0.290187836 -0.005267436 0.956955254 -139.436279297 0.061498132 0.997815251 0.024141088 3.742246389 -0.954991639 0.065856397 -0.289229870 -86.288047791
-0.241006166 -0.007846202 0.970491827 -138.808044434 0.063576244 0.997691751 0.023854256 3.750339270 -0.968438983 0.067449242 -0.239951044 -86.425682068
-0.196000785 -0.007742755 0.980573237 -138.145523071 0.067213237 0.997510910 0.021311332 3.754233360 -0.978297591 0.070084527 -0.194992498 -86.535995483
-0.156044945 -0.006271413 0.987730026 -137.475097656 0.067526758 0.997572601 0.017002000 3.770318508 -0.985439062 0.069351286 -0.155242682 -86.627151489
-0.122025065 -0.006080602 0.992508292 -136.757675171 0.066085897 0.997712314 0.014237489 3.774649858 -0.990324497 0.067328125 -0.121344052 -86.695228577
-0.094685800 -0.003889714 0.995499492 -136.021286011 0.065123193 0.997826159 0.010092935 3.782166958 -0.993374884 0.065785766 -0.094226696 -86.744590759
-0.073382571 -0.002119008 0.997301519 -135.233139038 0.065119527 0.997853577 0.006911756 3.785140991 -0.995175600 0.065451026 -0.073087096 -86.791389465
-0.055972237 -0.001651962 0.998430967 -134.450012207 0.066352084 0.997781813 0.005370605 3.785169125 -0.996225119 0.066548586 -0.055738471 -86.839538574
-0.040734500 -0.000729337 0.999169707 -133.637786865 0.067976952 0.997680664 0.003499565 3.782517672 -0.996854901 0.068063080 -0.040590487 -86.870361328
-0.026141567 0.001200567 0.999657512 -132.801071167 0.069813900 0.997559786 0.000627625 3.775440693 -0.997217476 0.069806412 -0.026161607 -86.894554138
-0.011374548 0.004392707 0.999925733 -131.929107666 0.070454031 0.997508585 -0.003580648 3.764822721 -0.997450233 0.070408076 -0.011655688 -86.898612976
0.002012243 0.007700297 0.999968290 -131.080963135 0.070896968 0.997452915 -0.007823593 3.752370358 -0.997481644 0.070910454 0.001461190 -86.878059387
0.014566501 0.007990826 0.999861956 -130.172668457 0.067274205 0.997694373 -0.008953585 3.741168261 -0.997628272 0.067395329 0.013995328 -86.858604431
0.024205090 0.008104686 0.999674141 -129.242446899 0.063048542 0.997964144 -0.009617417 3.728235245 -0.997716844 0.063260794 0.023644855 -86.833320618
0.029662203 0.008288478 0.999525547 -128.292984009 0.058534384 0.998235166 -0.010014860 3.713569641 -0.997844636 0.058803678 0.029124707 -86.796165466
0.031631831 0.008731732 0.999461472 -127.327636719 0.055810515 0.998386383 -0.010488681 3.695240498 -0.997940183 0.056112241 0.031093495 -86.749450684
0.032429274 0.007688744 0.999444425 -126.327468872 0.054951977 0.998444140 -0.009464092 3.682756901 -0.997962296 0.055228360 0.031956296 -86.713966370
0.033717047 0.006760569 0.999408603 -125.307716370 0.055130873 0.998441994 -0.008613979 3.670141697 -0.997909725 0.055388704 0.033291776 -86.678009033
0.036466353 0.005990748 0.999316931 -124.275321960 0.056602336 0.998364449 -0.008050536 3.645941257 -0.997730613 0.056857254 0.036067642 -86.630943298
0.041495297 0.005482776 0.999123573 -123.209365845 0.057341155 0.998323679 -0.007859858 3.631448269 -0.997491837 0.057617053 0.041111346 -86.598983765
0.045598496 0.005997614 0.998941779 -122.141616821 0.057095040 0.998331666 -0.008600154 3.612697601 -0.997326910 0.057426777 0.045179985 -86.538078308
0.050025079 0.006592455 0.998726189 -121.048736572 0.056609642 0.998351872 -0.009425500 3.600000143 -0.997142315 0.057009045 0.049569406 -86.482421875
0.055314142 0.006409251 0.998448491 -119.947547913 0.055626795 0.998406410 -0.009490723 3.583936214 -0.996918201 0.056065459 0.054869488 -86.420188904
0.060311895 0.004325446 0.998170197 -118.824478149 0.055903614 0.998406410 -0.007704312 3.571013212 -0.996612847 0.056265984 0.059973985 -86.352668762
0.064899519 -0.000316028 0.997891784 -117.679183960 0.058233045 0.998296976 -0.003471122 3.541772604 -0.996191204 0.058335550 0.064807370 -86.268966675
0.069432557 -0.002475153 0.997583568 -116.520820618 0.058549128 0.998283267 -0.001598169 3.528819084 -0.995867074 0.058518603 0.069458261 -86.191192627
0.071010359 -0.001917811 0.997473717 -115.346206665 0.058446214 0.998288095 -0.002241418 3.516005754 -0.995761752 0.058457725 0.071000867 -86.100105286
0.071273558 0.000168851 0.997456789 -114.180976868 0.056979269 0.998366356 -0.004240476 3.503951311 -0.995828032 0.057136592 0.071147464 -86.022453308
0.070409410 0.000521278 0.997518063 -112.981491089 0.056951459 0.998366535 -0.004541619 3.491647005 -0.995891094 0.057129871 0.070264697 -85.941390991
0.069455653 -0.001742895 0.997583508 -111.787025452 0.057774708 0.998326957 -0.002278311 3.474073648 -0.995910645 0.057793334 0.069440141 -85.856300354
0.068161428 -0.003849728 0.997667015 -110.568519592 0.059019186 0.998256803 -0.000180245 3.453973532 -0.995927095 0.058893763 0.068269856 -85.760391235
0.067729384 -0.005317046 0.997689605 -109.366821289 0.060696118 0.998155594 0.001199097 3.435342312 -0.995855689 0.060474671 0.067927189 -85.685523987
0.067110717 -0.005552663 0.997730136 -108.169548035 0.060299437 0.998179257 0.001499213 3.419804096 -0.995921791 0.060061947 0.067323349 -85.598426819
0.066079907 -0.005972370 0.997796476 -106.982269287 0.060992148 0.998136461 0.001935150 3.397236824 -0.995948493 0.060729880 0.066321023 -85.509529114
0.065895811 -0.004308493 0.997817218 -105.790634155 0.060299933 0.998180270 0.000327855 3.376700401 -0.996002793 0.060146708 0.066035673 -85.434700012
0.064890929 -0.002226204 0.997889876 -104.609794617 0.060200755 0.998184860 -0.001687885 3.351554394 -0.996074796 0.060183253 0.064907163 -85.346572876
0.064583324 -0.001641154 0.997910917 -103.411689758 0.059681635 0.998214960 -0.002220848 3.336179733 -0.996125996 0.059700388 0.064565979 -85.269447327
0.063996933 -0.003829003 0.997942746 -102.214744568 0.059257306 0.998242736 0.000030047 3.314415932 -0.996189237 0.059133474 0.064111382 -85.188667297
0.063059270 -0.005960596 0.997991979 -101.041740417 0.058918979 0.998260260 0.002239338 3.295481205 -0.996269107 0.058659464 0.063300759 -85.104736328
0.062822528 -0.004451894 0.998014688 -99.858795166 0.057710834 0.998333037 0.000820561 3.276276112 -0.996354759 0.057544723 0.062974699 -85.029815674
0.062551372 -0.002950500 0.998037338 -98.665802002 0.058627129 0.998279631 -0.000723200 3.246712923 -0.996318340 0.058557305 0.062616736 -84.954391479
0.062061731 -0.001058588 0.998071671 -97.490303040 0.058955513 0.998257220 -0.002607164 3.226719379 -0.996329606 0.059003644 0.062015977 -84.877136230
0.061877612 -0.002874069 0.998079598 -96.315162659 0.057759557 0.998330414 -0.000706109 3.211344481 -0.996411085 0.057692334 0.061940297 -84.808700562
0.062049322 -0.006206950 0.998053789 -95.136833191 0.056859888 0.998378694 0.002673980 3.194398165 -0.996452153 0.056583308 0.062301617 -84.737854004
0.060634047 -0.008833265 0.998120964 -93.964729309 0.055180680 0.998461306 0.005484148 3.169378281 -0.996633649 0.054744467 0.061028160 -84.653625488
0.060351729 -0.007026755 0.998152435 -92.810699463 0.051879834 0.998645723 0.003893384 3.156975031 -0.996828020 0.051549010 0.060634576 -84.576095581
0.060568489 -0.005442142 0.998149216 -91.645927429 0.051222414 0.998684466 0.002336846 3.139919281 -0.996848881 0.050986066 0.060767587 -84.508369446
0.059987210 -0.004926038 0.998186946 -90.485366821 0.050104178 0.998742163 0.001917704 3.121918440 -0.996940851 0.049898300 0.060158566 -84.424552917
0.060242202 -0.005528540 0.998168588 -89.325408936 0.048926808 0.998798966 0.002579160 3.107107401 -0.996983945 0.048681818 0.060440376 -84.354927063
0.059603762 -0.007035153 0.998197258 -88.185127258 0.050040077 0.998739004 0.004051011 3.088423014 -0.996967077 0.049708415 0.059880607 -84.272613525
0.059547380 -0.006711646 0.998202860 -87.031501770 0.050193246 0.998732567 0.003720959 3.070957661 -0.996962786 0.049881466 0.059808787 -84.201622009
0.059321195 -0.004535567 0.998228610 -85.899688721 0.053072292 0.998589814 0.001383313 3.052659273 -0.996827185 0.052896213 0.059478249 -84.132461548
0.060349397 -0.003378522 0.998171568 -84.751602173 0.055852383 0.998439014 0.000002588 3.033215284 -0.996613443 0.055750109 0.060443927 -84.076171875
0.061594527 -0.003909260 0.998093605 -83.606857300 0.058314759 0.998298228 0.000311327 3.011915207 -0.996396184 0.058184415 0.061717674 -83.999885559
0.064392433 -0.005099206 0.997911632 -82.472984314 0.058609702 0.998280108 0.001319166 2.993140221 -0.996201992 0.058402356 0.064580582 -83.923614502
