1.000000000000000000e+00 9.043680000000000093e-12 2.326809000000000006e-11 5.551114999999999755e-17 9.043683000000000210e-12 1.000000000000000000e+00 2.392370000000000187e-10 3.330669000000000223e-16 2.326809999999999937e-11 2.392370000000000187e-10 9.999999000000000526e-01 -4.440891999999999804e-16
9.999978000000000478e-01 5.272627999999999690e-04 -2.066935000000000213e-03 -4.690293999999999713e-02 -5.296505999999999870e-04 9.999991999999999770e-01 -1.154864999999999928e-03 -2.839927999999999897e-02 2.066324000000000025e-03 1.155957999999999899e-03 9.999970999999999721e-01 8.586941000000000157e-01
9.999909999999999632e-01 1.048972000000000012e-03 -4.131347999999999965e-03 -9.374345000000000594e-02 -1.058513999999999983e-03 9.999968000000000190e-01 -2.308104000000000058e-03 -5.676064000000000109e-02 4.128912999999999681e-03 2.312456000000000060e-03 9.999886999999999526e-01 1.716274999999999995e+00
9.999795999999999685e-01 1.566466000000000082e-03 -6.198570999999999942e-03 -1.406428999999999874e-01 -1.587951999999999897e-03 9.999926999999999566e-01 -3.462705999999999857e-03 -8.515762000000000331e-02 6.193101999999999809e-03 3.472479000000000104e-03 9.999746999999999941e-01 2.574964000000000031e+00
9.999637000000000109e-01 2.078471000000000138e-03 -8.263497999999999330e-03 -1.874858000000000080e-01 -2.116663999999999872e-03 9.999871000000000176e-01 -4.615825999999999957e-03 -1.135202000000000017e-01 8.253797000000000217e-03 4.633148999999999601e-03 9.999550999999999856e-01 3.432647999999999922e+00
9.999432999999999794e-01 2.586171999999999863e-03 -1.033094000000000026e-02 -2.343818000000000012e-01 -2.645881000000000101e-03 9.999797999999999742e-01 -5.770163000000000028e-03 -1.419150000000000134e-01 1.031580999999999991e-02 5.797169999999999927e-03 9.999299000000000381e-01 4.291335000000000122e+00
9.999183999999999850e-01 3.088362999999999785e-03 -1.239599000000000083e-02 -2.812195000000000111e-01 -3.174349999999999828e-03 9.999710000000000543e-01 -6.922974999999999615e-03 -1.702742999999999896e-01 1.237424999999999983e-02 6.961758999999999656e-03 9.998991000000000406e-01 5.148986999999999981e+00
9.998890000000000278e-01 3.586305000000000135e-03 -1.446384000000000038e-02 -3.281178000000000150e-01 -3.703403000000000077e-03 9.999605000000000299e-01 -8.077186000000000088e-03 -1.986702999999999941e-01 1.443430000000000060e-02 8.129852999999999386e-03 9.998626999999999931e-01 6.007776999999999923e+00
9.998550999999999966e-01 4.078705000000000178e-03 -1.652912999999999952e-02 -3.749546999999999741e-01 -4.231669000000000402e-03 9.999483999999999595e-01 -9.229793999999999499e-03 -2.270290000000000086e-01 1.649062999999999918e-02 9.298400999999999542e-03 9.998207000000000066e-01 6.865477000000000274e+00
9.998167000000000026e-01 4.566670999999999578e-03 -1.859651999999999833e-02 -4.218367000000000089e-01 -4.760341999999999872e-03 9.999346999999999541e-01 -1.038342000000000084e-02 -2.554151000000000060e-01 1.854787999999999923e-02 1.047003999999999990e-02 9.997730999999999701e-01 7.724035999999999902e+00
9.997738000000000458e-01 5.049867999999999892e-03 -2.066462999999999980e-02 -4.687329000000000079e-01 -5.289071999999999697e-03 9.999194000000000138e-01 -1.153730000000000033e-02 -2.838095999999999952e-01 2.060470000000000010e-02 1.164398999999999990e-02 9.997198000000000473e-01 8.582886000000000237e+00
9.997264000000000150e-01 5.527314999999999659e-03 -2.272922000000000137e-02 -5.155473999999999890e-01 -5.816781000000000035e-03 9.999025000000000274e-01 -1.268908000000000015e-02 -3.121547000000000072e-01 2.265686000000000089e-02 1.281782000000000060e-02 9.996610999999999692e-01 9.440274999999999750e+00
9.996745000000000214e-01 6.000540000000000387e-03 -2.479692000000000007e-02 -5.624310000000000143e-01 -6.345159999999999863e-03 9.998839999999999950e-01 -1.384245999999999914e-02 -3.405415999999999999e-01 2.471098000000000044e-02 1.399530000000000045e-02 9.995965999999999463e-01 1.029895999999999923e+01
9.996182000000000123e-01 6.468772000000000237e-03 -2.686440000000000008e-02 -6.093087000000000364e-01 -6.873365000000000204e-03 9.998639000000000276e-01 -1.499560999999999950e-02 -3.689250000000000029e-01 2.676374000000000114e-02 1.517453000000000031e-02 9.995266000000000428e-01 1.115756999999999977e+01
9.995562000000000058e-01 7.058449999999999967e-03 -2.894212999999999994e-02 -6.562052000000000440e-01 -7.530448999999999823e-03 9.998399000000000036e-01 -1.623192000000000038e-02 -3.973963999999999830e-01 2.882291999999999840e-02 1.644266000000000130e-02 9.994492000000000376e-01 1.201540999999999926e+01
9.995095000000000507e-01 5.595311000000000382e-03 -3.081450000000000161e-02 -7.018788000000000249e-01 -6.093681999999999571e-03 9.998517000000000099e-01 -1.610315000000000010e-02 -4.239119000000000081e-01 3.071983000000000005e-02 1.628303000000000042e-02 9.993952999999999864e-01 1.286965000000000003e+01
9.994226000000000498e-01 7.842767999999999962e-03 -3.306167000000000133e-02 -7.498240999999999934e-01 -8.456088999999999967e-03 9.997939999999999605e-01 -1.845197999999999977e-02 -4.540039000000000158e-01 3.291013999999999745e-02 1.872089000000000045e-02 9.992828999999999740e-01 1.373146000000000022e+01
9.993587000000000442e-01 8.704385999999999721e-03 -3.473400000000000098e-02 -7.992510999999999921e-01 -9.439420999999999923e-03 9.997338000000000058e-01 -2.105421999999999849e-02 -4.840769999999999795e-01 3.454149000000000108e-02 2.136858999999999981e-02 9.991746999999999712e-01 1.460026000000000046e+01
9.992482000000000308e-01 1.235688000000000064e-02 -3.674849000000000171e-02 -8.546641999999999850e-01 -1.320675999999999968e-02 9.996488000000000040e-01 -2.297476999999999853e-02 -5.155070000000000485e-01 3.645169000000000187e-02 2.344281999999999963e-02 9.990603999999999596e-01 1.547957000000000072e+01
9.991826000000000318e-01 1.352278999999999981e-02 -3.809782999999999920e-02 -9.072867999999999489e-01 -1.439161000000000086e-02 9.996403999999999845e-01 -2.262373000000000162e-02 -5.464704999999999702e-01 3.777819000000000316e-02 2.315352000000000035e-02 9.990177999999999559e-01 1.636939999999999884e+01
9.991240999999999595e-01 1.328777000000000083e-02 -3.967996000000000023e-02 -9.609162999999999455e-01 -1.412603999999999943e-02 9.996812999999999949e-01 -2.092052000000000148e-02 -5.783595000000000264e-01 3.938933000000000018e-02 2.146270999999999943e-02 9.989934000000000314e-01 1.726895999999999987e+01
9.990603999999999596e-01 1.351432999999999975e-02 -4.118029000000000134e-02 -1.011589000000000071e+00 -1.432435999999999952e-02 9.997084000000000525e-01 -1.943893999999999830e-02 -6.092402999999999569e-01 4.090557999999999694e-02 2.001054999999999848e-02 9.989626000000000339e-01 1.817317999999999856e+01
9.990174000000000554e-01 1.304821999999999926e-02 -4.235653999999999808e-02 -1.066256000000000093e+00 -1.386114999999999917e-02 9.997241999999999518e-01 -1.895579000000000014e-02 -6.387363000000000346e-01 4.209751999999999938e-02 1.952426999999999982e-02 9.989227000000000523e-01 1.908410999999999902e+01
9.989382999999999457e-01 1.325998999999999928e-02 -4.411962999999999996e-02 -1.118651000000000062e+00 -1.413494000000000035e-02 9.997084000000000525e-01 -1.957870000000000096e-02 -6.686218999999999912e-01 4.384715000000000140e-02 2.018154000000000128e-02 9.988342999999999527e-01 1.999721999999999866e+01
9.989120000000000221e-01 1.152857000000000014e-02 -4.518863000000000046e-02 -1.171839999999999993e+00 -1.247776999999999914e-02 9.997061999999999893e-01 -2.077976999999999949e-02 -6.990777999999999714e-01 4.493579000000000323e-02 2.132101000000000135e-02 9.987622999999999918e-01 2.091367999999999938e+01
9.988799999999999901e-01 1.128891999999999916e-02 -4.595003000000000282e-02 -1.224278999999999895e+00 -1.218132000000000069e-02 9.997416999999999554e-01 -1.918759999999999910e-02 -7.287420999999999482e-01 4.572154999999999969e-02 1.972584000000000143e-02 9.987593999999999639e-01 2.184042000000000172e+01
9.988593000000000055e-01 1.299421000000000083e-02 -4.594913999999999943e-02 -1.280807000000000029e+00 -1.370812000000000072e-02 9.997895999999999450e-01 -1.525609999999999987e-02 -7.604716999999999727e-01 4.574123000000000078e-02 1.586856999999999851e-02 9.988272000000000261e-01 2.277431999999999945e+01
9.988875999999999866e-01 1.379030000000000013e-02 -4.509495000000000170e-02 -1.334840999999999944e+00 -1.432557999999999922e-02 9.998304000000000080e-01 -1.156850000000000066e-02 -7.929673000000000416e-01 4.492775999999999714e-02 1.220163999999999971e-02 9.989156999999999620e-01 2.370953000000000088e+01
9.989649000000000445e-01 1.285173000000000045e-02 -4.363580000000000236e-02 -1.385747000000000062e+00 -1.325687000000000046e-02 9.998715000000000241e-01 -9.007756999999999917e-03 -8.209243999999999986e-01 4.351441999999999810e-02 9.576905999999999614e-03 9.990067999999999726e-01 2.465174999999999983e+01
9.990297999999999679e-01 1.265253000000000037e-02 -4.218320999999999876e-02 -1.436633000000000049e+00 -1.299403000000000016e-02 9.998848999999999654e-01 -7.831284000000000856e-03 -8.456207999999999503e-01 4.207926000000000027e-02 8.371814999999999465e-03 9.990790999999999977e-01 2.559694000000000003e+01
9.990746000000000349e-01 1.289591999999999995e-02 -4.103309000000000123e-02 -1.487044000000000032e+00 -1.333334000000000082e-02 9.998569999999999958e-01 -1.040437999999999953e-02 -8.702126999999999502e-01 4.089305000000000023e-02 1.094185999999999943e-02 9.991035999999999806e-01 2.654470999999999847e+01
9.990966999999999487e-01 1.391009999999999990e-02 -4.015465000000000007e-02 -1.538024999999999975e+00 -1.454998000000000055e-02 9.997711000000000237e-01 -1.568742999999999874e-02 -8.971120999999999679e-01 3.992724000000000273e-02 1.625750999999999932e-02 9.990702999999999667e-01 2.749626999999999910e+01
9.991533000000000220e-01 1.320644999999999979e-02 -3.896502000000000299e-02 -1.586551000000000045e+00 -1.396324999999999997e-02 9.997177999999999898e-01 -1.921474000000000099e-02 -9.254151000000000460e-01 3.870026000000000022e-02 1.974255000000000107e-02 9.990558000000000494e-01 2.845466000000000051e+01
9.992105000000000015e-01 1.079096000000000048e-02 -3.823584000000000011e-02 -1.633362999999999898e+00 -1.148611000000000076e-02 9.997717999999999883e-01 -1.800792999999999838e-02 -9.555630000000000512e-01 3.803278999999999688e-02 1.843289000000000039e-02 9.991063999999999501e-01 2.942293000000000092e+01
9.992214999999999847e-01 9.086311999999999167e-03 -3.839229000000000253e-02 -1.680970999999999993e+00 -9.596056999999999851e-03 9.998679000000000316e-01 -1.311390999999999946e-02 -9.838377000000000372e-01 3.826805999999999958e-02 1.347211000000000068e-02 9.991765999999999703e-01 3.039838999999999913e+01
9.992105000000000015e-01 5.838117000000000306e-03 -3.929763000000000006e-02 -1.728893000000000013e+00 -6.198498000000000202e-03 9.999398000000000453e-01 -9.054939999999999170e-03 -1.011771999999999894e+00 3.924239000000000199e-02 9.291376999999999969e-03 9.991864999999999775e-01 3.137764999999999915e+01
9.991830000000000434e-01 -1.840283000000000066e-03 -4.037463000000000163e-02 -1.768976000000000104e+00 1.460769000000000000e-03 9.999544999999999684e-01 -9.427292000000000310e-03 -1.036362999999999923e+00 4.039013999999999799e-02 9.360610999999999585e-03 9.991400999999999755e-01 3.235714000000000112e+01
9.991063000000000027e-01 -4.894794000000000055e-03 -4.198475000000000124e-02 -1.815833999999999948e+00 4.337365000000000144e-03 9.999014000000000513e-01 -1.335776999999999971e-02 -1.059789000000000092e+00 4.204598999999999837e-02 1.316373000000000022e-02 9.990288999999999975e-01 3.333630999999999744e+01
9.990442000000000489e-01 -4.076714000000000379e-03 -4.352240000000000275e-02 -1.870662999999999965e+00 3.306847999999999819e-03 9.998369999999999758e-01 -1.774633999999999934e-02 -1.088016000000000094e+00 4.358766000000000029e-02 1.758544999999999900e-02 9.988947999999999716e-01 3.432021000000000299e+01
9.989620000000000166e-01 -3.501086000000000042e-03 -4.541814000000000268e-02 -1.929780000000000051e+00 2.639354999999999913e-03 9.998156000000000265e-01 -1.901939999999999881e-02 -1.129879999999999995e+00 4.547634999999999872e-02 1.887977999999999879e-02 9.987869000000000330e-01 3.533097000000000065e+01
9.989126000000000394e-01 -3.564846999999999894e-03 -4.648700000000000054e-02 -1.993748000000000076e+00 2.782576000000000147e-03 9.998536000000000090e-01 -1.688160999999999828e-02 -1.194547999999999943e+00 4.654036999999999757e-02 1.673389999999999947e-02 9.987762000000000029e-01 3.638750999999999891e+01
9.988707999999999476e-01 -2.386257000000000081e-04 -4.750925000000000287e-02 -2.061112000000000055e+00 -4.151975000000000240e-04 9.999052999999999969e-01 -1.375168000000000050e-02 -1.249881000000000020e+00 4.750802999999999970e-02 1.375586999999999990e-02 9.987760999999999445e-01 3.742849999999999966e+01
9.988084999999999880e-01 2.160347999999999937e-06 -4.880145000000000316e-02 -2.126952999999999872e+00 -6.257568999999999718e-04 9.999183000000000376e-01 -1.276297000000000022e-02 -1.305052000000000101e+00 4.879743000000000275e-02 1.277829999999999938e-02 9.987268999999999730e-01 3.847151000000000209e+01
9.987591999999999581e-01 8.809214000000000324e-04 -4.979299000000000225e-02 -2.190967000000000109e+00 -1.403287000000000024e-03 9.999443000000000081e-01 -1.045676000000000071e-02 -1.349142000000000063e+00 4.978101000000000054e-02 1.051365999999999933e-02 9.987047999999999481e-01 3.950365000000000038e+01
9.987568999999999475e-01 4.894212999999999689e-04 -4.984526000000000234e-02 -2.256114999999999871e+00 -8.210332999999999781e-04 9.999776000000000220e-01 -6.632571000000000300e-03 -1.393046999999999924e+00 4.984090000000000048e-02 6.665250000000000168e-03 9.987348999999999810e-01 4.053855000000000075e+01
9.987131999999999676e-01 6.466500000000000026e-03 -5.030151000000000067e-02 -2.329940000000000122e+00 -6.722014000000000114e-03 9.999652999999999459e-01 -4.912121000000000196e-03 -1.426813000000000109e+00 5.026800000000000018e-02 5.243926999999999790e-03 9.987219000000000513e-01 4.156110999999999933e+01
9.987143000000000548e-01 6.952179000000000171e-03 -5.021497999999999934e-02 -2.399728000000000083e+00 -7.192513000000000205e-03 9.999635000000000051e-01 -4.606970999999999636e-03 -1.460731000000000002e+00 5.018112000000000267e-02 4.962219000000000352e-03 9.987278000000000544e-01 4.258303000000000083e+01
9.987082999999999933e-01 6.676282000000000397e-03 -5.037160000000000248e-02 -2.465214000000000016e+00 -7.006771999999999653e-03 9.999550000000000383e-01 -6.387280000000000388e-03 -1.489500999999999964e+00 5.032669000000000031e-02 6.731970999999999788e-03 9.987101000000000450e-01 4.359302000000000277e+01
9.987013000000000140e-01 8.983147999999999828e-03 -5.015068999999999777e-02 -2.535884999999999945e+00 -9.456169999999999853e-03 9.999128999999999934e-01 -9.202712000000000045e-03 -1.522850000000000037e+00 5.006365000000000121e-02 9.664992000000000721e-03 9.986992000000000091e-01 4.459790000000000276e+01
9.986534999999999718e-01 8.808467999999999853e-03 -5.112438999999999872e-02 -2.600016000000000105e+00 -9.296064999999999190e-03 9.999135000000000106e-01 -9.307502999999999957e-03 -1.559884999999999966e+00 5.103797999999999668e-02 9.770225000000000437e-03 9.986488999999999505e-01 4.559882000000000346e+01
9.986011999999999666e-01 6.863746000000000430e-03 -5.242779000000000189e-02 -2.661881000000000164e+00 -7.280159999999999930e-03 9.999434000000000378e-01 -7.755765000000000402e-03 -1.593755999999999950e+00 5.237159000000000258e-02 8.126598000000000502e-03 9.985945000000000515e-01 4.659803000000000139e+01
9.985540000000000527e-01 7.061951000000000339e-03 -5.329344999999999916e-02 -2.728914000000000062e+00 -7.431486000000000168e-03 9.999497000000000524e-01 -6.738977000000000162e-03 -1.629817000000000071e+00 5.324316999999999939e-02 7.125280999999999802e-03 9.985560999999999465e-01 4.759275000000000233e+01
9.985154000000000529e-01 9.830435000000000215e-03 -5.357608999999999982e-02 -2.800793999999999784e+00 -1.032218000000000024e-02 9.999069999999999903e-01 -8.909521999999999581e-03 -1.664528999999999925e+00 5.348351999999999967e-02 9.449317000000000480e-03 9.985239999999999672e-01 4.857856000000000307e+01
9.984686000000000394e-01 1.023789999999999943e-02 -5.436633999999999911e-02 -2.871335999999999888e+00 -1.103255000000000034e-02 9.998363000000000111e-01 -1.433651000000000023e-02 -1.697621000000000047e+00 5.421067000000000247e-02 1.491434999999999983e-02 9.984180999999999750e-01 4.955599999999999739e+01
9.984385000000000066e-01 1.064895000000000078e-02 -5.483887999999999957e-02 -2.937934999999999963e+00 -1.149460000000000065e-02 9.998194999999999721e-01 -1.512829000000000083e-02 -1.729012999999999911e+00 5.466788000000000203e-02 1.573501000000000066e-02 9.983805000000000041e-01 5.053773000000000337e+01
9.984273999999999649e-01 1.026893000000000077e-02 -5.511221000000000175e-02 -3.002463000000000104e+00 -1.093884999999999996e-02 9.998696999999999724e-01 -1.186763000000000054e-02 -1.766742000000000035e+00 5.498316000000000314e-02 1.245183000000000054e-02 9.984096000000000082e-01 5.151845000000000141e+01
9.984355999999999787e-01 7.566175999999999978e-03 -5.540069999999999717e-02 -3.065843999999999792e+00 -8.064009000000000454e-03 9.999289999999999567e-01 -8.767995000000000649e-03 -1.798993999999999982e+00 5.533042999999999989e-02 9.201028999999999458e-03 9.984256000000000242e-01 5.249501000000000062e+01
9.984285000000000521e-01 6.348755000000000197e-03 -5.568046000000000106e-02 -3.130184999999999995e+00 -6.799312000000000064e-03 9.999455999999999900e-01 -7.906115999999999491e-03 -1.830051000000000094e+00 5.562724000000000141e-02 8.272279000000000437e-03 9.984172999999999520e-01 5.346497999999999706e+01
9.984326000000000034e-01 3.282948999999999850e-03 -5.587137999999999827e-02 -3.191520000000000135e+00 -3.779690000000000046e-03 9.999542000000000153e-01 -8.787440000000000528e-03 -1.858397999999999994e+00 5.583997000000000266e-02 8.984841999999999829e-03 9.983992000000000422e-01 5.442804000000000286e+01
9.984068000000000387e-01 -1.460362999999999896e-04 -5.642637999999999820e-02 -3.248810999999999893e+00 -4.508913000000000244e-04 9.999441000000000024e-01 -1.056600000000000074e-02 -1.886487000000000025e+00 5.642475999999999742e-02 1.057460999999999991e-02 9.983507999999999827e-01 5.539177999999999713e+01
9.983366999999999658e-01 -1.591214000000000083e-03 -5.763217999999999813e-02 -3.310922000000000143e+00 1.036802000000000079e-03 9.999529000000000334e-01 -9.648456999999999173e-03 -1.913840999999999903e+00 5.764480999999999772e-02 9.572653999999999885e-03 9.982912000000000452e-01 5.635038999999999731e+01
9.982640999999999876e-01 -4.382862999999999863e-03 -5.873397000000000340e-02 -3.371513999999999900e+00 4.075328999999999931e-03 9.999772999999999579e-01 -5.354817000000000431e-03 -1.938228999999999980e+00 5.875611000000000028e-02 5.106160999999999686e-03 9.982592999999999606e-01 5.731251000000000317e+01
9.982267999999999697e-01 -5.964739999999999626e-03 -5.922693999999999875e-02 -3.438994000000000106e+00 5.986945999999999934e-03 9.999820000000000375e-01 1.974663000000000037e-04 -1.956763000000000030e+00 5.922469999999999818e-02 -5.517038000000000150e-04 9.982444999999999791e-01 5.827400000000000091e+01
9.982022000000000395e-01 -4.407760000000000150e-03 -5.977459000000000244e-02 -3.511312999999999906e+00 4.547914000000000123e-03 9.999871999999999650e-01 2.208854000000000112e-03 -1.975961999999999996e+00 5.976407999999999721e-02 -2.476732000000000152e-03 9.982094000000000245e-01 5.922540000000000049e+01
9.981160999999999506e-01 -2.919496000000000157e-03 -6.128510999999999681e-02 -3.579193000000000069e+00 2.920554000000000119e-03 9.999957000000000429e-01 -7.231076000000000289e-05 -1.998110999999999970e+00 6.128506000000000231e-02 -1.068112000000000049e-04 9.981202000000000130e-01 6.016633000000000209e+01
9.980242000000000280e-01 -1.762043000000000029e-03 -6.280673999999999979e-02 -3.641783999999999910e+00 1.227247000000000103e-03 9.999626999999999821e-01 -8.552514000000000643e-03 -2.021539000000000197e+00 6.281945999999999364e-02 8.458534999999999665e-03 9.979890000000000150e-01 6.109125000000000227e+01
9.979546999999999723e-01 -9.592105000000000076e-04 -6.391829999999999734e-02 -3.703383999999999787e+00 5.024104999999999901e-05 9.998989000000000349e-01 -1.422088999999999992e-02 -2.049158999999999953e+00 6.392546999999999813e-02 1.418860000000000086e-02 9.978538000000000130e-01 6.200632000000000232e+01
9.978643000000000374e-01 4.204985999999999967e-03 -6.518609999999999682e-02 -3.776034999999999808e+00 -5.092496999999999649e-03 9.998964999999999659e-01 -1.345487000000000072e-02 -2.078108999999999984e+00 6.512276999999999649e-02 1.375809000000000060e-02 9.977823999999999582e-01 6.291678000000000281e+01
9.977905000000000246e-01 7.492613000000000398e-03 -6.601519000000000137e-02 -3.843939999999999912e+00 -8.206299999999999706e-03 9.999107000000000411e-01 -1.054641000000000085e-02 -2.112093999999999916e+00 6.593027999999999389e-02 1.106484999999999934e-02 9.977627999999999497e-01 6.381519000000000119e+01
9.976764000000000188e-01 1.025447999999999985e-02 -6.735520999999999869e-02 -3.912602000000000135e+00 -1.087073000000000032e-02 9.999023000000000216e-01 -8.789171999999999610e-03 -2.145353000000000065e+00 6.725849000000000411e-02 9.500948999999999853e-03 9.976903000000000299e-01 6.469786000000000570e+01
9.975908999999999471e-01 1.034501999999999991e-02 -6.859619999999999607e-02 -3.978228000000000097e+00 -1.103349999999999990e-02 9.998924000000000145e-01 -9.665437000000000681e-03 -2.173834999999999962e+00 6.848883000000000054e-02 1.039901000000000020e-02 9.975975999999999733e-01 6.556672000000000367e+01
9.974615999999999483e-01 1.183547000000000071e-02 -7.021660999999999875e-02 -4.046624999999999694e+00 -1.248173999999999985e-02 9.998835999999999835e-01 -8.772233000000000808e-03 -2.201408999999999949e+00 7.010460999999999776e-02 9.626390000000000294e-03 9.974931000000000214e-01 6.642162999999999329e+01
9.973395999999999928e-01 1.318380000000000073e-02 -7.169362999999999431e-02 -4.114442000000000377e+00 -1.380046000000000050e-02 9.998717999999999773e-01 -8.112825000000000591e-03 -2.230821999999999861e+00 7.157747999999999888e-02 9.080645999999999510e-03 9.973937000000000497e-01 6.726454999999999984e+01
9.972258000000000511e-01 1.296774000000000017e-02 -7.329823000000000588e-02 -4.179993999999999765e+00 -1.352350000000000080e-02 9.998833999999999778e-01 -7.090914999999999718e-03 -2.258366000000000096e+00 7.319771999999999390e-02 8.062490999999999755e-03 9.972847999999999713e-01 6.809327999999999292e+01
9.971240999999999577e-01 1.256612000000000007e-02 -7.473754000000000508e-02 -4.244856000000000407e+00 -1.307757000000000017e-02 9.998941999999999553e-01 -6.357727999999999990e-03 -2.283310000000000173e+00 7.464974000000000609e-02 7.316829000000000388e-03 9.971828999999999832e-01 6.890994000000000597e+01
9.969894000000000256e-01 1.489952999999999937e-02 -7.609372000000000358e-02 -4.313020999999999994e+00 -1.525772000000000066e-02 9.998751000000000166e-01 -4.127928000000000326e-03 -2.307844999999999924e+00 7.602270999999999335e-02 5.276516999999999666e-03 9.970921000000000367e-01 6.971424000000000376e+01
9.968772000000000189e-01 1.677181000000000158e-02 -7.716621999999999371e-02 -4.381935000000000358e+00 -1.677976000000000120e-02 9.998590000000000533e-01 5.454461999999999549e-04 -2.329476000000000102e+00 7.716449000000000225e-02 7.510881999999999758e-04 9.970179999999999598e-01 7.050799000000000660e+01
9.966886000000000356e-01 1.928865000000000093e-02 -7.899330999999999714e-02 -4.445509999999999629e+00 -1.916694000000000037e-02 9.998135999999999690e-01 2.298764000000000016e-03 -2.355391000000000012e+00 7.902291999999999650e-02 -7.770901999999999888e-04 9.968723999999999918e-01 7.128436999999999557e+01
9.964960999999999958e-01 2.232345000000000163e-02 -8.060564000000000617e-02 -4.514874999999999972e+00 -2.246982999999999966e-02 9.997470999999999997e-01 -9.091951999999999716e-04 -2.382090999999999958e+00 8.056494999999999629e-02 2.717204999999999881e-03 9.967456000000000094e-01 7.203735000000000355e+01
9.963707000000000535e-01 2.284026999999999932e-02 -8.199947999999999959e-02 -4.580210000000000115e+00 -2.361072999999999991e-02 9.996855999999999520e-01 -8.438420999999999769e-03 -2.409730999999999845e+00 8.178095999999999977e-02 1.034385999999999986e-02 9.965966000000000546e-01 7.276791000000000054e+01
9.962562999999999835e-01 2.164989000000000149e-02 -8.369450999999999974e-02 -4.644343000000000110e+00 -2.291183999999999929e-02 9.996374000000000093e-01 -1.414701999999999973e-02 -2.432981999999999978e+00 8.335787999999999531e-02 1.601164999999999880e-02 9.963910000000000267e-01 7.348064999999999714e+01
9.962035000000000196e-01 2.236698000000000158e-02 -8.413329999999999420e-02 -4.709494000000000291e+00 -2.381956000000000004e-02 9.995832999999999524e-01 -1.630111999999999881e-02 -2.459522999999999904e+00 8.373363999999999807e-02 1.824324999999999905e-02 9.963210999999999595e-01 7.417538999999999305e+01
9.960873000000000088e-01 2.480834000000000164e-02 -8.482127999999999890e-02 -4.775730000000000253e+00 -2.599142999999999940e-02 9.995792999999999484e-01 -1.287206999999999935e-02 -2.490276999999999852e+00 8.446625000000000660e-02 1.502632999999999920e-02 9.963130000000000042e-01 7.485147000000000617e+01
9.959529000000000298e-01 2.606957999999999845e-02 -8.601341999999999322e-02 -4.837514999999999787e+00 -2.697536000000000031e-02 9.995920000000000361e-01 -9.385090999999999919e-03 -2.525955000000000172e+00 8.573366000000000320e-02 1.166734999999999994e-02 9.962497000000000158e-01 7.550744000000000256e+01
9.959074999999999456e-01 2.291063000000000127e-02 -8.742661000000000182e-02 -4.891888999999999932e+00 -2.409574999999999911e-02 9.996312000000000531e-01 -1.252425000000000066e-02 -2.556653999999999982e+00 8.710742000000000484e-02 1.457960999999999979e-02 9.960921999999999832e-01 7.613827999999999463e+01
9.960426000000000002e-01 1.503549000000000031e-02 -8.759638000000000146e-02 -4.937676999999999872e+00 -1.662384000000000084e-02 9.997097999999999818e-01 -1.743139999999999967e-02 -2.585468999999999795e+00 8.730886999999999676e-02 1.881860000000000130e-02 9.960035000000000416e-01 7.675010000000000332e+01
9.961634999999999796e-01 1.044107000000000021e-02 -8.688679000000000541e-02 -4.985837000000000074e+00 -1.249941000000000073e-02 9.996532000000000195e-01 -2.317957000000000004e-02 -2.616741999999999901e+00 8.661462999999999801e-02 2.417667000000000080e-02 9.959483999999999559e-01 7.734408999999999423e+01
9.963973000000000413e-01 1.211154000000000050e-02 -8.393973000000000406e-02 -5.039037999999999684e+00 -1.414998999999999944e-02 9.996182000000000123e-01 -2.373244999999999869e-02 -2.646047999999999956e+00 8.362023999999999846e-02 2.483468999999999954e-02 9.961881000000000208e-01 7.792534000000000560e+01
9.966393999999999531e-01 1.770653999999999978e-02 -7.997748999999999830e-02 -5.092731999999999815e+00 -1.941040999999999947e-02 9.995998000000000383e-01 -2.057726000000000000e-02 -2.675698999999999828e+00 7.958112999999999992e-02 2.206050000000000025e-02 9.965842000000000311e-01 7.849464000000000397e+01
9.970120999999999567e-01 1.664848000000000022e-02 -7.543121999999999328e-02 -5.133801000000000059e+00 -1.801913000000000126e-02 9.996840000000000170e-01 -1.752685999999999827e-02 -2.701839999999999797e+00 7.511558000000000124e-02 1.883369000000000015e-02 9.969968999999999637e-01 7.904953000000000429e+01
9.974633000000000527e-01 1.217036999999999980e-02 -7.013516000000000195e-02 -5.159772000000000247e+00 -1.315773999999999937e-02 9.998205000000000009e-01 -1.363335000000000068e-02 -2.729207000000000161e+00 6.995664999999999523e-02 1.452157999999999921e-02 9.974442999999999504e-01 7.959229999999999450e+01
9.980240000000000222e-01 7.887780999999999959e-03 -6.233725999999999851e-02 -5.183356999999999992e+00 -8.483335999999999308e-03 9.999208000000000540e-01 -9.294846000000000705e-03 -2.756800000000000139e+00 6.225900000000000184e-02 9.805305999999999744e-03 9.980118000000000045e-01 8.012304000000000315e+01
9.985954999999999693e-01 1.068615000000000016e-02 -5.189267000000000185e-02 -5.208268999999999593e+00 -1.122406999999999919e-02 9.998860999999999999e-01 -1.008571999999999941e-02 -2.780022000000000215e+00 5.177898000000000223e-02 1.065400000000000028e-02 9.986017000000000365e-01 8.063455000000000439e+01
9.991826999999999792e-01 1.624760999999999914e-02 -3.701415000000000260e-02 -5.235209000000000223e+00 -1.664973999999999968e-02 9.998053999999999553e-01 -1.058171999999999932e-02 -2.801727000000000078e+00 3.683502000000000304e-02 1.118935000000000068e-02 9.992587000000000552e-01 8.113537999999999784e+01
9.995878000000000263e-01 2.136932999999999888e-02 -1.917552000000000145e-02 -5.248891999999999669e+00 -2.156744000000000022e-02 9.997154999999999792e-01 -1.018472999999999948e-02 -2.822087999999999930e+00 1.895242000000000107e-02 1.059410000000000039e-02 9.997641999999999918e-01 8.162286000000000286e+01
9.997985000000000344e-01 1.993349000000000162e-02 2.394766999999999903e-03 -5.236828000000000038e+00 -1.990872000000000128e-02 9.997521999999999798e-01 -9.958355999999999805e-03 -2.839862999999999804e+00 -2.592678000000000170e-03 9.908671000000000839e-03 9.999474999999999891e-01 8.209700999999999738e+01
9.994836000000000276e-01 1.619024999999999978e-02 2.775764000000000009e-02 -5.207468999999999681e+00 -1.593999999999999931e-02 9.998304999999999554e-01 -9.213406000000000373e-03 -2.859306000000000125e+00 -2.790209999999999912e-02 8.766190000000000093e-03 9.995722000000000218e-01 8.255594000000000676e+01
9.982813999999999854e-01 1.472502000000000012e-02 5.672376999999999975e-02 -5.163542999999999772e+00 -1.430176000000000017e-02 9.998667999999999445e-01 -7.860647000000000120e-03 -2.878003999999999785e+00 -5.683196000000000081e-02 7.035887000000000217e-03 9.983589000000000491e-01 8.300845999999999947e+01
9.959137999999999602e-01 1.420072000000000001e-02 8.918592999999999660e-02 -5.105620000000000047e+00 -1.367050000000000036e-02 9.998850999999999711e-01 -6.553177999999999781e-03 -2.895751000000000186e+00 -8.926873000000000447e-02 5.307184000000000380e-03 9.959934000000000287e-01 8.345453999999999439e+01
9.920006999999999575e-01 1.389449000000000066e-02 1.254660999999999971e-01 -5.029560000000000031e+00 -1.324753000000000042e-02 9.998943000000000136e-01 -5.989348000000000241e-03 -2.911918000000000006e+00 -1.255360000000000087e-01 4.279319999999999652e-03 9.920797999999999561e-01 8.388530000000000086e+01
9.859898999999999747e-01 1.389745000000000043e-02 1.662251999999999896e-01 -4.934649000000000285e+00 -1.302694000000000074e-02 9.998951000000000366e-01 -6.326123000000000336e-03 -2.926166999999999963e+00 -1.662956999999999907e-01 4.072087000000000276e-03 9.860674999999999857e-01 8.431337999999999511e+01
9.775146000000000113e-01 1.346779000000000032e-02 2.104373999999999967e-01 -4.817296999999999940e+00 -1.236225999999999992e-02 9.999019999999999575e-01 -6.568158999999999630e-03 -2.942363999999999979e+00 -2.105053000000000063e-01 3.818988000000000157e-03 9.775852000000000430e-01 8.472869000000000028e+01
9.660754999999999759e-01 1.536344000000000078e-02 2.578023999999999871e-01 -4.680938000000000265e+00 -1.364847999999999929e-02 9.998711999999999600e-01 -8.440596999999999336e-03 -2.961854999999999905e+00 -2.578988999999999865e-01 4.635641999999999714e-03 9.661606999999999834e-01 8.511820000000000164e+01
9.507396999999999654e-01 1.607586999999999905e-02 3.095732999999999957e-01 -4.519192999999999572e+00 -1.319900000000000066e-02 9.998479999999999590e-01 -1.138540000000000038e-02 -2.980545000000000222e+00 -3.097093000000000207e-01 6.738487999999999943e-03 9.508073999999999693e-01 8.550171000000000276e+01
9.313822999999999963e-01 1.599263000000000073e-02 3.636912999999999951e-01 -4.336344000000000420e+00 -1.189395000000000036e-02 9.998380000000000045e-01 -1.350660000000000055e-02 -2.995232999999999812e+00 -3.638483000000000134e-01 8.254080000000000444e-03 9.314215999999999607e-01 8.585372999999999877e+01
9.076305999999999541e-01 1.642663999999999930e-02 4.194483999999999990e-01 -4.130088999999999899e+00 -1.094446999999999955e-02 9.998204000000000535e-01 -1.547307000000000023e-02 -3.006845999999999908e+00 -4.196271999999999780e-01 9.453183999999999892e-03 9.076471999999999873e-01 8.620001000000000602e+01
8.794214000000000198e-01 1.652574999999999877e-02 4.757572999999999941e-01 -3.903865999999999836e+00 -9.195857999999999463e-03 9.998004999999999809e-01 -1.773051000000000141e-02 -3.018352999999999842e+00 -4.759553999999999729e-01 1.121758999999999951e-02 8.793978000000000073e-01 8.652588000000000079e+01
8.470020000000000326e-01 1.463489999999999930e-02 5.313883999999999830e-01 -3.656379999999999963e+00 -4.922886999999999923e-03 9.997939999999999605e-01 -1.968840999999999994e-02 -3.030940999999999885e+00 -5.315670000000000117e-01 1.406015000000000043e-02 8.468995000000000273e-01 8.681210000000000093e+01
8.111526999999999488e-01 1.400216999999999955e-02 5.846668000000000420e-01 -3.393066000000000138e+00 -2.514887999999999846e-03 9.997875999999999985e-01 -2.045479999999999868e-02 -3.048141999999999907e+00 -5.848290000000000433e-01 1.512159000000000073e-02 8.110155999999999477e-01 8.709557999999999822e+01
7.722940999999999834e-01 1.213856999999999957e-02 6.351491999999999694e-01 -3.115393000000000079e+00 -7.665608999999999878e-05 9.998192000000000190e-01 -1.901471000000000064e-02 -3.063358000000000025e+00 -6.352651999999999743e-01 1.463624999999999995e-02 7.721552999999999889e-01 8.734502999999999417e+01
7.306835000000000413e-01 1.139090000000000068e-02 6.826214000000000448e-01 -2.817803000000000058e+00 -2.276653999999999972e-04 9.998647999999999980e-01 -1.644104000000000051e-02 -3.074584000000000206e+00 -6.827163000000000537e-01 1.185778000000000006e-02 7.305871999999999922e-01 8.759400999999999726e+01
6.869081000000000214e-01 1.002390000000000052e-02 7.266751999999999656e-01 -2.508137000000000061e+00 1.642222000000000039e-03 9.998808999999999614e-01 -1.534490999999999980e-02 -3.084459999999999980e+00 -7.267424000000000106e-01 1.173390000000000023e-02 6.868098000000000258e-01 8.782009999999999650e+01
6.415606000000000364e-01 8.605909999999999602e-03 7.670240999999999865e-01 -2.182602000000000153e+00 5.801599999999999639e-03 9.998540000000000205e-01 -1.607085999999999931e-02 -3.093148999999999926e+00 -7.670504000000000211e-01 1.476038999999999997e-02 6.414170000000000149e-01 8.800812999999999420e+01
5.961032000000000552e-01 5.416591000000000114e-03 8.028895999999999811e-01 -1.847637999999999892e+00 1.299441999999999958e-02 9.997812000000000365e-01 -1.639256999999999867e-02 -3.103537999999999908e+00 -8.028026000000000328e-01 2.020475000000000049e-02 5.959022999999999959e-01 8.818798999999999921e+01
5.506434999999999524e-01 6.831839000000000141e-03 8.347126000000000268e-01 -1.511055000000000037e+00 1.267693999999999939e-02 9.997827000000000242e-01 -1.654562000000000047e-02 -3.116572000000000120e+00 -8.346443000000000056e-01 1.969233000000000094e-02 5.504371999999999598e-01 8.834349000000000274e+01
5.045001000000000069e-01 9.750747000000000581e-03 8.633566000000000296e-01 -1.165581999999999896e+00 8.934954999999999634e-03 9.998236999999999819e-01 -1.651313000000000086e-02 -3.127426999999999957e+00 -8.633653999999999495e-01 1.604492000000000071e-02 5.043239999999999945e-01 8.850203999999999382e+01
4.602982999999999936e-01 1.148163999999999955e-02 8.876901000000000375e-01 -8.110713999999999979e-01 8.704639999999999600e-03 9.998099000000000292e-01 -1.744549999999999920e-02 -3.138030999999999793e+00 -8.877215999999999996e-01 1.575715000000000102e-02 4.601107999999999865e-01 8.864158999999999367e+01
4.188672999999999980e-01 9.627241999999999397e-03 9.079964000000000368e-01 -4.500222999999999862e-01 1.561926999999999933e-02 9.997194000000000358e-01 -1.780508000000000091e-02 -3.146259000000000139e+00 -9.079131000000000284e-01 2.164019999999999833e-02 4.185994000000000104e-01 8.874795000000000300e+01
3.806251999999999969e-01 1.378826000000000097e-03 9.247284000000000059e-01 -7.268360999999999572e-02 3.173796000000000256e-02 9.993902000000000063e-01 -1.455374000000000077e-02 -3.150457999999999981e+00 -9.241844999999999644e-01 3.488850999999999758e-02 3.803494000000000042e-01 8.883995000000000175e+01
3.461081999999999770e-01 -2.337057999999999931e-03 9.381916999999999618e-01 3.020916000000000157e-01 3.764494000000000173e-02 9.992261000000000060e-01 -1.139850000000000065e-02 -3.156585999999999892e+00 -9.374390000000000223e-01 3.926327000000000289e-02 3.459283000000000219e-01 8.893046999999999969e+01
3.138408999999999782e-01 1.002431999999999932e-03 9.494751000000000163e-01 6.763449999999999740e-01 3.611653000000000086e-02 9.992630999999999597e-01 -1.299300999999999928e-02 -3.166834999999999845e+00 -9.487883999999999762e-01 3.836947000000000274e-02 3.135734000000000021e-01 8.902315000000000111e+01
2.833111999999999853e-01 8.752363000000000851e-03 9.589881000000000100e-01 1.050891000000000020e+00 2.492263000000000117e-02 9.995534000000000363e-01 -1.648542000000000063e-02 -3.185173999999999950e+00 -9.587040999999999480e-01 2.857099999999999917e-02 2.829665000000000097e-01 8.912502999999999531e+01
2.551132999999999873e-01 1.327093000000000023e-02 9.668200999999999601e-01 1.434582999999999942e+00 1.946153999999999940e-02 9.996327000000000407e-01 -1.885662000000000102e-02 -3.205996999999999986e+00 -9.667153000000000551e-01 2.362637999999999891e-02 2.547613000000000238e-01 8.921056000000000097e+01
2.298762000000000028e-01 1.514275999999999990e-02 9.731020999999999699e-01 1.832910000000000039e+00 2.080734000000000056e-02 9.995739000000000152e-01 -2.047003000000000017e-02 -3.222113999999999923e+00 -9.729974000000000123e-01 2.495324000000000153e-02 2.294632000000000061e-01 8.927715000000000600e+01
2.067350000000000021e-01 1.580712000000000089e-02 9.782693000000000083e-01 2.240743000000000151e+00 2.747049999999999839e-02 9.993815000000000337e-01 -2.195352000000000067e-02 -3.234217000000000120e+00 -9.780111999999999695e-01 3.141209999999999836e-02 2.061728999999999923e-01 8.932949999999999591e+01
1.870149000000000117e-01 2.174817000000000070e-02 9.821163000000000531e-01 2.662749999999999950e+00 3.631700000000000206e-02 9.989183999999999841e-01 -2.903574000000000085e-02 -3.232193000000000094e+00 -9.816854999999999887e-01 4.109762000000000137e-02 1.860227999999999882e-01 8.937210000000000321e+01
1.677054000000000045e-01 2.973015000000000033e-02 9.853887999999999536e-01 3.089761999999999897e+00 3.891920000000000102e-02 9.985663000000000178e-01 -3.675147000000000136e-02 -3.233114000000000043e+00 -9.850685999999999609e-01 4.451394999999999658e-02 1.663079000000000085e-01 8.941898999999999376e+01
1.501194999999999891e-01 3.105636999999999981e-02 9.881799999999999473e-01 3.536770000000000191e+00 3.662396999999999875e-02 9.986458000000000279e-01 -3.694904000000000244e-02 -3.247012999999999927e+00 -9.879892000000000118e-01 4.173783999999999828e-02 1.487787999999999888e-01 8.947221999999999298e+01
1.346624999999999905e-01 2.612443999999999877e-02 9.905471000000000137e-01 4.002127999999999908e+00 3.409386999999999834e-02 9.989382999999999457e-01 -3.098073999999999967e-02 -3.269702999999999804e+00 -9.903047999999999851e-01 3.794352000000000141e-02 1.336288999999999949e-01 8.952058999999999855e+01
1.200338999999999989e-01 2.244058999999999984e-02 9.925161999999999596e-01 4.475770999999999944e+00 3.438478999999999841e-02 9.990506999999999582e-01 -2.674680999999999934e-02 -3.292076999999999920e+00 -9.921740999999999477e-01 3.733796999999999811e-02 1.191484000000000015e-01 8.955606000000000222e+01
1.066450000000000037e-01 2.015679999999999902e-02 9.940928999999999460e-01 4.962461000000000233e+00 3.689254000000000144e-02 9.990257999999999639e-01 -2.421461999999999920e-02 -3.311657999999999991e+00 -9.936123999999999512e-01 3.925697000000000214e-02 1.057975000000000027e-01 8.958341000000000065e+01
