1.000000000 -0.000000000 -0.000000000 0.000000007 -0.000000000 1.000000000 0.000000000 -0.000000000 -0.000000000 0.000000000 1.000000000 -0.000000000
0.999991417 -0.002452774 -0.003343707 -0.003153376 0.002445369 0.999994576 -0.002216767 -0.005059124 0.003349127 0.002208571 0.999991953 0.666578948
0.999971092 -0.001477843 -0.007456622 -0.011728998 0.001451262 0.999992490 -0.003568892 -0.010502880 0.007461840 0.003557967 0.999965727 1.364469767
0.999935210 -0.001211559 -0.011312220 -0.028400462 0.001154304 0.999986470 -0.005066532 -0.012132964 0.011318204 0.005053145 0.999923229 2.062585831
0.999868095 0.000008528 -0.016241316 -0.047620401 -0.000102579 0.999983191 -0.005790009 -0.014198258 0.016240994 0.005790912 0.999851406 2.792741776
0.999783695 -0.000789116 -0.020783871 -0.061151646 0.000671044 0.999983609 -0.005687316 -0.030406643 0.020788021 0.005672141 0.999767840 3.521893978
0.999679089 0.001078113 -0.025309952 -0.086711206 -0.001257165 0.999974310 -0.007059524 -0.033038475 0.025301691 0.007089078 0.999654710 4.278169155
0.999546945 0.003830971 -0.029851377 -0.125158221 -0.004067289 0.999960780 -0.007859766 -0.041073114 0.029820094 0.007977620 0.999523580 5.031027794
0.999408722 0.004249839 -0.034121480 -0.158327788 -0.004462406 0.999971092 -0.006155983 -0.049083181 0.034094330 0.006304608 0.999398768 5.814946175
0.999244809 0.003566573 -0.038693070 -0.191212535 -0.003707999 0.999986708 -0.003583915 -0.055480473 0.038679771 0.003724681 0.999244690 6.623138428
0.999121368 0.003560847 -0.041758485 -0.239136532 -0.003598731 0.999993086 -0.000832060 -0.071030401 0.041755240 0.000981606 0.999127328 7.411834240
0.999009967 0.005019712 -0.044201814 -0.284047037 -0.005088128 0.999985993 -0.001435452 -0.079333663 0.044193991 0.001658935 0.999021590 8.226541519
0.998915792 0.004267222 -0.046357356 -0.331370711 -0.004341259 0.999989450 -0.001496517 -0.087471031 0.046350475 0.001696143 0.998923838 9.049098969
0.998842180 0.002104507 -0.048060749 -0.372099787 -0.002222737 0.999994636 -0.002406702 -0.092779957 0.048055418 0.002510741 0.998841465 9.878135681
0.998730421 0.001818297 -0.050340332 -0.413013458 -0.001906459 0.999996722 -0.001703367 -0.098533280 0.050337069 0.001797176 0.998730540 10.719924927
0.998685122 0.000220021 -0.051264383 -0.469314545 -0.000330176 0.999997675 -0.002140316 -0.103742018 0.051263794 0.002154428 0.998682678 11.559835434
0.998557031 0.002489520 -0.053643577 -0.515985310 -0.002723042 0.999987125 -0.004280584 -0.117204599 0.053632230 0.004420481 0.998550892 12.424395561
0.998512506 0.002874601 -0.054446671 -0.576385975 -0.003245759 0.999972045 -0.006729720 -0.130206823 0.054425798 0.006896428 0.998493969 13.279294014
0.998409510 0.006730569 -0.055974107 -0.635724604 -0.007211832 0.999938726 -0.008400427 -0.141216397 0.055914141 0.008790742 0.998396933 14.156057358
0.998323679 0.007832755 -0.057344127 -0.687897325 -0.008300078 0.999934196 -0.007915807 -0.155080646 0.057278354 0.008378499 0.998323143 15.047576904
0.998246074 0.006522418 -0.058840428 -0.741736531 -0.006897961 0.999957085 -0.006181552 -0.171657249 0.058797583 0.006576589 0.998248219 15.938790321
0.998174489 0.007263753 -0.059956737 -0.804266036 -0.007568744 0.999959528 -0.004861325 -0.182207942 0.059919003 0.005306249 0.998189151 16.837743759
0.998126745 0.006991085 -0.060778305 -0.866159439 -0.007281482 0.999963105 -0.004557787 -0.201097161 0.060744200 0.004991806 0.998140872 17.740827560
0.998000503 0.006878782 -0.062829696 -0.921175539 -0.007240684 0.999958515 -0.005534203 -0.211208761 0.062789015 0.005978069 0.998008847 18.644992828
0.997950375 0.005354441 -0.063767180 -0.983973861 -0.005745180 0.999965847 -0.005945806 -0.226135433 0.063733153 0.006299974 0.997946978 19.558002472
0.997913837 0.005167686 -0.064351536 -1.042457223 -0.005453676 0.999976099 -0.004269323 -0.237133950 0.064327940 0.004611369 0.997918069 20.476905823
0.997912586 0.006971490 -0.064201109 -1.110341311 -0.007069246 0.999974310 -0.001295647 -0.243773997 0.064190418 0.001746796 0.997936130 21.398439407
0.997967422 0.007965343 -0.063225314 -1.173036575 -0.007830261 0.999966562 0.002384010 -0.252843380 0.063242182 -0.001884095 0.997996449 22.330377579
0.998084486 0.007291154 -0.061433829 -1.239619493 -0.006992824 0.999962747 0.005069721 -0.257068783 0.061468486 -0.004630415 0.998098254 23.264543533
0.998171031 0.006894577 -0.060060527 -1.294361234 -0.006526652 0.999958754 0.006319955 -0.268728048 0.060101628 -0.005916401 0.998174727 24.207479477
0.998247862 0.007353430 -0.058711458 -1.348537207 -0.007163850 0.999968469 0.003438836 -0.275089413 0.058734890 -0.003012212 0.998269081 25.149576187
0.998292506 0.007874295 -0.057880107 -1.409841061 -0.007960357 0.999967456 -0.001256472 -0.280681282 0.057868335 0.001715073 0.998322785 26.090469360
0.998365700 0.007571789 -0.056644268 -1.465210438 -0.007813568 0.999961257 -0.004048144 -0.295879364 0.056611434 0.004484121 0.998386145 27.046480179
0.998408973 0.004854325 -0.056178160 -1.514514446 -0.005048293 0.999981701 -0.003311327 -0.303040624 0.056161065 0.003589662 0.998415232 28.004762650
0.998427212 0.003311684 -0.055963919 -1.577371597 -0.003222591 0.999993324 0.001682148 -0.314265937 0.055969115 -0.001499154 0.998431325 28.977390289
0.998393953 -0.000298385 -0.056650583 -1.632682562 0.000601601 0.999985576 0.005335399 -0.325796783 0.056648172 -0.005360913 0.998379707 29.942111969
0.998285770 -0.007831433 -0.058001272 -1.677620769 0.008126530 0.999955177 0.004853645 -0.334622830 0.057960659 -0.005316675 0.998304605 30.918100357
0.998196602 -0.010151474 -0.059163548 -1.735858560 0.010215512 0.999947548 0.000780029 -0.336434782 0.059152529 -0.001383008 0.998247981 31.890705109
0.998116672 -0.009958170 -0.060530916 -1.799276352 0.009780694 0.999947011 -0.003227626 -0.342577726 0.060559846 0.002629514 0.998161077 32.864673615
0.998016775 -0.008356932 -0.062390562 -1.875528812 0.008118225 0.999958754 -0.004078508 -0.350570053 0.062422086 0.003563919 0.998043418 33.853305817
0.997952998 -0.008701013 -0.063356645 -1.924107552 0.008571972 0.999960601 -0.002308289 -0.371239185 0.063374236 0.001760472 0.997988284 34.830249786
0.997885048 -0.005774145 -0.064746343 -1.993794322 0.005822270 0.999983013 0.000554628 -0.384305447 0.064742059 -0.000930426 0.997901618 35.828472137
0.997809529 -0.005558398 -0.065916888 -2.062331915 0.005693709 0.999981999 0.001865074 -0.396292329 0.065905333 -0.002236301 0.997823358 36.814067841
0.997750580 -0.004563757 -0.066878021 -2.133085966 0.004865624 0.999978602 0.004351492 -0.401382864 0.066856734 -0.004667107 0.997751713 37.791812897
0.997771263 -0.004287250 -0.066589572 -2.197924614 0.004797156 0.999960542 0.007499423 -0.413663000 0.066554785 -0.007802149 0.997752249 38.781600952
0.997741461 0.001628959 -0.067152277 -2.275403976 -0.000981533 0.999952853 0.009673029 -0.416133851 0.067164861 -0.009585269 0.997695863 39.765338898
0.997725785 0.001844619 -0.067378968 -2.346292973 -0.001242815 0.999959111 0.008972459 -0.421601653 0.067392759 -0.008868314 0.997687042 40.752986908
0.997736335 0.002040355 -0.067216106 -2.414320469 -0.001542177 0.999970973 0.007462640 -0.428018570 0.067229383 -0.007342090 0.997710466 41.759452820
0.997735858 0.004292075 -0.067116894 -2.495103359 -0.003958831 0.999979138 0.005097341 -0.431541681 0.067137383 -0.004820096 0.997732103 42.753047943
0.997688532 0.003927200 -0.067838609 -2.570467472 -0.003578035 0.999979734 0.005267740 -0.437836647 0.067857914 -0.005012836 0.997682452 43.732360840
0.997598112 0.001763278 -0.069243424 -2.630970001 -0.001317908 0.999978125 0.006477109 -0.447977215 0.069253325 -0.006370297 0.997578740 44.722045898
0.997547209 0.002132557 -0.069963217 -2.703524828 -0.001599740 0.999969244 0.007670816 -0.456031263 0.069977432 -0.007540080 0.997520030 45.707904816
0.997538328 0.005003354 -0.069943279 -2.788080454 -0.004739106 0.999980986 0.003943466 -0.465823442 0.069961667 -0.003602291 0.997543156 46.683265686
0.997455239 0.005473589 -0.071082801 -2.859120846 -0.005498101 0.999984920 -0.000149176 -0.476631075 0.071080901 0.000539617 0.997470438 47.643081665
0.997386336 0.005943615 -0.072007537 -2.917509079 -0.006060067 0.999980569 -0.001398840 -0.481768489 0.071997814 0.001831554 0.997403085 48.608474731
0.997381449 0.004888130 -0.072154827 -2.989858389 -0.004727733 0.999985874 0.002393586 -0.496466279 0.072165519 -0.002046190 0.997390509 49.590763092
0.997393191 0.002973574 -0.072096430 -3.063426495 -0.002613303 0.999983549 0.005090879 -0.504437566 0.072110392 -0.004889200 0.997384667 50.551040649
0.997366309 0.000392332 -0.072527304 -3.125498533 0.000045745 0.999981701 0.006038408 -0.513388515 0.072528355 -0.006025823 0.997348130 51.509918213
0.997330248 -0.002916101 -0.072964899 -3.192789078 0.003280969 0.999982655 0.004881242 -0.522504151 0.072949417 -0.005107607 0.997322559 52.468837738
0.997295856 -0.005907680 -0.073252730 -3.260534525 0.006207011 0.999973297 0.003859297 -0.535007894 0.073227964 -0.004303541 0.997305930 53.420101166
0.997211635 -0.007199805 -0.074277028 -3.332361937 0.007571288 0.999960184 0.004720961 -0.541285872 0.074240081 -0.005270171 0.997226477 54.375915527
0.997065306 -0.010815996 -0.075786807 -3.397286892 0.011550339 0.999890506 0.009257955 -0.550364614 0.075678363 -0.010106150 0.997081101 55.323474884
0.997026563 -0.010899195 -0.076284066 -3.467416525 0.012005144 0.999829113 0.014054256 -0.552827537 0.076117851 -0.014928270 0.996987045 56.269638062
0.997023344 -0.009147157 -0.076556124 -3.549657345 0.010403139 0.999817491 0.016023332 -0.551334441 0.076395586 -0.016772062 0.996936500 57.216785431
0.996911168 -0.007843704 -0.078144364 -3.625446558 0.008804917 0.999889672 0.011963515 -0.552154720 0.078041919 -0.012614617 0.996870160 58.145847321
0.996823609 -0.006156858 -0.079402737 -3.702070713 0.006535697 0.999968469 0.004512091 -0.559900522 0.079372458 -0.005016714 0.996832371 59.053913116
0.996747553 -0.004904379 -0.080437444 -3.777794838 0.004892860 0.999987960 -0.000340320 -0.571445286 0.080438145 -0.000054356 0.996759593 59.982357025
0.996731937 0.000467197 -0.080779448 -3.870346069 -0.000438386 0.999999821 0.000374388 -0.580294788 0.080779620 -0.000337752 0.996731937 60.884117126
0.996588230 0.002969550 -0.082480520 -3.948477507 -0.002739534 0.999991953 0.002901747 -0.595155060 0.082488485 -0.002665889 0.996588409 61.780937195
0.996487439 0.005197963 -0.083580919 -4.023855209 -0.004854180 0.999978900 0.004315857 -0.607898533 0.083601601 -0.003894979 0.996491611 62.664436340
0.996363640 0.005774360 -0.085007049 -4.098872185 -0.005479942 0.999978125 0.003696393 -0.613157988 0.085026532 -0.003217116 0.996373475 63.532424927
0.996237159 0.007522378 -0.086341180 -4.178893089 -0.007124400 0.999962509 0.004916589 -0.626508832 0.086374938 -0.004282960 0.996253550 64.376991272
0.996105492 0.008648191 -0.087744050 -4.258321285 -0.008195309 0.999951184 0.005520331 -0.637700438 0.087787516 -0.004779744 0.996127784 65.217620850
0.995991290 0.008269999 -0.089067362 -4.331863403 -0.007772299 0.999952197 0.005933267 -0.647110581 0.089112170 -0.005217224 0.996007979 66.032363892
0.995891929 0.007993816 -0.090195403 -4.406775475 -0.007396044 0.999948442 0.006959801 -0.653068781 0.090246387 -0.006264120 0.995899737 66.835449219
0.995732844 0.010942952 -0.091631606 -4.483982563 -0.010081013 0.999900520 0.009864163 -0.663946986 0.091730431 -0.008898331 0.995744109 67.634384155
0.995606303 0.012638528 -0.092781745 -4.565130711 -0.011388748 0.999837279 0.013987269 -0.669705868 0.092943430 -0.012869145 0.995588303 68.417419434
0.995413959 0.015571096 -0.094385371 -4.651082039 -0.014140648 0.999775171 0.015805356 -0.672516823 0.094610251 -0.014398204 0.995410264 69.202331543
0.995228291 0.018665444 -0.095772237 -4.730428696 -0.017629774 0.999776721 0.011648742 -0.678395510 0.095968276 -0.009904716 0.995335162 69.952697754
0.995090187 0.018389639 -0.097248279 -4.798619270 -0.018037777 0.999827147 0.004496166 -0.689900696 0.097314164 -0.002719948 0.995250046 70.667236328
0.994961083 0.017526275 -0.098718442 -4.872541428 -0.017753353 0.999841273 -0.001422177 -0.693021894 0.098677874 0.003167594 0.995114446 71.372886658
0.994928598 0.018156514 -0.098931782 -4.950441360 -0.018516133 0.999824762 -0.002717974 -0.697257042 0.098865114 0.004536024 0.995090604 72.066108704
0.994805336 0.020883255 -0.099630080 -5.029517174 -0.020906573 0.999781072 0.000810105 -0.707153320 0.099625178 0.001277028 0.995024145 72.743896484
0.994665205 0.021324661 -0.100927167 -5.101129532 -0.021119906 0.999772072 0.003096932 -0.724134862 0.100970216 -0.000948837 0.994888902 73.395935059
0.994625568 0.017983442 -0.101963609 -5.164046764 -0.018080395 0.999836504 -0.000026678 -0.736345232 0.101946466 0.001870077 0.994788110 74.027381897
0.994712174 0.009957607 -0.102219246 -5.211462975 -0.010513747 0.999932647 -0.004903310 -0.756639540 0.102163553 0.005952089 0.994749844 74.638343811
0.994863570 0.006034518 -0.101044923 -5.269549370 -0.007067439 0.999926269 -0.009867533 -0.761861265 0.100977920 0.010530978 0.994832933 75.236160278
0.995138288 0.008128706 -0.098152325 -5.326052666 -0.009177207 0.999905407 -0.010235613 -0.772817194 0.098059848 0.011086615 0.995118797 75.817192078
0.995484769 0.013177630 -0.094000667 -5.388430595 -0.013892806 0.999879241 -0.006957817 -0.789633393 0.093897633 0.008232334 0.995547831 76.386253357
0.995921671 0.011697041 -0.089460492 -5.437598705 -0.012102644 0.999918759 -0.003992748 -0.797468185 0.089406528 0.005059174 0.995982349 76.943504333
0.996469080 0.008096694 -0.083568290 -5.476223469 -0.008127439 0.999966919 -0.000027713 -0.804747462 0.083565302 0.000706811 0.996502042 77.486167908
0.997139335 0.003419502 -0.075506270 -5.500119209 -0.003157608 0.999988556 0.003587608 -0.820695341 0.075517684 -0.003338926 0.997138858 78.014663696
0.997862637 0.007313964 -0.064935505 -5.530536175 -0.007110645 0.999969065 0.003361646 -0.827243447 0.064958088 -0.002892727 0.997883797 78.533866882
0.998681724 0.012501561 -0.049783606 -5.559375763 -0.012381366 0.999919593 0.002722012 -0.832534969 0.049813651 -0.002102034 0.998756289 79.039085388
0.999348164 0.017383704 -0.031640552 -5.573605537 -0.017290916 0.999845266 0.003203919 -0.839162111 0.031691354 -0.002654736 0.999494195 79.533561707
0.999826610 0.016089777 -0.009372097 -5.565231800 -0.016054090 0.999863625 0.003870592 -0.846921206 0.009433102 -0.003719461 0.999948680 80.011756897
0.999782741 0.012534771 0.016652111 -5.531226158 -0.012617375 0.999908507 0.004864812 -0.853804588 -0.016589614 -0.005073860 0.999849498 80.464271545
0.998877347 0.011463245 0.045965295 -5.484160423 -0.011771732 0.999909878 0.006446247 -0.863016188 -0.045887262 -0.006980100 0.998922229 80.916679382
0.996791601 0.011116290 0.079265244 -5.432523727 -0.011792130 0.999897957 0.008063299 -0.872085035 -0.079167537 -0.008972134 0.996820986 81.367500305
0.993089080 0.011150256 0.116832435 -5.355298996 -0.012172705 0.999893486 0.008041520 -0.870479286 -0.116730332 -0.009408111 0.993119121 81.810020447
0.987327754 0.011271375 0.158294186 -5.266796112 -0.012670053 0.999889076 0.007829501 -0.873977065 -0.158188403 -0.009735879 0.987360954 82.213447571
0.979018152 0.010964675 0.203477830 -5.152473450 -0.012763781 0.999890149 0.007531538 -0.878426790 -0.203372926 -0.009970658 0.979050577 82.632064819
0.967584491 0.013151172 0.252204776 -5.015182495 -0.014973780 0.999873757 0.005308722 -0.886396885 -0.252103150 -0.008913096 0.967659414 83.031616211
0.952040434 0.014104208 0.305646747 -4.866596222 -0.015651513 0.999874115 0.002612298 -0.896247387 -0.305571407 -0.007270847 0.952141404 83.413940430
0.932305217 0.014682004 0.361374229 -4.685844421 -0.015683280 0.999876976 -0.000162140 -0.895813286 -0.361332148 -0.005516371 0.932420850 83.782257080
0.908219695 0.014623539 0.418238133 -4.497394562 -0.015395371 0.999880314 -0.001528814 -0.909551442 -0.418210387 -0.005050431 0.908336163 84.102195740
0.879112780 0.015147972 0.476373017 -4.279548645 -0.015057924 0.999878585 -0.004006357 -0.910946846 -0.476375818 -0.003651147 0.879234254 84.429985046
0.845798790 0.013896018 0.533321142 -4.034233093 -0.012333557 0.999902904 -0.006493201 -0.916438937 -0.533359587 -0.001085805 0.845887959 84.733657837
0.808917046 0.013512715 0.587767482 -3.773696899 -0.010934167 0.999908686 -0.007939616 -0.925285101 -0.587821186 -0.000004255 0.808990955 85.023284912
0.768891692 0.012287080 0.639261186 -3.497787476 -0.009875655 0.999924302 -0.007341045 -0.933503747 -0.639302969 -0.000668654 0.768954635 85.293472290
0.726885974 0.011153878 0.686667562 -3.204887390 -0.011104279 0.999928296 -0.004487665 -0.949856937 -0.686668515 -0.004362927 0.726957679 85.530212402
0.682816088 0.010135464 0.730520070 -2.903652191 -0.010028549 0.999939561 -0.004499805 -0.955304623 -0.730521679 -0.004253517 0.682876289 85.731231689
0.636159182 0.008881198 0.771506846 -2.584548950 -0.006783173 0.999959409 -0.005917849 -0.961883187 -0.771528125 -0.001468571 0.636193514 85.938507080
0.589488029 0.006293382 0.807752609 -2.249732971 -0.001028711 0.999974728 -0.007040287 -0.968915462 -0.807776451 0.003319221 0.589479625 86.120437622
0.543194950 0.008441990 0.839564204 -1.911045074 -0.003520717 0.999963522 -0.007776951 -0.982339323 -0.839599371 0.001268532 0.543204784 86.287261963
0.495181322 0.011516210 0.868713319 -1.581707001 -0.006844101 0.999932766 -0.009354485 -0.988707185 -0.868762732 -0.001313396 0.495226860 86.453460693
0.450019002 0.013572654 0.892915964 -1.237209320 -0.007450002 0.999906719 -0.011444245 -0.997395515 -0.892987967 -0.001502098 0.450078070 86.586494446
0.406446874 0.011077624 0.913607240 -0.889032364 -0.000677501 0.999929845 -0.011822893 -1.009522319 -0.913674116 0.004186406 0.406425834 86.713653564
0.367139697 0.003300123 0.930159926 -0.520359039 0.014423843 0.999853313 -0.009240568 -1.014923811 -0.930053949 0.016809059 0.367038280 86.798484802
0.331788301 -0.000280633 0.943353832 -0.150564194 0.018853309 0.999802232 -0.006333497 -1.017786384 -0.943165421 0.019886721 0.331727982 86.890335083
0.298663884 0.003824665 0.954350710 0.216405869 0.016282680 0.999826014 -0.009102574 -1.026645660 -0.954219460 0.018257994 0.298549563 86.987060547
0.267586410 0.011107268 0.963469803 0.579000473 0.005394326 0.999900699 -0.013025435 -1.042916298 -0.963518739 0.008682698 0.267499864 87.087379456
0.238585085 0.016249912 0.970985591 0.969944000 0.000086043 0.999859571 -0.016754275 -1.054447651 -0.971121550 0.004080866 0.238550201 87.184219360
0.212812752 0.017809706 0.976930678 1.359796524 0.001612061 0.999826074 -0.018578261 -1.069562674 -0.977091730 0.005528563 0.212746993 87.248962402
0.189081445 0.019373298 0.981770337 1.769250870 0.008785168 0.999731958 -0.021419693 -1.078577518 -0.981922150 0.012675084 0.188860580 87.306991577
0.169396043 0.025279909 0.985223770 2.180724144 0.015593559 0.999476969 -0.028326735 -1.084260225 -0.985424697 0.020161584 0.168913275 87.343360901
0.149919093 0.032787867 0.988154471 2.605767250 0.017335378 0.999209106 -0.035784725 -1.079815626 -0.988546252 0.022494849 0.149232179 87.390617371
0.132218361 0.032935072 0.990673363 3.046912193 0.015551232 0.999255836 -0.035295922 -1.093601942 -0.991098583 0.020072958 0.131607801 87.446807861
0.116795294 0.028491586 0.992747366 3.503917694 0.013427281 0.999451816 -0.030263701 -1.119211316 -0.993065238 0.016864555 0.116348691 87.494537354
0.101980753 0.025238104 0.994466186 3.974849701 0.013703236 0.999547601 -0.026772305 -1.140249372 -0.994691908 0.016357666 0.101588786 87.542541504
0.089087971 0.022869075 0.995761275 4.452511787 0.016050262 0.999573648 -0.024392609 -1.157670259 -0.995894432 0.018155318 0.088682927 87.567443848
0.077492312 0.022103570 0.996747851 4.948454380 0.020225814 0.999513626 -0.023737365 -1.169713497 -0.996787727 0.021999499 0.077007562 87.591789246
0.067355841 0.022871641 0.997466803 5.460227489 0.023348568 0.999427378 -0.024493251 -1.184284806 -0.997455716 0.024939185 0.066783257 87.616470337
0.059380651 0.023310069 0.997963190 5.987134457 0.025509765 0.999365449 -0.024860701 -1.201404810 -0.997909367 0.026934050 0.058748342 87.643028259
0.053811315 0.023650341 0.998271048 6.536227226 0.027174434 0.999314547 -0.025139889 -1.218237638 -0.998181164 0.028480262 0.053131752 87.668106079
0.048391592 0.024737714 0.998522043 7.103807449 0.028740577 0.999244928 -0.026148474 -1.231434345 -0.998414874 0.029963471 0.047644079 87.687187195
0.042765681 0.025325837 0.998764038 7.677856445 0.029221108 0.999219358 -0.026588585 -1.248330116 -0.998657703 0.030322071 0.041992240 87.702705383
0.038022336 0.025341375 0.998955488 8.283832550 0.031700667 0.999144554 -0.026552770 -1.268272877 -0.998773932 0.032677159 0.037186474 87.727233887
0.035246741 0.025371419 0.999056458 8.906385422 0.033004168 0.999102771 -0.026536981 -1.286018610 -0.998833597 0.033908375 0.034377746 87.743255615
0.032213781 0.024731291 0.999174953 9.545583725 0.034088198 0.999085009 -0.025828080 -1.308748007 -0.998899460 0.034892090 0.031341262 87.759567261
0.029817341 0.023983534 0.999267638 10.202924728 0.036232252 0.999029160 -0.025058955 -1.330128312 -0.998898447 0.036952909 0.028919416 87.777687073
0.029303331 0.023782121 0.999287486 10.878969193 0.040796701 0.998855472 -0.024968168 -1.347968698 -0.998737633 0.041499287 0.028299559 87.788566589
0.030494938 0.023338022 0.999262393 11.568653107 0.044497501 0.998704493 -0.024682939 -1.366661787 -0.998543859 0.045217391 0.029416949 87.803855896
0.032892041 0.023258068 0.999188244 12.274695396 0.046277855 0.998621404 -0.024768287 -1.389805675 -0.998386919 0.047054969 0.031770371 87.828796387
0.036582373 0.023242343 0.999060273 12.994611740 0.048488479 0.998510659 -0.025005048 -1.409770727 -0.998153508 0.049357664 0.035400901 87.852592468
0.041039202 0.022750869 0.998898447 13.738834381 0.048914433 0.998496234 -0.024751334 -1.430558205 -0.997959435 0.049876329 0.039864641 87.882575989
0.044981372 0.021267593 0.998761415 14.495041847 0.050333649 0.998455286 -0.023527956 -1.450556517 -0.997718990 0.051329635 0.043841410 87.918853760
0.048889067 0.019603005 0.998611808 15.256021500 0.049651381 0.998523593 -0.022032054 -1.472987413 -0.997569323 0.050659593 0.047843564 87.962028503
0.052980904 0.017563427 0.998440981 16.039667130 0.046878155 0.998699248 -0.020055488 -1.492621660 -0.997494578 0.047867622 0.052088656 88.007698059
0.056892227 0.016553806 0.998243034 16.835342407 0.046306863 0.998742640 -0.019201230 -1.512488604 -0.997305870 0.047317903 0.056054138 88.064010620
0.061125424 0.017142396 0.997982860 17.642473221 0.043670140 0.998849154 -0.019832028 -1.538162231 -0.997174382 0.044794291 0.060306467 88.120140076
0.064219944 0.021193638 0.997710645 18.425811768 0.041123156 0.998869061 -0.023865232 -1.567739725 -0.997088194 0.042561639 0.063275754 88.164604187
0.065464057 0.026751243 0.997496247 19.226446152 0.035405505 0.998948753 -0.029113803 -1.590037823 -0.997226596 0.037222773 0.064448111 88.228446960
0.065130517 0.029676098 0.997435331 20.034751892 0.032436978 0.998966336 -0.031839728 -1.621690750 -0.997349441 0.034427527 0.064100608 88.291709900
0.065462835 0.029239593 0.997426510 20.855327606 0.030227156 0.999053717 -0.031271152 -1.656093717 -0.997397006 0.032196466 0.064517073 88.349212646
0.065368734 0.027615644 0.997478962 21.668167114 0.027269013 0.999194145 -0.029450182 -1.688593626 -0.997488439 0.029125394 0.064563021 88.412292480
0.065381356 0.026302600 0.997513592 22.484113693 0.028511684 0.999195099 -0.028215710 -1.723486185 -0.997452855 0.030285582 0.064578809 88.464691162
0.065482289 0.025199309 0.997535467 23.305297852 0.025849404 0.999302685 -0.026940815 -1.762649894 -0.997518778 0.027549852 0.064785242 88.532699585
0.065682478 0.025809838 0.997506678 24.116729736 0.024240831 0.999329031 -0.027453160 -1.795708656 -0.997546196 0.025983581 0.065012768 88.588005066
0.065296195 0.026464978 0.997514844 24.929224014 0.021105811 0.999387920 -0.027896225 -1.829676628 -0.997642636 0.022874879 0.064697675 88.654197693
0.064147241 0.027707519 0.997555673 25.745880127 0.018189929 0.999415934 -0.028928878 -1.864868402 -0.997774601 0.020001173 0.063605793 88.718544006
0.060902879 0.027793819 0.997756600 26.550655365 0.015296818 0.999468803 -0.028775226 -1.894011140 -0.998026550 0.017014991 0.060445379 88.773902893
0.057754938 0.026501365 0.997978926 27.364477158 0.013141964 0.999540806 -0.027303390 -1.923373342 -0.998244286 0.014692308 0.057380132 88.819274902
0.053120144 0.024009645 0.998299360 28.177280426 0.011304033 0.999632359 -0.024643198 -1.955890894 -0.998524129 0.012593860 0.052829206 88.865203857
0.046684649 0.022138625 0.998664200 28.985424042 0.008750186 0.999706864 -0.022570787 -1.985396385 -0.998871386 0.009792209 0.046477240 88.908714294
0.039358597 0.022193426 0.998978615 29.786270142 0.009047750 0.999704421 -0.022566020 -2.016458273 -0.999184191 0.009926677 0.039146155 88.938407898
0.031024706 0.022934156 0.999255478 30.588611603 0.008997955 0.999689817 -0.023223490 -2.045386553 -0.999478102 0.009711759 0.030808721 88.960891724
0.020925129 0.023570310 0.999503076 31.391304016 0.009586485 0.999671459 -0.023774970 -2.072134018 -0.999734998 0.010079217 0.020692293 88.979827881
0.010564574 0.022434121 0.999692440 32.181175232 0.010851045 0.999686837 -0.022548664 -2.103832722 -0.999885261 0.011085926 0.010317831 88.984397888
-0.000365801 0.021288164 0.999773264 32.975505829 0.009698806 0.999726415 -0.021283615 -2.135216713 -0.999952912 0.009688823 -0.000572170 88.987068176
-0.011530259 0.020548677 0.999722421 33.758937836 0.011127630 0.999729514 -0.020420488 -2.163046837 -0.999871612 0.010889087 -0.011755798 88.976638794
-0.022462662 0.021098835 0.999524951 34.538745880 0.011341080 0.999718308 -0.020848041 -2.187871933 -0.999683380 0.010867389 -0.022695621 88.956733704
-0.033628281 0.021775063 0.999197125 35.317291260 0.011335939 0.999706626 -0.021404650 -2.214215755 -0.999370158 0.010607036 -0.033865254 88.930404663
-0.043891512 0.022686552 0.998778820 36.088947296 0.010794590 0.999694467 -0.022232989 -2.244816065 -0.998977959 0.009805566 -0.044123009 88.886291504
-0.054275740 0.023763379 0.998243272 36.851451874 0.011411321 0.999666214 -0.023176810 -2.269621372 -0.998460710 0.010133334 -0.054528795 88.844604492
-0.063848704 0.024214668 0.997665763 37.612140656 0.012755529 0.999643683 -0.023446344 -2.304051399 -0.997877955 0.011228737 -0.064134821 88.791748047
-0.073373087 0.024850506 0.996994853 38.373210907 0.013097807 0.999627411 -0.023952190 -2.330786943 -0.997218549 0.011301001 -0.073671222 88.731727600
-0.082700364 0.025243772 0.996254683 39.113063812 0.013695804 0.999613464 -0.024191974 -2.360314608 -0.996480286 0.011643826 -0.083014138 88.670806885
-0.091282569 0.024691280 0.995518863 39.847305298 0.015196200 0.999610722 -0.023399374 -2.385181904 -0.995709121 0.012992149 -0.091622256 88.597625732
-0.098701574 0.023607370 0.994836986 40.575496674 0.016627271 0.999618053 -0.022071170 -2.414048195 -0.994978130 0.014362966 -0.099056393 88.521469116
-0.104010113 0.021927793 0.994334400 41.296958923 0.019413311 0.999611199 -0.020013470 -2.442027330 -0.994386792 0.017221721 -0.104395345 88.445762634
-0.107786909 0.020714227 0.993958175 42.007301331 0.023075320 0.999565601 -0.018328752 -2.462394714 -0.993906200 0.020960303 -0.108218074 88.363006592
-0.110356815 0.019520825 0.993700445 42.712387085 0.024316803 0.999560833 -0.016935417 -2.484998703 -0.993594527 0.022294676 -0.110783041 88.278160095
-0.111964516 0.018623674 0.993537724 43.397010803 0.024329592 0.999575973 -0.015995091 -2.508666515 -0.993414283 0.022381483 -0.112370156 88.200996399
-0.112879016 0.019032812 0.993426442 44.065528870 0.025515713 0.999542296 -0.016250741 -2.530099630 -0.993281066 0.023513617 -0.113312982 88.124771118
-0.111760892 0.019997584 0.993533909 44.717082977 0.026118211 0.999511182 -0.017179905 -2.550905943 -0.993391812 0.024029288 -0.112228580 88.051536560
-0.108764432 0.021661989 0.993831515 45.335868835 0.027215336 0.999452591 -0.018806087 -2.572809458 -0.993694901 0.025002021 -0.109294444 87.986236572
-0.103791505 0.022123359 0.994352996 45.964050293 0.027235150 0.999440789 -0.019393731 -2.598247766 -0.994226098 0.025068445 -0.104336031 87.922492981
-0.095661849 0.022985941 0.995148480 46.562156677 0.026847376 0.999429166 -0.020504029 -2.617062807 -0.995051742 0.024755672 -0.096224368 87.868133545
-0.084639736 0.022765830 0.996151507 47.143321991 0.025534604 0.999460101 -0.020671852 -2.644270658 -0.996084273 0.023686677 -0.085175373 87.831871033
-0.071081474 0.022804886 0.997209787 47.695240021 0.024998398 0.999465287 -0.021074574 -2.668769360 -0.997157156 0.023430636 -0.071613558 87.802230835
-0.053910553 0.024034010 0.998256564 48.246696472 0.023801072 0.999457240 -0.022777546 -2.695469379 -0.998262048 0.022531630 -0.054453339 87.788665771
-0.032587383 0.026610769 0.999114573 48.764621735 0.021730524 0.999428034 -0.025910353 -2.718495369 -0.999232590 0.020866932 -0.033147011 87.780685425
-0.007831303 0.029666364 0.999529243 49.287391663 0.019490574 0.999374449 -0.029509066 -2.742786884 -0.999779284 0.019250302 -0.008404618 87.795097351
0.020215042 0.031457141 0.999300599 49.801883698 0.017838078 0.999334395 -0.031819053 -2.763130426 -0.999636471 0.018468823 0.019640453 87.832366943
0.053293131 0.030824516 0.998103082 50.310569763 0.014799244 0.999389231 -0.031654440 -2.788887501 -0.998469234 0.016458137 0.052804392 87.879661560
0.092358530 0.028471690 0.995318651 50.784389496 0.013954422 0.999455869 -0.029884910 -2.808626652 -0.995627940 0.016649222 0.091910973 87.920379639
0.134373337 0.024760209 0.990621328 51.327533722 0.011855291 0.999576092 -0.026592148 -2.831470490 -0.990859926 0.015317379 0.134022832 88.021026611
0.179866105 0.020584384 0.983475626 51.820213318 0.009158073 0.999702632 -0.022598926 -2.850558281 -0.983648419 0.013071522 0.179624140 88.135353088
0.228576854 0.017263709 0.973372757 52.303249359 0.004538803 0.999813020 -0.018798500 -2.868831158 -0.973515272 0.008714850 0.228455722 88.274276733
0.279935300 0.015784353 0.959889054 52.774246216 0.000615428 0.999861777 -0.016621143 -2.888450146 -0.960018635 0.005243588 0.279886842 88.447326660
0.334810734 0.015520522 0.942157567 53.216117859 -0.000778857 0.999868691 -0.016194440 -2.905190468 -0.942285061 0.004688268 0.334778816 88.637962341
0.391020775 0.016642289 0.920231402 53.633361816 0.001248092 0.999825954 -0.018612085 -2.916960239 -0.920381010 0.008426244 0.390931964 88.866950989
0.451682687 0.019141788 0.891973376 54.052795410 0.002316302 0.999741256 -0.022627439 -2.940614462 -0.892175674 0.012286499 0.451521456 89.104202271
0.511747539 0.022563897 0.858839512 54.450790405 0.003060877 0.999600768 -0.028085908 -2.957501888 -0.859130442 0.017001696 0.511474252 89.371582031
0.570812583 0.027323626 0.820625603 54.806945801 -0.000498632 0.999457479 -0.032931183 -2.961100101 -0.821080327 0.018388342 0.570516467 89.652435303
0.624470532 0.030806813 0.780440629 55.135353088 -0.004856013 0.999355555 -0.035562627 -2.970373869 -0.781033397 0.018417984 0.624217629 89.995613098
0.677891612 0.030924890 0.734511197 55.461570740 -0.006428805 0.999325991 -0.036141068 -2.994852066 -0.735133827 0.019777693 0.677633464 90.337165833
0.726209044 0.028927995 0.686865091 55.740337372 -0.006806430 0.999367833 -0.034893055 -3.014182806 -0.687440455 0.020664550 0.725946844 90.692771912
0.770565331 0.026674714 0.636802554 55.990768433 -0.009768709 0.999500692 -0.030046936 -3.023116350 -0.637286305 0.016932391 0.770441115 91.082122803
0.812518418 0.023035239 0.582480311 56.254779816 -0.011198642 0.999651372 -0.023911718 -3.024910212 -0.582827985 0.012905722 0.812493086 91.494094849
0.849269629 0.021054551 0.527539313 56.476062775 -0.013922821 0.999750137 -0.017486956 -3.034102917 -0.527775586 0.007506305 0.849350691 91.918540955
0.880102456 0.017801007 0.474450022 56.654949188 -0.014792637 0.999839902 -0.010072961 -3.042561054 -0.474553198 0.001846870 0.880224824 92.348518372
0.905721307 0.018622443 0.423464656 56.809249878 -0.018699663 0.999817312 -0.003972849 -3.060670137 -0.423461199 -0.004320354 0.905904055 92.764228821
0.925499976 0.020227078 0.378207415 56.930015564 -0.021935981 0.999759376 0.000210308 -3.076450825 -0.378112108 -0.008490990 0.925720930 93.188003540
0.940464437 0.026283955 0.338874668 57.046691895 -0.028942650 0.999577284 0.002793612 -3.082309008 -0.338657975 -0.012435221 0.940827370 93.630912781
0.952324927 0.030500017 0.303557128 57.158275604 -0.032687187 0.999463260 0.002125377 -3.084640503 -0.303329408 -0.011946480 0.952810884 94.092361450
0.961444259 0.032932162 0.273020804 57.262001038 -0.034865405 0.999389529 0.002230917 -3.082933426 -0.272780627 -0.011663885 0.962005496 94.557022095
0.967475057 0.027631782 0.251452774 57.368927002 -0.029214658 0.999569714 0.002563325 -3.088101864 -0.251273781 -0.009826058 0.967866182 95.023574829
0.971522510 0.024944358 0.235630482 57.480648041 -0.026545670 0.999641061 0.003625654 -3.101115227 -0.235455453 -0.009777375 0.971835971 95.502639771
0.974276781 0.029108064 0.223467082 57.564979553 -0.030641032 0.999524713 0.003394754 -3.104881763 -0.223262042 -0.010154692 0.974705577 96.009315491
0.976267815 0.034682333 0.213771507 57.657108307 -0.036484756 0.999324083 0.004490781 -3.108364582 -0.213471249 -0.012183605 0.976873338 96.514289856
0.977453411 0.040672734 0.207197428 57.758186340 -0.042050190 0.999112904 0.002246335 -3.092770576 -0.206922323 -0.010908377 0.978296518 96.997085571
0.977781653 0.046597425 0.204381093 57.851058960 -0.047348976 0.998877585 -0.001214216 -3.097782850 -0.204208314 -0.008489998 0.978890598 97.516609192
0.977894127 0.048194598 0.203470394 57.958885193 -0.048416056 0.998819590 -0.003892067 -3.104496956 -0.203417838 -0.006045207 0.979073286 98.054107666
0.977317393 0.047491670 0.206386194 58.069015503 -0.046998736 0.998868287 -0.007293331 -3.119019747 -0.206499010 -0.002571991 0.978443384 98.587265015
0.976619601 0.045522198 0.210099459 58.190658569 -0.043494817 0.998951793 -0.014262706 -3.116464615 -0.210528523 0.004791001 0.977575958 99.147827148
0.975869834 0.045243204 0.213614121 58.327774048 -0.042218234 0.998933434 -0.018703990 -3.124950886 -0.214232460 0.009234251 0.976739049 99.684555054
0.974594533 0.050082240 0.218305141 58.444328308 -0.047172680 0.998714983 -0.018522909 -3.133819342 -0.218952268 0.007754291 0.975704789 100.269943237
0.973152399 0.053096436 0.223953888 58.574001312 -0.051131595 0.998585701 -0.014567778 -3.145981789 -0.224410594 0.002725550 0.974490881 100.857254028
0.972233653 0.049868852 0.228636891 58.720623016 -0.048867580 0.998754799 -0.010042347 -3.156519175 -0.228852972 -0.001409422 0.973460019 101.453895569
0.971529007 0.045677111 0.232475698 58.870628357 -0.045939010 0.998935044 -0.004290286 -3.171454430 -0.232424095 -0.006511563 0.972592711 102.077133179
0.970771015 0.043268070 0.236075088 59.025344849 -0.044667307 0.999001801 0.000579697 -3.183997631 -0.235814303 -0.011107593 0.971734643 102.696838379
0.970167756 0.038574483 0.239345536 59.180870056 -0.040023796 0.999198079 0.001195973 -3.190307379 -0.239107445 -0.010739810 0.970933735 103.335884094
0.970231235 0.035045587 0.239630982 59.341674805 -0.035576578 0.999364793 -0.002110771 -3.195487499 -0.239552692 -0.006477315 0.970861793 103.977844238
0.970390618 0.034446493 0.239071906 59.505363464 -0.033316433 0.999406517 -0.008767634 -3.207412958 -0.239232004 0.000543007 0.970962226 104.623535156
0.970612049 0.036617570 0.237847269 59.665740967 -0.033915441 0.999305427 -0.015444362 -3.218971252 -0.238247558 0.006923789 0.971179724 105.262741089
0.971226692 0.039384618 0.234877422 59.823642731 -0.035851244 0.999170899 -0.019296339 -3.225862980 -0.235442653 0.010320474 0.971833408 105.939941406
0.971791685 0.038335472 0.232703850 59.983680725 -0.035752669 0.999243498 -0.015308382 -3.231796265 -0.233114660 0.006556780 0.972427130 106.636932373
0.972166717 0.034035951 0.231804639 60.146972656 -0.033200651 0.999420583 -0.007504843 -3.250296593 -0.231925741 -0.000400106 0.972733378 107.346992493
0.972744405 0.034673765 0.229272738 60.317592621 -0.035268109 0.999376774 -0.001506044 -3.266498327 -0.229182020 -0.006621018 0.973361075 108.071273804
0.972976029 0.038180590 0.227727696 60.475364685 -0.038686160 0.999248922 -0.002244781 -3.276008129 -0.227642328 -0.006625791 0.973722279 108.802795410
0.973309159 0.043498758 0.225337625 60.631340027 -0.043062795 0.999048829 -0.006851798 -3.284724951 -0.225421324 -0.003034749 0.974256694 109.529663086
0.974185348 0.044312973 0.221358046 60.798202515 -0.042710904 0.999015093 -0.012021233 -3.296259403 -0.221672744 0.002256509 0.975118518 110.265960693
0.975157738 0.042939067 0.217310235 60.965896606 -0.040637951 0.999060512 -0.015049040 -3.305326462 -0.217752278 0.005844142 0.975986600 111.021873474
0.976080000 0.040882591 0.213533491 61.131561279 -0.038876839 0.999151587 -0.013585704 -3.318223238 -0.213907778 0.004959226 0.976841271 111.795669556
0.976932466 0.037187330 0.210285693 61.298439026 -0.035604905 0.999301970 -0.011307381 -3.335039616 -0.210559398 0.003559345 0.977574587 112.574142456
0.977362096 0.035813816 0.208520278 61.464218140 -0.034841642 0.999358118 -0.008334545 -3.350775957 -0.208684921 0.000880679 0.977982521 113.368141174
0.977694452 0.033025742 0.207419127 61.631008148 -0.032435551 0.999454319 -0.006246544 -3.360337973 -0.207512230 -0.000620543 0.978232205 114.166976929
0.977925897 0.028006587 0.207066700 61.802989960 -0.027581319 0.999607384 -0.004940921 -3.375021219 -0.207123771 -0.000879319 0.978314281 114.957382202
0.978035510 0.028579988 0.206469908 61.967060089 -0.028512565 0.999587953 -0.003302717 -3.387192011 -0.206479222 -0.002656813 0.978447437 115.760414124
0.977793157 0.034106001 0.206778347 62.130729675 -0.033759665 0.999416351 -0.005204258 -3.401268959 -0.206835181 -0.001892081 0.978374004 116.582664490
0.977526784 0.039243814 0.207126215 62.297588348 -0.038304772 0.999229550 -0.008543718 -3.412257195 -0.207301959 0.000417791 0.978276908 117.397239685
0.976931870 0.048025090 0.208081082 62.459110260 -0.046937164 0.998846054 -0.010165610 -3.421656847 -0.208329216 0.000164374 0.978058755 118.230041504
0.976007462 0.053777024 0.210991263 62.623695374 -0.052884545 0.998551726 -0.009874468 -3.432835102 -0.211216718 -0.001520622 0.977438033 119.053878784
0.975204051 0.056602512 0.213946283 62.796012878 -0.056272320 0.998386204 -0.007638176 -3.456915379 -0.214033380 -0.004590475 0.976815522 119.887069702
0.974629343 0.057135861 0.216409370 62.978195190 -0.056657247 0.998358130 -0.008420250 -3.475843668 -0.216535136 -0.004054538 0.976266384 120.727684021
0.974277377 0.055522114 0.218405038 63.159099579 -0.054323122 0.998457253 -0.011495410 -3.485687256 -0.218706340 -0.000664725 0.975790501 121.562515259
0.974275053 0.049437866 0.219872490 63.351455688 -0.048429709 0.998776853 -0.009976372 -3.504069805 -0.220096737 -0.000928630 0.975477517 122.407936096
0.974605441 0.042885613 0.219784051 63.553916931 -0.041340552 0.999077439 -0.011626475 -3.525090456 -0.220079899 0.002245231 0.975479245 123.225471497
0.974394739 0.041982640 0.220889851 63.742588043 -0.040461961 0.999115944 -0.011406617 -3.548729897 -0.221173465 0.002176911 0.975232065 124.061080933
0.973804176 0.044527318 0.222986147 63.926872253 -0.043694340 0.999007285 -0.008670452 -3.563780308 -0.223150849 -0.001299909 0.974783123 124.908287048
0.973340452 0.046706356 0.224559411 64.107971191 -0.047251191 0.998878598 -0.002950167 -3.579384327 -0.224445432 -0.007739183 0.974455953 125.751068115
0.972955763 0.050642394 0.225371748 64.292282104 -0.052250370 0.998633325 0.001171921 -3.597360134 -0.225004390 -0.012915986 0.974272192 126.590644836
0.972770333 0.049720474 0.226374954 64.477249146 -0.049856018 0.998743176 -0.005122165 -3.615387201 -0.226345137 -0.006303464 0.974026799 127.401626587
0.973082244 0.045495294 0.225922674 64.671783447 -0.042125888 0.998917699 -0.019715201 -3.633258581 -0.226575151 0.009667320 0.973945737 128.213012695
