1.000000000 0.000000000 0.000000000 0.000000954 0.000000000 1.000000000 0.000000000 0.000000477 0.000000000 0.000000000 0.999999940 -0.000000238
0.999996126 -0.002433136 -0.001396002 -0.005998932 0.002437204 0.999992728 0.002919881 -0.016297529 0.001388887 -0.002923272 0.999994755 1.524328232
0.999991119 -0.002960233 -0.002964203 -0.009392422 0.002971502 0.999988317 0.003804548 -0.034011930 0.002952908 -0.003813322 0.999988317 3.046027422
0.999989212 -0.001854499 -0.004245774 -0.027718371 0.001868940 0.999992371 0.003399776 -0.047111344 0.004239439 -0.003407674 0.999985158 4.561784267
0.999982595 -0.001029324 -0.005805158 -0.041515958 0.001049407 0.999993384 0.003457459 -0.066054672 0.005801561 -0.003463492 0.999977112 6.067116737
0.999972582 -0.001428080 -0.007265887 -0.056710601 0.001453438 0.999992847 0.003485821 -0.076076157 0.007260856 -0.003496288 0.999967456 7.568670750
0.999958992 -0.001894785 -0.008852972 -0.079976119 0.001931326 0.999989569 0.004120810 -0.094902530 0.008845071 -0.004137738 0.999952316 9.079810143
0.999938190 -0.003626571 -0.010502509 -0.103625953 0.003660932 0.999987960 0.003254364 -0.107608661 0.010490580 -0.003292612 0.999939561 10.576857567
0.999920845 -0.004441013 -0.011770807 -0.124463834 0.004481033 0.999984264 0.003375697 -0.121297322 0.011755632 -0.003428175 0.999925017 12.060710907
0.999906659 -0.004082161 -0.013033607 -0.152474582 0.004124725 0.999986231 0.003240542 -0.137901843 0.013020199 -0.003293999 0.999909818 13.549942970
0.999892116 -0.003999668 -0.014132189 -0.176493585 0.004048674 0.999985874 0.003440756 -0.154163972 0.014118228 -0.003497601 0.999894202 15.034175873
0.999885857 -0.002412454 -0.014912449 -0.207640827 0.002476366 0.999987781 0.004268861 -0.172650188 0.014901970 -0.004305303 0.999879658 16.514963150
0.999882460 -0.000721070 -0.015318654 -0.233954206 0.000791222 0.999989212 0.004573928 -0.182608262 0.015315190 -0.004585511 0.999872208 18.006593704
0.999869823 -0.000303535 -0.016136540 -0.265520275 0.000392070 0.999984801 0.005483696 -0.197152615 0.016134631 -0.005489309 0.999854743 19.469877243
0.999864280 -0.000379451 -0.016471619 -0.289373159 0.000471865 0.999984205 0.005607044 -0.213556051 0.016469223 -0.005614055 0.999848664 20.944015503
0.999852359 0.000752796 -0.017166328 -0.320143163 -0.000658837 0.999984801 0.005478434 -0.221627861 0.017170189 -0.005466317 0.999837637 22.408973694
0.999848425 0.000634807 -0.017399399 -0.337023199 -0.000527815 0.999980867 0.006153070 -0.235318676 0.017402969 -0.006142953 0.999829650 23.881057739
0.999850333 0.001647357 -0.017221635 -0.370578051 -0.001523205 0.999972701 0.007219695 -0.243515864 0.017233055 -0.007192382 0.999825716 25.330148697
0.999849319 0.001881535 -0.017257473 -0.397541583 -0.001779143 0.999980807 0.005946595 -0.256123006 0.017268326 -0.005914996 0.999833524 26.772233963
0.999847829 0.002249544 -0.017295130 -0.429467142 -0.002184014 0.999990404 0.003806883 -0.265362501 0.017303530 -0.003768532 0.999843121 28.201770782
0.999856830 0.000473503 -0.016910270 -0.461793989 -0.000410881 0.999993026 0.003706490 -0.280656338 0.016911903 -0.003699011 0.999850094 29.623552322
0.999859035 -0.000235510 -0.016784361 -0.491951942 0.000344603 0.999978840 0.006497057 -0.297908098 0.016782474 -0.006501926 0.999837935 31.038579941
0.999862552 -0.001977556 -0.016464014 -0.521337390 0.002103197 0.999968767 0.007617458 -0.309361011 0.016448440 -0.007651038 0.999835432 32.449977875
0.999865532 -0.002559988 -0.016196420 -0.553581595 0.002671824 0.999972641 0.006887145 -0.318551779 0.016178347 -0.006929493 0.999845088 33.846942902
0.999875426 -0.002423353 -0.015597042 -0.583520651 0.002503511 0.999983788 0.005121856 -0.332678854 0.015584379 -0.005160264 0.999865234 35.232826233
0.999883354 -0.001017876 -0.015245999 -0.612385809 0.001084785 0.999989867 0.004381016 -0.347453296 0.015241386 -0.004397043 0.999874175 36.580780029
0.999897182 -0.000935438 -0.014308293 -0.638251364 0.000984582 0.999993563 0.003427957 -0.364890993 0.014304995 -0.003441692 0.999891758 37.954185486
0.999914110 -0.000398215 -0.013103640 -0.664078832 0.000459567 0.999988914 0.004679331 -0.383635402 0.013101630 -0.004684951 0.999903202 39.287452698
0.999934375 -0.000062636 -0.011458433 -0.691950560 0.000139019 0.999977708 0.006665441 -0.398551345 0.011457761 -0.006666597 0.999912202 40.619167328
0.999950945 -0.000574184 -0.009889840 -0.711286664 0.000650341 0.999970138 0.007699017 -0.413599879 0.009885124 -0.007705072 0.999921560 41.908683777
0.999972165 0.000012508 -0.007457224 -0.727233529 0.000050690 0.999963999 0.008474450 -0.428167731 0.007457062 -0.008474593 0.999936223 43.207626343
0.999991655 -0.000323932 -0.004077313 -0.743485689 0.000356129 0.999968708 0.007898199 -0.440194964 0.004074626 -0.007899585 0.999960482 44.477031708
0.999999166 -0.001129606 -0.000573202 -0.751032293 0.001133122 0.999980271 0.006170055 -0.458211273 0.000566220 -0.006170699 0.999980748 45.718345642
0.999994218 -0.001174410 0.003180797 -0.757696271 0.001160513 0.999989748 0.004367258 -0.466022253 -0.003185892 -0.004363543 0.999985337 46.935089111
0.999975502 -0.000601486 0.006966608 -0.751049042 0.000566265 0.999987066 0.005056467 -0.480561852 -0.006969558 -0.005052400 0.999962866 48.149791718
0.999923885 -0.000947957 0.012306033 -0.743798554 0.000887495 0.999987543 0.004917777 -0.496345282 -0.012310538 -0.004906481 0.999912262 49.377861023
0.999816477 0.000847703 0.019139908 -0.729967594 -0.000921139 0.999992132 0.003828350 -0.506605089 -0.019136511 -0.003845278 0.999809504 50.569480896
0.999649167 0.002237190 0.026391361 -0.706566572 -0.002337727 0.999990046 0.003779222 -0.517926335 -0.026382646 -0.003839591 0.999644518 51.769222260
0.999389529 0.003393336 0.034771264 -0.669561386 -0.003557589 0.999982655 0.004663072 -0.529691219 -0.034754839 -0.004783927 0.999384403 52.961402893
0.998953938 0.005872582 0.045350194 -0.629428625 -0.006126918 0.999966204 0.005471305 -0.543560684 -0.045316532 -0.005743437 0.998956144 54.132251740
0.998276651 0.007844937 0.058157127 -0.573087692 -0.008166949 0.999952614 0.005301349 -0.556517720 -0.058112789 -0.005767180 0.998293340 55.273952484
0.997291684 0.009762961 0.072897874 -0.504014969 -0.010202584 0.999931991 0.005660708 -0.568445683 -0.072837666 -0.006389123 0.997323275 56.405441284
0.995929062 0.012190131 0.089313008 -0.417664051 -0.012880892 0.999891341 0.007161870 -0.583302081 -0.089216009 -0.008283143 0.995977938 57.520469666
0.994188011 0.012389214 0.106943533 -0.306245804 -0.013301867 0.999880850 0.007824862 -0.593088567 -0.106833853 -0.009201932 0.994234324 58.627841949
0.991946876 0.012061837 0.126078576 -0.177163601 -0.013071625 0.999888718 0.007184941 -0.605279148 -0.125977874 -0.008775132 0.991994262 59.724060059
0.989179492 0.011382028 0.146267995 -0.017644882 -0.012402345 0.999904633 0.006065606 -0.607809544 -0.146185011 -0.007814041 0.989226460 60.822372437
0.985889494 0.008218016 0.167195469 0.151516914 -0.009344895 0.999938607 0.005954240 -0.623019338 -0.167136252 -0.007432646 0.985905886 61.857643127
0.982032061 0.003361082 0.188684225 0.352371216 -0.004998342 0.999953926 0.008202088 -0.632985353 -0.188647956 -0.008997822 0.982003510 62.892734528
0.977214038 -0.001816839 0.212248728 0.570265770 -0.000237656 0.999953389 0.009653744 -0.643224657 -0.212256357 -0.009484217 0.977167964 63.942287445
0.971794724 -0.006967982 0.235725448 0.825705528 0.004979108 0.999946833 0.009031447 -0.650611579 -0.235775784 -0.007603011 0.971777678 64.955101013
0.965273321 -0.013229616 0.260906845 1.098660469 0.011701036 0.999904037 0.007411257 -0.664018512 -0.260979921 -0.004101008 0.965335488 65.939582825
0.957732916 -0.017021690 0.287155092 1.397407532 0.015284042 0.999848783 0.008291983 -0.670315742 -0.287252843 -0.003552615 0.957848191 66.916542053
0.949113905 -0.019184457 0.314347982 1.711652756 0.016692597 0.999804258 0.010617270 -0.679339409 -0.314490139 -0.004829712 0.949248433 67.874816895
0.939420223 -0.023775946 0.341942072 2.056596756 0.020475425 0.999702334 0.013259090 -0.681513429 -0.342155635 -0.005454446 0.939627469 68.819564819
0.928455889 -0.026505914 0.370495617 2.425001144 0.023271678 0.999642015 0.013197728 -0.689823568 -0.370712757 -0.003631455 0.928740442 69.731681824
0.916328967 -0.025524776 0.399611920 2.812076569 0.023750102 0.999673724 0.009392973 -0.692390621 -0.399721235 0.000883770 0.916636288 70.626495361
0.903266549 -0.027180968 0.428217977 3.228141785 0.028049197 0.999597311 0.004283141 -0.704062700 -0.428161949 0.008142354 0.903665304 71.482444763
0.889137983 -0.029209625 0.456705958 3.673164368 0.031884510 0.999489784 0.001850190 -0.711486578 -0.456527025 0.012916773 0.889615715 72.329689026
0.873481154 -0.029849857 0.485942096 4.144804001 0.031229366 0.999498308 0.005261168 -0.719915748 -0.485855460 0.010580134 0.873975098 73.167549133
0.855808139 -0.028564222 0.516504228 4.640462875 0.026871948 0.999580979 0.010755043 -0.724583685 -0.516595066 0.004675220 0.856217086 73.993865967
0.836073339 -0.028990682 0.547851205 5.157672882 0.025098735 0.999578536 0.014591692 -0.732722223 -0.548043370 0.001550648 0.836448491 74.792335510
0.815124333 -0.022927541 0.578832269 5.698436737 0.021132909 0.999728262 0.009839399 -0.736200273 -0.578900635 0.004212075 0.815387189 75.556625366
0.792941451 -0.015982160 0.609088302 6.260684967 0.018085478 0.999832809 0.002690518 -0.740891933 -0.609029472 0.008882234 0.793097854 76.302810669
0.770313203 -0.013417439 0.637524486 6.849094391 0.017148072 0.999852836 0.000323248 -0.739060044 -0.637435079 0.010683310 0.770429969 77.033477783
0.746817529 -0.015852127 0.664840043 7.471939087 0.018191436 0.999828637 0.003404922 -0.745920300 -0.664780140 0.009551536 0.746977925 77.730560303
0.722599030 -0.016645668 0.691066921 8.115833282 0.018847661 0.999812722 0.004374753 -0.763980746 -0.691010416 0.009863802 0.722777486 78.393295288
0.697085321 -0.014458232 0.716842413 8.770259857 0.019455872 0.999810040 0.001245855 -0.769366682 -0.716724157 0.013078328 0.697234154 79.040939331
0.671049297 -0.012357826 0.741309702 9.446193695 0.019350933 0.999812424 -0.000849741 -0.780434012 -0.741160154 0.014915255 0.671162546 79.639747620
0.643943071 -0.009651044 0.765012562 10.148612976 0.017458260 0.999845326 -0.002081760 -0.785527766 -0.764874220 0.014696322 0.644011974 80.233612061
0.615818679 -0.007957795 0.787847757 10.863037109 0.017150121 0.999847472 -0.003306203 -0.798352838 -0.787701249 0.015547706 0.615861237 80.793914795
0.586833656 -0.001766758 0.809705496 11.599678040 0.015859040 0.999830782 -0.009312224 -0.816477597 -0.809552133 0.018305877 0.586762309 81.343147278
0.557208300 0.007757390 0.830336571 12.358795166 0.014693772 0.999707639 -0.019200183 -0.828845143 -0.830242872 0.022899274 0.556931198 81.844734192
0.525916219 0.016030684 0.850385427 13.142196655 0.013552043 0.999537528 -0.027223554 -0.854967117 -0.850428402 0.025841760 0.525455773 82.343742371
0.494463503 0.021024082 0.868944049 13.940029144 0.010985951 0.999476433 -0.030433748 -0.880556643 -0.869128883 0.024594553 0.493973672 82.798271179
0.461665571 0.020459972 0.886818051 14.779342651 0.009019701 0.999573886 -0.027756933 -0.913097024 -0.887008190 0.020813251 0.461284339 83.245521545
0.428305954 0.019316057 0.903427362 15.624189377 0.004539088 0.999712825 -0.023526663 -0.941475272 -0.903622448 0.014177344 0.428095281 83.655578613
0.394089460 0.020382244 0.918846130 16.498201370 0.000212731 0.999751985 -0.022268172 -0.977471828 -0.919072211 0.008971121 0.393987417 84.040985107
0.358655035 0.023465013 0.933175206 17.371417999 -0.007177605 0.999723732 -0.022379765 -1.004485130 -0.933442593 0.001328655 0.358724385 84.393188477
0.322862536 0.025251655 0.946108878 18.279869080 -0.011919546 0.999673188 -0.022613702 -1.036582947 -0.946370900 -0.003976071 0.323057979 84.718093872
0.286678672 0.024545008 0.957712233 19.185646057 -0.014516919 0.999668300 -0.021274835 -1.063962221 -0.957916737 -0.007803990 0.286939919 85.000022888
0.250362933 0.024136676 0.967851102 20.133245468 -0.015534561 0.999660730 -0.020911483 -1.094370842 -0.968027353 -0.009799680 0.250652999 85.251220703
0.214409500 0.023572342 0.976459444 21.090463638 -0.014334062 0.999676943 -0.020985376 -1.121154070 -0.976638675 -0.009497166 0.214678124 85.464408875
0.179135844 0.022509804 0.983566821 22.048564911 -0.012167677 0.999712408 -0.020663222 -1.143042564 -0.983749092 -0.008266201 0.179358214 85.633544922
0.144644976 0.021369401 0.989252925 23.022134781 -0.003852084 0.999771178 -0.021033382 -1.174402475 -0.989476144 -0.000768312 0.144694209 85.760040283
0.110870793 0.024765538 0.993526220 24.018699646 -0.001569928 0.999692559 -0.024744049 -1.208064079 -0.993833601 0.001183628 0.110875599 85.878540039
0.078128874 0.029679000 0.996501327 24.989521027 -0.000497060 0.999557793 -0.029731059 -1.238002419 -0.996943176 0.001827533 0.078109071 85.953910828
0.049177028 0.033516027 0.998227537 25.964431763 0.006418162 0.999405503 -0.033871759 -1.274394870 -0.998769462 0.008072499 0.048932679 85.987487793
0.023843748 0.032297578 0.999193788 27.001613617 0.007998133 0.999439895 -0.032496389 -1.304230213 -0.999683678 0.008766521 0.023572072 86.009666443
0.001530962 0.029206594 0.999572217 27.999628067 0.009533716 0.999527633 -0.029219892 -1.341249228 -0.999953330 0.009574371 0.001251789 86.007537842
-0.017365431 0.026560811 0.999496341 28.992992401 0.009575610 0.999605715 -0.026397344 -1.379649162 -0.999803305 0.009112385 -0.017612917 85.991325378
-0.034090485 0.029939834 0.998970270 30.035753250 0.011407059 0.999497712 -0.029566370 -1.416662931 -0.999353647 0.010387381 -0.034414884 85.962135315
-0.048586261 0.034231406 0.998232186 31.030162811 0.014145917 0.999335885 -0.033580735 -1.451351404 -0.998718798 0.012489348 -0.049038231 85.907081604
-0.060709886 0.039021451 0.997392416 32.023479462 0.018911783 0.999101102 -0.037937172 -1.496279478 -0.997976243 0.016559307 -0.061393283 85.841911316
-0.069269419 0.042997200 0.996670842 33.043109894 0.024037236 0.998852491 -0.041420713 -1.540755987 -0.997308254 0.021088025 -0.070223473 85.763900757
-0.075305499 0.048411012 0.995984614 34.040634155 0.027441746 0.998543024 -0.046460520 -1.589159489 -0.996782780 0.023832822 -0.076524265 85.685256958
-0.078858316 0.053122416 0.995469451 35.049968719 0.029657271 0.998262107 -0.050922085 -1.645006537 -0.996444464 0.025507275 -0.080296740 85.600524902
-0.081567258 0.057096288 0.995031118 36.058876038 0.031982228 0.997993469 -0.054644547 -1.705194592 -0.996154428 0.027366102 -0.083229654 85.514335632
-0.084368132 0.059919465 0.994631410 37.073623657 0.032593518 0.997822106 -0.057346977 -1.768452168 -0.995901406 0.027580280 -0.086137362 85.424377441
-0.086881019 0.063294314 0.994205952 38.081329346 0.033435747 0.997602582 -0.060588688 -1.836249352 -0.995657384 0.027978009 -0.088789031 85.337684631
-0.088638261 0.067300245 0.993787706 39.088531494 0.034871086 0.997312844 -0.064428754 -1.899222851 -0.995453298 0.028943602 -0.090746887 85.236221313
-0.090967588 0.068766497 0.993476808 40.102149963 0.037624549 0.997138083 -0.065574840 -1.969959974 -0.995142877 0.031413920 -0.093294531 85.140373230
-0.093129084 0.067488439 0.993364096 41.133045197 0.037749972 0.997221887 -0.064211443 -2.047500849 -0.994938195 0.031519510 -0.095418029 85.047706604
-0.095278203 0.066999085 0.993193448 42.136180878 0.037173253 0.997276008 -0.063708402 -2.117449522 -0.994756281 0.030850213 -0.097509235 84.950065613
-0.097381108 0.068385102 0.992895007 43.165893555 0.037021544 0.997194946 -0.065050274 -2.186804771 -0.994558275 0.030423835 -0.099639691 84.842483521
-0.099592596 0.070638120 0.992517710 44.191196442 0.036562830 0.997063100 -0.067292772 -2.263136864 -0.994356394 0.029587395 -0.101882815 84.732986450
-0.102153741 0.072540879 0.992120206 45.221679688 0.034896735 0.996985137 -0.069303446 -2.345576763 -0.994156301 0.027542152 -0.104377188 84.625396729
-0.104514025 0.076098979 0.991607606 46.247253418 0.032636274 0.996793628 -0.073057137 -2.426656961 -0.993987739 0.024726879 -0.106662497 84.519226074
-0.106825873 0.080471575 0.991015971 47.288318634 0.029103059 0.996545374 -0.077783436 -2.503230095 -0.993851721 0.020532306 -0.108798794 84.415069580
-0.109530002 0.082817525 0.990527332 48.330204010 0.026721640 0.996408105 -0.080354393 -2.587788582 -0.993624270 0.017667294 -0.111349590 84.298980713
-0.112533711 0.081267692 0.990319073 49.379154205 0.024612427 0.996572018 -0.078984007 -2.674073696 -0.993343115 0.015485790 -0.114148133 84.184181213
-0.115090966 0.077106766 0.990357816 50.432929993 0.021871611 0.996937752 -0.075077333 -2.761560440 -0.993114173 0.013019999 -0.116424963 84.059883118
-0.117602706 0.075581610 0.990180373 51.484832764 0.022053186 0.997052312 -0.073486909 -2.844883919 -0.992815852 0.013194372 -0.118922859 83.940673828
-0.119367473 0.075696401 0.989960313 52.524948120 0.021661678 0.997050583 -0.073626615 -2.936966419 -0.992613733 0.012655579 -0.120655105 83.816757202
-0.120781273 0.078834690 0.989543796 53.572120667 0.022482859 0.996803045 -0.076668814 -3.015118837 -0.992424369 0.012987617 -0.122167572 83.697166443
-0.121595144 0.081323646 0.989242673 54.622688293 0.023193292 0.996598601 -0.079077497 -3.104543209 -0.992308795 0.013328356 -0.123067692 83.568656921
-0.121940181 0.081973180 0.989146590 55.683631897 0.022110442 0.996560693 -0.079861857 -3.194623232 -0.992291272 0.012132097 -0.123333216 83.440193176
-0.121913709 0.080669805 0.989257038 56.743930817 0.018915670 0.996699393 -0.078945570 -3.284596920 -0.992360413 0.009087909 -0.123037271 83.311546326
-0.122458361 0.079910167 0.989251435 57.812675476 0.015145764 0.996787667 -0.078644037 -3.379281044 -0.992358088 0.005352345 -0.123275302 83.194961548
-0.121960603 0.081241474 0.989204586 58.883220673 0.011464140 0.996693254 -0.080443084 -3.466122627 -0.992468774 0.001529492 -0.122488692 83.062965393
-0.122319087 0.081617549 0.989129245 59.964065552 0.007125001 0.996659458 -0.081357792 -3.554322004 -0.992465317 -0.002904064 -0.122492000 82.938606262
-0.122560918 0.080788240 0.989167333 61.042575836 0.003881877 0.996712744 -0.080923513 -3.652235031 -0.992453396 -0.006078234 -0.122471645 82.810447693
-0.122641236 0.075629339 0.989565253 62.135192871 0.004518114 0.997124374 -0.075647116 -3.742937803 -0.992440760 -0.004806487 -0.122630268 82.676864624
-0.123055376 0.067408159 0.990107894 63.227127075 0.007506175 0.997725070 -0.066993847 -3.824397802 -0.992371440 -0.000812031 -0.123281434 82.547622681
-0.122733258 0.061652467 0.990522802 64.327346802 0.013508634 0.998079836 -0.060449008 -3.910998821 -0.992347717 0.005961508 -0.123330422 82.405532837
-0.121848360 0.064207062 0.990469992 65.429512024 0.022078462 0.997833848 -0.061968330 -3.983646393 -0.992303133 0.014317312 -0.123002023 82.254417419
-0.120570824 0.069860958 0.990243554 66.514198303 0.027639039 0.997370124 -0.066998444 -4.056661606 -0.992319822 0.019291321 -0.122184642 82.117210388
-0.119822264 0.075930811 0.989887536 67.618026733 0.031500939 0.996859789 -0.072652541 -4.135973930 -0.992295444 0.022476994 -0.121837877 81.979217529
-0.119458556 0.079779945 0.989628673 68.718963623 0.031717844 0.996564150 -0.076510385 -4.225303173 -0.992332399 0.022249065 -0.121578544 81.853340149
-0.118964843 0.076845318 0.989920378 69.837219238 0.028587366 0.996852219 -0.073947914 -4.311936378 -0.992486775 0.019502005 -0.120787159 81.723419189
-0.119010955 0.072508998 0.990241826 70.936424255 0.028122706 0.997175932 -0.069636852 -4.399670601 -0.992494524 0.019560724 -0.120714016 81.605003357
-0.118626885 0.070609152 0.990425169 72.101005554 0.025890853 0.997349203 -0.068001725 -4.481009483 -0.992601275 0.017576128 -0.120140567 81.451347351
-0.118616588 0.071599111 0.990355432 73.227790833 0.023685884 0.997317016 -0.069265522 -4.559463501 -0.992657602 0.015241407 -0.119994231 81.323883057
-0.118641376 0.076415814 0.989992321 74.346504211 0.025723228 0.996936142 -0.073869109 -4.656034470 -0.992604017 0.016701868 -0.120243512 81.202262878
-0.117165208 0.078826554 0.989979148 75.494041443 0.025152612 0.996760726 -0.076389685 -4.740842342 -0.992793798 0.015950352 -0.118768372 81.042762756
-0.116249651 0.077527791 0.990189672 76.642906189 0.025071848 0.996860325 -0.075106613 -4.829520226 -0.992903471 0.016094768 -0.117828421 80.903465271
-0.116510510 0.070769899 0.990664899 77.787162781 0.026453996 0.997325242 -0.068134494 -4.922845840 -0.992837071 0.018268665 -0.118071042 80.779388428
-0.116730802 0.069453016 0.990732133 78.952888489 0.025571655 0.997431219 -0.066909716 -5.005104065 -0.992834270 0.017524244 -0.118206993 80.639244080
-0.116819635 0.072330885 0.990515769 80.101593018 0.022442846 0.997281969 -0.070178099 -5.090232849 -0.992899477 0.014031813 -0.118125431 80.523788452
-0.116497293 0.075468875 0.990319550 81.269287109 0.022496443 0.997053444 -0.073335655 -5.173127174 -0.992936075 0.013735257 -0.117851824 80.383712769
-0.116610236 0.074887566 0.990350366 82.439544678 0.021562058 0.997109056 -0.072859786 -5.262955666 -0.992943585 0.012857795 -0.117887855 80.252838135
-0.115980834 0.071496025 0.990674913 83.622932434 0.021678124 0.997350395 -0.069439881 -5.353249550 -0.993014693 0.013422276 -0.117223442 80.111198425
-0.115145288 0.070456147 0.990847051 84.819778442 0.020823359 0.997433424 -0.068504632 -5.439642906 -0.993130386 0.012744776 -0.116316922 79.971191406
-0.114021480 0.070840031 0.990949512 86.007347107 0.022142738 0.997387946 -0.068752490 -5.528114796 -0.993231595 0.014103074 -0.115292244 79.838104248
-0.112696305 0.071158051 0.991078317 87.200927734 0.024807245 0.997323036 -0.068785556 -5.617064476 -0.993319750 0.016834049 -0.114159867 79.694854736
-0.111695044 0.070729971 0.991222382 88.397621155 0.024551131 0.997355878 -0.068401091 -5.699740410 -0.993439317 0.016695568 -0.113136180 79.552688599
-0.110361263 0.071691036 0.991302669 89.596969604 0.025437362 0.997272134 -0.069290817 -5.784731865 -0.993566036 0.017569104 -0.111883849 79.419952393
-0.109224208 0.069612026 0.991576731 90.785125732 0.025026325 0.997421145 -0.067265630 -5.877993107 -0.993701994 0.017468482 -0.110684663 79.291915894
-0.108178556 0.068337254 0.991779983 92.013336182 0.023808537 0.997526526 -0.066136308 -5.970148563 -0.993846297 0.016458303 -0.109538004 79.153503418
-0.106639780 0.068063639 0.991965473 93.226173401 0.024871659 0.997524738 -0.065771304 -6.051967621 -0.993986547 0.017657988 -0.108068675 79.025497437
-0.104514606 0.068487950 0.992162466 94.453582764 0.023026377 0.997525215 -0.066432551 -6.145627022 -0.994256735 0.015902730 -0.105832979 78.892036438
-0.103773445 0.071250558 0.992045581 95.673576355 0.022622291 0.997341812 -0.069264531 -6.230970383 -0.994343817 0.015254525 -0.105109431 78.769287109
-0.102929547 0.069967315 0.992224813 96.895523071 0.020117290 0.997465491 -0.068249978 -6.317850590 -0.994485259 0.012935933 -0.104076214 78.652275085
-0.102229998 0.068740658 0.992382944 98.138648987 0.016990598 0.997584641 -0.067350715 -6.413252831 -0.994615674 0.009975916 -0.103151016 78.527770996
-0.102361821 0.069741867 0.992299438 99.377380371 0.014120398 0.997540534 -0.068653643 -6.500435829 -0.994646966 0.006984153 -0.103094846 78.407974243
-0.102178544 0.069176048 0.992357910 100.601776123 0.011169190 0.997596145 -0.068391167 -6.590763569 -0.994703352 0.004095727 -0.102705538 78.279129028
-0.103093773 0.066207081 0.992465794 101.847557068 0.008427021 0.997804582 -0.065687880 -6.686235905 -0.994635880 0.001591521 -0.103425361 78.152679443
-0.104542166 0.065128826 0.992385566 103.110351562 0.006277815 0.997876763 -0.064827874 -6.771710396 -0.994500637 -0.000547232 -0.104729049 78.031250000
-0.106464453 0.064566843 0.992217898 104.370964050 0.003993302 0.997909188 -0.064508699 -6.858047485 -0.994308472 -0.002905658 -0.106499687 77.912536621
-0.107633576 0.064353995 0.992105722 105.621086121 0.004284733 0.997923553 -0.064266548 -6.953376770 -0.994181395 -0.002666329 -0.107685819 77.774810791
-0.109891444 0.062925071 0.991949797 106.880859375 0.003838084 0.998013437 -0.062884532 -7.041250706 -0.993936121 -0.003103286 -0.109914646 77.640319824
-0.113304563 0.058098838 0.991860092 108.146919250 0.000629424 0.998292804 -0.058403745 -7.127306938 -0.993560195 -0.005993108 -0.113147691 77.510597229
-0.117824152 0.058152001 0.991330266 109.404541016 -0.000253582 0.998282075 -0.058589935 -7.206559181 -0.993034422 -0.007154692 -0.117606983 77.369522095
-0.123110466 0.064262614 0.990310133 110.641830444 -0.004523143 0.997854471 -0.065314457 -7.291714668 -0.992382586 -0.012520208 -0.122555666 77.220901489
-0.130676940 0.067447603 0.989128113 111.863922119 -0.003880562 0.997640848 -0.068540737 -7.378129959 -0.991417289 -0.012795066 -0.130106896 77.075057983
-0.139009163 0.063174628 0.988273919 113.119064331 -0.001879440 0.997944534 -0.064057171 -7.474373817 -0.990289211 -0.010761934 -0.138604701 76.891494751
-0.149836361 0.061179955 0.986816108 114.345741272 0.000330006 0.998086751 -0.061828598 -7.563202858 -0.988710761 -0.008938516 -0.149569869 76.709503174
-0.162887603 0.062022593 0.984693289 115.572448730 0.000884778 0.998030961 -0.062716328 -7.652902603 -0.986644208 -0.009344479 -0.162621751 76.514968872
-0.176907614 0.062194303 0.982260466 116.788398743 0.003001981 0.998030841 -0.062652186 -7.740530968 -0.984222829 -0.008134919 -0.176745996 76.299362183
-0.191348150 0.060118899 0.979679406 118.006835938 0.003075356 0.998154223 -0.060651947 -7.828773499 -0.981517434 -0.008592774 -0.191179797 76.068954468
-0.206487268 0.062722392 0.976436913 119.207351685 0.007291097 0.998014092 -0.062566586 -7.916383266 -0.978422165 -0.005799907 -0.206534490 75.813323975
-0.221876040 0.066107802 0.972831368 120.383422852 0.007230520 0.997783244 -0.066154294 -8.004282951 -0.975048125 -0.007643978 -0.221862197 75.554443359
-0.237278849 0.069932535 0.968921244 121.547966003 0.006935446 0.997502029 -0.070296943 -8.093626022 -0.971416891 -0.009960080 -0.237171099 75.276992798
-0.252692044 0.067856207 0.965164304 122.722442627 0.003851179 0.997600496 -0.069128327 -8.189477921 -0.967539132 -0.013751162 -0.252346963 74.973495483
-0.268898547 0.062194616 0.961158335 123.883094788 -0.001716478 0.997880518 -0.065051019 -8.279532433 -0.963166893 -0.019141940 -0.268221885 74.669296265
-0.284932107 0.057880219 0.956798613 125.073822021 -0.006240672 0.998042047 -0.062233634 -8.368452072 -0.958527386 -0.023703430 -0.284013063 74.342712402
-0.300355405 0.059258748 0.951984763 126.221389771 -0.008256470 0.997869194 -0.064719886 -8.454218864 -0.953791618 -0.027299006 -0.299226165 73.999641418
-0.314240098 0.061571062 0.947344780 127.372642517 -0.007845148 0.997692108 -0.067445576 -8.538359642 -0.949311137 -0.028626163 -0.313031763 73.621765137
-0.328235120 0.063807771 0.942438483 128.508087158 -0.006447746 0.997541249 -0.069784142 -8.628542900 -0.944574118 -0.028982207 -0.327016622 73.237716675
-0.342534930 0.063356191 0.937366426 129.638565063 -0.004280449 0.997608006 -0.068992071 -8.729643822 -0.939495385 -0.027644541 -0.341444314 72.835128784
-0.356517643 0.061322093 0.932273984 130.761871338 -0.004599476 0.997716486 -0.067385606 -8.822504044 -0.934277296 -0.028312130 -0.355421484 72.416687012
-0.371125191 0.060041122 0.926639736 131.885879517 -0.004491097 0.997779667 -0.066449322 -8.917589188 -0.928571999 -0.028822638 -0.370031416 71.974380493
-0.385860771 0.061372325 0.920513451 132.982421875 -0.005951094 0.997598469 -0.069006309 -9.008908272 -0.922537923 -0.032104880 -0.384568810 71.527053833
-0.401109070 0.063266188 0.913843036 134.074462891 -0.005239344 0.997437358 -0.071353175 -9.100867271 -0.916015267 -0.033408344 -0.399749786 71.068252563
-0.415797502 0.065130085 0.907122195 135.168609619 -0.003875027 0.997296572 -0.073380649 -9.193339348 -0.909448922 -0.034026615 -0.414420962 70.577301025
-0.430148482 0.067675486 0.900218010 136.251892090 -0.001217432 0.997141659 -0.075543627 -9.289737701 -0.902757347 -0.033590924 -0.428836584 70.060272217
-0.445037693 0.071049564 0.892689049 137.325363159 -0.001521357 0.996786237 -0.080093153 -9.386377335 -0.895510614 -0.037002567 -0.443499267 69.542297363
-0.459991574 0.072894044 0.884926081 138.388641357 -0.001131653 0.996575654 -0.082679167 -9.492820740 -0.887922525 -0.039033156 -0.458333880 68.991836548
-0.475405961 0.070235930 0.876958370 139.459335327 -0.002483217 0.996697009 -0.081172004 -9.594203949 -0.879763007 -0.040767331 -0.473661333 68.428161621
-0.491410077 0.065690674 0.868447363 140.522369385 -0.005338462 0.996905506 -0.078428194 -9.698614120 -0.870911956 -0.043176591 -0.489538699 67.845512390
-0.507610440 0.065939724 0.859059691 141.583572388 -0.005729252 0.996786714 -0.079896741 -9.800120354 -0.861567736 -0.045478191 -0.505601525 67.235412598
-0.523214579 0.065180317 0.849704802 142.630828857 -0.006873566 0.996715546 -0.080689900 -9.897596359 -0.852173209 -0.048058629 -0.521048009 66.599700928
-0.539160550 0.064203121 0.839752316 143.668914795 -0.007476320 0.996685922 -0.081001602 -9.998755455 -0.842169821 -0.049951140 -0.536893785 65.944175720
-0.554755867 0.063383542 0.829595268 144.705642700 -0.008958265 0.996581078 -0.082132205 -10.107742310 -0.831964850 -0.052995067 -0.552291393 65.273330688
-0.570173979 0.062574387 0.819137335 145.724945068 -0.009564091 0.996521652 -0.082782127 -10.214283943 -0.821468174 -0.055034518 -0.567592382 64.575439453
-0.585046589 0.060525246 0.808737993 146.734893799 -0.009046487 0.996662199 -0.081133604 -10.318136215 -0.810949206 -0.054783188 -0.582546175 63.850879669
-0.599986792 0.057016242 0.797975600 147.738372803 -0.008834877 0.996924102 -0.077874154 -10.425372124 -0.799961090 -0.053773478 -0.597637534 63.110137939
-0.614889562 0.055048347 0.786689639 148.738677979 -0.008630471 0.997031212 -0.076512642 -10.527925491 -0.788565993 -0.053836334 -0.612589002 62.338947296
-0.629300237 0.053768028 0.775300086 149.715911865 -0.009148778 0.997022152 -0.076570667 -10.626977921 -0.777108431 -0.055278998 -0.626934409 61.553279877
-0.644486487 0.054614380 0.762662709 150.699661255 -0.010511497 0.996718705 -0.080257878 -10.736224174 -0.764543414 -0.059741851 -0.641797662 60.754619598
-0.659787238 0.053948320 0.749513447 151.654998779 -0.012612102 0.996484101 -0.082826987 -10.842615128 -0.751346648 -0.064101130 -0.656787038 59.936351776
-0.675646782 0.050631531 0.735484898 152.602905273 -0.014639549 0.996520698 -0.082050011 -10.950872421 -0.737080336 -0.066203974 -0.672554672 59.096347809
-0.691945910 0.042976715 0.720669091 153.532562256 -0.018274972 0.996863961 -0.076994054 -11.060541153 -0.721718073 -0.066445917 -0.688990593 58.234249115
-0.709004045 0.040523935 0.704039156 154.466629028 -0.019326719 0.996855915 -0.076841280 -11.165435791 -0.704939485 -0.068087533 -0.705991805 57.333740234
-0.726304471 0.037842322 0.686330676 155.353225708 -0.020923043 0.996803522 -0.077102564 -11.268318176 -0.687054634 -0.070360079 -0.723191023 56.416275024
-0.743778408 0.033974379 0.667562306 156.230987549 -0.024087546 0.996696413 -0.077562720 -11.375183105 -0.667992115 -0.073769420 -0.740502954 55.475158691
-0.760318756 0.031790111 0.648771763 157.070480347 -0.024013290 0.996743143 -0.076982901 -11.484516144 -0.649106085 -0.074110679 -0.757079124 54.516525269
-0.776249409 0.033938214 0.629511714 157.892822266 -0.021887211 0.996497095 -0.080712199 -11.588735580 -0.630045652 -0.076431066 -0.772787571 53.521598816
-0.791143060 0.034247868 0.610671639 158.685821533 -0.017406825 0.996765971 -0.078451969 -11.703283310 -0.611383438 -0.072696596 -0.787988126 52.506252289
-0.806128860 0.034470912 0.590735078 159.480712891 -0.014496045 0.996851861 -0.077950478 -11.818864822 -0.591562212 -0.071401462 -0.803091466 51.479644775
-0.820535183 0.035610598 0.570485651 160.227996826 -0.012747261 0.996669292 -0.080548160 -11.930333138 -0.571453691 -0.073364735 -0.817348361 50.431888580
-0.834341705 0.036899917 0.550011218 160.951843262 -0.012003921 0.996304333 -0.085050851 -12.047714233 -0.551116765 -0.077563763 -0.830815315 49.372509003
-0.847112358 0.037464827 0.530091584 161.658309937 -0.009099912 0.996342719 -0.084959783 -12.163896561 -0.531335890 -0.076794259 -0.843673348 48.252723694
-0.858660698 0.035663322 0.511302292 162.324523926 -0.007938767 0.996531129 -0.082840063 -12.276412964 -0.512482941 -0.075190619 -0.855398953 47.150573730
-0.869281590 0.037323784 0.492906123 162.972351074 -0.005000906 0.996430218 -0.084271125 -12.394352913 -0.494291931 -0.075720295 -0.865991890 46.042324066
-0.878666520 0.040176991 0.475742608 163.583724976 -0.002225415 0.996097445 -0.088231742 -12.507154465 -0.477430850 -0.078584991 -0.875147998 44.922500610
-0.887594104 0.037719715 0.459079474 164.182800293 -0.004065500 0.995961189 -0.089692250 -12.628492355 -0.460608572 -0.081476711 -0.883855939 43.791007996
-0.895893812 0.035065949 0.442882568 164.770355225 -0.004981252 0.996024668 -0.088938318 -12.753410339 -0.444240630 -0.081885375 -0.892157435 42.649314880
-0.903004706 0.032988418 0.428362399 165.332534790 -0.005936163 0.995994568 -0.089215741 -12.877775192 -0.429589689 -0.083105065 -0.899191976 41.492122650
-0.909643233 0.030996438 0.414232314 165.877639771 -0.006427262 0.996042371 -0.088646591 -13.003386497 -0.415340632 -0.083299160 -0.905843914 40.321823120
-0.915888548 0.028461823 0.400422484 166.401443481 -0.007564917 0.996082485 -0.088104315 -13.123642921 -0.401361406 -0.083722889 -0.912085235 39.152034760
-0.921336651 0.023824219 0.388035059 166.914199829 -0.009766916 0.996386886 -0.084365465 -13.247859955 -0.388642967 -0.081518911 -0.917775095 37.931518555
-0.926488459 0.020691941 0.375754029 167.416366577 -0.010671290 0.996641099 -0.081194773 -13.361948013 -0.376171976 -0.079235800 -0.923155606 36.746334076
-0.930800676 0.021094335 0.364918202 167.899658203 -0.007912487 0.996936619 -0.077811025 -13.480134010 -0.365441769 -0.075313978 -0.927782297 35.530799866
-0.934206307 0.025162796 0.355844647 168.375885010 -0.003496146 0.996815383 -0.079666190 -13.593172073 -0.356716067 -0.075668752 -0.931143343 34.337902069
-0.936596572 0.030131796 0.349111378 168.831527710 0.001852690 0.996707916 -0.081055425 -13.704415321 -0.350404412 -0.075269461 -0.933569133 33.139427185
-0.938534260 0.033352006 0.343571067 169.280319214 0.004967934 0.996523201 -0.083166130 -13.823684692 -0.345150292 -0.076347418 -0.935436964 31.922454834
-0.940093577 0.031017473 0.339502633 169.724792480 0.003129745 0.996595740 -0.082384139 -13.936683655 -0.340902209 -0.076386243 -0.936990321 30.673435211
-0.941850245 0.023582855 0.335204601 170.167709351 -0.003123943 0.996876776 -0.078911461 -14.046738625 -0.336018622 -0.075369932 -0.938834906 29.470109940
-0.943987906 0.016992338 0.329542160 170.626235962 -0.008736221 0.997036278 -0.076435931 -14.165661812 -0.329864293 -0.075033560 -0.941041768 28.266883850
-0.945303857 0.010493444 0.326022148 171.056930542 -0.015956700 0.996798158 -0.078349844 -14.269521713 -0.325800329 -0.079266638 -0.942109823 26.990482330
-0.946759462 0.007665760 0.321850657 171.491348267 -0.019484377 0.996519446 -0.081050344 -14.377199173 -0.321351707 -0.083006211 -0.943314970 25.787015915
-0.947421312 0.007773021 0.319894463 171.907791138 -0.020016013 0.996307552 -0.083489731 -14.490927696 -0.319362372 -0.085502960 -0.943767428 24.573701859
-0.947678864 0.008535082 0.319111198 172.323684692 -0.019839117 0.996135473 -0.085560165 -14.604435921 -0.318608284 -0.087414429 -0.943847179 23.369327545
-0.947835743 0.011069577 0.318567067 172.741790771 -0.017554495 0.996067464 -0.086841434 -14.730399132 -0.318275571 -0.087903693 -0.943913937 22.167945862
-0.947053969 0.012212160 0.320842266 173.156631470 -0.017246582 0.995898843 -0.088814713 -14.845959663 -0.320611060 -0.089645766 -0.942959368 20.909431458
-0.946806431 0.013307336 0.321528465 173.580429077 -0.016761573 0.995749056 -0.090569653 -14.970916748 -0.321366996 -0.091141246 -0.942558527 19.701519012
-0.946016967 0.014781777 0.323780000 173.999771118 -0.015173869 0.995844305 -0.089798912 -15.097091675 -0.323761791 -0.089864291 -0.941861331 18.492996216
-0.945202529 0.014297212 0.326171517 174.423538208 -0.015968397 0.995820522 -0.089924552 -15.223644257 -0.326093942 -0.090205356 -0.941023767 17.280834198
-0.943966508 0.012930925 0.329788119 174.848754883 -0.017767290 0.995792150 -0.089900889 -15.349594116 -0.329562813 -0.090722851 -0.939764857 16.095939636
-0.942588747 0.011391560 0.333761513 175.287918091 -0.018826324 0.996016085 -0.087163016 -15.476433754 -0.333424717 -0.088442393 -0.938619196 14.912776947
-0.940426826 0.009425350 0.339865625 175.726409912 -0.020623181 0.996193588 -0.084692486 -15.595772743 -0.339370221 -0.086656198 -0.936652958 13.713321686
-0.938002169 0.006505915 0.346568793 176.170761108 -0.023059607 0.996437788 -0.081117228 -15.717121124 -0.345861971 -0.084079854 -0.934510589 12.534538269
-0.935517967 0.008504630 0.353176653 176.625427246 -0.021572497 0.996469378 -0.081138037 -15.827837944 -0.352619797 -0.083524995 -0.932031512 11.363410950
-0.932154059 0.009057860 0.361948609 177.076843262 -0.021716272 0.996488452 -0.080864966 -15.943941116 -0.361410141 -0.083238795 -0.928684056 10.189277649
-0.928553879 0.011676819 0.371013939 177.545288086 -0.020714687 0.996317446 -0.083200447 -16.055749893 -0.370619178 -0.084941544 -0.924892604 9.040840149
-0.924353182 0.012939331 0.381318539 178.031494141 -0.019995667 0.996408343 -0.082282700 -16.170452118 -0.381013662 -0.083682992 -0.920774460 7.864696503
-0.919349313 0.015199892 0.393148541 178.530715942 -0.019124936 0.996345699 -0.083242945 -16.285936356 -0.392977208 -0.084048301 -0.915699065 6.699237823
-0.914020479 0.016764341 0.405321509 179.052429199 -0.019051500 0.996269405 -0.084168412 -16.402427673 -0.405220419 -0.084653638 -0.910291195 5.572933197
-0.908008575 0.018844059 0.418527484 179.584899902 -0.017831663 0.996344209 -0.083546422 -16.520935059 -0.418571860 -0.083323911 -0.904353201 4.428245544
-0.901372194 0.018556908 0.432647377 180.134567261 -0.018702278 0.996481061 -0.081704669 -16.623409271 -0.432641178 -0.081737831 -0.897853315 3.250991821
-0.895155966 0.021020334 0.445257157 180.706756592 -0.017167279 0.996520579 -0.081558704 -16.743318558 -0.445422381 -0.080651611 -0.891680539 2.121955872
-0.888143182 0.023467859 0.458967119 181.270507812 -0.015512500 0.996595263 -0.080975905 -16.848239899 -0.459304839 -0.079037942 -0.884755373 1.006820679
-0.880662560 0.024631737 0.473103374 181.860366821 -0.014624251 0.996757984 -0.079117842 -16.950424194 -0.473518252 -0.076594904 -0.877447307 -0.099792480
-0.873354256 0.026236212 0.486378431 182.472457886 -0.012726303 0.996978283 -0.076630674 -17.056144714 -0.486919254 -0.073115513 -0.870381355 -1.184738159
-0.864579201 0.029484071 0.501630843 183.086349487 -0.009139397 0.997189343 -0.074363321 -17.165494919 -0.502413392 -0.068877585 -0.861879766 -2.277763367
-0.856116831 0.032435272 0.515763640 183.724121094 -0.006419389 0.997283936 -0.073372625 -17.264900208 -0.516742587 -0.066126406 -0.853583336 -3.309059143
-0.845442176 0.035510015 0.532885075 184.360565186 -0.003318295 0.997418642 -0.071729869 -17.366428375 -0.534056664 -0.062411737 -0.843141913 -4.348304749
-0.834905505 0.038190220 0.549066842 185.020721436 -0.000854845 0.997498691 -0.070680633 -17.464576721 -0.550392807 -0.059481017 -0.832784355 -5.350639343
-0.823261321 0.039734010 0.566270411 185.704681396 0.000760641 0.997623682 -0.068895280 -17.574623108 -0.567662239 -0.056288112 -0.821335018 -6.369514465
-0.812310040 0.041388217 0.581755638 186.420562744 0.001237906 0.997598886 -0.069244318 -17.666893005 -0.583224654 -0.055527698 -0.810410678 -7.339141846
-0.799125016 0.044165924 0.599540353 187.151336670 0.003527296 0.997624993 -0.068789795 -17.760761261 -0.601154566 -0.052856915 -0.797382772 -8.335197449
-0.785534739 0.044863362 0.617189229 187.903518677 0.004858742 0.997784853 -0.066344768 -17.854099274 -0.618798554 -0.049117360 -0.784012675 -9.292205811
-0.770198822 0.047075324 0.636064053 188.669113159 0.007384146 0.997863710 -0.064910881 -17.943344116 -0.637761116 -0.045297507 -0.768901229 -10.232536316
