1.000000000 -0.000000000 -0.000000000 -0.000000060 -0.000000000 0.999999940 0.000000000 0.000000000 -0.000000000 0.000000000 1.000000000 0.000000000
0.999997675 -0.001602103 -0.001433305 -0.002536511 0.001600780 0.999998212 -0.000923258 -0.007778333 0.001434781 0.000920961 0.999998569 0.564008296
0.999995410 -0.001837588 -0.002412330 -0.007704300 0.001831380 0.999994934 -0.002572936 -0.017714767 0.002417045 0.002568507 0.999993801 1.119517207
0.999986529 -0.002509758 -0.004537821 -0.009179135 0.002493674 0.999990523 -0.003546371 -0.035239980 0.004546678 0.003535007 0.999983430 1.684655547
0.999970376 -0.004322938 -0.006371479 -0.020142352 0.004287472 0.999975264 -0.005569449 -0.040876392 0.006395397 0.005541966 0.999964178 2.251872778
0.999951363 -0.006911083 -0.007038607 -0.041019402 0.006861151 0.999951243 -0.007093606 -0.064552888 0.007087288 0.007044968 0.999950051 2.796565771
0.999930084 -0.008146791 -0.008557197 -0.047112733 0.008081419 0.999938011 -0.007646273 -0.078438237 0.008618958 0.007576583 0.999934137 3.367317200
0.999917746 -0.008121531 -0.009919643 -0.058096774 0.008051783 0.999942660 -0.007051096 -0.090096146 0.009976340 0.006970646 0.999925971 3.950415611
0.999904454 -0.008510918 -0.010881713 -0.069839999 0.008429825 0.999936402 -0.007476673 -0.104345180 0.010944653 0.007384231 0.999912798 4.542965412
0.999893963 -0.008043886 -0.012131318 -0.079370826 0.007920967 0.999917150 -0.010146438 -0.120623305 0.012211928 0.010049272 0.999874890 5.135308266
0.999892414 -0.006253258 -0.013263872 -0.095761091 0.006068817 0.999885023 -0.013900461 -0.136127293 0.013349269 0.013818473 0.999815404 5.738390923
0.999879539 -0.005116652 -0.014652053 -0.110106274 0.004857921 0.999832511 -0.017639767 -0.148016572 0.014739858 0.017566463 0.999737084 6.351730824
0.999870896 -0.003123378 -0.015757132 -0.128026277 0.002845498 0.999840558 -0.017626803 -0.162221417 0.015809674 0.017579691 0.999720514 6.983050823
0.999850810 -0.001185901 -0.017227160 -0.136472195 0.001000206 0.999941289 -0.010783759 -0.171049014 0.017238941 0.010764920 0.999793410 7.622377872
0.999846458 -0.000060978 -0.017520631 -0.158022255 0.000058917 1.000000000 -0.000118117 -0.185203820 0.017520636 0.000117069 0.999846458 8.280977249
0.999825656 0.000632768 -0.018657628 -0.172897145 -0.000512587 0.999979019 0.006445476 -0.194782436 0.018661315 -0.006434785 0.999805093 8.970057487
0.999795914 0.003011889 -0.019977484 -0.191183284 -0.002907075 0.999981880 0.005273498 -0.208205134 0.019993002 -0.005214345 0.999786615 9.649185181
0.999779403 0.005013663 -0.020397495 -0.218558520 -0.005053692 0.999985337 -0.001911378 -0.214414358 0.020387620 0.002014039 0.999790072 10.343070030
0.999755442 0.004712459 -0.021609629 -0.236887231 -0.004882364 0.999957502 -0.007816449 -0.214280754 0.021571878 0.007920042 0.999735892 11.050887108
0.999735177 0.002319910 -0.022899687 -0.251112700 -0.002463286 0.999977529 -0.006234802 -0.216359153 0.022884710 0.006289558 0.999718249 11.790674210
0.999731541 0.001865453 -0.023093214 -0.273786336 -0.001794464 0.999993622 0.003094382 -0.229545638 0.023098839 -0.003052112 0.999728560 12.546175003
0.999724746 0.001564980 -0.023407172 -0.295643240 -0.001318746 0.999943614 0.010531366 -0.234828815 0.023422334 -0.010497599 0.999670565 13.322129250
0.999713361 0.000556565 -0.023930127 -0.319106430 -0.000245842 0.999915659 0.012985574 -0.236200303 0.023935331 -0.012975970 0.999629378 14.113255501
0.999708593 -0.001148479 -0.024110833 -0.337472945 0.001437340 0.999927342 0.011966661 -0.235833108 0.024095334 -0.011997830 0.999637723 14.916935921
0.999719739 -0.001767055 -0.023606539 -0.358680755 0.001993016 0.999952376 0.009551874 -0.236038670 0.023588540 -0.009596245 0.999675691 15.747466087
0.999738038 0.000966989 -0.022863669 -0.385766655 -0.000823098 0.999979794 0.006301969 -0.237713769 0.022869302 -0.006281500 0.999718726 16.583738327
0.999750555 -0.002378526 -0.022208048 -0.404346883 0.002387016 0.999997079 0.000355777 -0.238982797 0.022207137 -0.000408698 0.999753356 17.441709518
0.999756217 -0.005183861 -0.021459069 -0.421412677 0.005062731 0.999970913 -0.005695195 -0.250265539 0.021487972 0.005585167 0.999753594 18.309597015
0.999780059 -0.004098815 -0.020566372 -0.437809587 0.003869114 0.999929786 -0.011196148 -0.260972321 0.020610824 0.011114112 0.999725699 19.225629807
0.999791682 -0.002991725 -0.020191658 -0.463721097 0.002750359 0.999924541 -0.011970955 -0.276322484 0.020225951 0.011912925 0.999724388 20.131191254
0.999774754 -0.002943861 -0.021017577 -0.480113775 0.002702955 0.999930382 -0.011481297 -0.293955326 0.021049913 0.011421899 0.999713182 21.069189072
0.999782085 -0.001161799 -0.020841068 -0.509840786 0.000895231 0.999917746 -0.012795309 -0.319487184 0.020854222 0.012773863 0.999700963 22.007896423
0.999786139 0.001963211 -0.020585770 -0.528396726 -0.002272243 0.999884903 -0.014999305 -0.339819580 0.020553958 0.015042875 0.999675572 22.978570938
0.999766052 0.005143392 -0.021007372 -0.553567410 -0.005474836 0.999860942 -0.015750533 -0.363494724 0.020923438 0.015861860 0.999655247 23.944103241
0.999759853 0.006876627 -0.020804543 -0.585034370 -0.007204989 0.999849975 -0.015749566 -0.389535546 0.020693118 0.015895683 0.999659538 24.919475555
0.999749303 0.007970037 -0.020920422 -0.616520941 -0.008304097 0.999838591 -0.015930120 -0.415100455 0.020790080 0.016099855 0.999654174 25.901903152
0.999741137 0.007404826 -0.021509247 -0.631122947 -0.007747905 0.999843419 -0.015910974 -0.440691292 0.021388059 0.016073510 0.999642015 26.888305664
0.999723554 0.008997923 -0.021726819 -0.654790878 -0.009314058 0.999851465 -0.014493490 -0.477769256 0.021593181 0.014691846 0.999658883 27.910089493
0.999715269 0.009631575 -0.021832537 -0.683779776 -0.009902357 0.999874830 -0.012328709 -0.505940676 0.021711061 0.012541393 0.999685645 28.924066544
0.999700129 0.010266606 -0.022229895 -0.710217416 -0.010515550 0.999882877 -0.011110911 -0.533965826 0.022113223 0.011341338 0.999691129 29.946609497
0.999691784 0.010545243 -0.022475613 -0.733056366 -0.010821498 0.999866843 -0.012205369 -0.557883501 0.022343911 0.012444825 0.999672890 30.985250473
0.999683797 0.011634891 -0.022291932 -0.769583583 -0.011933196 0.999840379 -0.013295790 -0.586103559 0.022133678 0.013557603 0.999663115 32.006221771
0.999673605 0.011247354 -0.022939244 -0.795442641 -0.011532968 0.999857068 -0.012356820 -0.612783372 0.022796983 0.012617341 0.999660492 33.041915894
0.999663532 0.011107134 -0.023441337 -0.824912608 -0.011345259 0.999885142 -0.010049872 -0.633572936 0.023327019 0.010312440 0.999674678 34.096168518
0.999654889 0.011221517 -0.023750903 -0.862070560 -0.011369593 0.999916673 -0.006108725 -0.662162781 0.023680374 0.006376657 0.999699295 35.137664795
0.999644041 0.011267158 -0.024182517 -0.889575899 -0.011364713 0.999927759 -0.003900399 -0.683501363 0.024136834 0.004173839 0.999699950 36.233947754
0.999630332 0.011569583 -0.024600985 -0.921921074 -0.011658516 0.999925971 -0.003474542 -0.700922966 0.024558967 0.003760070 0.999691367 37.306770325
0.999620318 0.010875290 -0.025317645 -0.950776398 -0.010997493 0.999928534 -0.004692464 -0.725051105 0.025264803 0.004969114 0.999668419 38.395156860
0.999602556 0.011404782 -0.025780452 -0.989892721 -0.011545729 0.999919236 -0.005324916 -0.743165195 0.025717642 0.005620454 0.999653459 39.474052429
0.999583900 0.010618151 -0.026819343 -1.015743136 -0.010734839 0.999933481 -0.004210676 -0.766339779 0.026772842 0.004496825 0.999631524 40.565937042
0.999547958 0.011282706 -0.027865736 -1.049378276 -0.011361404 0.999931872 -0.002667540 -0.779282153 0.027833737 0.002982929 0.999608099 41.652511597
0.999551833 0.010631931 -0.027984297 -1.093696117 -0.010623925 0.999943435 0.000434729 -0.810280979 0.027987337 -0.000137231 0.999608219 42.742992401
0.999520838 0.012147227 -0.028471166 -1.133465528 -0.012142288 0.999926150 0.000346424 -0.832598567 0.028473273 -0.000000551 0.999594450 43.820812225
0.999486983 0.013335129 -0.029118782 -1.159890056 -0.013445916 0.999903083 -0.003612236 -0.853041768 0.029067786 0.004001912 0.999569476 44.904136658
0.999473512 0.014485214 -0.029032042 -1.198600888 -0.014719347 0.999860644 -0.007867253 -0.872514367 0.028914038 0.008290445 0.999547541 45.988098145
0.999463975 0.014952000 -0.029121656 -1.237205505 -0.015192868 0.999852002 -0.008067420 -0.897842228 0.028996725 0.008505537 0.999543309 47.065162659
0.999453306 0.015710330 -0.029089548 -1.273604155 -0.015873963 0.999859393 -0.005402742 -0.923325896 0.029000578 0.005861555 0.999562204 48.169425964
0.999460459 0.016165752 -0.028590223 -1.317080140 -0.016265467 0.999862373 -0.003258499 -0.946576118 0.028533610 0.003721775 0.999585927 49.261142731
0.999487579 0.014658290 -0.028456595 -1.353721023 -0.014719647 0.999889731 -0.001947877 -0.968607068 0.028424904 0.002365750 0.999593139 50.349212646
0.999486685 0.014576349 -0.028529212 -1.381564856 -0.014657724 0.999889135 -0.002645241 -0.992826402 0.028487492 0.003062057 0.999589503 51.439838409
0.999509037 0.014010519 -0.028025443 -1.426109552 -0.014149201 0.999888599 -0.004756180 -1.012947559 0.027955683 0.005150382 0.999595940 52.528240204
0.999519646 0.014164933 -0.027563242 -1.457544088 -0.014355328 0.999874294 -0.006722020 -1.041170120 0.027464556 0.007114470 0.999597430 53.614753723
0.999538600 0.013347534 -0.027282959 -1.491357923 -0.013607744 0.999863386 -0.009374201 -1.066145182 0.027154109 0.009741137 0.999583721 54.710536957
0.999560118 0.012191714 -0.027037565 -1.525951505 -0.012537029 0.999841452 -0.012639198 -1.102509499 0.026879184 0.012972607 0.999554455 55.791866302
0.999586403 0.009823069 -0.027028598 -1.551340103 -0.010207351 0.999848187 -0.014116636 -1.134020567 0.026885828 0.014386685 0.999534965 56.873325348
0.999606967 0.008256761 -0.026792817 -1.583795667 -0.008573856 0.999894202 -0.011741864 -1.165730000 0.026693041 0.011966965 0.999572039 57.960544586
0.999621391 0.007030547 -0.026602823 -1.613359690 -0.007186885 0.999957323 -0.005785666 -1.193420887 0.026561014 0.005974664 0.999629319 59.052635193
0.999639153 0.005306183 -0.026328072 -1.646530628 -0.005310775 0.999985874 -0.000104540 -1.215391040 0.026327144 0.000244324 0.999653399 60.162189484
0.999642074 0.003593171 -0.026507925 -1.674156189 -0.003582780 0.999993503 0.000439451 -1.232687235 0.026509328 -0.000344322 0.999648511 61.254226685
0.999656081 0.000495251 -0.026213113 -1.703253627 -0.000561319 0.999996722 -0.002513210 -1.251590490 0.026211776 0.002527060 0.999653280 62.343975067
0.999659956 -0.000828549 -0.026067128 -1.737792134 0.000674776 0.999982297 -0.005907389 -1.271620989 0.026071571 0.005887791 0.999642730 63.444919586
0.999661028 0.001229077 -0.026006421 -1.776503205 -0.001482872 0.999951422 -0.009741918 -1.299960375 0.025993181 0.009777180 0.999614358 64.531234741
0.999662280 0.001563778 -0.025939627 -1.807071209 -0.001929731 0.999898911 -0.014088854 -1.326484203 0.025914973 0.014134152 0.999564171 65.615142822
0.999670565 0.004255639 -0.025310151 -1.842334032 -0.004630534 0.999880195 -0.014771873 -1.356777072 0.025244260 0.014884207 0.999570429 66.716598511
0.999666095 0.008164803 -0.024518436 -1.881124258 -0.008436862 0.999903738 -0.011013348 -1.391098261 0.024426155 0.011216530 0.999638677 67.832664490
0.999657512 0.009446124 -0.024407512 -1.914841175 -0.009663251 0.999914587 -0.008793468 -1.418294787 0.024322364 0.009026313 0.999663353 68.926452637
0.999663949 0.008590827 -0.024460500 -1.942359567 -0.008790162 0.999928892 -0.008053620 -1.446220160 0.024389572 0.008265924 0.999668300 70.020576477
0.999674678 0.007548970 -0.024361635 -1.977346301 -0.007733075 0.999942183 -0.007471807 -1.473268986 0.024303824 0.007657768 0.999675333 71.145668030
0.999679387 0.006552291 -0.024459885 -2.008472681 -0.006694102 0.999961257 -0.005720332 -1.504770041 0.024421459 0.005882235 0.999684453 72.238739014
0.999677420 0.004897555 -0.024924085 -2.037918329 -0.004998161 0.999979675 -0.003975742 -1.527302146 0.024904108 0.004099034 0.999681473 73.337387085
0.999662757 0.003956797 -0.025664024 -2.069872141 -0.004018550 0.999989271 -0.002355118 -1.552444935 0.025654431 0.002457456 0.999667764 74.446502686
0.999660969 0.003347461 -0.025823895 -2.106510639 -0.003436290 0.999988317 -0.003396193 -1.579249263 0.025812229 0.003483779 0.999660671 75.536758423
0.999637902 0.003166057 -0.026717171 -2.131884575 -0.003365545 0.999966860 -0.007425012 -1.602160692 0.026692776 0.007512242 0.999615490 76.605957031
0.999617338 0.004222514 -0.027336771 -2.172051907 -0.004476602 0.999947309 -0.009240207 -1.635719419 0.027296312 0.009359050 0.999583602 77.712341309
0.999591470 0.006081357 -0.027927028 -2.207828522 -0.006290854 0.999952674 -0.007419818 -1.661179543 0.027880587 0.007592470 0.999582410 78.793464661
0.999567032 0.007246899 -0.028519846 -2.246167183 -0.007344299 0.999967515 -0.003311820 -1.684809208 0.028494928 0.003519844 0.999587715 79.887718201
0.999538541 0.008351987 -0.029206619 -2.282657623 -0.008337018 0.999965072 0.000634280 -1.706555605 0.029210897 -0.000390491 0.999573112 80.960029602
0.999513388 0.009485533 -0.029715097 -2.324714899 -0.009449333 0.999954402 0.001358377 -1.731042624 0.029726626 -0.001076928 0.999557495 82.041831970
0.999505758 0.009091890 -0.030092688 -2.364589214 -0.009110930 0.999958336 -0.000495644 -1.756447554 0.030086925 0.000769572 0.999546945 83.115287781
0.999500155 0.009148081 -0.030262597 -2.406586885 -0.009190889 0.999956965 -0.001275758 -1.774740934 0.030249625 0.001553261 0.999541163 84.181632996
0.999482989 0.009068714 -0.030847279 -2.445643425 -0.009119882 0.999957204 -0.001518460 -1.795589685 0.030832192 0.001798999 0.999522924 85.247093201
0.999458432 0.007166766 -0.032114364 -2.469521523 -0.007210884 0.999973297 -0.001258242 -1.818155766 0.032104481 0.001489134 0.999483407 86.271324158
0.999452591 0.005944932 -0.032545552 -2.506949425 -0.005951436 0.999982238 -0.000103019 -1.835764289 0.032544356 0.000296656 0.999470234 87.295082092
0.999432743 0.006143428 -0.033113565 -2.545340776 -0.006059226 0.999978125 0.002642561 -1.858004212 0.033129074 -0.002440420 0.999448121 88.307472229
0.999399722 0.005148856 -0.034257427 -2.579631805 -0.005017283 0.999979615 0.003925579 -1.884301066 0.034276944 -0.003751344 0.999405324 89.285881042
0.999336123 0.004017093 -0.036209155 -2.628084660 -0.003871973 0.999984086 0.004077055 -1.901638150 0.036224961 -0.003934146 0.999335945 90.266090393
0.999212623 0.003378597 -0.039530963 -2.667880535 -0.003266069 0.999990404 0.002910808 -1.918997288 0.039540421 -0.002779405 0.999214172 91.199264526
0.999073505 0.002690834 -0.042951558 -2.713030100 -0.002602484 0.999994397 0.002112760 -1.937666416 0.042957004 -0.001999022 0.999074936 92.118247986
0.998941898 0.002785265 -0.045905884 -2.763155937 -0.002657061 0.999992430 0.002853550 -1.959795594 0.045913476 -0.002728556 0.998941660 93.013237000
0.998786509 0.003975026 -0.049087763 -2.811657906 -0.003787915 0.999985218 0.003904210 -1.976798773 0.049102549 -0.003713532 0.998786747 93.878868103
0.998632550 0.004824350 -0.052055702 -2.862164497 -0.004567232 0.999976695 0.005057113 -1.994465947 0.052078892 -0.004812448 0.998631358 94.722930908
0.998449922 0.006249854 -0.055305187 -2.910499573 -0.005894899 0.999961019 0.006578889 -2.007650375 0.055344146 -0.006242673 0.998447835 95.540214539
0.998315215 0.007681819 -0.057511955 -2.971005201 -0.007269433 0.999946415 0.007376187 -2.022385120 0.057565544 -0.006945680 0.998317420 96.326454163
0.998127341 0.009564473 -0.060418461 -3.014202356 -0.009101815 0.999927044 0.007928182 -2.039419413 0.060489893 -0.007363418 0.998141587 97.093215942
0.997921646 0.011215722 -0.063455231 -3.063739061 -0.010804602 0.999918342 0.006818368 -2.052856207 0.063526534 -0.006118588 0.997961342 97.824363708
0.997755885 0.012601370 -0.065760680 -3.122564793 -0.012421946 0.999917865 0.003136626 -2.070620060 0.065794826 -0.002312711 0.997830510 98.519859314
0.997556746 0.015227934 -0.068182014 -3.183607101 -0.015312313 0.999882400 -0.000715076 -2.081245661 0.068163104 0.001757353 0.997672617 99.194053650
0.997371614 0.017059878 -0.070420027 -3.228868484 -0.017343033 0.999843776 -0.003411474 -2.099983454 0.070350826 0.004623804 0.997511566 99.829154968
0.997299910 0.018773053 -0.070995837 -3.284708261 -0.019119928 0.999808490 -0.004209389 -2.116697788 0.070903204 0.005555458 0.997467935 100.453063965
0.997316301 0.021284949 -0.070051037 -3.335930109 -0.021601422 0.999759674 -0.003763266 -2.130852222 0.069954082 0.005266369 0.997536421 101.038246155
0.997452259 0.025289675 -0.066702761 -3.388482094 -0.025493730 0.999672651 -0.002209720 -2.147959232 0.066625021 0.003904593 0.997770488 101.608428955
0.997707307 0.027492993 -0.061841317 -3.413869858 -0.027589135 0.999619186 -0.000701222 -2.164771795 0.061798476 0.002405762 0.998085797 102.156013489
0.998100042 0.028464627 -0.054644126 -3.440908670 -0.028441802 0.999594688 0.001195488 -2.175018311 0.054655999 0.000360961 0.998505175 102.684089661
0.998592317 0.028096044 -0.044988215 -3.455759287 -0.027955202 0.999602199 0.003756721 -2.192697287 0.045075852 -0.002493778 0.998980522 103.173606873
0.999057412 0.027805578 -0.033331212 -3.464214802 -0.027652824 0.999604940 0.005035130 -2.204981565 0.033458039 -0.004108683 0.999431729 103.658035278
0.999453604 0.026560938 -0.019671185 -3.462677717 -0.026464190 0.999636352 0.005162469 -2.216449022 0.019801149 -0.004639067 0.999793231 104.112335205
0.999639571 0.026495388 -0.004305898 -3.457139254 -0.026477082 0.999640226 0.004254642 -2.226881027 0.004417077 -0.004139102 0.999981701 104.549606323
0.999594688 0.025017925 0.013587026 -3.440371990 -0.025036601 0.999685645 0.001205789 -2.236320496 -0.013552593 -0.001545473 0.999907017 104.975914001
0.999096811 0.024623832 0.034630686 -3.405422688 -0.024525419 0.999693751 -0.003263910 -2.250428200 -0.034700457 0.002411630 0.999394834 105.388198853
0.998028755 0.022423619 0.058615614 -3.355762959 -0.021974079 0.999724030 -0.008302718 -2.258635521 -0.058785625 0.006998330 0.998246253 105.793205261
0.996088624 0.020323006 0.085990563 -3.302595139 -0.019439626 0.999749362 -0.011098055 -2.269180298 -0.086194575 0.009383025 0.996234179 106.189918518
0.993131042 0.017430311 0.115702301 -3.226416588 -0.016130712 0.999795794 -0.012159226 -2.282239437 -0.115890630 0.010209344 0.993209541 106.588485718
0.988872170 0.015035870 0.148005962 -3.144304276 -0.013095073 0.999815047 -0.014078746 -2.294786930 -0.148190320 0.011983933 0.988886297 106.958007812
0.982888222 0.012155985 0.183801711 -3.043552399 -0.009521921 0.999838948 -0.015206879 -2.318810463 -0.183956981 0.013196518 0.982845724 107.334594727
0.974870384 0.008725991 0.222601861 -2.943485260 -0.005340640 0.999860764 -0.015805544 -2.331363440 -0.222708821 0.014219522 0.974781275 107.654350281
0.964792967 0.006647106 0.262926280 -2.818790436 -0.002368924 0.999859631 -0.016585073 -2.346826077 -0.262999594 0.015378310 0.964673400 108.007957458
0.952400386 0.007726685 0.304752201 -2.682739258 -0.002500447 0.999843061 -0.017535714 -2.362909794 -0.304839820 0.015939003 0.952270210 108.345832825
0.936985731 0.009397650 0.349241138 -2.541328430 -0.003389519 0.999835610 -0.017810538 -2.378828049 -0.349351108 0.015504463 0.936863661 108.666114807
0.919349074 0.010336903 0.393307149 -2.364345551 -0.003838629 0.999842882 -0.017305149 -2.381823063 -0.393424213 0.014399711 0.919244230 108.983924866
0.898789346 0.008827116 0.438291997 -2.187011719 -0.002162066 0.999874353 -0.015703607 -2.397619963 -0.438375533 0.013166619 0.898695409 109.287780762
0.875480711 0.007557239 0.483194172 -1.993373871 0.000287731 0.999869406 -0.016159454 -2.411001444 -0.483253181 0.014286318 0.875364065 109.578918457
0.850262463 0.008392079 0.526292086 -1.776374817 0.001513863 0.999829769 -0.018388705 -2.424345016 -0.526356697 0.016431961 0.850105047 109.863830566
0.822338164 0.011142658 0.568889916 -1.548080444 0.001785368 0.999752760 -0.022162596 -2.439072847 -0.568996310 0.019240823 0.822114944 110.147949219
0.792187810 0.014417759 0.610107005 -1.308101654 0.000982380 0.999689460 -0.024899749 -2.467740536 -0.610276580 0.020324636 0.791927695 110.396820068
0.758071482 0.020921117 0.651835859 -1.056423187 -0.002509835 0.999571443 -0.029163044 -2.475661755 -0.652166665 0.020471670 0.757799149 110.652351379
0.720575452 0.025535084 0.692906141 -0.785293579 -0.004382407 0.999469340 -0.032275196 -2.481803894 -0.693362653 0.020220121 0.720305085 110.897705078
0.681218028 0.025986183 0.731619239 -0.491416931 -0.002644910 0.999450684 -0.033036515 -2.498086929 -0.732075810 0.020570006 0.680912614 111.120918274
0.640552878 0.023115868 0.767565966 -0.178638458 0.001927048 0.999495268 -0.031708770 -2.509708643 -0.767911673 0.021790285 0.640184999 111.315696716
0.596412301 0.021140495 0.802399814 0.148677826 0.003821428 0.999566913 -0.029175593 -2.514425516 -0.802669108 0.020466998 0.596073389 111.515396118
0.550795615 0.019693151 0.834407747 0.468559265 0.004177168 0.999643981 -0.026350314 -2.533609867 -0.834629714 0.017999100 0.550517261 111.663879395
0.502544284 0.017189078 0.864380538 0.826541901 0.005984539 0.999709129 -0.023359587 -2.543148041 -0.864530802 0.016912149 0.502295375 111.829833984
0.451605558 0.013478633 0.892115831 1.197479248 0.008996413 0.999766171 -0.019659230 -2.552260876 -0.892172337 0.016904064 0.451378822 111.979431152
0.398917794 0.013492897 0.916887462 1.555202484 0.005218931 0.999842048 -0.016984303 -2.578841448 -0.916971803 0.011560513 0.398784459 112.113059998
0.348098963 0.018647529 0.937272251 1.956604004 0.001775469 0.999787152 -0.020550700 -2.584602594 -0.937456131 0.008817777 0.347991884 112.230468750
0.297529876 0.023954874 0.954411924 2.333530426 0.000296948 0.999682724 -0.025183700 -2.601300240 -0.954712451 0.007776316 0.297428370 112.319633484
0.250850677 0.026064672 0.967674851 2.740119934 0.001998811 0.999621391 -0.027443316 -2.612692595 -0.968023658 0.008818373 0.250703573 112.390655518
0.209829569 0.025754537 0.977398694 3.160284042 0.008850946 0.999561965 -0.028238675 -2.629834652 -0.977697909 0.014576213 0.209509686 112.436813354
0.174755573 0.025514958 0.984281182 3.597032547 0.017533399 0.999424994 -0.029020514 -2.640951157 -0.984455705 0.022329293 0.174207747 112.473602295
0.144167215 0.026723951 0.989192367 4.050848007 0.021806048 0.999306738 -0.030175263 -2.655679703 -0.989313066 0.025920663 0.143484533 112.511627197
0.115861386 0.024836324 0.992954910 4.522248268 0.019854937 0.999429643 -0.027315017 -2.675758123 -0.993066907 0.022879811 0.115302145 112.559371948
0.090608299 0.021577755 0.995652854 5.046795845 0.013638130 0.999644637 -0.022905389 -2.690163374 -0.995793283 0.015654260 0.090281814 112.603759766
0.066818215 0.017739678 0.997607470 5.515250206 0.008339525 0.999797046 -0.018337181 -2.705175638 -0.997730315 0.009544830 0.066656716 112.633338928
0.044171333 0.015206057 0.998908162 6.039690495 0.012486919 0.999797583 -0.015771763 -2.723960161 -0.998945892 0.013169946 0.043972515 112.638946533
0.024016954 0.016142480 0.999581218 6.577110291 0.019943917 0.999662936 -0.016622992 -2.738727331 -0.999512672 0.020334797 0.023686912 112.623619080
0.006623510 0.018560249 0.999805868 7.129580498 0.025091913 0.999509752 -0.018720986 -2.755020380 -0.999663174 0.025211038 0.006154556 112.606346130
-0.008350886 0.023652848 0.999685407 7.735406876 0.024047157 0.999435782 -0.023446068 -2.775617838 -0.999675930 0.023843795 -0.008914948 112.616378784
-0.018578522 0.028628619 0.999417424 8.339164734 0.023158288 0.999334097 -0.028195735 -2.777674675 -0.999559164 0.022620963 -0.019229142 112.597702026
-0.025228474 0.028222183 0.999283254 8.959449768 0.025057433 0.999305189 -0.027590191 -2.795803785 -0.999367535 0.024343416 -0.025918124 112.581237793
-0.027852681 0.025399894 0.999289215 9.605155945 0.031455345 0.999204278 -0.024520999 -2.810639143 -0.999117017 0.030750010 -0.028629482 112.557243347
-0.027358476 0.023456348 0.999350429 10.257309914 0.032537099 0.999215782 -0.022562446 -2.839290857 -0.999096036 0.031898689 -0.028100226 112.533538818
-0.024993857 0.023067102 0.999421358 10.942806244 0.031125827 0.999266982 -0.022285134 -2.864714861 -0.999202967 0.030550826 -0.025693523 112.515594482
-0.023541974 0.023599144 0.999444306 11.628824234 0.028009947 0.999344409 -0.022937009 -2.882169485 -0.999330521 0.027454399 -0.024187556 112.506477356
-0.022389967 0.024752654 0.999442816 12.339090347 0.027075117 0.999341726 -0.024143603 -2.901922703 -0.999382734 0.026519455 -0.023045411 112.499664307
-0.021327043 0.025522303 0.999446630 13.067605972 0.026724961 0.999331474 -0.024949076 -2.927432775 -0.999415278 0.026178082 -0.021994865 112.482421875
-0.020774031 0.025290113 0.999464333 13.817613602 0.025851650 0.999359429 -0.024750128 -2.947227001 -0.999449849 0.025323639 -0.021414511 112.477478027
-0.020224424 0.023921948 0.999509156 14.574965477 0.025216457 0.999407947 -0.023409287 -2.971834421 -0.999477327 0.024730638 -0.020815670 112.467033386
-0.019390313 0.022425385 0.999560535 15.334000587 0.025718130 0.999428689 -0.021923533 -3.004649878 -0.999481082 0.025281720 -0.019955982 112.444526672
-0.020015528 0.020254696 0.999594390 16.122013092 0.026174644 0.999462724 -0.019727912 -3.028161049 -0.999456942 0.025769165 -0.020534934 112.434440613
-0.021619365 0.018457174 0.999595821 16.903240204 0.022868471 0.999577105 -0.017962223 -3.057848454 -0.999504566 0.022470901 -0.022032313 112.428726196
-0.022184391 0.017405737 0.999602318 17.695388794 0.023760382 0.999575138 -0.016877942 -3.078560114 -0.999471486 0.023376506 -0.022588531 112.402565002
-0.023310388 0.015120432 0.999613881 18.492498398 0.025995417 0.999556601 -0.014513367 -3.093919516 -0.999390125 0.025647067 -0.023693116 112.381370544
-0.024866151 0.013443971 0.999600351 19.307783127 0.027371367 0.999543786 -0.012762319 -3.118567944 -0.999315977 0.027043076 -0.025222789 112.367942810
-0.026338756 0.012364790 0.999576509 20.133758545 0.025056249 0.999617517 -0.011705065 -3.147183180 -0.999338984 0.024737341 -0.026638497 112.344764709
-0.027122207 0.017189028 0.999484301 20.957052231 0.021512670 0.999630630 -0.016607773 -3.171722651 -0.999400616 0.021051139 -0.027481973 112.327590942
-0.028084110 0.021729171 0.999369323 21.792461395 0.022968229 0.999513805 -0.021086864 -3.195755243 -0.999341726 0.022361541 -0.028569531 112.310035706
-0.029340174 0.023662247 0.999289393 22.629482269 0.023045704 0.999470055 -0.022989878 -3.217520237 -0.999303818 0.022354802 -0.029869940 112.288116455
-0.030928364 0.021372588 0.999293089 23.474887848 0.019423310 0.999595463 -0.020777900 -3.249461174 -0.999332845 0.018766958 -0.031330980 112.273147583
-0.031655502 0.016961938 0.999355018 24.321331024 0.016684890 0.999725640 -0.016439717 -3.282038689 -0.999359548 0.016153719 -0.031929825 112.252304077
-0.031972002 0.011665724 0.999420762 25.176021576 0.015222146 0.999821544 -0.011183437 -3.308162928 -0.999372840 0.014855772 -0.032143872 112.230537415
-0.032299850 0.005951184 0.999460578 26.024120331 0.011654914 0.999916494 -0.005577244 -3.330375671 -0.999410272 0.011468483 -0.032366507 112.212486267
-0.031971589 0.004281988 0.999479651 26.873645782 0.008881293 0.999952555 -0.003999918 -3.359233141 -0.999449253 0.008748787 -0.032008104 112.195098877
-0.030994121 0.011161267 0.999457181 27.709838867 0.011253658 0.999878109 -0.010816981 -3.390481949 -0.999456167 0.010912284 -0.031115944 112.161926270
-0.029492434 0.022335818 0.999315441 28.538972855 0.014026834 0.999661028 -0.021929577 -3.412828922 -0.999466419 0.013370474 -0.029795740 112.131469727
-0.029368497 0.027686656 0.999185026 29.372657776 0.015814081 0.999504089 -0.027230680 -3.433415174 -0.999443471 0.015001472 -0.029791769 112.116508484
-0.028348239 0.022095349 0.999353826 30.220399857 0.017213993 0.999618173 -0.021612892 -3.468434572 -0.999449790 0.016590185 -0.028717764 112.096397400
-0.027388485 0.014452919 0.999520302 31.052061081 0.020372532 0.999695897 -0.013897215 -3.498595476 -0.999417245 0.019982137 -0.027674593 112.069999695
-0.026455216 0.011749401 0.999580860 31.882568359 0.021807065 0.999699831 -0.011173643 -3.522426844 -0.999412179 0.021502329 -0.026703490 112.046134949
-0.026910806 0.012311271 0.999562025 32.701313019 0.020696439 0.999716699 -0.011755974 -3.547132254 -0.999423563 0.020371009 -0.027157983 112.030982971
-0.027756032 0.012821076 0.999532461 33.521350861 0.017039211 0.999778569 -0.012351071 -3.578735113 -0.999469459 0.016688429 -0.027968343 112.015052795
-0.029658277 0.012998344 0.999475539 34.337169647 0.015282976 0.999804437 -0.012549117 -3.604172945 -0.999443233 0.014902774 -0.029851131 111.992790222
-0.031709258 0.012982094 0.999412715 35.146858215 0.014938776 0.999810040 -0.012513278 -3.628188610 -0.999385417 0.014533216 -0.031897176 111.966941833
-0.033694990 0.013226609 0.999344528 35.949741364 0.014074582 0.999819458 -0.012758340 -3.653654814 -0.999333024 0.013635467 -0.033875059 111.943664551
-0.035654798 0.013267268 0.999276102 36.756347656 0.011927192 0.999846280 -0.012849269 -3.682187557 -0.999292910 0.011460422 -0.035807561 111.920166016
-0.038418889 0.012619923 0.999181986 37.561805725 0.010341610 0.999871671 -0.012230999 -3.704425335 -0.999208212 0.009863248 -0.038544465 111.909469604
-0.040431958 0.011618085 0.999114752 38.352230072 0.010671646 0.999880373 -0.011195133 -3.728881359 -0.999125361 0.010209559 -0.040551104 111.877754211
-0.042557996 0.010912820 0.999034286 39.133033752 0.009768558 0.999897063 -0.010506114 -3.761333942 -0.999046206 0.009312007 -0.042660214 111.848167419
-0.044478226 0.012488188 0.998932123 39.937496185 0.010251251 0.999874890 -0.012043528 -3.777978659 -0.998957694 0.009704633 -0.044600680 111.826835632
-0.045386460 0.012626659 0.998889625 40.715667725 0.010620189 0.999869645 -0.012156500 -3.803611994 -0.998912990 0.010056659 -0.045514647 111.789390564
-0.046247888 0.011407862 0.998864830 41.475105286 0.013034162 0.999856591 -0.010815701 -3.826540470 -0.998844922 0.012519165 -0.046389963 111.749153137
-0.047667090 0.010669897 0.998806238 42.250301361 0.013043755 0.999864340 -0.010058699 -3.850561142 -0.998778045 0.012548716 -0.047799807 111.717224121
-0.049246304 0.010470446 0.998731792 43.011863708 0.011996547 0.999879181 -0.009890937 -3.871385336 -0.998714566 0.011494242 -0.049365975 111.687484741
-0.050768085 0.009396672 0.998666227 43.777484894 0.009922787 0.999911129 -0.008903952 -3.893465042 -0.998661160 0.009457516 -0.050856825 111.660530090
-0.051882345 0.008324523 0.998618484 44.515567780 0.008660002 0.999931395 -0.007885545 -3.916069508 -0.998615563 0.008238918 -0.051950891 111.632446289
-0.053128704 0.007781919 0.998557389 45.241752625 0.008821572 0.999934375 -0.007323292 -3.943194389 -0.998548687 0.008419771 -0.053193878 111.608840942
-0.052295193 0.010639656 0.998575032 45.930175781 0.008757282 0.999909699 -0.010195259 -3.956177950 -0.998593390 0.008211639 -0.052383650 111.558090210
-0.052614287 0.013596741 0.998522341 46.632682800 0.009099869 0.999872327 -0.013135633 -3.977871895 -0.998573422 0.008395300 -0.052731302 111.529464722
-0.052482665 0.015318179 0.998504400 47.333679199 0.007105218 0.999862790 -0.014965560 -3.997568607 -0.998596549 0.006309159 -0.052584298 111.496231079
-0.053121187 0.015756758 0.998463750 48.035610199 0.007451877 0.999853849 -0.015382238 -4.026051998 -0.998560190 0.006623306 -0.053230848 111.467926025
-0.052966859 0.015411681 0.998477340 48.730987549 0.008830134 0.999849021 -0.014964437 -4.049466133 -0.998557210 0.008024069 -0.053094946 111.431060791
-0.053550500 0.014814196 0.998455167 49.423107147 0.009351759 0.999853492 -0.014333378 -4.074172497 -0.998521328 0.008569754 -0.053681195 111.399078369
-0.053386059 0.015515930 0.998453379 50.106128693 0.006231929 0.999864876 -0.015204653 -4.088984966 -0.998554468 0.005410573 -0.053475536 111.365592957
-0.053347718 0.015300071 0.998458803 50.791656494 0.003318399 0.999879777 -0.015144547 -4.119996071 -0.998570561 0.002505357 -0.053392075 111.339050293
-0.053348731 0.013714774 0.998481750 51.480125427 0.004990097 0.999896824 -0.013467593 -4.144400120 -0.998563468 0.004264041 -0.053411666 111.308059692
-0.054144550 0.013270975 0.998444915 52.148914337 0.005710672 0.999899447 -0.012980627 -4.163305759 -0.998516738 0.004998961 -0.054214895 111.268356323
-0.057755966 0.012490854 0.998252571 52.811050415 0.001951218 0.999921262 -0.012398843 -4.190149307 -0.998328686 0.001231701 -0.057775799 111.236312866
-0.063096799 0.012363989 0.997930825 53.487224579 -0.001404661 0.999921203 -0.012477465 -4.208719254 -0.998006403 -0.002189043 -0.063074455 111.204246521
-0.068756871 0.016275356 0.997500777 54.151927948 0.001571893 0.999867380 -0.016205624 -4.228135109 -0.997632205 0.000453716 -0.068773344 111.149131775
-0.075300388 0.019240316 0.996975183 54.819221497 0.004147559 0.999811232 -0.018981788 -4.246009827 -0.997152269 0.002705679 -0.075365961 111.094764709
-0.082131013 0.020592757 0.996408701 55.489532471 0.003001241 0.999787152 -0.020415192 -4.270978451 -0.996617079 0.001313743 -0.082175300 111.035049438
-0.089076012 0.019815154 0.995827675 56.181766510 -0.000950316 0.999799848 -0.019979199 -4.292340279 -0.996024311 -0.002726018 -0.089039370 110.987258911
-0.094792046 0.018930309 0.995316982 56.872432709 -0.001137918 0.999816418 -0.019124260 -4.314282417 -0.995496452 -0.002945416 -0.094753101 110.928878784
-0.099916250 0.019675067 0.994801283 57.579502106 -0.003399135 0.999791801 -0.020115176 -4.335311890 -0.994990110 -0.005391296 -0.099828556 110.872665405
-0.103133410 0.018282188 0.994499445 58.256824493 -0.005308614 0.999806643 -0.018930275 -4.366359711 -0.994653523 -0.007231758 -0.103016414 110.797210693
-0.105602764 0.015046122 0.994294524 58.960956573 -0.004607008 0.999867320 -0.015619755 -4.385882378 -0.994397700 -0.006230210 -0.105519444 110.724960327
-0.107021689 0.012505963 0.994177997 59.669914246 -0.002522416 0.999914289 -0.012849651 -4.401312828 -0.994253457 -0.003882922 -0.106980987 110.643287659
-0.107935935 0.008834176 0.994118571 60.389945984 -0.003625161 0.999950349 -0.009279596 -4.433447361 -0.994151294 -0.004605441 -0.107898563 110.562850952
-0.109681323 0.008499984 0.993930459 61.120449066 -0.004495089 0.999948919 -0.009047491 -4.451404095 -0.993956745 -0.005460146 -0.109637529 110.494667053
-0.110655352 0.012606028 0.993778825 61.861957550 -0.002502103 0.999912858 -0.012962438 -4.464995384 -0.993855715 -0.003920899 -0.110614158 110.422454834
-0.110796362 0.017205819 0.993694127 62.576217651 0.003987750 0.999849677 -0.016867774 -4.482164860 -0.993835151 0.002093715 -0.110848337 110.329940796
-0.111611433 0.022155529 0.993504763 63.319877625 0.011412031 0.999714077 -0.021011956 -4.506230354 -0.993686378 0.008992733 -0.111832358 110.242439270
-0.111977972 0.022503346 0.993455708 64.058357239 0.011274433 0.999707937 -0.021374162 -4.533501148 -0.993646801 0.008807216 -0.112198979 110.154502869
-0.112963110 0.020085048 0.993396103 64.824119568 0.009128353 0.999774456 -0.019175986 -4.562380791 -0.993557274 0.006901891 -0.113120981 110.085273743
-0.112592913 0.016316809 0.993507147 65.574768066 0.010693072 0.999827087 -0.015208772 -4.578125000 -0.993583679 0.008911245 -0.112747930 109.996604919
-0.112398349 0.014206101 0.993561625 66.332321167 0.012774025 0.999835849 -0.012850727 -4.602014542 -0.993581176 0.011247382 -0.112561367 109.904205322
-0.113351189 0.013578340 0.993462145 67.079429626 0.012655539 0.999845266 -0.012221623 -4.626828194 -0.993474483 0.011187463 -0.113505468 109.822708130
-0.115299903 0.014620861 0.993223071 67.828475952 0.010988194 0.999849260 -0.013442822 -4.648992538 -0.993269980 0.009363773 -0.115443178 109.746704102
-0.117180482 0.015107860 0.992995739 68.573799133 0.010625426 0.999845982 -0.013958210 -4.676094532 -0.993053913 0.008915370 -0.117322966 109.656631470
-0.119424284 0.015269325 0.992725849 69.313774109 0.011618889 0.999834657 -0.013980924 -4.700551987 -0.992775381 0.009864709 -0.119581953 109.570053101
-0.121221602 0.015442944 0.992505312 70.060661316 0.011888729 0.999829769 -0.014104859 -4.720793247 -0.992554247 0.010089814 -0.121384576 109.479789734
-0.123232879 0.015280131 0.992260158 70.809402466 0.011592911 0.999835372 -0.013957013 -4.741165161 -0.992310047 0.009783220 -0.123389743 109.389793396
-0.124870650 0.015515624 0.992051721 71.558929443 0.009436185 0.999851048 -0.014449861 -4.763259888 -0.992128134 0.007556820 -0.124998420 109.301773071
-0.126005664 0.017011357 0.991883695 72.311950684 0.009244296 0.999829710 -0.015973274 -4.787417412 -0.991986454 0.007156543 -0.126141474 109.211616516
-0.127001330 0.017237417 0.991752744 73.074745178 0.008305292 0.999832392 -0.016314294 -4.809495926 -0.991867781 0.006164860 -0.127123207 109.121765137
-0.128269866 0.017712060 0.991581082 73.836685181 0.007822340 0.999827445 -0.016847467 -4.831954002 -0.991708517 0.005595462 -0.128386289 109.025230408
-0.129553035 0.016253509 0.991439283 74.623428345 0.008515478 0.999846995 -0.015278611 -4.851499081 -0.991535842 0.006463190 -0.129671633 108.933593750
-0.130443364 0.013592936 0.991362572 75.394157410 0.005395711 0.999900877 -0.013000043 -4.879045010 -0.991441011 0.003653338 -0.130503818 108.832794189
-0.132228136 0.011174276 0.991156280 76.181259155 0.002298945 0.999937236 -0.010966576 -4.901083946 -0.991216540 0.000828524 -0.132245541 108.736534119
-0.134444192 0.010564071 0.990864813 76.968673706 0.003648797 0.999941766 -0.010165761 -4.921253681 -0.990914464 0.002248737 -0.134474888 108.632316589
-0.136192575 0.011018720 0.990621090 77.770240784 0.004813151 0.999933720 -0.010460582 -4.946498871 -0.990670681 0.003343355 -0.136236534 108.526641846
-0.138450816 0.012506031 0.990290344 78.573638916 0.004683065 0.999917388 -0.011972876 -4.961069107 -0.990358233 0.002979939 -0.138497904 108.419319153
-0.140004054 0.015623180 0.990027666 79.387702942 0.006014633 0.999870420 -0.014927948 -4.995465755 -0.990132689 0.003864679 -0.140079871 108.310935974
-0.140214548 0.020046720 0.989918172 80.168579102 0.008292761 0.999783695 -0.019071896 -5.013531685 -0.990086436 0.005534998 -0.140350491 108.188171387
-0.141411528 0.024176087 0.989655733 80.981330872 0.009174227 0.999690831 -0.023110334 -5.036539078 -0.989908338 0.005811259 -0.141589627 108.076995850
-0.141212225 0.025179697 0.989659011 81.803024292 0.011378851 0.999651670 -0.023810308 -5.068296909 -0.989913940 0.007898877 -0.141449556 107.960479736
-0.140764445 0.024496807 0.989739954 82.642608643 0.014502053 0.999637544 -0.022679238 -5.097521782 -0.989936888 0.011160832 -0.141068712 107.845863342
-0.140184551 0.022361048 0.989872932 83.463653564 0.015539488 0.999671519 -0.020381711 -5.134562969 -0.990003467 0.012524913 -0.140485987 107.717826843
-0.139650270 0.020885065 0.989980698 84.305664062 0.014897549 0.999708772 -0.018988786 -5.159273148 -0.990088880 0.012096493 -0.139920712 107.606849670
-0.137967527 0.018100079 0.990271449 85.163627625 0.013449842 0.999775052 -0.016399914 -5.191819668 -0.990345418 0.011056337 -0.138179943 107.499557495
-0.136377558 0.014711236 0.990547776 86.018554688 0.014116579 0.999817073 -0.012905343 -5.220213890 -0.990556359 0.012223144 -0.136560306 107.384704590
-0.134462968 0.011454575 0.990852356 86.864440918 0.014772073 0.999845207 -0.009553902 -5.244395256 -0.990808547 0.013352297 -0.134611323 107.266662598
-0.133105829 0.011463119 0.991035461 87.719665527 0.013181554 0.999865115 -0.009794838 -5.267501354 -0.991014242 0.011759637 -0.133238971 107.163475037
-0.131849229 0.015095143 0.991154790 88.571960449 0.013835480 0.999814630 -0.013386555 -5.299426079 -0.991173267 0.011948097 -0.132033616 107.053802490
-0.129518092 0.021819871 0.991337001 89.406616211 0.014774806 0.999689341 -0.020073377 -5.323121071 -0.991466939 0.012046948 -0.129800245 106.938804626
-0.128130525 0.025326995 0.991433859 90.263664246 0.012787910 0.999632955 -0.023883760 -5.348705769 -0.991674781 0.009618130 -0.128407374 106.836708069
-0.126807377 0.022714905 0.991667271 91.120094299 0.011412584 0.999705076 -0.021439653 -5.379022598 -0.991861582 0.008598779 -0.127029210 106.731460571
