1.000000000 -0.000000000 0.000000000 0.000000000 -0.000000000 1.000000000 0.000000000 0.000000000 0.000000000 0.000000000 1.000000000 0.000000000
0.999997377 0.001019208 0.002049447 -0.009029875 -0.001016955 0.999998868 -0.001100211 -0.016586112 -0.002050566 0.001098124 0.999997318 1.206179738
0.999989033 0.001500372 0.004423576 -0.035656027 -0.001496700 0.999998510 -0.000833250 -0.034265772 -0.004424819 0.000826621 0.999989867 2.417674780
0.999984145 0.001143262 0.005505891 -0.035999827 -0.001140282 0.999999166 -0.000544454 -0.052822419 -0.005506509 0.000538167 0.999984682 3.622896910
0.999978006 0.001060896 0.006544528 -0.034013875 -0.001056531 0.999999285 -0.000670436 -0.073097140 -0.006545234 0.000663507 0.999978364 4.823558331
0.999977171 0.001015982 0.006681171 -0.029138766 -0.001013789 0.999999344 -0.000331565 -0.096532866 -0.006681505 0.000324784 0.999977648 6.039293289
0.999972939 0.001209658 0.007259545 -0.022244465 -0.001199919 0.999998391 -0.001345729 -0.118089408 -0.007261160 0.001336981 0.999972761 7.239196777
0.999964535 0.001076663 0.008359173 -0.031584956 -0.001065115 0.999998391 -0.001385883 -0.146881029 -0.008360653 0.001376931 0.999964118 8.447918892
0.999961078 0.000663124 0.008803606 -0.034118019 -0.000662210 0.999999762 -0.000106775 -0.167342961 -0.008803676 0.000100941 0.999961197 9.651157379
0.999972045 -0.000050180 0.007480959 -0.031426229 0.000041944 0.999999404 0.001101111 -0.192766830 -0.007481009 -0.001100766 0.999971449 10.842347145
0.999986112 -0.001311805 0.005125482 -0.037723474 0.001309600 0.999999046 0.000433663 -0.212595150 -0.005126046 -0.000426945 0.999986768 12.055437088
0.999994457 -0.001082666 0.003154689 -0.042120039 0.001082906 0.999999464 -0.000074366 -0.230202883 -0.003154606 0.000077782 0.999994993 13.249531746
0.999997854 -0.000992820 0.001834621 -0.043197788 0.000993142 0.999999464 -0.000174275 -0.253596514 -0.001834448 0.000176097 0.999998212 14.448979378
0.999998748 0.000226909 0.001556134 -0.059480723 -0.000226138 0.999999881 -0.000495816 -0.275856197 -0.001556246 0.000495463 0.999998689 15.647826195
0.999999464 0.000014835 0.001002718 -0.064301714 -0.000014380 0.999999940 -0.000453660 -0.295941740 -0.001002725 0.000453646 0.999999404 16.849233627
0.999999523 -0.000928964 0.000111342 -0.065498576 0.000928977 0.999999583 -0.000117933 -0.315603316 -0.000111233 0.000118036 1.000000000 18.035787582
0.999999881 -0.000487202 -0.000217982 -0.073686272 0.000487332 0.999999642 0.000599726 -0.344674885 0.000217690 -0.000599833 0.999999821 19.230442047
0.999999166 -0.000231767 -0.001274086 -0.078680351 0.000231473 0.999999881 -0.000230855 -0.367917091 0.001274139 0.000230560 0.999999166 20.427301407
0.999999225 -0.000604894 -0.001008460 -0.099008396 0.000603665 0.999999046 -0.001219100 -0.393776089 0.001009196 0.001218491 0.999998689 21.625686646
0.999998212 0.000615033 -0.001762803 -0.105768770 -0.000616309 0.999999464 -0.000723182 -0.412926137 0.001762357 0.000724267 0.999998152 22.824041367
0.999997377 0.000065258 -0.002282420 -0.122768581 -0.000067209 0.999999642 -0.000854637 -0.438307136 0.002282363 0.000854789 0.999997020 23.983726501
0.999994636 0.000118101 -0.003256913 -0.132637858 -0.000122725 0.999999046 -0.001419506 -0.460550010 0.003256742 0.001419898 0.999993682 25.178808212
0.999992132 0.000584339 -0.003913611 -0.147344708 -0.000586387 0.999999702 -0.000522180 -0.489510268 0.003913306 0.000524471 0.999992132 26.347978592
0.999988735 -0.000977191 -0.004636070 -0.158485115 0.000983089 0.999998748 0.001270006 -0.510756254 0.004634823 -0.001274550 0.999988377 27.551055908
0.999983788 -0.000975826 -0.005598641 -0.165970474 0.000982479 0.999998808 0.001185646 -0.531386733 0.005597479 -0.001191128 0.999983609 28.720689774
0.999976933 -0.001706456 -0.006570692 -0.177774802 0.001709074 0.999998391 0.000392813 -0.552150488 0.006570013 -0.000404034 0.999978304 29.917739868
0.999971688 -0.001819585 -0.007300434 -0.185315922 0.001815382 0.999998152 -0.000582352 -0.574906349 0.007301481 0.000569083 0.999973118 31.088409424
0.999966204 -0.001141805 -0.008138746 -0.199184269 0.001137732 0.999999225 -0.000505058 -0.595644355 0.008139316 0.000495781 0.999966741 32.273536682
0.999960005 -0.001258925 -0.008852511 -0.214729190 0.001258741 0.999999225 -0.000026343 -0.616553783 0.008852534 0.000015199 0.999960840 33.479648590
0.999952912 -0.002132059 -0.009457286 -0.226656109 0.002135800 0.999997735 0.000385543 -0.640666544 0.009456441 -0.000405724 0.999955177 34.646930695
0.999943972 -0.002794505 -0.010207709 -0.237846375 0.002801021 0.999995828 0.000624013 -0.664669693 0.010205922 -0.000652570 0.999947667 35.847007751
0.999940097 -0.002855001 -0.010570247 -0.259779096 0.002859031 0.999995828 0.000366176 -0.683170438 0.010569155 -0.000396375 0.999944091 37.047985077
0.999937236 -0.003591804 -0.010612325 -0.274966776 0.003603664 0.999992847 0.001098626 -0.704527080 0.010608302 -0.001136800 0.999943078 38.248901367
0.999938190 -0.003491234 -0.010551669 -0.294077456 0.003516279 0.999991059 0.002355992 -0.724504888 0.010543345 -0.002392948 0.999941528 39.463115692
0.999941647 -0.002744008 -0.010455060 -0.311650753 0.002772658 0.999992430 0.002726784 -0.736078382 0.010447497 -0.002755613 0.999941587 40.664916992
0.999939442 -0.002294541 -0.010767361 -0.326228023 0.002322223 0.999993980 0.002559044 -0.755699694 0.010761421 -0.002583893 0.999938786 41.862522125
0.999947071 -0.001088811 -0.010230795 -0.348880291 0.001112722 0.999996781 0.002331766 -0.771000624 0.010228222 -0.002343027 0.999944866 43.052139282
0.999949992 0.001318901 -0.009913601 -0.366362959 -0.001277854 0.999990642 0.004145701 -0.785975873 0.009918977 -0.004132826 0.999942183 44.251716614
0.999964833 0.001646087 -0.008215971 -0.383878261 -0.001587909 0.999973655 0.007082600 -0.801969349 0.008227413 -0.007069306 0.999941170 45.459129333
0.999980390 0.002264977 -0.005830112 -0.401615709 -0.002206709 0.999947786 0.009981378 -0.813452244 0.005852414 -0.009968315 0.999933124 46.658359528
0.999984264 0.002674795 -0.004943565 -0.405557305 -0.002608706 0.999907851 0.013326993 -0.819799542 0.004978757 -0.013313885 0.999898911 47.863803864
0.999993384 0.001510610 -0.003302306 -0.420775115 -0.001462581 0.999893904 0.014498431 -0.827236831 0.003323857 -0.014493505 0.999889433 49.070907593
0.999999106 0.000525882 -0.001241419 -0.429502219 -0.000509565 0.999913931 0.013107952 -0.829333246 0.001248205 -0.013107305 0.999913335 50.288841248
0.999998808 0.001508932 0.000023472 -0.437552452 -0.001509103 0.999932170 0.011547798 -0.836370528 -0.000006046 -0.011547819 0.999933302 51.505275726
0.999998689 0.001419265 0.000790543 -0.444059849 -0.001427807 0.999939382 0.010911303 -0.841665983 -0.000775010 -0.010912416 0.999940157 52.692218781
0.999999106 0.001137067 0.000627569 -0.445266455 -0.001143504 0.999945700 0.010353638 -0.847253084 -0.000615762 -0.010354347 0.999946177 53.899799347
0.999999702 0.000716307 0.000106674 -0.451493263 -0.000717250 0.999958038 0.009128571 -0.854009748 -0.000100131 -0.009128646 0.999958277 55.106212616
0.999998152 0.001268635 -0.001457878 -0.458477020 -0.001254205 0.999950588 0.009856583 -0.862446725 0.001470311 -0.009854735 0.999950349 56.308128357
0.999995470 0.000966125 -0.002829793 -0.466458917 -0.000936307 0.999944270 0.010519558 -0.865582407 0.002839798 -0.010516861 0.999940634 57.509506226
0.999992371 0.000796479 -0.003816931 -0.475568652 -0.000753236 0.999935687 0.011317465 -0.880531967 0.003825701 -0.011314506 0.999928653 58.713504791
0.999987006 0.001737728 -0.004774193 -0.486467957 -0.001685145 0.999938071 0.010996150 -0.885785878 0.004793007 -0.010987962 0.999928176 59.911464691
0.999984145 0.001817228 -0.005329601 -0.502938330 -0.001758649 0.999938250 0.010975393 -0.896898270 0.005349215 -0.010965845 0.999925554 61.123100281
0.999984920 0.000956339 -0.005413351 -0.514005125 -0.000900655 0.999946713 0.010279484 -0.901792228 0.005422893 -0.010274453 0.999932468 62.322025299
0.999983788 0.000282804 -0.005670675 -0.524389923 -0.000227741 0.999952853 0.009708429 -0.921764672 0.005673153 -0.009706981 0.999936700 63.527626038
0.999982953 -0.000089745 -0.005825710 -0.537127078 0.000151933 0.999942958 0.010675210 -0.924933493 0.005824418 -0.010675911 0.999926031 64.729042053
0.999981642 -0.000872297 -0.005987586 -0.552263319 0.000944576 0.999926567 0.012079237 -0.934006095 0.005976610 -0.012084669 0.999909103 65.931098938
0.999980628 0.000099792 -0.006219292 -0.568088055 -0.000034104 0.999944270 0.010561223 -0.945286810 0.006219999 -0.010560806 0.999924839 67.122650146
0.999980032 0.001918407 -0.006019468 -0.586078167 -0.001861306 0.999953389 0.009477424 -0.953708470 0.006037368 -0.009466030 0.999936938 68.321990967
0.999973238 0.004025918 -0.006108689 -0.598700523 -0.003965548 0.999943495 0.009862680 -0.964860737 0.006148050 -0.009838191 0.999932706 69.506919861
0.999962270 0.006360525 -0.005915849 -0.613193154 -0.006300393 0.999928892 0.010128396 -0.974190235 0.005979849 -0.010090743 0.999931216 70.690628052
0.999955893 0.007469792 -0.005685959 -0.629203677 -0.007411975 0.999921322 0.010122388 -0.979914546 0.005761124 -0.010079797 0.999932528 71.896369934
0.999956548 0.007933737 -0.004884518 -0.641474724 -0.007876698 0.999901891 0.011587517 -0.992887139 0.004975970 -0.011548538 0.999920905 73.073921204
0.999943674 0.010203725 -0.002911018 -0.655045569 -0.010166567 0.999870181 0.012506005 -1.000561953 0.003038246 -0.012475703 0.999917567 74.251731873
0.999964833 0.008370126 -0.000399761 -0.656657219 -0.008365584 0.999912322 0.010260562 -1.012015462 0.000485608 -0.010256859 0.999947309 75.447647095
0.999982119 0.005558491 0.002177563 -0.658402324 -0.005569566 0.999971390 0.005112764 -1.022248745 -0.002149080 -0.005124800 0.999984622 76.619766235
0.999963224 0.007184319 0.004693487 -0.657073498 -0.007206439 0.999962926 0.004712960 -1.034394741 -0.004659453 -0.004746609 0.999977887 77.800704956
0.999954462 0.005873004 0.007530754 -0.652849317 -0.005934909 0.999948621 0.008224584 -1.048914194 -0.007482063 -0.008268904 0.999937832 78.980918884
0.999925315 0.006093667 0.010593747 -0.641826749 -0.006193947 0.999936104 0.009459091 -1.060210466 -0.010535430 -0.009524003 0.999899089 80.164230347
0.999877155 0.006026459 0.014463668 -0.629340649 -0.006140997 0.999950111 0.007887758 -1.071643353 -0.014415409 -0.007975611 0.999864280 81.333671570
0.999821067 0.004929900 0.018263089 -0.615946174 -0.005017248 0.999976218 0.004740070 -1.087443113 -0.018239288 -0.004830854 0.999821961 82.502548218
0.999761403 0.003624112 0.021538271 -0.591394901 -0.003653108 0.999992490 0.001307060 -1.103866935 -0.021533374 -0.001385430 0.999767125 83.666160583
0.999673307 0.003232853 0.025353914 -0.569935083 -0.003244477 0.999994636 0.000417355 -1.122542143 -0.025352433 -0.000499479 0.999678433 84.817848206
0.999584615 0.002968509 0.028666701 -0.538025379 -0.003032216 0.999993145 0.002179152 -1.143936396 -0.028660035 -0.002265171 0.999586642 85.983947754
0.999460518 0.004189426 0.032575645 -0.514220953 -0.004285871 0.999986649 0.002891395 -1.166466117 -0.032563098 -0.003029450 0.999465048 87.145751953
0.999332547 0.003761457 0.036335740 -0.471921444 -0.003780116 0.999992788 0.000444819 -1.183417559 -0.036333803 -0.000581876 0.999339521 88.295654297
0.999209404 0.003621171 0.039590135 -0.430047035 -0.003555736 0.999992251 -0.001723086 -1.204986334 -0.039596062 0.001580952 0.999214530 89.439804077
0.999084532 0.003478239 0.042638723 -0.382525921 -0.003386415 0.999991775 -0.002225566 -1.223344684 -0.042646118 0.002079136 0.999088109 90.617607117
0.998958707 0.002406357 0.045560271 -0.333804607 -0.002370414 0.999996841 -0.000842921 -1.247211099 -0.045562144 0.000734047 0.998961270 91.770721436
0.998830795 0.001732588 0.048312563 -0.283648968 -0.001761294 0.999998331 0.000551617 -1.264686942 -0.048311517 -0.000636064 0.998832166 92.931465149
0.998697340 0.000894711 0.051017486 -0.228522778 -0.001016318 0.999996722 0.002357751 -1.283946633 -0.051015209 -0.002406530 0.998694956 94.100265503
0.998566985 -0.000548175 0.053513225 -0.171175003 0.000372972 0.999994576 0.003283946 -1.299019575 -0.053514734 -0.003259281 0.998561680 95.257476807
0.998440206 -0.001308133 0.055815797 -0.110832691 0.001257112 0.999998748 0.000949185 -1.315680742 -0.055816974 -0.000877537 0.998440564 96.411262512
0.998316228 -0.002999167 0.057928447 -0.038066864 0.003162250 0.999991238 -0.002723762 -1.334089756 -0.057919767 0.002902359 0.998316944 97.578094482
0.998197138 -0.002040338 0.059984937 0.024254799 0.002371009 0.999982417 -0.005441904 -1.354131222 -0.059972774 0.005574318 0.998184383 98.743331909
0.998094559 -0.002087753 0.061669677 0.096259117 0.002481976 0.999976933 -0.006316572 -1.378864884 -0.061655074 0.006457598 0.998076558 99.920318604
0.998099923 -0.001968964 0.061584756 0.172358036 0.002328287 0.999980628 -0.005763385 -1.400817990 -0.061572216 0.005895822 0.998085201 101.098564148
0.998114824 -0.002201058 0.061335031 0.229484081 0.002434592 0.999989986 -0.003733037 -1.432510972 -0.061326206 0.003875325 0.998110235 102.279632568
0.998193800 -0.002271655 0.060033981 0.296477795 0.002413817 0.999994338 -0.002295609 -1.451360822 -0.060028445 0.002436375 0.998193562 103.483818054
0.998303831 -0.002128678 0.058180004 0.355278492 0.002221346 0.999996305 -0.001528151 -1.470495820 -0.058176547 0.001654797 0.998304963 104.672988892
0.998461783 -0.002059626 0.055404324 0.420177937 0.002123636 0.999997139 -0.001096487 -1.489694476 -0.055401914 0.001212459 0.998463452 105.875625610
0.998606622 -0.001302786 0.052755289 0.472922325 0.001361373 0.999998510 -0.001074628 -1.510801911 -0.052753806 0.001144951 0.998606801 107.083290100
0.998791933 0.000524584 0.049136274 0.519364357 -0.000440710 0.999998450 -0.001717778 -1.524542212 -0.049137089 0.001694048 0.998790562 108.285079956
0.998981714 0.000313064 0.045115292 0.571139336 -0.000257585 0.999999166 -0.001235516 -1.546270847 -0.045115635 0.001222637 0.998981059 109.495239258
0.999160528 0.000788043 0.040958498 0.618892670 -0.000790534 0.999999702 0.000044623 -1.567507267 -0.040958434 -0.000076965 0.999160826 110.716125488
0.999329627 0.001270206 0.036587186 0.663832426 -0.001301289 0.999998808 0.000825764 -1.590616345 -0.036586095 -0.000872821 0.999330044 111.937683105
0.999480486 0.001457968 0.032195352 0.695144415 -0.001499928 0.999997973 0.001279206 -1.606314301 -0.032193430 -0.001326832 0.999480724 113.159454346
0.999631822 0.001971836 0.027056947 0.726214170 -0.002007504 0.999997139 0.001291194 -1.622298002 -0.027054325 -0.001345036 0.999633014 114.376754761
0.999748588 0.002523194 0.022281837 0.748285890 -0.002556790 0.999995649 0.001479471 -1.645660877 -0.022278007 -0.001536069 0.999750674 115.619171143
0.999845207 0.003211903 0.017299563 0.761136532 -0.003230659 0.999994278 0.001056365 -1.657837391 -0.017296070 -0.001112090 0.999849796 116.841651917
0.999909163 0.004213071 0.012802311 0.768647432 -0.004218555 0.999991000 0.000401393 -1.679515958 -0.012800505 -0.000455364 0.999917924 118.079414368
0.999936700 0.006175788 0.009411622 0.772970796 -0.006180034 0.999980927 0.000422289 -1.699600220 -0.009408833 -0.000480427 0.999955595 119.316360474
0.999944866 0.007913539 0.006924658 0.778569341 -0.007917929 0.999968529 0.000606747 -1.718495965 -0.006919639 -0.000661542 0.999975801 120.545623779
0.999936104 0.009341962 0.006367371 0.769907355 -0.009342454 0.999956369 0.000047607 -1.735868096 -0.006366649 -0.000107091 0.999979734 121.807243347
0.999923348 0.011396008 0.004871786 0.776405573 -0.011396513 0.999935091 0.000076000 -1.751694202 -0.004870604 -0.000131516 0.999988139 123.030075073
0.999910176 0.012691858 0.004300049 0.765095711 -0.012696496 0.999918878 0.001052554 -1.771594763 -0.004286341 -0.001107055 0.999990225 124.296943665
0.999913812 0.012558234 0.003834719 0.760062099 -0.012563856 0.999920011 0.001445060 -1.787466049 -0.003816265 -0.001493114 0.999991655 125.543891907
0.999864101 0.016220188 0.002933982 0.751047730 -0.016230276 0.999862313 0.003447417 -1.804460883 -0.002877659 -0.003494568 0.999989748 126.791748047
0.999847114 0.017294226 0.002552216 0.744853675 -0.017311389 0.999826610 0.006863710 -1.821111202 -0.002433070 -0.006906843 0.999973238 128.054428101
0.999869525 0.016066527 0.001645241 0.746972084 -0.016076775 0.999850154 0.006418261 -1.835159302 -0.001541875 -0.006443875 0.999978065 129.303909302
0.999870598 0.016054697 0.001015474 0.742001414 -0.016059484 0.999859035 0.004894529 -1.844125867 -0.000936750 -0.004910204 0.999987543 130.558776855
0.999908090 0.013556369 0.000420449 0.740380943 -0.013558579 0.999891341 0.005796418 -1.857363224 -0.000341826 -0.005801586 0.999983132 131.820159912
0.999941647 0.010794364 -0.000507283 0.733973265 -0.010790298 0.999914169 0.007434281 -1.863847733 0.000587488 -0.007428372 0.999972165 133.091384888
0.999971569 0.007511042 -0.000773175 0.728784442 -0.007503531 0.999928653 0.009298902 -1.875079155 0.000842965 -0.009292836 0.999956429 134.362106323
0.999984980 0.005428712 -0.000845524 0.719103634 -0.005419551 0.999930382 0.010485206 -1.887713194 0.000902386 -0.010480465 0.999944687 135.640853882
0.999997377 0.002127533 -0.000840524 0.729528964 -0.002120099 0.999959528 0.008748531 -1.898115993 0.000859103 -0.008746728 0.999961317 136.918746948
0.999999881 -0.000330785 -0.000578004 0.722268224 0.000335200 0.999970675 0.007654514 -1.905842066 0.000575455 -0.007654709 0.999970496 138.191925049
0.999998152 -0.001732707 -0.000858405 0.726825297 0.001739105 0.999970257 0.007509000 -1.916155219 0.000845367 -0.007510477 0.999971449 139.463211060
0.999998033 -0.001935297 -0.000416946 0.720398962 0.001938486 0.999967754 0.007789132 -1.925353289 0.000401858 -0.007789924 0.999969602 140.741531372
0.999998450 -0.001744647 -0.000156724 0.726221442 0.001746105 0.999950051 0.009838960 -1.935730219 0.000139551 -0.009839219 0.999951541 142.016494751
0.999999821 0.000566530 0.000425055 0.716874838 -0.000571356 0.999934375 0.011441297 -1.945980310 -0.000418546 -0.011441537 0.999934435 143.294723511
0.999998748 0.000412663 0.001546130 0.706636786 -0.000427613 0.999953032 0.009681274 -1.955364585 -0.001542062 -0.009681923 0.999951899 144.581069946
0.999997377 0.001172656 0.001991597 0.699620962 -0.001188469 0.999967635 0.007956892 -1.965973496 -0.001982202 -0.007959237 0.999966383 145.852996826
0.999996364 0.001099078 0.002465191 0.695697188 -0.001112869 0.999983728 0.005599739 -1.983510256 -0.002458997 -0.005602462 0.999981284 147.141311646
0.999996126 -0.000171108 0.002783708 0.697423637 0.000166937 0.999998868 0.001498477 -2.000584841 -0.002783961 -0.001498007 0.999994934 148.402984619
0.999994457 -0.000374997 0.003295688 0.692875147 0.000382254 0.999997437 -0.002201556 -2.019321203 -0.003294854 0.002202803 0.999992132 149.680908203
0.999993742 -0.000008568 0.003532836 0.698775172 0.000019085 0.999995589 -0.002976838 -2.046799660 -0.003532795 0.002976887 0.999989271 150.940124512
0.999992967 0.000000919 0.003759632 0.693602920 0.000010016 0.999995768 -0.002908514 -2.069249153 -0.003759619 0.002908531 0.999988675 152.211151123
0.999993563 0.000239574 0.003582940 0.691702247 -0.000231590 0.999997497 -0.002228528 -2.097799301 -0.003583465 0.002227684 0.999991119 153.469436646
0.999994457 0.000294977 0.003319051 0.693738401 -0.000291282 0.999999404 -0.001113700 -2.122955799 -0.003319377 0.001112727 0.999993920 154.731399536
0.999993980 0.001170029 0.003245820 0.683198094 -0.001168224 0.999999166 -0.000557905 -2.148508787 -0.003246469 0.000554110 0.999994516 155.994537354
0.999995291 0.001627690 0.002605014 0.680155277 -0.001625713 0.999998391 -0.000760534 -2.171956539 -0.002606248 0.000756295 0.999996305 157.260955811
0.999997020 0.001495760 0.001948265 0.681483626 -0.001494516 0.999998689 -0.000639879 -2.195616245 -0.001949219 0.000636966 0.999997854 158.538269043
0.999998629 0.000878120 0.001386401 0.676373839 -0.000879014 0.999999404 0.000644601 -2.218469858 -0.001385834 -0.000645818 0.999998808 159.804855347
0.999996901 0.002354997 0.000791981 0.669956028 -0.002355701 0.999996841 0.000888707 -2.238045931 -0.000789886 -0.000890570 0.999999225 161.082336426
0.999997079 0.002404124 0.000046481 0.665180862 -0.002404109 0.999997020 -0.000324688 -2.256472826 -0.000047261 0.000324575 0.999999881 162.352920532
0.999995291 0.003007116 -0.000451908 0.656224489 -0.003007758 0.999994457 -0.001425879 -2.280877829 0.000447618 0.001427232 0.999998808 163.611145020
0.999990821 0.004090670 -0.001270568 0.650692880 -0.004092460 0.999990582 -0.001409908 -2.302877426 0.001264788 0.001415095 0.999998152 164.874954224
0.999991775 0.003563589 -0.001914027 0.638151050 -0.003567945 0.999991059 -0.002277268 -2.329386234 0.001905895 0.002284079 0.999995589 166.144699097
0.999988139 0.003869461 -0.002966123 0.632124186 -0.003878822 0.999987543 -0.003156876 -2.355386496 0.002953871 0.003168343 0.999990642 167.412536621
0.999986589 0.003995529 -0.003292721 0.618484437 -0.004005337 0.999987662 -0.002977408 -2.380415201 0.003280784 0.002990557 0.999990106 168.682998657
0.999980748 0.004389658 -0.004381639 0.611605048 -0.004397361 0.999988794 -0.001749850 -2.403562784 0.004373909 0.001769085 0.999988854 169.959625244
0.999980390 0.004117311 -0.004716446 0.600330353 -0.004122057 0.999991000 -0.000996826 -2.432852983 0.004712299 0.001016248 0.999988317 171.222686768
0.999972701 0.004738935 -0.005676184 0.587872446 -0.004742438 0.999988496 -0.000603902 -2.454934359 0.005673257 0.000630805 0.999983728 172.490234375
0.999969184 0.004756083 -0.006249203 0.573314905 -0.004759301 0.999988556 -0.000500252 -2.477634430 0.006246754 0.000529978 0.999980330 173.767883301
0.999963880 0.005291729 -0.006642406 0.554324150 -0.005300511 0.999985099 -0.001305120 -2.502710104 0.006635400 0.001340281 0.999976993 175.034439087
0.999957323 0.006121430 -0.006919706 0.532746196 -0.006134860 0.999979317 -0.001921353 -2.524384499 0.006907804 0.001963722 0.999974191 176.298858643
0.999951482 0.006281362 -0.007582471 0.512283087 -0.006294557 0.999978721 -0.001717774 -2.541657925 0.007571520 0.001765419 0.999969721 177.563949585
0.999952853 0.006126360 -0.007529422 0.488068700 -0.006145576 0.999977887 -0.002531443 -2.576931477 0.007513747 0.002577596 0.999968410 178.811126709
0.999956429 0.005144081 -0.007781756 0.473616600 -0.005177777 0.999977291 -0.004316106 -2.597698689 0.007759375 0.004356209 0.999960363 180.074218750
0.999969423 0.001747942 -0.007615140 0.450753808 -0.001779200 0.999989927 -0.004099874 -2.626777887 0.007607898 0.004113297 0.999962568 181.340682983
0.999962032 0.002265395 -0.008409189 0.449184299 -0.002268887 0.999997318 -0.000405704 -2.650459528 0.008408249 0.000424768 0.999964535 182.619049072
0.999962509 0.001381049 -0.008544641 0.434158444 -0.001346865 0.999991059 0.004005141 -2.673752546 0.008550094 -0.003993482 0.999955475 183.884216309
0.999961734 0.002415929 -0.008408788 0.418585062 -0.002388333 0.999991655 0.003290256 -2.690436363 0.008416669 -0.003270046 0.999959230 185.143966675
0.999959826 0.004120430 -0.007952227 0.394038320 -0.004121807 0.999991536 -0.000156861 -2.705865383 0.007951514 0.000189632 0.999968410 186.392364502
0.999954641 0.003939884 -0.008670097 0.377214074 -0.003954676 0.999990761 -0.001689573 -2.735117674 0.008663361 0.001723784 0.999960899 187.634353638
0.999952555 0.004294465 -0.008746867 0.357743979 -0.004308099 0.999989510 -0.001540485 -2.755648375 0.008740159 0.001578094 0.999960482 188.881652832
0.999957740 0.003618877 -0.008447531 0.338842154 -0.003621928 0.999993324 -0.000345871 -2.781244993 0.008446221 0.000376453 0.999964178 190.138793945
0.999957144 0.003722637 -0.008470787 0.323037505 -0.003706209 0.999991179 0.001954214 -2.805499315 0.008477985 -0.001922736 0.999962151 191.386383057
0.999967456 0.002957741 -0.007494747 0.303867698 -0.002936864 0.999991775 0.002794954 -2.827350140 0.007502951 -0.002772852 0.999967992 192.635986328
0.999976456 0.002866385 -0.006225255 0.292011380 -0.002854239 0.999994040 0.001958973 -2.845807552 0.006230833 -0.001941159 0.999978662 193.879943848
0.999987721 0.002092522 -0.004516641 0.276752472 -0.002090083 0.999997616 0.000544743 -2.867314339 0.004517769 -0.000535296 0.999989569 195.109893799
0.999992132 0.001769795 -0.003544135 0.267072797 -0.001773026 0.999997973 -0.000908893 -2.889955759 0.003542518 0.000915170 0.999993265 196.339080811
0.999997020 0.001534261 -0.001895332 0.259177119 -0.001537077 0.999997735 -0.001485370 -2.916254997 0.001893050 0.001488279 0.999997020 197.563034058
0.999998689 0.001587579 -0.000327247 0.251650840 -0.001587838 0.999998391 -0.000794303 -2.940572262 0.000325985 0.000794821 0.999999583 198.776962280
0.999999046 0.001149662 0.000737251 0.248285711 -0.001150510 0.999998808 0.001150535 -2.965277910 -0.000735927 -0.001151382 0.999998987 200.012954712
0.999996245 0.002047769 0.001836403 0.243197560 -0.002050698 0.999996662 0.001594438 -2.989296675 -0.001833132 -0.001598198 0.999997020 201.227005005
0.999993861 0.001703187 0.003038859 0.238228798 -0.001707965 0.999997318 0.001570280 -3.011085510 -0.003036177 -0.001575462 0.999994099 202.432571411
0.999991834 0.001509529 0.003749394 0.240294814 -0.001514522 0.999997973 0.001329211 -3.025314331 -0.003747380 -0.001334879 0.999992073 203.645767212
0.999984682 0.001723075 0.005260937 0.233161211 -0.001732496 0.999996901 0.001786605 -3.053392649 -0.005257843 -0.001795692 0.999984562 204.826156616
0.999977887 0.002218995 0.006273879 0.231784940 -0.002229003 0.999996245 0.001588758 -3.072521925 -0.006270330 -0.001602707 0.999979079 206.027664185
0.999971330 0.001959691 0.007313380 0.223547578 -0.001973559 0.999996245 0.001889571 -3.099699974 -0.007309651 -0.001903950 0.999971509 207.201995850
0.999970913 0.000882165 0.007583004 0.233086228 -0.000894439 0.999998271 0.001615395 -3.111957073 -0.007581566 -0.001622131 0.999969959 208.358917236
0.999968886 0.000866831 0.007844266 0.234204412 -0.000888939 0.999995649 0.002815382 -3.139459133 -0.007841793 -0.002822267 0.999965250 209.512435913
0.999970436 0.000437157 0.007682825 0.235339284 -0.000465104 0.999993265 0.003636100 -3.155683994 -0.007681184 -0.003639566 0.999963880 210.631454468
0.999971449 0.000621820 0.007534714 0.231939077 -0.000649097 0.999993205 0.003618257 -3.177313566 -0.007532412 -0.003623044 0.999965072 211.745574951
0.999976814 0.001337593 0.006675380 0.237869620 -0.001354867 0.999995768 0.002583899 -3.198470592 -0.006671895 -0.002592884 0.999974370 212.850006104
0.999982595 0.001598937 0.005695722 0.243141949 -0.001607566 0.999997675 0.001510757 -3.214074612 -0.005693293 -0.001519887 0.999982595 213.937255859
0.999982536 0.001366074 0.005752402 0.237543941 -0.001375478 0.999997735 0.001631207 -3.237927914 -0.005750161 -0.001639091 0.999982119 215.004684448
0.999989331 0.000876348 0.004527716 0.236222625 -0.000883544 0.999998331 0.001587705 -3.257162094 -0.004526318 -0.001591688 0.999988496 216.067428589
0.999995470 0.000466685 0.002952297 0.234282464 -0.000474265 0.999996603 0.002567272 -3.280334949 -0.002951088 -0.002568661 0.999992371 217.104949951
0.999999344 -0.000429634 0.001024964 0.226375401 0.000425585 0.999992192 0.003947082 -3.297975302 -0.001026652 -0.003946643 0.999991715 218.145965576
0.999999344 -0.000226741 -0.001138046 0.221887201 0.000233078 0.999984384 0.005570609 -3.314253330 0.001136766 -0.005570870 0.999983847 219.181747437
0.999994040 -0.000169274 -0.003427529 0.211983144 0.000189883 0.999981880 0.006013290 -3.336817265 0.003426451 -0.006013905 0.999976039 220.173660278
0.999981701 -0.000166613 -0.006034969 0.200287819 0.000198954 0.999985635 0.005358681 -3.348385572 0.006033989 -0.005359784 0.999967396 221.168045044
0.999958932 0.000373595 -0.009051885 0.187492371 -0.000325759 0.999986053 0.005285495 -3.363182068 0.009053733 -0.005282329 0.999945045 222.151916504
0.999925613 0.000729044 -0.012176801 0.175301313 -0.000653996 0.999980807 0.006166097 -3.384163380 0.012181063 -0.006157674 0.999906838 223.081542969
0.999887168 0.001142313 -0.014980212 0.153886318 -0.001051325 0.999980927 0.006080338 -3.402425766 0.014986875 -0.006063902 0.999869287 224.006851196
0.999842167 0.001357498 -0.017720455 0.128336191 -0.001263524 0.999985099 0.005313272 -3.415009260 0.017727407 -0.005290042 0.999828875 224.917602539
0.999778926 0.001228325 -0.020988936 0.103841782 -0.001131667 0.999988735 0.004616415 -3.429027081 0.020994375 -0.004591643 0.999769032 225.797805786
0.999703050 0.001995108 -0.024285551 0.083398819 -0.001882000 0.999987245 0.004679387 -3.451746464 0.024294576 -0.004632292 0.999694109 226.659820557
0.999629855 0.002379059 -0.027098708 0.051095486 -0.002272922 0.999989569 0.003946817 -3.466212988 0.027107816 -0.003883764 0.999624968 227.490142822
0.999563336 0.003544553 -0.029336957 0.016756058 -0.003426141 0.999985754 0.004085597 -3.484183788 0.029351018 -0.003983299 0.999561250 228.310226440
0.999529243 0.004399697 -0.030361546 -0.007578850 -0.004265274 0.999980807 0.004490767 -3.496062756 0.030380717 -0.004359153 0.999528825 229.110671997
0.999534249 0.005056826 -0.030095289 -0.036011696 -0.004897279 0.999973595 0.005372742 -3.509655476 0.030121665 -0.005222855 0.999532521 229.892379761
0.999536395 0.004735656 -0.030076683 -0.058101654 -0.004561008 0.999972403 0.005872690 -3.522560596 0.030103665 -0.005732787 0.999530315 230.650497437
0.999558568 0.004485823 -0.029370708 -0.086807251 -0.004327231 0.999975741 0.005461023 -3.536409378 0.029394489 -0.005331519 0.999553621 231.397460938
0.999572456 0.005761524 -0.028665341 -0.116589546 -0.005655732 0.999976933 0.003770313 -3.548826218 0.028686412 -0.003606577 0.999581873 232.131652832
0.999595761 0.005490313 -0.027897073 -0.137086391 -0.005443512 0.999983668 0.001753277 -3.562556028 0.027906245 -0.001600710 0.999609172 232.862319946
0.999636233 0.005772906 -0.026345849 -0.164228439 -0.005767777 0.999983370 0.000270677 -3.576223850 0.026346968 -0.000118622 0.999652803 233.587478638
0.999664426 0.006238427 -0.025141191 -0.183263302 -0.006244646 0.999980509 -0.000168826 -3.588109732 0.025139643 0.000325767 0.999683797 234.313232422
0.999714136 0.005825299 -0.023187041 -0.203698635 -0.005835313 0.999982893 -0.000364215 -3.601165771 0.023184525 0.000499415 0.999731064 235.032775879
0.999756396 0.005573514 -0.021355255 -0.222892761 -0.005579443 0.999984443 -0.000218031 -3.619334936 0.021353710 0.000337128 0.999771833 235.739913940
0.999790370 0.005841599 -0.019622998 -0.237006187 -0.005851760 0.999982774 -0.000460444 -3.631242990 0.019619972 0.000575176 0.999807358 236.464248657
0.999822974 0.005393791 -0.018027648 -0.243984222 -0.005407621 0.999985099 -0.000718484 -3.645461321 0.018023502 0.000815843 0.999837279 237.171035767
0.999880791 0.005650292 -0.014363492 -0.269988537 -0.005653748 0.999984026 -0.000200086 -3.660016298 0.014362128 0.000281269 0.999896884 237.875305176
0.999924660 0.004455277 -0.011431867 -0.272695541 -0.004448003 0.999989927 0.000661568 -3.674961329 0.011434699 -0.000610670 0.999934494 238.588500977
0.999957085 0.003815748 -0.008439571 -0.280478239 -0.003812905 0.999992669 0.000352924 -3.681315422 0.008440856 -0.000320730 0.999964297 239.276870728
0.999978065 0.003299712 -0.005744867 -0.281670809 -0.003297448 0.999994457 0.000403605 -3.695392847 0.005746167 -0.000384653 0.999983370 239.975585938
0.999991536 0.003248700 -0.002500867 -0.288020015 -0.003248404 0.999994695 0.000122664 -3.708560228 0.002501254 -0.000114539 0.999996841 240.660308838
0.999994993 0.003087458 0.000712724 -0.293127120 -0.003087334 0.999995232 -0.000174153 -3.720587492 -0.000713259 0.000171952 0.999999702 241.355270386
0.999984801 0.004139561 0.003656741 -0.293218195 -0.004134922 0.999990702 -0.001275106 -3.730759144 -0.003661986 0.001259966 0.999992549 242.043609619
0.999968112 0.004431854 0.006647172 -0.289398074 -0.004420585 0.999988794 -0.001709090 -3.743966579 -0.006654672 0.001679651 0.999976516 242.735351562
0.999944866 0.004628113 0.009431849 -0.284350872 -0.004623574 0.999989212 -0.000503095 -3.761706114 -0.009434077 0.000459459 0.999955356 243.439117432
0.999920785 0.004882698 0.011611194 -0.276905298 -0.004883055 0.999988079 0.000002385 -3.772547483 -0.011611045 -0.000059083 0.999932587 244.143493652
0.999890924 0.004794334 0.013968177 -0.269828320 -0.004788630 0.999988496 -0.000441794 -3.784112692 -0.013970133 0.000374857 0.999902368 244.846923828
0.999858081 0.004388953 0.016263584 -0.260434389 -0.004359569 0.999988735 -0.001841697 -3.797432184 -0.016271481 0.001770533 0.999866009 245.558425903
0.999825180 0.004620014 0.018119581 -0.251686096 -0.004544216 0.999980807 -0.004222120 -3.809617043 -0.018138736 0.004139042 0.999826849 246.265823364
0.999816120 0.003540538 0.018847009 -0.235780716 -0.003428270 0.999976218 -0.005985769 -3.821955204 -0.018867757 0.005920056 0.999804378 246.982910156
0.999811471 0.003154156 0.019158363 -0.226332664 -0.003035549 0.999976039 -0.006216798 -3.837193489 -0.019177517 0.006157470 0.999797106 247.702606201
0.999813795 0.002654551 0.019112572 -0.211338043 -0.002525066 0.999973714 -0.006795797 -3.853184223 -0.019130113 0.006746272 0.999794185 248.428298950
0.999809027 0.003596070 0.019208062 -0.199629784 -0.003461825 0.999969363 -0.007017674 -3.868968010 -0.019232713 0.006949840 0.999790788 249.165557861
0.999799252 0.004117641 0.019608758 -0.190214157 -0.003971036 0.999964058 -0.007509539 -3.883945465 -0.019638976 0.007430164 0.999779463 249.902084351
0.999800205 0.002771500 0.019795133 -0.175920486 -0.002585739 0.999952435 -0.009403594 -3.900064945 -0.019820254 0.009350531 0.999759734 250.650650024
0.999792278 -0.000469336 0.020376191 -0.162774563 0.000705706 0.999932528 -0.011594631 -3.918811798 -0.020369377 0.011606603 0.999725103 251.396987915
0.999775410 -0.003837030 0.020838784 -0.143266678 0.004095706 0.999914885 -0.012384678 -3.933954239 -0.020789493 0.012467247 0.999706089 252.166015625
0.999769092 -0.001262829 0.021447787 -0.129615307 0.001447145 0.999962091 -0.008580353 -3.947328329 -0.021436142 0.008609410 0.999733150 252.946212769
0.999752104 0.002502412 0.022122080 -0.126828194 -0.002447583 0.999993861 -0.002505183 -3.961123943 -0.022128215 0.002450417 0.999752104 253.726303101
0.999735236 0.001626108 0.022948993 -0.111714840 -0.001649811 0.999998152 0.001013947 -3.978177786 -0.022947302 -0.001051540 0.999736130 254.513229370
0.999684572 0.000700318 0.025103418 -0.088140488 -0.000668217 0.999998868 -0.001287106 -3.988623142 -0.025104295 0.001269926 0.999683976 255.313034058
0.999578834 0.001452618 0.028982919 -0.065304756 -0.001231100 0.999969900 -0.007659439 -3.996077299 -0.028993176 0.007620534 0.999550581 256.113647461
0.999441326 0.003851156 0.033199653 -0.052124023 -0.003477436 0.999930084 -0.011307164 -4.008928299 -0.033240873 0.011185398 0.999384820 256.918151855
0.999326587 0.005496960 0.036278855 -0.026659966 -0.005102864 0.999926984 -0.010946614 -4.027039528 -0.036336385 0.010754115 0.999281704 257.734466553
0.999226093 0.004262223 0.039103206 0.011076927 -0.003928406 0.999955177 -0.008609720 -4.044659615 -0.039138149 0.008449443 0.999198079 258.577789307
0.999110222 0.001125131 0.042160593 0.047185898 -0.000897968 0.999985039 -0.005406608 -4.062918663 -0.042166043 0.005363939 0.999096155 259.410675049
0.998985291 -0.001825640 0.045000084 0.085901260 0.002013337 0.999989510 -0.004126075 -4.078020573 -0.044992074 0.004212488 0.998978496 260.251495361
0.998840153 -0.000740068 0.048142731 0.124160767 0.000890920 0.999994695 -0.003112064 -4.101711273 -0.048140168 0.003151345 0.998835742 261.103881836
0.998730242 0.001419205 0.050356962 0.166087151 -0.001157260 0.999985695 -0.005230557 -4.116152287 -0.050363660 0.005165639 0.998717666 261.944976807
0.998591959 0.002097935 0.053005274 0.200843811 -0.001718926 0.999972701 -0.007194980 -4.140635490 -0.053018916 0.007093737 0.998568296 262.777160645
0.998439550 0.002443937 0.055788584 0.243194580 -0.002019270 0.999968588 -0.007667159 -4.152887344 -0.055805564 0.007542543 0.998413146 263.633575439
0.998283207 0.003348844 0.058475152 0.287896156 -0.003036978 0.999980688 -0.005421366 -4.174604416 -0.058492165 0.005234471 0.998274088 264.471862793
0.998091936 0.004846331 0.061557751 0.335650444 -0.004618593 0.999981999 -0.003841344 -4.193333626 -0.061575256 0.003549703 0.998096108 265.319091797
0.997909665 0.005425771 0.064395718 0.389192581 -0.005163273 0.999977648 -0.004242033 -4.206371784 -0.064417288 0.003900673 0.997915447 266.190368652
0.997733474 0.005661573 0.067051612 0.442237854 -0.005348646 0.999973953 -0.004845574 -4.222623825 -0.067077294 0.004475957 0.997737706 267.034057617
0.997584462 0.003764924 0.069361500 0.503383636 -0.003414464 0.999980748 -0.005170527 -4.239015102 -0.069379643 0.004921205 0.997578144 267.873840332
0.997436881 0.000550901 0.071549512 0.561277390 -0.000236957 0.999990284 -0.004396210 -4.260708332 -0.071551248 0.004367988 0.997427285 268.751770020
0.997388303 0.000136995 0.072226927 0.628253937 0.000186602 0.999989927 -0.004473527 -4.277962685 -0.072226800 0.004475320 0.997378170 269.602508545
0.997355521 -0.000565706 0.072674900 0.683633804 0.000886096 0.999989927 -0.004376368 -4.297776699 -0.072671697 0.004429192 0.997346103 270.447479248
0.997331917 -0.000681146 0.072996549 0.752597809 0.001028187 0.999988258 -0.004716755 -4.308573723 -0.072992504 0.004779224 0.997321010 271.333618164
0.997352421 -0.000363287 0.072717592 0.810453415 0.000663313 0.999991298 -0.004101801 -4.326558113 -0.072715476 0.004139175 0.997344077 272.197113037
0.997384787 0.000036422 0.072273836 0.867597580 0.000231056 0.999993145 -0.003692539 -4.343616009 -0.072273470 0.003699582 0.997377992 273.047332764
0.997475505 -0.000263142 0.071010485 0.933858871 0.000573351 0.999990404 -0.004348143 -4.364102840 -0.071008675 0.004377880 0.997466087 273.920776367
0.997593641 -0.000237424 0.069331415 0.990451813 0.000606619 0.999985814 -0.005304070 -4.382368088 -0.069329187 0.005333364 0.997579575 274.773162842
0.997715712 0.000351417 0.067551218 1.050178528 0.000046381 0.999982655 -0.005887181 -4.403179169 -0.067552119 0.005876867 0.997698426 275.644653320
0.997833610 0.001476363 0.065770708 1.103300095 -0.001054678 0.999978662 -0.006445703 -4.419260502 -0.065778807 0.006362372 0.997814000 276.495483398
0.997941315 0.002359817 0.064089440 1.149204254 -0.001965703 0.999978721 -0.006211798 -4.446403503 -0.064102732 0.006073030 0.997924864 277.343658447
0.998061359 0.003339626 0.062148374 1.197109222 -0.002983686 0.999978602 -0.005819173 -4.463701248 -0.062166478 0.005622461 0.998049974 278.199859619
0.998248458 0.002850162 0.059092525 1.243105888 -0.002596205 0.999987066 -0.004373947 -4.484401226 -0.059104219 0.004212869 0.998242915 279.052337646
0.998480678 0.001908202 0.055070296 1.291920662 -0.001789903 0.999996006 -0.002197397 -4.496073723 -0.055074260 0.002095489 0.998480022 279.905731201
0.998739779 0.000242330 0.050188120 1.332234383 -0.000224474 1.000000000 -0.000361404 -4.516847610 -0.050188199 0.000349683 0.998739660 280.743377686
0.998980641 -0.000222302 0.045140453 1.367580414 0.000176872 0.999999464 0.001010383 -4.533719063 -0.045140646 -0.001001369 0.998980165 281.574920654
0.999164045 -0.000039894 0.040881071 1.389427185 -0.000031310 0.999998450 0.001741108 -4.550929546 -0.040881086 -0.001740933 0.999162495 282.404418945
0.999344885 -0.000423989 0.036189377 1.415259361 0.000349632 0.999997854 0.002060994 -4.563005447 -0.036190175 -0.002046991 0.999342799 283.215667725
0.999502659 -0.001774211 0.031484522 1.439295769 0.001698755 0.999995649 0.002423194 -4.579964638 -0.031488687 -0.002368505 0.999501288 284.024688721
0.999609709 -0.001585338 0.027891504 1.450021267 0.001519718 0.999996066 0.002373734 -4.598277092 -0.027895160 -0.002330421 0.999608099 284.806304932
0.999717474 -0.001584981 0.023717072 1.465254307 0.001539143 0.999996901 0.001950815 -4.608737946 -0.023720095 -0.001913761 0.999716818 285.570709229
0.999804318 -0.001235142 0.019738847 1.477510452 0.001199825 0.999997675 0.001800968 -4.622242928 -0.019741025 -0.001776932 0.999803543 286.320281982
