1.000000000 -0.000000000 0.000000000 0.000000000 -0.000000000 1.000000000 0.000000000 0.000000000 0.000000000 0.000000000 1.000000000 0.000000000
0.999978960 0.000420853 -0.006473001 -0.008220525 -0.000418198 0.999999821 0.000411424 -0.002099499 0.006473173 -0.000408709 0.999978960 0.091714330
0.999907494 0.000947538 -0.013567411 -0.016565325 -0.000945410 0.999999523 0.000163234 -0.001895198 0.013567560 -0.000150392 0.999907970 0.188415408
0.999772668 0.001373233 -0.021275980 -0.026162611 -0.001385446 0.999998868 -0.000559302 -0.002132541 0.021275189 0.000588651 0.999773502 0.285246491
0.999541998 0.001708620 -0.030214321 -0.043043956 -0.001769267 0.999996483 -0.001980603 -0.001911457 0.030210830 0.002033153 0.999541461 0.390601307
0.999125302 0.001930082 -0.041771550 -0.058912665 -0.002075136 0.999991953 -0.003429473 -0.004867337 0.041764595 0.003513155 0.999121308 0.501235008
0.998479664 0.001743512 -0.055093966 -0.084381200 -0.001969659 0.999989867 -0.004050713 -0.007824394 0.055086344 0.004153071 0.998472929 0.626054108
0.997427881 0.001821855 -0.071653903 -0.108625859 -0.002144117 0.999987900 -0.004420831 -0.004385686 0.071644984 0.004563095 0.997419775 0.761443019
0.995905161 0.000206137 -0.090403900 -0.134648517 -0.000585875 0.999991119 -0.004173942 -0.009313351 0.090402238 0.004209816 0.995896459 0.917155147
0.993914485 -0.000747650 -0.110151872 -0.176399693 0.000268380 0.999990463 -0.004365753 -0.012639154 0.110154085 0.004309623 0.993905187 1.075172305
0.991267800 -0.000864800 -0.131862298 -0.220933571 0.000253174 0.999989092 -0.004655066 -0.013604728 0.131864920 0.004581032 0.991257131 1.227186322
0.987764001 0.002686270 -0.155932516 -0.277012825 -0.003674595 0.999974847 -0.006050247 -0.017742004 0.155912369 0.006549206 0.987749159 1.396045446
0.983383775 0.007046441 -0.181401923 -0.343253016 -0.008526403 0.999936342 -0.007379934 -0.024851322 0.181338385 0.008804013 0.983381391 1.570495367
0.978001058 0.009979557 -0.208360851 -0.416482568 -0.012011603 0.999891758 -0.008489528 -0.027946724 0.208253592 0.010805514 0.978015184 1.752882123
0.971322596 0.010708620 -0.237524450 -0.495471358 -0.013181541 0.999874115 -0.008825427 -0.028860416 0.237400055 0.011703275 0.971341550 1.938231468
0.963255584 0.012433017 -0.268298507 -0.583487570 -0.015205854 0.999850214 -0.008259342 -0.033312064 0.268155634 0.012035565 0.963300407 2.134971857
0.953870296 0.014504073 -0.299868286 -0.677908063 -0.017476009 0.999821126 -0.007231071 -0.035686556 0.299709797 0.012138005 0.953953087 2.314275742
0.942593634 0.016318956 -0.333542824 -0.776954234 -0.019487614 0.999791145 -0.006156195 -0.035830662 0.333372742 0.012302743 0.942714751 2.501943588
0.930075824 0.018524762 -0.366899997 -0.880056918 -0.022065194 0.999741673 -0.005457427 -0.041365828 0.366704136 0.013171542 0.930244327 2.681544065
0.916231811 0.021305129 -0.400081694 -1.003079772 -0.025393954 0.999665439 -0.004920874 -0.040599830 0.399843037 0.014668318 0.916466177 2.865900993
0.900169671 0.022113660 -0.434977531 -1.117210388 -0.026569314 0.999638319 -0.004163970 -0.043104373 0.434728116 0.015305335 0.900431633 3.036795378
0.881777763 0.018067058 -0.471319020 -1.240207553 -0.022931585 0.999726534 -0.004579577 -0.045994695 0.471107364 0.014846259 0.881950915 3.211986780
0.860670686 0.013357962 -0.508986890 -1.378531933 -0.018397734 0.999818802 -0.004870161 -0.049976047 0.508829713 0.013555810 0.860760510 3.388477802
0.835630655 0.014944001 -0.549088299 -1.539351940 -0.018987287 0.999818206 -0.001684745 -0.053243015 0.548963487 0.011833522 0.835762620 3.568345547
0.806495070 0.020641875 -0.590880275 -1.715485573 -0.023719439 0.999715328 0.002549395 -0.060988143 0.590764821 0.011959273 0.806755185 3.731211662
0.774050057 0.023753097 -0.632678509 -1.917481184 -0.027081903 0.999623597 0.004396236 -0.063257799 0.632544875 0.013731234 0.774402082 3.901446819
0.738149166 0.022949647 -0.674247086 -2.129438400 -0.026236547 0.999641716 0.005302120 -0.066356212 0.674127221 0.013776159 0.738486767 4.072976589
0.698137581 0.018623676 -0.715721309 -2.346367598 -0.020239813 0.999775469 0.006272439 -0.063763797 0.715677500 0.010107042 0.698357701 4.240865707
0.655187547 0.014870794 -0.755319834 -2.585065365 -0.014689540 0.999867976 0.006943323 -0.063638590 0.755323470 0.006546122 0.655319512 4.405622959
0.611460328 0.014527469 -0.791141748 -2.847574711 -0.012172474 0.999885857 0.008952662 -0.062814422 0.791181505 0.004155952 0.611567318 4.539263248
0.563159764 0.015167255 -0.826208830 -3.125472307 -0.009759613 0.999883890 0.011703185 -0.060342494 0.826290369 0.001472716 0.563242376 4.678292274
0.511944056 0.015547118 -0.858878255 -3.421185970 -0.007874089 0.999879181 0.013406031 -0.054253906 0.858982801 -0.000100255 0.512004554 4.806342125
0.459776282 0.016773373 -0.887876332 -3.726984024 -0.007652036 0.999859273 0.014926391 -0.043858469 0.888001800 -0.000068738 0.459839910 4.903740883
0.405159801 0.018984903 -0.914048731 -4.060216904 -0.006272426 0.999818504 0.017986046 -0.041957095 0.914224327 -0.001553919 0.405205339 4.999755859
0.349536031 0.020920465 -0.936689317 -4.415970325 -0.006190774 0.999780416 0.020019416 -0.034112535 0.936902344 -0.001198675 0.349588752 5.088178635
0.294101387 0.024019260 -0.955472291 -4.793640137 -0.003504831 0.999704540 0.024052383 -0.028672859 0.955767691 -0.003725070 0.294098616 5.163204193
0.240693361 0.025749125 -0.970259607 -5.138154984 0.001256977 0.999638975 0.026840622 -0.031658009 0.970600367 -0.007679954 0.240574077 5.217047691
0.189731836 0.026203275 -0.981486261 -5.528945923 0.003459407 0.999619722 0.027356131 -0.026816353 0.981829822 -0.008585690 0.189569041 5.252615929
0.141985059 0.027194729 -0.989495158 -5.954520702 0.001085752 0.999617636 0.027628725 -0.017748907 0.989868224 -0.004997212 0.141901255 5.278241158
0.099617630 0.027508207 -0.994645476 -6.381682873 -0.000052384 0.999617994 0.027640477 -0.008475184 0.995025694 -0.002701377 0.099581018 5.279895782
0.061815605 0.026223572 -0.997743070 -6.813666821 -0.002061679 0.999656081 0.026146110 -0.002035737 0.998085380 0.000440788 0.061848417 5.265473366
0.027523078 0.023377683 -0.999347806 -7.278942585 -0.000072596 0.999726474 0.023384543 0.003781557 0.999621153 -0.000571066 0.027517250 5.261150837
-0.003689285 0.020727705 -0.999778390 -7.753705502 0.000305448 0.999785125 0.020726718 0.008251920 0.999993145 -0.000228914 -0.003694823 5.232606411
-0.030382266 0.018878393 -0.999360025 -8.245375633 -0.000213586 0.999821484 0.018893601 0.015384689 0.999538362 0.000787480 -0.030372808 5.193477631
-0.050904479 0.016456746 -0.998567939 -8.752994537 -0.001155172 0.999862611 0.016536966 0.025899567 0.998702943 0.001995323 -0.050878458 5.145919800
-0.067454256 0.015532639 -0.997601390 -9.268275261 -0.000369539 0.999878287 0.015593077 0.038742103 0.997722268 0.001420472 -0.067440301 5.104905128
-0.080489822 0.015903106 -0.996628523 -9.806547165 -0.000071327 0.999872565 0.015960634 0.047204748 0.996755421 0.001355755 -0.080478430 5.050424099
-0.090065449 0.017386811 -0.995784044 -10.363580704 -0.000178738 0.999847293 0.017473925 0.048910528 0.995935917 0.001751781 -0.090048589 4.990646839
-0.096904598 0.018458260 -0.995122433 -10.938235283 -0.002042743 0.999822140 0.018744353 0.049449876 0.995291471 0.003849194 -0.096849672 4.926010132
-0.101315022 0.019557636 -0.994662046 -11.529563904 -0.001797933 0.999801457 0.019841822 0.054652557 0.994852662 0.003798610 -0.101259753 4.858268261
-0.102685422 0.020137217 -0.994509935 -12.138017654 0.000104376 0.999795377 0.020233458 0.067283660 0.994713843 0.001973879 -0.102666505 4.792036057
-0.101887234 0.022380797 -0.994544089 -12.750863075 0.002053147 0.999749541 0.022287600 0.072835594 0.994793773 0.000228877 -0.101907670 4.734166145
-0.100230083 0.024727954 -0.994656980 -13.406287193 0.001344336 0.999693513 0.024717702 0.083068371 0.994963408 0.001140304 -0.100232616 4.664372444
-0.098637678 0.024777679 -0.994814873 -14.060455322 -0.000960045 0.999687195 0.024994217 0.089289799 0.995122969 0.003420439 -0.098583028 4.595202446
-0.096854068 0.022395726 -0.995046556 -14.725245476 -0.002110866 0.999739945 0.022706818 0.099938318 0.995296419 0.004299658 -0.096781582 4.525846004
-0.095533960 0.022048775 -0.995181978 -15.402968407 -0.003033709 0.999743462 0.022441063 0.110843673 0.995421648 0.005162977 -0.095442571 4.456792355
-0.093872368 0.024758052 -0.995276392 -16.099975586 -0.002715887 0.999680698 0.025123771 0.122570843 0.995580554 0.005061486 -0.093775138 4.389356613
-0.091989912 0.028328940 -0.995356917 -16.820182800 -0.004190338 0.999575317 0.028836271 0.131753087 0.995751143 0.006823527 -0.091832153 4.318437099
-0.090142146 0.030412218 -0.995464444 -17.550930023 -0.003993003 0.999514520 0.030897528 0.143013656 0.995921016 0.006760062 -0.089976944 4.246862411
-0.088503554 0.029568598 -0.995636880 -18.289581299 -0.006075177 0.999524534 0.030224090 0.159631163 0.996057332 0.008723609 -0.088281840 4.175056458
-0.086692028 0.026621727 -0.995879352 -19.041530609 -0.007993669 0.999592066 0.027416835 0.171569884 0.996203125 0.010337550 -0.086443879 4.102476120
-0.085159808 0.026095286 -0.996025503 -19.815858841 -0.008973680 0.999596298 0.026956085 0.186928660 0.996326923 0.011233589 -0.084891282 4.029499531
-0.083536737 0.028189925 -0.996105969 -20.597387314 -0.006480578 0.999563336 0.028831255 0.204502285 0.996483564 0.008863810 -0.083317570 3.960878849
-0.082710512 0.030540626 -0.996105492 -21.396783829 -0.004277616 0.999510169 0.031000201 0.214708894 0.996564448 0.006824998 -0.082539357 3.900050640
-0.080870822 0.032088470 -0.996207952 -22.188304901 -0.003631460 0.999465525 0.032488197 0.230911404 0.996718049 0.006245036 -0.080711074 3.817409515
-0.080337137 0.027534643 -0.996387362 -22.986156464 -0.003877431 0.999602199 0.027936118 0.237215579 0.996760190 0.006107729 -0.080198407 3.757507324
-0.079838157 0.020714313 -0.996592522 -23.793090820 -0.002698367 0.999775827 0.020996645 0.246104494 0.996804178 0.004365505 -0.079764359 3.688118935
-0.080145322 0.016066406 -0.996653676 -24.616975784 0.000709806 0.999870777 0.016061183 0.258277833 0.996782899 0.000579797 -0.080146365 3.625646591
-0.080653228 0.016806349 -0.996600509 -25.447214127 0.001802049 0.999858677 0.016715458 0.268132985 0.996740639 -0.000447768 -0.080672100 3.556612015
-0.080662183 0.024438918 -0.996441782 -26.299177170 0.000791925 0.999700606 0.024454731 0.271033764 0.996741176 0.001183464 -0.080657370 3.478280783
-0.081179477 0.031353239 -0.996206224 -27.131010056 -0.000696228 0.999503076 0.031513736 0.281588256 0.996699214 0.003251855 -0.081117317 3.414132833
-0.081796117 0.036806297 -0.995969117 -27.975847244 -0.002543178 0.999306858 0.037138507 0.293072581 0.996645808 0.005570712 -0.081645817 3.341127872
-0.081855744 0.037391722 -0.995942473 -28.815563202 -0.004412637 0.999272525 0.037879422 0.300854981 0.996634424 0.007495380 -0.081631199 3.259920359
-0.082088329 0.033656221 -0.996056557 -29.648677826 -0.004357049 0.999408007 0.034128547 0.318621814 0.996615589 0.007141423 -0.081893086 3.188318729
-0.082309425 0.030624449 -0.996136189 -30.488773346 -0.004414217 0.999506772 0.031092815 0.339603484 0.996597052 0.006956392 -0.082133658 3.106620073
-0.082524434 0.032121379 -0.996071219 -31.315946579 -0.005947865 0.999446750 0.032723017 0.352798462 0.996571243 0.008624946 -0.082287714 3.034148455
-0.082735911 0.034481645 -0.995974779 -32.158218384 -0.006938519 0.999357045 0.035175130 0.362951279 0.996547401 0.009820836 -0.082443461 2.964709282
-0.082269721 0.033108782 -0.996059895 -32.985683441 -0.007661130 0.999397576 0.033852484 0.372168779 0.996580660 0.010415981 -0.081966490 2.883520603
-0.082071520 0.027990324 -0.996233225 -33.810661316 -0.008145789 0.999553263 0.028754666 0.384006381 0.996593177 0.010475045 -0.081806839 2.814338923
-0.081784993 0.023555305 -0.996371567 -34.644798279 -0.009676296 0.999654770 0.024427181 0.398837149 0.996603012 0.011638965 -0.081528842 2.735284090
-0.081204265 0.024505557 -0.996396184 -35.467346191 -0.009636008 0.999631703 0.025370445 0.402191490 0.996650875 0.011661470 -0.080938213 2.666987181
-0.080615461 0.027104143 -0.996376753 -36.296833038 -0.008397845 0.999576211 0.027870640 0.407732546 0.996709824 0.010614222 -0.080353677 2.597098827
-0.080005862 0.031980749 -0.996281266 -37.144676208 -0.008143161 0.999430895 0.032735784 0.420179367 0.996761084 0.010731934 -0.079699889 2.518651485
-0.079566941 0.037414834 -0.996127069 -37.974575043 -0.007780782 0.999241650 0.038153313 0.436890721 0.996799171 0.010786391 -0.079215467 2.455859900
-0.079344466 0.040597916 -0.996020257 -38.827846527 -0.008059187 0.999111593 0.041365914 0.450682998 0.996814668 0.011309270 -0.078946784 2.370060682
-0.079157189 0.040733460 -0.996029556 -39.660102844 -0.007525137 0.999111891 0.041457549 0.467950940 0.996833801 0.010776923 -0.078780346 2.302209377
-0.079076581 0.036207989 -0.996210873 -40.487735748 -0.007625489 0.999288976 0.036925156 0.490079880 0.996839285 0.010516509 -0.078744262 2.231241941
-0.078669921 0.032165032 -0.996381760 -41.312877655 -0.008582002 0.999420524 0.032940723 0.500600994 0.996863842 0.011142395 -0.078348279 2.156833649
-0.078548178 0.029580588 -0.996471465 -42.127391815 -0.012784015 0.999447703 0.030676650 0.509941399 0.996828318 0.015148500 -0.078126624 2.083780527
-0.078937612 0.027626678 -0.996496737 -42.955150604 -0.015708426 0.999457359 0.028953101 0.524385333 0.996755779 0.017938882 -0.078460813 2.005508423
-0.079369269 0.025626723 -0.996515810 -43.758792877 -0.013989789 0.999542415 0.026818801 0.528481066 0.996747136 0.016069636 -0.078974448 1.937974215
-0.080898963 0.021908853 -0.996481538 -44.586650848 -0.010479703 0.999684393 0.022830069 0.537357688 0.996667147 0.012289759 -0.080643848 1.879280806
-0.081208088 0.020266239 -0.996491134 -45.409454346 -0.006024179 0.999764979 0.020823758 0.548658073 0.996679008 0.007694097 -0.081066914 1.802880049
-0.083482243 0.023924828 -0.996222079 -46.234279633 -0.005943368 0.999681950 0.024505971 0.551160276 0.996491551 0.007966727 -0.083313517 1.733669043
-0.085308753 0.030666260 -0.995882511 -47.056415558 -0.003701146 0.999509454 0.031094994 0.551172137 0.996347725 0.006338580 -0.085153408 1.659875870
-0.086715944 0.034300242 -0.995642364 -47.847621918 -0.001479113 0.999401569 0.034558576 0.562292576 0.996232092 0.004469447 -0.086613305 1.591306686
-0.088226169 0.033317231 -0.995543063 -48.657012939 -0.001468792 0.999435008 0.033577643 0.573451042 0.996099412 0.004424673 -0.088127375 1.514626980
-0.089391135 0.029237237 -0.995567381 -49.453880310 -0.005056730 0.999542773 0.029808031 0.583989739 0.995983720 0.007698890 -0.089202434 1.435374737
-0.090354711 0.025774511 -0.995576024 -50.240547180 -0.009926747 0.999592185 0.026779395 0.589955866 0.995860159 0.012302477 -0.090062015 1.346919060
-0.092114761 0.024588760 -0.995444894 -51.024929047 -0.013923619 0.999565601 0.025978995 0.595876694 0.995651007 0.016253242 -0.091732383 1.270228863
-0.092746459 0.025609143 -0.995360374 -51.823852539 -0.015853403 0.999504507 0.027192971 0.601627588 0.995563507 0.018301902 -0.092294499 1.184616089
-0.093696102 0.027353751 -0.995225012 -52.611408234 -0.015807275 0.999455631 0.028958216 0.607883990 0.995475411 0.018445067 -0.093212701 1.105392933
-0.094695218 0.026624657 -0.995150328 -53.394130707 -0.017562052 0.999441981 0.028410632 0.616158724 0.995351374 0.020167228 -0.094174817 1.023993492
-0.095144443 0.026422875 -0.995112777 -54.171562195 -0.018147765 0.999435484 0.028272798 0.624613941 0.995298088 0.020749066 -0.094611220 0.942140579
-0.095807165 0.028300989 -0.994997621 -54.948604584 -0.016672051 0.999409914 0.030031826 0.632464170 0.995260239 0.019465908 -0.095278792 0.866921902
-0.096009851 0.031019831 -0.994896889 -55.718563080 -0.016026488 0.999336600 0.032704845 0.644408345 0.995251298 0.019084688 -0.095449008 0.791310310
-0.096285857 0.035483368 -0.994720995 -56.494422913 -0.015649991 0.999186873 0.037157547 0.652256489 0.995230675 0.019145122 -0.095652260 0.711740971
-0.096682765 0.037445672 -0.994610608 -57.255672455 -0.015967496 0.999105155 0.039167024 0.666347623 0.995187163 0.019668220 -0.095998324 0.634430408
-0.097556278 0.037543729 -0.994521618 -58.009746552 -0.015445794 0.999110878 0.039232094 0.677377820 0.995110154 0.019188516 -0.096889630 0.560256481
-0.097830795 0.035782255 -0.994559586 -58.751411438 -0.014843628 0.999189734 0.037408948 0.685139894 0.995092392 0.018422617 -0.097220384 0.484882355
-0.097802132 0.031885050 -0.994695008 -59.480964661 -0.014202574 0.999340117 0.033430398 0.702879667 0.995104551 0.017396795 -0.097284757 0.406680107
-0.097600743 0.029080408 -0.994800687 -60.215518951 -0.015029005 0.999415934 0.030689828 0.710851431 0.995112181 0.017946213 -0.097106665 0.326997280
-0.096637785 0.026854776 -0.994957328 -60.921463013 -0.015645510 0.999471486 0.028496230 0.719188094 0.995196581 0.018320426 -0.096166551 0.258207798
-0.094022349 0.026128856 -0.995227158 -61.615924835 -0.018477911 0.999437511 0.027985064 0.722873092 0.995398641 0.021020943 -0.093486689 0.182949543
-0.089247055 0.026850071 -0.995647550 -62.312744141 -0.018155791 0.999426663 0.028579416 0.732091427 0.995844066 0.020627394 -0.088708401 0.107796669
-0.083910950 0.028845202 -0.996055603 -62.964019775 -0.018116860 0.999371588 0.030467454 0.730376720 0.996308625 0.020601956 -0.083335623 0.059032440
-0.077065080 0.030212842 -0.996568143 -63.606391907 -0.016825242 0.999359012 0.031598546 0.739774704 0.996883988 0.019202648 -0.076507345 0.019051552
-0.068107389 0.031315122 -0.997186363 -64.245086670 -0.018034942 0.999305308 0.032613434 0.746631622 0.997514844 0.020205414 -0.067495301 -0.026903152
-0.056285664 0.033196796 -0.997862637 -64.869056702 -0.019903313 0.999211073 0.034364328 0.753651142 0.998216212 0.021794995 -0.055580541 -0.065716505
-0.041277893 0.034607321 -0.998548150 -65.470222473 -0.023094654 0.999099910 0.035581127 0.761139870 0.998880684 0.024529839 -0.040441487 -0.092307091
-0.022975393 0.035965435 -0.999088883 -66.063446045 -0.024136867 0.999041319 0.036518782 0.769609928 0.999444544 0.024953909 -0.022085283 -0.099403381
-0.000863619 0.036569960 -0.999330699 -66.628883362 -0.025258927 0.999011397 0.036580101 0.783103704 0.999680519 0.025273615 0.000060953 -0.088179737
0.024829227 0.037028518 -0.999005735 -67.140876770 -0.025124155 0.999021411 0.036404658 0.787754178 0.999375939 0.024195280 0.025735231 -0.063415289
0.054221317 0.036391456 -0.997865677 -67.665512085 -0.023717668 0.999100626 0.035147749 0.797218084 0.998247266 0.021761287 0.055035669 -0.017081499
0.088677526 0.036172174 -0.995403409 -68.171119690 -0.022517795 0.999157786 0.034302566 0.806287646 0.995805800 0.019372426 0.089417353 0.046859264
0.126005769 0.036286168 -0.991365731 -68.644416809 -0.022098580 0.999185503 0.033763595 0.814551950 0.991783321 0.017653367 0.126705021 0.136062622
0.167209402 0.036388014 -0.985249698 -69.093719482 -0.021923389 0.999208868 0.033182897 0.812679768 0.985677660 0.016051518 0.167874828 0.227784157
0.212332770 0.037462570 -0.976479113 -69.518142700 -0.021717384 0.999198973 0.033611834 0.820212841 0.976956129 0.014069676 0.212976277 0.340697289
0.260110170 0.035808835 -0.964914799 -69.949539185 -0.017761711 0.999320447 0.032297682 0.819590926 0.965415597 0.008737583 0.260569423 0.504007339
0.309543192 0.030643785 -0.950391591 -70.345840454 -0.010174242 0.999530137 0.028914426 0.822984338 0.950830936 0.000719252 0.309709489 0.683506012
0.361851245 0.026257236 -0.931865871 -70.701660156 -0.005651083 0.999646664 0.025972733 0.812349021 0.932218671 -0.004132216 0.361871749 0.846160889
0.413958311 0.021694103 -0.910037279 -71.083847046 -0.000830346 0.999724627 0.023454424 0.818001032 0.910295427 -0.008953508 0.413862288 1.064823151
0.465505511 0.020795489 -0.884800613 -71.468139648 -0.001125810 0.999737024 0.022904534 0.832107723 0.885044277 -0.009666069 0.465406418 1.298805237
0.513521671 0.019775728 -0.857848823 -71.834587097 0.000625927 0.999725461 0.023421060 0.833629489 0.858076453 -0.012564172 0.513368249 1.558202744
0.558228135 0.014860537 -0.829554439 -72.185646057 0.008812612 0.999677002 0.023838321 0.844987869 0.829640687 -0.020617763 0.557916820 1.850566864
0.601566315 0.008425601 -0.798778415 -72.500129700 0.019152116 0.999504745 0.024966493 0.843134344 0.798593223 -0.030317299 0.601107001 2.159248352
0.644278407 0.003619038 -0.764782488 -72.826187134 0.020161260 0.999560893 0.021714553 0.844782472 0.764525235 -0.029409189 0.643922567 2.474315643
0.686989069 0.000241738 -0.726667583 -73.103652954 0.016096689 0.999749660 0.015550337 0.833930731 0.726489425 -0.022379855 0.686812997 2.747119904
0.727623761 -0.006785024 -0.685942769 -73.385345459 0.013019723 0.999907613 0.003920245 0.837861478 0.685852766 -0.011783251 0.727644801 3.087654114
0.766754270 -0.009240046 -0.641874075 -73.658493042 0.008361895 0.999955297 -0.004406032 0.841469169 0.641886234 -0.001988937 0.766797304 3.456657410
0.803616881 -0.010042178 -0.595062137 -73.910720825 0.006615826 0.999946654 -0.007940441 0.842697561 0.595110118 0.002444243 0.803640366 3.849750519
0.837361753 -0.010392685 -0.546550393 -74.143875122 0.006824368 0.999940157 -0.008558405 0.821509361 0.546606660 0.003436619 0.837382436 4.272136688
0.867982030 -0.008729547 -0.496518910 -74.391983032 0.003490407 0.999927938 -0.011478536 0.821846843 0.496583283 0.008230109 0.867950022 4.726999283
0.893752337 -0.007372772 -0.448500127 -74.599327087 0.003147984 0.999943376 -0.010164630 0.809344530 0.448549628 0.007672790 0.893724918 5.205434799
0.914637089 -0.001471123 -0.404273331 -74.789962769 -0.002545884 0.999952614 -0.009398626 0.799698710 0.404268026 0.009625565 0.914589882 5.701705933
0.932017982 0.002995853 -0.362399578 -74.975914001 -0.007479961 0.999911785 -0.010970962 0.791622281 0.362334788 0.012935868 0.931958139 6.215629578
0.945252299 0.007903593 -0.326244831 -75.147720337 -0.011726505 0.999883592 -0.009752899 0.782353342 0.326129794 0.013044663 0.945235014 6.753498077
0.955239415 0.008743589 -0.295704722 -75.315826416 -0.011653922 0.999899447 -0.008080953 0.772099137 0.295604408 0.011165366 0.955245197 7.296363831
0.962435424 0.007987469 -0.271393418 -75.463180542 -0.010198066 0.999925315 -0.006736009 0.761748075 0.271319270 0.009250662 0.962444901 7.878889084
0.968134642 0.008343603 -0.250290930 -75.604476929 -0.009797997 0.999941528 -0.004565345 0.749533653 0.250238240 0.006872218 0.968159974 8.476539612
0.972728372 0.010993862 -0.231686726 -75.753936768 -0.011774531 0.999928713 -0.001986909 0.741591990 0.231648386 0.004660725 0.972788453 9.098869324
0.976226091 0.015903821 -0.216170758 -75.896232605 -0.016490508 0.999863625 -0.000910447 0.739046395 0.216126829 0.004453569 0.976355135 9.727690697
0.978903830 0.019153576 -0.203421980 -76.024261475 -0.019433338 0.999810934 0.000622298 0.728066027 0.203395441 0.003343998 0.979090989 10.373708725
0.981584907 0.017973902 -0.190179393 -76.152030945 -0.018206624 0.999834120 0.000523556 0.717034876 0.190157294 0.002948609 0.981749356 11.037344933
0.984112263 0.017901383 -0.176642269 -76.264953613 -0.018135522 0.999835432 0.000288983 0.708218634 0.176618367 0.002919108 0.984275103 11.717126846
0.986685097 0.018026413 -0.161640391 -76.379310608 -0.018161064 0.999834836 0.000644555 0.706727147 0.161625326 0.002299589 0.986849606 12.414322853
0.988850772 0.019503985 -0.147626877 -76.480598450 -0.019552179 0.999808192 0.001124854 0.699500084 0.147620529 0.001774115 0.989042461 13.118927002
0.990684032 0.019619141 -0.134760082 -76.585166931 -0.019994307 0.999799073 -0.001430988 0.686719179 0.134704918 0.004112091 0.990877271 13.849069595
0.992093563 0.020787297 -0.123766311 -76.684425354 -0.021790642 0.999739647 -0.006758468 0.665994167 0.123593628 0.009401980 0.992288351 14.587828636
0.993309975 0.018895751 -0.113922037 -76.770469666 -0.020503642 0.999705732 -0.012958683 0.656677723 0.113643654 0.015207806 0.993405163 15.327894211
0.994218886 0.018871615 -0.105700232 -76.851425171 -0.020393722 0.999703050 -0.013337819 0.646274924 0.105417140 0.015416334 0.994308531 16.084154129
0.994883955 0.020253977 -0.098972477 -76.926582336 -0.021044962 0.999754369 -0.006954394 0.629671276 0.098807305 0.009001687 0.995065808 16.849395752
0.995271564 0.025372474 -0.093759358 -77.010040283 -0.025382556 0.999677241 0.001085241 0.608288527 0.093756631 0.001299742 0.995594203 17.624311447
0.995636165 0.026430357 -0.089498512 -77.094406128 -0.026111761 0.999647856 0.004728878 0.595835924 0.089591965 -0.002371277 0.995975673 18.412681580
0.995961368 0.025368355 -0.086123705 -77.160072327 -0.025149828 0.999677181 0.003621585 0.584737837 0.086187765 -0.001440963 0.996277869 19.182235718
0.996212482 0.025436167 -0.083149835 -77.223953247 -0.025290079 0.999676168 0.002809845 0.571677566 0.083194382 -0.000696337 0.996533036 19.947103500
0.996517301 0.024379358 -0.079743750 -77.296607971 -0.024059821 0.999698222 0.004965537 0.564139664 0.079840742 -0.003029623 0.996802986 20.723140717
0.996757805 0.022245897 -0.077324249 -77.364006042 -0.021750642 0.999737203 0.007241286 0.553004026 0.077465005 -0.005535957 0.996979654 21.507251740
0.997006357 0.019442549 -0.074834436 -77.406623840 -0.018812584 0.999781489 0.009113902 0.544439316 0.074995279 -0.007678790 0.997154295 22.260368347
0.997238040 0.018758914 -0.071863122 -77.466049194 -0.018433910 0.999816716 0.005183103 0.536305308 0.071947172 -0.003844071 0.997401059 23.019481659
0.997261405 0.021813929 -0.070667155 -77.516944885 -0.021972174 0.999757588 -0.001462677 0.517994165 0.070618130 0.003011384 0.997498810 23.767946243
0.997402549 0.023035046 -0.068246059 -77.584762573 -0.023703361 0.999678552 -0.008999153 0.501514018 0.068016827 0.010593440 0.997627854 24.523323059
0.997438669 0.023684476 -0.067493752 -77.636650085 -0.024628112 0.999609768 -0.013183301 0.486885607 0.067155182 0.014811776 0.997632563 25.282520294
0.997550309 0.025190247 -0.065259278 -77.692611694 -0.026009828 0.999592721 -0.011739666 0.467943281 0.064936988 0.013408290 0.997799277 26.040851593
0.997606575 0.028836366 -0.062844388 -77.754966736 -0.029360026 0.999541283 -0.007424969 0.442523390 0.062601440 0.009252310 0.997995675 26.814958572
0.997669339 0.031980403 -0.060274027 -77.810791016 -0.032167979 0.999480188 -0.002144016 0.423917592 0.060174141 0.004077913 0.998179555 27.558015823
0.997889996 0.029694676 -0.057736728 -77.857391357 -0.029770706 0.999556601 -0.000457003 0.410922974 0.057697561 0.002174902 0.998331666 28.317646027
0.998055100 0.026958779 -0.056207627 -77.906715393 -0.027017044 0.999634981 -0.000276905 0.393038422 0.056179643 0.001794931 0.998418987 29.080766678
0.998164654 0.024954095 -0.055178270 -77.946289062 -0.025000328 0.999687374 -0.000147595 0.376121461 0.055157345 0.001526799 0.998476446 29.830528259
0.998219252 0.024618506 -0.054334164 -77.991867065 -0.024780855 0.999690235 -0.002316179 0.363955915 0.054260321 0.003658501 0.998520076 30.584466934
0.998315275 0.022462077 -0.053498432 -78.033706665 -0.022689644 0.999735832 -0.003649998 0.352207005 0.053402323 0.004857709 0.998561263 31.341287613
0.998368859 0.021204365 -0.053009804 -78.073959351 -0.021422150 0.999764264 -0.003543450 0.338158131 0.052922171 0.004673254 0.998587668 32.100921631
0.998337269 0.025103429 -0.051889837 -78.129852295 -0.025276931 0.999676883 -0.002690002 0.325809062 0.051805541 0.003997145 0.998649180 32.881195068
0.998349726 0.024718363 -0.051833566 -78.171806335 -0.024925949 0.999683678 -0.003362133 0.312734485 0.051734056 0.004648585 0.998650074 33.656578064
0.998270512 0.024160357 -0.053594422 -78.213684082 -0.024375468 0.999697268 -0.003363534 0.297621548 0.053496931 0.004664105 0.998557091 34.432514191
0.998230457 0.021795111 -0.055325437 -78.265083313 -0.021984367 0.999754429 -0.002814356 0.283508569 0.055250507 0.004025670 0.998464406 35.219699860
0.998020053 0.023616947 -0.058294628 -78.325309753 -0.023830563 0.999711514 -0.002971872 0.272491813 0.058207624 0.004355182 0.998294950 36.022045135
0.997745693 0.027426116 -0.061247870 -78.377525330 -0.027657615 0.999613166 -0.002934998 0.249546766 0.061143678 0.004622351 0.998118281 36.804473877
0.997566819 0.027782572 -0.063941821 -78.438964844 -0.028336851 0.999568224 -0.007777852 0.234382123 0.063698120 0.009570838 0.997923315 37.600929260
0.997400582 0.028186519 -0.066312633 -78.502388000 -0.028997319 0.999515653 -0.011296270 0.222438335 0.065962113 0.013189797 0.997735023 38.392089844
0.997293949 0.028092481 -0.067938812 -78.571571350 -0.029048935 0.999491811 -0.013131273 0.209268093 0.067535393 0.015069290 0.997603059 39.186626434
0.997140825 0.028741984 -0.069884725 -78.640403748 -0.029609192 0.999496460 -0.011404928 0.185876071 0.069521748 0.013441552 0.997489810 40.015510559
0.997004211 0.027226780 -0.072394952 -78.698295593 -0.028080618 0.999547303 -0.010802512 0.167216659 0.072068058 0.012803048 0.997317493 40.839664459
0.996891439 0.026609033 -0.074157096 -78.762077332 -0.027330317 0.999588370 -0.008728479 0.146302044 0.073894307 0.010728084 0.997208416 41.665073395
0.996864140 0.026180930 -0.074673973 -78.838562012 -0.026647443 0.999631047 -0.005257732 0.133548349 0.074508764 0.007231115 0.997194111 42.489936829
0.996775448 0.026087351 -0.075881921 -78.904922485 -0.026194856 0.999656796 -0.000421606 0.116515025 0.075844869 0.002407962 0.997116685 43.365379333
0.996850550 0.025787722 -0.074992768 -78.973579407 -0.025736898 0.999667525 0.001644195 0.103061512 0.075010225 0.000291066 0.997182667 44.217643738
0.996895194 0.029108217 -0.073161915 -79.041824341 -0.029059846 0.999576271 0.001725780 0.089353681 0.073181137 0.000405653 0.997318506 45.070774078
0.997043133 0.028593669 -0.071326062 -79.108467102 -0.028624225 0.999590039 0.000593939 0.079685636 0.071313821 0.001449471 0.997452915 45.937568665
0.997199953 0.026274819 -0.070013240 -79.166648865 -0.026457608 0.999648571 -0.001684616 0.066062920 0.069944389 0.003532282 0.997544706 46.798229218
0.997396708 0.022169014 -0.068616375 -79.220077515 -0.022443388 0.999742866 -0.003230205 0.050333872 0.068527132 0.004761781 0.997637868 47.669948578
0.997600079 0.020972634 -0.065987378 -79.292259216 -0.021248631 0.999768078 -0.003483362 0.037146211 0.065899022 0.004877143 0.997814417 48.546394348
0.997705877 0.018738547 -0.065052487 -79.350952148 -0.018835990 0.999822199 -0.000884883 0.020660821 0.065024324 0.002108181 0.997881532 49.422576904
0.997833192 0.016170191 -0.063777141 -79.412895203 -0.016117960 0.999869168 0.001333436 0.010350287 0.063790351 -0.000302589 0.997963369 50.298915863
0.997878075 0.015569206 -0.063221224 -79.465194702 -0.015480150 0.999878407 0.001898265 -0.009145699 0.063243084 -0.000915564 0.997997820 51.170497894
0.997904062 0.017947951 -0.062170405 -79.523284912 -0.018086271 0.999835014 -0.001662794 -0.025489166 0.062130302 0.002783740 0.998064160 52.062011719
0.997916222 0.020391248 -0.061214875 -79.588378906 -0.020860720 0.999757588 -0.007039868 -0.048584104 0.061056480 0.008302186 0.998099744 52.920658112
0.997937977 0.022292037 -0.060189925 -79.646530151 -0.023090759 0.999653816 -0.012607189 -0.067924798 0.059888050 0.013971025 0.998107374 53.776599884
0.997861147 0.027162571 -0.059458368 -79.709678650 -0.028291639 0.999433398 -0.018230375 -0.094279289 0.058929514 0.019873561 0.998064280 54.626159668
0.997937560 0.026859142 -0.058301091 -79.765960693 -0.027994854 0.999432147 -0.018751409 -0.127222180 0.057764329 0.020344868 0.998122931 55.476402283
0.998000026 0.023677018 -0.058610585 -79.811424255 -0.024492562 0.999612331 -0.013235508 -0.143712223 0.058274485 0.014644561 0.998193145 56.338886261
0.997983396 0.023457982 -0.058981795 -79.880661011 -0.023752900 0.999708593 -0.004303896 -0.170129299 0.058863629 0.005696205 0.998249769 57.204441071
0.997944534 0.021875342 -0.060234923 -79.933425903 -0.021685509 0.999757588 0.003803589 -0.193573713 0.060303528 -0.002489547 0.998176932 58.058376312
0.997860789 0.020111410 -0.062206227 -79.993484497 -0.020046858 0.999797642 0.001661755 -0.208901733 0.062227070 -0.000411161 0.998061955 58.896011353
0.997821331 0.015031971 -0.064240947 -80.051528931 -0.015178790 0.999883175 -0.001797935 -0.223654777 0.064206406 0.002769116 0.997932792 59.738986969
0.997710168 0.013970638 -0.066175893 -80.117630005 -0.014219028 0.999893606 -0.003283957 -0.246458828 0.066122957 0.004217394 0.997802556 60.574260712
0.997461915 0.015410276 -0.069514267 -80.176040649 -0.015837703 0.999858856 -0.005601742 -0.262331009 0.069418117 0.006688470 0.997565329 61.374298096
0.997200727 0.016906157 -0.072833896 -80.243186951 -0.017615410 0.999803424 -0.009106557 -0.280669391 0.072665609 0.010364066 0.997302473 62.194858551
0.996893704 0.017756844 -0.076731086 -80.313621521 -0.018746596 0.999749780 -0.012197958 -0.304606140 0.076495290 0.013598514 0.996977210 63.008125305
0.996648967 0.019694682 -0.079391271 -80.393432617 -0.021029342 0.999650598 -0.016010150 -0.330588460 0.079048231 0.017626045 0.996714950 63.819557190
0.996274829 0.024518764 -0.082677014 -80.478576660 -0.025934780 0.999534070 -0.016096644 -0.357397914 0.082243830 0.018180890 0.996446371 64.620346069
0.995880663 0.028219888 -0.086170271 -80.558639526 -0.029551964 0.999462008 -0.014222064 -0.379788160 0.085722573 0.016709981 0.996178806 65.425537109
0.995461404 0.031013384 -0.089970753 -80.643051147 -0.031889312 0.999456823 -0.008314217 -0.402464867 0.089664035 0.011145585 0.995909691 66.224678040
0.995072305 0.031365931 -0.094059110 -80.724151611 -0.031751994 0.999492347 -0.002610334 -0.424897492 0.093929462 0.005584035 0.995563209 67.041061401
0.994596779 0.030945340 -0.099093929 -80.809089661 -0.030977050 0.999519348 0.001218950 -0.442180276 0.099084020 0.001857274 0.995077312 67.837684631
0.993978441 0.030203944 -0.105330922 -80.901741028 -0.030119587 0.999543369 0.002391855 -0.457054108 0.105355069 0.000795071 0.994434357 68.628875732
0.993406892 0.027794832 -0.111221232 -80.988998413 -0.027287602 0.999609113 0.006080449 -0.467558533 0.111346774 -0.003005398 0.993776977 69.417289734
0.992638648 0.028538281 -0.117702633 -81.088157654 -0.028064108 0.999589980 0.005684325 -0.478875458 0.117816590 -0.002339262 0.993032515 70.196090698
0.991825759 0.033300504 -0.123178080 -81.209480286 -0.032906651 0.999444723 0.005231062 -0.493216395 0.123283878 -0.001134924 0.992370784 70.969093323
0.990956664 0.034652218 -0.129630461 -81.313476562 -0.034773584 0.999394298 0.001327679 -0.500010908 0.129597962 0.003192045 0.991561472 71.739875793
0.990173221 0.033622317 -0.135744378 -81.422790527 -0.034104433 0.999417424 -0.001226989 -0.512454987 0.135624066 0.005844417 0.990743160 72.508438110
0.989394307 0.035132043 -0.140942484 -81.541473389 -0.035867628 0.999352872 -0.002681317 -0.523652673 0.140757129 0.007708154 0.990014076 73.273422241
0.988650739 0.036925316 -0.145624906 -81.659774780 -0.036975127 0.999313414 0.002365567 -0.532930493 0.145612299 0.003045779 0.989337087 74.045295715
0.987708032 0.037877508 -0.151651442 -81.787025452 -0.037359945 0.999282300 0.006261755 -0.541782856 0.151779726 -0.000519096 0.988414288 74.806861877
0.986737192 0.036345825 -0.158204943 -81.909881592 -0.035378221 0.999334157 0.008929100 -0.559540331 0.158424124 -0.003213667 0.987365961 75.564743042
0.985603034 0.034173407 -0.165586635 -82.039276123 -0.033855215 0.999415517 0.004744576 -0.562986910 0.165651947 0.000929703 0.986183882 76.311218262
0.984293997 0.032133982 -0.173587844 -82.177330017 -0.032947753 0.999455392 -0.001807721 -0.578023136 0.173435226 0.007498659 0.984816730 77.034553528
0.982724786 0.029579375 -0.182694271 -82.323448181 -0.030670261 0.999524593 -0.003147966 -0.592978835 0.182514325 0.008696865 0.983164787 77.779914856
0.980678439 0.029146848 -0.193443358 -82.472984314 -0.029797893 0.999555767 -0.000456222 -0.604838669 0.193344146 0.006211611 0.981111348 78.516204834
0.978390157 0.029234173 -0.204690278 -82.635955811 -0.028669063 0.999572515 0.005726423 -0.612268269 0.204770163 0.000265603 0.978810072 79.255531311
0.975933552 0.030202167 -0.215966210 -82.811721802 -0.027952570 0.999518573 0.013464046 -0.621092200 0.216268837 -0.007103205 0.976307988 79.976028442
0.973382652 0.030801814 -0.227106512 -82.992843628 -0.027679384 0.999473631 0.016921438 -0.628230929 0.227508187 -0.010184865 0.973722875 80.702079773
0.970551372 0.034238588 -0.238448262 -83.186729431 -0.032028005 0.999400616 0.013140124 -0.641826391 0.238755211 -0.005116145 0.971066296 81.419235229
0.967504382 0.033935979 -0.250566542 -83.383773804 -0.033990830 0.999413729 0.004109913 -0.649480224 0.250559062 0.004540606 0.968090653 82.117614746
0.964337468 0.031779900 -0.262760699 -83.589210510 -0.033214346 0.999447763 -0.001018014 -0.647739291 0.262583226 0.009709137 0.964860439 82.827453613
0.960983872 0.030058259 -0.274966359 -83.797286987 -0.030114315 0.999538362 0.004018702 -0.653639555 0.274960130 0.004418517 0.961445510 83.558731079
0.957634926 0.031223990 -0.286287338 -84.021697998 -0.029194649 0.999509275 0.011355190 -0.659341931 0.286501318 -0.002516068 0.958076596 84.282295227
0.954012156 0.031154282 -0.298144668 -84.256004333 -0.027450237 0.999485195 0.016603973 -0.662810564 0.298508435 -0.007656251 0.954376340 84.993186951
0.950054169 0.028847581 -0.310748577 -84.499206543 -0.025461463 0.999563992 0.014948511 -0.667126656 0.311044335 -0.006289783 0.950374544 85.706604004
0.946501851 0.027365668 -0.321535915 -84.755111694 -0.025261356 0.999623477 0.010715555 -0.672473788 0.321708113 -0.002019859 0.946836770 86.402633667
0.943262875 0.022817856 -0.331261992 -84.994247437 -0.022822287 0.999732137 0.003877061 -0.680037618 0.331261665 0.003903069 0.943530858 87.093109131
0.940488636 0.018790212 -0.339305282 -85.249595642 -0.020720402 0.999783158 -0.002066471 -0.685649276 0.339192867 0.008974034 0.940674067 87.797119141
0.937929928 0.018228389 -0.346345544 -85.519744873 -0.021003291 0.999770284 -0.004259938 -0.691713214 0.346188366 0.011269920 0.938097298 88.501075745
0.934793234 0.024101619 -0.354373783 -85.802520752 -0.027268682 0.999620259 -0.003945293 -0.711267531 0.354144126 0.013351339 0.935095608 89.211265564
0.931858063 0.024045127 -0.362025410 -86.075721741 -0.026348038 0.999651849 -0.001424978 -0.725229740 0.361865014 0.010866536 0.932167172 89.895874023
0.928755283 0.024390614 -0.369890422 -86.360717773 -0.024178226 0.999694169 0.005211001 -0.728877485 0.369904339 0.004103550 0.929060876 90.603225708
0.925992548 0.026406463 -0.376617372 -86.649963379 -0.022955168 0.999643385 0.013649747 -0.736645579 0.376843452 -0.003994248 0.926268339 91.313804626
0.923493743 0.036549326 -0.381868482 -86.973648071 -0.031148937 0.999308228 0.020316415 -0.743967533 0.382346869 -0.006867285 0.923993409 92.016273499
0.920819998 0.042971883 -0.387612969 -87.285400391 -0.039393645 0.999076068 0.017176241 -0.740505695 0.387992978 -0.000546741 0.921662152 92.706077576
0.918524444 0.039523847 -0.393383592 -87.588577271 -0.038809802 0.999198735 0.009772724 -0.741093636 0.393454731 0.006290653 0.919322491 93.394187927
0.916612267 0.031989470 -0.398495436 -87.889556885 -0.033827573 0.999424815 0.002419835 -0.746475935 0.398343593 0.011262084 0.917167127 94.086006165
0.914773822 0.032233819 -0.402678311 -88.196151733 -0.034537662 0.999402165 0.001540696 -0.747463048 0.402487367 0.012498177 0.915340245 94.782730103
0.912869871 0.039057773 -0.406378031 -88.546195984 -0.039661061 0.999189138 0.006941104 -0.758691728 0.406319588 0.009781056 0.913678586 95.481880188
0.910324812 0.041370358 -0.411821693 -88.862625122 -0.040318154 0.999123573 0.011246302 -0.765664220 0.411926001 0.006366105 0.911195040 96.185462952
0.908111155 0.037670866 -0.417030931 -89.185012817 -0.037115339 0.999266326 0.009443828 -0.776151896 0.417080700 0.006902196 0.908843279 96.884849548
0.905923486 0.036216769 -0.421889782 -89.519485474 -0.038361330 0.999258101 0.003407232 -0.787432909 0.421700150 0.013097559 0.906640708 97.571754456
0.903746545 0.033403348 -0.426762611 -89.855628967 -0.038466059 0.999254644 -0.003245663 -0.791602731 0.426336080 0.019349132 0.904357910 98.267623901
