0.999999940 0.000000000 -0.000000000 -0.000000004 0.000000000 1.000000119 0.000000000 0.000000060 -0.000000000 0.000000000 0.999999940 0.000000004
0.999991298 -0.002457769 -0.003345978 -0.003042587 0.002450434 0.999994695 -0.002194998 -0.005337363 0.003351355 0.002186779 0.999991953 0.666466475
0.999971390 -0.001670322 -0.007367833 -0.012228995 0.001644268 0.999992371 -0.003540854 -0.010337763 0.007373691 0.003528638 0.999966562 1.363326192
0.999936879 -0.001329893 -0.011151667 -0.030000897 0.001274126 0.999986649 -0.005006503 -0.012477314 0.011158178 0.004991978 0.999925256 2.061949968
0.999870658 -0.000110961 -0.016080623 -0.049126253 0.000019143 0.999983788 -0.005709914 -0.014890161 0.016080998 0.005708868 0.999854386 2.792470694
0.999787390 -0.000873904 -0.020599177 -0.062325243 0.000753473 0.999982595 -0.005853416 -0.027576484 0.020603936 0.005836651 0.999770701 3.525133371
0.999683380 0.000948842 -0.025143180 -0.087399364 -0.001132306 0.999972820 -0.007283540 -0.029884605 0.025135590 0.007309704 0.999657393 4.281017303
0.999551356 0.003968850 -0.029685328 -0.126374274 -0.004209105 0.999958932 -0.008035229 -0.038236886 0.029652212 0.008156572 0.999526978 5.041762829
0.999414206 0.004379105 -0.033942282 -0.159513175 -0.004595041 0.999969780 -0.006286470 -0.046650328 0.033913724 0.006438752 0.999404073 5.825761795
0.999251366 0.003672859 -0.038511477 -0.192050278 -0.003819252 0.999985874 -0.003728404 -0.053255584 0.038497236 0.003872699 0.999251127 6.633228302
0.999128997 0.003769625 -0.041555684 -0.237463236 -0.003813151 0.999992251 -0.000968203 -0.067515269 0.041551709 0.001125818 0.999135673 7.429997444
0.999011874 0.005171405 -0.044139806 -0.280725300 -0.005247294 0.999984980 -0.001603611 -0.076039851 0.044130843 0.001833641 0.999024034 8.245955467
0.998924494 0.004396114 -0.046154629 -0.329220384 -0.004482636 0.999988437 -0.001771296 -0.082714394 0.046146300 0.001976286 0.998932719 9.068348885
0.998841345 0.002041239 -0.048080008 -0.367043197 -0.002167450 0.999994397 -0.002573043 -0.089002393 0.048074480 0.002674274 0.998840153 9.901442528
0.998728633 0.001736774 -0.050379355 -0.407933831 -0.001831336 0.999996722 -0.001830908 -0.095372960 0.050376002 0.001920842 0.998728395 10.743101120
0.998687625 0.000243052 -0.051213358 -0.464267105 -0.000363341 0.999997258 -0.002339482 -0.099944808 0.051212639 0.002355020 0.998684943 11.581812859
0.998570502 0.002582130 -0.053385928 -0.513257682 -0.002819976 0.999986470 -0.004380373 -0.114996418 0.053373888 0.004524660 0.998564303 12.444972992
0.998491883 0.003108594 -0.054810777 -0.566243887 -0.003492032 0.999970138 -0.006901280 -0.125327796 0.054787677 0.007082272 0.998472989 13.313569069
0.998379290 0.006856468 -0.056494568 -0.624289036 -0.007336003 0.999938846 -0.008285147 -0.139692992 0.056434307 0.008686164 0.998368502 14.187400818
0.998304129 0.007995076 -0.057661038 -0.679066896 -0.008469131 0.999932349 -0.007981714 -0.150789201 0.057593320 0.008456516 0.998304188 15.082716942
0.998228371 0.007204321 -0.059060071 -0.734797299 -0.007600398 0.999950111 -0.006484457 -0.164373398 0.059010405 0.006921850 0.998233318 15.973592758
0.998152912 0.007851214 -0.060242109 -0.796385765 -0.008182188 0.999952793 -0.005249356 -0.174514890 0.060198054 0.005732574 0.998169959 16.872083664
0.998101711 0.007697924 -0.061104164 -0.857909143 -0.008025371 0.999954641 -0.005115217 -0.192356080 0.061062012 0.005595889 0.998118281 17.775911331
0.997984231 0.007338425 -0.063035935 -0.914224505 -0.007712365 0.999954104 -0.005690889 -0.206997603 0.062991291 0.006165575 0.997994959 18.685869217
0.997929692 0.005875423 -0.064045332 -0.977629900 -0.006285605 0.999961019 -0.006204974 -0.220271736 0.064006381 0.006594691 0.997927666 19.600265503
0.997895002 0.005635119 -0.064604998 -1.036130905 -0.005944226 0.999971867 -0.004593364 -0.232156098 0.064577296 0.004967721 0.997900307 20.516296387
0.997886896 0.007184098 -0.064575702 -1.099477530 -0.007292329 0.999972403 -0.001440500 -0.241211951 0.064563587 0.001908364 0.997911751 21.444503784
0.997944236 0.008263749 -0.063553110 -1.162990928 -0.008130707 0.999964237 0.002351757 -0.251299739 0.063570283 -0.001830190 0.997975707 22.376239777
0.998064697 0.007534047 -0.061725561 -1.231363535 -0.007232259 0.999960840 0.005111165 -0.256656170 0.061761640 -0.004654857 0.998080015 23.310169220
0.998145878 0.007205066 -0.060438849 -1.283545375 -0.006851838 0.999958158 0.006049593 -0.264573753 0.060479913 -0.005624257 0.998153687 24.252332687
0.998218715 0.007617086 -0.059172336 -1.339033723 -0.007449428 0.999967515 0.003053458 -0.269858927 0.059193671 -0.002607217 0.998243153 25.197805405
0.998290598 0.008193525 -0.057867095 -1.405503631 -0.008294778 0.999964535 -0.001509740 -0.276970118 0.057852663 0.001987156 0.998323143 26.136178970
0.998333275 0.008032583 -0.057149731 -1.451171279 -0.008297116 0.999955952 -0.004393003 -0.291618079 0.057111930 0.004859859 0.998355925 27.090026855
0.998384237 0.005276499 -0.056576494 -1.502811670 -0.005488378 0.999978483 -0.003590253 -0.299114406 0.056556340 0.003894965 0.998391807 28.048685074
0.998404324 0.003614485 -0.056352902 -1.565443516 -0.003543845 0.999992847 0.001353397 -0.310028017 0.056357399 -0.001151531 0.998409927 29.019998550
0.998358667 -0.000153046 -0.057269517 -1.615423679 0.000440598 0.999987423 0.005008428 -0.323188603 0.057268020 -0.005025441 0.998346090 29.981494904
0.998260260 -0.007566143 -0.058474779 -1.663761497 0.007829773 0.999960184 0.004280614 -0.329000175 0.058440071 -0.004731012 0.998279631 30.956939697
0.998158276 -0.010156704 -0.059807144 -1.718815684 0.010213154 0.999947667 0.000638237 -0.336521238 0.059797537 -0.001247881 0.998209715 31.927461624
0.998084426 -0.009796403 -0.061086878 -1.783445954 0.009597424 0.999947727 -0.003549903 -0.341655970 0.061118461 0.002956825 0.998126090 32.901382446
0.997963786 -0.008228200 -0.063248619 -1.852616668 0.007972431 0.999959052 -0.004295183 -0.351579726 0.063281365 0.003782192 0.997988462 33.890830994
0.997915328 -0.008762945 -0.063938282 -1.911526442 0.008622970 0.999959826 -0.002464894 -0.371463656 0.063957311 0.001908419 0.997950792 34.865238190
0.997854114 -0.005687384 -0.065228462 -1.981891394 0.005722022 0.999983609 0.000344211 -0.384255379 0.065225437 -0.000716710 0.997870266 35.862434387
0.997779012 -0.005475803 -0.066386610 -2.052846432 0.005596019 0.999983013 0.001625028 -0.396235347 0.066376582 -0.001992920 0.997792780 36.850227356
0.997726500 -0.004246384 -0.067259483 -2.122503996 0.004531853 0.999981344 0.004092282 -0.403292775 0.067240857 -0.004387788 0.997727156 37.823928833
0.997740686 -0.004236024 -0.067049153 -2.189237595 0.004740858 0.999961615 0.007371977 -0.415316284 0.067015342 -0.007673191 0.997722566 38.813655853
0.997700930 0.001213772 -0.067759372 -2.267189980 -0.000563949 0.999953687 0.009608433 -0.414194167 0.067767911 -0.009548129 0.997655451 39.807323456
0.997695088 0.001453168 -0.067840785 -2.341212273 -0.000850209 0.999959826 0.008915886 -0.421604156 0.067851029 -0.008837656 0.997656286 40.789894104
0.997706294 0.001721218 -0.067668997 -2.410239935 -0.001235042 0.999973178 0.007225803 -0.425381660 0.067679614 -0.007125654 0.997681677 41.792827606
0.997710049 0.004146693 -0.067507513 -2.491888523 -0.003822475 0.999980509 0.004931148 -0.430607438 0.067526631 -0.004661810 0.997706592 42.781997681
0.997668624 0.003609854 -0.068148658 -2.566452265 -0.003280347 0.999982536 0.004946399 -0.435230672 0.068165302 -0.004711316 0.997662961 43.760387421
0.997579753 0.001513991 -0.069514811 -2.631595612 -0.001083207 0.999979973 0.006234291 -0.446320474 0.069522880 -0.006143904 0.997561395 44.751846313
0.997509658 0.001819925 -0.070504822 -2.700650692 -0.001310005 0.999972641 0.007277984 -0.453541130 0.070516139 -0.007167499 0.997484863 45.741588593
0.997514129 0.004773480 -0.070305079 -2.789142132 -0.004531116 0.999983191 0.003606388 -0.464425683 0.070321128 -0.003278862 0.997519016 46.714210510
0.997420490 0.004989899 -0.071605437 -2.858683586 -0.005036061 0.999987185 -0.000464153 -0.473820686 0.071602233 0.000823564 0.997432888 47.676044464
0.997369051 0.005624259 -0.072272509 -2.922975540 -0.005760230 0.999982059 -0.001673076 -0.478859842 0.072261795 0.002084981 0.997383416 48.639884949
0.997375250 0.004541064 -0.072262987 -2.997096062 -0.004399724 0.999988139 0.002114964 -0.493465573 0.072271727 -0.001791475 0.997383296 49.620582581
0.997379482 0.002559512 -0.072301790 -3.071470499 -0.002203976 0.999985158 0.004996747 -0.503495932 0.072313517 -0.004824302 0.997370243 50.584320068
0.997352540 0.000073882 -0.072716884 -3.134082317 0.000348682 0.999983072 0.005798370 -0.511779308 0.072716087 -0.005808374 0.997335613 51.539909363
0.997320950 -0.003229067 -0.073077425 -3.202602148 0.003585246 0.999982357 0.004743336 -0.521894991 0.073060818 -0.004992628 0.997314870 52.498580933
0.997281611 -0.006194531 -0.073423512 -3.269621372 0.006459948 0.999973476 0.003377942 -0.531101346 0.073400624 -0.003843071 0.997295022 53.449539185
0.997207403 -0.007438753 -0.074310146 -3.343050957 0.007779418 0.999960542 0.004295945 -0.538848579 0.074275248 -0.004862037 0.997225881 54.402404785
0.997070730 -0.010919211 -0.075701028 -3.410648584 0.011602052 0.999895871 0.008586311 -0.544261873 0.075599380 -0.009439444 0.997093558 55.354843140
0.997022927 -0.011164004 -0.076292619 -3.479984999 0.012235760 0.999832749 0.013594966 -0.549824297 0.076128095 -0.014487989 0.996992707 56.297039032
0.997014821 -0.009444097 -0.076630592 -3.561196804 0.010668997 0.999821603 0.015590794 -0.548423171 0.076469690 -0.016361823 0.996937573 57.243957520
0.996911466 -0.008250334 -0.078097574 -3.639289379 0.009173422 0.999892116 0.011468285 -0.549827456 0.077994525 -0.012149286 0.996879637 58.176551819
0.996819496 -0.006255980 -0.079445310 -3.713314533 0.006592423 0.999970436 0.003973318 -0.558951735 0.079418100 -0.004484420 0.996831238 59.080158234
0.996749222 -0.004848601 -0.080419749 -3.795358419 0.004805047 0.999988198 -0.000735115 -0.567735374 0.080422364 0.000346305 0.996760726 60.007850647
0.996716797 0.000337706 -0.080966301 -3.883412600 -0.000344818 0.999999940 -0.000073863 -0.576425076 0.080966286 0.000101539 0.996716738 60.906616211
0.996579409 0.003164297 -0.082579769 -3.964701176 -0.002961881 0.999992371 0.002573539 -0.593327165 0.082587287 -0.002320145 0.996581018 61.806007385
0.996498764 0.005526119 -0.083424538 -4.041223526 -0.005218092 0.999978721 0.003909875 -0.606543064 0.083444357 -0.003460868 0.996506393 62.687030792
0.996390641 0.006000987 -0.084674075 -4.118149757 -0.005719690 0.999977291 0.003564313 -0.614421070 0.084693536 -0.003067138 0.996402323 63.554115295
0.996249437 0.007594911 -0.086193331 -4.196773529 -0.007214985 0.999962926 0.004718511 -0.627760828 0.086225964 -0.004078929 0.996267319 64.404235840
0.996122241 0.008756055 -0.087542541 -4.276895523 -0.008325145 0.999951541 0.005286182 -0.639258027 0.087584548 -0.004536879 0.996146679 65.243721008
0.996002495 0.008175529 -0.088949919 -4.348850250 -0.007689824 0.999953568 0.005801741 -0.650929451 0.088993236 -0.005094541 0.996019185 66.056671143
0.995892346 0.007985686 -0.090191886 -4.422671318 -0.007408503 0.999949813 0.006732456 -0.656002402 0.090241142 -0.006036615 0.995901644 66.861053467
0.995753109 0.011083818 -0.091392875 -4.504198074 -0.010252575 0.999901772 0.009559763 -0.664929032 0.091489874 -0.008582153 0.995768905 67.665016174
0.995618939 0.012626980 -0.092645399 -4.582437515 -0.011396825 0.999839902 0.013795190 -0.672147691 0.092804767 -0.012678891 0.995603561 68.445877075
0.995435834 0.015630586 -0.094143614 -4.669976234 -0.014239954 0.999779642 0.015425151 -0.674460769 0.094363958 -0.014014146 0.995439053 69.231826782
0.995250463 0.018574616 -0.095558345 -4.747368336 -0.017575793 0.999781907 0.011283673 -0.680363953 0.095747076 -0.009550570 0.995359778 69.981758118
0.995115995 0.018444562 -0.096973352 -4.818388939 -0.018127955 0.999827027 0.004144985 -0.691856861 0.097033039 -0.002366812 0.995278239 70.702697754
0.994986117 0.017737787 -0.098427385 -4.891451359 -0.017990153 0.999836743 -0.001676947 -0.697426558 0.098381586 0.003439263 0.995142758 71.409294128
0.994937599 0.018488446 -0.098779611 -4.968709469 -0.018885877 0.999816835 -0.003089778 -0.701366246 0.098704398 0.004939675 0.995104432 72.102249146
0.994826138 0.020979902 -0.099403091 -5.047398090 -0.021028034 0.999778748 0.000563655 -0.711600006 0.099392951 0.001529512 0.995047033 72.782249451
0.994692385 0.021372532 -0.100649066 -5.119845390 -0.021203475 0.999771476 0.002749322 -0.727594256 0.100684822 -0.000600620 0.994918108 73.433807373
0.994644463 0.018061345 -0.101764873 -5.181564331 -0.018190749 0.999834538 -0.000343627 -0.740182638 0.101741813 0.002192965 0.994808435 74.063865662
0.994760871 0.010045149 -0.101734087 -5.234035015 -0.010653459 0.999928474 -0.005437859 -0.756383777 0.101672173 0.006493189 0.994796753 74.677856445
0.994909346 0.006129644 -0.100587070 -5.293900490 -0.007227957 0.999918163 -0.010558214 -0.759248793 0.100514114 0.011231504 0.994872212 75.278274536
0.995177865 0.008224893 -0.097741216 -5.348107338 -0.009341198 0.999896288 -0.010968901 -0.770246983 0.097640842 0.011829027 0.995151401 75.857360840
0.995517015 0.013317571 -0.093639113 -5.407961369 -0.014082238 0.999872506 -0.007509994 -0.790402889 0.093527168 0.008794975 0.995577812 76.424636841
0.995967031 0.011864857 -0.088930704 -5.459803581 -0.012328274 0.999913037 -0.004663482 -0.797966003 0.088867642 0.005741034 0.996026874 76.983337402
0.996498287 0.008258432 -0.083202653 -5.495807171 -0.008335619 0.999964952 -0.000580321 -0.805557549 0.083194964 0.001271833 0.996532440 77.525642395
0.997173488 0.003640494 -0.075043716 -5.523764133 -0.003414733 0.999989212 0.003136482 -0.823487878 0.075054333 -0.002871363 0.997175217 78.054870605
0.997892141 0.007303323 -0.064483069 -5.552281857 -0.007125327 0.999970138 0.002989906 -0.833062232 0.064502977 -0.002524140 0.997914255 78.569679260
0.998701692 0.012615534 -0.049352914 -5.579994678 -0.012514026 0.999918878 0.002365236 -0.839258373 0.049378738 -0.001744562 0.998778522 79.071754456
0.999360561 0.017428784 -0.031219050 -5.593972206 -0.017347259 0.999845386 0.002880377 -0.845386744 0.031264435 -0.002336970 0.999508321 79.568740845
0.999829352 0.016180696 -0.008907557 -5.586061001 -0.016149288 0.999863088 0.003586936 -0.853363633 0.008964378 -0.003442473 0.999953806 80.047576904
0.999774456 0.012647912 0.017056959 -5.552086353 -0.012723373 0.999909818 0.004322851 -0.857737064 -0.017000750 -0.004538896 0.999845147 80.500961304
0.998849869 0.011561200 0.046532393 -5.507201195 -0.011849892 0.999912202 0.005933029 -0.867560387 -0.046459712 -0.006477608 0.998899102 80.953491211
0.996753633 0.011154995 0.079734072 -5.452468395 -0.011784797 0.999902964 0.007432560 -0.874864519 -0.079643421 -0.008348082 0.996788383 81.408233643
0.993061781 0.011183164 0.117060728 -5.372694016 -0.012138633 0.999898612 0.007452387 -0.875266016 -0.116965510 -0.008821637 0.993096769 81.848037720
0.987266123 0.010966412 0.158699051 -5.288093567 -0.012310590 0.999896169 0.007489361 -0.883748174 -0.158600450 -0.009347672 0.987298548 82.248184204
0.978948474 0.010720315 0.203826040 -5.172647476 -0.012482543 0.999895036 0.007362043 -0.889621556 -0.203725725 -0.009751327 0.978979409 82.663581848
0.967458308 0.012886547 0.252702087 -5.036668777 -0.014708729 0.999877691 0.005322916 -0.899747491 -0.252602577 -0.008866622 0.967529476 83.066040039
0.951876163 0.014106833 0.306158364 -4.889579773 -0.015597377 0.999875546 0.002422585 -0.907618403 -0.306086063 -0.007081267 0.951977432 83.449249268
0.932147622 0.014476237 0.361789167 -4.706779480 -0.015437610 0.999880910 -0.000233244 -0.908575118 -0.361749411 -0.005367740 0.932259858 83.817687988
0.907912195 0.014003160 0.418926567 -4.518692017 -0.014669348 0.999891043 -0.001630734 -0.921763062 -0.418903798 -0.004664815 0.908018589 84.149559021
0.878903270 0.014597005 0.476776689 -4.304286957 -0.014539558 0.999887049 -0.003809943 -0.927564025 -0.476778418 -0.003583551 0.879016161 84.462020874
0.845511138 0.013535657 0.533786237 -4.060695648 -0.012030927 0.999907851 -0.006298640 -0.930982351 -0.533822298 -0.001096373 0.845595896 84.763313293
0.808297813 0.013031815 0.588629723 -3.804039001 -0.010851785 0.999914944 -0.007235849 -0.944455028 -0.588673830 -0.000538961 0.808370471 85.055030823
0.768177330 0.011948694 0.640125632 -3.529235840 -0.010185003 0.999927402 -0.006442389 -0.954084396 -0.640156150 -0.001570785 0.768243194 85.326644897
0.726495206 0.011473965 0.687075794 -3.231533051 -0.011050161 0.999926388 -0.005014345 -0.955888450 -0.687082708 -0.003949399 0.726568460 85.556594849
0.681555212 0.010541191 0.731690884 -2.927761078 -0.009792297 0.999938071 -0.005284405 -0.959225059 -0.731701195 -0.003563319 0.681616187 85.777954102
0.635900736 0.008717774 0.771721721 -2.593975067 -0.006313111 0.999961555 -0.006094074 -0.973556101 -0.771745086 -0.000996738 0.635931253 85.977462769
0.589720011 0.005603238 0.807588160 -2.264934540 0.000549951 0.999972880 -0.007339634 -0.977942407 -0.807607532 0.004772464 0.589700937 86.146339417
0.543229222 0.007362979 0.839552104 -1.930805206 -0.001539024 0.999968588 -0.007774031 -0.991844893 -0.839583039 0.002930989 0.543223560 86.312011719
0.496336311 0.010750065 0.868063688 -1.591796875 -0.004715403 0.999941885 -0.009687095 -0.993558049 -0.868117511 0.000714788 0.496358275 86.467880249
0.451202393 0.012136173 0.892338991 -1.252143860 -0.005120287 0.999926269 -0.011010380 -1.008630037 -0.892406881 0.000398879 0.451231301 86.596199036
0.408623844 0.010413202 0.912643373 -0.898815155 0.001647782 0.999924839 -0.012146849 -1.010185957 -0.912701368 0.006467330 0.408576012 86.709442139
0.367643595 0.002586472 0.929963171 -0.528398514 0.015776815 0.999834836 -0.009017871 -1.022977352 -0.929832935 0.017987212 0.367541999 86.824645996
0.332559109 -0.002478322 0.943079174 -0.160999298 0.019883843 0.999792695 -0.004384302 -1.042723894 -0.942872763 0.020210076 0.332539439 86.911705017
0.298821390 0.002838213 0.954304814 0.201360703 0.017255990 0.999816000 -0.008376935 -1.036363721 -0.954152942 0.018970681 0.298717439 87.012100220
0.268151999 0.010483747 0.963319540 0.572589874 0.007075969 0.999892354 -0.012851451 -1.049624205 -0.963350654 0.010262562 0.268048942 87.109992981
0.239772469 0.015080161 0.970711887 0.950946808 0.001429122 0.999872863 -0.015886186 -1.068483472 -0.970828056 0.005196335 0.239720359 87.196250916
0.213982061 0.016708096 0.976694584 1.341930389 0.002875887 0.999838650 -0.017734092 -1.082817197 -0.976833284 0.006603640 0.213899463 87.262367249
0.190592021 0.018219527 0.981500208 1.752166748 0.010027126 0.999739528 -0.020505216 -1.091417909 -0.981618047 0.013749756 0.190359652 87.317359924
0.170599714 0.024132293 0.985044777 2.162413597 0.017006718 0.999479055 -0.027431304 -1.096052885 -0.985193670 0.021432148 0.170100391 87.358062744
0.150717378 0.031374767 0.988078833 2.584706306 0.019251378 0.999213457 -0.034664851 -1.088235378 -0.988389373 0.024246478 0.149994835 87.412780762
0.133063108 0.032020152 0.990590155 3.024301529 0.017034711 0.999256432 -0.034588505 -1.101863623 -0.990961134 0.021476872 0.132418722 87.467765808
0.117749028 0.027758762 0.992655277 3.486712456 0.014798966 0.999449134 -0.029704195 -1.126421809 -0.992933035 0.018187914 0.117273375 87.517799377
0.103336945 0.024554640 0.994343162 3.951430321 0.014733269 0.999547720 -0.026214315 -1.146182537 -0.994537234 0.017358834 0.102928445 87.557823181
0.090057246 0.021978902 0.995693982 4.433876991 0.018004060 0.999557197 -0.023692580 -1.160317183 -0.995773792 0.020060221 0.089621633 87.590827942
0.078467675 0.021275980 0.996689558 4.927361012 0.021712165 0.999498665 -0.023045301 -1.174731255 -0.996680081 0.023448598 0.077966370 87.615997314
0.068229198 0.021900117 0.997429252 5.441083431 0.024802659 0.999412835 -0.023640297 -1.190130472 -0.997361302 0.026351852 0.067645967 87.644226074
0.060299635 0.022490215 0.997926831 5.970375538 0.026949564 0.999345005 -0.024150599 -1.201618433 -0.997816443 0.028349964 0.059654027 87.667800903
0.054838251 0.022658184 0.998238146 6.524257183 0.028483860 0.999300122 -0.024247052 -1.219497800 -0.998088777 0.029763333 0.054154463 87.693977356
0.049506359 0.023772968 0.998490751 7.083610058 0.029877679 0.999234140 -0.025272032 -1.233828783 -0.998326719 0.031083714 0.048758149 87.714019775
0.043571498 0.024466675 0.998750627 7.669825554 0.030068448 0.999215066 -0.025789818 -1.253570795 -0.998597622 0.031154580 0.042801622 87.737327576
0.038722835 0.024347436 0.998953223 8.272890091 0.032633968 0.999139011 -0.025616968 -1.270471454 -0.998716950 0.033591773 0.037894942 87.760101318
0.035911817 0.024398917 0.999056995 8.896197319 0.033977460 0.999094188 -0.025621170 -1.287372231 -0.998777211 0.034865517 0.035050262 87.776771545
0.033035956 0.023680024 0.999173582 9.535410881 0.035263237 0.999069214 -0.024843477 -1.309648156 -0.998831809 0.036054820 0.032170173 87.790405273
0.030573990 0.022980737 0.999268234 10.190998077 0.037453387 0.999007225 -0.024120672 -1.330543637 -0.998830438 0.038163438 0.029682925 87.808486938
0.029952500 0.022750750 0.999292314 10.867038727 0.041611422 0.998845875 -0.023987832 -1.347863436 -0.998684824 0.042300459 0.028971246 87.821075439
0.031139486 0.022263147 0.999267042 11.556077957 0.045381390 0.998689413 -0.023664467 -1.366469026 -0.998484313 0.046085019 0.030088343 87.836746216
0.033485241 0.022082591 0.999195278 12.262377739 0.047094438 0.998610437 -0.023647906 -1.389272094 -0.998329103 0.047848377 0.032398745 87.861763000
0.037347585 0.022180151 0.999056101 12.987262726 0.049446639 0.998488009 -0.024015997 -1.409490824 -0.998078227 0.050296910 0.036194373 87.884819031
0.041851744 0.021596104 0.998890340 13.725231171 0.049766731 0.998480260 -0.023672381 -1.431776047 -0.997883558 0.050702237 0.040713374 87.914474487
0.045928925 0.019987881 0.998744667 14.484213829 0.051582206 0.998418629 -0.022353448 -1.451277018 -0.997611940 0.052544128 0.044825267 87.948547363
0.049468275 0.018634234 0.998601794 15.247627258 0.050634500 0.998493552 -0.021140523 -1.471848726 -0.997491300 0.051609486 0.048450209 87.997230530
0.053748444 0.016389780 0.998419940 16.042469025 0.047997933 0.998667240 -0.018977728 -1.492180824 -0.997400224 0.048942115 0.052890133 88.043518066
0.057323117 0.015525276 0.998234928 16.835689545 0.047110058 0.998723209 -0.018238138 -1.510423660 -0.997243524 0.048072375 0.056518536 88.105163574
0.061578546 0.016106514 0.997972310 17.639192581 0.044690013 0.998822510 -0.018877776 -1.536265492 -0.997101247 0.045761850 0.060786247 88.161079407
0.064908743 0.020224240 0.997686207 18.434291840 0.042349901 0.998838007 -0.023002839 -1.561288595 -0.996992052 0.043745007 0.063976832 88.204238892
0.066227563 0.025916226 0.997467935 19.235561371 0.036452003 0.998932540 -0.028374530 -1.581799269 -0.997138500 0.038238876 0.065212168 88.268768311
0.065834820 0.028778609 0.997415423 20.042722702 0.033645321 0.998951495 -0.031043710 -1.612264991 -0.997263074 0.035602111 0.064797536 88.334663391
0.066112779 0.028460655 0.997406125 20.862831116 0.031107612 0.999048412 -0.030569483 -1.644735098 -0.997327089 0.033047955 0.065164536 88.395072937
0.066330515 0.026593272 0.997443259 21.676990509 0.028206145 0.999195337 -0.028515710 -1.680074811 -0.997398913 0.030025493 0.065527044 88.451652527
0.066336274 0.025063271 0.997482479 22.495737076 0.029320089 0.999203861 -0.027056413 -1.717148781 -0.997366309 0.031041104 0.065548591 88.507171631
0.066108771 0.024327897 0.997515738 23.314424515 0.026546491 0.999306023 -0.026130883 -1.752952099 -0.997459114 0.028208025 0.065417059 88.578521729
0.066370323 0.024781922 0.997487366 24.124862671 0.025176397 0.999331653 -0.026502926 -1.785112143 -0.997477293 0.026872143 0.065702051 88.634178162
0.066137992 0.025151202 0.997493386 24.938541412 0.022076443 0.999400675 -0.026663052 -1.821877480 -0.997566164 0.023784542 0.065543093 88.699356079
0.065015376 0.026677575 0.997527599 25.751630783 0.019152429 0.999425113 -0.027976608 -1.853408813 -0.997700393 0.020923985 0.064467050 88.762687683
0.061690472 0.026653688 0.997739255 26.557399750 0.016130222 0.999486208 -0.027697686 -1.882457733 -0.997964859 0.017802440 0.061228838 88.820091248
0.058265198 0.025509845 0.997975051 27.375049591 0.013790769 0.999557555 -0.026355445 -1.910778403 -0.998205841 0.015298448 0.057887625 88.872222900
0.053604856 0.023047810 0.998296082 28.187849045 0.011964628 0.999647081 -0.023721451 -1.942016840 -0.998490512 0.013215828 0.053310178 88.919006348
0.047328871 0.020767005 0.998663306 28.995233536 0.009652162 0.999727666 -0.021246571 -1.974349260 -0.998832762 0.010644837 0.047115535 88.961196899
0.039821304 0.021116177 0.998983622 29.806285858 0.009591195 0.999722600 -0.021514120 -2.002485991 -0.999160767 0.010438167 0.039607726 88.994880676
0.031208232 0.021978630 0.999271154 30.607351303 0.009399359 0.999707639 -0.022281781 -2.030358076 -0.999468744 0.010087883 0.030992517 89.020111084
0.021270592 0.022479545 0.999520957 31.411987305 0.010087983 0.999691486 -0.022698063 -2.056433678 -0.999722779 0.010565952 0.021037258 89.038314819
0.010932449 0.021356175 0.999712110 32.202285767 0.011377204 0.999704659 -0.021480428 -2.087606192 -0.999875486 0.011608763 0.010686242 89.043098450
0.000256403 0.020069906 0.999798536 32.998619080 0.010304502 0.999745488 -0.020071486 -2.118982553 -0.999946892 0.010307572 0.000049525 89.044059753
-0.010924147 0.019450892 0.999751151 33.782348633 0.011739046 0.999744415 -0.019322492 -2.144835234 -0.999871373 0.011525040 -0.011149689 89.033149719
-0.021951245 0.020030010 0.999558449 34.562564850 0.011971725 0.999732852 -0.019770600 -2.169158459 -0.999687254 0.011532447 -0.022185178 89.017372131
-0.033090055 0.020682370 0.999238312 35.340850830 0.011923213 0.999722898 -0.020297563 -2.194690943 -0.999381185 0.011242483 -0.033327490 88.991172791
-0.043461032 0.021600401 0.998821557 36.113945007 0.011304816 0.999712825 -0.021127781 -2.224636555 -0.998991132 0.010373258 -0.043692745 88.948959351
-0.053930078 0.022697972 0.998286724 36.877315521 0.011898263 0.999685287 -0.022086998 -2.248343468 -0.998473823 0.010686726 -0.054183170 88.908218384
-0.063223049 0.023215936 0.997729361 37.633365631 0.013294423 0.999660254 -0.022418443 -2.282158852 -0.997910798 0.011846875 -0.063510202 88.850158691
-0.073045440 0.023894686 0.997042298 38.404201508 0.013559490 0.999644279 -0.022963649 -2.306945562 -0.997236371 0.011841998 -0.073343441 88.796295166
-0.082437932 0.024352422 0.996298611 39.142829895 0.014288045 0.999627531 -0.023251534 -2.334985495 -0.996493697 0.012318352 -0.082755163 88.735649109
-0.090966985 0.023650963 0.995572984 39.879245758 0.015683107 0.999628007 -0.022314301 -2.360537291 -0.995730400 0.013583811 -0.091304064 88.663574219
-0.098258093 0.022429764 0.994908154 40.609279633 0.017386384 0.999632120 -0.020819170 -2.390495777 -0.995009005 0.015252202 -0.098611914 88.582603455
-0.103580341 0.020795366 0.994403660 41.331359863 0.020108473 0.999620855 -0.018809903 -2.416737080 -0.994417787 0.018047599 -0.103959225 88.507675171
-0.107304499 0.019468479 0.994035542 42.040435791 0.023566604 0.999577165 -0.017033035 -2.438364267 -0.993946731 0.021598317 -0.107717931 88.422874451
-0.110098377 0.018242845 0.993753135 42.751182556 0.024736695 0.999572158 -0.015609073 -2.460241795 -0.993612826 0.022863634 -0.110502526 88.343986511
-0.111716501 0.017320573 0.993589044 43.435131073 0.024898229 0.999583006 -0.014625570 -2.482619762 -0.993428171 0.023104690 -0.112101145 88.265670776
-0.112642899 0.017902404 0.993474185 44.119033813 0.025648793 0.999556959 -0.015103881 -2.500983477 -0.993304431 0.023780070 -0.113052160 88.191040039
-0.111737967 0.019051159 0.993555129 44.770122528 0.026264029 0.999523640 -0.016211877 -2.519771099 -0.993390560 0.024283277 -0.112185083 88.121643066
-0.108586296 0.020571250 0.993874133 45.389186859 0.027281644 0.999470949 -0.017706420 -2.541920662 -0.993712604 0.025191844 -0.109090067 88.053070068
-0.103504837 0.021126991 0.994404495 46.018344879 0.027163563 0.999461532 -0.018407052 -2.564815998 -0.994257927 0.025106350 -0.104022987 87.986404419
-0.095479436 0.022031585 0.995187521 46.616344452 0.026613347 0.999454260 -0.019572724 -2.582526445 -0.995075583 0.024616478 -0.096013665 87.933746338
-0.084311642 0.021954210 0.996197522 47.196712494 0.025355764 0.999480844 -0.019880619 -2.606465340 -0.996116698 0.023583179 -0.084824540 87.895248413
-0.070663184 0.022035513 0.997256696 47.752876282 0.024701566 0.999488115 -0.020334521 -2.630865574 -0.997194290 0.023196895 -0.071171306 87.864601135
-0.053677786 0.023091657 0.998291194 48.300495148 0.023662517 0.999481320 -0.021846857 -2.660307169 -0.998277903 0.022449391 -0.054196354 87.853691101
-0.032309771 0.025651135 0.999148667 48.822101593 0.021822711 0.999450386 -0.024953196 -2.681399822 -0.999239624 0.020997901 -0.032851793 87.850570679
-0.007474473 0.028679159 0.999560654 49.346534729 0.019633263 0.999400079 -0.028527740 -2.705725670 -0.999779284 0.019411406 -0.008033054 87.863761902
0.020468567 0.030410556 0.999327838 49.857471466 0.017804589 0.999367714 -0.030776441 -2.725934029 -0.999631941 0.018422570 0.019914173 87.901412964
0.054030240 0.029891370 0.998091817 50.367164612 0.014896955 0.999416411 -0.030737467 -2.749706268 -0.998428047 0.016529284 0.053553417 87.943130493
0.093523674 0.027219694 0.995244861 50.836193085 0.014341325 0.999485731 -0.028683336 -2.772914410 -0.995513737 0.016955700 0.093085214 87.978439331
0.134388268 0.023605244 0.990647554 51.371410370 0.012040191 0.999603570 -0.025451992 -2.794717550 -0.990855515 0.015348035 0.134050786 88.095024109
0.180142090 0.019444924 0.983448386 51.862380981 0.009478483 0.999723852 -0.021502940 -2.813600540 -0.983594835 0.013195183 0.179908067 88.205886841
0.228804022 0.016337957 0.973335385 52.347187042 0.004989411 0.999826372 -0.017955497 -2.828850031 -0.973459721 0.008964662 0.228682756 88.345108032
0.280046195 0.014664927 0.959874511 52.815765381 0.001063267 0.999877989 -0.015586313 -2.848412514 -0.959985912 0.005385490 0.279996395 88.520820618
0.334827363 0.014210162 0.942172289 53.254539490 -0.000613433 0.999889374 -0.014862671 -2.869546175 -0.942279339 0.004398473 0.334799021 88.712677002
0.390163183 0.015516603 0.920614958 53.680000305 0.001545661 0.999845564 -0.017507067 -2.878911018 -0.920744419 0.008253571 0.390078932 88.950309753
0.450809270 0.018012498 0.892438531 54.099273682 0.002710056 0.999764264 -0.021547666 -2.902188778 -0.892616153 0.012132448 0.450654179 89.186805725
0.511123538 0.021099070 0.859248281 54.499568939 0.003692504 0.999635518 -0.026742801 -2.920861721 -0.859499335 0.016841652 0.510859311 89.452484131
0.569980621 0.026466884 0.821231723 54.855079651 -0.000014136 0.999481440 -0.032201745 -2.917968035 -0.821658015 0.018342765 0.569685400 89.736862183
0.623190224 0.030024514 0.781493723 55.173339844 -0.004467756 0.999383152 -0.034832951 -2.927551746 -0.782057524 0.018216038 0.622940004 90.079406738
0.676648498 0.030161045 0.735688150 55.499404907 -0.006011705 0.999353647 -0.035441302 -2.952240944 -0.736281574 0.019558568 0.676392615 90.420578003
0.725693047 0.027875748 0.687453747 55.795989990 -0.006207514 0.999403536 -0.033972286 -2.972757339 -0.687990665 0.020386072 0.725433171 90.780624390
0.770099223 0.025301376 0.637422264 56.041000366 -0.008686856 0.999536455 -0.029179890 -2.982254982 -0.637865007 0.016934216 0.769962072 91.159851074
0.811667860 0.022213759 0.583696723 56.292556763 -0.010611437 0.999672472 -0.023288667 -2.981382608 -0.584022820 0.012708804 0.811637700 91.567420959
0.848427773 0.020150645 0.528927624 56.512905121 -0.013218989 0.999769986 -0.016884461 -2.990418434 -0.529146135 0.007333355 0.848499000 91.991790771
0.879297435 0.017179171 0.475963175 56.693073273 -0.014376320 0.999851167 -0.009529216 -2.998034000 -0.476056069 0.001536415 0.879413605 92.424316406
0.905027628 0.017974403 0.424972981 56.852943420 -0.018117057 0.999828994 -0.003705867 -3.011348248 -0.424966872 -0.004345348 0.905198455 92.849929810
0.924813747 0.019491268 0.379920483 56.965705872 -0.021350333 0.999771774 0.000679774 -3.032283306 -0.379820555 -0.008740096 0.925018907 93.255828857
0.939973652 0.024945369 0.340333819 57.087795258 -0.027725961 0.999610066 0.003308609 -3.039156199 -0.340118587 -0.012546089 0.940298855 93.702980042
0.951909244 0.029160686 0.304988980 57.200317383 -0.031467706 0.999501288 0.002650111 -3.041727304 -0.304759532 -0.012119967 0.952352226 94.162818909
0.961052060 0.031527959 0.274562806 57.303947449 -0.033556897 0.999433219 0.002694590 -3.039927721 -0.274322182 -0.011803115 0.961565435 94.628570557
0.967087030 0.026302371 0.253082365 57.410827637 -0.027946675 0.999605179 0.002903700 -3.043669701 -0.252906084 -0.009880938 0.967440367 95.095138550
0.971131623 0.023663534 0.237367228 57.522369385 -0.025343833 0.999670684 0.004029449 -3.057683945 -0.237193659 -0.009928919 0.971411705 95.573814392
0.974008322 0.027785124 0.224800766 57.614723206 -0.029374696 0.999561489 0.003728926 -3.060506582 -0.224598557 -0.010235459 0.974397540 96.070907593
0.975951076 0.033426479 0.215411395 57.701805115 -0.035282899 0.999365926 0.004777346 -3.063922405 -0.215115100 -0.012262792 0.976511717 96.585220337
0.977149665 0.039337352 0.208880469 57.805053711 -0.040769272 0.999165416 0.002552494 -3.047708511 -0.208605707 -0.011010076 0.977937818 97.073806763
0.977492929 0.045262866 0.206055954 57.898929596 -0.046062645 0.998938203 -0.000916775 -3.052494764 -0.205878660 -0.008595341 0.978539765 97.592895508
0.977584779 0.046842929 0.205265254 58.006366730 -0.047118057 0.998883069 -0.003550112 -3.059382915 -0.205202267 -0.006201164 0.978699863 98.130760193
0.977021158 0.046192918 0.208076566 58.118812561 -0.045727067 0.998929203 -0.007050945 -3.073109150 -0.208179444 -0.002625808 0.978087187 98.663597107
0.976324201 0.044140067 0.211761236 58.241981506 -0.042133614 0.999014199 -0.013980336 -3.069906235 -0.212169573 0.004727072 0.977221429 99.224067688
0.975554943 0.043787904 0.215349376 58.377914429 -0.040777650 0.998998761 -0.018403728 -3.078194618 -0.215939641 0.009172404 0.976363540 99.767486572
0.974260271 0.048667789 0.220109880 58.494781494 -0.045766357 0.998785317 -0.018265063 -3.086655855 -0.220731437 0.007721297 0.975304008 100.352272034
0.972827196 0.051689591 0.225688413 58.625984192 -0.049759869 0.998659849 -0.014234517 -3.099332333 -0.226121709 0.002617502 0.974095523 100.940376282
0.971902490 0.048435535 0.230346575 58.773750305 -0.047485977 0.998825133 -0.009667564 -3.109814167 -0.230544209 -0.001542302 0.973060548 101.535827637
0.971165419 0.044332068 0.234248325 58.923892975 -0.044638943 0.998995304 -0.003994580 -3.122326851 -0.234190047 -0.006577197 0.972168565 102.157958984
0.970411599 0.041873954 0.237798095 59.081916809 -0.043361623 0.999058902 0.001026355 -3.136991262 -0.237531319 -0.011307296 0.971314013 102.784057617
0.969803691 0.037069488 0.241053179 59.238845825 -0.038612276 0.999252856 0.001678193 -3.143551826 -0.240810841 -0.010935126 0.970510483 103.421913147
0.969839156 0.033622354 0.241415337 59.400314331 -0.034224588 0.999412775 -0.001699402 -3.147546768 -0.241330668 -0.006614193 0.970420301 104.064575195
0.969997644 0.033074632 0.240853876 59.564369202 -0.032002065 0.999452829 -0.008364446 -3.158842564 -0.240998745 0.000405672 0.970525265 104.710319519
0.970174611 0.035387363 0.239810094 59.723533630 -0.032728467 0.999350786 -0.015062158 -3.169175625 -0.240187392 0.006764307 0.970702946 105.349975586
0.970808804 0.038117420 0.236806154 59.884113312 -0.034618508 0.999221504 -0.018917555 -3.176262856 -0.237342879 0.010167454 0.971372724 106.025810242
0.971353471 0.036874268 0.234760895 60.041660309 -0.034360569 0.999300122 -0.014790367 -3.185130119 -0.235141978 0.006300157 0.971940637 106.720840454
0.971733987 0.032787975 0.233790353 60.208045959 -0.031997565 0.999462128 -0.007174018 -3.199520350 -0.233899862 -0.000509487 0.972260594 107.430656433
0.972363830 0.033094086 0.231113091 60.380817413 -0.033759449 0.999429405 -0.001076275 -3.215005398 -0.231016830 -0.006755719 0.972926319 108.156143188
0.972596765 0.036616705 0.229596481 60.539299011 -0.037167262 0.999307156 -0.001927640 -3.223632812 -0.229507998 -0.006658655 0.973284066 108.886520386
0.972962737 0.042020865 0.227107123 60.698310852 -0.041615672 0.999112070 -0.006574177 -3.232688904 -0.227181748 -0.003054786 0.973847568 109.611885071
0.973776639 0.043091260 0.223387673 60.864089966 -0.041519292 0.999068856 -0.011731247 -3.241917849 -0.223685175 0.002148715 0.974659085 110.351531982
0.974750817 0.041692521 0.219368294 61.033241272 -0.039410371 0.999113917 -0.014771024 -3.251256466 -0.219789743 0.005752681 0.975530326 111.107292175
0.975700855 0.039580047 0.215502232 61.201923370 -0.037601937 0.999204636 -0.013272856 -3.263787270 -0.215856180 0.004847035 0.976413131 111.881416321
0.976579607 0.035782665 0.212159902 61.370941162 -0.034246773 0.999353766 -0.010910830 -3.282491446 -0.212413266 0.003389501 0.977173984 112.659706116
0.977013111 0.034312144 0.210399598 61.538444519 -0.033379532 0.999410868 -0.007983332 -3.297024488 -0.210549608 0.000776780 0.977582812 113.454139709
0.977347195 0.031665411 0.209260061 61.706474304 -0.031123755 0.999498248 -0.005881694 -3.307262421 -0.209341332 -0.000764502 0.977842271 114.252662659
0.977522314 0.026883986 0.209110916 61.876255035 -0.026496200 0.999638081 -0.004656046 -3.319646120 -0.209160447 -0.000989256 0.977880836 115.042472839
0.977625132 0.027656516 0.208528847 62.042640686 -0.027625658 0.999613702 -0.003060956 -3.330681562 -0.208532944 -0.002768279 0.978011489 115.845489502
0.977431238 0.032998897 0.208660960 62.210868835 -0.032666478 0.999453604 -0.005039915 -3.342387676 -0.208713248 -0.001890049 0.977975011 116.670082092
0.977172017 0.038548827 0.208923370 62.377258301 -0.037603296 0.999256551 -0.008497305 -3.348051548 -0.209095657 0.000447119 0.977895021 117.468307495
0.976578176 0.046978686 0.209971637 62.539283752 -0.045928206 0.998895824 -0.009879112 -3.367798567 -0.210203871 0.000004105 0.977657557 118.299728394
0.975588560 0.052911241 0.213136986 62.700408936 -0.052058365 0.998597801 -0.009615862 -3.377949953 -0.213346913 -0.001714439 0.976974964 119.127311707
0.974807858 0.055518020 0.216026157 62.873390198 -0.055221912 0.998446643 -0.007411306 -3.399006367 -0.216102034 -0.004704778 0.976359427 119.962539673
0.974206865 0.056355253 0.218506679 63.057441711 -0.055920169 0.998401761 -0.008179975 -3.419354677 -0.218618453 -0.004249944 0.975801110 120.797111511
0.973858476 0.054498326 0.220520943 63.234569550 -0.053347271 0.998513520 -0.011176384 -3.427463531 -0.220802248 -0.000879975 0.975318134 121.628273010
0.973933160 0.048061263 0.221685156 63.440837860 -0.047099430 0.998843789 -0.009626277 -3.449301004 -0.221891537 -0.001065893 0.975070715 122.469604492
0.974200308 0.041571081 0.221823290 63.636978149 -0.040075462 0.999133408 -0.011241083 -3.468255997 -0.222098380 0.002061396 0.975022078 123.301551819
0.973971725 0.040966492 0.222936809 63.824577332 -0.039473165 0.999158382 -0.011152367 -3.489464283 -0.223206088 0.002062069 0.974768996 124.127693176
0.973346889 0.043518551 0.225170881 64.008644104 -0.042708695 0.999051630 -0.008468721 -3.503348351 -0.225325912 -0.001373753 0.974282384 124.963035583
0.972841084 0.045905057 0.226876721 64.191345215 -0.046559747 0.998912513 -0.002467850 -3.523148537 -0.226743266 -0.008162498 0.973920345 125.809936523
0.972638249 0.048980899 0.227102801 64.385414124 -0.050705392 0.998712242 0.001762184 -3.540776968 -0.226723939 -0.013229304 0.973869324 126.629486084
0.972367585 0.048507955 0.228359446 64.571861267 -0.048791301 0.998799205 -0.004408075 -3.560095549 -0.228299066 -0.006855684 0.973566949 127.457344055
0.972653091 0.044109173 0.228035733 64.767936707 -0.040853344 0.998984993 -0.018980637 -3.578104973 -0.228641480 0.009145553 0.973467767 128.267166138
