1.000000000 -0.000000000 0.000000002 0.000000000 -0.000000000 1.000000000 0.000000000 -0.000000238 0.000000002 0.000000000 1.000000000 0.000000000
0.999996006 -0.002454808 -0.001369307 -0.006089440 0.002458855 0.999992609 0.002961822 -0.016973924 0.001362028 -0.002965178 0.999994636 1.524294615
0.999991894 -0.002828373 -0.002876658 -0.010191245 0.002839229 0.999988735 0.003776915 -0.033854857 0.002865940 -0.003785052 0.999988735 3.047425508
0.999989271 -0.001803126 -0.004246620 -0.027827911 0.001817947 0.999992251 0.003488790 -0.048665471 0.004240298 -0.003496475 0.999984920 4.563178539
0.999982595 -0.001110452 -0.005787099 -0.040385652 0.001130701 0.999993205 0.003496871 -0.065988131 0.005783176 -0.003503353 0.999977171 6.070633888
0.999973059 -0.001349236 -0.007213403 -0.055895925 0.001374781 0.999992788 0.003537476 -0.076811291 0.007208579 -0.003547297 0.999967754 7.570697784
0.999958754 -0.001794880 -0.008905833 -0.076681264 0.001831641 0.999989867 0.004121241 -0.095655665 0.008898350 -0.004137385 0.999951899 9.086406708
0.999937117 -0.003631189 -0.010608200 -0.098028593 0.003665055 0.999988317 0.003174718 -0.108143464 0.010596552 -0.003213399 0.999938726 10.583908081
0.999919713 -0.004454653 -0.011865370 -0.118923470 0.004495090 0.999984264 0.003383478 -0.120877445 0.011850110 -0.003436543 0.999923766 12.072600365
0.999905467 -0.004180240 -0.013097540 -0.143059716 0.004224216 0.999985456 0.003331766 -0.137234300 0.013083422 -0.003386778 0.999908626 13.560987473
0.999892235 -0.003874540 -0.014156567 -0.177815959 0.003921409 0.999986887 0.003284452 -0.151676372 0.014143656 -0.003339613 0.999894381 15.041763306
0.999884188 -0.002496650 -0.015012428 -0.194735974 0.002556099 0.999988914 0.003942093 -0.167044953 0.015002418 -0.003980012 0.999879479 16.511259079
0.999878168 -0.001464834 -0.015540399 -0.228958949 0.001534998 0.999988675 0.004503987 -0.179664075 0.015533622 -0.004527294 0.999869049 17.985734940
0.999867558 -0.000183548 -0.016270209 -0.253191322 0.000273797 0.999984503 0.005544807 -0.196431339 0.016268948 -0.005548529 0.999852300 19.463233948
0.999862254 -0.000190479 -0.016593331 -0.284375310 0.000281008 0.999985039 0.005453606 -0.204922974 0.016592039 -0.005457519 0.999847412 20.929592133
0.999851763 0.000734224 -0.017197881 -0.314651608 -0.000641431 0.999985158 0.005400523 -0.213228941 0.017201591 -0.005388692 0.999837518 22.397285461
0.999849975 0.001404123 -0.017258851 -0.347809553 -0.001302126 0.999981582 0.005919702 -0.224505499 0.017266845 -0.005896342 0.999833524 23.851619720
0.999849677 0.002177701 -0.017201824 -0.374499559 -0.002053424 0.999971688 0.007238966 -0.239963502 0.017217102 -0.007202556 0.999825835 25.301860809
0.999847054 0.002391028 -0.017326985 -0.401697397 -0.002287231 0.999979317 0.006007803 -0.254729986 0.017340990 -0.005967253 0.999831796 26.737371445
0.999844491 0.003007404 -0.017378986 -0.435057461 -0.002942533 0.999988675 0.003757069 -0.262269348 0.017390084 -0.003705347 0.999841928 28.166440964
0.999857187 0.001097736 -0.016860791 -0.464676768 -0.001036516 0.999992847 0.003639209 -0.277629763 0.016864665 -0.003621215 0.999851227 29.597661972
0.999859154 0.000089103 -0.016775662 -0.493523031 0.000016921 0.999980032 0.006319848 -0.293235481 0.016775893 -0.006319245 0.999839306 31.007410049
0.999864876 -0.001465020 -0.016372221 -0.523846447 0.001591185 0.999969184 0.007695695 -0.307600856 0.016360443 -0.007720709 0.999836504 32.432731628
0.999865234 -0.001777395 -0.016321341 -0.553236544 0.001890662 0.999974251 0.006927021 -0.315844178 0.016308609 -0.006956948 0.999842823 33.838375092
0.999873161 -0.002107388 -0.015783876 -0.577543557 0.002189700 0.999984145 0.005199494 -0.330289572 0.015772674 -0.005233399 0.999861836 35.218479156
0.999882638 -0.000777259 -0.015297948 -0.608319879 0.000843367 0.999990344 0.004315413 -0.343242884 0.015294455 -0.004327809 0.999873638 36.572654724
0.999896228 -0.000548417 -0.014395254 -0.630376160 0.000600286 0.999993384 0.003599084 -0.362716258 0.014393186 -0.003607352 0.999889910 37.938629150
0.999914289 -0.000018473 -0.013089054 -0.656061232 0.000078891 0.999989390 0.004615466 -0.378792524 0.013088831 -0.004616103 0.999903679 39.273094177
0.999930859 0.000417133 -0.011748353 -0.678603470 -0.000338771 0.999977708 0.006671167 -0.393084258 0.011750877 -0.006666727 0.999908745 40.598873138
0.999949098 -0.000183136 -0.010083666 -0.700522304 0.000261148 0.999970019 0.007735693 -0.408816457 0.010081952 -0.007737935 0.999919236 41.885360718
0.999968171 0.000243245 -0.007967570 -0.707980990 -0.000176206 0.999964595 0.008413537 -0.420598745 0.007969336 -0.008411869 0.999932826 43.184669495
0.999989212 0.000003251 -0.004629928 -0.723208308 0.000033050 0.999969304 0.007840502 -0.433178246 0.004629813 -0.007840574 0.999958515 44.458621979
0.999999166 -0.000953319 -0.000986183 -0.727794409 0.000959102 0.999982297 0.005880175 -0.443352520 0.000980560 -0.005881115 0.999982238 45.696590424
0.999995410 -0.000697684 0.002954102 -0.739431500 0.000685401 0.999991179 0.004156860 -0.457863808 -0.002956976 -0.004154815 0.999986947 46.912479401
0.999977052 -0.000573567 0.006738795 -0.728650153 0.000540367 0.999987721 0.004927388 -0.475697994 -0.006741534 -0.004923634 0.999965131 48.142196655
0.999927640 -0.000209149 0.012021126 -0.724864483 0.000152150 0.999988675 0.004742316 -0.489524662 -0.012021980 -0.004740146 0.999916494 49.351486206
0.999827921 0.001306901 0.018499509 -0.711923838 -0.001377473 0.999991834 0.003802560 -0.504606545 -0.018494388 -0.003827390 0.999821603 50.565429688
0.999666512 0.002339765 0.025717825 -0.680925369 -0.002436805 0.999989986 0.003742576 -0.517936170 -0.025708813 -0.003803996 0.999662340 51.746936798
0.999411881 0.003663874 0.034097053 -0.649517536 -0.003825684 0.999981701 0.004681569 -0.528846204 -0.034079276 -0.004809260 0.999407530 52.935092926
0.998996615 0.005544209 0.044441741 -0.604092121 -0.005795762 0.999967873 0.005533409 -0.549211383 -0.044409644 -0.005785432 0.998996675 54.080604553
0.998323143 0.007780802 0.057360116 -0.552278996 -0.008103480 0.999952555 0.005395011 -0.560692310 -0.057315420 -0.005850783 0.998338938 55.229187012
0.997341931 0.009774908 0.072205536 -0.479240894 -0.010221416 0.999930859 0.005816899 -0.572140932 -0.072143696 -0.006539480 0.997372806 56.363979340
0.996040463 0.011881609 0.088104561 -0.385761261 -0.012580947 0.999893606 0.007386504 -0.585254192 -0.088007420 -0.008465696 0.996083915 57.485256195
0.994284391 0.012399091 0.106040917 -0.279993057 -0.013327392 0.999878764 0.008050001 -0.595100820 -0.105928250 -0.009417240 0.994329333 58.597934723
0.992120266 0.011948636 0.124717310 -0.144008160 -0.012946166 0.999890268 0.007190883 -0.606125355 -0.124617696 -0.008748834 0.992166340 59.682834625
0.989362121 0.011246049 0.145038366 0.005547523 -0.012281045 0.999905109 0.006242631 -0.615497231 -0.144954443 -0.007957445 0.989406347 60.764640808
0.986126423 0.008290350 0.165788457 0.186095238 -0.009400267 0.999938369 0.005911241 -0.624867678 -0.165729254 -0.007387685 0.986143708 61.820255280
0.982253730 0.003290446 0.187527850 0.385502815 -0.004897224 0.999955177 0.008105557 -0.632788062 -0.187492743 -0.008880080 0.982225776 62.870769501
0.977632642 -0.002165285 0.210308194 0.610604286 0.000123133 0.999952734 0.009722893 -0.644042552 -0.210319281 -0.009479524 0.977586746 63.897651672
0.972062945 -0.007086197 0.234612867 0.860270500 0.005056723 0.999944389 0.009250764 -0.655247211 -0.234665439 -0.007805955 0.972044826 64.925086975
0.965594888 -0.013340626 0.259708166 1.137007713 0.011792944 0.999902129 0.007516569 -0.663101017 -0.259783059 -0.004195238 0.965657830 65.928573608
0.958019018 -0.016391158 0.286235392 1.432596207 0.014579415 0.999857843 0.008459720 -0.672247887 -0.286333472 -0.003931428 0.958121896 66.921379089
0.949522555 -0.019491713 0.313092679 1.749517441 0.016999627 0.999798357 0.010687749 -0.680407643 -0.313237816 -0.004825801 0.949662447 67.859886169
0.939921498 -0.023783872 0.340561152 2.094064713 0.020440837 0.999701202 0.013401367 -0.681992531 -0.340778142 -0.005634877 0.940126836 68.796249390
0.929039419 -0.026643561 0.369020194 2.462202072 0.023424819 0.999638319 0.013200770 -0.688225448 -0.369238466 -0.003619804 0.929327786 69.708084106
0.916862249 -0.025477791 0.398389846 2.846557617 0.023686675 0.999674916 0.009418144 -0.690872788 -0.398500323 0.000801393 0.917167842 70.606628418
0.903940082 -0.027251232 0.426789850 3.271099091 0.028186971 0.999594152 0.004125774 -0.698612452 -0.426729083 0.008300460 0.904341340 71.473945618
0.889755785 -0.029321194 0.455494016 3.714584351 0.031978495 0.999486804 0.001872898 -0.707716048 -0.455315202 0.012899589 0.890236855 72.324966431
0.874226451 -0.030065997 0.484586537 4.185993195 0.031506289 0.999490082 0.005173547 -0.716624141 -0.484495074 0.010744671 0.874728084 73.167121887
0.856547654 -0.028605269 0.515274525 4.678453445 0.026959339 0.999579489 0.010676400 -0.722242475 -0.515363276 0.004746616 0.856958687 73.993484497
0.836803734 -0.029110983 0.546728551 5.196479797 0.025285721 0.999574721 0.014521688 -0.729093790 -0.546918750 0.001672619 0.837184012 74.797660828
0.815851629 -0.023003202 0.577803731 5.735460281 0.021264251 0.999725997 0.009775698 -0.732331753 -0.577870131 0.004311042 0.816117287 75.564476013
0.793739736 -0.016106891 0.608044267 6.299140930 0.018243164 0.999829888 0.002670585 -0.736705005 -0.607983887 0.008972901 0.793898642 76.311294556
0.771359563 -0.013723787 0.636251628 6.897930145 0.017435266 0.999847889 0.000428833 -0.738560975 -0.636160791 0.010762430 0.771481514 77.043495178
0.747944713 -0.016007630 0.663568020 7.520191193 0.018344594 0.999825776 0.003442153 -0.745096147 -0.663507581 0.009598345 0.748108029 77.743148804
0.723611355 -0.016579034 0.690008461 8.162067413 0.018649923 0.999816179 0.004464712 -0.761418223 -0.689955711 0.009637889 0.723787487 78.407821655
0.698164165 -0.014631716 0.715788066 8.814613342 0.019559069 0.999807775 0.001359988 -0.768612683 -0.715670466 0.013050655 0.698316276 79.058029175
0.672199547 -0.012564754 0.740263402 9.490947723 0.019514378 0.999809384 -0.000749998 -0.779019535 -0.740112782 0.014949927 0.672316551 79.658462524
0.644991755 -0.009899279 0.764125347 10.187114716 0.017506147 0.999845028 -0.001823752 -0.787535250 -0.763988972 0.014553196 0.645065188 80.253829956
0.616948664 -0.008039726 0.786962092 10.900367737 0.017124331 0.999848247 -0.003210232 -0.797524810 -0.786817014 0.015456749 0.616992891 80.814743042
0.587926090 -0.002002368 0.808912158 11.636821747 0.015899468 0.999832332 -0.009080938 -0.818081737 -0.808758378 0.018200193 0.587859392 81.365676880
0.558071494 0.007389625 0.829759896 12.395378113 0.014733902 0.999714375 -0.018812772 -0.831749380 -0.829662025 0.022724470 0.557803333 81.873031616
0.526978433 0.015643243 0.849734664 13.163326263 0.013542183 0.999549031 -0.026799692 -0.858330309 -0.849770665 0.025630120 0.526529074 82.360702515
0.495313197 0.020804292 0.868465304 13.978710175 0.010961200 0.999483824 -0.030194392 -0.880261838 -0.868645310 0.024475105 0.494829565 82.829490662
0.462784410 0.020205302 0.886240602 14.806285858 0.009155370 0.999577880 -0.027570095 -0.912883878 -0.886423588 0.020872874 0.462404132 83.266357422
0.429585516 0.019135999 0.902823448 15.655281067 0.004548992 0.999716938 -0.023354247 -0.942452669 -0.903014719 0.014139581 0.429376841 83.678428650
0.395172983 0.020066893 0.918387592 16.523696899 0.000462646 0.999756932 -0.022043895 -0.975544691 -0.918606699 0.009136038 0.395067632 84.055305481
0.359866798 0.023298580 0.932712674 17.390598297 -0.006967301 0.999727368 -0.022284385 -1.003572106 -0.932977617 0.001520918 0.359930992 84.416419983
0.324699283 0.025178542 0.945482075 18.289409637 -0.011936607 0.999675095 -0.022522429 -1.033696413 -0.945741892 -0.003972832 0.324894339 84.717315674
0.287776947 0.024734300 0.957377970 19.210117340 -0.014392536 0.999665201 -0.021500576 -1.057963371 -0.957589328 -0.007591728 0.288036615 85.028137207
0.251536161 0.024277037 0.967543364 20.143896103 -0.015177625 0.999661386 -0.021137137 -1.086140156 -0.967728913 -0.009368259 0.251819432 85.273475647
0.216069773 0.023619372 0.976092100 21.085113525 -0.014600481 0.999673724 -0.020958006 -1.115599751 -0.976268768 -0.009723027 0.216344178 85.474082947
0.180311069 0.022591991 0.983350098 22.056644440 -0.012578405 0.999707341 -0.020661369 -1.139707327 -0.983529210 -0.008643504 0.180542469 85.658599854
0.145976096 0.021597138 0.989052355 23.022586823 -0.004129171 0.999766231 -0.021221660 -1.167301416 -0.989279568 -0.000986113 0.146031111 85.786537170
0.111982509 0.024769347 0.993401468 23.975814819 -0.001644646 0.999692559 -0.024740815 -1.202772856 -0.993708789 0.001136744 0.111988820 85.890350342
0.079255477 0.029885212 0.996406198 24.971595764 -0.001241310 0.999552727 -0.029880850 -1.234893560 -0.996853590 0.001131371 0.079257116 85.977058411
0.050261118 0.033861529 0.998161912 25.947158813 0.005582857 0.999399960 -0.034184646 -1.268495321 -0.998720586 0.007290753 0.050041914 86.014984131
0.024856530 0.032344949 0.999167621 26.931039810 0.007791852 0.999439836 -0.032547601 -1.302248597 -0.999660730 0.008594385 0.024590559 86.034271240
0.002381147 0.028888866 0.999579787 27.953807831 0.009118503 0.999540389 -0.028909454 -1.344641685 -0.999955595 0.009183509 0.002116632 86.041679382
-0.016352037 0.026440751 0.999516606 28.948268890 0.009305038 0.999611020 -0.026291020 -1.379670978 -0.999822974 0.008870628 -0.016591709 86.021133423
-0.033158071 0.029331461 0.999019682 29.935634613 0.011360779 0.999515772 -0.028968958 -1.421054125 -0.999385536 0.010389089 -0.033475239 85.993148804
-0.047712523 0.033972953 0.998283267 30.961692810 0.013541350 0.999351561 -0.033362105 -1.451357841 -0.998769403 0.011926310 -0.048141617 85.938423157
-0.059808448 0.039193250 0.997440279 31.955856323 0.017578710 0.999115288 -0.038205020 -1.491617560 -0.998055220 0.015248728 -0.060444497 85.876113892
-0.068615809 0.042505607 0.996737301 32.950302124 0.022787184 0.998898149 -0.041029073 -1.540727019 -0.997382939 0.019897588 -0.069508784 85.801719666
-0.074501790 0.047880277 0.996070743 33.971160889 0.027230592 0.998571873 -0.045963772 -1.591158152 -0.996849000 0.023699217 -0.075699210 85.716362000
-0.077797778 0.052768979 0.995571554 34.971118927 0.029259877 0.998288870 -0.050626524 -1.643358469 -0.996539652 0.025191674 -0.079208665 85.633972168
-0.080860943 0.056722652 0.995110095 35.979949951 0.030884420 0.998042524 -0.054380190 -1.702761173 -0.996246755 0.026336165 -0.082454532 85.549034119
-0.083570510 0.059662886 0.994714260 36.977382660 0.031275280 0.997871220 -0.057224676 -1.764636040 -0.996010959 0.026327670 -0.085258588 85.466331482
-0.085625589 0.063308835 0.994313955 38.005035400 0.032704517 0.997619987 -0.060702965 -1.826972604 -0.995790482 0.027320832 -0.087492287 85.366683960
-0.087509997 0.067280561 0.993889034 39.014511108 0.034023501 0.997336388 -0.064518228 -1.893046856 -0.995582402 0.028169591 -0.089566037 85.269439697
-0.089533329 0.068484664 0.993626475 40.021041870 0.036964975 0.997174501 -0.065398380 -1.966173172 -0.995297670 0.030874049 -0.091811888 85.174209595
-0.091751292 0.067128755 0.993516624 41.035785675 0.036972247 0.997266948 -0.063967749 -2.038517475 -0.995095432 0.030863419 -0.093982421 85.082542419
-0.094125919 0.066894241 0.993310392 42.060443878 0.036217213 0.997309744 -0.063731641 -2.110055923 -0.994901299 0.029976131 -0.096295431 84.988647461
-0.096311763 0.068291537 0.993005693 43.089920044 0.036156755 0.997225106 -0.065074883 -2.179072857 -0.994694293 0.029636383 -0.098513722 84.887123108
-0.098700278 0.070474535 0.992618561 44.098762512 0.035661947 0.997098863 -0.067246638 -2.253653765 -0.994477987 0.028761454 -0.100927189 84.784767151
-0.101168185 0.072850972 0.992198467 45.129867554 0.033964422 0.996986806 -0.069739431 -2.330366373 -0.994289339 0.026644038 -0.103337698 84.677856445
-0.103765249 0.076040916 0.991690755 46.157207489 0.031205161 0.996831119 -0.073169939 -2.412919760 -0.994112194 0.023353372 -0.105809294 84.577285767
-0.106245093 0.080352895 0.991088033 47.195693970 0.027560258 0.996584594 -0.077844054 -2.491273880 -0.993957996 0.019044098 -0.108096756 84.476631165
-0.108706638 0.082836144 0.990616500 48.242591858 0.025605507 0.996424615 -0.080511987 -2.574895382 -0.993744075 0.016613049 -0.110439047 84.355926514
-0.111758411 0.081152394 0.990416288 49.289340973 0.023488961 0.996597171 -0.079008348 -2.662649870 -0.993457854 0.014434000 -0.113284327 84.245040894
-0.114170983 0.077100575 0.990464807 50.346923828 0.020902602 0.996949613 -0.075195931 -2.750317812 -0.993241251 0.012118096 -0.115434349 84.118225098
-0.116730630 0.075618699 0.990280688 51.399417877 0.021061826 0.997061431 -0.073653795 -2.833263874 -0.992940307 0.012259468 -0.117980272 84.000030518
-0.118548751 0.075804867 0.990050375 52.437034607 0.020721160 0.997053325 -0.073859908 -2.923226357 -0.992731988 0.011758992 -0.119770214 83.878364563
-0.119888224 0.078980736 0.989640713 53.483589172 0.021321993 0.996805429 -0.076969512 -3.000856876 -0.992558360 0.011873376 -0.121189259 83.760047913
-0.120598033 0.081539176 0.989346981 54.533706665 0.022333343 0.996591449 -0.079413898 -3.090291739 -0.992450178 0.012518270 -0.122008026 83.628829956
-0.120806731 0.082062788 0.989278197 55.591606140 0.021284131 0.996562004 -0.080067873 -3.182278872 -0.992447913 0.011383186 -0.122138053 83.501541138
-0.120983362 0.080863826 0.989355385 56.645954132 0.018017955 0.996691108 -0.079260081 -3.270427465 -0.992491007 0.008237009 -0.122040048 83.378578186
-0.121076375 0.079973325 0.989416420 57.726303101 0.014593868 0.996784925 -0.078783050 -3.367006302 -0.992535949 0.004900646 -0.121854216 83.252441406
-0.121152274 0.081350513 0.989294946 58.779216766 0.010565852 0.996685326 -0.080664322 -3.452936172 -0.992577851 0.000680077 -0.121610232 83.133110046
-0.121611916 0.081640825 0.989214480 59.852188110 0.006384001 0.996655345 -0.081470087 -3.543049097 -0.992557228 -0.003592586 -0.121726349 83.013046265
-0.121782184 0.080764607 0.989265501 60.937904358 0.003094426 0.996710062 -0.080991440 -3.640877485 -0.992552102 -0.006802106 -0.121631444 82.883666992
-0.121959679 0.075865820 0.989631355 62.044059753 0.003643685 0.997101963 -0.075989485 -3.729842424 -0.992528439 -0.005661749 -0.121882685 82.753303528
-0.122120872 0.067505792 0.990216911 63.135776520 0.006708683 0.997717619 -0.067189775 -3.813068867 -0.992492676 -0.001562222 -0.122295022 82.622543335
-0.121824928 0.061835214 0.990623593 64.235717773 0.012756739 0.998072624 -0.060731396 -3.898897171 -0.992469668 0.005238532 -0.122378953 82.482261658
-0.121130303 0.064364091 0.990547657 65.338928223 0.021148529 0.997836411 -0.062251519 -3.971824169 -0.992411375 0.013408083 -0.122229442 82.334503174
-0.119851135 0.069736943 0.990339458 66.426116943 0.026793092 0.997393847 -0.066991158 -4.047876358 -0.992430329 0.018505298 -0.121407241 82.197540283
-0.118753150 0.075818248 0.990024865 67.529182434 0.030701963 0.996884048 -0.072660848 -4.127294064 -0.992449105 0.021767005 -0.120710887 82.056716919
-0.118661642 0.079982981 0.989708006 68.618347168 0.030986425 0.996563196 -0.076821819 -4.214221001 -0.992451072 0.021551708 -0.120732203 81.934196472
-0.118286774 0.077108368 0.989981055 69.736534119 0.027910544 0.996844649 -0.074308105 -4.301021099 -0.992587149 0.018841248 -0.120065682 81.806594849
-0.117895611 0.072925992 0.990344584 70.836578369 0.027301747 0.997160852 -0.070177756 -4.386602402 -0.992650628 0.018764488 -0.119551904 81.683692932
-0.117744595 0.070692740 0.990524471 71.994987488 0.025610136 0.997347355 -0.068135373 -4.474194527 -0.992713630 0.017344898 -0.119242683 81.535713196
-0.117628902 0.071668863 0.990468085 73.121414185 0.023452522 0.997314692 -0.069379024 -4.552975178 -0.992780626 0.015067996 -0.118993819 81.408432007
-0.117562339 0.076476738 0.990116298 74.242492676 0.025278447 0.996937692 -0.074002139 -4.648945808 -0.992743790 0.016328735 -0.119135506 81.285148621
-0.116253078 0.079049915 0.990068793 75.383438110 0.024896687 0.996746421 -0.076659717 -4.732635498 -0.992907524 0.015737502 -0.117842920 81.130264282
-0.115546338 0.077646367 0.990262508 76.534339905 0.024776844 0.996855199 -0.075272255 -4.822110176 -0.992992938 0.015838150 -0.117106788 80.993705750
-0.115417138 0.070969194 0.990778625 77.681663513 0.026521374 0.997309029 -0.068347462 -4.915614128 -0.992962956 0.018388338 -0.116988778 80.862525940
-0.115801997 0.069543004 0.990834832 78.845161438 0.025647938 0.997422755 -0.067007825 -4.999568462 -0.992941141 0.017653234 -0.117287181 80.726387024
-0.115957625 0.072359800 0.990614891 79.993522644 0.022644429 0.997276187 -0.070195705 -5.085628033 -0.992996097 0.014292185 -0.117280312 80.614685059
-0.115534686 0.075652733 0.990418255 81.165519714 0.022938181 0.997032583 -0.073482201 -5.168538094 -0.993038595 0.014228651 -0.116927214 80.474830627
-0.115858003 0.075152062 0.990418553 82.336257935 0.021675738 0.997087300 -0.073122486 -5.257370472 -0.993029296 0.012996226 -0.117149532 80.347709656
-0.114926100 0.071824715 0.990774035 83.520050049 0.021818157 0.997324526 -0.069768757 -5.345824242 -0.993134439 0.013598611 -0.116185717 80.202102661
-0.114413448 0.070632331 0.990919173 84.714843750 0.021069301 0.997417450 -0.068662830 -5.438488007 -0.993209898 0.013022020 -0.115606144 80.069450378
-0.113133572 0.071146905 0.991029203 85.901229858 0.022340368 0.997362912 -0.069051303 -5.525305271 -0.993328631 0.014327935 -0.114424683 79.935165405
-0.112106219 0.071405202 0.991127253 87.094841003 0.024880340 0.997303903 -0.069035985 -5.616037369 -0.993384659 0.016920228 -0.113580562 79.796623230
-0.110662743 0.070958935 0.991321683 88.304611206 0.024950251 0.997331977 -0.068603925 -5.700177193 -0.993544817 0.017141832 -0.112137936 79.650634766
-0.109624378 0.071672112 0.991385698 89.504516602 0.026044134 0.997261584 -0.069217041 -5.788461685 -0.993631840 0.018231908 -0.111190833 79.521736145
-0.108425207 0.069947466 0.991640747 90.695243835 0.025208071 0.997394204 -0.067597099 -5.878693104 -0.993784904 0.017668119 -0.109905943 79.396347046
-0.107079156 0.068729714 0.991872132 91.932617188 0.024360400 0.997489870 -0.066489108 -5.969611645 -0.993952096 0.017042806 -0.108484618 79.253494263
-0.105468452 0.068317138 0.992073119 93.145141602 0.025448710 0.997496068 -0.065985098 -6.052965641 -0.994097054 0.018287634 -0.106942944 79.125602722
-0.103508309 0.068802893 0.992245972 94.372062683 0.023482490 0.997495532 -0.066717274 -6.145781517 -0.994351387 0.016394617 -0.104864746 78.997093201
-0.102724835 0.071575932 0.992131293 95.609176636 0.023717400 0.997300446 -0.069493182 -6.231716156 -0.994426966 0.016392102 -0.104145117 78.875869751
-0.101863787 0.070326217 0.992309391 96.830032349 0.021110332 0.997426212 -0.068521813 -6.318198204 -0.994574308 0.013968091 -0.103086241 78.759796143
-0.101265520 0.068948284 0.992467284 98.076354980 0.018020399 0.997559011 -0.067463316 -6.415569305 -0.994696200 0.011052952 -0.102260821 78.638504028
-0.101299874 0.070159122 0.992378950 99.316688538 0.015162931 0.997503340 -0.068973601 -6.501353264 -0.994740367 0.008060356 -0.102110796 78.518608093
-0.101039074 0.069416314 0.992457747 100.540489197 0.012400422 0.997573256 -0.068511680 -6.593577862 -0.994805217 0.005384536 -0.101654686 78.389350891
-0.102174409 0.066621631 0.992533028 101.786140442 0.009595715 0.997774541 -0.065985642 -6.687237740 -0.994720221 0.002782018 -0.102586284 78.267028809
-0.103389025 0.065413639 0.992487609 103.046745300 0.007430082 0.997857988 -0.064993583 -6.775909424 -0.994613171 0.000654642 -0.103653587 78.143226624
-0.105345860 0.064849243 0.992318809 104.310028076 0.005264633 0.997893751 -0.064654663 -6.862514496 -0.994421601 -0.001586907 -0.105465390 78.026855469
-0.106398515 0.064316772 0.992241263 105.558540344 0.005620120 0.997928739 -0.064082794 -6.963965893 -0.994307637 -0.001241800 -0.106539622 77.888282776
-0.108692303 0.063027181 0.992075384 106.817031860 0.005216848 0.998010457 -0.062832683 -7.049934387 -0.994061828 -0.001653924 -0.108804874 77.755455017
-0.112163447 0.058243454 0.991981387 108.086318970 0.001601573 0.998290002 -0.058432788 -7.136222363 -0.993688464 -0.004965293 -0.112064965 77.626716614
-0.116395995 0.058235232 0.991494119 109.345817566 0.000833436 0.998284936 -0.058536250 -7.217298508 -0.993202507 -0.005987041 -0.116244920 77.483276367
-0.121910565 0.064302549 0.990455925 110.579429626 -0.003395149 0.997866392 -0.065201536 -7.300565720 -0.992535293 -0.011311506 -0.121432140 77.339912415
-0.129388317 0.067366607 0.989302933 111.799125671 -0.002766665 0.997661233 -0.068297610 -7.388242245 -0.991590202 -0.011573985 -0.128899321 77.194496155
-0.138083220 0.063612878 0.988375664 113.052200317 -0.000564814 0.997930050 -0.064306721 -7.477108479 -0.990420461 -0.009437930 -0.137761459 77.018051147
-0.148735031 0.061478108 0.986964226 114.279808044 0.001727304 0.998080254 -0.061910227 -7.567975521 -0.988875628 -0.007503433 -0.148555666 76.835113525
-0.161638707 0.062374495 0.984876752 115.504669189 0.001873176 0.998018086 -0.062899344 -7.656586647 -0.986848235 -0.008322124 -0.161435187 76.637069702
-0.175506324 0.062358644 0.982501388 116.724388123 0.004102722 0.998029590 -0.062611349 -7.745913029 -0.984469712 -0.006957758 -0.175416335 76.419097900
-0.190267608 0.060492847 0.979866743 117.949539185 0.004292811 0.998141468 -0.060787492 -7.831424236 -0.981722891 -0.007359510 -0.190173686 76.196517944
-0.205405951 0.063048281 0.976643980 119.149894714 0.008498989 0.997999966 -0.062639460 -7.919466019 -0.978640020 -0.004566032 -0.205531016 75.942657471
-0.220741495 0.066402271 0.973069370 120.326095581 0.008436109 0.997772396 -0.066174284 -8.007870674 -0.975295842 -0.006398491 -0.220809951 75.683258057
-0.236046821 0.070407517 0.969187677 121.491653442 0.008079217 0.997479320 -0.070495106 -8.094933510 -0.971708059 -0.008809866 -0.236020669 75.404335022
-0.251659870 0.068130933 0.965414643 122.672164917 0.005093924 0.997598350 -0.069074340 -8.194438934 -0.967802346 -0.012465495 -0.251402646 75.107025146
-0.268009514 0.062499352 0.961386919 123.836502075 -0.000627016 0.997881889 -0.065046676 -8.284638405 -0.963416100 -0.018035933 -0.267402709 74.806442261
-0.283774197 0.058366533 0.957113147 125.022567749 -0.004721401 0.998048663 -0.062262706 -8.371637344 -0.958879471 -0.022187464 -0.282944858 74.476409912
-0.299223900 0.059735104 0.952311337 126.170211792 -0.006734505 0.997881413 -0.064709596 -8.457481384 -0.954159021 -0.025776001 -0.298187703 74.134719849
-0.313136965 0.061889183 0.947689295 127.323928833 -0.006553521 0.997709811 -0.067321226 -8.542669296 -0.949685335 -0.027291473 -0.312014312 73.758110046
-0.327104032 0.064107537 0.942811310 128.459716797 -0.005224469 0.997558355 -0.069642730 -8.633071899 -0.944973826 -0.027706109 -0.325970471 73.375350952
-0.341503412 0.063611604 0.937725425 129.593414307 -0.003135070 0.997624397 -0.068816662 -8.733208656 -0.939875305 -0.026440965 -0.340492815 72.974258423
-0.355597138 0.061420958 0.932618976 130.717803955 -0.003667446 0.997738898 -0.067108043 -8.826574326 -0.934632123 -0.027283754 -0.354567915 72.557662964
-0.369861424 0.060293294 0.927128434 131.841766357 -0.003459616 0.997795761 -0.066269107 -8.921048164 -0.929080546 -0.027717890 -0.368837535 72.112167358
-0.384761274 0.061703522 0.920951307 132.940399170 -0.004864369 0.997613609 -0.068872139 -9.012060165 -0.923003316 -0.030979184 -0.383542955 71.667098999
-0.399941802 0.063609250 0.914330542 134.033782959 -0.004111773 0.997454226 -0.071190633 -9.103790283 -0.916531324 -0.032231636 -0.398662150 71.210174561
-0.414520264 0.065438323 0.907684267 135.130493164 -0.002904956 0.997310996 -0.073226467 -9.195447922 -0.910035431 -0.032990634 -0.413215548 70.717758179
-0.429055482 0.068080336 0.900708914 136.214721680 -0.000067336 0.997153223 -0.075402178 -9.291294098 -0.903278291 -0.032412365 -0.427829415 70.203765869
-0.443949848 0.071405366 0.893201947 137.285827637 -0.000237235 0.996810436 -0.079806052 -9.389656067 -0.896051586 -0.035641778 -0.442516863 69.685905457
-0.458863258 0.073404275 0.885469556 138.364028931 -0.000179482 0.996573865 -0.082707666 -9.491026878 -0.888507009 -0.038110439 -0.457277894 69.134201050
-0.474399954 0.070748433 0.877461851 139.429962158 -0.001506452 0.996698618 -0.081176758 -9.593415260 -0.880308032 -0.039832108 -0.472727269 68.574569702
-0.490191281 0.066226505 0.869095266 140.497741699 -0.004305725 0.996913195 -0.078394972 -9.697594643 -0.871604264 -0.042170621 -0.488392889 67.988601685
-0.506288171 0.066501103 0.859796464 141.557846069 -0.004761524 0.996791422 -0.079900816 -9.798342705 -0.862351179 -0.044546787 -0.504347086 67.380424500
-0.522335529 0.065424442 0.850226581 142.619873047 -0.006264365 0.996731162 -0.080546387 -9.900207520 -0.852717042 -0.047398366 -0.520218253 66.744796753
-0.538183451 0.064479209 0.840357661 143.656494141 -0.006734288 0.996708393 -0.080788530 -10.001426697 -0.842800856 -0.049138255 -0.535977721 66.088294983
-0.553746939 0.063562907 0.830255449 144.692611694 -0.008245322 0.996614754 -0.081798382 -10.113836288 -0.832644343 -0.052141327 -0.551348269 65.417175293
-0.569241107 0.062831752 0.819766223 145.710174561 -0.008692104 0.996559858 -0.082418017 -10.219986916 -0.822124660 -0.054041222 -0.566736758 64.722686768
-0.584364176 0.060812052 0.809209526 146.741027832 -0.008366622 0.996683717 -0.080942601 -10.320287704 -0.811448514 -0.054070316 -0.581917524 63.996856689
-0.599338353 0.057047006 0.798460364 147.745773315 -0.008520658 0.996946335 -0.077623837 -10.428894043 -0.800450504 -0.053326365 -0.597022176 63.258037567
-0.614140093 0.055571005 0.787238061 148.753677368 -0.007546592 0.997058690 -0.076269425 -10.529563904 -0.789160907 -0.052781086 -0.611914456 62.482910156
-0.628529429 0.054305363 0.775887609 149.729812622 -0.007905950 0.997061968 -0.076190069 -10.628936768 -0.777745485 -0.054021843 -0.626253605 61.698436737
-0.643925846 0.054967813 0.763110697 150.716247559 -0.009543638 0.996761143 -0.079851016 -10.739915848 -0.765028298 -0.058700982 -0.641315699 60.911582947
-0.659291863 0.054190326 0.749931812 151.673919678 -0.011884736 0.996523738 -0.082457446 -10.841412544 -0.751793206 -0.063276261 -0.656355977 60.096721649
-0.675235033 0.050948102 0.735841036 152.620834351 -0.013892878 0.996556163 -0.081748113 -10.949373245 -0.737471759 -0.065422148 -0.672201753 59.260902405
-0.691427052 0.043250941 0.721150458 153.550003052 -0.017557953 0.996905446 -0.076623604 -11.058880806 -0.722232938 -0.065641537 -0.688527942 58.397998810
-0.708305836 0.040704470 0.704731047 154.476043701 -0.018678490 0.996905863 -0.076353386 -11.163274765 -0.705658615 -0.067244865 -0.705353856 57.498519897
-0.725668609 0.038435448 0.686969995 155.360824585 -0.019738548 0.996864617 -0.076624274 -11.266300201 -0.687761188 -0.069163620 -0.722634733 56.579406738
-0.742978871 0.034663834 0.668416679 156.237014771 -0.022853412 0.996761918 -0.077094406 -11.370725632 -0.668924689 -0.072555110 -0.739780784 55.636363983
-0.759890556 0.032061890 0.649259806 157.084930420 -0.023248054 0.996803641 -0.076433770 -11.480888367 -0.649635077 -0.073175333 -0.756716311 54.685771942
-0.775694668 0.034315631 0.630174696 157.902893066 -0.021035668 0.996560037 -0.080160052 -11.584053040 -0.630757689 -0.075435884 -0.772304535 53.692142487
-0.790726304 0.034648906 0.611188531 158.699768066 -0.016531490 0.996824205 -0.077898651 -11.697050095 -0.611946642 -0.071700364 -0.787642360 52.677757263
-0.805539548 0.035186529 0.591496289 159.491500854 -0.013413866 0.996896625 -0.077570632 -11.809503555 -0.592390060 -0.070420466 -0.802567720 51.641189575
-0.819806159 0.036432981 0.571481049 160.236892700 -0.011682036 0.996702313 -0.080299854 -11.918827057 -0.572521985 -0.072506391 -0.816677094 50.592533112
-0.833683252 0.037764058 0.550950110 160.961318970 -0.010784992 0.996355414 -0.084613293 -12.036941528 -0.552137434 -0.076482676 -0.830237687 49.533966064
-0.846677363 0.038310006 0.530725718 161.673782349 -0.007839769 0.996398509 -0.084431157 -12.151473045 -0.532048821 -0.075646721 -0.843327701 48.433620453
-0.858231544 0.036449529 0.511966884 162.340759277 -0.006769255 0.996584594 -0.082299538 -12.262832642 -0.513217986 -0.074097700 -0.855053604 47.333576202
-0.868934870 0.038248308 0.493446350 162.996490479 -0.003731856 0.996474683 -0.083810955 -12.382265091 -0.494912416 -0.074667715 -0.865728915 46.218730927
-0.878284335 0.041132767 0.476366073 163.606536865 -0.000871639 0.996153474 -0.087621890 -12.495680809 -0.478137821 -0.077372164 -0.874870181 45.097599030
-0.887266040 0.038672414 0.459633797 164.206008911 -0.002739289 0.996019781 -0.089090437 -12.615697861 -0.461249679 -0.080306001 -0.883628726 43.966491699
-0.895584464 0.035867158 0.443443298 164.795639038 -0.003878174 0.996077538 -0.088398449 -12.738218307 -0.444874585 -0.080888040 -0.891932607 42.821292877
-0.902697504 0.033911809 0.428937197 165.357971191 -0.004733006 0.996046424 -0.088708095 -12.860083580 -0.430249691 -0.082106747 -0.898968041 41.661308289
-0.909296930 0.031955581 0.414919257 165.901367188 -0.005240201 0.996089041 -0.088199094 -12.982397079 -0.416115016 -0.082373425 -0.905573308 40.492279053
-0.915633917 0.029406657 0.400936306 166.428268433 -0.006291977 0.996150672 -0.087431841 -13.104473114 -0.401964098 -0.082578242 -0.911924243 39.329124451
-0.921163559 0.024462225 0.388406068 166.944519043 -0.008829794 0.996452034 -0.083698831 -13.228372574 -0.389075339 -0.080529869 -0.917679310 38.127029419
-0.926325440 0.021088857 0.376133651 167.447128296 -0.009981791 0.996707380 -0.080465585 -13.342217445 -0.376592040 -0.078291811 -0.923064947 36.936309814
-0.930688620 0.021754723 0.365165204 167.937835693 -0.007074211 0.996973097 -0.077424578 -13.452473640 -0.365744233 -0.074641421 -0.927717507 35.725143433
-0.933941305 0.025786970 0.356495142 168.402801514 -0.002670116 0.996862829 -0.079102904 -13.561742783 -0.357416630 -0.074829340 -0.930942535 34.530899048
-0.936174154 0.030844238 0.350180835 168.856140137 0.002694791 0.996743739 -0.080589809 -13.674022675 -0.351526260 -0.074502431 -0.933208823 33.316307068
-0.938117623 0.034016505 0.344642252 169.299514771 0.005618560 0.996528268 -0.083064534 -13.785778999 -0.346271306 -0.075987913 -0.935051918 32.123424530
-0.940028787 0.031025324 0.339681178 169.751434326 0.003401524 0.996658087 -0.081618004 -13.906617165 -0.341078103 -0.075567871 -0.936992586 30.906864166
-0.941803694 0.023886513 0.335313529 170.197784424 -0.002450729 0.996957898 -0.077903084 -14.020587921 -0.336154312 -0.074191183 -0.938880146 29.694036484
-0.943748891 0.017502561 0.330199510 170.647109985 -0.008228477 0.997045815 -0.076367393 -14.122539520 -0.330560654 -0.074788667 -0.940816879 28.478837967
-0.945369542 0.010967214 0.325816065 171.080871582 -0.015306633 0.996838450 -0.077967204 -14.227564812 -0.325641006 -0.078694969 -0.942212939 27.268512726
-0.946680725 0.008728689 0.322055042 171.513107300 -0.018308822 0.996559978 -0.080828629 -14.333874702 -0.321652591 -0.082415380 -0.943264186 26.050567627
-0.947460175 0.008681076 0.319756240 171.932571411 -0.018773206 0.996399522 -0.082677603 -14.449964523 -0.319322675 -0.084336586 -0.943885744 24.843454361
-0.947650671 0.009462306 0.319168836 172.347030640 -0.018717123 0.996195972 -0.085107312 -14.564028740 -0.318760067 -0.086625926 -0.943868518 23.629291534
-0.947591901 0.011964125 0.319259316 172.758972168 -0.016602002 0.996104419 -0.086604983 -14.683634758 -0.319051743 -0.087366514 -0.943701804 22.424377441
-0.947079301 0.013520723 0.320714533 173.171371460 -0.015716352 0.995961130 -0.088398695 -14.802467346 -0.320614457 -0.088761054 -0.943041742 21.204868317
-0.946731269 0.014664996 0.321690649 173.589462280 -0.015189776 0.995816827 -0.090099856 -14.927456856 -0.321666330 -0.090186760 -0.942548156 19.997436523
-0.946026683 0.015932182 0.323696852 174.010894775 -0.013996638 0.995850503 -0.089921355 -15.046166420 -0.323786438 -0.089598671 -0.941878200 18.793182373
-0.945237637 0.015457124 0.326016784 174.433837891 -0.014683448 0.995852590 -0.089787938 -15.174768448 -0.326052517 -0.089657977 -0.941090524 17.584770203
-0.944002092 0.014341680 0.329627454 174.864990234 -0.016246030 0.995822430 -0.089853100 -15.299006462 -0.329539120 -0.090176664 -0.939825535 16.393318176
-0.942532659 0.012823340 0.333867967 175.301895142 -0.017459532 0.996007562 -0.087544560 -15.422085762 -0.333657622 -0.088342801 -0.938545763 15.205467224
-0.940607548 0.010787427 0.339324176 175.748474121 -0.019077526 0.996236145 -0.084554248 -15.545156479 -0.338959128 -0.086005859 -0.936861694 14.015045166
-0.938009024 0.007840733 0.346521825 176.179199219 -0.021911211 0.996403039 -0.081857614 -15.655870438 -0.345917225 -0.084375896 -0.934463501 12.841087341
-0.935503364 0.010058535 0.353174657 176.633468628 -0.020324938 0.996407211 -0.082215540 -15.763669968 -0.352732778 -0.084091157 -0.931937993 11.669437408
-0.932086229 0.010511548 0.362083822 177.083190918 -0.020478677 0.996451139 -0.081644431 -15.883891106 -0.361657143 -0.083514668 -0.928562999 10.493309021
-0.928379774 0.013225348 0.371397227 177.550323486 -0.019495705 0.996257424 -0.084209740 -15.994285583 -0.371120960 -0.085419297 -0.924647450 9.341754913
-0.924163938 0.014580091 0.381717712 178.036682129 -0.018706044 0.996345222 -0.083344959 -16.108453751 -0.381537825 -0.084164865 -0.920513511 8.166549683
-0.919283926 0.017300399 0.393214613 178.532913208 -0.017191673 0.996315062 -0.084027074 -16.226924896 -0.393219441 -0.084004752 -0.915599108 7.017261505
-0.913973868 0.018654583 0.405344158 179.053359985 -0.017421508 0.996217608 -0.085129678 -16.343629837 -0.405399054 -0.084868006 -0.910191774 5.894065857
-0.907793105 0.021227673 0.418880999 179.585144043 -0.015752498 0.996288061 -0.084627569 -16.458885193 -0.419122636 -0.083422735 -0.904088974 4.741828918
-0.901127219 0.021039264 0.433043927 180.137176514 -0.016182590 0.996493638 -0.082088806 -16.571416855 -0.433252573 -0.080980249 -0.897627056 3.562660217
-0.894866347 0.023493500 0.445715368 180.706619263 -0.014627697 0.996533632 -0.081895076 -16.692077637 -0.446094304 -0.079804949 -0.891420782 2.435516357
-0.887721121 0.026158789 0.459637731 181.271835327 -0.012892727 0.996580422 -0.081617497 -16.794967651 -0.460200936 -0.078379571 -0.884348154 1.314826965
-0.880378187 0.027668096 0.473464489 181.869003296 -0.011449504 0.996766090 -0.079538174 -16.898769379 -0.474134147 -0.075444624 -0.877214313 0.203392029
-0.872944355 0.029245434 0.486942470 182.480072021 -0.009580695 0.996980906 -0.077053353 -17.006008148 -0.487725914 -0.071928553 -0.870028675 -0.883705139
-0.864506960 0.032379791 0.501576662 183.090835571 -0.006150452 0.997166514 -0.074973829 -17.112108231 -0.502583265 -0.067900345 -0.861858249 -1.949203491
-0.856208444 0.035129856 0.515434861 183.732299805 -0.003523712 0.997265160 -0.073822729 -17.214582443 -0.516618669 -0.065023899 -0.853743076 -2.979148865
-0.845181882 0.038630724 0.533080935 184.366439819 0.000216128 0.997409165 -0.071936488 -17.318962097 -0.534478843 -0.060684197 -0.843000472 -4.028564453
-0.834607124 0.041393586 0.549288273 185.026245117 0.002858636 0.997484624 -0.070825510 -17.418609619 -0.550838470 -0.057541251 -0.832625926 -5.028182983
-0.823162138 0.042866539 0.566186130 185.711425781 0.004066479 0.997565746 -0.069614589 -17.525192261 -0.567792118 -0.055001710 -0.821332395 -6.045997620
-0.812329769 0.044426601 0.581503928 186.428436279 0.004270789 0.997520566 -0.070244007 -17.616621017 -0.583182871 -0.054577809 -0.810505390 -7.012954712
-0.798924446 0.047365427 0.599563241 187.156524658 0.007171053 0.997573316 -0.069252677 -17.716169357 -0.601388574 -0.051028166 -0.797325492 -8.012268066
-0.785087585 0.048325799 0.617496490 187.908508301 0.008375337 0.997688770 -0.067431532 -17.803646088 -0.619327962 -0.047767930 -0.783677876 -8.974662781
-0.769774735 0.050374556 0.636324883 188.672073364 0.011134317 0.997789264 -0.065520406 -17.900241852 -0.638218582 -0.043350909 -0.768633723 -9.914710999
