1.000000000 -0.000000000 -0.000000000 0.000000030 -0.000000000 0.999999940 -0.000000000 0.000000030 -0.000000000 -0.000000000 1.000000000 0.000000119
0.999997735 -0.001584352 -0.001434939 -0.002522273 0.001582988 0.999998212 -0.000950946 -0.007388885 0.001436443 0.000948672 0.999998510 0.564061224
0.999995470 -0.001807255 -0.002407001 -0.007819321 0.001801008 0.999994934 -0.002594974 -0.017458962 0.002411678 0.002590627 0.999993742 1.119367599
0.999986529 -0.002513768 -0.004543311 -0.009033682 0.002497618 0.999990523 -0.003556768 -0.035042014 0.004552208 0.003545372 0.999983370 1.684589982
0.999970436 -0.004324999 -0.006356356 -0.020675814 0.004289625 0.999975264 -0.005568224 -0.040831394 0.006380281 0.005540794 0.999964297 2.251359701
0.999950111 -0.006855790 -0.007251947 -0.036406875 0.006804560 0.999951899 -0.007065515 -0.065079473 0.007300037 0.007015815 0.999948680 2.797964096
0.999928832 -0.008093738 -0.008771918 -0.042940415 0.008026286 0.999938071 -0.007697697 -0.077884138 0.008833678 0.007626743 0.999931872 3.369975090
0.999916017 -0.008078789 -0.010144661 -0.053634617 0.008007240 0.999942780 -0.007073745 -0.089833885 0.010201230 0.006991919 0.999923587 3.952358246
0.999902427 -0.008479536 -0.011106024 -0.065426856 0.008396572 0.999936581 -0.007495712 -0.104353935 0.011168880 0.007401727 0.999910295 4.544309616
0.999892294 -0.007974729 -0.012323662 -0.075878672 0.007848406 0.999916553 -0.010265132 -0.119015962 0.012404496 0.010167306 0.999871314 5.137497425
0.999889553 -0.006309261 -0.013462066 -0.092101626 0.006121119 0.999883473 -0.013971570 -0.135136142 0.013548650 0.013887623 0.999811769 5.740147591
0.999877572 -0.005123735 -0.014788657 -0.108024605 0.004862598 0.999832451 -0.017640332 -0.147954807 0.014876565 0.017566264 0.999735057 6.356723785
0.999867022 -0.003118906 -0.016003856 -0.122513607 0.002835521 0.999839127 -0.017699633 -0.161217481 0.016056485 0.017651901 0.999715269 6.984012127
0.999849856 -0.001011992 -0.017297063 -0.135780290 0.000822419 0.999939501 -0.010963401 -0.169341445 0.017307112 0.010947528 0.999790251 7.625771999
0.999843955 0.000166273 -0.017666522 -0.156160980 -0.000172302 0.999999821 -0.000339743 -0.183293492 0.017666463 0.000342731 0.999843955 8.283753395
0.999826312 0.000736970 -0.018621936 -0.173155755 -0.000616984 0.999978900 0.006448182 -0.195292667 0.018626302 -0.006435577 0.999805868 8.969677925
0.999792457 0.003301016 -0.020102926 -0.189935371 -0.003195585 0.999980986 0.005274429 -0.209855720 0.020119956 -0.005209094 0.999783993 9.654628754
0.999774754 0.005243612 -0.020563487 -0.216866314 -0.005284238 0.999984205 -0.001921779 -0.215577498 0.020553080 0.002030008 0.999786675 10.349491119
0.999747813 0.005066481 -0.021876367 -0.231875703 -0.005238446 0.999955773 -0.007810565 -0.216218516 0.021835823 0.007923193 0.999730110 11.054139137
0.999729693 0.002620980 -0.023099210 -0.248939484 -0.002768238 0.999976099 -0.006345324 -0.217021465 0.023082022 0.006407552 0.999713004 11.796127319
0.999729097 0.002349164 -0.023157183 -0.275466770 -0.002278880 0.999992669 0.003061037 -0.232286051 0.023164205 -0.003007435 0.999727190 12.557057381
0.999722600 0.001892976 -0.023476502 -0.297014296 -0.001645428 0.999942899 0.010559317 -0.238015383 0.023495147 -0.010517759 0.999668658 13.332024574
0.999711812 0.001125126 -0.023982709 -0.321732551 -0.000814132 0.999915481 0.012973255 -0.239343554 0.023995282 -0.012949990 0.999628246 14.122080803
0.999706864 -0.000788100 -0.024202753 -0.340107620 0.001078192 0.999927640 0.011975214 -0.238385230 0.024191568 -0.011997797 0.999635339 14.926669121
0.999720871 -0.001163230 -0.023599191 -0.360570729 0.001390561 0.999952734 0.009618888 -0.241258979 0.023586882 -0.009649018 0.999675214 15.757052422
0.999735415 0.001530790 -0.022953790 -0.385722756 -0.001385060 0.999978781 0.006363458 -0.242528498 0.022963041 -0.006329981 0.999716282 16.593873978
0.999750197 -0.001750243 -0.022286456 -0.404310405 0.001761734 0.999998271 0.000496034 -0.243957803 0.022285547 -0.000535171 0.999751508 17.451429367
0.999759555 -0.004592855 -0.021440828 -0.423176557 0.004473372 0.999974072 -0.005617277 -0.255176693 0.021466073 0.005520013 0.999754369 18.321401596
0.999781370 -0.003301035 -0.020644864 -0.437206954 0.003070304 0.999932587 -0.011197926 -0.266722023 0.020680439 0.011132092 0.999724209 19.239208221
0.999791980 -0.002189321 -0.020276025 -0.463083506 0.001945142 0.999925375 -0.012054616 -0.281337500 0.020300902 0.012012670 0.999721825 20.144615173
0.999775767 -0.002067469 -0.021072321 -0.479844362 0.001825800 0.999932468 -0.011481335 -0.299674571 0.021094631 0.011440287 0.999712110 21.082651138
0.999780476 -0.000293804 -0.020947209 -0.508664310 0.000023890 0.999917030 -0.012884489 -0.324271381 0.020949252 0.012881160 0.999697626 22.022144318
0.999782264 0.002742383 -0.020686489 -0.526024044 -0.003051010 0.999884427 -0.014902494 -0.347459018 0.020643227 0.014962364 0.999674857 22.988122940
0.999760866 0.005963218 -0.021039106 -0.552217603 -0.006294499 0.999856651 -0.015715014 -0.370549470 0.020942381 0.015843686 0.999655068 23.953691483
0.999755979 0.007651493 -0.020723473 -0.589486122 -0.007977713 0.999844849 -0.015704919 -0.396348387 0.020600094 0.015866408 0.999661803 24.935653687
0.999742389 0.008895803 -0.020881133 -0.616307735 -0.009226389 0.999832809 -0.015789252 -0.422958553 0.020737186 0.015977843 0.999657214 25.908393860
0.999731660 0.008523284 -0.021541191 -0.630930245 -0.008862479 0.999837458 -0.015700322 -0.449219733 0.021403873 0.015887011 0.999644637 26.881553650
0.999714971 0.009614390 -0.021852124 -0.650831759 -0.009932104 0.999845862 -0.014477478 -0.485326260 0.021709561 0.014690388 0.999656439 27.910737991
0.999704480 0.010171371 -0.022079745 -0.678405166 -0.010444532 0.999869823 -0.012291634 -0.513424397 0.021951849 0.012518611 0.999680698 28.929965973
0.999689162 0.010960482 -0.022392068 -0.706083059 -0.011209877 0.999876201 -0.011042587 -0.541584492 0.022268260 0.011290166 0.999688387 29.948139191
0.999682724 0.011215913 -0.022556212 -0.730011702 -0.011492701 0.999859750 -0.012179042 -0.564970374 0.022416448 0.012434407 0.999671459 30.982828140
0.999673009 0.011963319 -0.022601809 -0.763882339 -0.012263262 0.999837816 -0.013178854 -0.595861077 0.022440486 0.013451715 0.999657691 32.002326965
0.999669313 0.011569150 -0.022967489 -0.793453753 -0.011856431 0.999852657 -0.012411616 -0.619544446 0.022820516 0.012679825 0.999659121 33.038021088
0.999657452 0.011501667 -0.023508601 -0.822924256 -0.011734198 0.999883294 -0.009777362 -0.644750893 0.023393406 0.010049868 0.999675751 34.091697693
0.999648571 0.011531377 -0.023869475 -0.859165967 -0.011677785 0.999913752 -0.006003318 -0.670757711 0.023798194 0.006279951 0.999697030 35.135440826
0.999638796 0.011710091 -0.024190107 -0.891005278 -0.011803377 0.999923408 -0.003717136 -0.696180403 0.024144731 0.004001318 0.999700427 36.221729279
0.999624193 0.011987518 -0.024653833 -0.922980011 -0.012071670 0.999921739 -0.003267404 -0.713932455 0.024612740 0.003563788 0.999690711 37.293174744
0.999617815 0.011379892 -0.025198225 -0.954151332 -0.011497485 0.999923587 -0.004526726 -0.737086773 0.025144789 0.004814711 0.999672234 38.382839203
0.999594629 0.011806887 -0.025908878 -0.989953279 -0.011943748 0.999915481 -0.005134071 -0.755405784 0.025846073 0.005441439 0.999651134 39.461887360
0.999581397 0.011321584 -0.026624704 -1.023189187 -0.011429287 0.999927104 -0.003896581 -0.780689001 0.026578646 0.004199252 0.999637902 40.543621063
0.999547422 0.012015764 -0.027577048 -1.057806373 -0.012082936 0.999924481 -0.002270577 -0.794172704 0.027547680 0.002602763 0.999617100 41.630302429
0.999550700 0.011300338 -0.027762225 -1.100339413 -0.011280807 0.999935985 0.000859985 -0.825305521 0.027770163 -0.000546418 0.999614239 42.720901489
0.999521077 0.012974542 -0.028094647 -1.142670035 -0.012958770 0.999915719 0.000743383 -0.846379995 0.028101925 -0.000378955 0.999605000 43.798923492
0.999483824 0.013936638 -0.028948946 -1.165913582 -0.014036309 0.999896169 -0.003242504 -0.869646549 0.028900761 0.003647167 0.999575615 44.887912750
0.999471545 0.015125076 -0.028771345 -1.206679821 -0.015345384 0.999854445 -0.007451850 -0.888694108 0.028654451 0.007889421 0.999558210 45.969306946
0.999467671 0.015535113 -0.028688353 -1.246864319 -0.015762238 0.999846041 -0.007707871 -0.913406670 0.028564192 0.008155961 0.999558687 47.049858093
0.999452710 0.016158635 -0.028865077 -1.280058265 -0.016304374 0.999855399 -0.004820790 -0.940591216 0.028783008 0.005288778 0.999571621 48.151969910
0.999450505 0.016346155 -0.028835524 -1.316290855 -0.016433684 0.999861062 -0.002801219 -0.963060975 0.028785730 0.003273553 0.999580204 49.264362335
0.999473095 0.014864118 -0.028851723 -1.351088524 -0.014915914 0.999887526 -0.001580990 -0.983611286 0.028824978 0.002010507 0.999582469 50.352497101
0.999479115 0.014841347 -0.028656898 -1.383300185 -0.014911919 0.999886334 -0.002250576 -1.007932544 0.028620239 0.002676733 0.999586761 51.440757751
0.999500513 0.014258116 -0.028203757 -1.427334070 -0.014385252 0.999887228 -0.004310079 -1.027948976 0.028139126 0.004713644 0.999592900 52.531211853
0.999515474 0.014073714 -0.027762376 -1.458402872 -0.014253854 0.999878526 -0.006301343 -1.056638718 0.027670328 0.006694011 0.999594688 53.624851227
0.999533892 0.013196721 -0.027529797 -1.491246223 -0.013445365 0.999870241 -0.008866252 -1.082026720 0.027409224 0.009232268 0.999581635 54.718852997
0.999557078 0.011844069 -0.027301794 -1.526470661 -0.012180596 0.999851406 -0.012192957 -1.115292430 0.027153321 0.012520108 0.999552846 55.803791046
0.999574542 0.009825712 -0.027464475 -1.548617005 -0.010206391 0.999853313 -0.013755242 -1.146699905 0.027325293 0.014029701 0.999528110 56.892635345
0.999594569 0.008208130 -0.027266631 -1.580887079 -0.008518563 0.999900043 -0.011288544 -1.178763151 0.027171245 0.011516238 0.999564528 57.979545593
0.999607146 0.006989996 -0.027141700 -1.610803723 -0.007132224 0.999961376 -0.005147005 -1.208185792 0.027104670 0.005338565 0.999618411 59.072177887
0.999628544 0.005349013 -0.026723688 -1.645078063 -0.005341097 0.999985635 0.000367571 -1.228660941 0.026725275 -0.000224701 0.999642789 60.188175201
0.999629080 0.003645993 -0.026990239 -1.671984911 -0.003624060 0.999993026 0.000861510 -1.244839907 0.026993198 -0.000763377 0.999635279 61.281242371
0.999646425 0.000564737 -0.026583489 -1.703646064 -0.000618737 0.999997735 -0.002023179 -1.263829231 0.026582286 0.002038912 0.999644578 62.368972778
0.999649882 -0.000853895 -0.026445402 -1.736461759 0.000711591 0.999985158 -0.005389976 -1.284436226 0.026449608 0.005369270 0.999635875 63.476440430
0.999649525 0.001265245 -0.026442660 -1.774944544 -0.001512721 0.999955237 -0.009341082 -1.310760498 0.026429653 0.009377808 0.999606788 64.563301086
0.999651670 0.001630597 -0.026338523 -1.806581736 -0.001991889 0.999904156 -0.013696828 -1.336853385 0.026313664 0.013744521 0.999559283 65.646492004
0.999663055 0.004341491 -0.025593758 -1.844534397 -0.004708741 0.999886572 -0.014306407 -1.367464066 0.025528742 0.014422100 0.999570072 66.747894287
0.999656558 0.008372458 -0.024829522 -1.883292794 -0.008637409 0.999906600 -0.010582849 -1.402940750 0.024738602 0.010793680 0.999635577 67.864952087
0.999645472 0.009748384 -0.024778325 -1.915546060 -0.009962679 0.999913871 -0.008539720 -1.428060412 0.024692943 0.008783549 0.999656379 68.958679199
0.999650776 0.008775129 -0.024928698 -1.943307519 -0.008968766 0.999930382 -0.007666448 -1.455740452 0.024859689 0.007887349 0.999659777 70.053352356
0.999665797 0.007369521 -0.024780119 -1.973682404 -0.007543464 0.999947488 -0.006933372 -1.483825684 0.024727719 0.007117982 0.999668837 71.171470642
0.999669254 0.006351432 -0.024923697 -2.004693985 -0.006485703 0.999964893 -0.005310191 -1.513207555 0.024889091 0.005470082 0.999675274 72.264358521
0.999667764 0.004485131 -0.025382753 -2.034941435 -0.004566740 0.999984622 -0.003158082 -1.538975477 0.025368199 0.003272949 0.999672830 73.364021301
0.999648690 0.003779470 -0.026234223 -2.066886902 -0.003825755 0.999991179 -0.001714338 -1.564064145 0.026227513 0.001814101 0.999654353 74.469680786
0.999644458 0.003226910 -0.026471104 -2.103160858 -0.003295447 0.999991298 -0.002545895 -1.592810512 0.026462657 0.002632223 0.999646366 75.558357239
0.999630928 0.002944245 -0.027007801 -2.133364677 -0.003124676 0.999972999 -0.006640901 -1.613946795 0.026987519 0.006722840 0.999613166 76.627380371
0.999602079 0.004013536 -0.027920473 -2.170058489 -0.004258711 0.999952793 -0.008727255 -1.642740607 0.027884124 0.008842686 0.999572098 77.739570618
0.999576807 0.005910185 -0.028481437 -2.206588030 -0.006107894 0.999957800 -0.006859670 -1.668189287 0.028439689 0.007030729 0.999570847 78.821304321
0.999551356 0.007120780 -0.029096492 -2.245315552 -0.007204792 0.999970317 -0.002783458 -1.691610456 0.029075807 0.002991843 0.999572694 79.915519714
0.999523520 0.008245218 -0.029747218 -2.283206701 -0.008213218 0.999965608 0.001197818 -1.712689161 0.029756071 -0.000952927 0.999556780 80.988304138
0.999497890 0.009660560 -0.030175898 -2.326206207 -0.009608299 0.999952078 0.001876481 -1.735386252 0.030192576 -0.001585600 0.999542832 82.065460205
0.999486625 0.009019244 -0.030744227 -2.365117073 -0.009020323 0.999959290 0.000103593 -1.764048815 0.030743916 0.000173782 0.999527276 83.142448425
0.999481857 0.008962333 -0.030914847 -2.407191515 -0.008985619 0.999959350 -0.000614390 -1.782120347 0.030908087 0.000891860 0.999521852 84.207878113
0.999462962 0.008849924 -0.031553049 -2.445907831 -0.008883583 0.999960065 -0.000926712 -1.801237106 0.031543586 0.001206519 0.999501586 85.272949219
0.999433339 0.006927674 -0.032941546 -2.469937086 -0.006951438 0.999975562 -0.000606951 -1.825056911 0.032936551 0.000835598 0.999457002 86.295173645
0.999426305 0.005729282 -0.033384595 -2.507787704 -0.005716969 0.999983490 0.000464277 -1.840129375 0.033386715 -0.000273152 0.999442399 87.320381165
0.999406695 0.005920747 -0.033931881 -2.547533035 -0.005807690 0.999977171 0.003429432 -1.865759134 0.033951417 -0.003230332 0.999418259 88.330055237
0.999379814 0.004907591 -0.034869943 -2.585950375 -0.004754248 0.999978662 0.004479124 -1.888150215 0.034891188 -0.004310566 0.999381721 89.315612793
0.999315560 0.003670925 -0.036808904 -2.627819538 -0.003491988 0.999981761 0.004924373 -1.906144142 0.036826316 -0.004792466 0.999310136 90.269699097
0.999200761 0.003116103 -0.039850865 -2.673989296 -0.002959817 0.999987721 0.003980168 -1.928993106 0.039862785 -0.003859035 0.999197721 91.204895020
0.999032736 0.002756616 -0.043885268 -2.708808899 -0.002624699 0.999991775 0.003063293 -1.943223476 0.043893352 -0.002945144 0.999031901 92.138771057
0.998905182 0.002506067 -0.046713207 -2.757877111 -0.002352824 0.999991596 0.003335183 -1.959235668 0.046721175 -0.003221623 0.998902798 93.030128479
0.998741448 0.003770427 -0.050013550 -2.807556629 -0.003551115 0.999983668 0.004473181 -1.978050232 0.050029598 -0.004289947 0.998738468 93.902526855
0.998582780 0.004472260 -0.053031284 -2.859801769 -0.004177741 0.999975204 0.005663254 -1.997004747 0.053055305 -0.005433678 0.998576820 94.743469238
0.998399556 0.005794574 -0.056255784 -2.909176826 -0.005412140 0.999961197 0.006948110 -2.008166790 0.056293875 -0.006632525 0.998392165 95.559661865
0.998269975 0.007137751 -0.058360510 -2.971472025 -0.006682580 0.999945641 0.007990769 -2.026106358 0.058414385 -0.007586946 0.998263538 96.348579407
0.998082638 0.009182769 -0.061210804 -3.021234751 -0.008691896 0.999927878 0.008280862 -2.038077116 0.061282437 -0.007732945 0.998090506 97.113693237
0.997908115 0.010731313 -0.063751124 -3.074901342 -0.010282074 0.999919951 0.007370687 -2.056171894 0.063825116 -0.006699773 0.997938633 97.839561462
0.997715890 0.012437469 -0.066394836 -3.130787373 -0.012215623 0.999918401 0.003746243 -2.072287321 0.066436000 -0.002926632 0.997786343 98.541992188
0.997504771 0.014944877 -0.068999030 -3.186979532 -0.014972342 0.999887884 0.000119149 -2.086428165 0.068993077 0.000914225 0.997616589 99.206840515
0.997328162 0.016643038 -0.071130626 -3.241508007 -0.016875478 0.999854028 -0.002668067 -2.099997520 0.071075849 0.003861302 0.997463346 99.855628967
0.997246325 0.018607330 -0.071787350 -3.297362089 -0.018903356 0.999815345 -0.003446404 -2.117677689 0.071709976 0.004793934 0.997413933 100.476692200
0.997255266 0.020999340 -0.071000241 -3.340026617 -0.021256303 0.999769986 -0.002865549 -2.134444237 0.070923746 0.004366887 0.997472167 101.053047180
0.997393191 0.025031539 -0.067678951 -3.389254093 -0.025177903 0.999682188 -0.001310428 -2.149898529 0.067624629 0.003011026 0.997706294 101.621337891
0.997688472 0.027498746 -0.062141836 -3.429479599 -0.027551655 0.999620438 0.000005384 -2.161745548 0.062118404 0.001706740 0.998067319 102.161216736
0.998104036 0.028443879 -0.054582722 -3.458760977 -0.028355183 0.999595046 0.002398787 -2.180175543 0.054628838 -0.000846535 0.998506308 102.679351807
0.998587728 0.028266583 -0.044984784 -3.480742455 -0.028080344 0.999594331 0.004766606 -2.190782070 0.045101270 -0.003496684 0.998976290 103.193489075
0.999055803 0.027833510 -0.033361543 -3.488408089 -0.027656002 0.999600828 0.005770458 -2.200115204 0.033508826 -0.004842362 0.999426723 103.670669556
0.999438226 0.026708860 -0.020250581 -3.481249332 -0.026592262 0.999628305 0.006005557 -2.213518858 0.020403456 -0.005463673 0.999776900 104.128562927
0.999633968 0.026558025 -0.005160358 -3.473336220 -0.026531124 0.999634326 0.005213515 -2.224761486 0.005296933 -0.005074696 0.999973059 104.567543030
0.999602437 0.025071094 0.012894047 -3.456185341 -0.025101149 0.999682546 0.002174500 -2.234254360 -0.012835437 -0.002497290 0.999914527 104.991645813
0.999114394 0.024651384 0.034097075 -3.425003529 -0.024589231 0.999695241 -0.002240933 -2.249056339 -0.034141921 0.001400529 0.999415994 105.403038025
0.998031318 0.022616671 0.058497947 -3.381302834 -0.022243191 0.999727845 -0.007027839 -2.258567333 -0.058640972 0.005712824 0.998262823 105.808860779
0.996121883 0.020610521 0.085535996 -3.321325302 -0.019820347 0.999752760 -0.010076940 -2.265722275 -0.085722551 0.008342508 0.996284127 106.210174561
0.993147016 0.017736293 0.115517311 -3.248645782 -0.016574584 0.999802053 -0.011009427 -2.280375481 -0.115689725 0.009019330 0.993244469 106.602966309
0.988833249 0.015319632 0.148236543 -3.164112091 -0.013530459 0.999823034 -0.013070675 -2.293417692 -0.148410559 0.010919008 0.988865554 106.989730835
0.982904851 0.012162630 0.183712050 -3.076374054 -0.009703140 0.999850929 -0.014280803 -2.313228369 -0.183858365 0.012254084 0.982876420 107.321182251
0.974972725 0.009099436 0.222138345 -2.956781387 -0.005994586 0.999874711 -0.014647356 -2.327106953 -0.222243816 0.012949144 0.974905133 107.685714722
0.964968204 0.006756645 0.262280047 -2.834165573 -0.002730735 0.999872804 -0.015711129 -2.338824987 -0.262352854 0.014444522 0.964863896 108.032218933
0.952628911 0.007665837 0.304038614 -2.697839737 -0.002743779 0.999858141 -0.016612856 -2.356396198 -0.304122895 0.014991670 0.952514946 108.368896484
0.937317848 0.009830710 0.348336905 -2.561408997 -0.004087432 0.999843299 -0.017218817 -2.366938114 -0.348451614 0.014715699 0.937211275 108.677040100
0.919481456 0.010206455 0.393000722 -2.391304016 -0.004172705 0.999859929 -0.016204301 -2.375915051 -0.393111110 0.013259679 0.919395387 108.998405457
0.898825645 0.009143412 0.438210934 -2.213748932 -0.003029208 0.999888122 -0.014649709 -2.391278505 -0.438295901 0.011840101 0.898752749 109.311126709
0.875771582 0.007799165 0.482662797 -2.016765594 -0.000407340 0.999881029 -0.015417601 -2.400975466 -0.482725680 0.013305688 0.875670612 109.592018127
0.850742042 0.009225698 0.525502563 -1.796508789 -0.000099539 0.999848664 -0.017392160 -2.418167114 -0.525583506 0.014743933 0.850614309 109.874389648
0.822981238 0.011069539 0.567960680 -1.573089600 0.001119798 0.999776602 -0.021108221 -2.431415558 -0.568067491 0.018007673 0.822785020 110.145423889
0.792565703 0.014927474 0.609603703 -1.332279205 0.000202823 0.999693811 -0.024743373 -2.454255342 -0.609786451 0.019734392 0.792320013 110.409484863
0.758358955 0.021385279 0.651486456 -1.081722260 -0.003318948 0.999575436 -0.028948024 -2.462647676 -0.651828945 0.019790739 0.758107841 110.666061401
0.720632255 0.026012646 0.692829370 -0.812236786 -0.005326864 0.999474168 -0.031985153 -2.470675230 -0.693297148 0.019358922 0.720391750 110.915481567
0.681354761 0.026447758 0.731475472 -0.516780853 -0.003519654 0.999453843 -0.032858491 -2.485614538 -0.731944919 0.019813746 0.681075692 111.139228821
0.640614510 0.023545470 0.767501593 -0.203361511 0.000823551 0.999508023 -0.031350385 -2.499650955 -0.767862201 0.020715587 0.640280128 111.336532593
0.596654356 0.021702915 0.802204847 0.122562408 0.002488073 0.999579370 -0.028893255 -2.505339146 -0.802494526 0.019235231 0.596349478 111.532958984
0.551324904 0.020096857 0.834048510 0.447490692 0.003375446 0.999647856 -0.026318312 -2.521953583 -0.834283590 0.017325228 0.551063001 111.678451538
0.503250837 0.017537197 0.863962471 0.805210114 0.005259812 0.999713302 -0.023356538 -2.531467915 -0.864124358 0.016298475 0.503014326 111.842849731
0.452416331 0.013824549 0.891699612 1.173801422 0.007991078 0.999776840 -0.019554516 -2.542438030 -0.891770899 0.015972426 0.452205002 111.989349365
0.399965823 0.013602996 0.916429162 1.533699036 0.004778551 0.999845386 -0.016926730 -2.568302631 -0.916517615 0.011149315 0.399838924 112.122383118
0.348934054 0.019114885 0.936952353 1.927165985 0.000949933 0.999784231 -0.020750491 -2.572536230 -0.937146723 0.008130597 0.348840714 112.238265991
0.298137933 0.024330754 0.954212546 2.319046021 -0.000282055 0.999677241 -0.025401892 -2.589626074 -0.954522729 0.007304127 0.298048556 112.337059021
0.251442730 0.026431559 0.967511237 2.725038528 0.001405629 0.999616027 -0.027673939 -2.601280928 -0.967871130 0.008318374 0.251309037 112.408432007
0.210448354 0.026123757 0.977255881 3.145301819 0.008228395 0.999560058 -0.028491948 -2.618292809 -0.977570474 0.014037332 0.210140824 112.454734802
0.175285637 0.025884822 0.984177291 3.580204010 0.016897270 0.999428034 -0.029295396 -2.629419327 -0.984372556 0.021764975 0.174748003 112.493408203
0.144851476 0.027095180 0.989082396 4.036478043 0.021225918 0.999309778 -0.030483905 -2.644070387 -0.989225745 0.025409821 0.144176379 112.529380798
0.116468847 0.025182676 0.992875099 4.506854057 0.019214526 0.999434233 -0.027602993 -2.665112972 -0.993008494 0.022292510 0.115919054 112.578262329
0.090938941 0.022005267 0.995613277 5.018559456 0.013035772 0.999643862 -0.023285031 -2.675885916 -0.995771170 0.015096105 0.090619683 112.626449585
0.067566134 0.018143313 0.997549772 5.494753361 0.007650876 0.999795854 -0.018702373 -2.693711758 -0.997685432 0.008895780 0.067413531 112.647171021
0.044958673 0.015568301 0.998867571 6.019993305 0.011897438 0.999799311 -0.016118325 -2.713087082 -0.998917997 0.012608623 0.044764437 112.652870178
0.024740662 0.016362026 0.999559999 6.557299614 0.019601298 0.999665976 -0.016848927 -2.729176760 -0.999501705 0.020009529 0.024411682 112.638275146
0.007478505 0.018904369 0.999793291 7.109772682 0.024469607 0.999518454 -0.019082207 -2.745199680 -0.999672651 0.024607256 0.007012319 112.620132446
-0.007585347 0.024027131 0.999682486 7.713540077 0.023314217 0.999443769 -0.023844495 -2.765750408 -0.999699473 0.023125948 -0.008141316 112.631378174
-0.017651239 0.029080659 0.999421358 8.320007324 0.022824241 0.999328256 -0.028674843 -2.766201973 -0.999583602 0.022304883 -0.018303128 112.609893799
-0.024377054 0.028667375 0.999291718 8.939405441 0.024786294 0.999298692 -0.028062932 -2.784468651 -0.999395549 0.024084646 -0.025070516 112.595741272
-0.026917223 0.025850702 0.999303401 9.584697723 0.031192161 0.999200404 -0.025007848 -2.800220728 -0.999150991 0.030497286 -0.027702041 112.571998596
-0.026553445 0.023925534 0.999361038 10.236187935 0.031851675 0.999226213 -0.023075990 -2.829009295 -0.999139845 0.031218573 -0.027294964 112.551170349
-0.024235612 0.023609189 0.999427378 10.929244995 0.030917533 0.999260604 -0.022855513 -2.850003958 -0.999228001 0.030345920 -0.024947630 112.534477234
-0.022749994 0.024138704 0.999449730 11.615108490 0.027878441 0.999335170 -0.023501346 -2.867757559 -0.999352336 0.027328450 -0.023407817 112.525154114
-0.021571854 0.025290655 0.999447405 12.322268486 0.026811568 0.999335110 -0.024709117 -2.887358665 -0.999407709 0.026263731 -0.022235593 112.517211914
-0.020588093 0.026071088 0.999448001 13.052019119 0.026376113 0.999326169 -0.025524579 -2.914507151 -0.999440014 0.025836052 -0.021261875 112.503646851
-0.020093426 0.025728798 0.999466956 13.802966118 0.025564929 0.999355197 -0.025211960 -2.935823679 -0.999471128 0.025044709 -0.020738225 112.499740601
-0.019492047 0.024375755 0.999512732 14.560867310 0.024884250 0.999404788 -0.023887845 -2.959896803 -0.999500275 0.024406500 -0.020087022 112.489608765
-0.018632071 0.022812972 0.999566138 15.317236900 0.025535924 0.999424458 -0.022333743 -2.995673656 -0.999500275 0.025108725 -0.019203896 112.467338562
-0.019367391 0.020725170 0.999597609 16.108667374 0.026028557 0.999456584 -0.020217942 -3.018115759 -0.999473512 0.025626516 -0.019896315 112.460090637
-0.020897564 0.018792804 0.999605060 16.887376785 0.022591665 0.999576747 -0.018319987 -3.049456120 -0.999526381 0.022199895 -0.021313280 112.453620911
-0.021133250 0.017929329 0.999615848 17.683696747 0.023417344 0.999573708 -0.017433498 -3.067588806 -0.999502301 0.023039926 -0.021544101 112.420768738
-0.022229217 0.015562046 0.999631703 18.480327606 0.025742020 0.999556184 -0.014988435 -3.084614515 -0.999421418 0.025399366 -0.022619953 112.400009155
-0.023738176 0.013936764 0.999620914 19.294277191 0.027048243 0.999545634 -0.013293395 -3.107654572 -0.999352276 0.026722435 -0.024104355 112.386741638
-0.025472116 0.012721463 0.999594450 20.120357513 0.024719199 0.999621212 -0.012091897 -3.139838219 -0.999369860 0.024401175 -0.025776932 112.368774414
-0.026170297 0.017702123 0.999500692 20.937097549 0.021286100 0.999626517 -0.017147008 -3.161969900 -0.999430776 0.020826735 -0.026537331 112.350685120
-0.027032889 0.022328023 0.999385178 21.772951126 0.022663938 0.999507308 -0.021717705 -3.186254025 -0.999377549 0.022062913 -0.027525613 112.332618713
-0.028417846 0.024175026 0.999303758 22.610670090 0.022762861 0.999463916 -0.023531578 -3.209064722 -0.999336898 0.022078296 -0.028952911 112.313415527
-0.030001543 0.021828134 0.999311447 23.453102112 0.019261200 0.999588549 -0.021255922 -3.241509676 -0.999364257 0.018610230 -0.030409638 112.297447205
-0.030770602 0.017458525 0.999373972 24.290573120 0.016562521 0.999719024 -0.016954591 -3.272159576 -0.999389172 0.016030453 -0.031051109 112.277870178
-0.031201359 0.012241089 0.999438226 25.144876480 0.015149470 0.999815881 -0.011772765 -3.297573805 -0.999398291 0.014773636 -0.031381067 112.258132935
-0.031218681 0.006401566 0.999492109 25.993892670 0.011593769 0.999914467 -0.006042148 -3.322617769 -0.999445379 0.011399252 -0.031290229 112.235824585
-0.030933181 0.004792929 0.999510050 26.846469879 0.008733161 0.999951601 -0.004524772 -3.351151943 -0.999483228 0.008588916 -0.030973550 112.221145630
-0.030206267 0.011936277 0.999472320 27.676780701 0.011053366 0.999871552 -0.011606985 -3.378725767 -0.999482572 0.010696932 -0.030334311 112.189949036
-0.028697791 0.023001667 0.999323487 28.505628586 0.013707524 0.999650359 -0.022615548 -3.402173996 -0.999494195 0.013049233 -0.029003050 112.159996033
-0.028607281 0.028504753 0.999184132 29.340671539 0.015588314 0.999484479 -0.028067015 -3.422656536 -0.999469161 0.014772676 -0.029036878 112.146400452
-0.027439319 0.022854172 0.999362171 30.186500549 0.017030519 0.999604166 -0.022392105 -3.458949327 -0.999478400 0.016405232 -0.027817676 112.125831604
-0.026294440 0.015271379 0.999537587 31.019384384 0.020372842 0.999683797 -0.014737673 -3.489062309 -0.999446630 0.019975903 -0.026597248 112.096870422
-0.025273291 0.012520413 0.999602139 31.849800110 0.021765575 0.999691427 -0.011971224 -3.514085054 -0.999443591 0.021454366 -0.025538005 112.073020935
-0.025684478 0.013486147 0.999579132 32.668018341 0.020937292 0.999696910 -0.012949748 -3.535882235 -0.999450803 0.020595875 -0.025959056 112.057929993
-0.026767706 0.013799235 0.999546468 33.488243103 0.016998695 0.999766469 -0.013347050 -3.569907188 -0.999497175 0.016633717 -0.026996026 112.046020508
-0.028920311 0.014018576 0.999483466 34.305641174 0.015251611 0.999791384 -0.013581587 -3.593886852 -0.999465346 0.014850952 -0.029128086 112.027420044
-0.030883661 0.013823377 0.999427378 35.114810944 0.014979783 0.999798417 -0.013365610 -3.619924784 -0.999410689 0.014558428 -0.031084511 112.001289368
-0.032747772 0.014026421 0.999365270 35.917736053 0.013992314 0.999809980 -0.013574152 -3.646531105 -0.999365687 0.013538910 -0.032937802 111.977203369
-0.034820218 0.014250543 0.999292076 36.727970123 0.011995014 0.999832213 -0.013840281 -3.674553156 -0.999321580 0.011504602 -0.034985315 111.956031799
-0.037411097 0.013375362 0.999210417 37.527629852 0.010172288 0.999863684 -0.013003250 -3.700663567 -0.999248147 0.009677791 -0.037542053 111.941802979
-0.039406240 0.012283008 0.999147773 38.317104340 0.010291266 0.999876380 -0.011886078 -3.726472139 -0.999170303 0.009814111 -0.039527770 111.910591125
-0.041356083 0.011851896 0.999074101 39.096923828 0.009560371 0.999888420 -0.011465810 -3.757994175 -0.999098718 0.009077339 -0.041464780 111.879699707
-0.043080892 0.013334173 0.998982489 39.887023926 0.010275544 0.999863863 -0.012902807 -3.776484251 -0.999018669 0.009709224 -0.043212045 111.849670410
-0.043822274 0.013490250 0.998948216 40.651115417 0.010667614 0.999858081 -0.013034568 -3.801855564 -0.998982370 0.010085189 -0.043959964 111.808860779
-0.045182891 0.012386316 0.998901963 41.439037323 0.012991113 0.999845803 -0.011810399 -3.825211287 -0.998894274 0.012443217 -0.045336843 111.783432007
-0.046745837 0.011662307 0.998838723 42.215408325 0.012934492 0.999855042 -0.011068840 -3.849935532 -0.998823166 0.012402049 -0.046889905 111.754074097
-0.048367541 0.011297852 0.998765767 42.978183746 0.011812347 0.999872565 -0.010738335 -3.873046875 -0.998759747 0.011278383 -0.048494834 111.725456238
-0.049567770 0.010352570 0.998717189 43.740715027 0.009910725 0.999902129 -0.009872971 -3.894353390 -0.998721600 0.009408630 -0.049665526 111.696083069
-0.050771795 0.009189690 0.998668015 44.480808258 0.008692625 0.999923885 -0.008759320 -3.917990685 -0.998672426 0.008236321 -0.050847813 111.670089722
-0.051942989 0.008648166 0.998612583 45.205181122 0.008731523 0.999928176 -0.008205390 -3.946324825 -0.998611927 0.008293197 -0.052014768 111.645851135
-0.051022962 0.011431698 0.998632014 45.892208099 0.008692355 0.999901652 -0.011002115 -3.961473942 -0.998659670 0.008119103 -0.051117316 111.591964722
-0.051252700 0.014261415 0.998583794 46.595184326 0.008970360 0.999864280 -0.013819293 -3.984423637 -0.998645425 0.008249382 -0.051373672 111.563827515
-0.051433261 0.016017636 0.998547912 47.297355652 0.007003600 0.999852479 -0.015677825 -4.004306316 -0.998651922 0.006187069 -0.051537856 111.534217834
-0.051717311 0.016499264 0.998525441 47.995399475 0.007422302 0.999842227 -0.016136592 -4.034404755 -0.998634219 0.006576817 -0.051831618 111.502563477
-0.051579364 0.016155165 0.998538196 48.690475464 0.008884620 0.999836981 -0.015717244 -4.058174610 -0.998629451 0.008060946 -0.051714491 111.467155457
-0.051977448 0.015477131 0.998528242 49.382400513 0.009406027 0.999843061 -0.015007887 -4.083764553 -0.998604000 0.008612113 -0.052114870 111.435058594
-0.051787581 0.016123598 0.998527944 50.063880920 0.005917483 0.999857068 -0.015838157 -4.099818230 -0.998640656 0.005088551 -0.051875588 111.401138306
-0.052024625 0.015769457 0.998521268 50.750347137 0.003056644 0.999873042 -0.015631551 -4.133774757 -0.998641074 0.002238898 -0.052066226 111.378250122
-0.051834024 0.014175452 0.998555064 51.435241699 0.004374691 0.999892771 -0.013967358 -4.159432888 -0.998646080 0.003644385 -0.051890481 111.345855713
-0.052797593 0.013781599 0.998510063 52.105899811 0.005340262 0.999894261 -0.013518330 -4.178191185 -0.998590887 0.004618571 -0.052865606 111.308654785
-0.056153052 0.013143058 0.998335540 52.770668030 0.001791065 0.999913096 -0.013063082 -4.203012466 -0.998420477 0.001054552 -0.056171708 111.273971558
-0.061523791 0.012655571 0.998025298 53.439750671 -0.001980450 0.999916077 -0.012801630 -4.226258278 -0.998103559 -0.002764144 -0.061493557 111.244232178
-0.067339927 0.017113734 0.997583330 54.120307922 0.001896985 0.999853194 -0.017024620 -4.238925934 -0.997728288 0.000745964 -0.067362510 111.191398621
-0.073863663 0.019966064 0.997068524 54.786685944 0.004540638 0.999795854 -0.019684305 -4.258180141 -0.997257948 0.003073371 -0.073939264 111.137847900
-0.080525175 0.021299489 0.996525049 55.456089020 0.003337442 0.999771774 -0.021099199 -4.283751488 -0.996746957 0.001626828 -0.080577880 111.076484680
-0.087151669 0.020618599 0.995981693 56.142646790 -0.000649746 0.999784350 -0.020754177 -4.305130959 -0.996194839 -0.002455897 -0.087119475 111.025588989
-0.092814229 0.019592566 0.995490670 56.832759857 -0.000735834 0.999804735 -0.019746074 -4.329784393 -0.995683134 -0.002565233 -0.092781693 110.967117310
-0.097834997 0.020226616 0.994997144 57.525218964 -0.002808568 0.999783874 -0.020600082 -4.353154659 -0.995198727 -0.004809925 -0.097757041 110.912109375
-0.101800762 0.019697307 0.994609833 58.221889496 -0.004843368 0.999782324 -0.020295475 -4.371132374 -0.994793117 -0.006883355 -0.101683192 110.847808838
-0.104479127 0.016491817 0.994390368 58.930435181 -0.004609812 0.999843717 -0.017066605 -4.394472122 -0.994516492 -0.006367057 -0.104386777 110.777122498
-0.105871677 0.013421286 0.994289279 59.647888184 -0.002425542 0.999902487 -0.013755327 -4.417913914 -0.994376838 -0.003867990 -0.105828807 110.698425293
-0.107601136 0.010258552 0.994141221 60.373176575 -0.003244489 0.999937773 -0.010669540 -4.445506573 -0.994188905 -0.004373535 -0.107561171 110.628677368
-0.109182879 0.010108186 0.993970394 61.097984314 -0.003936316 0.999935985 -0.010601242 -4.461274624 -0.994013965 -0.005070056 -0.109136127 110.557464600
-0.109428324 0.013751410 0.993899584 61.817543030 -0.001806579 0.999899745 -0.014033336 -4.482882023 -0.993993104 -0.003331203 -0.109392516 110.474891663
-0.109366603 0.017887441 0.993840635 62.552066803 0.004007799 0.999837756 -0.017554348 -4.502949715 -0.993993521 0.002063255 -0.109420568 110.388038635
-0.110287137 0.023142388 0.993630230 63.301368713 0.011706731 0.999689698 -0.021984141 -4.525070190 -0.993830800 0.009207597 -0.110523850 110.302261353
-0.110601828 0.023712911 0.993581772 64.048797607 0.011800695 0.999676168 -0.022544747 -4.553565979 -0.993794739 0.009231467 -0.110845827 110.216957092
-0.111521095 0.021781309 0.993523419 64.806198120 0.009748486 0.999735534 -0.020823257 -4.576789856 -0.993714333 0.007363117 -0.111703955 110.142906189
-0.111191340 0.016735550 0.993658066 65.558647156 0.011008179 0.999817550 -0.015607463 -4.606012821 -0.993738055 0.009202952 -0.111355267 110.055046082
-0.111118801 0.014794914 0.993696928 66.304290771 0.013132573 0.999823689 -0.013417598 -4.629926682 -0.993720353 0.011558852 -0.111293502 109.970779419
-0.111983754 0.014092166 0.993610024 67.042045593 0.012532209 0.999839902 -0.012768090 -4.656970978 -0.993631005 0.011022313 -0.112142436 109.889022827
-0.114021726 0.015223850 0.993361592 67.790702820 0.011938259 0.999831319 -0.013952689 -4.679026127 -0.993406534 0.010268098 -0.114184260 109.812713623
-0.116017058 0.015839258 0.993120849 68.528282166 0.011410926 0.999828041 -0.014613199 -4.701129436 -0.993181705 0.009637048 -0.116177857 109.729850769
-0.118358545 0.015834635 0.992844582 69.269569397 0.011956882 0.999822974 -0.014520535 -4.728886604 -0.992898941 0.010152696 -0.118526950 109.643028259
-0.119978324 0.016134569 0.992645383 70.010276794 0.012641809 0.999811709 -0.014723070 -4.750366688 -0.992695987 0.010782384 -0.120159693 109.551696777
-0.122112043 0.015953124 0.992388070 70.758316040 0.012481465 0.999816358 -0.014536710 -4.771513462 -0.992437840 0.010611349 -0.122288756 109.462654114
-0.123748906 0.016277075 0.992180109 71.510726929 0.010310626 0.999832511 -0.015116632 -4.793246746 -0.992259979 0.008359329 -0.123896033 109.375434875
-0.124787062 0.017600086 0.992027462 72.263595581 0.009998676 0.999814153 -0.016480498 -4.818667412 -0.992133200 0.007862408 -0.124939866 109.285148621
-0.125609517 0.017776463 0.991920531 73.019851685 0.009035107 0.999818444 -0.016773861 -4.842696190 -0.992038667 0.006855149 -0.125747368 109.192672729
-0.127003714 0.018427491 0.991730988 73.786239624 0.008767758 0.999809086 -0.017454768 -4.862010956 -0.991863489 0.006478435 -0.127141014 109.099685669
-0.128147513 0.016868914 0.991611600 74.571990967 0.009455876 0.999830544 -0.015786737 -4.882843971 -0.991710007 0.007353525 -0.128285319 109.007308960
-0.129408568 0.014147630 0.991490424 75.346923828 0.006211799 0.999890208 -0.013456726 -4.911161423 -0.991571903 0.004417524 -0.129482195 108.911956787
-0.131187290 0.012163034 0.991282940 76.125747681 0.003092785 0.999924898 -0.011859768 -4.929365158 -0.991352737 0.001509975 -0.131215051 108.816062927
-0.133377984 0.011405128 0.990999579 76.913658142 0.004253934 0.999931216 -0.010935385 -4.950938702 -0.991056025 0.002757108 -0.133417308 108.712402344
-0.135006845 0.011889731 0.990773320 77.715347290 0.005614884 0.999921083 -0.011234401 -4.976152897 -0.990828693 0.004046357 -0.135062963 108.606620789
-0.137334853 0.013484742 0.990432858 78.511917114 0.005315128 0.999902964 -0.012876675 -4.993423462 -0.990510345 0.003495861 -0.137393191 108.500724792
-0.138686344 0.016864726 0.990192711 79.324165344 0.006491680 0.999848962 -0.016119966 -5.022055149 -0.990315020 0.004192395 -0.138774902 108.388107300
-0.138977021 0.020899460 0.990074933 80.130401611 0.008443695 0.999765873 -0.019918783 -5.044596672 -0.990259528 0.005591638 -0.139120981 108.270553589
-0.140341222 0.024719013 0.989794552 80.948593140 0.009353419 0.999676824 -0.023639604 -5.072325706 -0.990059018 0.005940353 -0.140527070 108.163909912
-0.139871940 0.025611252 0.989838302 81.771781921 0.011957544 0.999636233 -0.024175065 -5.105787754 -0.990097404 0.008454621 -0.140127316 108.047706604
-0.139474034 0.024998173 0.989910185 82.607360840 0.014350288 0.999627292 -0.023221668 -5.134104729 -0.990121782 0.010966675 -0.139780790 107.925521851
-0.139598429 0.023219733 0.989935935 83.446044922 0.014807943 0.999662101 -0.021359691 -5.163434505 -0.990097463 0.011677135 -0.139895111 107.812927246
-0.139004782 0.021746969 0.990052998 84.285171509 0.014226724 0.999699473 -0.019961409 -5.189932823 -0.990189552 0.011310479 -0.139272407 107.703392029
-0.137515396 0.018836709 0.990320563 85.135437012 0.012775928 0.999769688 -0.017242383 -5.224850655 -0.990417361 0.010281171 -0.137724414 107.596427917
-0.135651276 0.015851025 0.990629852 85.983406067 0.013680786 0.999806643 -0.014124490 -5.245839119 -0.990662158 0.011636591 -0.135841876 107.485374451
-0.133832350 0.012329515 0.990927339 86.837516785 0.014044068 0.999845743 -0.010543723 -5.272114754 -0.990904391 0.012505559 -0.133984864 107.370361328
-0.132246524 0.012330622 0.991140127 87.692626953 0.012738623 0.999861181 -0.010739421 -5.296889782 -0.991135001 0.011205508 -0.132385284 107.263572693
-0.130840421 0.016438697 0.991267204 88.553932190 0.013771239 0.999796152 -0.014762430 -5.325337410 -0.991307795 0.011719453 -0.131040141 107.153442383
-0.128834784 0.022961291 0.991400301 89.401565552 0.015154218 0.999660790 -0.021183282 -5.348448277 -0.991550326 0.012294750 -0.129139066 107.046295166
-0.127621174 0.026282130 0.991474688 90.257621765 0.011955542 0.999616921 -0.024959069 -5.374338627 -0.991750896 0.008668312 -0.127886459 106.945846558
-0.126116499 0.023843098 0.991728961 91.118316650 0.011065570 0.999682665 -0.022627141 -5.402735710 -0.991953671 0.008120390 -0.126340300 106.842620850
