1.000000000 -0.000000000 0.000000000 0.000000000 -0.000000000 1.000000000 0.000000000 0.000000000 0.000000000 0.000000000 1.000000000 0.000000000
0.999997377 0.001015552 0.002050237 -0.009091548 -0.001013322 0.999998868 -0.001088430 -0.016723204 -0.002051340 0.001086350 0.999997318 1.206132174
0.999999940 -0.000140846 0.000115178 0.042287525 0.000140937 0.999999702 -0.000788294 -0.035975367 -0.000115067 0.000788310 0.999999642 2.396026611
0.999999166 -0.000729331 0.001060178 0.042156123 0.000729876 0.999999523 -0.000513382 -0.053894747 -0.001059803 0.000514155 0.999999225 3.594649553
0.999997377 -0.000834655 0.002108767 0.038456526 0.000835969 0.999999404 -0.000622314 -0.074370675 -0.002108246 0.000624075 0.999997497 4.794474602
0.999996305 -0.001417391 0.002316029 0.049752016 0.001418351 0.999998927 -0.000413075 -0.096218914 -0.002315441 0.000416359 0.999997258 5.995980263
0.999994934 -0.001193759 0.002945294 0.051508717 0.001198079 0.999998271 -0.001465273 -0.117722362 -0.002943540 0.001468794 0.999994576 7.193894863
0.999992192 -0.001589749 0.003622780 0.060981791 0.001595463 0.999997437 -0.001574720 -0.141300485 -0.003620268 0.001580487 0.999992132 8.390337944
0.999992192 -0.001684333 0.003576717 0.069727197 0.001684808 0.999998510 -0.000129778 -0.164322570 -0.003576495 0.000135803 0.999993622 9.594805717
0.999994695 -0.002437293 0.002174597 0.067689806 0.002435182 0.999996603 0.000972915 -0.188189000 -0.002176960 -0.000967614 0.999997199 10.786040306
0.999992311 -0.003897282 -0.000483311 0.072462194 0.003897544 0.999992251 0.000541248 -0.209808469 0.000481198 -0.000543127 0.999999762 11.991867065
0.999990463 -0.003686855 -0.002382326 0.061237238 0.003686855 0.999993205 -0.000004570 -0.227402344 0.002382326 -0.000004214 0.999997199 13.186075211
0.999986649 -0.003627108 -0.003696649 0.051529944 0.003626832 0.999993443 -0.000081565 -0.250649631 0.003696920 0.000068156 0.999993205 14.382816315
0.999985337 -0.002153994 -0.004970962 0.060030788 0.002152171 0.999997616 -0.000372217 -0.268781304 0.004971752 0.000361513 0.999987543 15.585502625
0.999982238 -0.002347502 -0.005489700 0.048125975 0.002346103 0.999997258 -0.000261279 -0.289262235 0.005490298 0.000248395 0.999984860 16.784465790
0.999974549 -0.003170837 -0.006384892 0.040210873 0.003170828 0.999994934 -0.000011504 -0.307444125 0.006384896 -0.000008741 0.999979615 17.972036362
0.999969602 -0.003405389 -0.007016770 0.034768820 0.003410171 0.999993920 0.000669553 -0.335102558 0.007014447 -0.000693461 0.999975145 19.170757294
0.999963403 -0.003105031 -0.007974569 0.021127313 0.003104719 0.999995172 -0.000051570 -0.358901978 0.007974690 0.000026810 0.999968171 20.366580963
0.999959290 -0.003749386 -0.008204960 0.005920440 0.003741313 0.999992609 -0.000998896 -0.383215964 0.008208645 0.000968158 0.999965847 21.576171875
0.999957204 -0.002520328 -0.008901185 -0.010148317 0.002516026 0.999996662 -0.000494473 -0.402372211 0.008902404 0.000472057 0.999960303 22.773885727
0.999947965 -0.003142482 -0.009705598 -0.026358590 0.003136533 0.999994993 -0.000628093 -0.427093565 0.009707523 0.000597619 0.999952614 23.972089767
0.999939263 -0.003036762 -0.010597104 -0.045750976 0.003024369 0.999994755 -0.001185175 -0.449376941 0.010600647 0.001153054 0.999943197 25.165794373
0.999925375 -0.002776864 -0.011903558 -0.053811640 0.002772353 0.999996066 -0.000395527 -0.475186110 0.011904611 0.000362497 0.999929070 26.364641190
0.999910772 -0.004368883 -0.012620059 -0.074629694 0.004387211 0.999989331 0.001424995 -0.496049017 0.012613700 -0.001480235 0.999919355 27.567388535
0.999896884 -0.004326430 -0.013689862 -0.086998105 0.004345320 0.999989629 0.001350427 -0.515875936 0.013683878 -0.001409775 0.999905288 28.759410858
0.999881327 -0.005173629 -0.014510400 -0.109702826 0.005183155 0.999986351 0.000618934 -0.537357092 0.014506999 -0.000694070 0.999894440 29.957912445
0.999865532 -0.005180293 -0.015557614 -0.121970206 0.005174316 0.999986470 -0.000424487 -0.556588948 0.015559604 0.000343930 0.999878883 31.154792786
0.999855697 -0.004613443 -0.016343487 -0.147050738 0.004608604 0.999989331 -0.000333705 -0.576690733 0.016344851 0.000258336 0.999866366 32.347831726
0.999841213 -0.004815694 -0.017153783 -0.170662463 0.004818437 0.999988437 0.000118514 -0.596612215 0.017153013 -0.000201150 0.999852836 33.553119659
0.999831319 -0.005559467 -0.017502867 -0.194087088 0.005568400 0.999984384 0.000461644 -0.619872391 0.017500030 -0.000559029 0.999846637 34.740688324
0.999810636 -0.006230492 -0.018430242 -0.213518769 0.006246069 0.999980211 0.000787854 -0.645225167 0.018424969 -0.000902821 0.999829829 35.939636230
0.999796867 -0.006258027 -0.019165140 -0.230079621 0.006267152 0.999980271 0.000416038 -0.663438380 0.019162161 -0.000536065 0.999816179 37.146171570
0.999790013 -0.006945981 -0.019282691 -0.254528284 0.006969419 0.999975026 0.001148538 -0.683993518 0.019274231 -0.001282686 0.999813378 38.344741821
0.999790430 -0.006632731 -0.019366171 -0.277893662 0.006683832 0.999974370 0.002575170 -0.708076477 0.019348595 -0.002704070 0.999809086 39.561439514
0.999791682 -0.005893692 -0.019537764 -0.302007586 0.005952921 0.999977887 0.002974755 -0.719766617 0.019519802 -0.003090442 0.999804676 40.762771606
0.999798954 -0.005338138 -0.019327085 -0.334311396 0.005395351 0.999981225 0.002909301 -0.742379546 0.019311193 -0.003012992 0.999808967 41.964256287
0.999800503 -0.004175570 -0.019529572 -0.348855227 0.004227203 0.999987602 0.002603289 -0.755197465 0.019518461 -0.002685325 0.999805868 43.170696259
0.999816000 -0.001682942 -0.019107064 -0.379247099 0.001766995 0.999988794 0.004383084 -0.770036817 0.019099474 -0.004416040 0.999807835 44.369796753
0.999846041 -0.001242772 -0.017503135 -0.407427907 0.001370382 0.999972582 0.007280551 -0.784239650 0.017493609 -0.007303417 0.999820232 45.580368042
0.999874353 -0.000866450 -0.015826633 -0.416099846 0.001029490 0.999946475 0.010296390 -0.797391772 0.015816865 -0.010311391 0.999821663 46.783218384
0.999889016 -0.000421221 -0.014895434 -0.432237893 0.000625526 0.999905825 0.013713926 -0.804534733 0.014888256 -0.013721723 0.999794960 47.987762451
0.999910295 -0.001535107 -0.013308463 -0.458769858 0.001735149 0.999885499 0.015032737 -0.812561452 0.013283860 -0.015054480 0.999798417 49.195064545
0.999926269 -0.002632519 -0.011863912 -0.459388465 0.002789032 0.999909043 0.013195118 -0.810564280 0.011828098 -0.013227231 0.999842525 50.423427582
0.999943435 -0.001620204 -0.010509443 -0.481492966 0.001742299 0.999930978 0.011618941 -0.817273259 0.010489891 -0.011636592 0.999877274 51.640190125
0.999950349 -0.001821720 -0.009798616 -0.500292957 0.001930299 0.999936640 0.011083032 -0.821976960 0.009777805 -0.011101397 0.999890566 52.837551117
0.999944866 -0.002018107 -0.010301377 -0.499913037 0.002127626 0.999941170 0.010631530 -0.831309199 0.010279316 -0.010652863 0.999890387 54.039669037
0.999938250 -0.002464053 -0.010831951 -0.524917305 0.002563935 0.999954224 0.009216869 -0.836184740 0.010808744 -0.009244073 0.999898851 55.252285004
0.999913394 -0.002663118 -0.012884319 -0.530356705 0.002794158 0.999944389 0.010163282 -0.848142445 0.012856536 -0.010198403 0.999865353 56.455615997
0.999891162 -0.002710339 -0.014494659 -0.549571157 0.002870474 0.999934912 0.011038521 -0.852598190 0.014463797 -0.011078927 0.999834061 57.663249969
0.999875903 -0.002789812 -0.015498596 -0.569114923 0.002973604 0.999925375 0.011848299 -0.868476093 0.015464384 -0.011892918 0.999809623 58.862342834
0.999863982 -0.002111311 -0.016356403 -0.594200253 0.002297739 0.999932468 0.011387490 -0.871272981 0.016331255 -0.011423523 0.999801338 60.060989380
0.999847293 -0.001697972 -0.017391458 -0.614017129 0.001900885 0.999930263 0.011657526 -0.886223435 0.017370449 -0.011688805 0.999780774 61.276874542
0.999842703 -0.002804762 -0.017513409 -0.637990594 0.002993043 0.999937892 0.010733710 -0.888813376 0.017482214 -0.010784441 0.999788940 62.471637726
0.999834239 -0.003384419 -0.017889462 -0.657689214 0.003561146 0.999945045 0.009856218 -0.898301721 0.017855123 -0.009918291 0.999791384 63.694953918
0.999823332 -0.003860065 -0.018400937 -0.678727746 0.004064729 0.999930143 0.011098046 -0.906085849 0.018356815 -0.011170876 0.999769092 64.898300171
0.999819160 -0.004674070 -0.018430255 -0.710151374 0.004910960 0.999905646 0.012829131 -0.918236554 0.018368552 -0.012917322 0.999747813 66.106086731
0.999811232 -0.003619703 -0.019083967 -0.730683684 0.003831233 0.999931514 0.011059268 -0.925861895 0.019042626 -0.011130295 0.999756694 67.303306580
0.999822021 -0.001729565 -0.018785449 -0.765465379 0.001917874 0.999948025 0.010010762 -0.934088886 0.018767158 -0.010045009 0.999773324 68.501762390
0.999813497 0.000143633 -0.019311821 -0.785949647 0.000055191 0.999947011 0.010294574 -0.944191158 0.019312277 -0.010293722 0.999760449 69.700233459
0.999814749 0.002206723 -0.019122569 -0.817696750 -0.002006069 0.999942780 0.010505857 -0.952315748 0.019144658 -0.010465552 0.999761939 70.891845703
0.999808908 0.003506981 -0.019229976 -0.842770755 -0.003296980 0.999934852 0.010941292 -0.960361362 0.019267092 -0.010875802 0.999755204 72.086822510
0.999829173 0.004150020 -0.018011037 -0.875057399 -0.003933634 0.999919951 0.012032931 -0.969449699 0.018059531 -0.011960027 0.999765396 73.284072876
0.999847889 0.005793884 -0.016447950 -0.896290600 -0.005584801 0.999903440 0.012729434 -0.975986660 0.016520113 -0.012635641 0.999783635 74.476943970
0.999892533 0.004360702 -0.013992276 -0.907983840 -0.004214097 0.999936044 0.010490086 -0.987013042 0.014037126 -0.010429994 0.999846995 75.655296326
0.999933720 0.001669144 -0.011393545 -0.926233947 -0.001609333 0.999984801 0.005256691 -0.995602369 0.011402147 -0.005238007 0.999921203 76.830001831
0.999952435 0.002206650 -0.009497684 -0.930736661 -0.002158562 0.999984801 0.005070381 -1.010843039 0.009508729 -0.005049639 0.999942005 78.020408630
0.999975801 0.001102926 -0.006870274 -0.942615509 -0.001042549 0.999960840 0.008785583 -1.024909735 0.006879697 -0.008778209 0.999937773 79.202766418
0.999991596 0.001320928 -0.003872802 -0.944654047 -0.001281531 0.999947548 0.010157480 -1.037543535 0.003886017 -0.010152433 0.999940932 80.382148743
0.999999046 0.001432546 0.000152599 -0.949878216 -0.001433778 0.999963582 0.008407053 -1.047314405 -0.000140549 -0.008407263 0.999964714 81.551269531
0.999992967 0.000259909 0.003740606 -0.947754741 -0.000280193 0.999985397 0.005423079 -1.061650038 -0.003739137 -0.005424089 0.999978244 82.709060669
0.999974906 -0.001116853 0.007000165 -0.941187561 0.001103026 0.999997377 0.001978888 -1.077016115 -0.007002358 -0.001971117 0.999973476 83.870010376
0.999940574 -0.001644848 0.010779059 -0.936322808 0.001632179 0.999997973 0.001184036 -1.095019221 -0.010780985 -0.001166372 0.999941230 85.022018433
0.999901772 -0.002072110 0.013864594 -0.915626049 0.002030945 0.999993503 0.002982517 -1.116007328 -0.013870684 -0.002954066 0.999899387 86.189056396
0.999840498 -0.000698500 0.017850202 -0.909005046 0.000633904 0.999993265 0.003624182 -1.136227608 -0.017852614 -0.003612289 0.999834120 87.353958130
0.999773562 -0.001548639 0.021223994 -0.875885725 0.001522164 0.999998033 0.001263506 -1.153208971 -0.021225901 -0.001230913 0.999773979 88.487800598
0.999697626 -0.001621266 0.024537914 -0.851917744 0.001645494 0.999998093 -0.000967169 -1.172064066 -0.024536302 0.001007254 0.999698460 89.636260986
0.999617815 -0.001724959 0.027588135 -0.819418430 0.001763794 0.999997437 -0.001383390 -1.191183567 -0.027585676 0.001431521 0.999618411 90.799812317
0.999533594 -0.002742971 0.030415816 -0.786614656 0.002750717 0.999996245 -0.000212854 -1.210120559 -0.030415120 0.000296420 0.999537289 91.953414917
0.999440551 -0.003637546 0.033249918 -0.753501654 0.003594817 0.999992609 0.001344784 -1.228928566 -0.033254568 -0.001224504 0.999446154 93.111633301
0.999347508 -0.004369320 0.035853360 -0.712159872 0.004258812 0.999985933 0.003158004 -1.246448517 -0.035866655 -0.003003252 0.999351978 94.272712708
0.999256551 -0.005851033 0.038106378 -0.664561510 0.005700633 0.999975502 0.004054291 -1.260898709 -0.038129169 -0.003834047 0.999265373 95.436470032
0.999162436 -0.007009405 0.040314492 -0.622400045 0.006940709 0.999974191 0.001843710 -1.281123996 -0.040326376 -0.001562355 0.999185324 96.582786560
0.999058366 -0.008677264 0.042512920 -0.571548462 0.008759138 0.999960124 -0.001739938 -1.298268795 -0.042496122 0.002110676 0.999094367 97.741539001
0.998979568 -0.007851680 0.044476464 -0.526965141 0.008059514 0.999957442 -0.004495475 -1.316866159 -0.044439271 0.004849347 0.999000311 98.903564453
0.998894989 -0.007875646 0.046333298 -0.474749088 0.008130197 0.999952793 -0.005307982 -1.340821266 -0.046289317 0.005678815 0.998911917 100.080146790
0.998892486 -0.007586027 0.046436775 -0.419001579 0.007816524 0.999958038 -0.004784083 -1.360474467 -0.046398532 0.005141759 0.998909771 101.262756348
0.998920619 -0.007926886 0.045767870 -0.372001648 0.008061277 0.999963641 -0.002752511 -1.391726971 -0.045744389 0.003118488 0.998948336 102.436820984
0.998973846 -0.008017758 0.044574123 -0.327355862 0.008095377 0.999965906 -0.001561078 -1.407682061 -0.044560086 0.001920321 0.999004960 103.632392883
0.999069333 -0.007877723 0.042407531 -0.279295921 0.007907791 0.999968588 -0.000541307 -1.428663254 -0.042401936 0.000876153 0.999100268 104.821266174
0.999180973 -0.007653168 0.039734304 -0.234359741 0.007666111 0.999970675 -0.000173347 -1.445062280 -0.039731801 0.000477813 0.999210298 106.026672363
0.999293864 -0.007034739 0.036907744 -0.195747852 0.007047814 0.999975264 -0.000224215 -1.463523865 -0.036905255 0.000484176 0.999318659 107.226585388
0.999423563 -0.005248029 0.033540037 -0.172903538 0.005274885 0.999985754 -0.000712260 -1.478401899 -0.033535827 0.000888769 0.999437094 108.426628113
0.999558628 -0.005733706 0.029148504 -0.132777452 0.005746888 0.999983370 -0.000368454 -1.498759747 -0.029145904 0.000535805 0.999574959 109.631164551
0.999674916 -0.005080466 0.024984812 -0.101407528 0.005064126 0.999986887 0.000717217 -1.517180085 -0.024988126 -0.000590458 0.999687552 110.859550476
0.999779403 -0.004714956 0.020469712 -0.075702667 0.004685848 0.999987960 0.001469710 -1.536978006 -0.020476393 -0.001373468 0.999789357 112.060012817
0.999860823 -0.004677068 0.016011322 -0.061227560 0.004645294 0.999987185 0.002021117 -1.552886486 -0.016020570 -0.001946459 0.999869704 113.278396606
0.999930322 -0.004292825 0.010990724 -0.049620867 0.004270512 0.999988794 0.002052825 -1.568930864 -0.010999413 -0.002005746 0.999937475 114.499343872
0.999974847 -0.003614769 0.006090629 -0.050349951 0.003601843 0.999991179 0.002131822 -1.590372086 -0.006098282 -0.002109831 0.999979198 115.730865479
0.999994278 -0.003188135 0.001144121 -0.056608111 0.003186004 0.999993145 0.001859533 -1.604559898 -0.001150043 -0.001855877 0.999997616 116.951469421
0.999991119 -0.002201761 -0.003582524 -0.067328244 0.002205479 0.999997020 0.001034330 -1.623724461 0.003580236 -0.001042222 0.999993026 118.177337646
0.999974728 -0.000210839 -0.007097540 -0.080216408 0.000217468 0.999999523 0.000933231 -1.641477227 0.007097339 -0.000934751 0.999974370 119.415214539
0.999953985 0.001519061 -0.009461638 -0.098825932 -0.001507090 0.999997973 0.001272237 -1.662924409 0.009463551 -0.001257919 0.999954462 120.643188477
0.999943674 0.003011432 -0.010190234 -0.122548461 -0.003005041 0.999995232 0.000642391 -1.677814484 0.010192121 -0.000611733 0.999947846 121.897621155
0.999920487 0.005077512 -0.011539245 -0.138795257 -0.005066732 0.999986708 0.000963192 -1.696804285 0.011543983 -0.000904649 0.999932945 123.137344360
0.999902248 0.006399606 -0.012428399 -0.164665937 -0.006379670 0.999978244 0.001642952 -1.711857080 0.012438644 -0.001563502 0.999921381 124.375465393
0.999900401 0.005930847 -0.012807265 -0.190566301 -0.005905851 0.999980569 0.001988573 -1.727273345 0.012818811 -0.001912737 0.999915957 125.620941162
0.999855220 0.009841376 -0.013879896 -0.214818239 -0.009785512 0.999943793 0.004086850 -1.747398615 0.013919336 -0.003950436 0.999895275 126.867118835
0.999836385 0.010821532 -0.014491075 -0.243575692 -0.010714554 0.999915004 0.007439513 -1.763143539 0.014570348 -0.007283030 0.999867320 128.115905762
0.999829054 0.009771192 -0.015700815 -0.257472396 -0.009664106 0.999929667 0.006881866 -1.774990082 0.015766954 -0.006728955 0.999853015 129.377593994
0.999829352 0.009220493 -0.016005276 -0.285536647 -0.009133806 0.999943376 0.005480899 -1.787404895 0.016054904 -0.005333775 0.999856889 130.625961304
0.999828756 0.006685693 -0.017254496 -0.301650524 -0.006573026 0.999956787 0.006578182 -1.799034119 0.017297730 -0.006463641 0.999829531 131.884262085
0.999832988 0.004551454 -0.017699284 -0.334007025 -0.004405085 0.999955773 0.008299960 -1.809064388 0.017736278 -0.008220606 0.999808967 133.152038574
0.999837875 0.001244318 -0.017963357 -0.359339476 -0.001058544 0.999945998 0.010347614 -1.822773814 0.017975261 -0.010326920 0.999785066 134.405487061
0.999817908 -0.000964179 -0.019060696 -0.377297878 0.001181593 0.999934375 0.011398449 -1.830438852 0.019048454 -0.011418893 0.999753356 135.670211792
0.999823093 -0.005113604 -0.018096332 -0.406566620 0.005290533 0.999938548 0.009742787 -1.841263533 0.018045396 -0.009836803 0.999788761 136.934310913
0.999804378 -0.007722513 -0.018210297 -0.430808544 0.007880130 0.999931991 0.008599507 -1.847228527 0.018142648 -0.008741323 0.999797165 138.206695557
0.999806345 -0.008698673 -0.017649882 -0.461385369 0.008849547 0.999924839 0.008488103 -1.858658314 0.017574720 -0.008642653 0.999808192 139.472808838
0.999800682 -0.009036003 -0.017798847 -0.473266125 0.009194295 0.999918699 0.008831817 -1.866643667 0.017717596 -0.008993708 0.999802470 140.759262085
0.999808729 -0.008666422 -0.017532596 -0.500385523 0.008857182 0.999902129 0.010832049 -1.876695514 0.017437007 -0.010985266 0.999787509 142.031829834
0.999842763 -0.005996220 -0.016688129 -0.530058265 0.006206716 0.999901474 0.012590434 -1.888347983 0.016610989 -0.012692032 0.999781430 143.310623169
0.999848008 -0.006192182 -0.016293637 -0.553620934 0.006369397 0.999920905 0.010847013 -1.894469023 0.016225180 -0.010949145 0.999808431 144.588012695
0.999859810 -0.005859558 -0.015685475 -0.580932379 0.006005370 0.999938965 0.009265081 -1.909373403 0.015630228 -0.009357980 0.999834001 145.867416382
0.999865890 -0.005831965 -0.015310763 -0.602975726 0.005934189 0.999960303 0.006639654 -1.918473363 0.015271436 -0.006729621 0.999860704 147.138763428
0.999865711 -0.007161350 -0.014741050 -0.631436348 0.007200871 0.999970555 0.002629689 -1.935679078 0.014721783 -0.002735484 0.999887824 148.407577515
0.999868870 -0.007113071 -0.014540926 -0.646520495 0.007101757 0.999974370 -0.000829545 -1.959434152 0.014546454 0.000726170 0.999893904 149.682662964
0.999861717 -0.007697297 -0.014734396 -0.665936470 0.007668258 0.999968469 -0.002026330 -1.977856755 0.014749530 0.001913062 0.999889314 150.956405640
0.999871612 -0.007312999 -0.014253614 -0.698391795 0.007293276 0.999972463 -0.001435214 -2.010424614 0.014263716 0.001331075 0.999897361 152.224121094
0.999866247 -0.007168841 -0.014694353 -0.711755633 0.007155792 0.999973953 -0.000940360 -2.030926943 0.014700711 0.000835085 0.999891579 153.474563599
0.999855518 -0.007100289 -0.015440824 -0.729756117 0.007106909 0.999974728 0.000373972 -2.055943251 0.015437778 -0.000483654 0.999880731 154.733932495
0.999868929 -0.005869780 -0.015087933 -0.762936831 0.005880561 0.999982476 0.000670255 -2.076571941 0.015083736 -0.000758893 0.999885917 155.997497559
0.999862611 -0.005421302 -0.015662597 -0.790582657 0.005428670 0.999985158 0.000427956 -2.097033262 0.015660046 -0.000512924 0.999877214 157.267959595
0.999848843 -0.005537254 -0.016479542 -0.809626460 0.005547140 0.999984443 0.000554228 -2.121675730 0.016476218 -0.000645559 0.999864042 158.543106079
0.999827743 -0.006096675 -0.017527660 -0.834373355 0.006127875 0.999979675 0.001726868 -2.141890287 0.017516777 -0.001833978 0.999844849 159.811050415
0.999829471 -0.004911334 -0.017796470 -0.863483191 0.004954319 0.999984920 0.002372116 -2.166419029 0.017784549 -0.002459882 0.999838769 161.080566406
0.999812424 -0.005105121 -0.018676372 -0.889898777 0.005125599 0.999986291 0.001048820 -2.182044506 0.018670762 -0.001144352 0.999824941 162.351257324
0.999802351 -0.004661748 -0.019325595 -0.919771671 0.004665653 0.999989092 0.000157010 -2.208450556 0.019324653 -0.000247146 0.999813199 163.608123779
0.999786854 -0.003737283 -0.020302659 -0.948040009 0.003742336 0.999992967 0.000210880 -2.229620218 0.020301729 -0.000286814 0.999793828 164.869613647
0.999777198 -0.003786221 -0.020762369 -0.983687639 0.003770353 0.999992549 -0.000803387 -2.251446486 0.020765254 0.000724927 0.999784112 166.153945923
0.999755323 -0.003496022 -0.021842048 -1.013580084 0.003456183 0.999992371 -0.001861441 -2.274230719 0.021848388 0.001785495 0.999759734 167.419738770
0.999742985 -0.003371829 -0.022415146 -1.044531107 0.003341020 0.999993563 -0.001411770 -2.300302982 0.022419758 0.001336518 0.999747694 168.693862915
0.999717355 -0.003247076 -0.023551848 -1.075088739 0.003244620 0.999994755 -0.000142454 -2.322884798 0.023552185 0.000065997 0.999722600 169.966278076
0.999702156 -0.003573986 -0.024142740 -1.107669353 0.003582634 0.999993503 0.000314951 -2.347508907 0.024141459 -0.000401352 0.999708474 171.235107422
0.999685049 -0.002865406 -0.024932520 -1.146396875 0.002881542 0.999995530 0.000611263 -2.366465807 0.024930663 -0.000682915 0.999688923 172.504516602
0.999661922 -0.002727756 -0.025858870 -1.183810711 0.002748127 0.999995947 0.000752241 -2.388258219 0.025856715 -0.000823050 0.999665260 173.786590576
0.999656498 -0.002154694 -0.026118096 -1.227916241 0.002157057 0.999997616 0.000062316 -2.413275957 0.026117899 -0.000118633 0.999658883 175.033386230
0.999650776 -0.001309870 -0.026393827 -1.274068356 0.001285604 0.999998748 -0.000936340 -2.428711891 0.026395021 0.000902081 0.999651194 176.302932739
0.999631584 -0.001230016 -0.027111122 -1.318761826 0.001217952 0.999999225 -0.000461493 -2.450062275 0.027111664 0.000428303 0.999632299 177.568603516
0.999624610 -0.001134913 -0.027374890 -1.351446152 0.001100832 0.999998629 -0.001260005 -2.477538824 0.027376283 0.001229397 0.999624431 178.830841064
0.999622226 -0.002343840 -0.027387047 -1.393964767 0.002261422 0.999992847 -0.003039967 -2.497249603 0.027393976 0.002976885 0.999620318 180.095367432
0.999608576 -0.005525695 -0.027424367 -1.435907602 0.005446662 0.999980807 -0.002955710 -2.522483826 0.027440174 0.002805182 0.999619544 181.363967896
0.999580085 -0.005280420 -0.028490594 -1.456763983 0.005308224 0.999985456 0.000900378 -2.545649052 0.028485425 -0.001051234 0.999593675 182.620361328
0.999568760 -0.005955581 -0.028753866 -1.496651411 0.006111887 0.999966979 0.005351190 -2.567551374 0.028721048 -0.005524622 0.999572217 183.886718750
0.999576271 -0.005204956 -0.028639769 -1.537112236 0.005343169 0.999974549 0.004751524 -2.582715511 0.028614309 -0.004902538 0.999578536 185.141983032
0.999596894 -0.003628207 -0.028158287 -1.585566759 0.003670852 0.999992132 0.001462925 -2.597989321 0.028152760 -0.001565701 0.999602437 186.389389038
0.999572337 -0.003507449 -0.029031130 -1.620310068 0.003493688 0.999993682 -0.000524718 -2.618502855 0.029032789 0.000423068 0.999578357 187.643951416
0.999561787 -0.003449825 -0.029400840 -1.661340714 0.003445514 0.999993980 -0.000197280 -2.641157150 0.029401349 0.000095893 0.999567747 188.894439697
0.999563634 -0.004103996 -0.029252531 -1.700848818 0.004137209 0.999990880 0.001074933 -2.665122032 0.029247852 -0.001195488 0.999571502 190.150085449
0.999569535 -0.003774257 -0.029093392 -1.744923115 0.003871016 0.999987125 0.003270218 -2.686755657 0.029080676 -0.003381431 0.999571383 191.395904541
0.999581277 -0.004528305 -0.028576991 -1.779064417 0.004648088 0.999980688 0.004126595 -2.707341671 0.028557751 -0.004257696 0.999583066 192.643508911
0.999622107 -0.004625688 -0.027097369 -1.819607019 0.004718613 0.999983191 0.003366365 -2.724214792 0.027081344 -0.003492954 0.999627113 193.885604858
0.999654710 -0.005517140 -0.025691785 -1.855671644 0.005571516 0.999982417 0.002045396 -2.744665623 0.025680047 -0.002187832 0.999667823 195.108428955
0.999683380 -0.006062677 -0.024421249 -1.894336939 0.006081706 0.999981225 0.000705026 -2.766301632 0.024416516 -0.000853326 0.999701560 196.337249756
0.999708772 -0.006403245 -0.023264578 -1.920736551 0.006401635 0.999979436 -0.000143671 -2.785884380 0.023265019 -0.000005302 0.999729276 197.559738159
0.999743223 -0.006199453 -0.021791020 -1.953938961 0.006212895 0.999980509 0.000549221 -2.809069157 0.021787189 -0.000684466 0.999762356 198.773727417
0.999759376 -0.006619044 -0.020912601 -1.977296591 0.006673315 0.999974549 0.002526452 -2.830128670 0.020895347 -0.002665401 0.999778032 200.005203247
0.999782801 -0.005740467 -0.020038469 -2.006755114 0.005800884 0.999978840 0.002958235 -2.851944923 0.020021064 -0.003073833 0.999794722 201.216552734
0.999806225 -0.005969504 -0.018757522 -2.033427715 0.006028274 0.999977112 0.003078159 -2.872398376 0.018738719 -0.003190639 0.999819219 202.417831421
0.999817312 -0.006088087 -0.018119402 -2.056577206 0.006143435 0.999976635 0.003000567 -2.886342287 0.018100709 -0.003111335 0.999831259 203.627639771
0.999839723 -0.006030067 -0.016858155 -2.085621357 0.006088017 0.999975801 0.003388292 -2.911213398 0.016837316 -0.003490381 0.999852121 204.816818237
0.999859989 -0.005125184 -0.015925774 -2.108479023 0.005173881 0.999982059 0.003018060 -2.925958157 0.015910018 -0.003100035 0.999868631 206.008544922
0.999869466 -0.005473031 -0.015198594 -2.135696411 0.005519424 0.999980271 0.003012164 -2.942764521 0.015181805 -0.003095658 0.999880016 207.183013916
0.999867558 -0.006702348 -0.014836674 -2.155757666 0.006751888 0.999971867 0.003291426 -2.967242002 0.014814194 -0.003391166 0.999884546 208.339752197
0.999873698 -0.006435995 -0.014528993 -2.173013210 0.006493932 0.999971151 0.003944000 -2.985154629 0.014503191 -0.004037853 0.999886572 209.477523804
0.999856472 -0.007231519 -0.015320705 -2.189140320 0.007301446 0.999963164 0.004513158 -2.999008656 0.015287505 -0.004624374 0.999872386 210.618438721
0.999855399 -0.006943521 -0.015521432 -2.213155508 0.007021637 0.999962926 0.004984068 -3.023114681 0.015486251 -0.005092334 0.999867082 211.733352661
0.999849141 -0.006453515 -0.016128713 -2.235588074 0.006518256 0.999970913 0.003964689 -3.041507244 0.016102659 -0.004069222 0.999862075 212.833892822
0.999845088 -0.006194196 -0.016469255 -2.259898186 0.006246720 0.999975562 0.003139746 -3.059243679 0.016449401 -0.003242139 0.999859393 213.915405273
0.999834597 -0.006327651 -0.017051091 -2.283039570 0.006375427 0.999975920 0.002748997 -3.075609446 0.017033285 -0.002857251 0.999850810 214.984420776
0.999805510 -0.006689847 -0.018552223 -2.302353859 0.006745188 0.999972999 0.002922104 -3.099563122 0.018532174 -0.003046674 0.999823570 216.044174194
0.999771655 -0.007103272 -0.020153314 -2.325308084 0.007176817 0.999967873 0.003579377 -3.116369247 0.020127241 -0.003723196 0.999790370 217.102447510
0.999698400 -0.008095516 -0.023186805 -2.340792656 0.008224007 0.999951363 0.005451544 -3.136261225 0.023141542 -0.005640589 0.999716222 218.139221191
0.999677122 -0.007409682 -0.024303908 -2.383641005 0.007579706 0.999947369 0.006911097 -3.149412632 0.024251420 -0.007093082 0.999680698 219.167999268
0.999615252 -0.007329269 -0.026750030 -2.413348675 0.007514366 0.999948442 0.006825548 -3.162256241 0.026698627 -0.007023932 0.999618828 220.179382324
0.999541998 -0.006959144 -0.029449310 -2.446448326 0.007161322 0.999951482 0.006765389 -3.185183048 0.029400798 -0.006973188 0.999543428 221.173263550
0.999449611 -0.007101372 -0.032404881 -2.479165077 0.007322235 0.999950647 0.006702185 -3.197802067 0.032355689 -0.006935771 0.999452353 222.152175903
0.999333978 -0.007198300 -0.035774715 -2.512600422 0.007453234 0.999947727 0.006997830 -3.213122845 0.035722475 -0.007259807 0.999335408 223.094406128
0.999237061 -0.006585379 -0.038495220 -2.558461666 0.006863794 0.999951184 0.007104747 -3.230962992 0.038446553 -0.007363549 0.999233484 224.021774292
0.999129713 -0.005982543 -0.041279424 -2.598577976 0.006242396 0.999961495 0.006168969 -3.237604141 0.041240931 -0.006421281 0.999128520 224.932250977
0.998987377 -0.006168789 -0.044565022 -2.639935493 0.006411913 0.999965370 0.005314611 -3.250680685 0.044530690 -0.005594976 0.998992324 225.808441162
0.998851240 -0.005189721 -0.047635488 -2.692176819 0.005443787 0.999971628 0.005205340 -3.269318104 0.047607128 -0.005458677 0.998851120 226.667480469
0.998706162 -0.005379333 -0.050568990 -2.739285469 0.005626226 0.999972939 0.004741215 -3.288364649 0.050542116 -0.005019593 0.998709321 227.499404907
0.998565733 -0.003245970 -0.053440500 -2.780735016 0.003483327 0.999984503 0.004348980 -3.298401594 0.053425550 -0.004528894 0.998561502 228.339431763
0.998532116 -0.002567290 -0.054101709 -2.830550194 0.002850662 0.999982655 0.005161263 -3.314393520 0.054087516 -0.005307912 0.998522043 229.135498047
0.998547792 -0.002665765 -0.053808883 -2.877488136 0.002978310 0.999979198 0.005729075 -3.325932503 0.053792492 -0.005881013 0.998534858 229.918518066
0.998574555 -0.002438872 -0.053317633 -2.924396515 0.002795358 0.999974191 0.006612543 -3.343088388 0.053300139 -0.006752160 0.998555660 230.686141968
0.998600900 -0.002590168 -0.052815486 -2.968228340 0.002933185 0.999975085 0.006418142 -3.356807709 0.052797541 -0.006564080 0.998583674 231.434692383
0.998625636 -0.002167201 -0.052364647 -3.009332657 0.002396575 0.999987841 0.004317936 -3.367641926 0.052354649 -0.004437499 0.998618603 232.162841797
0.998661518 -0.001794843 -0.051690392 -3.048207283 0.001905009 0.999996006 0.002082077 -3.378824472 0.051686458 -0.002177760 0.998660982 232.905670166
0.998718083 -0.001372540 -0.050599668 -3.088871002 0.001399723 0.999998868 0.000501774 -3.389588356 0.050598934 -0.000571956 0.998718858 233.629425049
0.998789072 -0.000931798 -0.049188800 -3.125003815 0.000950850 0.999999464 0.000363922 -3.405655384 0.049188443 -0.000410252 0.998789370 234.352111816
0.998874247 -0.002026112 -0.047393944 -3.158524036 0.002044955 0.999997795 0.000349109 -3.419638634 0.047393136 -0.000445635 0.998876214 235.080581665
0.998951912 -0.002063799 -0.045724429 -3.194450855 0.002064906 0.999997795 -0.000023038 -3.430757523 0.045724377 -0.000071403 0.998954117 235.801208496
0.999028623 -0.001521928 -0.044040073 -3.224144936 0.001522044 0.999998808 -0.000030906 -3.445970535 0.044040069 -0.000036155 0.999029815 236.511077881
0.999119461 -0.002330976 -0.041890226 -3.258807659 0.002312677 0.999997199 -0.000485288 -3.456453085 0.041891240 0.000387982 0.999122083 237.222244263
0.999241114 -0.002154009 -0.038890135 -3.290184498 0.002158436 0.999997675 0.000071842 -3.472768545 0.038889885 -0.000155730 0.999243498 237.934814453
0.999331474 -0.003197478 -0.036417469 -3.306359291 0.003233427 0.999994338 0.000928269 -3.488123417 0.036414292 -0.001045401 0.999336183 238.633010864
0.999463797 -0.003800505 -0.032518741 -3.344735622 0.003837835 0.999992073 0.001085591 -3.499956608 0.032514356 -0.001209811 0.999470532 239.336105347
0.999544919 -0.004296240 -0.029856084 -3.361063957 0.004334318 0.999989927 0.001210780 -3.512993336 0.029850580 -0.001339635 0.999553442 240.030136108
0.999634326 -0.004286959 -0.026700141 -3.381070375 0.004309463 0.999990404 0.000785338 -3.524244785 0.026696518 -0.000900114 0.999643207 240.713577271
0.999709308 -0.004241747 -0.023735072 -3.398666143 0.004243338 0.999991059 0.000016708 -3.531868219 0.023734789 -0.000117419 0.999718368 241.402465820
0.999776304 -0.003550228 -0.020850804 -3.415910244 0.003536618 0.999993503 -0.000689613 -3.543678522 0.020853117 0.000615718 0.999782324 242.098236084
0.999834180 -0.003476360 -0.017874520 -3.430684328 0.003462240 0.999993682 -0.000820822 -3.560424089 0.017877260 0.000758800 0.999839902 242.793884277
0.999878943 -0.003184467 -0.015231198 -3.441493750 0.003186255 0.999994934 0.000093130 -3.572022915 0.015230825 -0.000141649 0.999883950 243.495452881
0.999919355 -0.003194883 -0.012288021 -3.456253767 0.003204169 0.999994695 0.000736072 -3.584131241 0.012285603 -0.000775385 0.999924242 244.192031860
0.999941528 -0.003107269 -0.010353483 -3.459840298 0.003113754 0.999994934 0.000610262 -3.596518040 0.010351535 -0.000642464 0.999946177 244.905395508
0.999962926 -0.003099670 -0.008028525 -3.469769478 0.003093116 0.999994934 -0.000828500 -3.608864069 0.008031053 0.000803636 0.999967396 245.609878540
0.999978065 -0.002974362 -0.005917114 -3.478932858 0.002952854 0.999989033 -0.003640172 -3.618438482 0.005927877 0.003622620 0.999975801 246.318374634
0.999974251 -0.004580742 -0.005526979 -3.474425316 0.004554003 0.999977887 -0.004840871 -3.633941650 0.005549032 0.004815577 0.999972999 247.047073364
0.999975860 -0.004543089 -0.005264750 -3.480947733 0.004515191 0.999975801 -0.005298774 -3.646645069 0.005288697 0.005274874 0.999972045 247.768142700
0.999974549 -0.004896839 -0.005183996 -3.486297607 0.004866586 0.999971151 -0.005832554 -3.660641193 0.005212408 0.005807177 0.999969482 248.482635498
0.999980509 -0.003464340 -0.005182088 -3.490690231 0.003432469 0.999975204 -0.006146622 -3.675630093 0.005203254 0.006128715 0.999967694 249.220932007
0.999983966 -0.002805288 -0.004903400 -3.497764826 0.002772738 0.999974191 -0.006632294 -3.689565182 0.004921879 0.006618593 0.999965966 249.961273193
0.999981463 -0.004119835 -0.004466297 -3.508249044 0.004081712 0.999955416 -0.008511494 -3.706778049 0.004501163 0.008493105 0.999953806 250.702850342
0.999960661 -0.007876756 -0.004080866 -3.509557962 0.007832843 0.999912441 -0.010667037 -3.725111008 0.004164529 0.010634652 0.999934793 251.455734253
0.999931931 -0.011093616 -0.003593121 -3.509469986 0.011051795 0.999873281 -0.011457354 -3.741320610 0.003719768 0.011416865 0.999927819 252.218994141
0.999958217 -0.008581577 -0.003125802 -3.513833046 0.008557530 0.999934196 -0.007627745 -3.754940033 0.003191054 0.007600676 0.999965906 253.000534058
0.999985874 -0.004679001 -0.002531567 -3.529748678 0.004674902 0.999987781 -0.001622467 -3.764898777 0.002539128 0.001610609 0.999995470 253.773925781
0.999983609 -0.005440935 -0.001804676 -3.532264948 0.005444434 0.999983370 0.001940255 -3.781399965 0.001794088 -0.001950049 0.999996483 254.561477661
0.999977887 -0.006630635 0.000458702 -3.529521942 0.006630831 0.999977946 -0.000426566 -3.792580128 -0.000455866 0.000429598 0.999999821 255.357971191
0.999972463 -0.005585110 0.004889627 -3.534109592 0.005616305 0.999963820 -0.006389763 -3.805167198 -0.004853762 0.006417048 0.999967635 256.162689209
0.999953926 -0.003066540 0.009098506 -3.539995432 0.003158082 0.999944448 -0.010064065 -3.816169739 -0.009067137 0.010092335 0.999908030 256.969573975
0.999926984 -0.001580901 0.011984674 -3.531946659 0.001695880 0.999952674 -0.009589804 -3.834664583 -0.011968940 0.009609428 0.999882221 257.783294678
0.999887645 -0.002931399 0.014702827 -3.512098789 0.003044636 0.999965787 -0.007685219 -3.843752623 -0.014679804 0.007729121 0.999862373 258.622344971
0.999827623 -0.005947612 0.017588556 -3.492625237 0.006024666 0.999972403 -0.004331140 -3.862297058 -0.017562309 0.004436359 0.999835968 259.458862305
0.999747813 -0.009013561 0.020566151 -3.477059364 0.009079444 0.999954045 -0.003112329 -3.876334667 -0.020537149 0.003298274 0.999783576 260.297363281
0.999687791 -0.007759572 0.023747228 -3.465984821 0.007813488 0.999967098 -0.002178546 -3.895710945 -0.023729548 0.002363415 0.999715567 261.130065918
0.999643743 -0.005764681 0.026059149 -3.445118427 0.005876454 0.999973834 -0.004214637 -3.910213470 -0.026034180 0.004366270 0.999651432 261.971130371
0.999572694 -0.005214530 0.028760904 -3.432194233 0.005401753 0.999964595 -0.006435774 -3.930843830 -0.028726332 0.006588383 0.999565542 262.805999756
0.999507487 -0.004173400 0.031101611 -3.405412674 0.004378354 0.999969125 -0.006524644 -3.948283195 -0.031073419 0.006657604 0.999494910 263.652343750
0.999420822 -0.003217737 0.033878073 -3.381798744 0.003360547 0.999985754 -0.004159316 -3.969599247 -0.033864196 0.004270756 0.999417245 264.493835449
0.999311686 -0.001820051 0.037050582 -3.356748581 0.001907088 0.999995530 -0.002313948 -3.990874767 -0.037046205 0.002383015 0.999310672 265.339416504
0.999197006 -0.000971681 0.040053837 -3.328750610 0.001086336 0.999995351 -0.002840884 -4.003230095 -0.040050894 0.002882115 0.999193430 266.195465088
0.999093890 -0.000855107 0.042552240 -3.294644356 0.000996524 0.999994099 -0.003302276 -4.019573689 -0.042549167 0.003341689 0.999088824 267.039947510
0.998974979 -0.002436290 0.045199484 -3.258700371 0.002609487 0.999989510 -0.003773257 -4.033422470 -0.045189813 0.003887337 0.998970866 267.878143311
0.998871744 -0.005752080 0.047140002 -3.219998360 0.005915198 0.999976993 -0.003321520 -4.047721386 -0.047119834 0.003596615 0.998882711 268.742034912
0.998839855 -0.006086973 0.047769591 -3.175007820 0.006260068 0.999974310 -0.003474782 -4.062843323 -0.047747213 0.003769791 0.998852313 269.590637207
0.998807549 -0.006736755 0.048353046 -3.140480995 0.006904085 0.999970734 -0.003294388 -4.082430363 -0.048329439 0.003624293 0.998824835 270.436950684
0.998782218 -0.007139732 0.048817057 -3.098554611 0.007293478 0.999968946 -0.002972012 -4.100859165 -0.048794337 0.003324438 0.998803318 271.322631836
0.998793066 -0.006766910 0.048647586 -3.062639236 0.006891908 0.999973357 -0.002402193 -4.116515636 -0.048630040 0.002734568 0.998813093 272.186523438
0.998825252 -0.006334799 0.048041478 -3.025079727 0.006443305 0.999977052 -0.002104060 -4.131096363 -0.048027031 0.002411134 0.998843133 273.039154053
0.998880088 -0.006608082 0.046847079 -2.983600616 0.006748414 0.999973297 -0.002838003 -4.151106834 -0.046827067 0.003150969 0.998898029 273.923156738
0.998955727 -0.006674461 0.045197118 -2.948009491 0.006852871 0.999969244 -0.003793567 -4.168442726 -0.045170408 0.004099336 0.998970926 274.776062012
0.999024987 -0.005986561 0.043739714 -2.912740707 0.006196589 0.999969900 -0.004667766 -4.184003830 -0.043710452 0.004934253 0.999032080 275.642883301
0.999101937 -0.004547872 0.042125352 -2.890501976 0.004754134 0.999977171 -0.004797484 -4.205976486 -0.042102575 0.004993445 0.999100924 276.495300293
0.999189973 -0.003338334 0.040103052 -2.856336594 0.003546306 0.999980688 -0.005115907 -4.221989632 -0.040085208 0.005253981 0.999182463 277.360443115
0.999262094 -0.002396941 0.038333409 -2.835015297 0.002571166 0.999986589 -0.004496346 -4.242881775 -0.038322117 0.004591589 0.999254882 278.217926025
0.999372363 -0.002643524 0.035325147 -2.809798241 0.002758786 0.999991000 -0.003214568 -4.259742737 -0.035316326 0.003310006 0.999370694 279.069885254
0.999512911 -0.003515139 0.031009318 -2.782489777 0.003541940 0.999993324 -0.000809399 -4.271938324 -0.031006265 0.000918839 0.999518692 279.916625977
0.999640286 -0.004977915 0.026351783 -2.762928009 0.004955743 0.999987304 0.000906620 -4.294689655 -0.026355961 -0.000775702 0.999652267 280.780303955
0.999756813 -0.005601660 0.021326758 -2.745960712 0.005554703 0.999982059 0.002260337 -4.309970379 -0.021339037 -0.002141324 0.999769986 281.614898682
0.999845922 -0.005456892 0.016679328 -2.740367889 0.005414865 0.999982059 0.002563865 -4.322045803 -0.016693022 -0.002473153 0.999857545 282.431488037
0.999904275 -0.006484940 0.012221253 -2.734921217 0.006440886 0.999972761 0.003640545 -4.341220379 -0.012244531 -0.003561481 0.999918699 283.262817383
0.999945223 -0.007361021 0.007442909 -2.733060598 0.007333796 0.999966323 0.003678641 -4.352711678 -0.007469737 -0.003623855 0.999965549 284.066680908
0.999965370 -0.007544268 0.003506923 -2.737008095 0.007532511 0.999966025 0.003354190 -4.369524956 -0.003532109 -0.003327658 0.999988258 284.859924316
0.999975026 -0.007057942 -0.000410712 -2.741172075 0.007059148 0.999970555 0.003011304 -4.382422447 0.000389446 -0.003014128 0.999995351 285.632049561
