1.000000000 -0.000000000 0.000000000 0.000000000 -0.000000000 1.000000000 0.000000000 0.000000000 0.000000000 0.000000000 1.000000000 0.000000000
0.999978960 0.000403756 -0.006473653 -0.008243592 -0.000401123 0.999999821 0.000407969 -0.002004258 0.006473816 -0.000405364 0.999978960 0.091628678
0.999907255 0.000967405 -0.013584277 -0.016392214 -0.000965269 0.999999523 0.000163795 -0.001873831 0.013584428 -0.000150668 0.999907732 0.188561022
0.999772429 0.001378549 -0.021287918 -0.026052995 -0.001390949 0.999998868 -0.000567716 -0.002082259 0.021287112 0.000597197 0.999773204 0.285353959
0.999541640 0.001705686 -0.030226583 -0.042856749 -0.001766585 0.999996483 -0.001988167 -0.001995311 0.030223085 0.002040653 0.999541104 0.390612036
0.999125421 0.001921927 -0.041770238 -0.059006188 -0.002066934 0.999992013 -0.003428636 -0.004915181 0.041763317 0.003511974 0.999121368 0.501155496
0.998479545 0.001741513 -0.055096496 -0.084358096 -0.001967719 0.999989867 -0.004051651 -0.007822281 0.055088881 0.004153905 0.998472810 0.626038194
0.997427821 0.001820815 -0.071655139 -0.108610436 -0.002143966 0.999987900 -0.004433153 -0.004282766 0.071646199 0.004575376 0.997419596 0.761441946
0.995905161 0.000206135 -0.090403907 -0.134648457 -0.000585873 0.999991119 -0.004173943 -0.009313345 0.090402238 0.004209816 0.995896459 0.917155147
0.993913770 -0.000750804 -0.110158384 -0.176335633 0.000271132 0.999990404 -0.004369297 -0.012606319 0.110160612 0.004312837 0.993904471 1.075197816
0.991238236 -0.001013151 -0.132082090 -0.222116083 0.000382597 0.999988377 -0.004799243 -0.011559366 0.132085443 0.004706659 0.991227150 1.236169100
0.987736046 0.002594915 -0.156112120 -0.278288782 -0.003609477 0.999974191 -0.006215803 -0.015590760 0.156091988 0.006703055 0.987719774 1.405771971
0.983354867 0.006961725 -0.181561768 -0.344684720 -0.008472365 0.999935687 -0.007546000 -0.022850707 0.181497574 0.008958654 0.983350515 1.580268741
0.977962136 0.009873079 -0.208548546 -0.417262018 -0.011942807 0.999891102 -0.008667568 -0.025807628 0.208440274 0.010967209 0.977973580 1.761700869
0.971279681 0.010602986 -0.237703949 -0.496841639 -0.013118864 0.999873400 -0.009004653 -0.026761912 0.237578392 0.011864443 0.971295834 1.947958231
0.963208675 0.012334439 -0.268471301 -0.584312439 -0.015154730 0.999849677 -0.008435102 -0.031455867 0.268326879 0.012193375 0.963250756 2.143714905
0.953801155 0.014566610 -0.300085723 -0.682695091 -0.017620381 0.999816954 -0.007472517 -0.032751363 0.299921900 0.012414920 0.953882992 2.334709883
0.942539930 0.016373795 -0.333692014 -0.783732533 -0.019643547 0.999786377 -0.006426677 -0.032561895 0.333515555 0.012612296 0.942660213 2.524365664
0.929990470 0.018529557 -0.367116153 -0.885713279 -0.022152761 0.999738574 -0.005658005 -0.038744826 0.366915375 0.013394531 0.930157900 2.702855587
0.916128993 0.021322802 -0.400316179 -1.005982637 -0.025493801 0.999661982 -0.005096017 -0.038250547 0.400072187 0.014874189 0.916362882 2.883102417
0.900095403 0.022205232 -0.435126752 -1.123127222 -0.026760994 0.999632478 -0.004344434 -0.040494911 0.434870362 0.015554832 0.900358677 3.057688713
0.881664753 0.017941616 -0.471535087 -1.245983839 -0.022910543 0.999725997 -0.004798620 -0.042971306 0.471319795 0.015033900 0.881834269 3.234646320
0.860574305 0.013514657 -0.509145617 -1.391497016 -0.018650416 0.999813676 -0.004984678 -0.047406033 0.508983314 0.013785461 0.860665917 3.419432640
0.835515976 0.015119897 -0.549258113 -1.552088976 -0.019308068 0.999811888 -0.001848216 -0.050426010 0.549126744 0.012149327 0.835650623 3.599429846
0.806380033 0.020745613 -0.591033757 -1.729468584 -0.023978449 0.999709725 0.002375242 -0.057819683 0.590911388 0.012256725 0.806643188 3.763422966
0.773889720 0.023950612 -0.632867396 -1.926877499 -0.027448250 0.999614120 0.004265430 -0.060456023 0.632725239 0.014070126 0.774248481 3.931612015
0.737964749 0.022747455 -0.674455762 -2.147543192 -0.026339810 0.999641120 0.004894963 -0.061712280 0.674325049 0.014152730 0.738299012 4.110806465
0.697892487 0.018453034 -0.715964794 -2.364006042 -0.020302983 0.999776065 0.005977389 -0.060316652 0.715914726 0.010364649 0.698110878 4.279360771
0.655002177 0.014620363 -0.755485654 -2.603722334 -0.014852377 0.999868810 0.006472799 -0.058235094 0.755481124 0.006981062 0.655133307 4.443698406
0.611066103 0.014209895 -0.791452050 -2.870535851 -0.012370426 0.999888182 0.008401213 -0.056615900 0.791482925 0.004656904 0.611173511 4.582658768
0.562687039 0.014802439 -0.826537490 -3.148128033 -0.010023855 0.999888241 0.011082975 -0.053751782 0.826609254 0.002048846 0.562772512 4.722063541
0.511509180 0.015330095 -0.859140992 -3.444010735 -0.008202782 0.999882340 0.012957700 -0.049128860 0.859238684 0.000419365 0.511574745 4.849424362
0.458857566 0.016284727 -0.888360620 -3.764639378 -0.007561077 0.999867320 0.014423323 -0.036938481 0.888477802 0.000098713 0.458919764 4.958975792
0.404074728 0.018503783 -0.914538801 -4.098256588 -0.006123680 0.999827623 0.017523775 -0.035760514 0.914705515 -0.001480571 0.404118359 5.057364464
0.348507166 0.020414216 -0.937083781 -4.452019691 -0.005990011 0.999790907 0.019552559 -0.028205670 0.937286973 -0.001201065 0.348556519 5.143036842
0.293183386 0.023588061 -0.955765247 -4.822716713 -0.003309062 0.999714613 0.023657661 -0.024993464 0.956050515 -0.003773345 0.293177783 5.215776443
0.239755645 0.025333481 -0.970502794 -5.163845062 0.001780119 0.999646306 0.026534004 -0.027012423 0.970831633 -0.008089286 0.239625797 5.265911102
0.188815117 0.025726188 -0.981675565 -5.551778316 0.003917491 0.999629080 0.026950171 -0.021967456 0.982004881 -0.008934306 0.188644305 5.300583363
0.141169310 0.026882514 -0.989620447 -5.965632439 0.001500311 0.999624312 0.027368288 -0.015667677 0.989984393 -0.005348301 0.141075954 5.321217537
0.098976851 0.027166689 -0.994718850 -6.386693478 -0.000779382 0.999629080 0.027223244 -0.005224064 0.995089471 -0.001919205 0.098961323 5.318109035
0.061019167 0.025742095 -0.997804523 -6.833560467 -0.001634568 0.999668598 0.025690226 0.002177209 0.998135209 0.000063383 0.061041027 5.310805321
0.026561065 0.023006577 -0.999382377 -7.303003788 0.000136735 0.999734998 0.023018330 0.007748708 0.999647200 -0.000748042 0.026550887 5.308266640
-0.004598513 0.020403376 -0.999781251 -7.777896881 0.000510777 0.999791801 0.020401241 0.011395663 0.999989271 -0.000416850 -0.004607977 5.278697491
-0.031543296 0.018490974 -0.999331355 -8.273215294 0.000132593 0.999828935 0.018495996 0.019355357 0.999502361 0.000450920 -0.031540349 5.244236946
-0.051879760 0.016114578 -0.998523355 -8.777027130 -0.000873647 0.999868751 0.016181681 0.029410087 0.998652935 0.001711858 -0.051858872 5.192290306
-0.068586826 0.015027790 -0.997531950 -9.295055389 0.000293264 0.999886751 0.015043101 0.043214031 0.997645080 0.000739218 -0.068583466 5.153528690
-0.081538737 0.015339341 -0.996552110 -9.832674980 0.000517921 0.999882042 0.015348219 0.051559351 0.996669948 0.000735339 -0.081537060 5.097843647
-0.091049828 0.016796872 -0.995704710 -10.388954163 0.000771919 0.999858618 0.016796364 0.054274336 0.995846033 0.000760702 -0.091049924 5.037796974
-0.098093092 0.018149132 -0.995011687 -10.960479736 -0.001310155 0.999830604 0.018366182 0.051429659 0.995176315 0.003105217 -0.098052673 4.976301193
-0.102489665 0.019164851 -0.994549513 -11.552307129 -0.001168481 0.999811411 0.019386664 0.057649612 0.994733453 0.003149045 -0.102447957 4.907348156
-0.103931814 0.019844431 -0.994386494 -12.160008430 0.000889411 0.999802411 0.019859554 0.069019184 0.994584084 0.001179621 -0.103928931 4.841671467
-0.103177056 0.022025134 -0.994419158 -12.775020599 0.002804993 0.999757290 0.021852333 0.075265855 0.994659126 -0.000534679 -0.103213802 4.784298420
-0.101343200 0.024322741 -0.994554102 -13.442181587 0.001950970 0.999704063 0.024249889 0.084904805 0.994849622 0.000517216 -0.101360641 4.705553055
-0.099774219 0.024287257 -0.994713664 -14.096083641 -0.000330385 0.999701262 0.024442175 0.091383159 0.995010018 0.002767337 -0.099736378 4.635978222
-0.098105289 0.021974809 -0.994933367 -14.758463860 -0.001500889 0.999751747 0.022229228 0.101410195 0.995174944 0.003674089 -0.098047957 4.567277908
-0.096659012 0.021614365 -0.995082796 -15.440110207 -0.002471502 0.999755919 0.021955946 0.112567365 0.995314538 0.004581589 -0.096581988 4.495268822
-0.094986327 0.024302719 -0.995181859 -16.137470245 -0.002267800 0.999694109 0.024629366 0.122777283 0.995476007 0.004596327 -0.094902158 4.427236557
-0.093023114 0.027972324 -0.995270967 -16.856948853 -0.003478925 0.999590099 0.028418874 0.131941736 0.995657802 0.006106085 -0.092887677 4.354167938
-0.091362625 0.029931329 -0.995367765 -17.587785721 -0.003276307 0.999533713 0.030357329 0.143973261 0.995812356 0.006034655 -0.091221958 4.284475803
-0.089555740 0.029222993 -0.995552957 -18.328048706 -0.005400178 0.999540567 0.029825818 0.159055442 0.995967209 0.008047238 -0.089356788 4.208776951
-0.087619744 0.026365895 -0.995804965 -19.082815170 -0.007724131 0.999601662 0.027146054 0.168772340 0.996124029 0.010070261 -0.087381192 4.132094383
-0.085939825 0.025701387 -0.995968819 -19.858448029 -0.008569589 0.999611199 0.026534831 0.185147196 0.996263444 0.010815442 -0.085686147 4.056987762
-0.084608048 0.027859028 -0.996024787 -20.638732910 -0.006198600 0.999575019 0.028484875 0.201754540 0.996395051 0.008584009 -0.084399395 3.989545107
-0.083751798 0.030308489 -0.996025681 -21.436864853 -0.003944874 0.999519467 0.030746514 0.210080445 0.996478796 0.006504272 -0.083591998 3.926546574
-0.081870928 0.031834021 -0.996134341 -22.229507446 -0.003350141 0.999475300 0.032216132 0.226620466 0.996637285 0.005974754 -0.081721313 3.844227314
-0.081283614 0.027162680 -0.996320844 -23.021814346 -0.003208728 0.999616265 0.027514303 0.234465718 0.996685863 0.005433385 -0.081165276 3.784628391
-0.080804914 0.020319816 -0.996522844 -23.829870224 -0.002034185 0.999786735 0.020551318 0.243133560 0.996727884 0.003687759 -0.080746345 3.714412212
-0.081285693 0.015809951 -0.996565461 -24.650371552 0.001543527 0.999875009 0.015736561 0.253216624 0.996689737 -0.000259070 -0.081299938 3.653048515
-0.081885077 0.016329143 -0.996508062 -25.485582352 0.002534548 0.999865949 0.016175902 0.265139103 0.996638656 -0.001201133 -0.081915475 3.583515167
-0.082006969 0.023680761 -0.996350408 -26.333003998 0.001559713 0.999719441 0.023632465 0.271213174 0.996630609 0.000384006 -0.082020916 3.506714821
-0.082126968 0.031081937 -0.996137083 -27.158252716 0.000093748 0.999513805 0.031179573 0.275568962 0.996621788 0.002467298 -0.082089968 3.434781551
-0.082697272 0.036536206 -0.995904803 -28.003252029 -0.001700288 0.999321103 0.036802724 0.286971748 0.996573150 0.004736810 -0.082579032 3.360695362
-0.082902126 0.037237406 -0.995861709 -28.840339661 -0.003625037 0.999283731 0.037667133 0.293043673 0.996551096 0.006732721 -0.082707770 3.281094074
-0.083165675 0.033282544 -0.995979726 -29.676963806 -0.003623310 0.999425352 0.033700235 0.313288748 0.996529102 0.006411446 -0.082997292 3.205899715
-0.083381951 0.030474082 -0.996051788 -30.509010315 -0.003612722 0.999516547 0.030882524 0.329481781 0.996511161 0.006173503 -0.083231576 3.126959562
-0.083283156 0.031638388 -0.996023595 -31.349086761 -0.005417915 0.999466836 0.032200783 0.342517555 0.996511161 0.008078155 -0.083067335 3.046787262
-0.083484501 0.034158137 -0.995923579 -32.183635712 -0.005949919 0.999377489 0.034775365 0.352937996 0.996491373 0.008828869 -0.083229303 2.978650808
-0.083192758 0.032735784 -0.995995522 -33.003082275 -0.007606949 0.999410331 0.033483401 0.357305944 0.996504366 0.010362066 -0.082894683 2.903210640
-0.082668945 0.027411122 -0.996199906 -33.842308044 -0.008176222 0.999569356 0.028182335 0.371945024 0.996543467 0.010474958 -0.082409218 2.821517467
-0.082787097 0.023241945 -0.996296108 -34.666465759 -0.009558693 0.999663472 0.024114784 0.384857565 0.996521413 0.011519684 -0.082537077 2.751829624
-0.082130827 0.024405584 -0.996322811 -35.488021851 -0.009021356 0.999641001 0.025230534 0.385900378 0.996580660 0.011060387 -0.081881188 2.683578253
-0.081568733 0.026712313 -0.996309757 -36.322189331 -0.007900237 0.999592125 0.027447119 0.393673778 0.996636391 0.010109910 -0.081324428 2.612267733
-0.080922455 0.031802952 -0.996212900 -37.168270111 -0.007281281 0.999445319 0.032497600 0.405077100 0.996693790 0.009883490 -0.080645993 2.533210278
-0.080305360 0.037116241 -0.996079028 -38.013488770 -0.006840331 0.999262393 0.037786342 0.422991157 0.996746778 0.009847956 -0.079992250 2.456520319
-0.080309123 0.040313024 -0.995954394 -38.846096039 -0.007262926 0.999131620 0.041027270 0.439068675 0.996743560 0.010528408 -0.079946585 2.385531664
-0.080197655 0.040349200 -0.995961964 -39.675033569 -0.006325250 0.999139726 0.040987264 0.458924651 0.996758878 0.009586790 -0.079873420 2.320163012
-0.080026418 0.035795305 -0.996149838 -40.497718811 -0.007284044 0.999307334 0.036493942 0.476102054 0.996766150 0.010176478 -0.079710253 2.249018669
-0.079458959 0.031752385 -0.996332228 -41.326698303 -0.007950470 0.999440670 0.032485500 0.489529610 0.996806443 0.010502575 -0.079162061 2.168956757
-0.079023026 0.028868757 -0.996454716 -42.150505066 -0.012298602 0.999476254 0.029931631 0.501869023 0.996797025 0.014620286 -0.078626603 2.086043835
-0.079425529 0.027093077 -0.996472478 -42.975872040 -0.015374522 0.999478459 0.028400254 0.513562381 0.996722281 0.017575994 -0.078967556 2.006694794
-0.080505379 0.025370561 -0.996431410 -43.774890900 -0.013634832 0.999554396 0.026551694 0.513486743 0.996660888 0.015723726 -0.080123603 1.953988791
-0.081977896 0.021535426 -0.996401548 -44.602787018 -0.010081809 0.999697447 0.022436135 0.523253739 0.996583104 0.011884796 -0.081735976 1.893354893
-0.082171582 0.019914711 -0.996419311 -45.426010132 -0.005588959 0.999775350 0.020442696 0.534252524 0.996602535 0.007248756 -0.082041830 1.814258814
-0.084478930 0.023620781 -0.996145368 -46.250095367 -0.005471067 0.999692857 0.024168879 0.536763191 0.996410191 0.007491740 -0.084323764 1.744213581
-0.086355180 0.029953159 -0.995814145 -47.062374115 -0.002915350 0.999536037 0.030317929 0.540518165 0.996260166 0.005521257 -0.086227804 1.673787594
-0.087714724 0.033965293 -0.995566368 -47.854606628 -0.000877862 0.999415517 0.034173958 0.546604633 0.996145368 0.003871529 -0.087633647 1.601774693
-0.089093685 0.032958947 -0.995477796 -48.663719177 -0.000820427 0.999449551 0.033163883 0.557424307 0.996022999 0.003771408 -0.089017600 1.523130417
-0.090537995 0.029037386 -0.995469511 -49.461429596 -0.004198209 0.999554813 0.029538387 0.567461491 0.995884180 0.006853535 -0.090375781 1.445766926
-0.091394752 0.025451377 -0.995489359 -50.249694824 -0.009016273 0.999611318 0.026384525 0.572974622 0.995773971 0.011387012 -0.091129735 1.354760647
-0.093031287 0.024413642 -0.995363832 -51.036293030 -0.013281209 0.999579906 0.025758374 0.576910019 0.995574653 0.015615971 -0.092667975 1.273347855
-0.093789525 0.025222119 -0.995272458 -51.825656891 -0.015104687 0.999527931 0.026753353 0.585835755 0.995477438 0.017542463 -0.093364269 1.192783356
-0.094868459 0.026898870 -0.995126307 -52.612922668 -0.015032766 0.999482214 0.028449735 0.592075825 0.995376289 0.017658485 -0.094414972 1.113849640
-0.095780171 0.026304893 -0.995054901 -53.394424438 -0.016730245 0.999467075 0.028031919 0.598716795 0.995261908 0.019332416 -0.095289052 1.032227039
-0.096380748 0.026064338 -0.995003223 -54.172252655 -0.017454220 0.999459207 0.027871754 0.606301725 0.995191514 0.020053310 -0.095873691 0.950220585
-0.096889324 0.028023500 -0.994900584 -54.945358276 -0.015738737 0.999435484 0.029683964 0.614387870 0.995170653 0.018534539 -0.096393578 0.873435497
-0.096999988 0.030687176 -0.994811237 -55.716922760 -0.015373177 0.999359250 0.032326445 0.626078963 0.995165646 0.018429073 -0.096466072 0.795292377
-0.097281851 0.035146676 -0.994636118 -56.498477936 -0.014906728 0.999212623 0.036766373 0.634800196 0.995145202 0.018403472 -0.096681356 0.713677883
-0.097726442 0.037192810 -0.994518161 -57.258369446 -0.015099093 0.999130905 0.038849041 0.648262501 0.995098770 0.018812900 -0.097079948 0.635689735
-0.098605275 0.037170745 -0.994432151 -58.013095856 -0.014676525 0.999139071 0.038801983 0.659492135 0.995018363 0.018420888 -0.097974844 0.560210705
-0.098858058 0.035474703 -0.994468987 -58.752815247 -0.014103373 0.999214053 0.037045952 0.667370439 0.995001674 0.017687658 -0.098280035 0.484461784
-0.098859884 0.031525224 -0.994601905 -59.482292175 -0.013378347 0.999365628 0.033005975 0.685189009 0.995011508 0.016569100 -0.098375395 0.405722141
-0.098659046 0.028726339 -0.994706571 -60.213729858 -0.014186228 0.999441087 0.030270115 0.691997647 0.995020211 0.017097555 -0.098196365 0.326113224
-0.097573221 0.026415480 -0.994877815 -60.921913147 -0.014643327 0.999501407 0.027974401 0.701641321 0.995120645 0.017297871 -0.097137757 0.254148006
-0.095001727 0.025563614 -0.995148838 -61.618652344 -0.017398324 0.999474943 0.027335670 0.706943870 0.995325148 0.019910859 -0.094507083 0.176586628
-0.090710007 0.026458291 -0.995525837 -62.307788849 -0.017450845 0.999451339 0.028152701 0.711884975 0.995724499 0.019926500 -0.090198517 0.108519077
-0.085209489 0.028354989 -0.995959520 -62.960063934 -0.017178053 0.999404550 0.029922744 0.711605668 0.996215045 0.019658348 -0.084671669 0.058131695
-0.078005567 0.029808855 -0.996507168 -63.605838776 -0.015894448 0.999388695 0.031139247 0.719042182 0.996826231 0.018267967 -0.077484071 0.011878014
-0.069100693 0.030988311 -0.997128308 -64.245063782 -0.017112343 0.999333620 0.032242727 0.724792600 0.997462928 0.019291196 -0.068524353 -0.034142494
-0.057139792 0.032819018 -0.997826636 -64.869102478 -0.019101676 0.999240756 0.033959370 0.731844783 0.998183429 0.021000592 -0.056469493 -0.075393915
-0.042334456 0.034199815 -0.998517990 -65.471969604 -0.022284079 0.999133050 0.035165668 0.740013123 0.998854935 0.023739776 -0.041535635 -0.101178885
-0.024171583 0.035407983 -0.999080598 -66.071983337 -0.023563718 0.999074757 0.035977874 0.748826623 0.999430060 0.024411693 -0.023314882 -0.108649611
-0.001914438 0.036692906 -0.999324679 -66.608276367 -0.024753310 0.999018550 0.036729086 0.750546455 0.999691844 0.024806900 -0.001004287 -0.101552039
0.023867944 0.037060678 -0.999027967 -67.154220581 -0.024148040 0.999042332 0.036484290 0.757101178 0.999423504 0.023253759 0.024740031 -0.076769948
0.053105608 0.036471661 -0.997922599 -67.676856995 -0.022894904 0.999114633 0.035296839 0.766454101 0.998326302 0.020972883 0.053893603 -0.029218197
0.087249950 0.036218334 -0.995527804 -68.182212830 -0.021363320 0.999176979 0.034478780 0.774965763 0.995957375 0.018259509 0.087951884 0.038668633
0.124504820 0.036215872 -0.991557896 -68.652717590 -0.021017138 0.999205768 0.033856191 0.782985330 0.991996348 0.016624453 0.125167072 0.129368782
0.165984973 0.036085278 -0.985467732 -69.115173340 -0.021380354 0.999226987 0.032987952 0.789706826 0.985896409 0.015594142 0.166628182 0.220893860
0.211232379 0.037686657 -0.976708949 -69.499954224 -0.019944973 0.999214530 0.034241546 0.778856874 0.977232456 0.012247511 0.211818069 0.319527626
0.260086685 0.036293004 -0.964902878 -69.939308167 -0.016558072 0.999314010 0.033124138 0.781807423 0.965443313 0.007361783 0.260509193 0.463895798
0.310045719 0.031476144 -0.950200438 -70.349670410 -0.009140740 0.999504209 0.030126791 0.779949903 0.950677752 -0.000655150 0.310179740 0.646148682
0.361129344 0.026037540 -0.932152092 -70.747940063 -0.003843026 0.999643147 0.026433898 0.784597337 0.932507753 -0.005963774 0.361100614 0.844747543
0.413011670 0.021653766 -0.910468161 -71.122436523 0.001303977 0.999702215 0.024367541 0.783860385 0.910724699 -0.011251311 0.412860453 1.064353943
0.463901132 0.020765116 -0.885643601 -71.508140564 0.001335171 0.999707699 0.024138864 0.794077635 0.885885954 -0.012380536 0.463737905 1.304714203
0.512445986 0.020002771 -0.858486474 -71.854827881 0.001525790 0.999705911 0.024203964 0.801238239 0.858718097 -0.013713094 0.512264729 1.541580200
0.558097661 0.015206013 -0.829635859 -72.209060669 0.009410454 0.999651790 0.024652587 0.811959743 0.829721808 -0.021565804 0.557760239 1.822536469
0.601563692 0.008503648 -0.798779607 -72.525360107 0.019961536 0.999471128 0.025673274 0.814538181 0.798575401 -0.031388976 0.601075768 2.131282806
0.643798590 0.002881533 -0.765189469 -72.836082458 0.021755699 0.999519765 0.022068307 0.823047221 0.764885664 -0.030854775 0.643426716 2.446479797
0.684796035 -0.001616707 -0.728732884 -73.128036499 0.019285321 0.999687493 0.015904743 0.819831550 0.728479385 -0.024945352 0.684613347 2.768257141
0.725837827 -0.006787080 -0.687832475 -73.393524170 0.014192368 0.999886215 0.005110329 0.813106298 0.687719345 -0.013471241 0.725851476 3.079853058
0.765077591 -0.009464009 -0.643868506 -73.666259766 0.009521926 0.999948919 -0.003383473 0.817290604 0.643867493 -0.003542250 0.765128732 3.448043823
0.802198946 -0.010272228 -0.596968472 -73.926086426 0.007952549 0.999947071 -0.006519875 0.819001079 0.597003877 0.000482818 0.802238226 3.841739655
0.836149871 -0.011932509 -0.548371255 -74.177833557 0.008831748 0.999926567 -0.008291770 0.816591740 0.548429906 0.002090086 0.836193860 4.277683258
0.866827011 -0.010117632 -0.498506337 -74.417709351 0.005671919 0.999929488 -0.010431855 0.807262063 0.498576760 0.006215127 0.866823256 4.730297089
0.892738700 -0.008690539 -0.450490981 -74.626976013 0.005134184 0.999945223 -0.009115783 0.796361446 0.450545549 0.005825108 0.892734408 5.207014084
0.913717031 -0.002741726 -0.406341881 -74.817871094 -0.000586569 0.999967337 -0.008066099 0.785185575 0.406350791 0.007608479 0.913685501 5.704311371
0.931157231 0.001719375 -0.364613861 -75.003677368 -0.005642986 0.999936998 -0.009695846 0.778078496 0.364574313 0.011085869 0.931108236 6.220033646
0.944626510 0.007090420 -0.328070819 -75.189720154 -0.010368213 0.999912262 -0.008243009 0.768362522 0.327983618 0.011188073 0.944617152 6.753154755
0.954545021 0.007672030 -0.297967792 -75.345741272 -0.010035060 0.999929190 -0.006401467 0.757335663 0.297897637 0.009100615 0.954554379 7.319963455
0.961792707 0.006888355 -0.273691863 -75.498229980 -0.008580281 0.999950767 -0.004985302 0.748633504 0.273644120 0.007143182 0.961804450 7.903102875
0.967616200 0.007214285 -0.252322614 -75.651565552 -0.008200356 0.999962270 -0.002856599 0.737472773 0.252292514 0.004833225 0.967638969 8.514844894
0.972156644 0.010135670 -0.234112486 -75.796020508 -0.010533988 0.999944448 -0.000450982 0.735368013 0.234094918 0.002904563 0.972209394 9.126602173
0.975712061 0.014789196 -0.218557075 -75.941970825 -0.014958018 0.999887764 0.000882225 0.732137799 0.218545571 0.002408383 0.975823760 9.761459351
0.978488564 0.018398160 -0.205478922 -76.075149536 -0.018269537 0.999829948 0.002523397 0.723174632 0.205490440 0.001284889 0.978658199 10.408407211
0.981198847 0.016932044 -0.192255557 -76.201576233 -0.016811153 0.999856114 0.002260144 0.715771079 0.192266181 0.001014388 0.981342256 11.071165085
0.983802140 0.017615030 -0.178390324 -76.323333740 -0.017590070 0.999843836 0.001721684 0.707558632 0.178392813 0.001444102 0.983958244 11.750802040
0.986313045 0.017816937 -0.163918018 -76.440483093 -0.017725492 0.999840796 0.002020651 0.709354222 0.163927943 0.000912532 0.986471891 12.453901291
0.988508165 0.019074313 -0.149960101 -76.544456482 -0.018978251 0.999817729 0.002071796 0.709905505 0.149972275 0.000797994 0.988689899 13.165268898
0.990377724 0.019525079 -0.137006819 -76.645973206 -0.019782640 0.999804199 -0.000518414 0.695789874 0.136969864 0.003223782 0.990570009 13.883444786
0.991850793 0.019460253 -0.125910550 -76.740661621 -0.020283310 0.999780536 -0.005257980 0.679789782 0.125780612 0.007769013 0.992027581 14.621992111
0.993040800 0.019341629 -0.116171584 -76.827568054 -0.020835029 0.999715030 -0.011654475 0.664104939 0.115913048 0.013993807 0.993160784 15.355986595
0.993943214 0.018175516 -0.108381182 -76.918769836 -0.019563191 0.999739468 -0.011754044 0.651322842 0.108139321 0.013803132 0.994039893 16.134716034
0.994669199 0.019985424 -0.101163253 -77.005897522 -0.020652527 0.999771297 -0.005551148 0.637535870 0.101029202 0.007610833 0.994854391 16.902051926
0.995081365 0.024603531 -0.095956653 -77.089347839 -0.024469191 0.999697208 0.002576664 0.621095777 0.095991008 -0.000216009 0.995382130 17.667318344
0.995410979 0.025041949 -0.092357337 -77.151443481 -0.024558870 0.999678075 0.006363538 0.608001351 0.092486978 -0.004066145 0.995705605 18.428918839
0.995815456 0.024211580 -0.088121668 -77.240814209 -0.023828434 0.999701560 0.005397460 0.597849131 0.088226065 -0.003275072 0.996095061 19.199653625
0.996085107 0.023556028 -0.085204326 -77.306968689 -0.023323957 0.999721050 0.003718290 0.595977783 0.085268170 -0.001716432 0.996356547 19.972438812
0.996338427 0.023192504 -0.082291313 -77.383674622 -0.022731330 0.999720216 0.006536783 0.574324310 0.082419910 -0.004642256 0.996586859 20.759819031
0.996611774 0.020979965 -0.079527617 -77.445564270 -0.020328429 0.999752939 0.008993478 0.566474199 0.079696648 -0.007346336 0.996792078 21.530597687
0.996896565 0.019035505 -0.076386765 -77.504043579 -0.018235402 0.999771476 0.011158317 0.552181125 0.076581709 -0.009730745 0.997015834 22.292417526
0.997093916 0.018208094 -0.073973715 -77.556976318 -0.017716875 0.999816537 0.007291262 0.547672987 0.074092887 -0.005959491 0.997233510 23.052730560
0.997139931 0.020977084 -0.072607405 -77.618782043 -0.021018088 0.999779105 0.000199313 0.533432424 0.072595537 0.001327325 0.997360528 23.807912827
0.997233450 0.021802997 -0.071064666 -77.674713135 -0.022386994 0.999721885 -0.007431649 0.523298144 0.070882872 0.009002014 0.997443974 24.544506073
0.997308314 0.022740217 -0.069707237 -77.734062195 -0.023598932 0.999655068 -0.011520118 0.508776486 0.069421232 0.013134127 0.997500956 25.304031372
0.997424126 0.024675861 -0.067353070 -77.795303345 -0.025424739 0.999623775 -0.010284106 0.492101312 0.067073971 0.011970049 0.997676134 26.068119049
0.997496605 0.028194712 -0.064850889 -77.854011536 -0.028643586 0.999571681 -0.006002107 0.469839007 0.064653896 0.007844643 0.997876883 26.816658020
0.997561753 0.031135345 -0.062458917 -77.914619446 -0.031260028 0.999510825 -0.001019758 0.457158387 0.062396605 0.002969739 0.998047113 27.589679718
0.997810483 0.028902888 -0.059488434 -77.967735291 -0.028920934 0.999581516 0.000557838 0.445895821 0.059479665 0.001163845 0.998228788 28.350084305
0.997951329 0.026232129 -0.058352195 -78.014114380 -0.026235810 0.999655545 0.000703207 0.429739863 0.058350541 0.000829150 0.998295844 29.113142014
0.998082221 0.024001595 -0.057059664 -78.059661865 -0.023993425 0.999711812 0.000828311 0.414011508 0.057063106 0.000542335 0.998370409 29.866636276
0.998108804 0.024039008 -0.056577962 -78.099899292 -0.024137158 0.999708116 -0.001052048 0.402237207 0.056536160 0.002415690 0.998397589 30.608648300
0.998200953 0.021920156 -0.055807769 -78.142227173 -0.022081954 0.999753654 -0.002284147 0.390599966 0.055743944 0.003512382 0.998438895 31.365108490
0.998258114 0.020481152 -0.055329528 -78.183158875 -0.020634415 0.999784648 -0.002200077 0.378131121 0.055272549 0.003337937 0.998465776 32.122871399
0.998228312 0.024920234 -0.054031596 -78.242935181 -0.025029851 0.999685824 -0.001352882 0.366037279 0.053980917 0.002702888 0.998538196 32.903671265
0.998243570 0.024381628 -0.053994324 -78.287437439 -0.024528507 0.999696970 -0.002059150 0.352961361 0.053927757 0.003379932 0.998539209 33.675819397
0.998153389 0.023753643 -0.055908952 -78.329299927 -0.023909049 0.999711931 -0.002112295 0.338969350 0.055842675 0.003445124 0.998433590 34.449939728
0.998104155 0.021790791 -0.057561181 -78.382369995 -0.021912862 0.999758840 -0.001490203 0.326053143 0.057514831 0.002748708 0.998340845 35.237659454
0.997888029 0.023127090 -0.060701933 -78.442779541 -0.023275379 0.999727666 -0.001736785 0.315415919 0.060645238 0.003145977 0.998154402 36.041538239
0.997601926 0.027563369 -0.063487597 -78.499328613 -0.027720908 0.999614418 -0.001601760 0.294848621 0.063418962 0.003357852 0.997981369 36.817035675
0.997427464 0.027928067 -0.066020176 -78.563499451 -0.028421685 0.999574482 -0.006549221 0.281477183 0.065809198 0.008408777 0.997796893 37.613182068
0.997253358 0.028356910 -0.068423331 -78.631561279 -0.029108137 0.999526143 -0.010007024 0.269454598 0.068107143 0.011971213 0.997606277 38.406883240
0.997134387 0.028238485 -0.070183121 -78.698867798 -0.029110273 0.999510825 -0.011429832 0.253317237 0.069826044 0.013440128 0.997468591 39.198871613
0.996976972 0.028896717 -0.072126128 -78.767951965 -0.029702378 0.999507546 -0.010122434 0.235918999 0.071798116 0.012234151 0.997344196 40.027244568
0.996834874 0.027305933 -0.074663453 -78.827224731 -0.028088534 0.999560833 -0.009451679 0.217786342 0.074372582 0.011518952 0.997164011 40.852802277
0.996731222 0.026861815 -0.076192975 -78.894561768 -0.027514681 0.999593019 -0.007531637 0.199048549 0.075959668 0.009603444 0.997064769 41.677131653
0.996670663 0.026304685 -0.077173091 -78.967117310 -0.026653171 0.999638617 -0.003488943 0.182656482 0.077053428 0.005534234 0.997011662 42.500984192
0.996589959 0.026329497 -0.078199781 -79.038604736 -0.026361300 0.999652326 0.000625746 0.174210131 0.078189068 0.001437837 0.996937454 43.382106781
0.996647239 0.026080007 -0.077550642 -79.106956482 -0.025933759 0.999659538 0.002892512 0.159854501 0.077599674 -0.000871634 0.996984184 44.234794617
0.996699631 0.029292218 -0.075709350 -79.176933289 -0.029167961 0.999570727 0.002746705 0.148906633 0.075757325 -0.000529352 0.997126222 45.087558746
0.996867955 0.028880345 -0.073622316 -79.249420166 -0.028829828 0.999582827 0.001748957 0.139452070 0.073642090 0.000379040 0.997284651 45.956050873
0.997044384 0.026569325 -0.072087221 -79.311553955 -0.026678123 0.999643862 -0.000546598 0.126815274 0.072047025 0.002468134 0.997398138 46.815826416
0.997244656 0.022485351 -0.070692077 -79.367156982 -0.022702364 0.999739766 -0.002267825 0.113240026 0.070622683 0.003866454 0.997495592 47.687057495
0.997441173 0.021238288 -0.068264782 -79.441368103 -0.021450033 0.999767125 -0.002370326 0.100230962 0.068198532 0.003828543 0.997664392 48.565048218
0.997539878 0.018856620 -0.067517802 -79.499839783 -0.018878585 0.999821842 0.000312744 0.083981737 0.067511663 0.000962667 0.997717977 49.441055298
0.997675359 0.016384337 -0.066147573 -79.564849854 -0.016256025 0.999864817 0.002477575 0.074713647 0.066179223 -0.001396519 0.997806787 50.317440033
0.997709811 0.015905147 -0.065743722 -79.619018555 -0.015737517 0.999871492 0.003066887 0.055189922 0.065784052 -0.002025220 0.997831762 51.193725586
0.997759521 0.018035207 -0.064425938 -79.681266785 -0.018102424 0.999835968 -0.000459697 0.041654538 0.064407080 0.001624932 0.997922421 52.077934265
0.997768760 0.020345455 -0.063588783 -79.747512817 -0.020755189 0.999767780 -0.005789546 0.018670708 0.063456222 0.007096425 0.997959495 52.936054230
0.997791111 0.022445740 -0.062524654 -79.807792664 -0.023211174 0.999664009 -0.011542709 0.003120422 0.062244561 0.012968482 0.997976720 53.794555664
0.997717738 0.027252853 -0.061780076 -79.872856140 -0.028372601 0.999447405 -0.017320380 -0.021000862 0.061273888 0.019033710 0.997939527 54.642642975
0.997814238 0.026975963 -0.060324889 -79.936302185 -0.028112890 0.999441266 -0.018078022 -0.048717380 0.059803508 0.019734416 0.998015106 55.492179871
0.997870505 0.024083171 -0.060617719 -79.984420776 -0.024872087 0.999615014 -0.012293776 -0.068632066 0.060298312 0.013775285 0.998085439 56.352180481
0.997851729 0.023651581 -0.061094865 -80.053276062 -0.023902398 0.999708593 -0.003377561 -0.095193535 0.060997196 0.004830618 0.998126209 57.202499390
0.997802734 0.022120623 -0.062452219 -80.106643677 -0.021858916 0.999749243 0.004870816 -0.118788153 0.062544294 -0.003494977 0.998036087 58.058032990
0.997707784 0.020365367 -0.064532474 -80.167091370 -0.020242428 0.999791801 0.002558421 -0.131873563 0.064571142 -0.001246263 0.997912288 58.895782471
0.997669816 0.015295609 -0.066490605 -80.228172302 -0.015391067 0.999881089 -0.000923544 -0.145855606 0.066468574 0.001944753 0.997786641 59.737670898
0.997539401 0.014265132 -0.068642706 -80.292823792 -0.014458516 0.999892712 -0.002321156 -0.168764457 0.068602219 0.003307915 0.997638643 60.569618225
0.997300267 0.015622674 -0.071750775 -80.356933594 -0.015991189 0.999861717 -0.004564506 -0.184738666 0.071669534 0.005699562 0.997412145 61.382251740
0.997035980 0.017135950 -0.075003721 -80.426437378 -0.017786145 0.999809682 -0.008009448 -0.202762306 0.074852198 0.009319734 0.997151077 62.202262878
0.996715367 0.017968755 -0.078965440 -80.498321533 -0.018905217 0.999759376 -0.011127550 -0.225724518 0.078746468 0.012583859 0.996815264 63.015384674
0.996450126 0.019986106 -0.081780016 -80.578201294 -0.021292498 0.999658763 -0.015133597 -0.248775065 0.081449643 0.016821174 0.996535540 63.828159332
0.996075213 0.025227597 -0.084841050 -80.666519165 -0.026596887 0.999532938 -0.015047872 -0.275648355 0.084421813 0.017245311 0.996280909 64.627655029
0.995667398 0.028882328 -0.088387951 -80.748344421 -0.030165808 0.999457479 -0.013219499 -0.296772122 0.087958194 0.015828514 0.995998442 65.432907104
0.995241821 0.031685855 -0.092139103 -80.834846497 -0.032492943 0.999445498 -0.007272220 -0.318883181 0.091857582 0.010231488 0.995719671 66.231781006
0.994834065 0.032151308 -0.096287586 -80.916435242 -0.032450657 0.999472141 -0.001544228 -0.340632081 0.096187115 0.004660847 0.995352328 67.047126770
0.994344294 0.031861559 -0.101313159 -81.003211975 -0.031791970 0.999491870 0.002301770 -0.357253611 0.101335011 0.000932194 0.994852006 67.843765259
0.993710399 0.031139839 -0.107563600 -81.097854614 -0.030967698 0.999514997 0.003270738 -0.369866073 0.107613273 0.000080830 0.994192839 68.635078430
0.993132234 0.028370442 -0.113505550 -81.185577393 -0.027731935 0.999589443 0.007200664 -0.381622791 0.113663204 -0.004003482 0.993511379 69.423385620
0.992351353 0.029080333 -0.119970895 -81.286972046 -0.028464878 0.999571383 0.006840867 -0.392322242 0.120118387 -0.003373588 0.992753863 70.201606750
0.991509020 0.033798475 -0.125569224 -81.408546448 -0.033288151 0.999426842 0.006160822 -0.403833598 0.125705466 -0.001928544 0.992065728 70.974876404
0.990628541 0.035398912 -0.131916434 -81.515541077 -0.035393547 0.999370575 0.002386104 -0.411948293 0.131917894 0.002305248 0.991257966 71.746932983
0.989831567 0.034482285 -0.138002008 -81.626571655 -0.034857530 0.999392211 -0.000302579 -0.423045635 0.137907699 0.005109911 0.990431964 72.514282227
0.989051461 0.035991319 -0.143114552 -81.748229980 -0.036600314 0.999328613 -0.001624181 -0.434071124 0.142960027 0.006844436 0.989704907 73.279579163
0.988288581 0.037888918 -0.147817358 -81.867233276 -0.037796523 0.999279499 0.003434920 -0.442933679 0.147841036 0.002192290 0.989008665 74.051727295
0.987327516 0.038761701 -0.153888881 -81.995803833 -0.038077820 0.999247491 0.007390023 -0.451205969 0.154059514 -0.001436618 0.988060474 74.813179016
0.986338258 0.037418474 -0.160426274 -82.121543884 -0.036249664 0.999290586 0.010207170 -0.469359934 0.160694420 -0.004252322 0.986995041 75.571449280
0.985180318 0.035050400 -0.167901814 -82.250427246 -0.034540683 0.999385476 0.005956200 -0.471997201 0.168007433 -0.000068487 0.985785663 76.315002441
0.983840525 0.033304669 -0.175921813 -82.390510559 -0.033982910 0.999422014 -0.000843242 -0.482056379 0.175792053 0.006807951 0.984403670 77.043243408
0.982270300 0.030716596 -0.184936464 -82.539871216 -0.031684108 0.999495327 -0.002277906 -0.494760692 0.184773162 0.008097067 0.982747793 77.787307739
0.980180025 0.030243406 -0.195786327 -82.689926147 -0.030728212 0.999527633 0.000561525 -0.506615460 0.195710823 0.005465768 0.980646372 78.523391724
0.977866769 0.030276624 -0.207026437 -82.854553223 -0.029550660 0.999541461 0.006598830 -0.512045205 0.207131311 -0.000335008 0.978313029 79.258300781
0.975381792 0.031508774 -0.218260139 -83.029174805 -0.029034263 0.999472678 0.014536166 -0.522157431 0.218603060 -0.007841288 0.975782335 79.976242065
0.972837687 0.032046176 -0.229259282 -83.213432312 -0.028705994 0.999427855 0.017890496 -0.527825832 0.229701430 -0.010823435 0.973200917 80.701881409
0.969920158 0.035460819 -0.240826935 -83.406921387 -0.033021227 0.999354243 0.014159408 -0.540743709 0.241173550 -0.005781093 0.970464706 81.418510437
0.966836035 0.035149179 -0.252967834 -83.605377197 -0.035018634 0.999374032 0.005020026 -0.545929492 0.252985895 0.004005047 0.967461586 82.118072510
0.963694751 0.032850977 -0.264977932 -83.817161560 -0.034060217 0.999419808 0.000031179 -0.545823872 0.264825195 0.008995159 0.964254379 82.827201843
0.960271716 0.031313084 -0.277304292 -84.020797729 -0.031130683 0.999502540 0.005061548 -0.549105346 0.277324826 0.003772210 0.960768819 83.551780701
0.956884563 0.032491550 -0.288645655 -84.246803284 -0.030235818 0.999467432 0.012271317 -0.553070068 0.288890719 -0.003014795 0.957357347 84.275253296
0.953242183 0.032431096 -0.300462365 -84.482757568 -0.028434074 0.999439597 0.017667316 -0.556478143 0.300866961 -0.008297860 0.953630030 84.985336304
0.949229479 0.030149730 -0.313136190 -84.726013184 -0.026452469 0.999521196 0.016049966 -0.559987307 0.313470215 -0.006951876 0.949572563 85.697998047
0.945638478 0.028604239 -0.323959500 -84.983795166 -0.026147800 0.999586880 0.011933765 -0.565674424 0.324166983 -0.002814198 0.945995748 86.392532349
0.942426324 0.024223469 -0.333535373 -85.225418091 -0.023949277 0.999700963 0.004934404 -0.570933044 0.333555043 0.003337619 0.942724705 87.082763672
0.939629555 0.020215707 -0.341595739 -85.482238770 -0.021851659 0.999760807 -0.000941440 -0.576138198 0.341494918 0.008349036 0.939846575 87.786285400
0.937071383 0.019593921 -0.348587871 -85.754608154 -0.022066448 0.999751627 -0.003123401 -0.581829131 0.348440111 0.010618945 0.937270820 88.489578247
0.933886886 0.025304765 -0.356672108 -86.039489746 -0.028196707 0.999598205 -0.002910053 -0.598009050 0.356455088 0.012774640 0.934225142 89.199989319
0.930922866 0.025590196 -0.364318341 -86.313949585 -0.027615434 0.999618590 -0.000349707 -0.612568736 0.364170492 0.010386360 0.931274414 89.884216309
0.927811682 0.025961043 -0.372144729 -86.601440430 -0.025428262 0.999656558 0.006340256 -0.615609825 0.372181535 0.003580429 0.928153157 90.591445923
0.925035536 0.027869523 -0.378857076 -86.891334534 -0.024080141 0.999601483 0.014737564 -0.622088075 0.379116833 -0.004509838 0.925337851 91.299858093
0.922452033 0.038352244 -0.384202361 -87.215019226 -0.032551348 0.999236882 0.021592576 -0.630959272 0.384737223 -0.007411815 0.922996402 92.000793457
0.919776201 0.044570480 -0.389903992 -87.529350281 -0.040646989 0.999005735 0.018312255 -0.624785423 0.390332639 -0.000994755 0.920673311 92.691749573
0.917467356 0.041128900 -0.395679295 -87.834472656 -0.040073439 0.999136746 0.010936446 -0.624886632 0.395787716 0.005822402 0.918323576 93.379196167
0.915554047 0.033476740 -0.400799096 -88.134773254 -0.035010781 0.999380767 0.003497371 -0.628365517 0.400668055 0.010830259 0.916159272 94.068672180
0.913670659 0.033666693 -0.405058533 -88.443786621 -0.035661325 0.999360502 0.002622934 -0.628113449 0.404887855 0.012048433 0.914286971 94.766532898
0.911670327 0.040527597 -0.408918917 -88.792068481 -0.040785022 0.999135077 0.008094636 -0.638042986 0.408893347 0.009298132 0.912534833 95.463943481
0.909227550 0.043112837 -0.414060950 -89.116813660 -0.041726109 0.999052167 0.012397773 -0.645310402 0.414202988 0.006004760 0.910164714 96.170242310
0.907019138 0.039361771 -0.419245690 -89.441513062 -0.038451515 0.999203980 0.010624286 -0.654880047 0.419330180 0.006484202 0.907810688 96.868659973
0.904772818 0.037849020 -0.424209476 -89.775840759 -0.039715935 0.999201119 0.004443301 -0.663923323 0.424038738 0.012827695 0.905553222 97.554962158
0.902611732 0.035120480 -0.429020315 -90.113906860 -0.039875906 0.999202490 -0.002097790 -0.668999732 0.428604484 0.019001063 0.903292418 98.247360229
